7833.
7831.
7828.
7825.
7823.
7821.
7818.
7815.
7812.
7809.
7807.
7804.
7802.
7800.
7796.
7793.
7791.
7787.
7783.
7781.
7779.
7776.
7772.
7769.
7766.
7762.
7760.
7757.
7752.
7748.
7746.
7743.
7740.
7737.
7733.
7729.
7727.
7724.
7722.
7720.
7721.
7726.
7733.
7741.
7751.
7761.
7771.
7782.
7789.
7795.
7802.
7806.
7810.
7811.
7810.
7811.
7809.
7809.
7809.
7808.
7808.
7807.
7807.
7806.
7805.
7806.
7807.
7806.
7807.
7807.
7807.
7807.
7808.
7807.
7808.
7808.
7809.
7809.
7810.
7810.
7811.
7810.
7811.
7810.
7811.
7812.
7813.
7813.
7814.
7815.
7816.
7816.
7817.
7817.
7818.
7819.
7821.
7821.
7823.
7824.
7826.
7826.
7827.
7829.
7831.
7832.
7834.
7835.
7836.
7839.
7841.
7842.
7844.
7846.
7849.
7850.
7852.
7854.
7857.
7859.
7860.
7864.
7866.
7868.
7870.
7872.
7875.
7877.
7880.
7883.
7886.
7887.
7889.
7888.
7886.
7884.
7880.
7876.
7873.
7872.
7872.
7874.
7874.
7877.
7879.
7881.
7881.
7881.
7883.
7884.
7884.
7885.
7885.
7885.
7885.
7886.
7887.
7886.
7885.
7885.
7886.
7885.
7885.
7884.
7884.
7882.
7882.
7880.
7880.
7879.
7878.
7876.
7874.
7873.
7871.
7869.
7868.
7866.
7863.
7862.
7861.
7858.
7856.
7854.
7852.
7850.
7848.
7846.
7843.
7840.
7839.
7835.
7832.
7831.
7828.
7824.
7822.
7819.
7817.
7814.
7811.
7808.
7806.
7803.
7800.
7797.
7793.
7790.
7788.
7785.
7782.
7780.
7777.
7773.
7771.
7768.
7766.
7766.
7770.
7772.
7780.
7789.
7801.
7814.
7826.
7837.
7848.
7854.
7861.
7866.
7869.
7870.
7870.
7870.
7868.
7868.
7868.
7867.
7866.
7866.
7865.
7865.
7864.
7866.
7866.
7865.
7866.
7866.
7865.
7866.
7865.
7865.
7865.
7865.
7865.
7866.
7866.
7865.
7866.
7866.
7866.
7866.
7867.
7867.
7867.
7867.
7867.
7868.
7867.
7867.
7868.
7867.
7867.
7867.
7868.
7867.
7867.
7868.
7868.
7867.
7867.
7867.
7867.
7868.
7866.
7867.
7868.
7867.
7866.
7867.
7867.
7867.
7865.
7866.
7866.
7867.
7866.
7866.
7866.
7865.
7865.
7865.
7865.
7865.
7864.
7864.
7864.
7863.
7863.
7861.
7864.
7862.
7862.
7862.
7861.
7861.
7860.
7859.
7859.
7859.
7858.
7857.
7856.
7855.
7854.
7854.
7853.
7852.
7851.
7851.
7850.
7847.
7847.
7846.
7845.
7844.
7843.
7841.
7840.
7839.
7839.
7837.
7835.
7832.
7832.
7831.
7829.
7827.
7824.
7823.
7823.
7821.
7820.
7817.
7816.
7814.
7811.
7808.
7806.
7803.
7802.
7799.
7795.
7794.
7792.
7790.
7788.
7785.
7783.
7779.
7777.
7774.
7771.
7768.
7764.
7763.
7760.
7756.
7753.
7750.
7746.
7742.
7740.
7736.
7733.
7730.
7726.
7722.
7719.
7716.
7713.
7710.
7706.
7703.
7699.
7695.
7693.
7689.
7685.
7681.
7679.
7675.
7671.
7668.
7664.
7661.
7656.
7654.
7649.
7646.
7641.
7639.
7635.
7631.
7627.
7623.
7620.
7616.
7613.
7610.
7606.
7603.
7599.
7596.
7592.
7589.
7585.
7580.
7579.
7575.
7573.
7570.
7566.
7562.
7559.
7556.
7554.
7550.
7547.
7543.
7541.
7538.
7535.
7532.
7530.
7527.
7524.
7520.
7518.
7517.
7513.
7510.
7508.
7505.
7503.
7500.
7498.
7496.
7493.
7491.
7489.
7485.
7482.
7481.
7479.
7476.
7475.
7473.
7472.
7469.
7467.
7465.
7462.
7460.
7458.
7456.
7454.
7452.
7450.
7448.
7446.
7444.
7442.
7441.
7439.
7437.
7435.
7433.
7431.
7429.
7428.
7426.
7424.
7422.
7419.
7417.
7416.
7414.
7413.
7410.
7409.
7405.
7404.
7401.
7399.
7397.
7393.
7390.
7388.
7385.
7382.
7378.
7375.
7372.
7370.
7365.
7362.
7360.
7357.
7355.
7353.
7351.
7348.
7345.
7344.
7341.
7339.
7337.
7333.
7331.
7329.
7327.
7322.
7321.
7318.
7316.
7314.
7311.
7309.
7306.
7303.
7301.
7299.
7297.
7294.
7292.
7290.
7286.
7284.
7281.
7279.
7275.
7274.
7271.
7269.
7265.
7263.
7261.
7259.
7255.
7253.
7250.
7247.
7244.
7242.
7239.
7236.
7234.
7232.
7229.
7227.
7225.
7222.
7221.
7220.
7217.
7216.
7214.
7212.
7210.
7209.
7206.
7205.
7203.
7201.
7199.
7198.
7196.
7194.
7193.
7192.
7191.
7188.
7187.
7186.
7183.
7182.
7181.
7179.
7178.
7177.
7176.
7175.
7173.
7172.
7171.
7168.
7168.
7166.
7165.
7164.
7163.
7161.
7161.
7160.
7159.
7157.
7155.
7154.
7154.
7153.
7152.
7151.
7149.
7149.
7147.
7146.
7146.
7145.
7144.
7142.
7140.
7139.
7138.
7137.
7135.
7134.
7133.
7132.
7131.
7130.
7129.
7127.
7125.
7124.
7123.
7122.
7120.
7119.
7117.
7115.
7114.
7112.
7111.
7109.
7108.
7106.
7106.
7105.
7103.
7103.
7101.
7099.
7099.
7097.
7096.
7094.
7094.
7092.
7090.
7090.
7089.
7087.
7086.
7085.
7083.
7082.
7082.
7080.
7079.
7077.
7077.
7076.
7074.
7073.
7072.
7073.
7071.
7069.
7068.
7068.
7067.
7066.
7065.
7064.
7064.
7063.
7062.
7061.
7059.
7059.
7058.
7058.
7056.
7056.
7054.
7053.
7052.
7051.
7050.
7048.
7047.
7046.
7044.
7043.
7042.
7040.
7037.
7038.
7038.
7041.
7047.
7058.
7073.
7091.
7112.
7135.
7157.
7179.
7201.
7222.
7244.
7264.
7285.
7304.
7324.
7344.
7362.
7380.
7396.
7410.
7420.
7428.
7433.
7436.
7437.
7440.
7440.
7441.
7441.
7443.
7446.
7448.
7451.
7452.
7453.
7457.
7458.
7461.
7462.
7465.
7467.
7468.
7469.
7472.
7473.
7475.
7476.
7480.
7481.
7483.
7485.
7487.
7489.
7490.
7491.
7493.
7494.
7495.
7494.
7496.
7498.
7498.
7498.
7498.
7499.
7500.
7500.
7501.
7499.
7500.
7500.
7500.
7499.
7498.
7497.
7497.
7496.
7495.
7494.
7492.
7490.
7489.
7487.
7484.
7482.
7481.
7478.
7477.
7474.
7471.
7468.
7465.
7462.
7459.
7457.
7454.
7450.
7447.
7444.
7440.
7439.
7441.
7446.
7455.
7467.
7481.
7497.
7512.
7528.
7541.
7553.
7566.
7578.
7590.
7602.
7613.
7621.
7626.
7630.
7631.
7633.
7634.
7634.
7635.
7635.
7637.
7637.
7639.
7640.
7641.
7643.
7645.
7645.
7648.
7648.
7650.
7652.
7652.
7655.
7656.
7658.
7658.
7660.
7661.
7662.
7663.
7665.
7667.
7667.
7669.
7671.
7672.
7673.
7674.
7675.
7676.
7678.
7679.
7680.
7682.
7683.
7684.
7685.
7686.
7688.
7688.
7690.
7690.
7691.
7692.
7692.
7693.
7693.
7694.
7694.
7694.
7694.
7694.
7693.
7693.
7694.
7693.
7691.
7690.
7689.
7688.
7687.
7686.
7682.
7682.
7680.
7677.
7675.
7672.
7669.
7666.
7664.
7660.
7656.
7654.
7650.
7646.
7642.
7638.
7635.
7631.
7626.
7623.
7618.
7614.
7610.
7609.
7610.
7615.
7624.
7636.
7648.
7661.
7674.
7685.
7693.
7703.
7712.
7719.
7726.
7731.
7734.
7736.
7736.
7737.
7737.
7737.
7736.
7737.
7737.
7737.
7738.
7738.
7739.
7740.
7741.
7742.
7742.
7743.
7744.
7745.
7747.
7748.
7749.
7751.
7752.
7753.
7756.
7757.
7759.
7761.
7762.
7763.
7764.
7767.
7769.
7771.
7774.
7776.
7778.
7781.
7783.
7785.
7789.
7792.
7793.
7797.
7800.
7805.
7808.
7811.
7814.
7818.
7822.
7825.
7830.
7834.
7837.
7842.
7846.
7850.
7853.
7853.
7852.
7849.
7843.
7838.
7834.
7832.
7832.
7833.
7837.
7842.
7845.
7848.
7851.
7853.
7854.
7857.
7859.
7861.
7863.
7864.
7866.
7867.
7867.
7869.
7870.
7871.
7872.
7872.
7871.
7872.
7872.
7873.
7872.
7872.
7870.
7870.
7869.
7867.
7867.
7865.
7863.
7861.
7859.
7856.
7854.
7851.
7848.
7846.
7843.
7840.
7837.
7835.
7832.
7828.
7824.
7820.
7817.
7813.
7809.
7806.
7802.
7798.
7795.
7790.
7787.
7782.
7778.
7773.
7768.
7763.
7760.
7756.
7752.
7746.
7742.
7737.
7733.
7732.
7731.
7733.
7740.
7746.
7756.
7765.
7775.
7783.
7791.
7798.
7804.
7810.
7814.
7816.
7818.
7818.
7818.
7816.
7815.
7815.
7815.
7814.
7813.
7813.
7813.
7813.
7813.
7813.
7813.
7813.
7814.
7813.
7813.
7813.
7813.
7814.
7814.
7814.
7815.
7815.
7814.
7815.
7816.
7816.
7818.
7817.
7819.
7819.
7819.
7820.
7821.
7822.
7822.
7823.
7825.
7825.
7826.
7827.
7828.
7828.
7830.
7832.
7834.
7836.
7837.
7839.
7840.
7841.
7844.
7846.
7847.
7849.
7851.
7854.
7855.
7859.
7860.
7863.
7866.
7868.
7871.
7874.
7877.
7879.
7882.
7886.
7890.
7893.
7895.
7899.
7902.
7907.
7911.
7914.
7917.
7922.
7925.
7930.
7934.
7938.
7942.
7946.
7951.
7956.
7959.
7963.
7968.
7972.
7976.
7980.
7985.
7990.
7994.
7999.
8003.
8007.
8011.
8014.
8019.
8023.
8027.
8031.
8036.
8039.
8042.
8046.
8049.
8053.
8055.
8057.
8060.
8063.
8066.
8069.
8071.
8074.
8075.
8077.
8079.
8080.
8082.
8083.
8085.
8087.
8086.
8088.
8087.
8089.
8089.
8089.
8089.
8090.
8090.
8090.
8090.
8089.
8087.
8087.
8087.
8085.
8085.
8083.
8082.
8081.
8080.
8078.
8076.
8075.
8073.
8071.
8069.
8067.
8064.
8061.
8058.
8057.
8054.
8051.
8049.
8046.
8043.
8041.
8038.
8034.
8030.
8027.
8025.
8021.
8017.
8013.
8010.
8006.
8002.
7999.
7995.
7991.
7988.
7984.
7979.
7975.
7971.
7967.
7963.
7960.
7956.
7951.
7947.
7943.
7938.
7935.
7931.
7926.
7922.
7917.
7913.
7909.
7904.
7899.
7895.
7889.
7886.
7882.
7878.
7872.
7868.
7862.
7858.
7853.
7849.
7844.
7839.
7835.
7830.
7827.
7822.
7818.
7813.
7808.
7804.
7799.
7794.
7791.
7787.
7784.
7780.
7776.
7771.
7766.
7763.
7759.
7756.
7752.
7747.
7744.
7741.
7737.
7735.
7732.
7729.
7727.
7724.
7720.
7718.
7715.
7713.
7710.
7707.
7704.
7702.
7700.
7699.
7698.
7697.
7697.
7699.
7701.
7707.
7714.
7723.
7732.
7743.
7753.
7761.
7766.
7768.
7768.
7767.
7763.
7762.
7760.
7759.
7758.
7757.
7756.
7754.
7753.
7752.
7752.
7750.
7748.
7746.
7744.
7743.
7740.
7739.
7737.
7736.
7734.
7733.
7731.
7729.
7727.
7724.
7723.
7722.
7719.
7718.
7716.
7714.
7711.
7709.
7707.
7705.
7702.
7701.
7697.
7696.
7694.
7691.
7690.
7687.
7684.
7681.
7678.
7676.
7674.
7672.
7669.
7667.
7663.
7660.
7656.
7653.
7651.
7645.
7640.
7634.
7627.
7617.
7605.
7591.
7574.
7557.
7540.
7523.
7508.
7496.
7485.
7479.
7472.
7467.
7464.
7460.
7457.
7453.
7450.
7446.
7442.
7439.
7436.
7433.
7429.
7425.
7421.
7417.
7415.
7411.
7408.
7404.
7401.
7396.
7393.
7390.
7387.
7382.
7381.
7376.
7373.
7370.
7366.
7363.
7361.
7357.
7353.
7350.
7346.
7343.
7340.
7337.
7334.
7330.
7327.
7324.
7322.
7319.
7316.
7314.
7312.
7308.
7306.
7304.
7302.
7300.
7296.
7295.
7292.
7290.
7287.
7285.
7282.
7282.
7279.
7278.
7275.
7274.
7271.
7269.
7267.
7265.
7264.
7263.
7261.
7258.
7258.
7256.
7254.
7252.
7250.
7249.
7246.
7245.
7243.
7241.
7240.
7239.
7238.
7236.
7235.
7234.
7233.
7232.
7230.
7229.
7229.
7227.
7227.
7226.
7225.
7224.
7224.
7223.
7223.
7222.
7222.
7220.
7219.
7219.
7219.
7219.
7217.
7216.
7215.
7214.
7214.
7213.
7212.
7211.
7210.
7210.
7209.
7209.
7208.
7208.
7208.
7207.
7206.
7206.
7206.
7205.
7203.
7203.
7203.
7202.
7202.
7202.
7202.
7202.
7201.
7200.
7200.
7199.
7198.
7197.
7197.
7197.
7196.
7196.
7196.
7196.
7195.
7195.
7195.
7194.
7193.
7193.
7193.
7193.
7194.
7193.
7193.
7192.
7192.
7191.
7191.
7190.
7190.
7189.
7188.
7189.
7188.
7187.
7188.
7187.
7185.
7185.
7184.
7182.
7182.
7181.
7179.
7178.
7178.
7177.
7176.
7175.
7174.
7174.
7171.
7170.
7170.
7169.
7167.
7166.
7165.
7164.
7162.
7160.
7158.
7157.
7155.
7153.
7153.
7151.
7150.
7148.
7146.
7145.
7142.
7142.
7140.
7138.
7136.
7134.
7134.
7132.
7129.
7127.
7125.
7124.
7122.
7120.
7119.
7116.
7114.
7113.
7111.
7109.
7108.
7106.
7104.
7103.
7100.
7099.
7097.
7095.
7093.
7092.
7090.
7088.
7087.
7085.
7083.
7081.
7080.
7080.
7077.
7075.
7074.
7072.
7070.
7069.
7067.
7066.
7063.
7063.
7062.
7060.
7060.
7058.
7057.
7056.
7054.
7053.
7052.
7050.
7049.
7049.
7047.
7046.
7045.
7044.
7042.
7041.
7041.
7039.
7039.
7037.
7035.
7035.
7035.
7033.
7032.
7031.
7029.
7028.
7027.
7026.
7025.
7025.
7023.
7021.
7020.
7018.
7018.
7017.
7015.
7013.
7012.
7010.
7008.
7007.
7007.
7006.
7005.
7003.
7002.
7000.
6999.
6998.
6995.
6994.
6991.
6988.
6985.
6981.
6980.
6979.
6983.
6989.
6999.
7014.
7032.
7051.
7070.
7088.
7106.
7123.
7140.
7158.
7177.
7195.
7213.
7232.
7250.
7270.
7287.
7303.
7318.
7333.
7347.
7363.
7378.
7391.
7404.
7415.
7426.
7434.
7441.
7448.
7453.
7456.
7461.
7466.
7469.
7471.
7473.
7474.
7477.
7478.
7480.
7482.
7486.
7489.
7493.
7495.
7498.
7500.
7504.
7507.
7510.
7514.
7515.
7519.
7522.
7524.
7527.
7529.
7532.
7534.
7538.
7540.
7543.
7546.
7547.
7550.
7553.
7554.
7557.
7559.
7561.
7564.
7566.
7569.
7569.
7572.
7573.
7575.
7577.
7579.
7580.
7580.
7582.
7582.
7584.
7585.
7586.
7587.
7588.
7588.
7589.
7589.
7588.
7589.
7589.
7589.
7589.
7587.
7588.
7587.
7586.
7586.
7584.
7582.
7581.
7578.
7577.
7575.
7573.
7571.
7567.
7565.
7562.
7558.
7556.
7552.
7549.
7547.
7544.
7544.
7546.
7551.
7561.
7574.
7588.
7604.
7618.
7632.
7646.
7660.
7673.
7686.
7698.
7709.
7718.
7723.
7727.
7730.
7731.
7733.
7733.
7733.
7734.
7735.
7737.
7738.
7739.
7739.
7741.
7744.
7745.
7748.
7749.
7750.
7752.
7754.
7756.
7757.
7758.
7760.
7762.
7763.
7766.
7767.
7769.
7771.
7774.
7775.
7778.
7780.
7782.
7784.
7785.
7788.
7790.
7792.
7794.
7796.
7798.
7801.
7804.
7806.
7810.
7811.
7816.
7817.
7820.
7823.
7826.
7828.
7831.
7835.
7839.
7841.
7844.
7848.
7852.
7856.
7859.
7864.
7868.
7872.
7875.
7878.
7881.
7878.
7873.
7864.
7855.
7849.
7843.
7839.
7838.
7838.
7838.
7841.
7844.
7846.
7849.
7850.
7851.
7853.
7854.
7855.
7857.
7858.
7859.
7858.
7859.
7858.
7859.
7858.
7857.
7857.
7856.
7855.
7854.
7852.
7850.
7848.
7847.
7844.
7841.
7840.
7837.
7834.
7830.
7827.
7825.
7820.
7817.
7815.
7810.
7805.
7801.
7798.
7795.
7792.
7786.
7781.
7776.
7772.
7769.
7763.
7759.
7755.
7749.
7744.
7740.
7735.
7731.
7725.
7719.
7715.
7710.
7705.
7700.
7694.
7689.
7684.
7679.
7673.
7668.
7663.
7659.
7654.
7653.
7654.
7659.
7667.
7676.
7689.
7701.
7713.
7726.
7735.
7744.
7754.
7763.
7772.
7779.
7782.
7786.
7788.
7788.
7789.
7789.
7788.
7788.
7787.
7787.
7788.
7789.
7789.
7790.
7789.
7790.
7792.
7792.
7792.
7793.
7793.
7795.
7796.
7797.
7798.
7799.
7800.
7803.
7803.
7805.
7807.
7809.
7811.
7811.
7814.
7816.
7819.
7820.
7822.
7825.
7829.
7831.
7834.
7837.
7840.
7842.
7846.
7850.
7853.
7855.
7859.
7863.
7866.
7870.
7874.
7878.
7881.
7886.
7889.
7893.
7897.
7899.
7899.
7897.
7892.
7887.
7883.
7880.
7879.
7880.
7882.
7884.
7886.
7889.
7891.
7894.
7895.
7895.
7897.
7898.
7897.
7898.
7900.
7900.
7900.
7900.
7900.
7901.
7899.
7900.
7899.
7899.
7898.
7898.
7895.
7895.
7893.
7892.
7890.
7889.
7886.
7885.
7883.
7880.
7878.
7874.
7872.
7870.
7866.
7863.
7860.
7857.
7853.
7851.
7848.
7844.
7841.
7837.
7833.
7829.
7826.
7822.
7818.
7814.
7810.
7806.
7801.
7798.
7794.
7789.
7785.
7781.
7777.
7772.
7768.
7765.
7760.
7754.
7751.
7747.
7745.
7744.
7746.
7751.
7759.
7767.
7776.
7786.
7795.
7802.
7809.
7815.
7820.
7825.
7828.
7830.
7831.
7829.
7829.
7828.
7828.
7827.
7827.
7827.
7826.
7826.
7827.
7825.
7825.
7825.
7825.
7825.
7825.
7825.
7824.
7825.
7826.
7825.
7825.
7826.
7825.
7824.
7824.
7824.
7824.
7824.
7824.
7824.
7825.
7824.
7824.
7824.
7825.
7824.
7824.
7823.
7825.
7825.
7824.
7825.
7825.
7824.
7824.
7825.
7825.
7825.
7824.
7826.
7825.
7826.
7825.
7825.
7825.
7826.
7826.
7825.
7826.
7826.
7827.
7828.
7827.
7827.
7829.
7829.
7829.
7830.
7830.
7830.
7831.
7832.
7833.
7833.
7834.
7835.
7835.
7836.
7836.
7837.
7837.
7839.
7840.
7840.
7841.
7843.
7844.
7845.
7846.
7847.
7847.
7848.
7850.
7851.
7851.
7852.
7853.
7855.
7856.
7857.
7858.
7859.
7862.
7863.
7863.
7866.
7865.
7869.
7869.
7870.
7871.
7873.
7875.
7876.
7877.
7879.
7880.
7881.
7883.
7884.
7886.
7886.
7888.
7890.
7890.
7890.
7893.
7892.
7895.
7896.
7896.
7897.
7898.
7899.
7900.
7901.
7901.
7902.
7903.
7904.
7905.
7905.
7905.
7905.
7906.
7906.
7906.
7907.
7906.
7905.
7906.
7906.
7906.
7906.
7905.
7905.
7905.
7904.
7904.
7903.
7902.
7902.
7900.
7900.
7899.
7898.
7896.
7895.
7894.
7893.
7891.
7890.
7889.
7887.
7885.
7884.
7880.
7879.
7877.
7875.
7872.
7870.
7867.
7865.
7862.
7859.
7856.
7854.
7851.
7849.
7845.
7841.
7838.
7836.
7831.
7828.
7824.
7821.
7817.
7812.
7810.
7804.
7801.
7796.
7793.
7788.
7784.
7780.
7776.
7771.
7767.
7763.
7758.
7753.
7749.