7794.
7793.
7792.
7793.
7792.
7793.
7793.
7793.
7792.
7793.
7792.
7793.
7793.
7793.
7793.
7793.
7793.
7793.
7794.
7794.
7795.
7794.
7794.
7796.
7796.
7795.
7796.
7796.
7797.
7797.
7797.
7798.
7799.
7800.
7800.
7802.
7803.
7804.
7803.
7806.
7807.
7808.
7811.
7811.
7812.
7814.
7816.
7817.
7819.
7821.
7822.
7824.
7827.
7828.
7831.
7831.
7833.
7833.
7830.
7827.
7824.
7821.
7818.
7816.
7816.
7816.
7817.
7818.
7820.
7822.
7824.
7826.
7827.
7829.
7831.
7831.
7833.
7835.
7835.
7837.
7838.
7838.
7840.
7841.
7842.
7843.
7844.
7845.
7846.
7848.
7848.
7848.
7849.
7851.
7851.
7851.
7851.
7851.
7852.
7852.
7853.
7852.
7852.
7853.
7853.
7852.
7852.
7853.
7853.
7853.
7852.
7852.
7851.
7851.
7850.
7849.
7849.
7849.
7848.
7846.
7845.
7845.
7844.
7844.
7842.
7841.
7840.
7837.
7837.
7836.
7834.
7832.
7831.
7829.
7827.
7824.
7823.
7821.
7819.
7817.
7814.
7812.
7810.
7808.
7806.
7803.
7800.
7798.
7796.
7792.
7790.
7788.
7784.
7782.
7778.
7775.
7773.
7768.
7766.
7764.
7762.
7758.
7754.
7751.
7749.
7745.
7741.
7739.
7736.
7733.
7731.
7732.
7735.
7740.
7746.
7756.
7763.
7771.
7778.
7784.
7788.
7792.
7794.
7796.
7797.
7795.
7796.
7795.
7794.
7793.
7792.
7793.
7791.
7791.
7791.
7791.
7790.
7792.
7791.
7791.
7791.
7790.
7790.
7790.
7790.
7789.
7789.
7789.
7788.
7788.
7788.
7787.
7788.
7788.
7788.
7787.
7788.
7787.
7786.
7786.
7787.
7786.
7786.
7787.
7786.
7785.
7785.
7785.
7785.
7785.
7785.
7785.
7785.
7784.
7785.
7784.
7783.
7783.
7783.
7783.
7782.
7783.
7783.
7782.
7782.
7781.
7781.
7781.
7782.
7781.
7780.
7780.
7780.
7780.
7780.
7779.
7779.
7779.
7779.
7779.
7777.
7778.
7777.
7778.
7777.
7777.
7776.
7777.
7775.
7776.
7775.
7775.
7774.
7773.
7773.
7773.
7772.
7771.
7771.
7770.
7770.
7769.
7769.
7769.
7768.
7767.
7767.
7766.
7765.
7764.
7763.
7762.
7761.
7761.
7759.
7758.
7757.
7756.
7754.
7752.
7750.
7749.
7748.
7746.
7745.
7743.
7741.
7739.
7736.
7734.
7733.
7731.
7729.
7728.
7731.
7734.
7740.
7746.
7755.
7764.
7771.
7775.
7778.
7781.
7785.
7787.
7790.
7792.
7796.
7797.
7798.
7798.
7798.
7798.
7798.
7798.
7798.
7798.
7799.
7799.
7800.
7800.
7801.
7802.
7804.
7805.
7805.
7806.
7807.
7806.
7809.
7809.
7810.
7811.
7812.
7814.
7815.
7816.
7816.
7818.
7819.
7821.
7823.
7824.
7825.
7827.
7828.
7831.
7834.
7835.
7836.
7840.
7842.
7844.
7846.
7849.
7852.
7853.
7856.
7858.
7859.
7859.
7856.
7851.
7848.
7842.
7839.
7837.
7836.
7836.
7837.
7839.
7842.
7844.
7846.
7848.
7850.
7850.
7851.
7852.
7854.
7855.
7856.
7859.
7858.
7860.
7861.
7862.
7861.
7863.
7864.
7865.
7866.
7866.
7866.
7867.
7868.
7869.
7868.
7868.
7868.
7870.
7870.
7870.
7869.
7869.
7869.
7869.
7868.
7868.
7867.
7867.
7866.
7867.
7865.
7863.
7863.
7862.
7862.
7860.
7859.
7858.
7855.
7855.
7853.
7852.
7849.
7848.
7847.
7844.
7843.
7841.
7840.
7837.
7834.
7833.
7830.
7828.
7827.
7825.
7823.
7821.
7820.
7817.
7815.
7812.
7809.
7807.
7805.
7803.
7800.
7798.
7796.
7794.
7790.
7789.
7786.
7783.
7782.
7778.
7775.
7774.
7771.
7768.
7766.
7764.
7761.
7757.
7756.
7752.
7750.
7747.
7745.
7743.
7739.
7737.
7734.
7732.
7728.
7727.
7725.
7721.
7719.
7716.
7714.
7711.
7709.
7706.
7704.
7702.
7700.
7697.
7695.
7692.
7688.
7687.
7685.
7683.
7680.
7678.
7676.
7674.
7673.
7671.
7668.
7665.
7663.
7660.
7657.
7655.
7653.
7652.
7650.
7647.
7645.
7641.
7640.
7638.
7636.
7632.
7630.
7628.
7625.
7623.
7620.
7617.
7614.
7612.
7609.
7606.
7603.
7602.
7599.
7596.
7593.
7590.
7587.
7586.
7584.
7581.
7580.
7576.
7574.
7572.
7569.
7567.
7564.
7562.
7559.
7556.
7552.
7549.
7547.
7545.
7542.
7538.
7534.
7532.
7529.
7526.
7522.
7518.
7515.
7512.
7509.
7506.
7503.
7499.
7496.
7493.
7490.
7485.
7482.
7478.
7474.
7471.
7467.
7463.
7459.
7456.
7452.
7448.
7443.
7439.
7435.
7431.
7427.
7422.
7417.
7416.
7410.
7406.
7403.
7399.
7395.
7391.
7387.
7385.
7381.
7378.
7375.
7371.
7368.
7365.
7362.
7359.
7355.
7352.
7348.
7346.
7342.
7338.
7335.
7332.
7328.
7325.
7321.
7317.
7314.
7310.
7307.
7305.
7301.
7298.
7294.
7290.
7288.
7285.
7281.
7278.
7274.
7271.
7268.
7264.
7260.
7258.
7254.
7250.
7247.
7243.
7240.
7236.
7233.
7232.
7228.
7227.
7225.
7222.
7219.
7217.
7215.
7213.
7210.
7208.
7206.
7205.
7203.
7202.
7199.
7198.
7196.
7195.
7193.
7192.
7190.
7190.
7187.
7187.
7185.
7185.
7183.
7182.
7181.
7180.
7180.
7180.
7180.
7177.
7177.
7177.
7177.
7176.
7176.
7175.
7175.
7173.
7173.
7172.
7172.
7171.
7169.
7169.
7169.
7168.
7167.
7167.
7165.
7164.
7164.
7163.
7162.
7161.
7162.
7160.
7160.
7158.
7157.
7157.
7156.
7156.
7154.
7154.
7154.
7153.
7151.
7150.
7149.
7149.
7148.
7147.
7146.
7144.
7143.
7142.
7141.
7139.
7138.
7137.
7136.
7134.
7132.
7131.
7130.
7128.
7126.
7125.
7123.
7122.
7119.
7117.
7116.
7115.
7113.
7110.
7108.
7107.
7104.
7104.
7101.
7099.
7096.
7094.
7092.
7090.
7088.
7086.
7084.
7081.
7079.
7077.
7076.
7074.
7071.
7069.
7067.
7065.
7064.
7062.
7059.
7057.
7056.
7054.
7055.
7056.
7059.
7069.
7081.
7095.
7112.
7129.
7145.
7159.
7174.
7187.
7199.
7209.
7218.
7225.
7231.
7235.
7237.
7238.
7238.
7237.
7236.
7236.
7235.
7236.
7237.
7237.
7236.
7237.
7237.
7236.
7237.
7238.
7238.
7238.
7237.
7237.
7239.
7239.
7239.
7240.
7240.
7241.
7241.
7240.
7241.
7241.
7242.
7243.
7244.
7244.
7244.
7244.
7244.
7245.
7245.
7245.
7246.
7246.
7246.
7245.
7246.
7246.
7246.
7246.
7247.
7248.
7247.
7248.
7249.
7248.
7249.
7250.
7250.
7251.
7251.
7251.
7251.
7251.
7251.
7252.
7253.
7253.
7253.
7255.
7256.
7256.
7256.
7257.
7257.
7259.
7258.
7259.
7260.
7261.
7261.
7263.
7264.
7264.
7265.
7266.
7268.
7270.
7270.
7271.
7272.
7273.
7275.
7276.
7277.
7279.
7279.
7280.
7282.
7284.
7285.
7287.
7287.
7289.
7290.
7289.
7289.
7288.
7285.
7278.
7273.
7267.
7262.
7259.
7257.
7258.
7258.
7261.
7263.
7264.
7265.
7267.
7268.
7269.
7271.
7272.
7273.
7275.
7274.
7275.
7277.
7278.
7278.
7279.
7279.
7278.
7280.
7280.
7280.
7281.
7282.
7282.
7281.
7281.
7281.
7282.
7280.
7281.
7280.
7280.
7280.
7279.
7279.
7278.
7278.
7278.
7278.
7276.
7274.
7275.
7275.
7273.
7272.
7271.
7271.
7269.
7268.
7267.
7267.
7265.
7264.
7264.
7262.
7262.
7259.
7258.
7257.
7256.
7254.
7252.
7251.
7249.
7248.
7246.
7244.
7242.
7240.
7238.
7236.
7234.
7232.
7231.
7229.
7227.
7225.
7221.
7219.
7217.
7215.
7212.
7210.
7208.
7206.
7203.
7201.
7198.
7195.
7192.
7190.
7187.
7184.
7181.
7180.
7177.
7175.
7172.
7170.
7167.
7164.
7163.
7160.
7157.
7155.
7153.
7150.
7149.
7146.
7144.
7141.
7139.
7136.
7134.
7131.
7130.
7128.
7126.
7128.
7130.
7134.
7145.
7159.
7173.
7190.
7208.
7223.
7238.
7252.
7264.
7275.
7286.
7296.
7304.
7310.
7316.
7318.
7317.
7318.
7317.
7317.
7318.
7317.
7318.
7318.
7319.
7320.
7321.
7321.
7322.
7322.
7322.
7322.
7322.
7322.
7322.
7322.
7320.
7318.
7318.
7317.
7316.
7315.
7315.
7314.
7315.
7314.
7315.
7315.
7314.
7314.
7315.
7316.
7317.
7321.
7324.
7329.
7334.
7340.
7346.
7349.
7355.
7359.
7363.
7368.
7371.
7375.
7380.
7386.
7390.
7395.
7399.
7401.
7403.
7405.
7407.
7409.
7413.
7415.
7416.
7417.
7420.
7421.
7424.
7425.
7429.
7431.
7433.
7436.
7438.
7440.
7442.
7443.
7446.
7449.
7450.
7452.
7455.
7457.
7458.
7460.
7463.
7464.
7467.
7467.
7469.
7471.
7473.
7473.
7475.
7476.
7477.
7478.
7479.
7480.
7480.
7481.
7482.
7483.
7483.
7483.
7483.
7483.
7482.
7481.
7482.
7481.
7480.
7480.
7479.
7478.
7476.
7475.
7474.
7472.
7470.
7468.
7467.
7464.
7461.
7459.
7457.
7454.
7451.
7447.
7444.
7441.
7439.
7435.
7432.
7428.
7424.
7422.
7417.
7413.
7410.
7405.
7402.
7398.
7394.
7390.
7385.
7381.
7377.
7372.
7367.
7363.
7360.
7358.
7360.
7365.
7375.
7389.
7404.
7422.
7439.
7455.
7470.
7485.
7499.
7512.
7527.
7539.
7549.
7556.
7562.
7564.
7565.
7566.
7566.
7565.
7565.
7567.
7567.
7569.
7570.
7571.
7571.
7572.
7574.
7575.
7576.
7578.
7579.
7581.
7582.
7584.
7585.
7586.
7588.
7591.
7592.
7594.
7596.
7599.
7600.
7602.
7605.
7608.
7610.
7613.
7615.
7617.
7621.
7622.
7626.
7630.
7632.
7635.
7639.
7644.
7647.
7649.
7653.
7658.
7662.
7667.
7670.
7675.
7679.
7683.
7687.
7690.
7691.
7689.
7683.
7677.
7670.
7664.
7660.
7659.
7659.
7659.
7661.
7664.
7666.
7670.
7673.
7676.
7679.
7682.
7685.
7688.
7690.
7691.
7693.
7697.
7698.
7700.
7701.
7703.
7704.
7705.
7707.
7707.
7708.
7708.
7710.
7710.
7710.
7710.
7710.
7710.
7709.
7709.
7707.
7708.
7706.
7705.
7704.
7704.
7701.
7699.
7698.
7695.
7692.
7691.
7688.
7685.
7682.
7678.
7676.
7673.
7669.
7667.
7663.
7660.
7657.
7654.
7651.
7646.
7643.
7638.
7635.
7631.
7626.
7622.
7618.
7615.
7610.
7607.
7603.
7598.
7594.
7590.
7586.
7586.
7586.
7591.
7599.
7610.
7620.
7631.
7644.
7654.
7665.
7674.
7682.
7690.
7697.
7702.
7704.
7705.
7706.
7706.
7705.
7704.
7705.
7705.
7705.
7706.
7706.
7707.
7707.
7708.
7709.
7710.
7710.
7711.
7712.
7712.
7713.
7715.
7716.
7717.
7718.
7719.
7721.
7723.
7723.
7724.
7726.
7728.
7729.
7732.
7733.
7735.
7737.
7740.
7742.
7744.
7746.
7750.
7752.
7754.
7758.
7761.
7764.
7767.
7771.
7774.
7778.
7782.
7786.
7789.
7793.
7796.
7800.
7804.
7809.
7813.
7817.
7820.
7821.
7820.
7818.
7813.
7809.
7806.
7803.
7805.
7806.
7808.
7812.
7815.
7819.
7821.
7822.
7825.
7827.
7828.
7831.
7833.
7834.
7833.
7835.
7838.
7838.
7839.
7840.
7841.
7842.
7842.
7843.
7842.
7842.
7843.
7845.
7843.
7844.
7843.
7842.
7842.
7841.
7840.
7839.
7838.
7837.
7836.
7835.
7834.
7830.
7829.
7827.
7825.
7824.
7822.
7819.
7817.
7814.
7813.
7810.
7807.
7804.
7801.
7799.
7796.
7793.
7791.
7788.
7785.
7781.
7778.
7775.
7772.
7767.
7764.
7761.
7757.
7754.
7750.
7746.
7743.
7740.
7735.
7731.
7728.
7724.
7723.
7721.
7723.
7728.
7735.
7745.
7754.
7765.
7774.
7783.
7790.
7795.
7798.
7801.
7801.
7801.
7801.
7799.
7799.
7798.
7797.
7797.
7796.
7796.
7795.
7795.
7795.
7794.
7795.
7795.
7795.
7795.
7794.
7795.
7795.
7794.
7794.
7794.
7794.
7794.
7794.
7794.
7794.
7795.
7794.
7794.
7795.
7796.
7795.
7796.
7796.
7797.
7797.
7799.
7799.
7799.
7800.
7799.
7799.
7800.
7801.
7803.
7804.
7805.
7806.
7807.
7807.
7810.
7810.
7811.
7813.
7814.
7817.
7818.
7820.
7821.
7823.
7825.
7828.
7829.
7831.
7833.
7836.
7840.
7842.
7844.
7847.
7849.
7851.
7853.
7855.
7855.
7854.
7851.
7848.
7844.
7844.
7842.
7841.
7841.
7844.
7845.
7848.
7851.
7851.
7852.
7854.
7855.
7855.
7857.
7858.
7859.
7860.
7861.
7861.
7862.
7862.
7863.
7863.
7863.
7864.
7863.
7864.
7863.
7863.
7863.
7863.
7863.
7861.
7861.
7862.
7860.
7859.
7858.
7856.
7855.
7855.
7853.
7852.
7850.
7850.
7846.
7845.
7843.
7841.
7838.
7837.
7835.
7833.
7829.
7828.
7824.
7822.
7820.
7817.
7814.
7811.
7809.
7805.
7802.
7799.
7796.
7793.
7791.
7787.
7783.
7779.
7777.
7774.
7771.
7766.
7763.
7760.
7756.
7753.
7749.
7746.
7743.
7743.
7745.
7749.
7755.
7763.
7771.
7780.
7787.
7794.
7800.
7805.
7809.
7812.
7815.
7814.
7813.
7812.
7812.
7811.
7810.
7808.
7809.
7807.
7808.
7807.
7807.
7805.
7805.
7805.
7804.
7804.
7804.
7803.
7802.
7802.
7801.
7800.
7801.
7800.
7799.
7797.
7797.
7796.
7795.
7795.
7794.
7793.
7792.
7792.
7792.
7791.
7790.
7789.
7788.
7788.
7785.
7785.
7783.
7783.
7782.
7781.
7780.
7778.
7777.
7775.
7775.
7773.
7772.
7770.
7769.
7768.
7767.
7766.
7763.
7763.
7762.
7760.
7759.
7758.
7755.
7755.
7753.
7751.
7748.
7748.
7745.
7742.
7741.
7739.
7736.
7733.
7732.
7730.
7726.
7723.
7721.
7717.
7715.
7712.
7709.
7706.
7703.
7700.
7696.
7693.
7690.
7684.
7680.
7675.
7671.
7665.
7659.
7651.
7643.
7634.
7624.
7615.
7607.
7599.
7592.
7586.
7580.
7576.
7572.
7568.
7564.
7560.
7554.
7549.
7544.
7540.
7536.
7532.
7528.
7524.
7518.
7513.
7509.
7505.
7500.
7495.
7491.
7486.
7481.
7477.
7472.
7466.
7461.
7458.
7452.
7448.
7443.
7439.
7434.
7431.
7427.
7422.
7418.
7413.
7410.
7405.
7400.
7396.
7394.
7389.
7384.
7380.
7376.
7373.
7369.
7365.
7361.
7357.
7353.
7351.
7348.
7344.
7340.
7337.
7333.
7330.
7329.
7326.
7323.
7322.
7318.
7315.
7313.
7312.
7309.
7307.
7303.
7301.
7299.
7297.
7295.
7293.
7292.
7290.
7288.
7286.
7284.
7284.
7282.
7282.
7281.
7280.
7280.
7279.
7279.
7279.
7279.
7279.
7279.
7279.
7279.
7279.
7278.
7277.
7276.
7275.
7273.
7272.
7271.
7270.
7268.
7266.
7265.
7264.
7263.
7262.
7261.
7261.
7260.
7258.
7257.
7255.
7254.
7252.
7251.
7250.
7249.
7248.
7248.
7246.
7246.
7244.
7243.
7242.
7241.
7239.
7237.
7236.
7235.
7233.
7232.
7230.
7230.
7228.
7226.
7225.
7223.
7222.
7220.
7219.
7217.
7216.
7216.
7214.
7212.
7212.
7210.
7208.
7207.
7205.
7205.
7203.
7202.
7201.
7201.
7200.
7198.
7197.
7196.
7195.
7194.
7193.
7192.
7190.
7190.
7189.
7187.
7187.
7186.
7184.
7183.
7182.
7180.
7179.
7179.
7178.
7177.
7177.
7176.
7175.
7175.
7173.
7171.
7171.
7170.
7171.
7168.
7168.
7167.
7166.
7165.
7164.
7164.
7162.
7161.
7162.
7162.
7160.
7159.
7157.
7157.
7157.
7156.
7156.
7155.
7154.
7154.
7154.
7153.
7153.
7154.
7153.
7152.
7151.
7150.
7150.
7148.
7147.
7146.
7145.
7144.
7142.
7137.
7131.
7126.
7119.
7113.
7107.
7104.
7100.
7098.
7098.
7097.
7096.
7097.
7097.
7097.
7096.
7096.
7096.
7095.
7097.
7096.
7097.
7098.
7098.
7097.
7098.
7099.
7099.
7099.
7098.
7098.
7100.
7100.
7100.
7100.
7101.
7102.
7102.
7102.
7101.
7102.
7102.
7104.
7104.
7105.
7104.
7105.
7106.
7106.
7106.
7107.
7108.
7109.
7108.
7109.
7110.
7109.
7111.
7110.
7110.
7109.
7108.
7107.
7103.
7098.
7092.
7086.
7079.
7071.
7065.
7061.
7058.
7057.
7057.
7057.
7058.
7059.
7060.
7062.
7062.
7061.
7062.
7063.
7065.
7065.
7067.
7068.
7065.
7068.
7068.
7069.
7069.
7069.
7070.
7071.
7070.
7071.
7071.
7072.
7072.
7071.
7071.
7072.
7072.
7072.
7073.
7073.
7073.
7073.
7074.
7074.
7075.
7076.
7074.
7075.
7075.
7076.
7076.
7077.
7078.
7078.
7079.
7079.
7080.
7080.
7081.
7081.
7081.
7082.
7082.
7083.
7083.
7083.
7085.
7086.
7086.
7087.
7088.
7089.
7089.
7090.
7091.
7092.
7092.
7092.
7094.
7095.
7097.
7097.
7100.
7100.
7101.
7102.
7104.
7104.
7106.
7108.
7108.
7110.
7111.
7112.
7113.
7115.
7117.
7117.
7119.
7120.
7122.
7123.
7125.
7126.
7128.
7130.
7131.
7133.
7135.
7137.
7140.
7139.
7141.
7144.
7146.
7146.
7149.
7150.
7152.
7154.
7156.
7158.
7159.
7161.
7161.
7164.
7164.
7166.
7168.
7170.
7171.
7172.
7174.
7176.
7177.
7178.
7178.
7179.
7182.
7183.
7184.
7184.
7187.
7187.
7188.
7189.
7189.
7191.
7191.
7192.
7192.
7193.
7194.
7194.
7195.
7197.
7197.
7198.
7199.
7200.
7201.
7201.
7201.
7203.
7202.
7202.
7203.
7203.
7204.
7204.
7203.
7204.
7204.
7205.
7204.
7205.
7205.
7204.
7203.
7204.
7205.
7204.
7204.
7204.
7203.
7203.
7203.
7203.
7202.
7203.
7203.
7203.
7202.
7202.
7202.
7202.
7202.
7201.
7201.
7201.
7202.
7200.
7200.
7201.
7201.
7200.
7199.
7198.
7198.
7199.
7199.
7199.
7199.
7198.
7196.
7196.
7195.
7193.
7191.
7188.
7186.
7184.
7181.
7178.
7174.
7173.
7170.
7168.
7166.
7164.
7163.
7161.
7159.
7157.
7154.
7154.
7153.
7154.
7153.
7155.
7155.
7158.
7159.
7161.
7166.
7168.
7174.
7177.
7184.
7189.
7194.
7199.
7205.
7211.
7215.
7219.
7225.
7231.
7238.
7244.
7254.
7260.
7269.
7278.
7288.
7299.
7310.
7319.
7325.
7331.
7335.
7340.
7344.
7348.
7353.
7358.
7363.
7367.
7370.
7373.
7376.
7379.
7381.
7383.
7386.
7390.
7392.
7395.
7397.
7399.
7402.
7405.
7408.
7412.
7414.
7415.
7418.
7420.
7423.
7426.
7428.
7431.
7433.
7436.
7438.
7440.
7441.
7444.
7446.
7449.
7451.
7452.
7454.
7456.