7765.
7763.
7762.
7760.
7759.
7757.
7755.
7753.
7751.
7749.
7747.
7744.
7742.
7739.
7737.
7734.
7732.
7729.
7728.
7728.
7729.
7733.
7739.
7748.
7756.
7764.
7772.
7778.
7784.
7788.
7793.
7795.
7798.
7798.
7799.
7799.
7798.
7797.
7797.
7797.
7798.
7798.
7797.
7798.
7798.
7798.
7799.
7798.
7799.
7800.
7800.
7801.
7802.
7802.
7803.
7803.
7804.
7804.
7805.
7805.
7807.
7807.
7809.
7809.
7811.
7812.
7813.
7814.
7815.
7818.
7818.
7819.
7821.
7822.
7824.
7825.
7827.
7829.
7831.
7833.
7834.
7837.
7840.
7842.
7844.
7846.
7849.
7851.
7854.
7857.
7858.
7860.
7860.
7860.
7859.
7857.
7855.
7853.
7854.
7854.
7857.
7858.
7860.
7863.
7864.
7866.
7868.
7870.
7871.
7872.
7873.
7876.
7877.
7878.
7878.
7880.
7881.
7883.
7884.
7883.
7884.
7885.
7886.
7887.
7887.
7887.
7888.
7887.
7888.
7887.
7888.
7887.
7888.
7887.
7887.
7886.
7884.
7885.
7884.
7884.
7882.
7880.
7880.
7880.
7878.
7877.
7875.
7873.
7872.
7870.
7868.
7866.
7864.
7862.
7861.
7858.
7856.
7854.
7851.
7848.
7846.
7844.
7841.
7838.
7835.
7833.
7830.
7828.
7825.
7821.
7819.
7814.
7811.
7809.
7807.
7803.
7799.
7796.
7794.
7790.
7786.
7782.
7780.
7776.
7772.
7769.
7765.
7762.
7759.
7756.
7753.
7750.
7749.
7751.
7757.
7764.
7773.
7781.
7790.
7798.
7806.
7811.
7817.
7819.
7821.
7822.
7822.
7821.
7820.
7818.
7817.
7817.
7816.
7815.
7814.
7813.
7814.
7814.
7812.
7812.
7812.
7811.
7811.
7811.
7811.
7810.
7811.
7809.
7808.
7810.
7808.
7808.
7808.
7808.
7808.
7807.
7807.
7807.
7807.
7806.
7806.
7806.
7806.
7805.
7805.
7805.
7804.
7804.
7805.
7805.
7803.
7804.
7804.
7804.
7804.
7804.
7804.
7804.
7803.
7804.
7804.
7805.
7804.
7804.
7804.
7805.
7805.
7805.
7805.
7806.
7806.
7806.
7806.
7808.
7807.
7808.
7808.
7808.
7809.
7808.
7809.
7809.
7811.
7812.
7813.
7813.
7814.
7815.
7815.
7816.
7818.
7818.
7819.
7821.
7822.
7822.
7824.
7825.
7827.
7828.
7830.
7831.
7832.
7834.
7837.
7839.
7840.
7843.
7845.
7847.
7849.
7850.
7851.
7853.
7853.
7852.
7848.
7846.
7844.
7842.
7843.
7844.
7845.
7848.
7850.
7852.
7854.
7855.
7857.
7858.
7859.
7860.
7860.
7861.
7862.
7864.
7864.
7866.
7866.
7867.
7867.
7868.
7868.
7868.
7869.
7870.
7870.
7870.
7870.
7870.
7869.
7870.
7870.
7869.
7869.
7868.
7866.
7865.
7865.
7865.
7865.
7863.
7861.
7860.
7859.
7857.
7855.
7855.
7852.
7851.
7850.
7848.
7844.
7843.
7841.
7838.
7836.
7834.
7830.
7828.
7826.
7824.
7821.
7819.
7816.
7813.
7811.
7807.
7805.
7802.
7799.
7797.
7793.
7790.
7787.
7783.
7780.
7778.
7775.
7772.
7767.
7764.
7761.
7759.
7756.
7754.
7754.
7757.
7763.
7771.
7781.
7791.
7800.
7810.
7819.
7826.
7833.
7839.
7842.
7844.
7845.
7845.
7843.
7841.
7841.
7841.
7840.
7841.
7839.
7839.
7838.
7838.
7838.
7839.
7840.
7839.
7840.
7839.
7839.
7839.
7840.
7840.
7840.
7840.
7840.
7841.
7841.
7841.
7841.
7841.
7841.
7842.
7842.
7843.
7844.
7845.
7846.
7846.
7847.
7847.
7848.
7848.
7849.
7850.
7851.
7851.
7852.
7853.
7855.
7856.
7858.
7859.
7859.
7862.
7864.
7864.
7866.
7868.
7870.
7871.
7872.
7874.
7876.
7879.
7880.
7883.
7885.
7885.
7883.
7879.
7873.
7866.
7860.
7855.
7853.
7852.
7853.
7855.
7856.
7858.
7859.
7861.
7862.
7863.
7863.
7863.
7864.
7865.
7864.
7867.
7868.
7866.
7867.
7867.
7867.
7867.
7867.
7866.
7865.
7866.
7865.
7866.
7865.
7865.
7863.
7862.
7861.
7860.
7859.
7857.
7857.
7854.
7852.
7851.
7849.
7847.
7845.
7844.
7842.
7838.
7837.
7835.
7833.
7829.
7828.
7826.
7823.
7821.
7819.
7815.
7813.
7810.
7806.
7804.
7801.
7798.
7795.
7792.
7788.
7786.
7784.
7780.
7777.
7774.
7770.
7767.
7763.
7760.
7756.
7753.
7750.
7746.
7743.
7740.
7738.
7738.
7741.
7746.
7753.
7762.
7772.
7781.
7789.
7797.
7804.
7808.
7814.
7818.
7819.
7821.
7820.
7819.
7818.
7817.
7815.
7815.
7815.
7814.
7814.
7812.
7813.
7813.
7812.
7812.
7812.
7810.
7810.
7810.
7810.
7811.
7810.
7809.
7809.
7810.
7810.
7809.
7809.
7809.
7809.
7809.
7809.
7809.
7810.
7809.
7810.
7810.
7811.
7811.
7811.
7811.
7812.
7811.
7811.
7813.
7814.
7815.
7816.
7816.
7817.
7817.
7819.
7820.
7821.
7821.
7822.
7823.
7824.
7826.
7828.
7829.
7830.
7832.
7833.
7834.
7836.
7838.
7839.
7842.
7843.
7845.
7847.
7849.
7851.
7854.
7855.
7857.
7860.
7861.
7864.
7866.
7865.
7865.
7863.
7859.
7854.
7850.
7847.
7846.
7846.
7846.
7847.
7850.
7853.
7853.
7855.
7857.
7857.
7858.
7859.
7860.
7861.
7861.
7862.
7863.
7864.
7863.
7864.
7864.
7864.
7864.
7864.
7865.
7865.
7865.
7865.
7864.
7864.
7863.
7862.
7862.
7861.
7860.
7859.
7858.
7856.
7855.
7853.
7852.
7852.
7850.
7848.
7847.
7845.
7844.
7841.
7839.
7838.
7835.
7833.
7831.
7829.
7828.
7825.
7823.
7820.
7818.
7815.
7813.
7810.
7807.
7804.
7801.
7800.
7797.
7794.
7791.
7788.
7785.
7781.
7779.
7776.
7773.
7770.
7766.
7763.
7761.
7756.
7754.
7750.
7747.
7744.
7740.
7737.
7733.
7731.
7727.
7725.
7724.
7724.
7727.
7733.
7742.
7751.
7762.
7772.
7780.
7788.
7794.
7799.
7803.
7807.
7809.
7808.
7807.
7806.
7804.
7803.
7802.
7802.
7800.
7801.
7799.
7799.
7798.
7798.
7797.
7797.
7796.
7796.
7796.
7795.
7794.
7793.
7793.
7794.
7793.
7794.
7793.
7792.
7792.
7792.
7791.
7791.
7791.
7789.
7790.
7790.
7790.
7788.
7788.
7789.
7788.
7788.
7788.
7787.
7786.
7785.
7785.
7786.
7784.
7784.
7784.
7783.
7782.
7782.
7781.
7781.
7781.
7780.
7779.
7779.
7778.
7777.
7777.
7776.
7776.
7775.
7775.
7773.
7772.
7770.
7770.
7769.
7769.
7768.
7766.
7766.
7765.
7764.
7763.
7763.
7761.
7760.
7758.
7757.
7756.
7754.
7752.
7750.
7749.
7747.
7745.
7744.
7742.
7739.
7737.
7735.
7733.
7732.
7727.
7725.
7723.
7720.
7718.
7715.
7712.
7709.
7706.
7703.
7699.
7696.
7693.
7689.
7687.
7682.
7679.
7675.
7672.
7668.
7665.
7661.
7657.
7653.
7648.
7645.
7640.
7636.
7633.
7628.
7624.
7621.
7622.
7624.
7628.
7637.
7647.
7659.
7672.
7684.
7694.
7704.
7713.
7720.
7727.
7734.
7739.
7742.
7743.
7744.
7742.
7742.
7740.
7738.
7737.
7737.
7736.
7735.
7735.
7734.
7734.
7734.
7733.
7734.
7734.
7733.
7733.
7733.
7733.
7734.
7733.
7733.
7733.
7733.
7734.
7734.
7733.
7733.
7734.
7734.
7734.
7734.
7734.
7734.
7735.
7736.
7735.
7736.
7736.
7736.
7738.
7738.
7738.
7739.
7741.
7741.
7741.
7743.
7744.
7744.
7745.
7746.
7747.
7747.
7748.
7751.
7751.
7752.
7752.
7752.
7751.
7748.
7745.
7740.
7732.
7723.
7716.
7710.
7707.
7707.
7707.
7708.
7709.
7710.
7712.
7714.
7716.
7717.
7717.
7719.
7720.
7720.
7719.
7721.
7722.
7723.
7723.
7725.
7724.
7726.
7726.
7727.
7728.
7727.
7728.
7728.
7727.
7727.
7727.
7727.
7727.
7727.
7727.
7725.
7726.
7725.
7726.
7724.
7723.
7723.
7722.
7721.
7720.
7719.
7718.
7717.
7715.
7714.
7712.
7710.
7709.
7707.
7705.
7704.
7702.
7700.
7698.
7696.
7693.
7690.
7688.
7686.
7684.
7681.
7678.
7675.
7674.
7669.
7668.
7664.
7660.
7658.
7655.
7652.
7648.
7645.
7643.
7639.
7637.
7632.
7628.
7624.
7621.
7617.
7614.
7610.
7606.
7603.
7599.
7596.
7592.
7589.
7585.
7581.
7577.
7573.
7569.
7565.
7562.
7557.
7555.
7552.
7552.
7555.
7561.
7569.
7581.
7594.
7607.
7620.
7630.
7640.
7647.
7654.
7659.
7660.
7661.
7661.
7659.
7656.
7655.
7654.
7652.
7651.
7650.
7648.
7648.
7649.
7647.
7646.
7646.
7646.
7645.
7644.
7645.
7643.
7642.
7642.
7642.
7642.
7641.
7640.
7641.
7640.
7639.
7640.
7638.
7638.
7639.
7638.
7639.
7639.
7637.
7638.
7637.
7639.
7637.
7637.
7637.
7636.
7637.
7636.
7636.
7636.
7636.
7636.
7635.
7636.
7636.
7635.
7637.
7636.
7636.
7636.
7636.
7636.
7637.
7637.
7638.
7638.
7638.
7637.
7638.
7637.
7638.
7637.
7637.
7639.
7637.
7637.
7635.
7631.
7626.
7619.
7612.
7603.
7595.
7588.
7585.
7583.
7582.
7584.
7584.
7585.
7584.
7585.
7586.
7587.
7587.
7588.
7588.
7586.
7587.
7587.
7587.
7587.
7586.
7587.
7586.
7586.
7584.
7585.
7584.
7584.
7583.
7583.
7582.
7581.
7580.
7581.
7580.
7578.
7576.
7576.
7575.
7573.
7572.
7571.
7570.
7569.
7567.
7566.
7565.
7563.
7561.
7559.
7558.
7557.
7555.
7553.
7550.
7550.
7547.
7546.
7544.
7542.
7540.
7538.
7536.
7533.
7532.
7529.
7527.
7524.
7522.
7520.
7517.
7515.
7513.
7510.
7508.
7505.
7503.
7499.
7497.
7494.
7491.
7489.
7487.
7483.
7480.
7476.
7474.
7470.
7468.
7465.
7462.
7459.
7456.
7454.
7450.
7447.
7445.
7442.
7439.
7437.
7434.
7429.
7426.
7424.
7419.
7417.
7412.
7410.
7407.
7405.
7402.
7398.
7395.
7390.
7389.
7385.
7383.
7379.
7376.
7374.
7371.
7368.
7365.
7363.
7360.
7357.
7354.
7352.
7350.
7347.
7344.
7341.
7340.
7336.
7334.
7331.
7329.
7327.
7323.
7322.
7319.
7316.
7315.
7312.
7310.
7309.
7308.
7306.
7304.
7307.
7311.
7317.
7325.
7334.
7344.
7353.
7361.
7367.
7372.
7377.
7379.
7380.
7380.
7381.
7379.
7378.
7378.
7377.
7376.
7377.
7376.
7375.
7375.
7375.
7375.
7374.
7375.
7375.
7375.
7375.
7375.
7376.
7376.
7376.
7376.
7375.
7374.
7374.
7375.
7375.
7374.
7374.
7375.
7375.
7375.
7376.
7376.
7376.
7377.
7377.
7376.
7376.
7376.
7376.
7377.
7376.
7378.
7376.
7378.
7377.
7379.
7380.
7379.
7380.
7380.
7380.
7381.
7381.
7382.
7382.
7383.
7383.
7384.
7384.
7384.
7385.
7386.
7386.
7387.
7388.
7389.
7389.
7389.
7390.
7390.
7391.
7391.
7391.
7391.
7391.
7392.
7390.
7390.
7389.
7387.
7384.
7380.
7371.
7363.
7351.
7340.
7332.
7326.
7322.
7319.
7318.
7317.
7317.
7318.
7318.
7315.
7314.
7314.
7313.
7311.
7310.
7310.
7308.
7307.
7305.
7304.
7302.
7300.
7299.
7297.
7295.
7293.
7291.
7289.
7287.
7284.
7283.
7280.
7277.
7275.
7272.
7268.
7266.
7263.
7260.
7258.
7255.
7252.
7248.
7245.
7242.
7239.
7236.
7233.
7229.
7226.
7222.
7220.
7216.
7214.
7209.
7207.
7204.
7200.
7196.
7193.
7190.
7186.
7182.
7180.
7176.
7172.
7170.
7167.
7165.
7160.
7158.
7154.
7152.
7149.
7146.
7143.
7142.
7139.
7136.
7134.
7132.
7129.
7127.
7126.
7124.
7121.
7118.
7116.
7114.
7113.
7111.
7108.
7108.
7106.
7105.
7103.
7102.
7101.
7099.
7097.
7097.
7095.
7094.
7094.
7093.
7091.
7091.
7091.
7090.
7090.
7089.
7088.
7088.
7088.
7088.
7088.
7088.
7088.
7088.
7088.
7087.
7088.
7088.
7088.
7089.
7088.
7089.
7088.
7089.
7088.
7088.
7089.
7089.
7089.
7089.
7088.
7089.
7089.
7091.
7091.
7091.
7091.
7092.
7093.
7094.
7094.
7093.
7094.
7094.
7093.
7093.
7093.
7093.
7093.
7092.
7092.
7089.
7088.
7085.
7083.
7079.
7076.
7072.
7070.
7069.
7068.
7069.
7069.
7068.
7070.
7070.
7070.
7069.
7071.
7071.
7072.
7072.
7074.
7074.
7075.
7076.
7075.
7076.
7075.
7075.
7076.
7077.
7077.
7077.
7077.
7078.
7078.
7079.
7078.
7077.
7078.
7078.
7078.
7079.
7079.
7078.
7079.
7079.
7079.
7078.
7079.
7078.
7079.
7078.
7078.
7077.
7077.
7077.
7078.
7079.
7077.
7078.
7077.
7077.
7077.
7076.
7077.
7075.
7075.
7074.
7075.
7074.
7073.
7074.
7074.
7073.
7070.
7070.
7071.
7070.
7070.
7069.
7069.
7068.
7068.
7068.
7068.
7066.
7066.
7066.
7063.
7062.
7063.
7062.
7061.
7062.
7060.
7061.
7059.
7058.
7057.
7058.
7057.
7057.
7056.
7054.
7055.
7053.
7052.
7052.
7050.
7050.
7048.
7047.
7047.
7045.
7044.
7043.
7041.
7039.
7039.
7038.
7036.
7035.
7034.
7033.
7031.
7030.
7029.
7028.
7026.
7025.
7023.
7022.
7021.
7020.
7019.
7018.
7016.
7015.
7013.
7011.
7010.
7008.
7006.
7005.
7004.
7002.
6999.
6998.
6997.
6996.
6994.
6993.
6991.
6989.
6988.
6988.
6985.
6984.
6982.
6981.
6980.
6979.
6978.
6978.
6976.
6975.
6975.
6974.
6973.
6973.
6971.
6971.
6970.
6970.
6969.
6968.
6968.
6967.
6968.
6967.
6967.
6966.
6966.
6965.
6965.
6965.
6964.
6964.
6963.
6964.
6964.
6963.
6962.
6962.
6962.
6962.
6962.
6961.
6961.
6960.
6961.
6961.
6961.
6961.
6961.
6961.
6962.
6962.
6962.
6961.
6962.
6961.
6962.
6961.
6963.
6962.
6962.
6963.
6964.
6963.
6962.
6963.
6963.
6963.
6963.
6964.
6964.
6965.
6966.
6967.
6967.
6967.
6967.
6968.
6968.
6969.
6970.
6968.
6969.
6969.
6969.
6970.
6970.
6971.
6971.
6971.
6972.
6971.
6971.
6972.
6972.
6973.
6973.
6973.
6975.
6974.
6974.
6974.
6974.
6974.
6974.
6974.
6975.
6975.
6975.
6975.
6975.
6975.
6975.
6975.
6975.
6976.
6975.
6975.
6975.
6976.
6974.
6974.
6973.
6974.
6973.
6973.
6973.
6973.
6972.
6972.
6971.
6971.
6970.
6970.
6970.
6970.
6969.
6968.
6968.
6967.
6967.
6967.
6966.
6966.
6965.
6965.
6965.
6964.
6963.
6964.
6963.
6963.
6962.
6961.
6961.
6961.
6959.
6959.
6958.
6957.
6957.
6956.
6955.
6954.
6954.
6954.
6952.
6952.
6951.
6950.
6950.
6949.
6947.
6947.
6946.
6945.
6947.
6952.
6960.
6973.
6989.
7006.
7027.
7046.
7065.
7083.
7100.
7117.
7133.
7149.
7163.
7176.
7190.
7200.
7209.
7216.
7220.
7222.
7224.
7225.
7226.
7226.
7228.
7228.
7230.
7231.
7233.
7235.
7235.
7238.
7238.
7240.
7242.
7243.
7244.
7246.
7246.
7248.
7249.
7250.
7250.
7251.
7251.
7250.
7251.
7251.
7252.
7252.
7251.
7251.
7251.
7249.
7248.
7247.
7245.
7244.
7243.
7242.
7240.
7237.
7235.
7233.
7231.
7229.
7227.
7224.
7222.
7218.
7216.
7212.
7209.
7207.
7204.
7200.
7196.
7194.
7189.
7185.
7181.
7177.
7174.
7170.
7166.
7161.
7157.
7154.
7149.
7146.
7141.
7136.
7133.
7129.
7124.
7121.
7118.
7117.
7121.
7129.
7140.
7156.
7173.
7191.
7211.
7228.
7246.
7263.
7279.
7295.
7311.
7328.
7345.
7360.
7374.
7385.
7395.
7404.
7409.
7410.
7411.
7409.
7408.
7407.
7408.
7409.
7410.
7410.
7411.
7412.
7412.
7413.
7414.
7414.
7417.
7418.
7419.
7420.
7421.
7423.
7424.
7426.
7427.
7429.
7429.
7430.
7432.
7433.
7434.
7435.
7437.
7437.
7439.
7440.
7441.
7442.
7442.
7443.
7445.
7446.
7447.
7449.
7449.
7450.
7452.
7452.
7453.
7454.
7454.
7454.
7456.
7457.
7457.
7457.
7458.
7460.
7459.
7460.
7460.
7461.
7460.
7461.
7461.
7461.
7460.
7460.
7459.
7459.
7458.
7458.
7457.
7457.
7456.
7455.
7454.
7452.
7450.
7450.
7448.
7445.
7444.
7442.
7439.
7437.
7433.
7432.
7428.
7426.
7423.
7419.
7416.
7413.
7410.
7407.
7403.
7398.
7394.
7391.
7387.
7382.
7379.
7375.
7371.
7368.
7368.
7369.
7375.
7384.
7396.
7409.
7424.
7440.
7454.
7468.
7481.
7493.
7503.
7515.
7527.
7538.
7547.
7554.
7557.
7559.
7560.
7559.
7558.
7558.
7558.
7558.
7558.
7560.
7560.
7561.
7562.
7562.
7564.
7564.
7566.
7567.
7567.
7570.
7571.
7572.
7573.
7574.
7575.
7576.
7578.
7578.
7580.
7581.
7584.
7585.
7586.
7589.
7590.
7591.
7594.
7596.
7597.
7599.
7601.
7604.
7606.
7607.
7612.
7613.
7616.
7619.
7621.
7624.
7627.
7630.
7632.
7634.
7638.
7642.
7645.
7647.
7650.
7654.
7656.
7659.
7659.
7657.
7651.
7646.
7639.
7633.
7629.
7625.
7626.
7627.
7628.
7631.
7635.
7637.
7639.
7642.
7645.
7646.
7648.
7649.
7651.
7653.
7655.
7656.
7658.
7660.
7660.
7663.
7662.
7663.
7664.
7666.
7667.
7666.
7667.
7667.
7668.
7668.
7668.
7669.
7668.
7667.
7668.
7668.
7668.
7666.
7666.
7665.
7664.
7663.
7662.
7661.
7660.
7658.
7656.
7654.
7652.
7651.
7647.
7646.
7643.
7641.
7639.
7637.
7633.
7630.
7628.
7623.
7620.
7618.
7616.
7612.
7608.
7605.
7601.
7597.
7594.
7591.
7587.
7584.
7581.
7576.
7571.
7568.
7564.
7560.
7556.
7551.
7547.
7544.
7540.
7537.
7534.
7536.
7541.
7549.
7560.
7570.
7582.
7595.
7608.
7618.
7628.
7637.
7646.
7655.
7664.
7671.
7676.
7678.
7679.
7679.
7679.
7679.
7678.
7677.
7676.
7676.
7678.
7677.
7677.
7677.
7678.
7679.
7680.
7680.
7681.
7681.
7682.
7683.
7684.
7684.
7685.
7686.
7686.
7687.
7688.
7688.
7689.
7691.
7692.
7693.
7694.
7695.
7697.
7698.
7700.
7701.
7703.
7703.
7705.
7707.
7709.
7710.
7712.
7713.
7716.
7717.
7719.
7722.
7725.
7726.
7729.
7732.
7735.
7737.
7740.
7742.
7744.
7747.
7749.
7753.
7757.
7760.
7763.
7766.
7769.
7774.
7776.
7779.
7781.
7781.
7779.
7775.
7769.
7764.
7760.
7758.
7758.
7758.
7759.
7761.
7764.
7766.
7769.
7771.
7771.
7774.
7775.