7808.
7806.
7804.
7802.
7801.
7799.
7797.
7795.
7794.
7792.
7790.
7789.
7786.
7784.
7782.
7779.
7777.
7775.
7773.
7770.
7767.
7765.
7762.
7760.
7758.
7755.
7752.
7750.
7747.
7744.
7741.
7738.
7735.
7733.
7730.
7728.
7725.
7721.
7718.
7715.
7713.
7711.
7711.
7715.
7717.
7723.
7730.
7737.
7745.
7750.
7756.
7762.
7766.
7767.
7770.
7771.
7770.
7770.
7769.
7767.
7766.
7766.
7765.
7764.
7765.
7764.
7764.
7764.
7763.
7763.
7763.
7763.
7763.
7763.
7762.
7762.
7762.
7761.
7761.
7762.
7760.
7760.
7759.
7759.
7759.
7759.
7759.
7758.
7758.
7758.
7758.
7758.
7757.
7757.
7757.
7757.
7756.
7756.
7756.
7757.
7756.
7756.
7756.
7756.
7756.
7756.
7756.
7755.
7755.
7756.
7755.
7755.
7754.
7756.
7755.
7755.
7755.
7756.
7755.
7756.
7755.
7755.
7755.
7755.
7755.
7755.
7756.
7755.
7756.
7756.
7757.
7756.
7756.
7756.
7756.
7756.
7757.
7756.
7757.
7757.
7756.
7757.
7758.
7758.
7757.
7758.
7757.
7759.
7759.
7759.
7759.
7759.
7761.
7760.
7760.
7760.
7760.
7761.
7762.
7761.
7761.
7762.
7762.
7762.
7763.
7762.
7763.
7763.
7764.
7764.
7765.
7765.
7764.
7765.
7766.
7766.
7766.
7766.
7767.
7768.
7768.
7768.
7768.
7770.
7769.
7771.
7772.
7771.
7771.
7772.
7773.
7774.
7774.
7775.
7775.
7775.
7776.
7777.
7778.
7778.
7780.
7781.
7781.
7784.
7785.
7786.
7788.
7790.
7790.
7792.
7794.
7793.
7793.
7789.
7784.
7779.
7773.
7770.
7767.
7766.
7766.
7766.
7768.
7770.
7772.
7773.
7775.
7776.
7777.
7777.
7778.
7779.
7780.
7781.
7783.
7783.
7784.
7785.
7785.
7786.
7787.
7788.
7789.
7789.
7789.
7789.
7790.
7790.
7791.
7790.
7791.
7791.
7792.
7792.
7792.
7792.
7792.
7791.
7792.
7792.
7791.
7791.
7791.
7790.
7790.
7789.
7790.
7788.
7788.
7787.
7787.
7786.
7785.
7784.
7783.
7782.
7781.
7780.
7778.
7777.
7776.
7774.
7773.
7772.
7769.
7768.
7767.
7765.
7762.
7761.
7760.
7758.
7756.
7754.
7752.
7750.
7747.
7746.
7742.
7740.
7737.
7734.
7732.
7729.
7727.
7725.
7722.
7720.
7717.
7714.
7710.
7710.
7712.
7716.
7722.
7730.
7739.
7748.
7757.
7763.
7767.
7772.
7772.
7775.
7774.
7775.
7774.
7773.
7772.
7773.
7773.
7771.
7771.
7771.
7772.
7772.
7772.
7771.
7770.
7772.
7772.
7772.
7772.
7772.
7772.
7773.
7773.
7772.
7771.
7772.
7773.
7772.
7773.
7773.
7773.
7773.
7773.
7774.
7774.
7775.
7774.
7772.
7774.
7774.
7774.
7774.
7775.
7775.
7775.
7776.
7776.
7776.
7776.
7776.
7777.
7778.
7778.
7778.
7779.
7779.
7780.
7781.
7782.
7782.
7783.
7785.
7786.
7787.
7788.
7789.
7791.
7793.
7794.
7795.
7797.
7798.
7800.
7803.
7805.
7807.
7808.
7810.
7812.
7812.
7810.
7807.
7802.
7795.
7790.
7786.
7784.
7783.
7784.
7786.
7787.
7789.
7791.
7793.
7794.
7795.
7795.
7797.
7798.
7799.
7800.
7801.
7802.
7804.
7806.
7805.
7806.
7808.
7807.
7809.
7809.
7810.
7810.
7811.
7812.
7813.
7813.
7814.
7814.
7815.
7815.
7815.
7814.
7815.
7815.
7816.
7815.
7815.
7815.
7815.
7814.
7813.
7814.
7814.
7813.
7813.
7812.
7810.
7810.
7810.
7810.
7808.
7807.
7806.
7806.
7803.
7802.
7801.
7800.
7798.
7797.
7796.
7793.
7792.
7790.
7789.
7786.
7785.
7783.
7780.
7779.
7775.
7773.
7771.
7770.
7767.
7765.
7763.
7759.
7757.
7754.
7751.
7749.
7746.
7744.
7741.
7737.
7736.
7733.
7730.
7727.
7723.
7722.
7719.
7719.
7719.
7723.
7728.
7734.
7742.
7751.
7757.
7763.
7769.
7773.
7776.
7777.
7779.
7779.
7780.
7777.
7778.
7777.
7777.
7775.
7776.
7776.
7774.
7775.
7775.
7774.
7775.
7775.
7774.
7774.
7774.
7774.
7774.
7775.
7774.
7774.
7774.
7774.
7774.
7774.
7774.
7773.
7772.
7773.
7773.
7773.
7774.
7773.
7774.
7774.
7773.
7774.
7774.
7774.
7774.
7774.
7774.
7774.
7775.
7775.
7776.
7777.
7777.
7778.
7779.
7780.
7780.
7782.
7782.
7783.
7784.
7784.
7786.
7788.
7790.
7790.
7792.
7794.
7795.
7797.
7798.
7800.
7803.
7804.
7804.
7804.
7802.
7797.
7792.
7787.
7783.
7779.
7776.
7775.
7775.
7775.
7776.
7779.
7779.
7780.
7782.
7784.
7785.
7787.
7787.
7788.
7789.
7789.
7790.
7791.
7792.
7793.
7793.
7794.
7795.
7797.
7796.
7797.
7796.
7797.
7797.
7797.
7799.
7799.
7799.
7800.
7799.
7800.
7798.
7798.
7799.
7799.
7799.
7797.
7798.
7797.
7797.
7797.
7796.
7795.
7795.
7795.
7794.
7793.
7793.
7792.
7790.
7789.
7788.
7786.
7785.
7785.
7784.
7782.
7781.
7779.
7777.
7775.
7775.
7772.
7770.
7769.
7767.
7765.
7763.
7761.
7759.
7758.
7755.
7752.
7750.
7748.
7746.
7742.
7741.
7738.
7736.
7733.
7731.
7729.
7727.
7729.
7732.
7737.
7745.
7753.
7762.
7770.
7777.
7785.
7790.
7794.
7796.
7798.
7796.
7795.
7794.
7794.
7793.
7793.
7792.
7792.
7792.
7791.
7792.
7792.
7792.
7792.
7792.
7792.
7792.
7792.
7792.
7792.
7792.
7791.
7792.
7791.
7792.
7792.
7791.
7791.
7792.
7791.
7791.
7790.
7790.
7791.
7790.
7790.
7790.
7790.
7790.
7790.
7788.
7788.
7789.
7788.
7788.
7787.
7787.
7785.
7785.
7784.
7784.
7783.
7783.
7782.
7781.
7780.
7780.
7779.
7778.
7777.
7776.
7775.
7774.
7772.
7771.
7770.
7768.
7767.
7766.
7763.
7763.
7760.
7759.
7757.
7756.
7753.
7751.
7748.
7746.
7744.
7742.
7740.
7737.
7735.
7732.
7730.
7728.
7726.
7722.
7720.
7718.
7715.
7712.
7709.
7707.
7703.
7700.
7697.
7695.
7692.
7689.
7685.
7683.
7682.
7682.
7685.
7691.
7699.
7706.
7716.
7725.
7733.
7738.
7743.
7746.
7749.
7753.
7754.
7754.
7754.
7753.
7752.
7751.
7750.
7751.
7750.
7749.
7749.
7749.
7749.
7748.
7749.
7748.
7748.
7749.
7748.
7748.
7749.
7748.
7748.
7749.
7749.
7749.
7748.
7749.
7749.
7749.
7750.
7750.
7750.
7750.
7751.
7750.
7752.
7752.
7753.
7753.
7753.
7753.
7754.
7756.
7756.
7756.
7757.
7758.
7759.
7760.
7761.
7761.
7764.
7763.
7766.
7767.
7768.
7769.
7771.
7772.
7774.
7775.
7778.
7780.
7783.
7784.
7785.
7787.
7788.
7786.
7783.
7778.
7771.
7766.
7762.
7760.
7759.
7759.
7761.
7763.
7765.
7767.
7768.
7771.
7771.
7772.
7772.
7774.
7775.
7777.
7779.
7779.
7779.
7781.
7781.
7783.
7784.
7785.
7786.
7786.
7787.
7788.
7789.
7790.
7791.
7792.
7792.
7793.
7794.
7794.
7794.
7795.
7796.
7797.
7799.
7798.
7798.
7799.
7798.
7800.
7800.
7800.
7799.
7801.
7800.
7802.
7801.
7802.
7802.
7802.
7802.
7803.
7803.
7802.
7803.
7803.
7802.
7803.
7804.
7803.
7802.
7802.
7802.
7803.
7803.
7802.
7802.
7802.
7802.
7802.
7802.
7802.
7801.
7801.
7801.
7800.
7800.
7798.
7798.
7797.
7797.
7796.
7795.
7795.
7794.
7793.
7792.
7790.
7789.
7787.
7786.
7786.
7784.
7782.
7781.
7779.
7778.
7775.
7773.
7772.
7770.
7767.
7766.
7763.
7762.
7759.
7757.
7754.
7753.
7749.
7747.
7745.
7742.
7739.
7736.
7735.
7733.
7730.
7727.
7725.
7722.
7718.
7716.
7713.
7710.
7707.
7705.
7702.
7700.
7700.
7701.
7705.
7713.
7721.
7731.
7741.
7749.
7757.
7763.
7768.
7771.
7772.
7771.
7770.
7770.
7769.
7768.
7767.
7766.
7766.
7766.
7765.
7764.
7765.
7765.
7764.
7765.
7764.
7765.
7764.
7764.
7765.
7763.
7763.
7763.
7764.
7764.
7764.
7764.
7764.
7764.
7764.
7763.
7763.
7764.
7764.
7765.
7765.
7765.
7765.
7765.
7766.
7766.
7765.
7765.
7766.
7766.
7765.
7767.
7767.
7767.
7768.
7768.
7768.
7768.
7769.
7769.
7770.
7770.
7771.
7771.
7772.
7772.
7773.
7773.
7774.
7775.
7776.
7777.
7778.
7778.
7779.
7781.
7781.
7783.
7784.
7785.
7785.
7787.
7789.
7790.
7792.
7792.
7795.
7795.
7796.
7799.
7800.
7801.
7803.
7805.
7807.
7807.
7804.
7801.
7796.
7790.
7783.
7777.
7775.
7772.
7772.
7773.
7773.
7775.
7776.
7778.
7779.
7781.
7782.
7782.
7783.
7784.
7784.
7786.
7786.
7787.
7787.
7788.
7789.
7789.
7789.
7789.
7791.
7790.
7790.
7790.
7790.
7790.
7790.
7790.
7790.
7790.
7790.
7790.
7789.
7790.
7788.
7788.
7787.
7787.
7785.
7785.
7785.
7783.
7783.
7781.
7780.
7780.
7778.
7777.
7776.
7775.
7773.
7772.
7770.
7769.
7767.
7766.
7764.
7762.
7760.
7759.
7757.
7755.
7754.
7752.
7750.
7747.
7745.
7743.
7741.
7738.
7737.
7734.
7732.
7730.
7727.
7725.
7722.
7721.
7717.
7715.
7713.
7710.
7706.
7704.
7701.
7698.
7696.
7694.
7692.
7692.
7693.
7698.
7704.
7712.
7722.
7732.
7739.
7747.
7752.
7757.
7760.
7762.
7763.
7763.
7762.
7761.
7760.
7759.
7758.
7758.
7758.
7758.
7757.
7758.
7758.
7758.
7757.
7756.
7757.
7757.
7757.
7757.
7756.
7757.
7757.
7757.
7757.
7758.
7757.
7758.
7759.
7758.
7759.
7759.
7759.
7760.
7759.
7760.
7760.
7762.
7762.
7761.
7761.
7763.
7763.
7764.
7763.
7764.
7764.
7765.
7766.
7767.
7768.
7769.
7770.
7771.
7772.
7773.
7774.
7776.
7777.
7778.
7779.
7781.
7781.
7781.
7785.
7785.
7787.
7787.
7784.
7781.
7775.
7768.
7761.
7757.
7752.
7750.
7750.
7750.
7751.
7751.
7752.
7756.
7756.
7759.
7760.
7761.
7761.
7763.
7763.
7763.
7766.
7767.
7767.
7767.
7768.
7769.
7770.
7771.
7771.
7771.
7771.
7773.
7773.
7774.
7773.
7775.
7776.
7774.
7775.
7774.
7774.
7774.
7773.
7775.
7775.
7775.
7774.
7775.
7774.
7773.
7773.
7772.
7772.
7771.
7769.
7769.
7768.
7767.
7766.
7765.
7765.
7764.
7763.
7762.
7760.
7758.
7756.
7757.
7754.
7753.
7752.
7749.
7748.
7746.
7744.
7743.
7740.
7738.
7737.
7735.
7733.
7732.
7728.
7727.
7725.
7722.
7720.
7716.
7715.
7712.
7711.
7708.
7705.
7703.
7700.
7698.
7695.
7693.
7690.
7687.
7685.
7681.
7679.
7676.
7674.
7671.
7668.
7666.
7662.
7661.
7657.
7656.
7656.
7659.
7664.
7673.
7683.
7694.
7705.
7715.
7724.
7731.
7737.
7742.
7746.
7748.
7749.
7749.
7749.
7748.
7747.
7747.
7748.
7747.
7746.
7746.
7746.
7746.
7746.
7745.
7746.
7745.
7747.
7747.
7747.
7748.
7747.
7747.
7748.
7748.
7748.
7749.
7749.
7749.
7750.
7751.
7750.
7750.
7752.
7752.
7752.
7753.
7753.
7753.
7754.
7754.
7755.
7755.
7757.
7757.
7757.
7757.
7758.
7759.
7760.
7760.
7761.
7762.
7763.
7763.
7764.
7766.
7766.
7767.
7768.
7770.
7771.
7772.
7772.
7773.
7774.
7772.
7769.
7763.
7755.
7747.
7738.
7730.
7725.
7722.
7721.
7722.
7722.
7723.
7725.
7725.
7726.
7727.
7727.
7727.
7729.
7730.
7730.
7731.
7731.
7731.
7732.
7733.
7733.
7733.
7733.
7732.
7732.
7733.
7731.
7733.
7733.
7732.
7732.
7731.
7731.
7730.
7731.
7730.
7728.
7727.
7727.
7726.
7725.
7725.
7724.
7723.
7722.
7720.
7719.
7718.
7716.
7715.
7713.
7713.
7709.
7708.
7706.
7705.
7704.
7702.
7701.
7699.
7696.
7694.
7692.
7690.
7688.
7686.
7684.
7681.
7679.
7676.
7674.
7671.
7669.
7667.
7663.
7661.
7659.
7656.
7652.
7651.
7647.
7644.
7642.
7639.
7636.
7633.
7629.
7626.
7623.
7620.
7617.
7615.
7610.
7606.
7603.
7599.
7596.
7594.
7591.
7590.
7591.
7595.
7601.
7612.
7623.
7635.
7648.
7658.
7669.
7676.
7682.
7687.
7690.
7693.
7693.
7693.
7692.
7690.
7689.
7689.
7687.
7686.
7685.
7685.
7685.
7685.
7684.
7684.
7684.
7683.
7684.
7683.
7682.
7682.
7683.
7684.
7682.
7682.
7682.
7681.
7681.
7681.
7681.
7682.
7681.
7681.
7681.
7681.
7681.
7681.
7682.
7681.
7681.
7683.
7682.
7683.
7682.
7683.
7683.
7683.
7685.
7685.
7685.
7685.
7687.
7688.
7689.
7690.
7690.
7691.
7692.
7694.
7695.
7695.
7697.
7696.
7696.
7696.
7692.
7688.
7681.
7671.
7662.
7653.
7646.
7641.
7638.
7638.
7638.
7639.
7642.
7643.
7644.
7646.
7648.
7649.
7648.
7650.
7650.
7652.
7653.
7652.
7654.
7655.
7656.
7657.
7657.
7657.
7657.
7658.
7658.
7659.
7660.
7660.
7660.
7661.
7659.
7659.
7661.
7660.
7660.
7660.
7659.
7660.
7660.
7659.
7658.
7658.
7657.
7657.
7656.
7656.
7656.
7654.
7654.
7653.
7652.
7651.
7651.
7650.
7649.
7648.
7646.
7646.
7645.
7644.
7643.
7643.
7641.
7640.
7638.
7636.
7636.
7633.
7633.
7632.
7629.
7628.
7627.
7624.
7623.
7621.
7618.
7618.
7614.
7613.
7610.
7608.
7606.
7603.
7601.
7599.
7597.
7595.
7592.
7589.
7587.
7584.
7582.
7579.
7576.
7573.
7570.
7568.
7564.
7561.
7559.
7555.
7553.
7550.
7547.
7544.
7540.
7538.
7535.
7531.
7527.
7524.
7520.
7518.
7515.
7511.
7508.
7504.
7500.
7498.
7495.
7491.
7488.
7487.
7486.
7489.
7494.
7502.
7513.
7524.
7536.
7548.
7556.
7564.
7572.
7580.
7586.
7591.
7595.
7597.
7599.
7599.
7598.
7597.
7595.
7595.
7593.
7593.
7592.
7593.
7591.
7592.
7591.
7591.
7590.
7590.
7591.
7591.
7591.
7590.
7590.
7590.
7590.
7589.
7588.
7588.
7589.
7588.
7589.
7588.
7589.
7589.
7590.
7588.
7589.
7589.
7589.
7589.
7590.
7589.
7589.
7590.
7591.
7591.
7590.
7590.
7591.
7591.
7592.
7592.
7593.
7594.
7595.
7596.
7596.
7597.
7598.
7597.
7599.
7599.
7600.
7601.
7602.
7602.
7599.
7597.
7591.
7583.
7575.
7565.
7557.
7548.
7545.
7544.
7542.
7543.
7545.
7546.
7546.
7547.
7549.
7550.
7550.
7551.
7552.
7551.
7553.
7553.
7553.
7554.
7554.
7554.
7554.
7554.
7554.
7555.
7555.
7553.
7553.
7554.
7553.
7554.
7552.
7552.
7550.
7550.
7550.
7548.
7548.
7547.
7546.
7546.
7543.
7543.
7542.
7541.
7538.
7537.
7535.
7535.
7533.
7532.
7530.
7527.
7526.
7525.
7522.
7518.
7517.
7515.
7513.
7509.
7509.
7506.
7503.
7500.
7497.
7495.
7493.
7489.
7487.
7485.
7481.
7479.
7474.
7472.
7469.
7466.
7463.
7460.
7456.
7452.
7450.
7446.
7444.
7440.
7436.
7433.
7430.
7426.
7422.
7420.
7416.
7412.
7409.
7405.
7402.
7399.
7395.
7391.
7388.
7385.
7381.
7378.
7374.
7371.
7368.
7365.
7364.
7363.
7365.
7368.
7376.
7385.
7396.
7410.
7422.
7434.
7443.
7449.
7456.
7460.
7465.
7467.
7469.
7468.
7466.
7467.
7464.
7464.
7461.
7460.
7459.
7460.
7459.
7458.
7458.
7457.
7456.
7457.
7456.
7455.
7455.
7454.
7454.
7454.
7454.
7454.
7454.
7453.
7453.
7452.
7452.
7451.
7450.
7450.
7451.
7451.
7450.
7449.
7450.
7449.
7449.
7449.
7449.
7448.
7449.
7448.
7448.
7449.
7449.
7449.
7449.
7449.
7449.
7449.
7449.
7449.
7449.
7450.
7451.
7452.
7452.
7452.
7453.
7453.
7454.
7456.
7455.
7456.
7455.
7455.
7456.
7456.
7453.
7449.
7443.
7434.
7425.
7413.
7403.
7394.
7388.
7383.
7383.
7382.
7383.
7385.
7385.
7387.
7388.
7389.
7390.
7391.
7391.
7391.
7391.
7391.
7392.
7392.
7392.
7393.
7393.
7392.
7392.
7392.
7391.
7391.
7391.
7392.
7391.
7390.
7389.
7389.
7388.
7388.
7386.
7386.
7385.
7383.
7382.
7381.
7381.
7379.
7378.
7377.
7377.
7374.
7373.
7371.
7371.
7368.
7366.
7365.
7363.
7361.
7360.
7358.
7358.
7356.
7354.
7352.
7350.
7349.
7347.
7346.
7343.
7343.
7340.
7339.
7337.
7336.
7334.
7333.
7331.
7330.
7328.
7326.
7325.
7324.
7322.
7320.
7318.
7317.
7315.
7315.
7314.
7311.
7311.
7310.
7308.
7307.
7304.
7303.
7302.
7301.
7299.
7300.
7298.
7297.
7294.
7294.
7293.
7293.
7291.
7290.
7288.
7288.
7286.
7285.
7285.
7283.
7282.
7280.
7281.
7280.
7278.
7277.
7276.
7276.
7275.
7274.
7273.
7271.
7271.
7269.
7269.
7268.
7267.
7266.
7265.
7264.
7264.
7262.
7262.
7262.
7260.
7260.
7259.
7259.
7258.
7257.
7256.
7256.
7256.
7255.
7255.
7254.
7254.
7252.
7252.
7251.
7251.
7250.
7250.
7250.
7250.
7249.
7249.
7247.
7247.
7246.
7246.
7246.
7246.
7245.
7243.
7244.
7244.
7244.
7243.
7243.
7243.
7243.
7242.
7244.
7242.
7241.
7241.
7241.
7240.
7240.
7238.
7239.
7239.
7238.
7237.
7236.
7236.
7236.
7235.
7234.
7234.
7233.
7232.
7232.
7232.
7231.
7230.
7229.
7228.
7228.
7227.
7227.
7226.
7225.
7224.
7224.
7223.
7222.
7221.
7219.
7219.
7218.
7216.
7215.
7214.
7213.
7211.
7209.
7208.
7208.
7205.
7203.
7202.
7200.
7198.
7198.
7196.
7193.
7192.
7191.
7188.
7186.
7184.
7183.
7179.
7177.
7175.
7172.
7170.
7167.
7165.
7162.
7159.
7156.
7154.
7152.
7149.
7146.
7143.
7141.
7139.
7135.
7132.
7129.
7126.
7124.
7121.
7119.
7115.
7113.
7110.
7107.
7103.
7100.
7098.
7095.
7092.
7090.
7087.
7085.
7082.
7079.
7077.
7074.
7073.
7070.
7068.
7066.
7063.
7060.
7059.
7058.
7055.
7053.
7051.
7050.
7047.
7045.
7044.
7042.
7041.
7039.
7038.
7038.
7035.
7033.
7033.
7031.
7030.
7030.
7029.
7028.
7027.
7027.
7026.
7027.
7025.
7024.
7024.
7023.
7023.
7024.
7022.
7021.
7021.
7021.
7021.
7020.
7020.
7019.
7020.
7020.
7019.
7020.
7019.
7020.
7020.
7020.
7021.