7775.
7786.
7795.
7804.
7812.
7817.
7821.
7821.
7821.
7821.
7820.
7818.
7817.
7818.
7816.
7816.
7815.
7815.
7815.
7815.
7814.
7814.
7815.
7815.
7814.
7814.
7814.
7814.
7814.
7815.
7814.
7814.
7814.
7814.
7815.
7816.
7815.
7816.
7816.
7816.
7815.
7815.
7816.
7817.
7816.
7817.
7818.
7818.
7818.
7818.
7818.
7819.
7819.
7819.
7821.
7821.
7821.
7821.
7822.
7822.
7823.
7823.
7824.
7825.
7825.
7827.
7826.
7827.
7828.
7829.
7830.
7829.
7831.
7832.
7832.
7834.
7834.
7835.
7836.
7838.
7839.
7840.
7840.
7843.
7844.
7845.
7847.
7850.
7850.
7852.
7854.
7856.
7858.
7860.
7861.
7863.
7867.
7869.
7871.
7873.
7871.
7869.
7866.
7861.
7856.
7853.
7851.
7850.
7851.
7852.
7854.
7856.
7857.
7859.
7860.
7862.
7863.
7863.
7865.
7866.
7866.
7867.
7868.
7869.
7869.
7870.
7869.
7871.
7871.
7871.
7870.
7871.
7871.
7871.
7871.
7870.
7870.
7870.
7869.
7868.
7868.
7867.
7866.
7866.
7865.
7863.
7863.
7861.
7860.
7858.
7857.
7855.
7854.
7852.
7850.
7848.
7846.
7845.
7843.
7841.
7838.
7838.
7835.
7833.
7829.
7827.
7825.
7822.
7820.
7817.
7815.
7813.
7810.
7807.
7804.
7801.
7799.
7796.
7792.
7790.
7788.
7786.
7782.
7778.
7775.
7772.
7769.
7765.
7763.
7759.
7756.
7754.
7750.
7750.
7752.
7754.
7762.
7769.
7777.
7787.
7796.
7803.
7810.
7815.
7819.
7821.
7823.
7826.
7826.
7825.
7825.
7823.
7823.
7822.
7822.
7822.
7822.
7821.
7822.
7822.
7821.
7821.
7821.
7822.
7822.
7821.
7820.
7820.
7820.
7821.
7821.
7821.
7821.
7821.
7821.
7821.
7820.
7821.
7821.
7821.
7821.
7821.
7822.
7821.
7822.
7823.
7822.
7821.
7822.
7822.
7822.
7822.
7822.
7822.
7822.
7823.
7823.
7823.
7824.
7824.
7823.
7824.
7823.
7824.
7825.
7825.
7826.
7825.
7826.
7826.
7827.
7828.
7828.
7829.
7829.
7830.
7831.
7830.
7831.
7831.
7831.
7833.
7834.
7835.
7836.
7838.
7840.
7839.
7841.
7842.
7844.
7845.
7847.
7848.
7851.
7851.
7853.
7856.
7858.
7860.
7861.
7863.
7862.
7862.
7858.
7854.
7848.
7842.
7840.
7837.
7837.
7837.
7837.
7839.
7840.
7843.
7844.
7845.
7846.
7846.
7847.
7846.
7848.
7849.
7848.
7849.
7850.
7850.
7850.
7851.
7850.
7849.
7850.
7850.
7850.
7850.
7849.
7849.
7847.
7847.
7846.
7845.
7845.
7843.
7842.
7841.
7840.
7838.
7836.
7835.
7833.
7832.
7830.
7828.
7826.
7824.
7821.
7820.
7818.
7816.
7813.
7811.
7808.
7806.
7804.
7800.
7797.
7796.
7792.
7790.
7787.
7784.
7782.
7779.
7774.
7773.
7769.
7766.
7764.
7761.
7758.
7755.
7752.
7748.
7745.
7742.
7738.
7736.
7738.
7740.
7745.
7751.
7760.
7769.
7777.
7787.
7793.
7799.
7805.
7807.
7810.
7811.
7812.
7812.
7810.
7809.
7809.
7808.
7808.
7808.
7807.
7807.
7808.
7807.
7807.
7807.
7807.
7807.
7808.
7808.
7808.
7807.
7808.
7807.
7808.
7808.
7808.
7809.
7808.
7809.
7809.
7810.
7810.
7810.
7811.
7811.
7812.
7812.
7814.
7813.
7815.
7815.
7816.
7817.
7818.
7818.
7820.
7821.
7822.
7823.
7824.
7827.
7827.
7829.
7830.
7831.
7833.
7835.
7837.
7839.
7840.
7841.
7845.
7848.
7849.
7851.
7854.
7856.
7857.
7858.
7857.
7854.
7850.
7843.
7837.
7834.
7832.
7831.
7830.
7832.
7834.
7836.
7838.
7840.
7841.
7843.
7844.
7845.
7846.
7847.
7848.
7848.
7850.
7850.
7850.
7851.
7852.
7853.
7854.
7855.
7855.
7855.
7854.
7855.
7855.
7855.
7855.
7855.
7855.
7853.
7853.
7853.
7852.
7852.
7851.
7851.
7850.
7850.
7848.
7848.
7848.
7845.
7844.
7843.
7842.
7840.
7839.
7837.
7836.
7833.
7831.
7830.
7828.
7826.
7824.
7822.
7820.
7818.
7816.
7813.
7811.
7809.
7806.
7804.
7802.
7799.
7796.
7794.
7791.
7788.
7786.
7782.
7780.
7777.
7774.
7771.
7767.
7765.
7763.
7760.
7757.
7754.
7750.
7747.
7744.
7742.
7741.
7743.
7748.
7754.
7763.
7771.
7780.
7788.
7796.
7801.
7806.
7810.
7813.
7815.
7817.
7817.
7817.
7816.
7816.
7815.
7814.
7814.
7814.
7814.
7813.
7813.
7813.
7813.
7813.
7814.
7814.
7813.
7815.
7814.
7815.
7814.
7815.
7815.
7816.
7817.
7817.
7817.
7817.
7819.
7819.
7819.
7820.
7821.
7821.
7822.
7823.
7824.
7825.
7826.
7827.
7828.
7830.
7831.
7832.
7833.
7835.
7836.
7838.
7840.
7840.
7843.
7845.
7847.
7849.
7851.
7852.
7854.
7857.
7859.
7860.
7863.
7867.
7868.
7868.
7869.
7867.
7864.
7858.
7852.
7847.
7844.
7843.
7842.
7842.
7844.
7845.
7848.
7849.
7851.
7853.
7853.
7855.
7857.
7857.
7859.
7859.
7861.
7862.
7862.
7863.
7864.
7865.
7866.
7867.
7867.
7867.
7868.
7868.
7867.
7868.
7868.
7869.
7869.
7869.
7869.
7869.
7868.
7868.
7867.
7867.
7867.
7866.
7865.
7864.
7863.
7862.
7862.
7860.
7859.
7858.
7856.
7855.
7854.
7851.
7851.
7848.
7847.
7845.
7843.
7842.
7840.
7837.
7835.
7833.
7832.
7830.
7827.
7824.
7822.
7820.
7818.
7815.
7812.
7810.
7806.
7804.
7801.
7798.
7796.
7792.
7791.
7788.
7785.
7781.
7777.
7775.
7773.
7769.
7766.
7763.
7760.
7757.
7754.
7751.
7748.
7745.
7743.
7743.
7744.
7748.
7755.
7763.
7771.
7778.
7787.
7794.
7799.
7805.
7809.
7811.
7813.
7813.
7813.
7811.
7811.
7810.
7810.
7808.
7807.
7808.
7809.
7808.
7807.
7806.
7806.
7806.
7806.
7806.
7807.
7806.
7806.
7807.
7806.
7806.
7807.
7806.
7807.
7806.
7806.
7807.
7808.
7808.
7810.
7809.
7810.
7810.
7811.
7811.
7811.
7811.
7812.
7813.
7814.
7816.
7816.
7816.
7817.
7819.
7820.
7821.
7821.
7824.
7825.
7826.
7828.
7830.
7831.
7834.
7835.
7837.
7838.
7840.
7842.
7844.
7846.
7849.
7851.
7852.
7854.
7857.
7859.
7861.
7862.
7860.
7856.
7851.
7846.
7841.
7836.
7834.
7832.
7832.
7833.
7834.
7836.
7838.
7840.
7842.
7842.
7845.
7845.
7847.
7848.
7849.
7850.
7851.
7852.
7853.
7852.
7852.
7854.
7854.
7855.
7855.
7856.
7856.
7856.
7857.
7857.
7857.
7856.
7856.
7856.
7856.
7855.
7855.
7854.
7854.
7852.
7851.
7850.
7850.
7849.
7848.
7847.
7845.
7844.
7843.
7841.
7840.
7839.
7837.
7835.
7833.
7832.
7829.
7828.
7825.
7823.
7821.
7820.
7818.
7815.
7813.
7811.
7808.
7807.
7803.
7801.
7799.
7797.
7794.
7791.
7788.
7785.
7783.
7780.
7778.
7776.
7771.
7769.
7766.
7763.
7760.
7758.
7757.
7756.
7758.
7762.
7770.
7778.
7788.
7797.
7804.
7810.
7815.
7821.
7826.
7831.
7835.
7836.
7837.
7835.
7834.
7833.
7833.
7832.
7832.
7832.
7831.
7831.
7830.
7830.
7830.
7830.
7830.
7830.
7830.
7829.
7829.
7829.
7829.
7829.
7830.
7829.
7829.
7829.
7829.
7830.
7830.
7831.
7830.
7830.
7831.
7831.
7832.
7831.
7832.
7833.
7834.
7834.
7834.
7835.
7836.
7837.
7838.
7838.
7838.
7839.
7840.
7841.
7841.
7842.
7843.
7844.
7845.
7846.
7847.
7848.
7850.
7851.
7853.
7854.
7854.
7856.
7859.
7860.
7861.
7861.
7861.
7858.
7854.
7849.
7844.
7838.
7834.
7833.
7833.
7834.
7835.
7837.
7838.
7840.
7841.
7842.
7844.
7844.
7845.
7847.
7848.
7849.
7849.
7850.
7851.
7852.
7851.
7852.
7852.
7853.
7853.
7853.
7853.
7853.
7853.
7853.
7854.
7854.
7854.
7854.
7853.
7853.
7852.
7852.
7851.
7851.
7851.
7850.
7848.
7848.
7846.
7845.
7844.
7843.
7841.
7840.
7838.
7837.
7834.
7832.
7831.
7830.
7828.
7825.
7823.
7821.
7818.
7817.
7815.
7811.
7809.
7807.
7804.
7802.
7799.
7796.
7794.
7791.
7789.
7786.
7784.
7780.
7777.
7774.
7771.
7767.
7765.
7762.
7759.
7756.
7752.
7751.
7749.
7751.
7753.
7757.
7764.
7773.
7782.
7791.
7801.
7807.
7813.
7818.
7822.
7823.
7824.
7824.
7823.
7823.
7822.
7820.
7820.
7820.
7819.
7818.
7819.
7819.
7819.
7817.
7818.
7818.
7817.
7817.
7817.
7815.
7816.
7815.
7816.
7815.
7816.
7815.
7816.
7815.
7815.
7815.
7815.
7815.
7816.
7815.
7815.
7815.
7815.
7816.
7815.
7814.
7815.
7815.
7815.
7814.
7813.
7813.
7814.
7814.
7813.
7812.
7814.
7814.
7814.
7814.
7813.
7812.
7813.
7813.
7813.
7814.
7815.
7814.
7815.
7815.
7815.
7814.
7814.
7814.
7815.
7815.
7816.
7817.
7817.
7817.
7817.
7819.
7819.
7819.
7820.
7821.
7821.
7822.
7823.
7825.
7825.
7827.
7828.
7829.
7831.
7832.
7834.
7835.
7837.
7838.
7839.
7841.
7841.
7841.
7839.
7835.
7829.
7823.
7817.
7814.
7811.
7811.
7812.
7812.
7813.
7815.
7817.
7818.
7820.
7821.
7821.
7821.
7823.
7824.
7825.
7824.
7825.
7827.
7828.
7829.
7828.
7828.
7828.
7828.
7830.
7830.
7829.
7830.
7830.
7829.
7830.
7829.
7829.
7828.
7828.
7827.
7826.
7826.
7824.
7823.
7823.
7821.
7819.
7819.
7817.
7817.
7815.
7813.
7811.
7810.
7808.
7806.
7804.
7803.
7800.
7800.
7797.
7795.
7792.
7789.
7788.
7786.
7783.
7781.
7779.
7776.
7773.
7771.
7769.
7766.
7763.
7760.
7757.
7755.
7752.
7749.
7745.
7742.
7740.
7736.
7734.
7731.
7728.
7725.
7722.
7717.
7714.
7710.
7707.
7704.
7701.
7698.
7696.
7698.
7700.
7705.
7714.
7724.
7735.
7745.
7753.
7762.
7767.
7772.
7774.
7777.
7778.
7777.
7776.
7775.
7773.
7772.
7771.
7770.
7769.
7769.
7769.
7769.
7768.
7768.
7767.
7766.
7767.
7767.
7767.
7767.
7766.
7766.
7765.
7764.
7766.
7765.
7766.
7766.
7765.
7766.
7766.
7765.
7766.
7765.
7766.
7766.
7767.
7768.
7768.
7768.
7768.
7769.
7769.
7771.
7772.
7772.
7772.
7773.
7775.
7775.
7776.
7777.
7779.
7779.
7780.
7782.
7784.
7784.
7785.
7787.
7788.
7790.
7791.
7793.
7795.
7796.
7798.
7799.
7800.
7801.
7800.
7796.
7791.
7784.
7775.
7768.
7763.
7758.
7757.
7755.
7757.
7759.
7761.
7763.
7765.
7766.
7767.
7769.
7771.
7772.
7773.
7776.
7774.
7777.
7778.
7778.
7780.
7781.
7782.
7782.
7783.
7783.
7785.
7785.
7785.
7786.
7787.
7787.
7786.
7787.
7787.
7788.
7788.
7789.
7788.
7787.
7788.
7787.
7786.
7786.
7786.
7786.
7786.
7786.
7785.
7784.
7784.
7783.
7783.
7782.
7781.
7780.
7778.
7776.
7775.
7775.
7773.
7773.
7771.
7769.
7767.
7767.
7764.
7763.
7761.
7760.
7758.
7755.
7754.
7752.
7750.
7748.
7746.
7744.
7741.
7738.
7735.
7734.
7731.
7729.
7726.
7724.
7721.
7720.
7716.
7712.
7711.
7707.
7704.
7702.
7699.
7695.
7691.
7689.
7686.
7683.
7681.
7677.
7674.
7671.
7667.
7663.
7659.
7658.
7654.
7651.
7652.
7654.
7660.
7669.
7678.
7689.
7699.
7711.
7720.
7729.
7735.
7742.
7745.
7748.
7751.
7751.
7749.
7749.
7748.
7746.
7744.
7743.
7743.
7743.
7741.
7742.
7741.
7742.
7740.
7739.
7740.
7739.
7740.
7739.
7739.
7739.
7740.
7739.
7739.
7739.
7739.
7739.
7741.
7741.
7740.
7741.
7741.
7742.
7743.
7743.
7743.
7744.
7744.
7745.
7746.
7747.
7748.
7748.
7749.
7750.
7752.
7753.
7754.
7754.
7755.
7756.
7758.
7758.
7760.
7762.
7764.
7764.
7765.
7768.
7769.
7770.
7772.
7773.
7773.
7774.
7772.
7767.
7761.
7754.
7746.
7740.
7735.
7734.
7734.
7734.
7735.
7738.
7739.
7742.
7744.
7744.
7745.
7746.
7748.
7749.
7751.
7753.
7753.
7754.
7756.
7758.
7758.
7758.
7759.
7760.
7762.
7763.
7762.
7763.
7764.
7764.
7764.
7766.
7765.
7766.
7767.
7767.
7767.
7767.
7767.
7768.
7767.
7768.
7768.
7769.
7769.
7769.
7768.
7767.
7768.
7768.
7767.
7767.
7767.
7767.
7767.
7766.
7765.
7764.
7764.
7763.
7763.
7761.
7761.
7760.
7760.
7758.
7758.
7756.
7754.
7753.
7752.
7751.
7750.
7748.
7747.
7744.
7743.
7742.
7739.
7738.
7735.
7734.
7732.
7729.
7727.
7724.
7722.
7720.
7718.
7716.
7712.
7709.
7708.
7705.
7703.
7699.
7696.
7693.
7690.
7688.
7684.
7680.
7677.
7674.
7672.
7669.
7665.
7662.
7659.
7656.
7651.
7649.
7645.
7643.
7639.
7635.
7630.
7627.
7625.
7621.
7618.
7614.
7611.
7606.
7603.
7601.
7599.
7600.
7604.
7611.
7621.
7632.
7645.
7656.
7667.
7675.
7682.
7689.
7694.
7697.
7700.
7703.
7703.
7702.
7700.
7698.
7697.
7696.
7694.
7693.
7693.
7692.
7692.
7690.
7690.
7690.
7690.
7690.
7689.
7689.
7688.
7686.
7687.
7686.
7686.
7685.
7685.
7685.
7685.
7684.
7684.
7684.
7683.
7682.
7682.
7682.
7682.
7682.
7682.
7682.
7682.
7681.
7681.
7681.
7680.
7681.
7681.
7681.
7681.
7682.
7681.
7681.
7681.
7682.
7681.
7682.
7681.
7682.
7683.
7683.
7684.
7684.
7685.
7685.
7687.
7687.
7687.
7688.
7690.
7690.
7691.
7692.
7693.
7694.
7695.
7696.
7697.
7697.
7698.
7700.
7701.
7702.
7702.
7702.
7700.
7695.
7689.
7682.
7674.
7666.
7662.
7659.
7659.
7660.
7661.
7662.
7665.
7666.
7667.
7668.
7670.
7671.
7672.
7674.
7673.
7675.
7675.
7677.
7676.
7677.
7678.
7679.
7679.
7679.
7679.
7679.
7680.
7680.
7679.
7679.
7681.
7680.
7680.
7680.
7681.
7681.
7680.
7680.
7680.
7680.
7679.
7679.
7678.
7678.
7678.
7677.
7677.
7676.
7675.
7675.
7674.
7673.
7673.
7672.
7671.
7670.
7668.
7669.
7668.
7666.
7665.
7664.
7664.
7661.
7660.
7659.
7656.
7656.
7653.
7652.
7651.
7649.
7647.
7645.
7644.
7642.
7640.
7638.
7635.
7634.
7631.
7629.
7627.
7626.
7622.
7620.
7617.
7615.
7612.
7610.
7609.
7605.
7603.
7600.
7597.
7594.
7591.
7588.
7586.
7583.
7580.
7578.
7575.
7571.
7568.
7565.
7562.
7558.
7557.
7554.
7549.
7547.
7544.
7541.
7537.
7534.
7531.
7529.
7530.
7531.
7536.
7545.
7555.
7565.
7576.
7588.
7598.
7608.
7615.
7622.
7627.
7630.
7632.
7632.
7631.
7630.
7628.
7627.
7626.
7626.
7625.
7623.
7623.
7622.
7622.
7621.
7621.
7621.
7620.
7620.
7619.
7619.
7619.
7619.
7618.
7618.
7618.
7618.
7618.
7617.
7618.
7618.
7617.
7618.
7618.
7618.
7618.
7617.
7617.
7617.
7618.
7617.
7617.
7617.
7617.
7618.
7617.
7617.
7619.
7617.
7616.
7618.
7618.
7620.
7619.
7620.
7620.
7619.
7620.
7620.
7621.
7622.
7621.
7623.
7624.
7625.
7625.
7625.
7627.
7627.
7628.
7629.
7630.
7630.
7631.
7631.
7632.
7631.
7629.
7625.
7618.
7611.
7603.
7595.
7590.
7586.
7584.
7585.
7586.
7587.
7588.
7590.
7591.
7592.
7593.
7594.
7595.
7596.
7597.
7597.
7598.
7599.
7599.
7600.
7600.
7601.
7600.
7601.
7601.
7600.
7601.
7601.
7602.
7601.
7601.
7601.
7599.
7600.
7601.
7600.
7598.
7599.
7599.
7598.
7596.
7596.
7596.
7594.
7595.
7592.
7592.
7590.
7589.
7587.
7585.
7586.
7585.
7582.
7580.
7579.
7579.
7576.
7575.
7572.
7570.
7567.
7566.
7565.
7563.
7562.
7559.
7557.
7555.
7553.
7551.
7548.
7546.
7543.
7541.
7539.
7536.
7534.
7531.
7528.
7525.
7524.
7519.
7517.
7514.
7512.
7509.
7506.
7503.
7500.
7497.
7494.
7492.
7489.
7485.
7482.
7479.
7476.
7472.
7470.
7467.
7463.
7460.
7457.
7454.
7450.
7447.
7444.
7440.
7438.
7433.
7430.
7426.
7423.
7419.
7416.
7413.
7410.
7407.
7406.
7406.
7408.
7413.
7422.
7432.
7444.
7458.
7472.
7483.
7493.
7501.
7508.
7515.
7521.
7527.
7531.
7535.
7536.
7535.
7534.
7531.
7531.
7529.
7527.
7527.
7527.
7526.
7525.
7526.
7526.
7525.
7525.
7524.
7524.
7524.
7524.
7524.
7524.
7524.
7525.
7526.
7525.
7525.
7526.
7526.
7525.
7525.
7527.
7526.
7527.
7525.
7525.
7526.
7527.
7528.
7528.
7528.
7529.
7530.
7528.
7529.
7530.
7530.
7531.
7532.
7533.
7534.
7533.
7535.
7536.
7538.
7539.
7540.
7541.
7542.
7541.
7542.
7542.
7543.
7542.
7540.
7535.
7527.
7518.
7507.
7497.
7487.
7478.
7473.
7471.
7471.
7472.
7474.
7476.
7477.
7479.
7478.
7481.
7480.
7483.
7483.
7484.
7485.
7485.
7485.
7485.
7485.
7485.
7485.
7485.
7485.
7484.
7484.
7484.
7483.
7483.
7482.
7481.
7481.
7479.
7479.
7478.
7477.
7475.
7474.
7474.
7472.
7470.
7470.
7468.
7466.
7465.
7463.
7461.
7459.
7457.
7456.
7453.
7451.
7449.
7447.
7445.
7442.
7439.
7437.
7434.
7431.
7428.
7425.
7422.
7421.
7417.
7415.
7413.
7409.
7406.
7403.
7400.
7397.
7393.
7390.
7386.
7383.
7380.
7378.
7374.
7371.
7368.
7364.
7362.
7358.
7353.
7351.
7347.
7343.
7341.
7336.
7333.
7330.
7326.
7324.
7320.
7318.
7315.
7310.
7308.
7307.
7307.
7311.
7318.
7328.
7340.
7354.
7369.
7383.
7398.
7410.
7421.
7430.
7439.
7445.
7450.
7454.
7453.
7453.
7451.
7450.
7449.
7447.
7446.
7445.
7444.
7442.
7443.
7443.
7443.
7444.
7443.
7442.
7443.
7442.
7441.
7442.
7441.
7441.
7441.
7442.
7441.
7441.
7441.
7441.
7441.
7440.
7440.
7440.
7440.
7440.
7440.
7439.
7440.
7440.
7439.
7439.
7439.
7438.
7439.
7438.
7438.
7437.
7437.
7437.
7436.
7436.
7437.
7436.
7435.
7435.
7435.
7434.
7434.
7435.
7434.
7434.
7433.
7433.
7433.
7433.
7433.
7432.
7432.
7431.
7430.
7431.
7430.
7430.
7430.
7429.
7429.