7874.
7873.
7873.
7874.
7872.
7872.
7870.
7870.
7868.
7868.
7867.
7866.
7863.
7862.
7861.
7858.
7857.
7855.
7854.
7851.
7851.
7849.
7845.
7845.
7842.
7840.
7838.
7835.
7833.
7829.
7827.
7824.
7823.
7819.
7817.
7814.
7811.
7808.
7805.
7803.
7799.
7795.
7793.
7791.
7788.
7785.
7781.
7777.
7775.
7772.
7768.
7764.
7761.
7758.
7755.
7753.
7753.
7754.
7758.
7762.
7770.
7779.
7789.
7797.
7805.
7811.
7816.
7823.
7828.
7831.
7831.
7832.
7832.
7832.
7831.
7829.
7829.
7829.
7828.
7829.
7829.
7829.
7829.
7829.
7830.
7830.
7829.
7829.
7830.
7829.
7830.
7830.
7831.
7831.
7831.
7831.
7832.
7832.
7832.
7832.
7832.
7832.
7833.
7834.
7834.
7834.
7836.
7836.
7836.
7836.
7838.
7838.
7838.
7839.
7840.
7840.
7842.
7842.
7843.
7843.
7846.
7847.
7848.
7848.
7850.
7852.
7854.
7855.
7856.
7857.
7859.
7863.
7862.
7865.
7867.
7869.
7871.
7873.
7875.
7877.
7880.
7882.
7884.
7887.
7888.
7891.
7892.
7891.
7888.
7883.
7877.
7871.
7866.
7865.
7863.
7863.
7866.
7866.
7867.
7870.
7870.
7872.
7872.
7872.
7873.
7873.
7873.
7875.
7874.
7875.
7874.
7874.
7873.
7873.
7872.
7872.
7871.
7871.
7870.
7869.
7868.
7867.
7867.
7865.
7863.
7862.
7860.
7858.
7856.
7854.
7853.
7849.
7848.
7846.
7843.
7841.
7839.
7837.
7833.
7831.
7828.
7825.
7823.
7822.
7818.
7814.
7812.
7810.
7807.
7804.
7801.
7798.
7795.
7793.
7790.
7787.
7783.
7780.
7777.
7773.
7770.
7769.
7764.
7761.
7759.
7755.
7752.
7748.
7747.
7748.
7750.
7756.
7763.
7773.
7784.
7794.
7803.
7811.
7818.
7823.
7828.
7831.
7834.
7835.
7835.
7834.
7833.
7832.
7831.
7830.
7830.
7829.
7829.
7829.
7829.
7829.
7828.
7829.
7828.
7829.
7830.
7830.
7830.
7829.
7829.
7830.
7829.
7829.
7828.
7830.
7831.
7830.
7830.
7830.
7830.
7831.
7832.
7832.
7833.
7832.
7833.
7832.
7832.
7833.
7834.
7835.
7835.
7835.
7837.
7837.
7837.
7836.
7838.
7838.
7839.
7840.
7840.
7841.
7841.
7842.
7843.
7844.
7845.
7845.
7847.
7847.
7848.
7850.
7850.
7852.
7852.
7853.
7856.
7857.
7858.
7859.
7860.
7862.
7864.
7865.
7866.
7867.
7867.
7866.
7867.
7863.
7859.
7853.
7848.
7845.
7844.
7844.
7845.
7845.
7846.
7847.
7849.
7850.
7850.
7850.
7851.
7851.
7851.
7850.
7851.
7851.
7851.
7850.
7851.
7850.
7849.
7850.
7848.
7848.
7848.
7847.
7846.
7844.
7843.
7842.
7841.
7839.
7839.
7837.
7835.
7832.
7831.
7829.
7828.
7826.
7823.
7822.
7820.
7817.
7815.
7812.
7810.
7807.
7804.
7801.
7799.
7796.
7794.
7792.
7789.
7787.
7784.
7781.
7778.
7775.
7773.
7769.
7767.
7763.
7760.
7757.
7754.
7751.
7748.
7745.
7742.
7738.
7734.
7731.
7728.
7725.
7722.
7718.
7716.
7712.
7707.
7705.
7700.
7697.
7695.
7691.
7687.
7684.
7680.
7677.
7674.
7670.
7668.
7665.
7661.
7659.
7655.
7653.
7650.
7651.
7653.
7658.
7666.
7675.
7686.
7697.
7707.
7714.
7720.
7722.
7722.
7723.
7720.
7718.
7717.
7715.
7713.
7712.
7711.
7711.
7710.
7709.
7708.
7707.
7707.
7707.
7706.
7705.
7705.
7704.
7703.
7703.
7704.
7703.
7703.
7702.
7702.
7701.
7702.
7701.
7701.
7700.
7700.
7700.
7700.
7700.
7699.
7700.
7698.
7699.
7698.
7698.
7698.
7698.
7698.
7698.
7698.
7697.
7698.
7696.
7697.
7696.
7695.
7695.
7695.
7694.
7694.
7695.
7694.
7693.
7693.
7693.
7693.
7693.
7693.
7693.
7694.
7694.
7694.
7695.
7695.
7695.
7695.
7695.
7695.
7696.
7694.
7696.
7696.
7696.
7695.
7692.
7692.
7689.
7684.
7676.
7667.
7656.
7646.
7639.
7631.
7626.
7624.
7622.
7622.
7623.
7623.
7622.
7621.
7620.
7619.
7617.
7616.
7616.
7614.
7612.
7611.
7609.
7609.
7607.
7605.
7602.
7601.
7599.
7596.
7594.
7592.
7590.
7587.
7584.
7581.
7580.
7578.
7575.
7572.
7568.
7565.
7562.
7559.
7556.
7553.
7549.
7546.
7542.
7539.
7536.
7532.
7528.
7526.
7522.
7519.
7514.
7510.
7506.
7503.
7498.
7495.
7492.
7488.
7483.
7480.
7475.
7472.
7467.
7464.
7460.
7456.
7454.
7450.
7446.
7442.
7439.
7434.
7432.
7428.
7424.
7419.
7416.
7413.
7410.
7405.
7403.
7399.
7396.
7392.
7389.
7386.
7383.
7380.
7374.
7372.
7369.
7366.
7364.
7361.
7358.
7356.
7353.
7351.
7347.
7346.
7343.
7341.
7338.
7336.
7333.
7331.
7329.
7326.
7324.
7323.
7320.
7318.
7315.
7313.
7311.
7310.
7307.
7306.
7303.
7303.
7300.
7299.
7297.
7295.
7293.
7292.
7290.
7288.
7287.
7284.
7283.
7282.
7280.
7277.
7276.
7275.
7273.
7272.
7270.
7269.
7268.
7266.
7266.
7264.
7263.
7262.
7261.
7260.
7259.
7258.
7256.
7256.
7255.
7255.
7254.
7253.
7253.
7252.
7251.
7251.
7251.
7251.
7251.
7251.
7249.
7249.
7248.
7249.
7249.
7249.
7249.
7249.
7248.
7248.
7249.
7248.
7248.
7248.
7248.
7248.
7249.
7250.
7249.
7251.
7251.
7251.
7251.
7250.
7250.
7251.
7252.
7252.
7252.
7254.
7254.
7254.
7255.
7255.
7255.
7255.
7257.
7257.
7257.
7258.
7258.
7258.
7258.
7257.
7256.
7255.
7253.
7249.
7245.
7240.
7237.
7233.
7230.
7226.
7224.
7222.
7221.
7220.
7221.
7221.
7220.
7219.
7219.
7220.
7220.
7221.
7221.
7222.
7222.
7222.
7222.
7224.
7223.
7223.
7224.
7224.
7226.
7225.
7225.
7226.
7226.
7227.
7228.
7227.
7228.
7227.
7227.
7228.
7226.
7227.
7228.
7229.
7228.
7228.
7228.
7227.
7227.
7227.
7227.
7227.
7227.
7227.
7226.
7227.
7226.
7225.
7226.
7225.
7225.
7224.
7224.
7224.
7225.
7225.
7224.
7225.
7224.
7224.
7225.
7224.
7224.
7223.
7224.
7225.
7224.
7225.
7223.
7224.
7223.
7224.
7224.
7225.
7225.
7225.
7224.
7224.
7223.
7223.
7223.
7225.
7224.
7224.
7224.
7224.
7223.
7223.
7223.
7224.
7223.
7224.
7224.
7224.
7223.
7223.
7221.
7221.
7220.
7220.
7218.
7218.
7217.
7217.
7216.
7216.
7215.
7215.
7214.
7213.
7213.
7211.
7211.
7209.
7208.
7208.
7206.
7205.
7204.
7203.
7201.
7199.
7199.
7196.
7195.
7193.
7192.
7190.
7189.
7187.
7186.
7184.
7182.
7180.
7178.
7176.
7176.
7173.
7171.
7170.
7167.
7165.
7163.
7161.
7159.
7157.
7154.
7152.
7149.
7147.
7146.
7144.
7142.
7139.
7137.
7135.
7132.
7129.
7126.
7123.
7121.
7119.
7117.
7115.
7113.
7112.
7109.
7106.
7104.
7101.
7099.
7097.
7095.
7094.
7092.
7090.
7088.
7088.
7086.
7084.
7082.
7081.
7080.
7078.
7076.
7075.
7073.
7072.
7071.
7069.
7068.
7067.
7065.
7065.
7063.
7062.
7061.
7060.
7060.
7058.
7059.
7058.
7057.
7057.
7056.
7056.
7055.
7054.
7053.
7053.
7053.
7052.
7051.
7052.
7051.
7050.
7049.
7049.
7048.
7047.
7047.
7047.
7047.
7046.
7045.
7045.
7044.
7045.
7044.
7044.
7044.
7043.
7044.
7043.
7043.
7042.
7041.
7040.
7039.
7038.
7035.
7032.
7031.
7028.
7026.
7024.
7022.
7021.
7020.
7018.
7016.
7016.
7014.
7012.
7012.
7012.
7013.
7012.
7013.
7013.
7013.
7013.
7015.
7014.
7014.
7016.
7015.
7016.
7016.
7017.
7018.
7018.
7018.
7018.
7018.
7018.
7018.
7019.
7018.
7018.
7019.
7020.
7019.
7019.
7020.
7020.
7020.
7020.
7021.
7021.
7020.
7021.
7021.
7021.
7021.
7021.
7021.
7021.
7020.
7021.
7021.
7021.
7021.
7021.
7021.
7021.
7021.
7021.
7021.
7021.
7022.
7022.
7021.
7020.
7021.
7021.
7021.
7022.
7020.
7020.
7020.
7019.
7019.
7018.
7020.
7018.
7018.
7020.
7019.
7019.
7017.
7017.
7017.
7016.
7016.
7016.
7016.
7016.
7015.
7015.
7015.
7014.
7013.
7014.
7013.
7013.
7012.
7012.
7012.
7011.
7011.
7010.
7009.
7008.
7008.
7007.
7007.
7006.
7006.
7005.
7004.
7004.
7002.
7000.
6999.
6999.
6999.
6998.
6996.
6995.
6994.
6992.
6991.
6990.
6988.
6987.
6985.
6982.
6981.
6980.
6979.
6977.
6975.
6975.
6976.
6981.
6988.
7000.
7014.
7030.
7047.
7063.
7077.
7090.
7104.
7117.
7129.
7141.
7152.
7163.
7175.
7183.
7193.
7200.
7204.
7208.
7210.
7213.
7214.
7216.
7218.
7220.
7221.
7223.
7225.
7227.
7229.
7230.
7231.
7234.
7235.
7237.
7238.
7239.
7241.
7243.
7244.
7245.
7247.
7249.
7251.
7251.
7253.
7253.
7255.
7256.
7257.
7258.
7259.
7260.
7261.
7262.
7262.
7263.
7264.
7265.
7266.
7266.
7266.
7266.
7266.
7266.
7266.
7265.
7265.
7264.
7264.
7264.
7262.
7262.
7261.
7260.
7259.
7258.
7255.
7254.
7252.
7251.
7249.
7248.
7245.
7242.
7240.
7238.
7236.
7232.
7229.
7227.
7224.
7220.
7217.
7215.
7212.
7209.
7205.
7202.
7198.
7194.
7192.
7188.
7187.
7188.
7193.
7203.
7216.
7232.
7249.
7267.
7282.
7296.
7311.
7326.
7340.
7354.
7368.
7380.
7393.
7401.
7410.
7416.
7422.
7425.
7426.
7426.
7427.
7428.
7428.
7429.
7430.
7431.
7433.
7434.
7436.
7437.
7439.
7440.
7443.
7443.
7445.
7447.
7449.
7450.
7453.
7455.
7456.
7457.
7459.
7461.
7464.
7466.
7468.
7470.
7473.
7474.
7478.
7481.
7483.
7485.
7488.
7491.
7493.
7496.
7499.
7502.
7505.
7509.
7512.
7517.
7520.
7523.
7528.
7530.
7535.
7539.
7542.
7547.
7552.
7555.
7560.
7565.
7569.
7574.
7579.
7584.
7588.
7593.
7598.
7604.
7608.
7614.
7620.
7624.
7629.
7630.
7628.
7626.
7620.
7614.
7607.
7603.
7601.
7602.
7603.
7606.
7610.
7615.
7617.
7620.
7625.
7627.
7630.
7633.
7636.
7640.
7641.
7645.
7646.
7649.
7651.
7655.
7656.
7659.
7659.
7661.
7663.
7664.
7666.
7668.
7669.
7669.
7670.
7670.
7671.
7673.
7672.
7673.
7673.
7673.
7672.
7672.
7670.
7669.
7669.
7667.
7666.
7665.
7663.
7661.
7660.
7658.
7656.
7653.
7650.
7649.
7646.
7645.
7641.
7639.
7636.
7633.
7630.
7626.
7623.
7620.
7616.
7613.
7611.
7607.
7604.
7599.
7596.
7593.
7589.
7586.
7581.
7578.
7574.
7569.
7566.
7562.
7558.
7554.
7550.
7546.
7542.
7538.
7534.
7529.
7529.
7530.
7534.
7543.
7554.
7568.
7582.
7595.
7609.
7620.
7633.
7643.
7652.
7659.
7666.
7671.
7672.
7672.
7672.
7671.
7669.
7670.
7669.
7669.
7668.
7668.
7667.
7668.
7668.
7669.
7670.
7670.
7670.
7670.
7671.
7671.
7672.
7673.
7673.
7673.
7675.
7675.
7675.
7676.
7677.
7677.
7678.
7679.
7680.
7682.
7681.
7683.
7685.
7684.
7687.
7688.
7688.
7689.
7690.
7691.
7693.
7694.
7695.
7695.
7698.
7699.
7700.
7702.
7704.
7704.
7706.
7707.
7709.
7710.
7712.
7713.
7714.
7717.
7719.
7720.
7723.
7724.
7726.
7729.
7731.
7732.
7734.
7737.
7739.
7742.
7744.
7746.
7749.
7752.
7754.
7758.
7761.
7763.
7766.
7770.
7774.
7777.
7781.
7784.
7788.
7792.
7795.
7799.
7803.
7808.
7811.
7815.
7818.
7819.
7817.
7813.
7808.
7803.
7799.
7797.
7796.
7795.
7796.
7799.
7800.
7802.
7804.
7807.
7808.
7809.
7810.
7812.
7812.
7813.
7813.
7814.
7814.
7816.
7815.
7815.
7814.
7815.
7814.
7813.
7812.
7812.
7811.
7810.
7809.
7808.
7806.
7804.
7802.
7800.
7799.
7798.
7795.
7793.
7791.
7789.
7787.
7784.
7781.
7778.
7775.
7772.
7768.
7766.
7763.
7759.
7757.
7752.
7750.
7746.
7742.
7738.
7734.
7731.
7728.
7723.
7720.
7716.
7712.
7708.
7705.
7700.
7696.
7692.
7688.
7683.
7679.
7674.
7670.
7665.
7662.
7660.
7659.
7661.
7665.
7672.
7680.
7690.
7699.
7710.
7717.
7723.
7729.
7736.
7743.
7751.
7759.
7764.
7767.
7769.
7771.
7772.
7771.
7771.
7771.
7769.
7769.
7770.
7770.
7770.
7771.
7771.
7773.
7772.
7773.
7773.
7774.
7774.
7776.
7776.
7777.
7778.
7779.
7779.
7780.
7782.
7783.
7784.
7783.
7785.
7786.
7789.
7789.
7791.
7791.
7794.
7794.
7796.
7798.
7800.
7802.
7803.
7806.
7808.
7810.
7812.
7814.
7817.
7820.
7821.
7825.
7828.
7830.
7834.
7836.
7839.
7842.
7847.
7850.
7852.
7855.
7859.
7864.
7868.
7870.
7874.
7880.
7882.
7886.
7891.
7894.
7899.
7903.
7906.
7910.
7911.
7910.
7907.
7903.
7898.
7893.
7891.
7889.
7890.
7891.
7893.
7895.
7898.
7899.
7900.
7901.
7902.
7902.
7902.
7904.
7904.
7904.
7904.
7905.
7903.
7902.
7903.
7902.
7901.
7899.
7899.
7898.
7897.
7894.
7893.
7891.
7889.
7887.
7886.
7884.
7881.
7879.
7876.
7873.
7870.
7868.
7865.
7862.
7859.
7855.
7852.
7850.
7845.
7841.
7839.
7835.
7832.
7828.
7824.
7821.
7817.
7813.
7809.
7805.
7801.
7796.
7792.
7788.
7785.
7780.
7776.
7771.
7767.
7763.
7758.
7753.
7749.
7744.
7740.
7736.
7731.
7728.
7723.
7718.
7714.
7710.
7707.
7705.
7707.
7712.
7717.
7725.
7734.
7742.
7751.
7759.
7766.
7773.
7777.
7782.
7785.
7785.
7786.
7786.
7785.
7784.
7783.
7783.
7782.
7782.
7781.
7781.
7780.
7779.
7779.
7779.
7779.
7778.
7778.
7778.
7777.
7777.
7776.
7777.
7777.
7776.
7776.
7776.
7777.
7776.
7776.
7775.
7775.
7774.
7775.
7775.
7775.
7773.
7774.
7775.
7775.
7774.
7774.
7774.
7774.
7775.
7775.
7774.
7775.
7775.
7775.
7776.
7776.
7776.
7776.
7777.
7777.
7777.
7777.
7778.
7778.
7780.
7780.
7780.
7780.
7780.
7782.
7783.
7783.
7785.
7785.
7787.
7787.
7788.
7790.
7791.
7791.
7793.
7795.
7795.
7797.
7798.
7800.
7801.
7802.
7804.
7805.
7807.
7810.
7812.
7813.
7816.
7818.
7820.
7822.
7824.
7827.
7829.
7832.
7835.
7837.
7841.
7843.
7847.
7850.
7852.
7855.
7859.
7862.
7865.
7868.
7872.
7876.
7880.
7883.
7887.
7890.
7892.
7896.
7898.
7896.
7893.
7891.
7885.
7883.
7881.
7879.
7879.
7879.
7880.
7882.
7884.
7885.
7886.
7886.
7886.
7887.
7887.
7887.
7887.
7886.
7886.
7886.
7885.
7884.
7883.
7881.
7880.
7880.
7878.
7876.
7875.
7871.
7870.
7868.
7866.
7863.
7860.
7857.
7855.
7852.
7849.
7846.
7843.
7841.
7837.
7834.
7831.
7827.
7823.
7820.
7817.
7813.
7809.
7805.
7802.
7798.
7794.
7790.
7786.
7783.
7779.
7775.
7770.
7766.
7763.
7759.
7753.
7749.
7746.
7741.
7739.
7733.
7729.
7725.
7721.
7717.
7714.
7710.
7711.
7714.
7720.
7727.
7737.
7748.
7760.
7771.
7782.
7792.
7800.
7807.
7813.
7818.
7820.
7822.
7823.
7822.
7821.
7820.
7820.
7820.
7818.
7818.
7817.
7818.
7818.
7818.
7818.
7818.
7818.
7818.
7818.
7818.
7818.
7817.
7818.
7818.
7819.
7819.
7819.
7819.
7819.
7820.
7820.
7821.
7821.
7821.
7822.
7823.
7822.
7824.
7824.
7824.
7824.
7825.
7826.
7826.
7827.
7828.
7829.
7830.
7831.
7832.
7833.
7834.
7834.
7835.
7836.
7838.
7838.
7840.
7841.
7843.
7844.
7846.
7847.
7848.
7850.
7851.
7853.
7856.
7856.
7858.
7861.
7863.
7865.
7866.
7869.
7871.
7873.
7874.
7877.
7880.
7880.
7882.
7885.
7888.
7890.
7893.
7895.
7898.
7900.
7903.
7906.
7908.
7910.
7913.
7916.
7919.
7920.
7924.
7926.
7930.
7931.
7934.
7936.
7939.
7941.
7944.
7946.
7948.
7950.
7953.
7955.
7958.
7960.
7962.
7964.
7967.
7968.
7970.
7972.
7975.
7976.
7977.
7979.
7979.
7982.
7983.
7984.
7984.
7987.
7987.
7987.
7989.
7990.
7991.
7991.
7990.
7991.
7991.
7992.
7991.
7991.
7991.
7991.
7992.
7990.
7990.
7988.
7987.
7986.
7986.
7985.
7983.
7981.
7980.
7979.
7978.
7977.
7974.
7972.
7970.
7968.
7966.
7965.
7963.
7960.
7958.
7954.
7952.
7949.
7946.
7943.
7940.
7937.
7933.
7931.
7927.
7923.
7920.
7917.
7913.
7909.
7907.
7903.
7900.
7895.
7891.
7887.
7883.
7881.
7876.
7872.
7868.
7864.
7861.
7856.
7853.
7848.
7844.
7839.
7835.
7831.
7827.
7823.
7820.
7814.
7811.
7806.
7803.
7799.
7795.
7791.
7786.
7782.
7778.
7774.
7770.
7764.
7761.
7756.
7753.
7749.
7745.
7741.
7736.
7732.
7728.
7724.
7721.
7718.
7716.
7717.
7721.
7728.
7737.
7747.
7759.
7768.
7777.
7785.
7791.
7795.
7799.
7802.
7804.
7804.
7802.
7799.
7799.
7797.
7796.
7795.
7795.
7795.
7795.
7794.
7792.
7792.
7791.
7792.
7792.
7791.
7791.
7791.
7790.
7790.
7789.
7790.
7789.
7788.
7789.
7789.
7789.
7790.
7790.
7790.
7789.
7790.
7789.
7790.
7790.
7791.
7792.
7791.
7792.
7792.
7792.
7793.
7794.
7794.
7795.
7796.
7796.
7797.
7797.
7798.
7799.
7800.
7801.
7801.
7801.
7803.
7804.
7804.
7803.
7801.
7797.
7792.
7785.
7775.
7766.
7758.
7753.
7751.
7750.
7751.
7750.
7752.
7752.
7754.
7755.
7755.
7756.
7756.
7757.
7758.
7758.
7759.
7759.
7759.
7759.
7759.
7760.
7758.
7758.
7758.
7757.
7756.
7756.
7756.
7755.
7755.
7753.
7752.
7751.
7750.
7750.
7748.
7747.
7745.
7743.
7742.
7741.
7738.
7737.
7734.
7733.
7730.
7728.
7726.
7724.
7721.
7718.
7715.
7713.
7710.
7707.
7705.
7702.
7699.
7696.
7692.
7690.
7686.
7682.
7680.
7677.
7674.
7671.
7667.
7663.
7659.
7656.
7652.
7649.
7645.
7640.
7637.
7634.
7629.
7625.
7621.
7617.
7614.
7610.
7606.
7601.
7598.
7593.
7591.
7587.
7588.
7592.
7598.
7607.
7619.
7630.
7641.