7832.
7833.
7833.
7833.
7832.
7832.
7831.
7831.
7830.
7829.
7829.
7828.
7827.
7826.
7826.
7824.
7823.
7822.
7822.
7820.
7818.
7817.
7816.
7814.
7812.
7811.
7809.
7807.
7805.
7804.
7801.
7799.
7796.
7793.
7792.
7789.
7786.
7784.
7781.
7780.
7776.
7774.
7771.
7768.
7765.
7763.
7761.
7758.
7754.
7751.
7748.
7745.
7742.
7739.
7736.
7732.
7728.
7725.
7723.
7719.
7716.
7712.
7709.
7706.
7703.
7699.
7697.
7694.
7694.
7695.
7699.
7707.
7714.
7724.
7732.
7741.
7748.
7754.
7762.
7767.
7771.
7775.
7778.
7779.
7779.
7778.
7777.
7776.
7776.
7776.
7775.
7776.
7775.
7775.
7776.
7776.
7775.
7775.
7776.
7776.
7775.
7775.
7775.
7775.
7776.
7776.
7776.
7777.
7777.
7777.
7778.
7778.
7778.
7779.
7779.
7779.
7780.
7782.
7781.
7782.
7783.
7784.
7785.
7786.
7786.
7787.
7789.
7790.
7791.
7792.
7792.
7793.
7794.
7796.
7798.
7799.
7800.
7802.
7804.
7805.
7808.
7810.
7812.
7814.
7815.
7816.
7816.
7813.
7809.
7803.
7799.
7795.
7793.
7793.
7793.
7794.
7795.
7799.
7802.
7803.
7805.
7807.
7808.
7810.
7811.
7812.
7813.
7814.
7816.
7818.
7819.
7821.
7821.
7822.
7824.
7825.
7826.
7827.
7828.
7830.
7831.
7832.
7834.
7835.
7836.
7837.
7837.
7838.
7839.
7840.
7842.
7843.
7842.
7844.
7843.
7845.
7845.
7847.
7847.
7847.
7848.
7849.
7849.
7849.
7849.
7850.
7850.
7850.
7851.
7850.
7851.
7851.
7849.
7850.
7850.
7850.
7850.
7850.
7850.
7849.
7849.
7848.
7847.
7846.
7846.
7845.
7845.
7843.
7841.
7840.
7839.
7837.
7836.
7835.
7833.
7832.
7831.
7827.
7826.
7824.
7822.
7821.
7818.
7816.
7813.
7810.
7808.
7807.
7804.
7801.
7798.
7795.
7793.
7791.
7788.
7785.
7781.
7780.
7777.
7774.
7771.
7768.
7766.
7761.
7758.
7755.
7751.
7748.
7746.
7744.
7746.
7748.
7754.
7761.
7771.
7780.
7788.
7795.
7799.
7805.
7810.
7814.
7818.
7821.
7821.
7822.
7821.
7821.
7821.
7820.
7820.
7819.
7819.
7821.
7819.
7820.
7819.
7820.
7820.
7820.
7820.
7820.
7821.
7821.
7820.
7819.
7820.
7820.
7820.
7820.
7820.
7820.
7820.
7820.
7821.
7820.
7821.
7820.
7820.
7821.
7820.
7821.
7820.
7820.
7819.
7818.
7819.
7819.
7818.
7817.
7818.
7816.
7816.
7816.
7814.
7814.
7813.
7813.
7812.
7811.
7809.
7809.
7807.
7807.
7805.
7803.
7802.
7802.
7799.
7797.
7796.
7794.
7792.
7790.
7788.
7786.
7785.
7781.
7779.
7776.
7774.
7772.
7769.
7766.
7763.
7760.
7756.
7754.
7751.
7748.
7744.
7741.
7738.
7735.
7731.
7728.
7725.
7724.
7724.
7727.
7733.
7741.
7751.
7761.
7770.
7778.
7785.
7791.
7796.
7800.
7804.
7807.
7807.
7807.
7805.
7806.
7805.
7804.
7804.
7804.
7803.
7803.
7802.
7803.
7803.
7803.
7803.
7803.
7803.
7804.
7803.
7805.
7804.
7805.
7805.
7805.
7807.
7806.
7808.
7808.
7809.
7809.
7809.
7809.
7810.
7811.
7812.
7812.
7813.
7814.
7814.
7815.
7815.
7817.
7818.
7819.
7820.
7822.
7823.
7824.
7824.
7827.
7828.
7829.
7830.
7832.
7834.
7835.
7837.
7838.
7840.
7842.
7843.
7845.
7847.
7847.
7848.
7849.
7849.
7847.
7843.
7838.
7832.
7827.
7823.
7821.
7820.
7821.
7821.
7823.
7823.
7823.
7824.
7825.
7824.
7826.
7825.
7824.
7824.
7825.
7825.
7825.
7825.
7825.
7824.
7825.
7823.
7824.
7823.
7822.
7822.
7822.
7822.
7821.
7819.
7819.
7818.
7817.
7817.
7817.
7815.
7815.
7814.
7812.
7811.
7810.
7808.
7808.
7805.
7805.
7804.
7802.
7799.
7799.
7797.
7795.
7794.
7792.
7792.
7790.
7788.
7786.
7784.
7782.
7779.
7778.
7777.
7775.
7773.
7771.
7769.
7767.
7765.
7762.
7760.
7758.
7757.
7753.
7752.
7750.
7746.
7744.
7742.
7739.
7736.
7734.
7732.
7729.
7726.
7724.
7721.
7719.
7715.
7714.
7711.
7707.
7705.
7702.
7700.
7697.
7693.
7691.
7688.
7685.
7682.
7679.
7676.
7674.
7671.
7668.
7664.
7662.
7659.
7655.
7652.
7649.
7646.
7643.
7639.
7636.
7633.
7630.
7626.
7624.
7621.
7616.
7614.
7611.
7609.
7606.
7603.
7599.
7597.
7593.
7590.
7587.
7585.
7581.
7578.
7575.
7573.
7568.
7566.
7563.
7560.
7558.
7555.
7553.
7549.
7547.
7543.
7540.
7538.
7536.
7532.
7530.
7528.
7525.
7522.
7520.
7518.
7516.
7513.
7510.
7507.
7505.
7503.
7500.
7498.
7496.
7494.
7492.
7490.
7488.
7486.
7484.
7482.
7480.
7478.
7476.
7474.
7472.
7470.
7469.
7468.
7466.
7464.
7462.
7460.
7459.
7456.
7455.
7453.
7450.
7449.
7447.
7447.
7444.
7442.
7440.
7438.
7436.
7433.
7432.
7431.
7430.
7428.
7425.
7423.
7421.
7419.
7418.
7417.
7414.
7413.
7412.
7410.
7408.
7406.
7404.
7403.
7401.
7400.
7399.
7397.
7396.
7394.
7393.
7391.
7389.
7388.
7387.
7384.
7383.
7382.
7381.
7379.
7376.
7376.
7373.
7371.
7370.
7368.
7366.
7363.
7360.
7357.
7355.
7352.
7349.
7344.
7340.
7333.
7326.
7319.
7312.
7304.
7299.
7292.
7288.
7284.
7279.
7277.
7275.
7270.
7268.
7266.
7264.
7263.
7261.
7259.
7256.
7255.
7254.
7253.
7251.
7251.
7248.
7248.
7244.
7242.
7241.
7239.
7237.
7235.
7234.
7232.
7231.
7226.
7226.
7225.
7223.
7220.
7219.
7216.
7214.
7212.
7209.
7208.
7205.
7204.
7203.
7200.
7198.
7195.
7194.
7190.
7189.
7188.
7185.
7183.
7180.
7178.
7176.
7175.
7171.
7170.
7168.
7166.
7164.
7162.
7158.
7157.
7156.
7153.
7151.
7149.
7147.
7145.
7145.
7141.
7140.
7138.
7136.
7135.
7135.
7133.
7131.
7130.
7128.
7126.
7124.
7123.
7124.
7121.
7119.
7118.
7116.
7116.
7115.
7113.
7112.
7110.
7109.
7107.
7106.
7105.
7103.
7102.
7100.
7099.
7098.
7098.
7097.
7095.
7094.
7093.
7092.
7090.
7089.
7089.
7088.
7086.
7084.
7083.
7083.
7082.
7081.
7079.
7078.
7076.
7076.
7075.
7073.
7073.
7073.
7071.
7071.
7069.
7068.
7067.
7066.
7066.
7065.
7065.
7064.
7063.
7063.
7062.
7061.
7060.
7060.
7060.
7059.
7058.
7058.
7058.
7056.
7055.
7054.
7054.
7053.
7052.
7051.
7050.
7048.
7048.
7046.
7045.
7044.
7043.
7042.
7041.
7040.
7040.
7039.
7037.
7036.
7034.
7035.
7034.
7032.
7031.
7029.
7029.
7029.
7027.
7026.
7026.
7024.
7022.
7020.
7019.
7017.
7018.
7016.
7015.
7014.
7014.
7013.
7012.
7011.
7009.
7008.
7007.
7006.
7005.
7006.
7005.
7004.
7003.
7002.
7002.
7001.
7001.
7000.
6999.
7000.
7003.
7008.
7016.
7028.
7041.
7058.
7074.
7090.
7105.
7116.
7126.
7136.
7146.
7152.
7157.
7159.
7159.
7161.
7160.
7160.
7160.
7161.
7162.
7163.
7164.
7165.
7165.
7165.
7166.
7167.
7167.
7168.
7169.
7169.
7169.
7170.
7171.
7171.
7170.
7170.
7170.
7171.
7172.
7171.
7171.
7170.
7171.
7170.
7170.
7170.
7170.
7168.
7168.
7167.
7166.
7165.
7164.
7162.
7161.
7160.
7158.
7157.
7155.
7153.
7152.
7149.
7148.
7146.
7145.
7143.
7141.
7139.
7135.
7133.
7132.
7128.
7126.
7124.
7121.
7119.
7116.
7113.
7110.
7107.
7104.
7102.
7099.
7095.
7092.
7089.
7086.
7083.
7079.
7076.
7073.
7071.
7066.
7064.
7060.
7058.
7054.
7051.
7048.
7044.
7042.
7038.
7036.
7032.
7030.
7028.
7025.
7024.
7020.
7018.
7016.
7014.
7011.
7009.
7009.
7006.
7004.
7003.
7002.
7001.
7000.
7001.
7002.
7007.
7014.
7027.
7043.
7060.
7080.
7099.
7118.
7135.
7150.
7164.
7177.
7192.
7206.
7219.
7232.
7242.
7250.
7257.
7261.
7263.
7264.
7265.
7266.
7266.
7267.
7268.
7270.
7271.
7272.
7273.
7274.
7276.
7277.
7278.
7279.
7280.
7281.
7282.
7284.
7285.
7286.
7287.
7287.
7288.
7291.
7292.
7293.
7294.
7295.
7296.
7298.
7299.
7299.
7300.
7300.
7302.
7302.
7303.
7303.
7304.
7304.
7304.
7305.
7305.
7306.
7306.
7305.
7306.
7305.
7305.
7304.
7303.
7302.
7302.
7302.
7301.
7300.
7299.
7298.
7297.
7295.
7293.
7292.
7291.
7289.
7287.
7287.
7283.
7281.
7279.
7276.
7274.
7272.
7270.
7268.
7266.
7263.
7259.
7258.
7259.
7261.
7266.
7276.
7291.
7306.
7322.
7338.
7353.
7368.
7382.
7396.
7410.
7424.
7439.
7452.
7463.
7474.
7483.
7492.
7498.
7503.
7506.
7507.
7507.
7511.
7512.
7514.
7515.
7516.
7520.
7521.
7524.
7525.
7528.
7530.
7531.
7533.
7537.
7539.
7541.
7543.
7545.
7547.
7548.
7551.
7554.
7557.
7558.
7561.
7562.
7566.
7568.
7570.
7573.
7577.
7579.
7581.
7583.
7586.
7589.
7592.
7594.
7598.
7600.
7604.
7608.
7608.
7612.
7616.
7619.
7622.
7624.
7627.
7631.
7636.
7639.
7642.
7646.
7648.
7653.
7656.
7660.
7663.
7668.
7671.
7675.
7679.
7683.
7688.
7692.
7697.
7701.
7704.
7710.
7715.
7720.
7725.
7731.
7735.
7740.
7745.
7751.
7757.
7763.
7768.
7773.
7777.
7778.
7777.
7771.
7764.
7756.
7749.
7744.
7742.
7741.
7741.
7743.
7747.
7751.
7754.
7758.
7761.
7764.
7766.
7770.
7774.
7775.
7778.
7780.
7781.
7784.
7786.
7788.
7789.
7789.
7791.
7792.
7792.
7792.
7792.
7793.
7792.
7792.
7792.
7791.
7791.
7790.
7788.
7788.
7786.
7784.
7783.
7780.
7778.
7776.
7774.
7770.
7768.
7765.
7763.
7760.
7757.
7753.
7750.
7747.
7743.
7739.
7736.
7733.
7729.
7725.
7721.
7718.
7715.
7710.
7706.
7702.
7698.
7694.
7690.
7685.
7681.
7677.
7672.
7667.
7664.
7660.
7655.
7651.
7646.
7642.
7637.
7632.
7628.
7626.
7627.
7633.
7641.
7651.
7664.
7677.
7689.
7701.
7708.
7715.
7723.
7731.
7739.
7747.
7755.
7760.
7765.
7768.
7771.
7770.
7770.
7770.
7771.
7771.
7772.
7772.
7773.
7773.
7775.
7776.
7776.
7778.
7779.
7780.
7781.
7783.
7784.
7785.
7787.
7787.
7788.
7790.
7791.
7793.
7793.
7795.
7798.
7799.
7800.
7802.
7804.
7805.
7807.
7809.
7811.
7814.
7817.
7819.
7822.
7825.
7827.
7829.
7832.
7836.
7838.
7842.
7845.
7849.
7852.
7856.
7861.
7864.
7866.
7867.
7867.
7864.
7858.
7850.
7842.
7836.
7833.
7832.
7831.
7832.
7835.
7837.
7841.
7842.
7843.
7845.
7846.
7847.
7848.
7849.
7850.
7851.
7850.
7850.
7850.
7851.
7850.
7851.
7851.
7850.
7850.
7848.
7850.
7848.
7847.
7846.
7845.
7843.
7842.
7840.
7838.
7837.
7835.
7832.
7830.
7827.
7825.
7822.
7819.
7817.
7812.
7811.
7808.
7803.
7801.
7798.
7794.
7791.
7787.
7782.
7780.
7777.
7772.
7767.
7764.
7761.
7756.
7753.
7749.
7744.
7739.
7736.
7733.
7729.
7724.
7718.
7715.
7710.
7705.
7703.
7703.
7706.
7712.
7721.
7731.
7742.
7751.
7761.
7770.
7776.
7783.
7787.
7791.
7792.
7792.
7792.
7792.
7791.
7790.
7790.
7789.
7789.
7788.
7789.
7788.
7788.
7787.
7787.
7787.
7787.
7786.
7787.
7786.
7786.
7786.
7785.
7786.
7787.
7787.
7786.
7787.
7787.
7787.
7788.
7787.
7787.
7788.
7788.
7788.
7789.
7789.
7790.
7790.
7790.
7791.
7791.
7792.
7791.
7792.
7792.
7794.
7795.
7796.
7796.
7797.
7798.
7798.
7800.
7802.
7803.
7805.
7807.
7807.
7810.
7811.
7813.
7816.
7818.
7820.
7821.
7824.
7826.
7827.
7827.
7826.
7823.
7819.
7814.
7810.
7808.
7808.
7808.
7810.
7811.
7814.
7816.
7818.
7820.
7820.
7821.
7822.
7824.
7825.
7826.
7827.
7828.
7829.
7829.
7830.
7830.
7831.
7832.
7833.
7833.
7834.
7834.
7833.
7835.
7835.
7835.
7834.
7834.
7833.
7833.
7833.
7833.
7832.
7832.
7830.
7830.
7830.
7828.
7828.
7827.
7825.
7824.
7822.
7821.
7820.
7818.
7817.
7814.
7813.
7811.
7808.
7805.
7801.
7801.
7799.
7795.
7794.
7790.
7788.
7785.
7781.
7780.
7775.
7772.
7770.
7767.
7763.
7760.
7758.
7755.
7751.
7747.
7744.
7741.
7738.
7736.
7736.
7740.
7747.
7754.
7763.
7774.
7783.
7791.
7797.
7805.
7809.
7814.
7816.
7818.
7817.
7818.
7817.
7817.
7816.
7817.
7815.
7815.
7815.
7815.
7815.
7814.
7814.
7815.
7814.
7814.
7815.
7814.
7814.
7813.
7814.
7814.
7813.
7814.
7814.
7813.
7813.
7813.
7814.
7813.
7814.
7814.
7814.
7813.
7813.
7813.
7813.
7813.
7812.
7813.
7812.
7814.
7813.
7812.
7812.
7812.
7812.
7812.
7812.
7812.
7813.
7811.
7811.
7811.
7810.
7810.
7812.
7811.
7810.
7809.
7810.
7811.
7809.
7809.
7810.
7808.
7810.
7808.
7808.
7808.
7807.
7806.
7806.
7806.
7805.
7805.
7806.
7805.
7804.
7804.
7805.
7804.
7804.
7803.
7802.
7802.
7802.
7801.
7802.
7801.
7799.
7800.
7798.
7798.
7798.
7798.
7797.
7796.
7796.
7795.
7795.
7795.
7793.
7793.
7791.
7791.
7789.
7789.
7787.
7787.
7786.
7784.
7784.
7781.
7781.
7780.
7777.
7776.
7774.
7773.
7772.
7770.
7769.
7767.
7765.
7764.
7763.
7761.
7760.
7758.
7756.
7754.
7752.
7751.
7749.
7747.
7746.
7744.
7741.
7740.
7737.
7735.
7733.
7731.
7728.
7726.
7725.
7721.
7718.
7715.
7713.
7711.
7708.
7705.
7702.
7699.
7695.
7693.
7689.
7685.
7683.
7680.
7677.
7674.
7671.
7667.
7666.
7662.
7660.
7656.
7653.
7648.
7646.
7643.
7639.
7636.
7633.
7629.
7624.
7622.
7617.
7615.
7611.
7608.
7603.
7600.
7595.
7591.
7586.
7582.
7578.
7574.
7570.
7565.
7562.
7557.
7553.
7549.
7544.
7540.
7534.
7529.
7524.
7520.
7514.
7509.
7504.
7500.
7496.
7489.
7484.
7479.
7474.
7470.
7464.
7458.
7453.
7448.
7443.
7438.
7432.
7428.
7420.
7415.
7409.
7403.
7397.
7390.
7382.
7376.
7367.
7358.
7350.
7341.
7333.
7326.
7319.
7313.
7307.
7302.
7297.
7293.
7288.
7284.
7279.
7276.
7272.
7268.
7265.
7262.
7258.
7255.
7253.
7248.
7245.
7241.
7238.
7236.
7233.
7230.
7225.
7223.
7221.
7218.
7215.
7212.
7210.
7207.
7204.
7201.
7200.
7197.
7195.
7192.
7190.
7186.
7183.
7182.
7182.
7178.
7177.
7176.
7173.
7170.
7169.
7168.
7165.
7162.
7162.
7160.
7157.
7157.
7154.
7154.
7151.
7149.
7146.
7144.
7143.
7140.
7138.
7136.
7134.
7130.
7126.
7121.
7116.
7113.
7107.
7105.
7098.
7094.
7091.
7087.
7084.
7082.
7079.
7076.
7074.
7074.
7074.
7072.
7071.
7069.
7069.
7069.
7068.
7069.
7069.
7068.
7068.
7068.
7067.
7067.
7066.
7067.
7067.
7065.
7065.
7065.
7063.
7063.
7062.
7061.
7061.
7061.
7059.
7058.
7058.
7055.
7055.
7052.
7049.
7046.
7042.
7036.
7030.
7026.
7019.
7017.
7015.
7015.
7014.
7014.
7015.
7015.
7016.
7017.
7018.
7018.
7018.
7018.
7019.
7020.
7021.
7020.
7021.
7021.
7022.
7022.
7022.
7023.
7022.
7022.
7023.
7025.
7024.
7024.
7025.
7026.
7026.
7026.
7026.
7027.
7027.
7027.
7028.
7027.
7028.
7027.
7027.
7027.
7028.
7028.
7027.
7028.
7027.
7027.
7028.
7029.
7028.
7029.
7029.
7029.
7029.
7030.
7030.
7030.
7029.
7030.
7030.
7030.
7030.
7029.
7029.
7029.
7029.
7029.
7029.
7029.
7027.
7027.
7026.
7026.
7026.
7026.
7026.
7024.
7023.
7023.
7022.
7022.
7020.
7020.
7018.
7017.
7016.
7015.
7013.
7012.
7010.
7009.
7008.
7007.
7005.
7003.
7001.
7000.
6998.
6996.
6994.
6992.
6989.
6987.
6985.
6982.
6979.
6978.
6976.
6973.
6970.
6968.
6966.
6963.
6961.
6959.
6956.
6954.
6950.
6948.
6946.
6944.
6941.
6939.
6937.
6935.
6933.
6931.
6928.
6926.
6923.
6921.
6918.
6916.
6913.
6912.
6910.
6908.
6906.
6903.
6900.
6899.
6897.
6896.
6894.
6895.
6897.
6905.
6913.
6926.
6941.
6958.
6973.
6990.
7004.
7017.
7031.
7042.
7051.
7058.
7062.
7064.
7066.
7067.
7068.
7065.
7066.
7064.
7066.
7066.
7065.
7065.
7066.
7066.
7067.
7067.
7068.
7069.
7068.
7069.
7070.
7069.
7070.
7071.
7072.
7072.
7073.
7074.
7075.
7075.
7077.
7077.
7077.
7078.
7080.
7082.
7081.
7081.
7082.
7083.
7085.
7086.
7086.
7087.
7088.
7090.
7090.
7090.
7092.
7093.
7094.
7095.
7096.
7097.
7097.
7100.
7100.
7101.
7103.
7105.
7106.
7107.
7109.
7111.
7113.
7114.
7115.
7117.
7120.
7121.
7124.
7126.
7128.
7130.
7132.
7134.
7137.
7138.
7141.
7145.
7147.
7150.
7154.
7156.
7160.
7163.
7167.
7171.
7174.
7177.
7181.
7185.
7190.
7193.
7197.
7202.
7206.
7210.
7213.
7218.
7223.
7227.
7232.
7236.
7241.
7245.
7250.
7254.
7259.
7263.
7268.
7273.
7278.
7281.
7286.
7292.
7296.
7300.
7304.
7309.
7315.
7319.
7324.
7328.
7332.
7337.
7340.
7345.
7349.
7354.
7357.
7361.
7366.
7370.
7373.
7378.
7383.
7387.
7390.
7395.
7399.
7402.
7407.
7411.
7415.
7418.
7421.
7426.
7430.
7433.
7437.
7441.
7444.
7449.
7453.
7456.
7460.
7465.
7467.
7470.
7473.
7477.
7480.
7484.
7488.
7491.
7495.
7498.
7501.
7503.
7508.
7511.
7514.
7518.
7521.
7524.
7528.
7530.
7533.
7536.
7539.
7543.
7545.
7548.
7552.
7554.
7557.
7560.
7562.
7564.
7567.
7570.
7574.
7576.
7577.
7580.
7581.
7585.
7586.
7589.
7590.
7592.
7593.
7596.
7597.
7599.
7600.
7601.
7603.
7604.
7606.
7608.
7608.
7609.
7609.
7609.
7610.
7611.
7611.
7612.
7613.
7613.
7612.
7612.
7612.
7612.
7611.
7609.
7611.
7609.