7788.
7796.
7802.
7807.
7811.
7814.
7815.
7815.
7815.
7814.
7813.
7813.
7812.
7812.
7811.
7811.
7811.
7812.
7812.
7812.
7811.
7812.
7812.
7812.
7812.
7812.
7812.
7813.
7813.
7813.
7813.
7814.
7815.
7815.
7816.
7815.
7815.
7815.
7816.
7818.
7818.
7818.
7818.
7818.
7819.
7819.
7820.
7819.
7820.
7821.
7822.
7821.
7822.
7822.
7822.
7824.
7825.
7824.
7826.
7827.
7826.
7826.
7827.
7827.
7828.
7830.
7829.
7830.
7830.
7831.
7832.
7832.
7832.
7832.
7832.
7833.
7834.
7834.
7834.
7835.
7835.
7836.
7837.
7837.
7839.
7839.
7839.
7837.
7840.
7839.
7840.
7841.
7840.
7841.
7841.
7841.
7840.
7842.
7842.
7843.
7843.
7843.
7844.
7844.
7845.
7846.
7846.
7846.
7846.
7847.
7848.
7849.
7850.
7851.
7852.
7852.
7853.
7855.
7855.
7857.
7858.
7858.
7860.
7860.
7858.
7854.
7849.
7846.
7842.
7839.
7836.
7836.
7837.
7837.
7838.
7840.
7840.
7840.
7841.
7840.
7843.
7842.
7842.
7843.
7842.
7842.
7842.
7843.
7842.
7842.
7842.
7842.
7840.
7840.
7840.
7840.
7838.
7837.
7836.
7836.
7836.
7835.
7833.
7832.
7830.
7829.
7828.
7826.
7824.
7823.
7820.
7819.
7817.
7816.
7814.
7812.
7809.
7806.
7805.
7802.
7800.
7796.
7794.
7791.
7788.
7786.
7784.
7780.
7777.
7774.
7771.
7768.
7764.
7763.
7758.
7755.
7753.
7753.
7755.
7758.
7763.
7772.
7780.
7790.
7799.
7807.
7816.
7823.
7827.
7830.
7833.
7834.
7834.
7834.
7832.
7831.
7831.
7831.
7831.
7830.
7830.
7830.
7829.
7830.
7830.
7831.
7831.
7830.
7830.
7830.
7831.
7831.
7831.
7830.
7831.
7831.
7832.
7832.
7831.
7831.
7831.
7831.
7831.
7832.
7832.
7832.
7831.
7831.
7832.
7832.
7831.
7831.
7831.
7832.
7831.
7832.
7832.
7832.
7830.
7831.
7832.
7831.
7831.
7832.
7831.
7831.
7831.
7830.
7830.
7831.
7831.
7831.
7831.
7831.
7830.
7831.
7830.
7830.
7830.
7830.
7830.
7831.
7831.
7830.
7831.
7831.
7830.
7830.
7830.
7830.
7830.
7830.
7831.
7831.
7832.
7831.
7832.
7831.
7832.
7832.
7833.
7834.
7833.
7833.
7835.
7836.
7836.
7837.
7837.
7838.
7838.
7839.
7840.
7841.
7841.
7842.
7844.
7845.
7847.
7848.
7849.
7850.
7851.
7853.
7855.
7857.
7859.
7860.
7862.
7864.
7865.
7868.
7871.
7872.
7873.
7873.
7872.
7868.
7864.
7859.
7853.
7852.
7851.
7851.
7851.
7852.
7854.
7856.
7857.
7860.
7860.
7861.
7862.
7863.
7863.
7864.
7865.
7865.
7866.
7866.
7868.
7868.
7868.
7868.
7869.
7869.
7869.
7870.
7868.
7869.
7869.
7869.
7869.
7868.
7868.
7868.
7867.
7867.
7867.
7864.
7864.
7864.
7863.
7862.
7860.
7859.
7857.
7855.
7854.
7853.
7851.
7849.
7847.
7845.
7843.
7841.
7837.
7837.
7834.
7832.
7829.
7827.
7824.
7822.
7819.
7817.
7815.
7811.
7809.
7805.
7802.
7799.
7796.
7793.
7789.
7786.
7783.
7780.
7776.
7773.
7770.
7767.
7763.
7761.
7757.
7753.
7750.
7746.
7742.
7739.
7735.
7733.
7732.
7733.
7736.
7741.
7749.
7757.
7766.
7775.
7784.
7793.
7799.
7804.
7808.
7812.
7814.
7815.
7814.
7814.
7813.
7813.
7813.
7813.
7813.
7814.
7813.
7814.
7813.
7814.
7815.
7815.
7815.
7816.
7816.
7816.
7816.
7817.
7818.
7818.
7819.
7820.
7820.
7821.
7821.
7821.
7821.
7822.
7822.
7823.
7823.
7824.
7825.
7825.
7826.
7827.
7828.
7828.
7829.
7830.
7831.
7832.
7832.
7833.
7833.
7834.
7835.
7835.
7835.
7836.
7837.
7839.
7840.
7840.
7842.
7841.
7843.
7844.
7845.
7847.
7847.
7848.
7851.
7851.
7851.
7853.
7854.
7856.
7857.
7859.
7861.
7862.
7863.
7864.
7864.
7863.
7860.
7855.
7850.
7845.
7842.
7840.
7839.
7840.
7840.
7840.
7842.
7844.
7844.
7846.
7847.
7846.
7849.
7848.
7848.
7848.
7850.
7850.
7851.
7851.
7850.
7850.
7850.
7851.
7850.
7850.
7850.
7851.
7850.
7850.
7849.
7849.
7848.
7848.
7847.
7846.
7845.
7844.
7843.
7843.
7841.
7839.
7838.
7838.
7836.
7834.
7832.
7831.
7829.
7827.
7826.
7824.
7821.
7820.
7819.
7815.
7814.
7810.
7808.
7808.
7805.
7802.
7799.
7798.
7794.
7792.
7790.
7788.
7786.
7784.
7779.
7777.
7773.
7771.
7768.
7766.
7764.
7761.
7761.
7763.
7766.
7773.
7780.
7789.
7798.
7805.
7811.
7817.
7822.
7826.
7832.
7835.
7837.
7838.
7839.
7839.
7838.
7838.
7838.
7837.
7836.
7836.
7837.
7836.
7836.
7837.
7837.
7836.
7837.
7837.
7838.
7837.
7838.
7838.
7836.
7838.
7838.
7837.
7838.
7837.
7837.
7837.
7836.
7836.
7836.
7835.
7836.
7835.
7836.
7835.
7835.
7836.
7835.
7835.
7836.
7835.
7835.
7834.
7834.
7834.
7833.
7833.
7833.
7832.
7832.
7832.
7833.
7832.
7830.
7830.
7831.
7830.
7830.
7830.
7829.
7828.
7828.
7827.
7827.
7826.
7826.
7826.
7824.
7824.
7824.
7823.
7822.
7822.
7821.
7820.
7819.
7819.
7817.
7816.
7815.
7814.
7813.
7812.
7811.
7810.
7808.
7807.
7805.
7803.
7802.
7801.
7799.
7796.
7794.
7792.
7790.
7789.
7786.
7785.
7782.
7781.
7778.
7776.
7773.
7771.
7768.
7767.
7764.
7762.
7759.
7755.
7752.
7750.
7747.
7744.
7741.
7737.
7734.
7732.
7729.
7726.
7723.
7719.
7715.
7714.
7710.
7706.
7703.
7700.
7698.
7694.
7693.
7694.
7697.
7704.
7712.
7723.
7732.
7742.
7750.
7757.
7764.
7769.
7772.
7774.
7775.
7775.
7775.
7774.
7772.
7771.
7771.
7769.
7768.
7768.
7769.
7767.
7767.
7767.
7766.
7765.
7764.
7764.
7764.
7765.
7764.
7763.
7763.
7762.
7762.
7762.
7762.
7761.
7761.
7760.
7761.
7759.
7759.
7759.
7759.
7757.
7757.
7757.
7757.
7757.
7756.
7756.
7755.
7755.
7754.
7754.
7754.
7753.
7752.
7752.
7751.
7751.
7751.
7750.
7750.
7750.
7748.
7748.
7748.
7748.
7747.
7748.
7747.
7746.
7746.
7746.
7744.
7744.
7744.
7744.
7744.
7743.
7743.
7742.
7742.
7742.
7742.
7743.
7741.
7740.
7740.
7739.
7738.
7739.
7737.
7737.
7736.
7736.
7735.
7734.
7734.
7733.
7733.
7732.
7732.
7732.
7730.
7730.
7728.
7728.
7726.
7726.
7725.
7724.
7723.
7723.
7722.
7721.
7721.
7720.
7719.
7718.
7717.
7715.
7714.
7713.
7714.
7712.
7711.
7710.
7709.
7708.
7709.
7708.
7707.
7707.
7706.
7704.
7704.
7702.
7703.
7701.
7701.
7701.
7701.
7700.
7700.
7699.
7699.
7697.
7696.
7697.
7696.
7696.
7695.
7696.
7695.
7694.
7694.
7694.
7694.
7693.
7693.
7692.
7692.
7692.
7692.
7692.
7691.
7691.
7690.
7690.
7691.
7689.
7689.
7689.
7690.
7690.
7689.
7689.
7689.
7690.
7689.
7689.
7688.
7689.
7689.
7690.
7690.
7690.
7691.
7691.
7691.
7690.
7691.
7691.
7692.
7691.
7692.
7692.
7691.
7691.
7692.
7692.
7692.
7692.
7691.
7691.
7691.
7691.
7691.
7691.
7691.
7691.
7689.
7690.
7689.
7689.
7688.
7687.
7687.
7687.
7685.
7684.
7684.
7683.
7683.
7682.
7680.
7680.
7679.
7678.
7676.
7675.
7674.
7672.
7671.
7671.
7668.
7666.
7666.
7662.
7661.
7659.
7657.
7655.
7653.
7652.
7648.
7646.
7644.
7641.
7638.
7637.
7632.
7630.
7627.
7624.
7621.
7616.
7613.
7610.
7606.
7603.
7599.
7596.
7592.
7587.
7584.
7581.
7575.
7571.
7566.
7562.
7558.
7554.
7549.
7545.
7540.
7535.
7531.
7527.
7523.
7518.
7513.
7509.
7504.
7501.
7497.
7492.
7488.
7483.
7480.
7474.
7470.
7467.
7461.
7458.
7454.
7450.
7446.
7442.
7437.
7434.
7430.
7425.
7422.
7417.
7412.
7409.
7406.
7403.
7399.
7395.
7391.
7388.
7385.
7381.
7377.
7374.
7372.
7369.
7365.
7362.
7359.
7356.
7354.
7352.
7348.
7347.
7344.
7343.
7340.
7338.
7336.
7334.
7333.
7330.
7329.
7328.
7326.
7323.
7322.
7321.
7319.
7318.
7317.
7316.
7314.
7313.
7312.
7311.
7310.
7309.
7307.
7305.
7305.
7304.
7302.
7301.
7301.
7301.
7300.
7298.
7298.
7298.
7297.
7296.
7295.
7295.
7295.
7294.
7294.
7294.
7293.
7293.
7293.
7293.
7292.
7293.
7293.
7292.
7292.
7293.
7292.
7293.
7293.
7293.
7292.
7293.
7293.
7293.
7295.
7295.
7295.
7295.
7296.
7295.
7296.
7295.
7294.
7293.
7293.
7292.
7290.
7290.
7285.
7280.
7274.
7265.
7259.
7251.
7245.
7239.
7234.
7232.
7231.
7232.
7231.
7231.
7230.
7230.
7229.
7229.
7228.
7228.
7227.
7226.
7224.
7225.
7223.
7221.
7222.
7221.
7219.
7218.
7217.
7216.
7216.
7213.
7211.
7210.
7208.
7207.
7206.
7205.
7204.
7203.
7201.
7199.
7197.
7196.
7194.
7193.
7190.
7189.
7187.
7185.
7183.
7183.
7181.
7180.
7177.
7176.
7175.
7172.
7170.
7169.
7168.
7167.
7164.
7162.
7161.
7159.
7157.
7155.
7153.
7152.
7149.
7148.
7146.
7144.
7142.
7140.
7137.
7138.
7135.
7133.
7130.
7129.
7127.
7126.
7124.
7123.
7122.
7119.
7117.
7116.
7115.
7113.
7111.
7110.
7109.
7108.
7105.
7103.
7101.
7100.
7098.
7098.
7096.
7096.
7093.
7092.
7092.
7089.
7089.
7087.
7085.
7083.
7082.
7081.
7079.
7078.
7078.
7075.
7073.
7072.
7070.
7069.
7068.
7067.
7064.
7063.
7061.
7060.
7059.
7057.
7057.
7055.
7054.
7053.
7051.
7050.
7049.
7048.
7047.
7045.
7044.
7043.
7041.
7041.
7039.
7038.
7037.
7036.
7036.
7034.
7035.
7032.
7033.
7033.
7032.
7031.
7029.
7029.
7028.
7027.
7026.
7026.
7024.
7024.
7023.
7023.
7021.
7022.
7021.
7020.
7019.
7018.
7017.
7017.
7015.
7014.
7013.
7013.
7011.
7011.
7010.
7008.
7008.
7008.
7006.
7006.
7005.
7004.
7003.
7003.
7002.
7002.
7000.
7000.
6999.
6999.
6999.
6998.
6997.
6996.
6995.
6994.
6995.
6995.
6994.
6994.
6993.
6992.
6992.
6990.
6990.
6989.
6989.
6989.
6990.
6989.
6989.
6988.
6988.
6988.
6987.
6986.
6988.
6986.
6985.
6986.
6985.
6984.
6984.
6984.
6982.
6982.
6981.
6980.
6980.
6980.
6979.
6979.
6978.
6978.
6977.
6976.
6976.
6975.
6974.
6975.
6973.
6971.
6971.
6972.
6970.
6970.
6970.
6969.
6968.
6967.
6966.
6965.
6965.
6964.
6962.
6961.
6961.
6960.
6960.
6959.
6958.
6958.
6958.
6956.
6955.
6955.
6955.
6954.
6953.
6953.
6952.
6952.
6951.
6951.
6950.
6949.
6948.
6948.
6948.
6946.
6946.
6945.
6946.
6945.
6945.
6945.
6944.
6943.
6942.
6941.
6941.
6940.
6939.
6939.
6939.
6939.
6938.
6938.
6938.
6937.
6936.
6936.
6935.
6935.
6933.
6933.
6932.
6931.
6931.
6930.
6930.
6930.
6930.
6929.
6927.
6926.
6927.
6927.
6927.
6927.
6927.
6927.
6927.
6927.
6926.
6926.
6926.
6926.
6926.
6925.
6927.
6926.
6926.
6926.
6927.
6926.
6925.
6925.
6925.
6924.
6924.
6925.
6925.
6925.
6924.
6924.
6924.
6925.
6924.
6923.
6924.
6925.
6924.
6923.
6922.
6921.
6922.
6922.
6922.
6922.
6922.
6921.
6922.
6922.
6923.
6922.
6922.
6922.
6922.
6923.
6923.
6923.
6923.
6924.
6924.
6925.
6924.
6924.
6925.
6926.
6926.
6927.
6926.
6926.
6926.
6926.
6927.
6928.
6928.
6928.
6929.
6930.
6929.
6931.
6930.
6931.
6932.
6932.
6933.
6933.
6934.
6935.
6935.
6938.
6937.
6938.
6938.
6939.
6941.
6941.
6942.
6943.
6945.
6946.
6946.
6948.
6949.
6949.
6952.
6953.
6954.
6955.
6957.
6959.
6960.
6961.
6963.
6964.
6965.
6967.
6970.
6972.
6973.
6974.
6975.
6977.
6980.
6983.
6984.
6986.
6988.
6991.
6992.
6995.
6996.
6998.
6999.
6998.
6995.
6990.
6984.
6978.
6970.
6963.
6958.
6957.
6956.
6957.
6959.
6963.
6966.
6969.
6971.
6974.
6978.
6980.
6982.
6985.
6988.
6992.
6995.
6996.
6998.
7000.
7002.
7005.
7007.
7010.
7011.
7013.
7015.
7018.
7021.
7022.
7024.
7026.
7029.
7029.
7031.
7032.
7034.
7035.
7037.
7039.
7039.
7041.
7043.
7044.
7045.
7046.
7047.
7048.
7049.
7050.
7049.
7050.
7051.
7051.
7051.
7052.
7052.
7052.
7053.
7053.
7053.
7052.
7052.
7051.
7052.
7052.
7051.
7051.
7050.
7050.
7049.
7049.
7048.
7048.
7046.
7045.
7043.
7043.
7041.
7040.
7038.
7036.
7035.
7033.
7031.
7030.
7028.
7026.
7023.
7022.
7021.
7018.
7016.
7013.
7012.
7008.
7007.
7003.
7002.
7001.
7001.
7004.
7013.
7019.
7030.
7042.
7054.
7065.
7074.
7084.
7093.
7103.
7114.
7123.
7134.
7143.
7153.
7160.
7164.
7168.
7171.
7174.
7176.
7176.
7178.
7178.
7178.
7179.
7180.
7182.
7181.
7182.
7183.
7183.
7183.
7184.
7184.
7185.
7185.
7185.
7186.
7186.
7185.
7185.
7186.
7186.
7185.
7184.
7185.
7185.
7185.
7184.
7183.
7183.
7182.
7183.
7182.
7181.
7180.
7178.
7178.
7178.
7179.
7184.
7192.
7204.
7220.
7238.
7256.
7276.
7293.
7310.
7326.
7338.
7350.
7361.
7371.
7381.
7389.
7394.
7396.
7398.
7400.
7401.
7403.
7405.
7406.
7408.
7409.
7412.
7413.
7416.
7417.
7420.
7422.
7425.
7428.
7430.
7431.
7433.
7436.
7439.
7441.
7443.
7446.
7448.
7449.
7454.
7456.
7458.
7461.
7464.
7466.
7467.
7470.
7474.
7476.
7478.
7480.
7484.
7487.
7490.
7491.
7495.
7498.
7500.
7504.
7507.
7509.
7512.
7515.
7518.
7520.
7524.
7528.
7531.
7535.
7537.
7540.
7543.
7548.
7550.
7554.
7557.
7561.
7564.
7568.
7573.
7576.
7580.
7585.
7588.
7592.
7596.
7601.
7605.
7611.
7614.
7619.
7624.
7629.
7635.
7639.
7645.
7650.
7655.
7658.
7659.
7657.
7652.
7648.
7642.
7636.
7634.
7631.
7630.
7630.
7631.
7634.
7637.
7641.
7644.
7648.
7652.
7655.
7658.
7661.
7664.
7667.
7669.
7672.
7674.
7675.
7679.
7681.
7684.
7686.
7689.
7689.
7690.
7692.
7693.
7695.
7697.
7697.
7698.
7698.
7699.
7699.
7700.
7700.
7700.
7700.
7699.
7700.
7700.
7699.
7697.
7697.
7696.
7695.
7694.
7692.
7691.
7690.
7688.
7686.
7684.
7683.
7681.
7678.
7676.
7674.
7672.
7669.
7667.
7664.
7661.
7659.
7655.
7653.
7651.
7648.
7645.
7643.
7640.
7637.
7632.
7629.
7625.
7622.
7618.
7616.
7613.
7608.
7605.
7602.
7599.
7595.
7591.
7587.
7584.
7580.
7576.
7572.
7567.
7564.
7559.
7557.
7555.
7556.
7559.
7568.
7578.
7590.
7602.
7613.
7625.
7636.
7646.
7655.
7663.
7672.
7678.
7683.
7685.
7686.
7688.
7686.
7685.
7684.
7686.
7686.
7686.
7686.
7686.
7686.
7686.
7685.
7686.
7686.
7687.
7688.
7688.
7688.
7688.
7689.
7689.
7689.
7689.
7690.
7690.
7690.
7690.
7691.
7691.
7692.
7690.
7692.
7692.
7693.
7692.
7692.
7692.
7692.
7694.
7693.
7692.
7693.
7693.
7692.
7693.
7693.
7693.
7692.
7691.
7692.
7691.
7691.
7692.
7691.
7691.
7691.
7690.
7689.
7690.
7688.
7688.
7687.
7688.
7687.
7687.
7685.
7686.
7684.
7684.
7683.
7683.
7681.
7681.
7680.
7679.
7679.
7678.
7676.
7675.
7675.
7675.
7672.
7671.
7670.
7668.
7667.
7665.
7662.
7661.
7659.
7657.
7656.
7653.
7650.
7649.
7646.
7644.
7641.
7638.
7635.
7632.
7632.
7634.
7638.
7646.
7655.
7665.
7677.
7686.
7696.
7704.
7712.
7719.
7726.
7732.
7739.
7744.
7750.
7752.
7754.
7754.
7754.
7755.
7756.
7754.
7755.
7756.
7756.
7758.
7759.
7760.
7762.
7762.
7763.
7765.
7765.
7767.
7767.
7768.
7771.
7772.
7774.
7775.
7777.
7779.
7782.
7783.
7785.
7788.
7791.
7792.
7795.
7797.
7799.
7801.
7804.
7807.
7810.
7813.
7816.
7819.
7823.
7825.
7829.
7832.
7836.
7841.
7844.
7848.
7852.
7856.
7860.
7864.
7869.
7872.
7873.
7873.
7871.
7865.
7861.
7855.
7851.
7847.
7846.
7846.
7846.
7849.
7852.
7854.
7856.
7858.
7860.
7861.
7862.
7863.
7864.
7865.
7865.
7866.
7866.
7867.
7866.
7868.
7867.
7868.
7867.
7866.
7866.
7865.
7865.
7863.
7863.
7861.
7860.
7859.
7857.
7856.
7853.
7852.
7851.
7848.
7845.
7845.
7841.
7838.
7836.
7833.
7830.
7827.
7825.
7821.
7819.
7816.
7811.
7807.
7804.
7803.
7798.
7794.
7791.
7788.
7785.
7780.
7777.
7773.
7768.
7764.
7761.
7756.
7753.
7749.
7744.
7740.
7736.
7733.
7728.
7724.
7719.
7714.
7710.
7706.
7703.
7698.
7696.
7695.
7697.
7702.
7709.
7719.
7731.
7740.
7752.
7761.
7770.
7777.
7783.
7788.
7789.
7790.
7789.
7789.
7788.
7788.
7787.
7787.
7785.
7786.
7785.
7785.
7785.
7785.
7785.
7786.
7786.
7786.
7786.
7786.
7785.
7786.
7785.
7786.
7786.
7787.
7787.
7787.
7787.
7788.
7788.
7788.
7789.
7789.
7789.
7790.
7790.
7790.
7792.
7791.
7792.
7794.
7793.
7794.
7794.
7795.
7796.
7797.
7797.
7800.
7800.
7801.
7803.
7805.
7805.
7806.
7808.
7809.
7811.
7812.
7814.
7816.
7817.
7821.
7822.
7825.
7827.
7829.
7833.
7834.
7838.
7840.
7845.
7847.
7850.
7853.
7856.
7858.
7858.
7857.
7853.
7849.
7844.
7841.
7839.
7840.
7840.
7841.
7843.
7846.
7848.
7849.
7851.
7852.
7853.
7853.
7854.
7855.
7856.
7856.
7856.
7857.
7858.
7858.
7858.
7859.
7858.
7857.
7857.
7857.
7856.
7855.
7854.
7853.
7853.
7852.
7850.
7849.
7848.
7846.
7844.
7842.
7841.
7838.
7836.
7834.
7831.
7830.
7827.
7823.
7821.
7819.
7816.
7813.
7810.
7807.
7803.
7801.
7797.
7794.
7791.
7788.
7784.
7781.
7777.
7773.
7769.
7765.