8542.
8542.
8541.
8542.
8542.
8542.
8541.
8541.
8543.
8542.
8541.
8542.
8542.
8542.
8542.
8541.
8542.
8543.
8543.
8544.
8542.
8545.
8544.
8546.
8545.
8545.
8545.
8545.
8545.
8545.
8545.
8545.
8545.
8544.
8543.
8544.
8544.
8543.
8545.
8543.
8543.
8544.
8544.
8544.
8544.
8544.
8542.
8543.
8543.
8542.
8542.
8543.
8542.
8542.
8541.
8542.
8542.
8542.
8542.
8542.
8543.
8543.
8541.
8541.
8541.
8542.
8541.
8541.
8541.
8541.
8540.
8540.
8540.
8541.
8541.
8540.
8541.
8541.
8540.
8539.
8539.
8539.
8539.
8539.
8539.
8539.
8538.
8538.
8538.
8536.
8537.
8536.
8534.
8535.
8535.
8534.
8533.
8533.
8533.
8533.
8534.
8532.
8533.
8531.
8531.
8530.
8529.
8528.
8529.
8531.
8531.
8535.
8534.
8534.
8534.
8533.
8533.
8532.
8531.
8530.
8529.
8531.
8529.
8528.
8529.
8530.
8529.
8529.
8529.
8530.
8529.
8529.
8528.
8528.
8529.
8529.
8529.
8529.
8530.
8529.
8530.
8530.
8529.
8529.
8529.
8529.
8531.
8531.
8530.
8531.
8529.
8530.
8530.
8530.
8530.
8529.
8530.
8531.
8532.
8533.
8533.
8533.
8531.
8532.
8533.
8533.
8533.
8533.
8534.
8534.
8534.
8534.
8534.
8535.
8536.
8535.
8536.
8536.
8537.
8538.
8538.
8538.
8537.
8539.
8539.
8538.
8538.
8540.
8540.
8541.
8540.
8542.
8542.
8542.
8542.
8542.
8543.
8542.
8540.
8541.
8539.
8539.
8540.
8538.
8538.
8536.
8536.
8534.
8535.
8534.
8535.
8534.
8536.
8536.
8538.
8537.
8538.
8538.
8538.
8538.
8538.
8539.
8538.
8539.
8540.
8539.
8539.
8539.
8540.
8538.
8539.
8538.
8538.
8538.
8538.
8539.
8539.
8538.
8538.
8539.
8540.
8539.
8539.
8538.
8538.
8538.
8537.
8536.
8538.
8537.
8536.
8535.
8536.
8536.
8533.
8533.
8533.
8532.
8532.
8532.
8532.
8531.
8531.
8530.
8530.
8530.
8529.
8529.
8528.
8529.
8529.
8526.
8527.
8527.
8528.
8527.
8526.
8526.
8526.
8526.
8526.
8526.
8526.
8528.
8528.
8529.
8532.
8534.
8535.
8535.
8537.
8536.
8537.
8537.
8538.
8536.
8538.
8538.
8538.
8539.
8539.
8539.
8540.
8540.
8540.
8539.
8542.
8541.
8542.
8543.
8543.
8545.
8546.
8545.
8546.
8547.
8548.
8548.
8549.
8549.
8551.
8550.
8550.
8552.
8552.
8551.
8553.
8553.
8554.
8554.
8554.
8555.
8555.
8556.
8556.
8556.
8556.
8557.
8558.
8557.
8558.
8558.
8560.
8558.
8559.
8557.
8555.
8557.
8558.
8558.
8557.
8557.
8556.
8555.
8555.
8555.
8554.
8552.
8552.
8552.
8552.
8550.
8548.
8547.
8545.
8544.
8542.
8541.
8539.
8537.
8536.
8535.
8535.
8534.
8533.
8532.
8532.
8533.
8531.
8533.
8532.
8533.
8534.
8533.
8534.
8532.
8533.
8533.
8534.
8533.
8532.
8532.
8534.
8533.
8533.
8533.
8534.
8534.
8534.
8534.
8535.
8534.
8535.
8537.
8537.
8537.
8537.
8537.
8537.
8538.
8538.
8539.
8539.
8539.
8540.
8541.
8543.
8543.
8543.
8543.
8543.
8543.
8543.
8543.
8545.
8545.
8544.
8544.
8545.
8544.
8544.
8544.
8544.
8544.
8543.
8543.
8543.
8543.
8543.
8544.
8544.
8544.
8544.
8545.
8547.
8545.
8545.
8545.
8547.
8546.
8547.
8547.
8548.
8548.
8546.
8546.
8548.
8546.
8546.
8547.
8547.
8547.
8545.
8546.
8548.
8546.
8547.
8547.
8547.
8547.
8547.
8547.
8546.
8547.
8547.
8546.
8546.
8547.
8546.
8545.
8545.
8545.
8547.
8546.
8546.
8547.
8545.
8546.
8547.
8545.
8545.
8545.
8546.
8545.
8546.
8545.
8545.
8544.
8543.
8545.
8544.
8543.
8543.
8543.
8543.
8544.
8542.
8542.
8541.
8543.
8542.
8543.
8543.
8541.
8541.
8541.
8541.
8542.
8542.
8541.
8542.
8542.
8542.
8541.
8541.
8540.
8540.
8539.
8538.
8536.
8536.
8536.
8535.
8534.
8533.
8532.
8531.
8529.
8528.
8529.
8529.
8528.
8528.
8528.
8529.
8528.
8529.
8529.
8527.
8526.
8527.
8526.
8526.
8526.
8526.
8525.
8523.
8522.
8522.
8522.
8522.
8521.
8521.
8520.
8519.
8518.
8519.
8520.
8518.
8516.
8517.
8517.
8516.
8516.
8513.
8513.
8513.
8513.
8513.
8513.
8511.
8511.
8509.
8509.
8508.
8506.
8506.
8506.
8507.
8506.
8506.
8503.
8504.
8501.
8501.
8501.
8502.
8502.
8501.
8500.
8499.
8499.
8499.
8499.
8498.
8498.
8496.
8496.
8497.
8496.
8496.
8494.
8495.
8493.
8495.
8494.
8494.
8493.
8493.
8493.
8495.
8492.
8493.
8492.
8493.
8493.
8492.
8493.
8493.
8494.
8493.
8493.
8494.
8492.
8494.
8494.
8494.
8494.
8494.
8495.
8495.
8494.
8495.
8494.
8495.
8496.
8496.
8496.
8497.
8498.
8498.
8498.
8499.
8499.
8499.
8501.
8501.
8500.
8502.
8501.
8503.
8504.
8504.
8504.
8505.
8506.
8506.
8505.
8507.
8507.
8507.
8507.
8509.
8509.
8509.
8510.
8512.
8510.
8512.
8511.
8513.
8511.
8513.
8513.
8513.
8514.
8514.
8515.
8515.
8516.
8516.
8516.
8517.
8517.
8517.
8518.
8519.
8519.
8520.
8521.
8522.
8520.
8521.
8521.
8523.
8524.
8522.
8524.
8524.
8524.
8525.
8524.
8526.
8526.
8526.
8527.
8529.
8529.
8529.
8529.
8530.
8530.
8530.
8531.
8531.
8533.
8533.
8533.
8533.
8534.
8533.
8534.
8535.
8536.
8536.
8537.
8539.
8539.
8538.
8538.
8540.
8539.
8539.
8540.
8540.
8541.
8542.
8542.
8542.
8541.
8541.
8542.
8543.
8542.
8541.
8539.
8538.
8539.
8539.
8540.
8539.
8540.
8542.
8540.
8542.
8544.
8543.
8540.
8544.
8543.
8543.
8544.
8544.
8544.
8544.
8544.
8545.
8544.
8544.
8544.
8545.
8546.
8546.
8546.
8546.
8546.
8547.
8546.
8548.
8548.
8547.
8548.
8549.
8549.
8549.
8549.
8550.
8551.
8550.
8552.
8552.
8552.
8553.
8553.
8553.
8555.
8555.
8554.
8556.
8556.
8555.
8557.
8556.
8557.
8557.
8557.
8559.
8559.
8558.
8560.
8560.
8561.
8559.
8560.
8561.
8559.
8561.
8561.
8562.
8561.
8560.
8561.
8561.
8563.
8562.
8562.
8560.
8561.
8561.
8561.
8561.
8561.
8561.
8560.
8560.
8560.
8562.
8563.
8566.
8567.
8568.
8569.
8567.
8568.
8568.
8569.
8566.
8566.
8565.
8566.
8567.
8566.
8564.
8566.
8566.
8566.
8568.
8566.
8565.
8566.
8566.
8566.
8566.
8565.
8565.
8565.
8565.
8563.
8563.
8563.
8562.
8563.
8563.
8564.
8563.
8561.
8561.
8561.
8561.
8561.
8559.
8560.
8560.
8560.
8560.
8559.
8559.
8558.
8557.
8558.
8560.
8559.
8557.
8557.
8558.
8555.
8555.
8555.
8555.
8556.
8555.
8555.
8557.
8556.
8556.
8555.
8556.
8555.
8554.
8554.
8554.
8553.
8553.
8552.
8551.
8553.
8551.
8553.
8552.
8552.
8552.
8551.
8551.
8551.
8553.
8551.
8551.
8550.
8551.
8550.
8550.
8549.
8546.
8545.
8543.
8542.
8539.
8537.
8537.
8534.
8534.
8534.
8536.
8535.
8533.
8536.
8537.
8536.
8537.
8538.
8538.
8537.
8536.
8536.
8538.
8536.
8537.
8539.
8537.
8537.
8536.
8537.
8538.
8537.
8536.
8537.
8537.
8538.
8537.
8536.
8538.
8536.
8536.
8536.
8536.
8537.
8536.
8536.
8537.
8533.
8534.
8535.
8534.
8534.
8534.
8535.
8535.
8534.
8534.
8532.
8533.
8532.
8533.
8532.
8532.
8531.
8532.
8532.
8530.
8530.
8529.
8528.
8530.
8528.
8529.
8527.
8527.
8526.
8526.
8526.
8525.
8524.
8525.
8523.
8521.
8520.
8521.
8519.
8520.
8518.
8519.
8519.
8523.
8524.
8527.
8528.
8530.
8531.
8532.
8531.
8531.
8531.
8530.
8529.
8529.
8530.
8530.
8530.
8530.
8530.
8530.
8530.
8530.
8531.
8531.
8530.
8531.
8532.
8532.
8532.
8533.
8532.
8532.
8533.
8534.
8533.
8534.
8534.
8534.
8534.
8534.
8534.
8535.
8534.
8536.
8535.
8537.
8536.
8536.
8535.
8536.
8534.
8535.
8535.
8536.
8535.
8536.
8536.
8537.
8537.
8535.
8535.
8536.
8537.
8536.
8536.
8536.
8534.
8536.
8536.
8534.
8535.
8535.
8535.
8536.
8535.
8535.
8535.
8534.
8535.
8536.
8534.
8535.
8534.
8533.
8531.
8533.
8532.
8531.
8531.
8531.
8530.
8529.
8530.
8529.
8529.
8528.
8530.
8530.
8529.
8529.
8530.
8529.
8528.
8527.
8527.
8527.
8527.
8526.
8525.
8525.
8525.
8524.
8521.
8522.
8521.
8522.
8521.
8519.
8519.
8520.
8518.
8517.
8517.
8517.
8517.
8515.
8514.
8514.
8514.
8514.
8512.
8512.
8510.
8511.
8509.
8509.
8510.
8511.
8508.
8508.
8509.
8507.
8505.
8504.
8505.
8506.
8504.
8503.
8503.
8503.
8502.
8500.
8500.
8500.
8499.
8498.
8498.
8497.
8496.
8497.
8496.
8497.
8496.
8495.
8495.
8496.
8496.
8495.
8494.
8494.
8493.
8493.
8493.
8494.
8493.
8493.
8493.
8493.
8491.
8492.
8492.
8493.
8492.
8491.
8490.
8491.
8490.
8490.
8491.
8491.
8491.
8490.
8490.
8490.
8489.
8488.
8489.
8490.
8488.
8488.
8488.
8489.
8488.
8488.
8489.
8489.
8488.
8489.
8488.
8488.
8490.
8490.
8490.
8490.
8490.
8490.
8491.
8492.
8492.
8493.
8493.
8494.
8495.
8496.
8494.
8494.
8496.
8497.
8497.
8496.
8496.
8497.
8498.
8499.
8498.
8498.
8498.
8501.
8500.
8501.
8501.
8502.
8503.
8504.
8503.
8505.
8504.
8505.
8505.
8506.
8506.
8504.
8506.
8506.
8507.
8506.
8507.
8509.
8508.
8508.
8508.
8509.
8506.
8507.
8507.
8509.
8509.
8510.
8509.
8510.
8510.
8511.
8511.
8510.
8510.
8510.
8511.
8512.
8511.
8511.
8511.
8512.
8511.
8511.
8513.
8513.
8513.
8515.
8514.
8515.
8514.
8514.
8515.
8517.
8517.
8517.
8518.
8520.
8520.
8521.
8520.
8521.
8521.
8521.
8521.
8523.
8523.
8523.
8524.
8525.
8526.
8526.
8525.
8527.
8526.
8528.
8529.
8528.
8529.
8530.
8531.
8533.
8533.
8533.
8533.
8534.
8534.
8535.
8536.
8537.
8538.
8538.
8539.
8540.
8540.
8540.
8541.
8543.
8543.
8544.
8546.
8545.
8545.
8547.
8548.
8548.
8548.
8549.
8548.
8549.
8550.
8550.
8550.
8552.
8552.
8553.
8554.
8553.
8555.
8555.
8556.
8557.
8558.
8558.
8560.
8561.
8561.
8562.
8562.
8561.
8563.
8565.
8565.
8565.
8565.
8565.
8567.
8567.
8567.
8567.
8567.
8568.
8568.
8568.
8567.
8567.
8568.
8568.
8567.
8568.
8568.
8568.
8568.
8569.
8569.
8571.
8570.
8571.
8569.
8569.
8569.
8570.
8570.
8571.
8571.
8571.
8571.
8572.
8572.
8573.
8572.
8572.
8573.
8574.
8573.
8574.
8574.
8575.
8574.
8573.
8574.
8574.
8574.
8574.
8574.
8575.
8576.
8575.
8575.
8576.
8575.
8575.
8575.
8575.
8574.
8575.
8576.
8576.
8577.
8578.
8577.
8579.
8580.
8580.
8580.
8580.
8579.
8578.
8579.
8578.
8577.
8578.
8578.
8577.
8577.
8577.
8579.
8579.
8579.
8577.
8577.
8578.
8579.
8579.
8580.
8578.
8579.
8579.
8580.
8578.
8580.
8580.
8579.
8579.
8578.
8578.
8577.
8579.
8580.
8578.
8578.
8578.
8577.
8578.
8577.
8576.
8576.
8576.
8576.
8577.
8576.
8577.
8577.
8577.
8576.
8576.
8576.
8574.
8574.
8573.
8572.
8573.
8574.
8573.
8572.
8574.
8572.
8573.
8571.
8572.
8572.
8571.
8572.
8572.
8572.
8572.
8571.
8572.
8570.
8571.
8570.
8570.
8568.
8568.
8570.
8569.
8568.
8564.
8564.
8562.
8558.
8557.
8554.
8550.
8548.
8546.
8544.
8543.
8542.
8542.
8543.
8543.
8543.
8543.
8544.
8544.
8544.
8544.
8545.
8545.
8544.
8543.
8544.
8543.
8542.
8543.
8543.
8543.
8543.
8542.
8542.
8543.
8541.
8542.
8542.
8542.
8542.
8540.
8541.
8540.
8542.
8540.
8540.
8540.
8540.
8538.
8539.
8539.
8540.
8539.
8538.
8539.
8539.
8539.
8539.
8539.
8537.
8537.
8537.
8537.
8537.
8535.
8535.
8535.
8535.
8534.
8535.
8533.
8533.
8534.
8532.
8533.
8532.
8530.
8530.
8528.
8527.
8526.
8527.
8526.
8526.
8526.
8527.
8528.
8529.
8532.
8535.
8536.
8537.
8537.
8539.
8539.
8539.
8538.
8538.
8538.
8536.
8538.
8538.
8537.
8537.
8538.
8537.
8539.
8538.
8538.
8539.
8539.
8539.
8539.
8540.
8540.
8541.
8541.
8541.
8541.
8540.
8541.
8542.
8542.
8542.
8542.
8542.
8542.
8543.
8543.
8542.
8544.
8542.
8544.
8541.
8542.
8542.
8542.
8542.
8543.
8542.
8544.
8542.
8543.
8543.
8543.
8543.
8543.
8542.
8541.
8541.
8542.
8540.
8540.
8540.
8540.
8541.
8540.
8541.
8542.
8543.
8543.
8542.
8544.
8542.
8543.
8543.
8544.
8544.
8543.
8543.
8542.
8542.
8543.
8544.
8545.
8544.
8546.
8547.
8547.
8546.
8546.
8546.
8548.
8546.
8547.
8546.
8547.
8547.
8546.
8545.
8545.
8546.
8546.
8547.
8547.
8547.
8546.
8545.
8546.
8546.
8547.
8546.
8545.
8544.
8544.
8543.
8543.
8543.
8542.
8542.
8541.
8540.
8540.
8540.
8539.
8539.
8539.
8539.
8540.
8539.
8537.
8538.
8537.
8535.
8536.
8536.
8534.
8534.
8534.
8534.
8533.
8533.
8533.
8533.
8533.
8531.
8531.
8530.
8530.
8530.
8528.
8527.
8528.
8529.
8529.
8528.
8527.
8527.
8526.
8527.
8527.
8524.
8526.
8526.
8526.
8524.
8524.
8524.
8523.
8522.
8522.
8522.
8523.
8522.
8523.
8525.
8526.
8527.
8527.
8527.
8528.
8528.
8527.
8528.
8526.
8526.
8525.
8525.
8526.
8526.
8526.
8526.
8526.
8526.
8525.
8527.
8526.
8527.
8526.
8526.
8527.
8526.
8527.
8527.
8527.
8527.
8527.
8528.
8528.
8527.
8528.
8528.
8528.
8530.
8529.
8530.
8529.
8530.
8530.
8530.
8531.
8531.
8530.
8530.
8531.
8532.
8533.
8533.
8533.
8533.
8533.
8534.
8534.
8533.
8534.
8534.
8535.
8534.
8535.
8535.
8536.
8537.
8537.
8537.
8537.
8537.
8538.
8538.
8539.
8540.
8538.
8540.
8540.
8540.
8541.
8540.
8541.
8541.
8541.
8541.
8542.
8543.
8542.
8543.
8544.
8543.
8544.
8542.
8544.
8544.
8543.
8543.
8544.
8544.
8542.
8543.
8543.
8543.
8543.
8545.
8546.
8544.
8545.
8547.
8547.
8548.
8548.
8549.
8549.
8550.
8551.
8551.
8551.
8551.
8551.
8550.
8551.
8551.
8551.
8552.
8551.
8552.
8551.
8552.
8553.
8551.
8552.
8552.
8552.
8550.
8548.
8548.
8549.
8548.
8547.
8548.
8549.
8549.
8549.
8547.
8548.
8548.
8547.
8547.
8546.
8547.
8547.
8547.
8547.
8544.
8545.
8544.
8545.
8542.
8543.
8544.
8543.
8542.
8542.
8541.
8541.
8540.
8541.
8539.
8538.
8539.
8539.
8538.
8536.
8536.
8536.
8535.
8537.
8535.
8534.
8534.
8533.
8533.
8534.
8535.
8536.
8538.
8538.
8540.
8540.
8540.
8539.
8540.
8539.
8538.
8538.
8537.
8538.
8537.
8537.
8537.
8539.
8538.
8538.
8539.
8539.
8538.
8538.
8540.
8539.
8540.
8541.
8540.
8541.
8542.
8543.
8544.
8543.
8544.
8545.
8547.
8547.
8548.
8548.
8547.
8550.
8550.
8551.
8551.
8552.
8553.
8552.
8553.
8554.
8554.
8553.
8555.
8556.
8555.
8556.
8556.
8556.
8557.
8557.
8558.
8558.
8559.
8559.
8561.
8561.
8561.
8562.
8563.
8564.
8563.
8563.
8564.
8564.
8564.
8565.
8566.
8565.
8565.
8566.
8568.
8567.
8566.
8567.
8568.
8565.
8564.
8562.
8563.
8561.
8561.
8562.
8562.
8561.
8560.
8563.
8564.
8565.
8566.
8567.
8567.
8567.
8568.
8568.
8570.
8569.
8569.
8572.
8573.
8573.
8571.
8572.
8572.
8572.
8574.
8574.
8574.
8575.
8575.
8576.
8575.
8575.
8575.
8576.
8576.
8576.
8576.
8576.
8576.
8575.
8575.
8576.
8576.
8576.
8576.
8576.
8576.
8577.
8576.
8576.
8576.
8575.
8575.
8576.
8576.
8577.
8576.
8577.
8575.
8574.
8575.
8574.
8575.
8574.
8574.
8573.
8573.
8571.
8571.
8570.
8569.
8570.
8567.
8567.
8567.
8567.
8567.
8565.
8565.
8564.
8563.
8563.
8564.
8566.
8567.
8565.
8563.
8562.
8561.
8560.
8559.
8560.
8558.
8558.
8558.
8557.
8557.
8556.
8557.
8558.
8556.
8558.
8555.
8556.
8556.
8555.
8557.
8557.
8557.
8556.
8557.
8558.
8557.
8555.
8555.
8557.
8558.
8558.
8558.
8556.
8558.
8558.
8559.
8559.
8559.
8559.
8559.
8558.
8560.
8559.
8559.
8560.
8557.
8559.
8559.
8561.
8562.
8560.
8561.
8560.
8561.
8561.
8559.
8561.
8560.
8559.
8560.
8558.
8557.
8555.
8554.
8551.
8548.
8546.
8546.
8546.
8542.
8544.
8542.
8544.
8543.
8544.
8543.
8543.
8541.
8542.
8542.
8542.
8542.
8540.
8541.
8539.
8539.
8540.
8540.
8540.
8540.
8538.
8538.
8538.
8538.
8537.
8537.
8538.
8537.
8536.
8536.
8536.
8537.
8537.
8537.
8535.
8538.
8537.
8536.
8539.
8536.
8536.
8539.
8538.
8538.
8537.
8538.
8538.
8539.
8539.
8539.
8538.
8537.
8539.
8538.
8537.
8538.
8538.
8537.
8538.
8537.
8538.
8537.
8536.
8535.
8536.
8535.
8536.
8537.
8537.
8534.
8536.
8534.
8534.
8534.
8535.
8533.
8533.
8531.
8530.
8529.
8528.
8527.
8529.
8528.
8527.
8526.
8525.
8523.
8523.
8522.
8522.
8521.
8520.
8519.
8518.
8517.
8515.
8514.
8515.
8513.
8513.
8510.
8509.
8509.
8507.
8507.
8505.
8505.
8502.
8502.
8501.
8499.
8500.
8499.
8498.
8497.
8497.
8494.
8494.
8493.
8494.
8491.
8490.
8490.
8489.
8488.
8487.
8486.
8486.
8484.
8483.
8482.
8481.
8481.
8480.
8479.
8479.
8479.
8479.
8479.
8478.
8477.
8478.
8476.
8477.
8476.
8476.
8474.
8473.
8472.
8473.
8473.
8473.
8470.
8471.
8469.
8471.
8469.
8468.
8467.
8469.
8467.
8467.
8465.
8464.
8464.
8465.
8464.
8463.
8461.
8461.
8459.
8457.
8457.
8461.
8458.
8459.
8458.
8458.
8459.
8458.
8459.
8459.
8457.
8458.
8459.
8459.
8459.
8459.
8459.
8460.
8458.
8458.
8459.
8460.
8459.
8460.
8460.
8462.
8460.
8460.
8460.
8460.
8460.
8460.
8460.
8462.
8462.
8461.
8461.
8463.
8463.
8463.
8463.
8463.
8464.
8465.
8464.
8465.
8466.
8467.
8467.
8467.
8469.
8469.
8470.
8471.
8470.
8471.
8473.
8473.
8473.
8473.
8474.
8476.
8476.
8477.
8477.
8479.
8478.
8478.
8479.
8479.
8479.
8480.
8480.
8482.
8483.
8481.
8483.
8484.
8483.
8483.
8485.
8486.
8486.
8485.
8486.
8489.
8490.
8492.
8495.
8500.
8502.
8505.
8506.
8509.
8509.
8510.
8510.
8511.
8511.
8510.
8511.
8511.
8509.
8510.
8511.
8510.
8514.
8514.
8513.
8512.
8513.
8513.
8513.
8515.
8513.
8515.
8516.
8515.
8516.
8517.
8517.
8519.
8520.
8518.
8520.
8521.
8520.
8522.
8523.
8524.
8524.
8525.
8524.
8525.
8525.
8525.
8526.
8526.
8525.
8526.
8529.
8528.
8528.
8528.
8529.
8530.
8529.
8528.
8530.
8531.
8532.
8530.
8532.
8534.
8532.
8534.
8534.
8535.
8535.
8535.
8537.
8537.
8536.
8537.
8536.
8538.
8540.
8540.
8540.
8541.
8540.
8540.
8542.
8544.
8544.
8546.
8547.
8548.
8547.
8548.
8548.
8550.
8549.
8550.
8548.
8550.
8550.
8550.
8552.
8551.
8552.
8552.
8551.
8552.
8552.
8552.
8550.
8551.
8552.
8551.
8550.
8551.
8551.
8550.
8551.
8551.
8550.
8551.
8549.
8550.
8549.
8551.
8549.
8549.
8549.
8547.
8549.
8547.
8548.
8547.
8547.
8547.
8546.
8547.
8546.
8545.
8546.
8546.
8545.
8544.
8544.
8544.
8543.
8544.
8543.
8542.
8542.
8541.
8539.
8539.
8540.
8539.
8539.
8537.
8536.
8537.
8537.
8538.
8539.
8541.
8544.
8544.
8545.
8548.
8547.
8547.
8546.
8547.
8544.
8544.
8545.
8545.
8543.
8544.
8543.
8544.
8543.
8542.
8541.
8541.
8542.
8542.
8542.
8544.
8545.
8542.
8543.
8543.
8543.
8544.
8542.
8544.
8544.
8544.
8544.
8546.
8545.
8547.
8547.
8547.
8548.
8548.
8548.
8549.
8548.
8549.
8547.
8549.
8551.
8552.
8551.
8553.
8551.
8553.
8552.
8552.
8552.
8555.
8555.
8554.
8555.
8555.
8555.
8557.
8558.
8558.
8558.
8557.
8558.
8558.
8557.
8559.
8558.
8558.
8560.
8560.
8559.
8559.
8557.
8558.
8556.
8556.
8557.
8557.
8559.
8558.
8559.
8560.
8561.
8562.
8561.
8562.
8563.
8563.
8563.
8563.
8563.
8563.
8563.
8564.
8565.
8565.
8565.
8565.
8565.
8564.
8566.
8567.
8565.
8566.
8566.
8567.
8566.
8567.
8567.
8567.
8567.
8567.
8567.
8566.
8566.
8567.
8566.
8567.
8568.
8569.
8567.
8568.
8567.
8565.
8567.
8568.
8567.
8566.
8568.
8567.
8567.
8568.
8566.
8565.
8564.
8564.
8564.
8564.
8564.
8563.
8563.
8562.
8562.
8560.
8559.
8560.
8558.
8557.
8557.
8555.
8555.
8555.
8555.
8553.
8553.
8551.
8551.
8550.
8548.
8547.
8547.
8547.
8546.
8546.
8544.
8544.
8539.
8540.
8538.
8536.
8534.
8534.
8533.
8533.
8532.
8528.
8530.
8530.
8529.
8529.
8530.
8531.
8530.
8529.
8530.
8529.
8529.
8529.
8530.
8530.
8528.
8527.
8528.
8530.
8530.
8530.
8530.
8531.
8531.
8531.
8531.
8532.
8532.
8533.
8534.
8534.
8534.
8535.
8536.
8536.
8536.
8537.
8538.
8539.
8538.
8539.
8540.
8540.
8542.
8541.
8542.
8543.
8544.
8545.
8547.
8547.
8547.
8547.
8547.
8548.
8547.
8549.
8548.
8548.
8547.
8547.
8546.
8545.
8546.
8545.
8545.
8546.
8545.
8547.
8547.
8548.
8548.
8549.
8549.
8550.
8550.
8550.
8549.
8549.
8548.
8550.
8550.
8549.
8549.
8550.
8550.
8550.
8550.
8551.
8551.
8552.
8551.
8552.
8552.
8551.
8550.
8551.
8552.
8553.
8554.
8553.
8553.
8554.
8553.
8553.
8553.
8554.
8554.
8554.
8554.
8555.
8555.
8554.
8556.
8556.
8555.
8556.
8557.
8557.
8557.
8558.
8558.
8559.
8558.
8557.
8558.
8559.
8559.
8560.
8560.
8558.
8559.
8558.
8557.
8558.
8558.
8557.
8556.
8556.
8554.
8554.
8553.
8552.
8552.
8552.
8554.
8553.
8552.
8552.
8553.
8552.
8554.
8553.
8554.
8554.
8554.
8555.
8555.
8554.
8553.
8553.
8553.
8553.
8553.
8553.
8554.
8554.
8553.
8553.
8553.
8551.
8552.
8551.
8551.
8553.
8550.
8550.
8549.
8549.
8550.
8548.
8548.
8548.
8547.
8546.
8546.
8547.
8544.
8544.
8545.
8542.
8542.
8541.
8540.
8540.
8539.
8538.
8537.
8538.
8536.
8534.
8533.
8533.
8532.
8531.
8530.
8529.
8529.
8527.
8525.
8527.
8525.
8525.
8526.
8527.
8527.
8528.
8530.
8530.
8529.
8527.
8529.
8528.
8527.
8526.
8526.
8527.
8524.
8524.
8524.
8524.
8523.
8522.
8522.
8522.
8520.
8522.
8521.
8522.
8521.
8521.
8521.
8521.
8521.
8521.
8520.
8521.
8520.
8521.
8520.
8520.
8520.
8521.
8520.
8520.
8520.
8520.
8520.
8520.
8520.
8518.
8520.
8520.
8519.
8519.
8519.
8519.
8518.
8519.
8518.
8520.
8519.
8520.
8518.
8520.
8519.
8521.
8520.
8519.
8520.
8519.
8520.
8520.
8522.
8521.
8521.
8519.
8520.
8519.
8520.
8518.
8519.
8520.
8520.
8518.
8518.
8516.
8517.
8517.
8516.
8516.
8515.
8518.
8517.
8517.
8518.
8517.
8518.
8518.
8519.
8519.
8519.
8520.
8519.
8521.
8520.
8520.
8520.
8520.
8520.
8519.
8520.
8520.
8521.
8520.
8521.
8521.
8522.
8521.
8521.
8522.
8522.
8521.
8522.
8523.
8523.
8523.
8524.
8522.
8522.
8524.
8523.
8525.
8525.
8524.
8524.
8526.
8525.
8523.
8523.
8522.
8523.
8523.
8523.
8524.
8524.
8523.
8523.
8523.
8522.
8523.
8522.
8522.
8520.
8521.
8519.
8521.
8522.
8522.
8524.
8527.
8529.
8532.
8534.
8536.
8537.
8536.
8538.
8537.
8537.
8537.
8537.
8537.
8536.
8535.
8536.
8537.
8538.
8538.
8538.
8539.
8539.
8540.
8540.
8540.
8541.
8541.
8543.
8543.
8545.
8544.
8544.
8546.
8548.
8549.
8549.
8550.
8549.
8550.
8551.
8552.
8553.
8554.
8553.
8555.
8555.
8555.
8557.
8558.
8557.
8558.
8558.
8559.
8560.
8561.
8562.
8563.
8563.
8562.
8561.
8561.
8562.
8563.
8564.
8564.
8565.
8566.
8565.
8566.
8565.
8564.
8565.
8567.
8567.
8566.
8568.
8568.
8568.
8566.
8565.
8566.
8565.
8565.
8566.
8566.
8566.
8567.
8567.
8565.
8565.
8565.
8567.
8565.
8566.
8565.
8564.
8565.
8561.
8559.
8556.
8554.
8551.
8548.
8545.
8544.
8543.
8541.
8539.
8541.
8540.
8540.
8540.
8541.
8539.
8541.
8542.
8543.
8543.
8542.
8542.
8541.
8541.
8541.
8541.
8544.
8541.
8541.
8542.
8541.
8541.
8542.
8542.
8542.
8542.
8543.
8543.
8543.
8542.
8542.
8543.
8543.
8542.
8543.
8544.
8544.
8544.
8543.
8544.
8543.
8544.
8544.
8545.
8545.
8544.
8545.
8546.
8546.
8547.
8546.
8546.
8546.
8548.
8547.
8547.
8548.
8548.
8547.
8547.
8548.
8549.
8549.
8549.
8550.
8551.
8551.
8550.
8552.
8551.
8552.
8552.
8551.
8554.
8554.
8553.
8554.
8554.
8555.
8555.
8556.
8556.
8556.
8556.
8557.
8558.
8557.
8557.
8556.
8557.
8557.
8557.
8558.
8558.
8557.
8557.
8557.
8557.
8556.
8556.
8558.
8557.
8557.
8556.
8556.
8556.
8558.
8560.
8562.
8563.
8564.
8565.
8565.
8567.
8567.
8566.
8568.
8567.
8568.
8569.
8567.
8569.
8569.
8570.
8570.
8569.
8569.
8570.
8570.
8569.
8569.
8569.
8570.
8568.
8569.
8568.
8568.
8568.
8568.
8568.
8568.
8567.
8567.
8567.
8568.
8566.
8566.
8566.
8567.
8566.
8567.
8565.
8565.
8564.
8564.
8564.
8565.
8564.
8563.
8563.
8563.
8565.
8562.
8561.
8560.
8561.
8560.
8559.
8558.
8558.
8557.
8557.
8558.
8554.
8555.
8554.
8554.
8553.
8554.
8552.
8552.
8551.
8549.
8550.
8549.
8549.
8546.
8546.
8546.
8546.
8543.
8542.
8542.
8542.
8542.
8540.
8540.
8539.
8539.
8537.
8536.
8534.
8533.
8532.
8531.
8531.
8531.
8530.
8530.
8528.
8529.
8529.
8529.
8529.
8527.
8528.
8529.
8529.
8530.
8529.
8531.
8531.
8531.
8532.
8534.
8533.
8533.
8534.
8534.
8536.
8537.
8536.
8538.
8538.
8538.
8541.
8540.
8541.
8540.
8542.
8543.
8543.
8544.
8544.
8545.
8545.
8546.
8547.
8548.
8549.
8549.
8550.
8550.
8551.
8551.
8553.
8553.
8552.
8552.
8554.
8554.
8555.
8553.
8553.
8553.
8552.
8551.
8549.
8548.
8546.
8546.
8546.
8547.
8545.
8544.
8544.
8546.
8545.
8545.
8547.
8547.
8548.
8548.
8548.
8549.
8548.
8549.
8548.
8548.
8548.
8548.
8547.
8548.
8548.
8549.
8548.
8549.
8549.
8548.
8548.
8549.
8548.
8546.
8547.
8546.
8546.
8546.
8548.
8546.
8544.
8544.
8544.
8545.
8544.
8545.
8543.
8544.
8542.
8543.
8541.
8542.
8542.
8540.
8540.
8541.
8539.
8538.
8537.
8536.
8537.
8537.
8536.
8536.
8534.
8534.
8534.
8533.
8532.
8532.
8530.
8529.
8528.
8527.
8526.
8525.
8525.
8526.
8523.
8525.
8522.
8522.
8522.
8521.
8520.
8521.
8521.
8523.
8523.
8522.
8523.
8521.
8519.
8519.
8519.
8520.
8518.
8520.
8519.
8518.
8517.
8518.
8516.
8517.
8518.
8517.
8517.
8516.
8517.
8517.
8517.
8517.
8518.
8519.
8519.
8518.
8519.
8519.
8520.
8519.
8519.
8520.
8519.
8520.
8519.
8521.
8522.
8522.
8523.
8523.
8522.
8524.
8523.
8524.
8524.
8524.
8525.
8525.
8525.
8525.
8525.
8526.
8526.
8526.
8525.
8526.
8526.
8526.
8526.
8526.
8526.
8526.
8526.
8526.
8526.
8527.
8527.
8527.
8527.
8527.
8527.
8528.
8528.
8527.
8527.
8526.
8526.
8526.
8526.
8524.
8525.
8524.
8525.
8524.
8525.
8523.
8525.
8526.
8527.
8526.
8526.
8526.
8527.
8526.
8527.
8525.
8528.
8527.
8526.
8528.
8528.
8529.
8527.
8528.
8527.
8528.
8528.
8528.
8526.
8527.
8528.
8527.
8527.
8527.
8526.
8526.
8526.
8527.
8526.
8526.
8526.
8525.
8526.
8527.
8527.
8526.
8526.
8526.
8525.
8525.
8525.
8525.
8526.
8524.
8523.
8524.
8524.
8524.
8523.
8522.
8523.
8523.
8522.
8521.
8520.
8520.
8521.
8520.
8519.
8520.
8519.
8520.
8520.
8522.
8524.
8525.
8526.
8527.
8526.
8526.
8526.
8525.
8524.
8523.
8523.
8524.
8524.
8523.
8523.
8524.
8523.
8523.
8522.
8524.
8524.
8524.
8523.
8524.
8524.
8525.
8525.
8526.
8527.
8527.
8527.
8527.
8528.
8529.
8529.
8528.
8529.
8530.
8530.
8530.
8531.
8531.
8532.
8532.
8532.
8533.
8534.
8533.
8534.
8536.
8533.
8536.
8536.
8538.
8537.
8538.
8536.
8538.
8539.
8539.
8538.
8539.
8539.
8539.
8539.
8539.
8539.
8540.
8539.
8540.
8539.
8539.
8539.
8538.
8540.
8540.
8539.
8539.
8539.
8540.
8540.
8541.
8540.
8541.
8541.
8541.
8541.
8541.
8541.
8541.
8541.
8542.
8541.
8543.
8541.
8542.
8541.
8540.
8539.
8537.
8535.
8533.
8532.
8532.
8530.
8531.
8531.
8532.
8532.
8533.
8533.
8534.
8534.
8534.
8534.
8536.
8536.
8534.
8535.
8536.
8536.
8534.
8536.
8536.
8536.
8537.
8538.
8539.
8536.
8536.
8536.
8537.
8537.
8537.
8538.
8538.
8538.
8537.
8538.
8538.
8537.
8538.
8537.
8539.
8537.
8538.
8537.
8537.
8539.
8538.
8540.
8540.
8539.
8539.
8539.
8539.
8540.
8539.
8540.
8539.
8540.
8539.
8540.
8539.
8539.
8539.
8537.
8539.
8539.
8539.
8539.
8540.
8539.
8538.
8539.
8540.
8539.
8539.
8539.
8540.
8540.
8539.
8541.
8540.
8539.
8539.
8539.
8539.
8539.
8539.
8539.
8539.
8539.
8539.
8540.
8539.
8541.
8544.
8547.
8549.
8552.
8553.
8553.
8553.
8553.
8552.
8553.
8553.
8554.
8554.
8553.
8552.
8552.
8552.
8553.
8553.
8553.
8552.
8551.
8553.
8552.
8553.
8552.
8552.
8552.
8553.
8552.
8553.
8553.
8554.
8553.
8553.
8553.
8553.
8553.
8553.
8554.
8553.
8554.
8554.
8554.
8555.
8554.
8555.
8554.
8555.
8555.
8555.
8555.
8556.
8555.
8555.
8555.
8555.
8556.
8556.
8556.
8556.
8556.
8556.
8556.
8555.
8555.
8555.
8556.
8556.
8555.
8555.
8555.
8555.
8554.
8555.
8555.
8555.
8555.
8553.
8554.
8553.
8554.
8553.
8554.
8554.
8553.
8554.
8553.
8553.
8554.
8552.
8551.
8552.
8553.
8551.
8551.
8550.
8550.
8551.
8552.
8551.
8550.
8549.
8549.
8550.
8549.
8548.
8546.
8546.
8548.
8547.
8547.
8547.
8546.
8546.
8546.
8544.
8544.
8544.
8542.
8542.
8540.
8540.
8539.
8538.
8537.
8537.
8536.
8536.
8537.
8537.
8537.
8538.
8538.
8538.
8540.
8538.
8538.
8538.
8538.
8539.
8539.
8538.
8538.
8539.
8540.
8538.
8539.
8539.
8537.
8539.
8539.
8539.
8539.
8540.
8540.
8539.
8539.
8539.
8539.
8539.
8539.
8539.
8538.
8539.
8538.
8539.
8538.
8540.
8539.
8539.
8539.
8537.
8538.
8537.
8538.
8538.
8537.
8537.
8537.
8536.
8535.
8537.
8537.
8537.
8537.
8538.
8536.
8536.
8535.
8536.
8536.
8535.
8533.
8535.
8534.
8532.
8531.
8532.
8530.
8531.
8532.
8534.
8537.
8537.
8539.
8540.
8539.
8539.
8542.
8541.
8541.
8542.
8541.
8541.
8542.
8542.
8541.
8542.
8543.
8544.
8543.
8545.
8544.
8545.
8546.
8546.
8545.
8547.
8548.
8549.
8547.
8548.
8548.
8550.
8551.
8551.
8553.
8552.
8553.
8554.
8554.
8555.
8555.
8556.
8556.
8558.
8557.
8559.
8559.
8559.
8559.
8558.
8561.
8560.
8563.
8562.
8562.
8563.
8564.
8565.
8566.
8567.
8567.
8566.
8567.
8568.
8567.
8568.
8569.
8569.
8568.
8569.
8569.
8569.
8568.
8568.
8568.
8568.
8567.
8566.
8565.
8564.
8563.
8562.
8560.
8559.
8557.
8556.
8555.
8554.
8555.
8554.
8554.
8556.
8556.
8556.
8556.
8556.
8556.
8555.
8556.
8557.
8556.
8556.
8555.
8555.
8555.
8554.
8556.
8555.
8555.
8555.
8556.
8555.
8554.
8555.
8554.
8555.
8554.
8554.
8555.
8553.
8553.
8551.
8551.
8550.
8550.
8551.
8549.
8550.
8549.
8549.
8548.
8547.
8545.
8544.
8543.
8543.
8543.
8541.
8542.
8540.
8539.
8540.
8539.
8537.
8536.
8535.
8536.
8535.
8533.
8532.
8532.
8531.
8530.
8528.
8527.
8526.
8525.
8524.
8521.
8521.
8520.
8521.
8522.
8522.
8522.
8521.
8522.
8522.
8521.
8521.
8521.
8520.
8519.
8519.
8519.
8518.
8519.
8519.
8519.
8518.
8518.
8519.
8519.
8519.
8518.
8519.
8520.
8519.
8520.
8520.
8521.
8522.
8523.
8522.
8523.
8525.
8525.
8525.
8523.
8526.
8526.
8526.
8527.
8526.
8527.
8528.
8528.
8528.
8529.
8529.
8530.
8531.
8532.
8533.
8533.
8534.
8534.
8533.
8535.
8535.
8535.
8535.
8536.
8536.
8537.
8538.
8538.
8539.
8540.
8539.
8539.
8539.
8541.
8541.
8540.
8542.
8542.
8543.
8543.
8544.
8542.
8542.
8541.
8541.
8541.
8542.
8542.
8541.
8541.
8540.
8541.
8543.
8542.
8544.
8545.
8545.
8545.
8545.
8546.
8548.
8546.
8547.
8548.
8548.
8549.
8549.
8547.
8549.
8549.
8549.
8548.
8547.
8547.
8548.
8548.
8548.
8548.
8549.
8548.
8548.
8546.
8546.
8545.
8547.
8547.
8547.
8546.
8546.
8546.
8544.
8543.
8544.
8544.
8545.
8543.
8543.
8544.
8542.
8541.
8540.
8539.
8540.
8540.
8540.
8538.
8539.
8538.
8536.
8536.
8536.
8535.
8536.
8535.
8533.
8533.
8533.
8533.
8532.
8529.
8529.
8529.
8527.
8527.
8527.
8527.
8528.
8530.
8532.
8531.
8532.
8531.
8530.
8529.
8528.
8529.
8527.
8526.
8526.
8525.
8525.
8524.
8524.
8522.
8523.
8523.
8523.
8523.
8523.
8522.
8523.
8523.
8523.
8523.
8522.
8524.
8524.
8525.
8524.
8524.
8524.
8525.
8525.
8526.
8526.
8526.
8526.
8526.
8526.
8526.
8527.
8527.
8527.
8526.
8527.
8528.
8528.
8526.
8526.
8526.
8527.
8527.
8527.
8528.
8528.
8527.
8527.
8527.
8528.
8529.
8529.
8530.
8530.
8530.
8529.
8530.
8531.
8531.
8531.
8530.
8532.
8531.
8530.
8532.
8532.
8533.
8532.
8533.
8534.
8534.
8534.
8534.
8535.
8534.
8533.
8534.
8533.
8534.
8534.
8534.
8533.
8533.
8534.
8534.
8535.
8535.
8536.
8537.
8539.
8540.
8540.
8540.
8541.
8540.
8541.
8541.
8541.
8541.
8541.
8541.
8543.
8542.
8543.
8544.
8544.
8545.
8543.
8545.
8546.
8547.
8546.
8547.
8547.
8547.
8548.
8548.
8548.
8549.
8550.
8550.
8549.
8550.
8552.
8552.
8551.
8551.
8552.
8553.
8553.
8554.
8555.
8555.
8556.
8555.
8555.
8554.
8556.
8556.
8557.
8556.
8557.
8558.
8558.
8557.
8558.
8557.
8557.
8558.
8557.
8559.
8558.
8559.
8558.
8559.
8560.
8561.
8559.
8560.
8560.
8561.
8561.
8560.
8559.
8560.
8560.
8560.
8561.
8560.
8561.
8560.
8561.
8559.
8559.
8559.
8557.
8559.
8560.
8560.
8563.
8564.
8564.
8563.
8563.
8563.
8563.
8562.
8561.
8562.
8561.
8561.
8561.
8562.
8562.
8563.
8562.
8560.
8561.
8563.
8562.
8562.
8563.
8562.
8563.
8563.
8564.
8565.
8565.
8565.
8566.
8566.
8567.
8568.
8568.
8568.
8570.
8568.
8570.
8571.
8570.
8571.
8572.
8571.
8573.
8574.
8575.
8575.
8577.
8577.
8577.
8576.
8577.
8577.
8578.
8579.
8578.
8579.
8579.
8579.
8580.
8581.
8581.
8582.
8581.
8581.
8581.
8580.
8578.
8577.
8576.
8574.
8574.
8573.
8572.
8569.
8569.
8570.
8570.
8568.
8569.
8569.
8570.
8569.
8569.
8570.
8572.
8570.
8570.
8569.
8569.
8570.
8570.
8570.
8569.
8569.
8568.
8568.
8566.
8567.
8567.
8566.
8565.
8565.
8564.
8563.
8565.
8563.
8564.
8564.
8562.
8561.
8561.
8562.
8561.
8559.
8558.
8558.
8557.
8556.
8557.
8556.
8556.
8556.
8555.
8554.
8554.
8553.
8553.
8554.
8554.
8553.
8553.
8551.
8551.
8550.
8549.
8548.
8547.
8548.
8546.
8546.
8545.
8543.
8544.
8542.
8543.
8542.
8540.
8541.
8541.
8539.
8538.
8536.
8537.
8534.
8534.
8533.
8531.
8531.
8531.
8531.
8533.
8533.
8535.
8537.
8538.
8538.
8536.
8537.
8539.
8537.
8537.
8536.
8535.
8534.
8534.
8533.
8534.
8535.
8535.
8535.
8534.
8535.
8535.
8534.
8534.
8534.
8536.
8535.
8536.
8536.
8536.
8537.
8537.
8537.
8537.
8538.
8537.
8538.
8539.
8536.
8538.
8538.
8537.
8535.
8536.
8536.
8534.
8533.
8533.
8533.
8531.
8531.
8527.
8526.
8523.
8522.
8521.
8519.
8519.
8519.
8517.
8515.
8513.
8513.
8512.
8511.
8510.
8507.
8508.
8508.
8510.
8508.
8510.
8509.
8511.
8512.
8514.
8513.
8517.
8517.
8516.
8518.
8518.
8519.
8521.
8522.
8521.
8522.
8523.
8522.
8522.
8524.
8525.
8525.
8526.
8526.
8528.
8527.
8528.
8529.
8530.
8530.
8530.
8530.
8530.
8530.
8530.
8531.
8530.
8531.
8531.
8530.
8530.
8530.
8531.
8529.
8529.
8530.
8529.
8528.
8529.
8528.
8528.
8529.
8527.
8527.
8528.
8528.
8528.
8526.
8527.
8527.
8526.
8525.
8525.
8526.
8523.
8523.
8522.
8524.
8525.
8523.
8522.
8523.
8524.
8525.
8527.
8528.
8530.
8529.
8531.
8531.
8531.
8530.
8532.
8532.
8532.
8531.
8531.
8532.
8533.
8532.
8532.
8532.
8532.
8533.
8536.
8536.
8537.
8537.
8538.
8540.
8540.
8540.
8541.
8541.
8541.
8540.
8542.
8543.
8544.
8544.
8543.
8545.
8546.
8545.
8544.
8546.
8548.
8547.
8548.
8546.
8548.
8548.
8549.
8547.
8549.
8547.
8549.
8548.
8547.
8546.
8547.
8548.
8548.
8549.
8548.
8549.
8549.
8550.
8551.
8549.
8550.
8547.
8548.
8549.
8548.
8548.
8548.
8548.
8548.
8549.
8548.
8549.
8548.
8548.
8547.
8547.
8549.
8549.
8548.
8548.
8547.
8547.
8548.
8547.
8548.
8547.
8548.
8548.
8548.
8547.
8547.
8546.
8547.
8547.
8547.
8545.
8547.
8548.
8546.
8546.
8547.
8545.
8546.
8546.
8547.
8546.
8546.
8546.
8544.
8545.
8546.
8547.
8546.
8544.
8544.
8544.
8544.
8543.
8545.
8543.
8543.
8543.
8544.
8545.
8544.
8543.
8542.
8543.
8544.
8543.
8544.
8543.
8544.
8544.
8544.
8543.
8543.
8543.
8543.
8543.
8544.
8543.
8544.
8545.
8544.
8544.
8545.
8546.
8546.
8546.
8546.
8546.
8547.
8546.
8545.
8545.
8546.
8544.
8544.
8544.
8544.
8545.
8543.
8544.
8544.
8543.
8544.
8542.
8543.
8542.
8541.
8542.
8542.
8542.
8541.
8541.
8541.
8539.
8539.
8540.
8539.
8539.
8540.
8539.
8539.
8539.
8541.
8540.
8539.
8538.
8538.
8538.
8539.
8539.
8537.
8539.
8542.
8538.
8538.
8537.
8537.
8539.
8537.
8537.
8537.
8537.
8538.
8537.
8537.
8536.
8536.
8536.
8537.
8535.
8536.
8536.
8537.
8539.
8535.
8536.
8535.
8537.
8536.
8536.
8536.
8535.
8534.
8536.
8533.
8535.
8535.
8536.
8538.
8538.
8541.
8543.
8543.
8545.
8544.
8545.
8546.
8547.
8548.
8549.
8550.
8549.
8549.
8550.
8550.
8551.
8550.
8550.
8550.
8550.
8548.
8548.
8549.
8549.
8550.
8546.
8549.
8550.
8549.
8549.
8549.
8548.
8547.
8547.
8548.
8548.
8549.
8548.
8548.
8548.
8547.
8548.
8547.
8547.
8547.
8547.
8547.
8546.
8546.
8546.
8547.
8547.
8547.
8546.
8546.
8546.
8547.
8546.
8546.
8546.
8545.
8545.
8547.
8548.
8549.
8551.
8555.
8556.
8558.
8559.
8558.
8559.
8560.
8560.
8558.
8558.
8558.
8558.
8558.
8559.
8558.
8557.
8557.
8557.
8557.
8556.
8557.
8556.
8555.
8555.
8556.
8554.
8555.
8555.
8555.
8554.
8555.
8553.
8554.
8554.
8554.
8552.
8551.
8552.
8552.
8551.
8550.
8549.
8550.
8549.
8549.
8549.
8547.
8548.
8548.
8547.
8547.
8546.
8547.
8546.
8546.
8546.
8546.
8543.
8545.
8543.
8544.
8543.
8543.
8542.
8542.
8540.
8543.
8542.
8542.
8541.
8542.
8542.
8541.
8541.
8540.
8540.
8539.
8538.
8537.
8538.
8535.
8534.
8535.
8535.
8533.
8533.
8533.
8533.
8532.
8531.
8530.
8527.
8529.
8526.
8525.
8524.
8525.
8523.
8522.
8522.
8521.
8519.
8521.
8521.
8523.
8523.
8522.
8524.
8524.
8524.
8524.
8524.
8525.
8525.
8525.
8525.
8526.
8525.
8525.
8526.
8526.
8525.
8526.
8526.
8525.
8525.
8526.
8525.
8525.
8525.
8526.
8526.
8526.
8526.
8526.
8527.
8527.
8526.
8526.
8527.
8526.
8526.
8527.
8526.
8528.
8527.
8528.
8527.
8527.
8527.
8526.
8527.
8526.
8526.
8526.
8526.
8526.
8527.
8526.
8526.
8527.
8526.
8526.
8526.
8526.
8527.
8525.
8525.
8524.
8523.
8521.
8522.
8522.
8522.
8523.
8522.
8522.
8522.
8525.
8526.
8529.
8532.
8533.
8534.
8535.
8535.
8536.
8537.
8537.
8536.
8535.
8535.
8536.
8537.
8536.
8537.
8537.
8537.
8538.
8537.
8538.
8538.
8539.
8538.
8539.
8539.
8539.
8541.
8540.
8541.
8539.
8541.
8543.
8541.
8542.
8543.
8543.
8543.
8542.
8542.
8543.
8543.
8543.
8544.
8545.
8544.
8546.
8546.
8547.
8547.
8547.
8547.
8548.
8547.
8549.
8549.
8549.
8549.
8548.
8549.
8550.
8550.
8549.
8548.
8550.
8549.
8548.
8548.
8549.
8548.
8548.
8548.
8547.
8546.
8545.
8544.
8545.
8543.
8543.
8542.
8541.
8540.
8537.
8537.
8536.
8536.
8536.
8537.
8538.
8538.
8539.
8539.
8539.
8539.
8539.
8540.
8539.
8538.
8538.
8539.
8539.
8538.
8538.
8538.
8536.
8536.
8537.
8536.
8537.
8536.
8536.
8534.
8534.
8533.
8532.
8532.
8532.
8531.
8532.
8531.
8531.
8531.
8531.
8530.
8531.
8530.
8530.
8530.
8531.
8530.
8529.
8527.
8527.
8527.
8527.
8527.
8527.
8525.
8526.
8526.
8524.
8524.
8524.
8524.
8523.
8523.
8521.
8521.
8521.
8523.
8523.
8521.
8520.
8518.
8518.
8517.
8517.
8517.
8515.
8515.
8516.
8515.
8515.
8513.
8513.
8514.
8512.
8511.
8513.
8513.
8512.
8511.
8511.
8510.
8510.
8510.
8511.
8509.
8508.
8506.
8509.
8509.
8507.
8506.
8507.
8506.
8508.
8507.
8506.
8507.
8506.
8507.
8506.
8505.
8505.
8506.
8505.
8506.
8506.
8507.
8507.
8506.
8506.
8507.
8506.
8507.
8507.
8507.
8508.
8508.
8508.
8510.
8510.
8510.
8509.
8509.
8510.
8510.
8511.
8510.
8512.
8511.
8511.
8512.
8513.
8512.
8513.
8513.
8513.
8513.
8514.
8515.
8515.
8515.
8516.
8516.
8517.
8516.
8517.
8517.
8519.
8518.
8518.
8519.
8520.
8520.
8521.
8520.
8522.
8523.
8522.
8521.
8523.
8523.
8523.
8523.
8525.
8524.
8524.
8524.
8524.
8525.
8525.
8526.
8525.
8526.
8525.
8524.
8526.
8525.
8526.
8526.
8526.
8526.
8526.
8526.
8527.
8526.
8526.
8526.
8527.
8528.
8527.
8527.
8529.
8528.
8527.
8528.
8529.
8529.
8529.
8530.
8531.
8531.
8533.
8535.