8400.
8399.
8399.
8398.
8398.
8398.
8397.
8400.
8397.
8396.
8398.
8399.
8397.
8396.
8396.
8395.
8396.
8396.
8395.
8394.
8394.
8394.
8395.
8394.
8394.
8395.
8394.
8394.
8391.
8391.
8393.
8392.
8392.
8391.
8390.
8390.
8389.
8388.
8389.
8388.
8387.
8387.
8387.
8388.
8386.
8386.
8386.
8386.
8384.
8385.
8385.
8386.
8384.
8385.
8385.
8386.
8384.
8383.
8383.
8383.
8382.
8382.
8382.
8383.
8382.
8382.
8380.
8382.
8380.
8380.
8381.
8379.
8379.
8379.
8380.
8380.
8379.
8379.
8379.
8379.
8379.
8378.
8379.
8379.
8379.
8379.
8379.
8379.
8380.
8379.
8380.
8381.
8381.
8381.
8382.
8382.
8381.
8382.
8383.
8385.
8385.
8386.
8385.
8385.
8386.
8387.
8386.
8388.
8388.
8389.
8391.
8391.
8391.
8392.
8394.
8395.
8395.
8395.
8396.
8399.
8398.
8399.
8400.
8402.
8400.
8400.
8402.
8404.
8405.
8407.
8407.
8408.
8408.
8409.
8411.
8413.
8414.
8416.
8417.
8416.
8417.
8419.
8420.
8422.
8422.
8423.
8424.
8425.
8426.
8427.
8430.
8431.
8431.
8433.
8434.
8436.
8436.
8437.
8438.
8440.
8440.
8441.
8443.
8445.
8446.
8447.
8450.
8449.
8450.
8452.
8452.
8453.
8455.
8455.
8456.
8459.
8459.
8459.
8460.
8462.
8464.
8464.
8465.
8468.
8467.
8468.
8469.
8470.
8469.
8470.
8472.
8473.
8475.
8475.
8476.
8478.
8478.
8479.
8480.
8481.
8482.
8482.
8483.
8484.
8485.
8486.
8486.
8487.
8487.
8488.
8488.
8490.
8491.
8492.
8491.
8492.
8491.
8492.
8494.
8494.
8494.
8494.
8495.
8496.
8494.
8494.
8494.
8496.
8496.
8496.
8497.
8498.
8499.
8499.
8497.
8499.
8499.
8499.
8498.
8496.
8496.
8497.
8496.
8496.
8495.
8493.
8493.
8493.
8492.
8491.
8488.
8489.
8486.
8483.
8482.
8482.
8480.
8478.
8475.
8474.
8474.
8473.
8473.
8471.
8470.
8469.
8468.
8470.
8467.
8467.
8466.
8467.
8466.
8466.
8465.
8465.
8464.
8463.
8460.
8461.
8458.
8458.
8458.
8458.
8455.
8455.
8455.
8454.
8452.
8452.
8450.
8449.
8447.
8446.
8446.
8445.
8443.
8442.
8442.
8441.
8438.
8438.
8437.
8437.
8434.
8433.
8433.
8433.
8432.
8432.
8431.
8430.
8432.
8430.
8429.
8428.
8427.
8427.
8427.
8429.
8428.
8427.
8427.
8427.
8427.
8427.
8427.
8428.
8426.
8428.
8426.
8427.
8426.
8428.
8427.
8428.
8429.
8428.
8428.
8430.
8430.
8431.
8431.
8433.
8433.
8433.
8434.
8435.
8435.
8435.
8436.
8437.
8437.
8437.
8438.
8438.
8437.
8438.
8438.
8439.
8438.
8437.
8435.
8434.
8430.
8431.
8428.
8424.
8422.
8419.
8417.
8416.
8416.
8414.
8414.
8412.
8411.
8411.
8411.
8411.
8410.
8409.
8409.
8409.
8408.
8408.
8409.
8410.
8409.
8408.
8412.
8414.
8412.
8413.
8416.
8416.
8417.
8418.
8419.
8420.
8419.
8421.
8421.
8422.
8422.
8422.
8423.
8424.
8423.
8423.
8425.
8426.
8426.
8426.
8427.
8428.
8426.
8426.
8427.
8427.
8427.
8426.
8427.
8429.
8428.
8427.
8429.
8429.
8429.
8429.
8430.
8431.
8431.
8430.
8430.
8433.
8432.
8433.
8434.
8435.
8433.
8434.
8436.
8437.
8438.
8440.
8441.
8443.
8444.
8444.
8446.
8447.
8446.
8450.
8450.
8453.
8453.
8454.
8455.
8458.
8460.
8462.
8462.
8464.
8466.
8466.
8467.
8469.
8470.
8470.
8471.
8474.
8475.
8476.
8477.
8477.
8478.
8480.
8481.
8482.
8482.
8484.
8484.
8485.
8486.
8488.
8489.
8492.
8491.
8491.
8492.
8494.
8493.
8495.
8494.
8496.
8497.
8497.
8497.
8499.
8498.
8498.
8496.
8496.
8496.
8496.
8496.
8499.
8497.
8498.
8499.
8500.
8500.
8503.
8502.
8504.
8505.
8506.
8506.
8507.
8506.
8504.
8503.
8505.
8502.
8502.
8502.
8503.
8502.
8502.
8501.
8502.
8502.
8501.
8502.
8503.
8502.
8502.
8503.
8504.
8505.
8503.
8501.
8502.
8502.
8502.
8503.
8502.
8502.
8500.
8501.
8502.
8501.
8501.
8501.
8500.
8501.
8500.
8500.
8501.
8500.
8501.
8501.
8501.
8501.
8502.
8501.
8501.
8501.
8500.
8499.
8500.
8501.
8500.
8500.
8500.
8500.
8500.
8498.
8499.
8499.
8498.
8497.
8497.
8497.
8496.
8496.
8496.
8495.
8495.
8494.
8493.
8491.
8489.
8490.
8490.
8488.
8487.
8487.
8487.
8483.
8485.
8482.
8481.
8479.
8479.
8477.
8475.
8473.
8472.
8471.
8467.
8464.
8463.
8461.
8460.
8458.
8458.
8458.
8457.
8456.
8457.
8457.
8456.
8456.
8457.
8456.
8457.
8457.
8458.
8458.
8458.
8461.
8464.
8463.
8465.
8465.
8466.
8467.
8468.
8469.
8470.
8469.
8471.
8471.
8472.
8472.
8473.
8472.
8473.
8474.
8475.
8475.
8476.
8474.
8476.
8477.
8478.
8477.
8478.
8478.
8477.
8478.
8479.
8479.
8480.
8479.
8480.
8480.
8480.
8480.
8482.
8481.
8482.
8484.
8485.
8484.
8484.
8485.
8485.
8486.
8487.
8486.
8486.
8486.
8486.
8488.
8487.
8487.
8487.
8488.
8489.
8489.
8489.
8491.
8488.
8489.
8490.
8487.
8490.
8488.
8490.
8488.
8489.
8487.
8487.
8485.
8487.
8486.
8486.
8485.
8485.
8485.
8483.
8484.
8484.
8483.
8484.
8482.
8484.
8483.
8483.
8484.
8485.
8485.
8485.
8487.
8487.
8486.
8488.
8487.
8488.
8487.
8487.
8489.
8489.
8489.
8489.
8489.
8488.
8488.
8490.
8490.
8491.
8490.
8489.
8490.
8492.
8491.
8492.
8492.
8492.
8492.
8491.
8493.
8493.
8492.
8492.
8493.
8494.
8493.
8495.
8495.
8496.
8495.
8495.
8496.
8497.
8496.
8497.
8497.
8499.
8498.
8500.
8498.
8500.
8501.
8501.
8501.
8502.
8502.
8503.
8503.
8504.
8504.
8505.
8505.
8506.
8507.
8505.
8505.
8507.
8506.
8506.
8506.
8507.
8508.
8509.
8508.
8509.
8509.
8507.
8506.
8506.
8504.
8505.
8505.
8505.
8504.
8504.
8503.
8505.
8505.
8504.
8503.
8504.
8504.
8502.
8503.
8502.
8503.
8503.
8503.
8502.
8500.
8502.
8502.
8501.
8501.
8501.
8502.
8501.
8501.
8500.
8500.
8501.
8500.
8499.
8499.
8500.
8499.
8500.
8501.
8499.
8498.
8499.
8499.
8499.
8497.
8498.
8499.
8497.
8496.
8496.
8497.
8498.
8496.
8498.
8497.
8496.
8496.
8497.
8496.
8496.
8496.
8496.
8496.
8497.
8497.
8496.
8496.
8496.
8496.
8497.
8496.
8498.
8496.
8496.
8497.
8496.
8496.
8496.
8496.
8497.
8496.
8496.
8496.
8497.
8497.
8497.
8496.
8494.
8492.
8491.
8488.
8486.
8482.
8478.
8474.
8470.
8468.
8466.
8464.
8463.
8461.
8462.
8461.
8461.
8458.
8457.
8458.
8459.
8457.
8458.
8458.
8459.
8458.
8459.
8458.
8459.
8458.
8457.
8456.
8457.
8456.
8457.
8457.
8459.
8458.
8457.
8456.
8458.
8459.
8459.
8459.
8460.
8460.
8461.
8462.
8462.
8463.
8464.
8465.
8467.
8467.
8468.
8469.
8471.
8472.
8473.
8473.
8475.
8477.
8478.
8481.
8482.
8483.
8484.
8485.
8488.
8487.
8487.
8489.
8490.
8492.
8494.
8496.
8498.
8499.
8500.
8503.
8505.
8506.
8509.
8510.
8512.
8513.
8517.
8518.
8520.
8522.
8521.
8524.
8526.
8527.
8528.
8529.
8531.
8530.
8532.
8532.
8534.
8535.
8535.
8538.
8537.
8538.
8538.
8540.
8541.
8541.
8542.
8542.
8543.
8543.
8542.
8543.
8543.
8544.
8544.
8542.
8542.
8541.
8541.
8540.
8540.
8539.
8538.
8539.
8538.
8537.
8537.
8537.
8537.
8537.
8537.
8536.
8536.
8536.
8536.
8536.
8536.
8537.
8537.
8538.
8537.
8538.
8539.
8539.
8539.
8539.
8540.
8539.
8540.
8539.
8539.
8540.
8539.
8539.
8541.
8539.
8538.
8538.
8538.
8537.
8536.
8535.
8536.
8535.
8535.
8536.
8534.
8534.
8534.
8534.
8534.
8533.
8534.
8533.
8535.
8534.
8535.
8536.
8534.
8533.
8536.
8534.
8535.
8535.
8533.
8535.
8535.
8535.
8535.
8534.
8534.
8533.
8533.
8533.
8534.
8534.
8534.
8533.
8532.
8532.
8530.
8530.
8530.
8529.
8528.
8527.
8526.
8525.
8524.
8525.
8525.
8524.
8523.
8522.
8521.
8521.
8522.
8520.
8520.
8518.
8520.
8517.
8517.
8516.
8516.
8515.
8515.
8515.
8514.
8513.
8512.
8512.
8513.
8511.
8510.
8510.
8510.
8510.
8509.
8509.
8511.
8509.
8510.
8510.
8510.
8509.
8509.
8511.
8510.
8509.
8509.
8508.
8510.
8510.
8509.
8508.
8510.
8510.
8510.
8510.
8509.
8510.
8509.
8511.
8511.
8510.
8511.
8510.
8512.
8510.
8511.
8511.
8512.
8510.
8510.
8509.
8510.
8510.
8510.
8510.
8508.
8507.
8508.
8508.
8509.
8509.
8507.
8507.
8507.
8507.
8507.
8506.
8506.
8506.
8504.
8503.
8501.
8498.
8497.
8497.
8496.
8494.
8494.
8493.
8494.
8493.
8494.
8492.
8493.
8492.
8492.
8492.
8492.
8492.
8490.
8490.
8491.
8491.
8490.
8492.
8490.
8490.
8491.
8488.
8488.
8487.
8488.
8486.
8488.
8487.
8486.
8485.
8485.
8483.
8484.
8482.
8484.
8481.
8482.
8483.
8483.
8481.
8481.
8481.
8479.
8479.
8480.
8479.
8479.
8478.
8479.
8478.
8478.
8477.
8477.
8478.
8478.
8477.
8478.
8478.
8480.
8480.
8480.
8480.
8480.
8480.
8482.
8482.
8482.
8482.
8483.
8484.
8485.
8485.
8488.
8490.
8491.
8492.
8493.
8496.
8498.
8498.
8499.
8501.
8503.
8505.
8506.
8506.
8507.
8508.
8511.
8511.
8512.
8514.
8516.
8518.
8518.
8518.
8520.
8522.
8524.
8524.
8526.
8526.
8529.
8529.
8530.
8530.
8531.
8531.
8532.
8534.
8534.
8535.
8536.
8539.
8538.
8538.
8539.
8539.
8540.
8539.
8540.
8539.
8539.
8539.
8540.
8541.
8539.
8538.
8538.
8539.
8540.
8539.
8538.
8539.
8539.
8538.
8537.
8538.
8539.
8538.
8536.
8536.
8535.
8536.
8535.
8535.
8536.
8535.
8535.
8535.
8535.
8534.
8535.
8534.
8535.
8535.
8535.
8534.
8533.
8533.
8534.
8532.
8533.
8532.
8533.
8532.
8533.
8531.
8532.
8531.
8532.
8532.
8532.
8531.
8531.
8531.
8531.
8531.
8531.
8530.
8529.
8530.
8530.
8528.
8530.
8528.
8528.
8528.
8530.
8528.
8529.
8527.
8528.
8527.
8526.
8527.
8526.
8525.
8525.
8524.
8523.
8523.
8523.
8521.
8521.
8522.
8520.
8519.
8517.
8517.
8515.
8514.
8513.
8513.
8513.
8510.
8510.
8507.
8508.
8508.
8509.
8507.
8508.
8507.
8505.
8506.
8506.
8505.
8504.
8504.
8505.
8504.
8504.
8502.
8503.
8501.
8501.
8501.
8500.
8498.
8497.
8496.
8497.
8496.
8496.
8494.
8496.
8495.
8494.
8495.
8494.
8495.
8495.
8493.
8493.
8493.
8493.
8492.
8490.
8489.
8488.
8489.
8488.
8486.
8484.
8484.
8483.
8482.
8482.
8482.
8482.
8481.
8480.
8482.
8483.
8482.
8482.
8482.
8482.
8480.
8480.
8481.
8483.
8480.
8480.
8479.
8479.
8478.
8479.
8480.
8481.
8478.
8480.
8480.
8480.
8480.
8480.
8480.
8481.
8480.
8480.
8479.
8480.
8481.
8481.
8481.
8481.
8480.
8480.
8479.
8479.
8473.
8470.
8468.
8466.
8464.
8458.
8456.
8456.
8452.
8449.
8446.
8442.
8441.
8440.
8440.
8440.
8440.
8441.
8440.
8440.
8439.
8441.
8441.
8441.
8440.
8441.
8442.
8443.
8442.
8443.
8443.
8445.
8444.
8446.
8445.
8447.
8446.
8445.
8446.
8445.
8446.
8446.
8448.
8449.
8449.
8450.
8450.
8451.
8452.
8452.
8454.
8456.
8455.
8456.
8456.
8459.
8459.
8458.
8460.
8462.
8461.
8462.
8462.
8463.
8465.
8466.
8465.
8466.
8466.
8467.
8468.
8470.
8469.
8472.
8473.
8474.
8475.
8476.
8477.
8479.
8478.
8479.
8479.
8482.
8482.
8481.
8481.
8482.
8481.
8481.
8481.
8481.
8479.
8479.
8478.
8478.
8477.
8477.
8476.
8478.
8478.
8480.
8479.
8481.
8481.
8480.
8481.
8480.
8481.
8481.
8482.
8483.
8482.
8481.
8482.
8483.
8482.
8483.
8482.
8482.
8480.
8481.
8480.
8480.
8479.
8480.
8480.
8479.
8477.
8478.
8478.
8477.
8477.
8476.
8476.
8477.
8476.
8474.
8474.
8477.
8475.
8474.
8474.
8475.
8474.
8473.
8474.
8475.
8474.
8474.
8472.
8474.
8473.
8474.
8474.
8473.
8473.
8474.
8474.
8475.
8475.
8473.
8476.
8476.
8475.
8477.
8477.
8477.
8477.
8475.
8478.
8479.
8477.
8477.
8477.
8478.
8479.
8479.
8478.
8477.
8477.
8477.
8478.
8479.
8477.
8476.
8477.
8479.
8476.
8478.
8478.
8477.
8477.
8476.
8474.
8476.
8475.
8474.
8472.
8473.
8472.
8472.
8470.
8472.
8470.
8469.
8468.
8468.
8467.
8467.
8467.
8467.
8466.
8466.
8466.
8465.
8465.
8464.
8463.
8464.
8461.
8461.
8461.
8461.
8461.
8461.
8460.
8462.
8460.
8458.
8459.
8459.
8457.
8457.
8458.
8458.
8456.
8457.
8456.
8454.
8453.
8453.
8452.
8454.
8453.
8454.
8453.
8453.
8452.
8453.
8454.
8455.
8454.
8455.
8453.
8455.
8455.
8455.
8456.
8454.
8454.
8453.
8453.
8453.
8452.
8453.
8452.
8451.
8450.
8450.
8452.
8451.
8450.
8452.
8451.
8452.
8452.
8451.
8453.
8453.
8452.
8451.
8450.
8451.
8452.
8452.
8451.
8451.
8450.
8449.
8451.
8451.
8450.
8451.
8452.
8451.
8450.
8450.
8450.
8450.
8451.
8451.
8451.
8452.
8450.
8449.
8448.
8447.
8446.
8444.
8445.
8442.
8441.
8441.
8441.
8440.
8437.
8436.
8436.
8436.
8434.
8434.
8435.
8433.
8433.
8433.
8433.
8433.
8433.
8432.
8431.
8431.
8430.
8430.
8430.
8430.
8430.
8430.
8429.
8429.
8428.
8427.
8429.
8428.
8428.
8427.
8428.
8428.
8428.
8426.
8426.
8427.
8425.
8425.
8427.
8427.
8427.
8427.
8426.
8427.
8427.
8426.
8426.
8427.
8427.
8428.
8428.
8431.
8430.
8430.
8432.
8433.
8433.
8432.
8434.
8435.
8435.
8435.
8438.
8438.
8439.
8440.
8442.
8443.
8443.
8444.
8448.
8450.
8450.
8451.
8452.
8453.
8455.
8454.
8456.
8458.
8459.
8460.
8460.
8462.
8462.
8462.
8463.
8464.
8465.
8466.
8467.
8467.
8468.
8469.
8470.
8470.
8471.
8471.
8474.
8475.
8476.
8478.
8479.
8480.
8480.
8480.
8480.
8481.
8481.
8480.
8480.
8481.
8481.
8481.
8482.
8484.
8485.
8486.
8487.
8488.
8488.
8489.
8490.
8491.
8491.
8491.
8490.
8493.
8492.
8494.
8492.
8494.
8493.
8494.
8494.
8495.
8494.
8494.
8495.
8495.
8493.
8496.
8496.
8497.
8496.
8496.
8496.
8496.
8495.
8495.
8495.
8496.
8496.
8496.
8495.
8495.
8494.
8495.
8495.
8496.
8494.
8495.
8496.
8496.
8495.
8496.
8496.
8497.
8496.
8496.
8496.
8498.
8497.
8497.
8497.
8497.
8497.
8497.
8498.
8498.
8499.
8497.
8497.
8497.
8498.
8497.
8498.
8499.
8500.
8500.
8500.
8500.
8499.
8499.
8497.
8498.
8497.
8497.
8496.
8496.
8496.
8495.
8496.
8496.
8495.
8495.
8494.
8493.
8491.
8491.
8489.
8489.
8489.
8485.
8486.
8486.
8481.
8480.
8477.
8474.
8470.
8468.
8467.
8464.
8461.
8459.
8457.
8456.
8452.
8451.
8449.
8450.
8448.
8447.
8446.
8447.
8446.
8444.
8443.
8441.
8442.
8441.
8441.
8442.
8442.
8441.
8441.
8443.
8442.
8442.
8441.
8443.
8442.
8442.
8442.
8444.
8445.
8444.
8447.
8448.
8449.
8453.
8456.
8459.
8461.
8464.
8466.
8469.
8472.
8475.
8477.
8479.
8481.
8482.
8485.
8488.
8487.
8489.
8490.
8492.
8491.
8492.
8493.
8494.
8491.
8492.
8490.
8490.
8489.
8489.
8489.
8489.
8490.
8490.
8488.
8488.
8487.
8486.
8487.
8488.
8486.
8486.
8484.
8485.
8483.
8483.
8482.
8481.
8480.
8480.
8480.
8480.
8479.
8479.
8479.
8480.
8481.
8480.
8480.
8481.
8480.
8480.
8480.
8483.
8480.
8481.
8481.
8480.
8479.
8479.
8479.
8479.
8478.
8478.
8478.
8478.
8477.
8478.
8477.
8479.
8478.
8478.
8477.
8477.
8477.
8477.
8476.
8478.
8476.
8475.
8475.
8476.
8475.
8476.
8476.
8476.
8476.
8475.
8476.
8477.
8476.
8476.
8477.
8478.
8477.
8478.
8480.
8481.
8481.
8480.
8481.
8483.
8484.
8485.
8485.
8488.
8488.
8490.
8490.
8491.
8492.
8494.
8494.
8495.
8496.
8496.
8498.
8500.
8499.
8500.
8500.
8503.
8502.
8504.
8505.
8505.
8506.
8507.
8508.
8511.
8511.
8512.
8515.
8516.
8517.
8518.
8519.
8520.
8521.
8521.
8521.
8523.
8524.
8524.
8522.
8522.
8522.
8522.
8520.
8519.
8517.
8518.
8517.
8515.
8510.
8509.
8508.
8506.
8505.
8503.
8504.
8502.
8498.
8498.
8498.
8499.
8498.
8496.
8495.
8494.
8493.
8493.
8492.
8492.
8492.
8491.
8491.
8489.
8490.
8487.
8488.
8488.
8486.
8486.
8484.
8484.
8484.
8483.
8482.
8484.
8484.
8483.
8482.
8483.
8483.
8482.
8482.
8482.
8482.
8482.
8483.
8483.
8481.
8482.
8482.
8483.
8483.
8483.
8484.
8484.
8484.
8481.
8482.
8483.
8483.
8483.
8484.
8485.
8485.
8485.
8486.
8488.
8486.
8486.
8487.
8486.
8486.
8486.
8487.
8488.
8487.
8488.
8488.
8488.
8488.
8490.
8488.
8489.
8490.
8491.
8492.
8493.
8493.
8493.
8494.
8495.
8495.
8495.
8496.
8496.
8497.
8498.
8498.
8499.
8499.
8499.
8498.
8499.
8499.
8500.
8501.
8503.
8501.
8502.
8502.
8503.
8502.
8501.
8501.
8502.
8502.
8503.
8503.
8501.
8499.
8501.
8502.
8501.
8500.
8500.
8499.
8501.
8501.
8501.
8501.
8502.
8500.
8500.
8498.
8499.
8498.
8497.
8496.
8496.
8494.
8494.
8492.
8493.
8492.
8491.
8492.
8491.
8492.
8492.
8491.
8491.
8490.
8489.
8490.
8492.
8491.
8492.
8492.
8492.
8491.
8490.
8491.
8492.
8491.
8491.
8491.
8492.
8494.
8494.
8495.
8495.
8496.
8496.
8496.
8497.
8497.
8498.
8497.
8499.
8499.
8498.
8498.
8499.
8498.
8498.
8498.
8499.
8497.
8497.
8499.
8500.
8500.
8500.
8500.
8502.
8500.
8502.
8504.
8505.
8504.
8505.
8503.
8503.
8503.
8504.
8503.
8505.
8506.
8508.
8508.
8509.
8509.
8509.
8509.
8510.
8510.
8511.
8511.
8511.
8511.
8511.
8511.
8512.
8512.
8512.
8511.
8512.
8510.
8511.
8512.
8512.
8512.
8511.
8510.
8511.
8508.
8508.
8508.
8508.
8508.
8507.
8506.
8504.
8505.
8505.
8505.
8505.
8504.
8504.
8504.
8505.
8504.
8503.
8502.
8503.
8501.
8502.
8502.
8503.
8501.
8500.
8501.
8500.
8499.
8499.
8498.
8499.
8497.
8496.
8495.
8496.
8495.
8494.
8493.
8493.
8492.
8491.
8490.
8490.
8489.
8488.
8486.
8487.
8486.
8486.
8486.
8486.
8485.
8483.
8484.
8483.
8482.
8483.
8482.
8481.
8481.
8482.
8480.
8480.
8479.
8480.
8480.
8480.
8479.
8480.
8479.
8479.
8479.
8479.
8479.
8479.
8479.
8478.
8478.
8478.
8478.
8478.
8478.
8478.
8479.
8478.
8479.
8481.
8481.
8480.
8482.
8483.
8484.
8486.
8486.
8489.
8488.
8489.
8489.
8490.
8491.
8492.
8493.
8493.
8493.
8495.
8495.
8496.
8496.
8498.
8498.
8501.
8501.
8503.
8502.
8502.
8503.
8505.
8504.
8505.
8504.
8504.
8502.
8502.
8502.
8501.
8501.
8501.
8500.
8499.
8500.
8501.
8500.
8500.
8500.
8500.
8500.
8500.
8500.
8499.
8497.
8494.
8492.
8491.
8487.
8484.
8480.
8477.
8474.
8472.
8468.
8467.
8464.
8463.
8461.
8459.
8458.
8456.
8456.
8456.
8455.
8454.
8454.
8454.
8451.
8452.
8453.
8452.
8452.
8452.
8452.
8453.
8452.
8453.
8453.
8454.
8454.
8455.
8454.
8452.
8451.
8453.
8453.
8453.
8452.
8451.
8450.
8451.
8450.
8449.
8449.
8449.
8448.
8449.
8449.
8450.
8449.
8449.
8450.
8450.
8449.
8449.
8451.
8451.
8451.
8450.
8451.
8452.
8453.
8452.
8449.
8453.
8452.
8452.
8453.
8453.
8452.
8453.
8453.
8455.
8456.
8453.
8455.
8455.
8456.
8456.
8456.
8456.
8456.
8457.
8457.
8458.
8459.
8459.
8460.
8462.
8461.
8462.
8462.
8465.
8465.
8465.
8464.
8465.
8465.
8465.
8467.
8465.
8466.
8465.
8467.
8467.
8466.
8467.
8468.
8469.
8467.
8469.
8467.
8468.
8468.
8468.
8468.
8468.
8467.
8469.
8468.
8469.
8469.
8469.
8470.
8470.
8467.
8465.
8467.
8467.
8466.
8467.
8466.
8467.
8466.
8464.
8464.
8465.
8465.
8464.
8465.
8465.
8465.
8465.
8465.
8466.
8467.
8467.
8467.
8467.
8468.
8467.
8468.
8470.
8469.
8471.
8472.
8473.
8472.
8473.
8473.
8475.
8476.
8476.
8477.
8478.
8478.
8479.
8480.
8480.
8481.
8480.
8481.
8481.
8482.
8483.
8482.
8482.
8483.
8483.
8483.
8483.
8483.
8483.
8484.
8484.
8484.
8485.
8485.
8485.
8487.
8486.
8487.
8487.
8487.
8486.
8486.
8487.
8486.
8486.
8486.
8486.
8484.
8485.
8486.
8485.
8483.
8484.
8483.
8484.
8483.
8482.
8483.
8483.
8483.
8484.
8485.
8486.
8486.
8487.
8488.
8489.
8489.
8489.
8489.
8489.
8489.
8487.
8486.
8486.
8486.
8484.
8486.
8486.
8484.
8483.
8484.
8484.
8483.
8482.
8482.
8483.
8482.
8481.
8481.
8482.
8480.
8481.
8482.
8483.
8483.
8482.
8481.
8484.
8483.
8483.
8485.
8484.
8485.
8485.
8486.
8488.
8486.
8487.
8489.
8490.
8491.
8491.
8492.
8495.
8495.
8497.
8497.
8497.
8498.
8498.
8500.
8501.
8501.
8503.
8503.
8505.
8505.
8508.
8508.
8509.
8510.
8511.
8511.
8513.
8514.
8515.
8515.
8515.
8516.
8516.
8517.
8518.
8517.
8517.
8517.
8517.
8518.
8517.
8516.
8519.
8518.
8515.
8514.
8514.
8512.
8509.
8509.
8507.
8504.
8501.
8495.
8494.
8490.
8487.
8480.
8477.
8472.
8470.
8465.
8461.
8459.
8456.
8453.
8451.
8448.
8446.
8445.
8442.
8438.
8437.
8434.
8434.
8431.
8429.
8427.
8427.
8423.
8424.
8423.
8423.
8423.
8425.
8427.
8427.
8427.
8428.
8430.
8430.
8430.
8430.
8430.
8431.
8431.
8431.
8432.
8434.
8432.
8433.
8432.
8431.
8431.
8432.
8433.
8433.
8432.
8432.
8431.
8433.
8432.
8432.
8433.
8432.
8432.
8432.
8432.
8433.
8432.
8433.
8432.
8432.
8431.
8432.
8432.
8432.
8431.
8434.
8434.
8433.
8433.
8433.
8434.
8436.
8435.
8436.
8436.
8438.
8437.
8436.
8438.
8440.
8438.
8439.
8439.
8441.
8440.
8440.
8441.
8440.
8442.
8445.
8444.
8444.
8443.
8445.
8446.
8447.
8447.
8446.
8447.
8448.
8450.
8450.
8450.
8452.
8452.
8453.
8454.
8455.
8455.
8455.
8455.
8455.
8458.
8456.
8457.
8458.
8458.
8459.
8458.
8460.
8459.
8459.
8460.
8460.
8459.
8459.
8461.
8460.
8458.
8460.
8458.
8458.
8459.
8458.
8460.
8459.
8459.
8459.
8457.
8458.
8455.
8457.
8456.
8457.
8457.
8457.
8458.
8456.
8455.
8455.
8456.
8456.
8455.
8455.
8455.
8454.
8453.
8452.
8452.
8453.
8452.
8451.
8451.
8451.
8450.
8450.
8450.
8450.
8449.
8448.
8449.
8449.
8447.
8448.
8449.
8449.
8450.
8451.
8450.
8450.
8452.
8451.
8451.
8452.
8452.
8453.
8452.
8454.
8453.
8453.
8452.
8453.
8453.
8453.
8454.
8453.
8452.
8454.
8453.
8454.
8453.
8454.
8453.
8453.
8453.
8452.
8452.
8453.
8451.
8451.
8450.
8451.
8452.
8453.
8456.
8459.
8462.
8465.
8468.
8473.
8473.
8474.
8476.
8476.
8478.
8478.
8479.
8480.
8480.
8481.
8482.
8483.
8482.
8482.
8480.
8479.
8476.
8475.
8475.
8474.
8472.
8469.
8469.
8468.
8465.
8465.
8462.
8462.
8460.
8460.
8460.
8459.
8456.
8454.
8455.
8454.
8453.
8452.
8451.
8452.
8452.
8452.
8454.
8456.
8456.
8457.
8457.
8460.
8461.
8462.
8463.
8464.
8465.
8466.
8466.
8467.
8467.
8468.
8466.
8468.
8464.
8464.
8463.
8462.
8461.
8458.
8458.
8456.
8454.
8452.
8451.
8448.
8445.
8442.
8439.
8436.
8432.
8429.
8425.
8423.
8419.
8415.
8412.
8412.
8408.
8404.
8402.
8400.
8398.
8396.
8394.
8391.
8388.
8387.
8384.
8380.
8376.
8373.
8372.
8371.
8368.
8367.
8364.
8363.
8362.
8361.
8360.
8360.
8358.
8357.
8356.
8356.
8355.
8356.
8355.
8357.
8355.
8355.
8355.
8355.
8356.
8357.
8358.
8359.
8360.
8361.
8364.
8363.
8365.
8366.
8368.
8369.
8371.
8373.
8376.
8378.
8379.
8381.
8383.
8386.
8386.
8389.
8389.
8390.
8391.
8392.
8393.
8393.
8392.
8393.
8393.
8393.
8392.
8392.
8393.
8393.
8394.
8393.
8394.
8394.
8393.
8392.
8391.
8392.
8389.
8390.
8391.
8390.
8390.
8391.
8391.
8390.
8390.
8392.
8391.
8390.
8390.
8391.
8391.
8391.
8391.
8391.
8391.
8393.
8393.
8394.
8396.
8397.
8394.
8396.
8397.
8398.
8398.
8401.
8400.
8401.
8402.
8403.
8404.
8406.
8405.
8405.
8406.
8408.
8408.
8408.
8409.
8410.
8412.
8412.
8413.
8414.
8416.
8416.
8417.
8419.
8419.
8420.
8420.
8423.
8420.
8420.
8421.
8423.
8423.
8425.
8426.
8427.
8426.
8426.
8426.
8427.
8428.
8429.
8428.
8430.
8430.
8431.
8432.
8433.
8432.
8432.
8433.
8433.
8432.
8433.
8434.
8436.
8436.
8437.
8438.
8438.
8439.
8438.
8439.
8441.
8441.
8441.
8442.
8442.
8440.
8440.
8442.
8443.
8443.
8447.
8446.
8447.
8446.
8446.
8446.
8446.
8446.
8446.
8446.
8448.
8447.
8446.
8447.
8449.
8448.
8448.
8449.
8450.
8448.
8448.
8447.
8449.
8448.
8449.
8450.
8452.
8452.
8453.
8450.
8452.
8452.
8451.
8453.
8453.
8454.
8453.
8454.
8454.
8453.
8454.
8454.
8455.
8456.
8455.
8455.
8455.
8455.
8455.
8456.
8457.
8455.
8454.
8455.
8456.
8455.
8456.
8456.
8456.
8455.
8456.
8456.
8455.
8456.
8455.
8457.
8457.
8456.
8458.
8461.
8464.
8466.
8470.
8473.
8477.
8479.
8482.
8483.
8484.
8487.
8491.
8494.
8496.
8497.
8497.
8498.
8499.
8499.
8497.
8497.
8496.
8495.
8496.
8496.
8495.
8495.
8495.
8494.
8494.
8493.
8492.
8493.
8493.
8494.
8492.
8493.
8492.
8491.
8492.
8491.
8491.
8490.
8490.
8490.
8489.
8489.
8489.
8491.
8490.
8490.
8489.
8488.
8490.
8489.
8489.
8489.
8490.
8489.
8489.
8488.
8489.
8489.
8489.
8490.
8490.
8491.
8491.
8491.
8491.
8491.
8491.
8492.
8492.
8493.
8492.
8492.
8494.
8493.
8492.
8493.
8494.
8495.
8493.
8494.
8495.
8496.
8497.
8499.
8498.
8500.
8501.
8500.
8502.
8502.
8502.
8501.
8504.
8504.
8503.
8504.
8504.
8505.
8504.
8507.
8507.
8506.
8507.
8506.
8509.
8507.
8508.
8508.
8509.
8509.
8509.
8508.
8509.
8509.
8510.
8509.
8510.
8510.
8510.
8510.
8509.
8509.
8508.
8509.
8509.
8510.
8509.
8509.
8509.
8508.
8507.
8507.
8509.
8507.
8508.
8507.
8508.
8506.
8505.
8507.
8507.
8507.
8508.
8507.
8509.
8507.
8508.
8508.
8509.
8508.
8509.
8508.
8509.
8508.
8510.
8510.
8510.
8510.
8509.
8510.
8510.
8512.
8512.
8512.
8513.
8514.
8513.
8515.
8516.
8516.
8515.
8516.
8517.
8517.
8519.
8520.
8521.
8521.
8519.
8520.
8521.
8523.
8523.
8523.
8524.
8524.
8524.
8526.
8527.
8527.
8528.
8529.
8530.
8530.
8529.
8532.
8532.
8532.
8532.
8534.
8534.
8535.
8534.
8535.
8535.
8535.
8537.
8537.
8538.
8539.
8538.
8539.
8540.
8540.
8540.
8539.
8541.
8543.
8542.
8544.
8546.
8543.
8545.
8545.
8545.
8544.
8546.
8546.
8547.
8546.
8547.
8546.
8547.
8546.
8546.
8548.
8549.
8549.
8547.
8546.
8546.
8546.
8543.
8544.
8545.
8544.
8545.
8546.
8544.
8544.
8544.
8545.
8544.
8545.
8544.
8546.
8545.
8545.
8545.
8546.
8546.
8546.
8544.
8544.
8544.
8543.
8543.
8541.
8543.
8541.
8540.
8541.
8541.
8541.
8539.
8540.
8540.
8537.
8538.
8537.
8535.
8536.
8535.
8533.
8534.
8531.
8530.
8530.
8530.
8529.
8528.
8528.
8528.
8527.
8527.
8527.
8528.
8527.
8528.
8529.
8528.
8529.
8530.
8531.
8532.
8532.
8532.
8535.
8534.
8534.
8535.
8537.
8537.
8537.
8537.
8537.
8538.
8537.
8537.
8536.
8536.
8535.
8536.
8536.
8537.
8536.
8535.
8535.
8534.
8534.
8533.
8534.
8534.
8532.
8533.
8532.
8533.
8531.
8530.
8530.
8529.
8529.
8529.
8529.
8528.
8528.
8527.
8526.
8526.
8527.
8525.
8524.
8525.
8524.
8523.
8522.
8522.
8522.
8520.
8520.
8519.
8517.
8517.
8517.
8517.
8516.
8515.
8515.
8516.
8515.
8515.
8516.
8516.
8516.
8516.
8514.
8514.
8514.
8513.
8513.
8515.
8515.
8515.
8516.
8516.
8517.
8518.
8517.
8517.
8517.
8518.
8519.
8519.
8520.
8520.
8522.
8521.
8523.
8521.
8523.
8524.
8524.
8524.
8524.
8526.
8526.
8527.
8529.
8528.
8530.
8531.
8532.
8532.
8533.
8534.
8537.
8536.
8536.
8536.
8539.
8540.
8540.
8541.
8540.
8542.
8542.
8543.
8543.
8543.
8541.
8542.
8542.
8543.
8542.
8541.
8542.
8543.
8543.
8543.
8543.
8543.
8542.
8542.
8541.
8541.
8543.
8542.
8540.
8539.
8539.
8538.
8538.
8538.
8537.
8537.
8537.
8536.
8534.
8533.
8534.
8533.
8532.
8532.
8532.
8530.
8529.
8529.
8527.
8527.
8527.
8526.
8525.
8525.
8525.
8525.
8526.
8526.
8524.
8524.
8523.
8525.
8525.
8525.
8524.
8525.
8523.
8524.
8524.
8524.
8523.
8524.
8525.
8524.
8524.
8524.
8524.
8524.
8523.
8523.
8523.
8524.
8523.
8523.
8523.
8523.
8523.
8523.
8523.
8524.
8524.
8522.
8522.
8523.
8524.
8525.
8523.
8525.
8524.
8523.
8524.
8524.
8524.
8524.
8524.
8524.
8526.
8527.
8526.
8526.
8524.
8523.
8524.
8525.
8525.
8523.
8525.
8525.
8525.
8526.
8524.
8524.
8524.
8523.
8524.
8524.
8523.
8522.
8525.
8524.
8524.
8524.
8524.
8525.
8525.
8524.
8523.
8523.
8522.
8524.
8522.
8523.
8523.
8524.
8523.
8523.
8522.
8522.
8522.
8522.
8523.
8523.
8524.
8524.
8524.
8524.
8524.
8525.
8523.
8524.
8524.
8524.
8524.
8524.
8524.
8524.
8525.
8524.
8524.
8525.
8525.
8526.
8526.
8526.
8526.
8526.
8527.
8528.
8528.
8528.
8530.
8530.
8529.
8530.
8528.
8531.
8529.
8530.
8529.
8530.
8530.
8530.
8529.
8530.
8529.
8529.
8530.
8531.
8528.
8528.
8528.
8530.
8528.
8529.
8529.
8528.
8528.
8530.
8530.
8530.
8530.
8530.
8530.
8530.
8531.
8530.
8531.
8531.
8530.
8530.
8529.
8529.
8528.
8526.
8525.
8524.
8522.
8522.
8519.
8517.
8513.
8513.
8511.
8512.
8511.
8510.
8511.
8510.
8510.
8511.
8511.
8512.
8511.
8511.
8511.
8510.
8510.
8511.
8511.
8512.
8512.
8511.
8512.
8512.
8511.
8510.
8511.
8511.
8512.
8511.
8512.
8512.
8511.
8510.
8512.
8512.
8510.
8511.
8512.
8511.
8509.
8510.
8509.
8509.
8508.
8507.
8509.
8508.
8507.
8507.
8507.
8507.
8507.
8507.
8506.
8507.
8504.
8504.
8503.
8505.
8502.
8501.
8502.
8501.
8502.
8500.
8501.
8500.
8500.
8500.
8498.
8498.
8496.
8496.
8497.
8496.
8496.
8496.
8496.
8496.
8494.
8492.
8492.
8493.
8493.
8492.
8490.
8490.
8489.
8490.
8490.
8491.
8490.
8491.
8489.
8490.
8491.
8490.
8491.
8493.
8493.
8494.
8494.
8495.
8496.
8497.
8497.
8500.
8499.
8498.
8501.
8501.
8501.
8501.
8502.
8503.
8504.
8504.
8503.
8504.
8503.
8505.
8504.
8506.
8505.
8503.
8504.
8505.
8506.
8505.
8507.
8508.
8508.
8507.
8509.
8509.
8509.
8509.
8507.
8507.
8503.
8503.
8501.
8499.
8496.
8493.
8490.
8488.
8484.
8481.
8476.
8475.
8471.
8470.
8466.
8465.
8461.
8458.
8455.
8452.
8451.
8448.
8445.
8443.
8440.
8439.
8438.
8438.
8435.
8433.
8433.
8432.
8431.
8430.
8431.
8431.
8431.
8431.
8431.
8431.
8430.
8431.
8430.
8430.
8429.
8428.
8429.
8429.
8426.
8426.
8427.
8427.
8426.
8426.
8426.
8429.
8428.
8427.
8427.
8428.
8427.
8429.
8428.
8429.
8429.
8430.
8431.
8430.
8430.
8430.
8431.
8432.
8432.
8432.
8433.
8435.
8435.
8435.
8437.
8436.
8436.
8437.
8438.
8439.
8439.
8440.
8442.
8442.
8441.
8445.
8445.
8445.
8447.
8447.
8448.
8448.
8449.
8451.
8452.
8451.
8452.
8453.
8455.
8456.
8456.
8457.
8457.
8457.
8458.
8460.
8459.
8460.
8461.
8461.
8460.
8462.
8463.
8464.
8464.
8467.
8465.
8465.
8466.
8467.
8467.
8466.
8467.
8468.
8467.
8468.
8469.
8470.
8469.
8471.
8470.
8472.
8473.
8473.
8474.
8476.
8475.
8476.
8476.
8475.
8475.
8476.
8476.
8474.
8476.
8475.
8476.
8476.
8476.
8476.
8476.
8476.
8477.
8476.
8478.
8479.
8476.
8477.
8477.
8478.
8477.
8476.
8476.
8476.
8476.
8476.
8475.
8475.
8474.
8474.
8474.
8473.
8474.
8473.
8475.
8474.
8474.
8472.
8474.
8475.
8475.
8477.
8475.
8476.
8477.
8478.
8479.
8479.
8478.
8478.
8476.
8477.
8478.
8479.
8480.
8481.
8483.
8483.
8484.
8485.
8486.
8486.
8487.
8487.
8487.
8491.
8491.
8493.
8493.
8494.
8496.
8497.
8498.
8500.
8503.
8504.
8506.
8508.
8509.
8509.
8510.
8511.
8512.
8512.
8512.
8513.
8514.
8513.
8512.
8512.
8513.
8514.
8513.
8512.
8512.
8512.
8512.
8513.
8512.
8512.
8511.
8513.
8513.
8511.
8512.
8512.
8512.
8512.
8511.
8511.
8512.
8510.
8510.
8509.
8510.
8509.
8509.
8509.
8509.
8507.
8508.
8509.
8508.
8508.
8508.
8508.
8508.
8508.
8508.
8506.
8506.
8507.
8506.
8505.
8504.
8503.
8502.
8501.
8499.
8500.
8498.
8497.
8496.
8496.
8494.
8494.
8493.
8493.
8493.
8492.
8490.
8492.
8491.
8489.
8490.
8491.
8490.
8489.
8490.
8492.
8491.
8491.
8490.
8490.
8491.
8490.
8489.
8491.
8491.
8488.
8490.
8490.
8488.
8487.
8488.
8489.
8488.
8488.
8487.
8488.
8484.
8484.
8485.
8484.
8484.
8483.
8482.
8482.
8481.
8479.
8478.
8479.
8476.
8476.
8476.
8475.
8473.
8472.
8472.
8472.
8470.
8469.
8469.
8469.
8468.
8468.
8465.
8464.
8464.
8463.
8463.
8462.
8463.
8462.
8461.
8460.
8461.
8461.
8462.
8462.
8460.
8461.
8459.
8461.
8461.
8462.
8462.
8464.
8464.
8465.
8465.
8465.
8465.
8465.
8466.
8469.
8469.
8471.
8472.
8475.
8475.
8477.
8478.
8481.
8482.
8482.
8484.
8487.
8488.
8491.
8489.
8491.
8493.
8492.
8494.
8494.
8494.
8493.
8494.
8494.
8496.
8496.
8496.
8496.
8497.
8497.
8498.
8500.
8500.
8500.
8500.
8502.
8502.
8503.
8503.
8506.
8506.
8507.
8508.
8509.
8510.
8511.
8511.
8513.
8515.
8516.
8517.
8517.
8519.
8520.
8522.
8524.
8525.
8526.
8527.
8529.
8530.
8531.
8533.
8534.
8537.
8538.
8540.
8542.
8543.
8544.
8546.
8549.
8551.
8553.
8555.
8556.
8557.
8560.
8562.
8563.
8564.
8566.
8566.
8569.
8571.
8573.
8575.
8578.
8577.
8581.
8582.
8583.
8585.
8587.
8587.
8589.
8591.
8592.
8591.
8593.
8594.
8595.
8595.
8597.
8598.
8600.
8602.
8601.
8602.
8604.
8606.
8606.
8606.
8607.
8608.
8609.
8609.
8611.
8612.
8612.
8612.
8613.
8613.
8613.
8613.
8614.
8614.
8615.
8614.
8615.
8615.
8616.
8616.
8617.
8617.
8617.
8618.
8619.
8621.
8620.
8619.
8620.
8619.
8618.
8617.
8616.
8617.
8617.
8618.
8619.
8620.
8619.
8617.
8617.
8619.
8618.
8618.
8618.
8617.
8616.
8617.
8618.
8618.
8617.
8616.
8617.
8617.
8619.
8618.
8617.
8618.
8617.
8616.
8616.
8615.
8615.
8616.
8615.
8616.
8617.
8617.
8617.
8617.
8617.
8616.
8617.
8617.
8618.
8616.
8616.
8617.
8616.
8616.
8616.
8616.
8615.
8613.
8612.
8610.
8610.
8608.
8607.
8606.
8605.
8602.
8601.
8597.
8595.
8594.
8593.
8590.
8590.
8589.
8589.
8587.
8588.
8587.
8586.
8586.
8586.
8587.
8589.
8589.
8591.
8591.
8592.
8593.
8595.
8596.
8598.
8601.
8603.
8605.
8606.
8609.
8611.
8612.
8612.
8613.
8617.
8619.
8621.
8622.
8622.
8624.
8625.
8624.
8627.
8627.
8627.
8627.
8627.
8628.
8628.
8628.
8627.
8628.
8627.
8624.
8626.
8622.
8623.
8621.
8621.
8619.
8618.
8620.
8617.
8616.
8615.
8613.
8610.
8608.
8606.
8604.
8600.
8598.
8594.
8593.
8589.
8585.
8583.
8578.
8574.
8571.
8565.
8561.
8557.
8554.
8551.
8548.
8543.
8539.
8537.
8533.
8533.
8531.
8530.
8530.
8530.
8530.
8529.
8530.
8532.
8533.
8533.
8534.
8533.
8532.
8530.
8531.
8530.
8527.
8525.
8524.
8524.
8523.
8522.
8522.
8521.
8519.
8517.
8518.
8515.
8513.
8511.
8509.
8507.
8505.
8502.
8500.
8499.
8495.
8493.
8490.
8489.
8488.
8485.
8484.
8481.
8480.
8477.
8477.
8475.
8472.
8472.
8470.
8469.
8467.
8465.
8465.
8465.
8467.
8467.
8468.
8468.
8469.
8471.
8472.
8474.
8473.
8475.
8475.
8478.
8478.
8481.
8484.
8484.
8484.
8487.
8487.
8492.
8492.
8493.
8495.
8497.
8498.
8501.
8505.
8508.
8508.
8510.
8512.
8514.
8514.
8515.
8516.
8516.
8516.
8518.
8518.
8517.
8519.
8518.
8520.
8521.
8521.
8522.
8522.
8523.
8522.
8522.
8523.
8523.
8525.
8523.
8524.
8525.
8524.
8526.
8527.
8528.
8527.
8528.
8528.
8529.
8530.
8531.
8530.
8531.
8532.
8534.
8534.
8536.
8538.
8539.
8539.
8542.
8541.
8544.
8546.
8547.
8549.
8549.
8552.
8555.
8555.
8556.
8557.
8559.
8561.
8563.
8566.
8567.
8568.
8569.
8571.
8572.
8574.
8577.
8579.
8579.
8582.
8584.
8585.
8586.
8589.
8590.
8591.
8595.
8596.
8597.
8599.
8601.
8601.
8605.
8605.
8606.
8609.
8611.
8613.
8615.
8615.
8617.
8619.
8620.
8620.
8623.
8624.
8625.
8627.
8628.
8628.
8631.
8631.
8631.
8633.
8634.
8634.
8635.
8636.
8638.
8637.
8639.
8640.
8639.
8641.
8641.
8642.
8642.
8643.
8643.
8644.
8645.
8646.
8647.
8647.
8648.
8648.
8650.
8652.
8650.
8651.
8652.
8653.
8653.
8653.
8654.
8652.
8652.
8653.
8654.
8656.
8655.
8655.
8655.
8656.
8656.
8655.
8656.
8655.
8655.
8655.
8654.
8654.
8655.
8654.
8654.
8654.
8654.
8651.
8652.
8652.
8652.
8650.
8650.
8647.
8648.
8649.
8649.
8646.
8646.
8645.
8645.
8646.
8645.
8645.
8644.
8643.
8643.
8642.
8642.
8641.
8642.
8641.
8641.
8640.
8640.
8639.
8640.
8637.
8639.
8637.
8638.
8636.
8636.
8635.
8637.
8639.
8639.
8637.
8638.
8637.
8637.
8637.
8639.
8640.
8640.
8642.
8641.
8642.
8643.
8642.
8641.
8641.
8640.
8637.
8637.
8637.
8638.
8637.
8637.
8635.
8635.
8634.
8635.
8635.
8634.
8633.
8633.
8632.
8634.
8633.
8633.
8631.
8631.
8629.
8630.
8631.
8629.
8629.
8629.
8628.
8628.
8627.
8627.
8628.
8627.
8627.
8627.
8625.
8626.
8626.
8626.
8627.
8627.
8625.
8625.
8626.
8625.
8624.
8625.
8624.
8624.
8623.
8623.
8622.
8621.
8621.
8621.
8619.
8618.
8618.
8616.
8616.
8615.
8614.
8615.
8614.
8614.
8614.
8614.
8612.
8611.
8611.
8612.
8611.
8611.
8611.
8612.
8611.
8612.
8613.
8615.
8615.
8617.
8617.
8618.
8620.
8624.
8624.
8626.
8627.
8630.
8631.
8632.
8635.
8636.
8638.
8641.
8641.
8643.
8643.
8645.
8648.
8650.
8651.
8653.
8656.
8658.
8659.
8660.
8661.
8660.
8663.
8661.
8663.
8663.
8663.
8666.
8666.
8667.
8666.
8668.
8669.
8668.
8668.
8670.
8670.
8669.
8668.
8671.
8672.
8672.
8672.
8674.
8672.
8673.
8674.
8675.
8675.
8676.
8676.
8678.
8679.
8679.
8678.
8679.
8680.
8681.
8682.
8683.
8686.
8686.
8685.
8688.
8689.
8689.
8691.
8693.
8693.
8693.
8695.
8696.
8697.
8697.
8700.
8699.
8699.
8701.
8701.
8702.
8703.
8704.
8704.
8704.
8706.
8707.
8707.
8708.
8709.
8711.
8711.
8711.
8713.
8712.
8713.
8716.
8717.
8717.
8716.
8717.
8718.
8719.
8719.
8720.
8721.
8721.
8720.
8720.
8721.
8722.
8721.
8722.
8722.
8721.
8722.
8722.
8722.
8722.
8721.
8720.
8719.
8718.
8715.
8716.
8716.
8716.
8716.
8715.
8714.
8713.
8712.
8713.
8714.
8713.
8713.
8714.
8715.
8714.
8714.
8713.
8714.
8714.
8713.
8713.
8712.
8713.
8711.
8712.
8712.
8712.
8711.
8712.
8712.
8711.
8710.
8710.
8709.
8709.
8708.
8707.
8706.
8706.
8705.
8705.
8702.
8702.
8700.
8700.
8699.
8696.
8696.
8696.
8695.
8695.
8693.
8694.
8692.
8691.
8689.
8688.
8688.
8686.
8684.
8683.
8683.
8681.
8677.
8676.
8674.
8674.
8671.
8669.
8666.
8666.
8664.
8662.
8660.
8659.
8656.
8654.
8651.
8650.
8648.
8649.
8647.
8647.
8645.
8643.
8644.
8641.
8639.
8639.
8638.
8637.
8635.
8635.
8631.
8631.
8631.
8627.
8626.
8624.
8621.
8620.
8619.
8617.
8615.
8616.
8614.
8612.
8612.
8609.
8608.
8604.
8601.
8601.
8600.
8598.
8595.
8595.
8594.
8590.
8587.
8585.
8584.
8582.
8580.
8577.
8574.
8570.
8569.
8566.
8565.
8565.
8561.
8560.
8556.
8553.
8551.
8549.
8544.
8543.
8543.
8541.
8540.
8539.
8537.
8535.
8532.
8531.
8529.
8527.
8526.
8528.
8525.
8521.
8521.
8520.
8518.
8518.
8517.
8515.
8514.
8512.
8511.
8510.
8507.
8506.
8505.
8505.
8503.
8504.
8501.
8501.
8499.
8499.
8498.
8497.
8496.
8494.
8492.
8492.
8490.
8489.
8487.
8487.
8486.
8484.
8483.
8483.
8483.
8482.
8482.
8482.
8481.
8480.
8482.
8483.
8482.
8482.
8483.
8484.
8484.
8488.
8489.
8490.
8492.
8494.
8496.
8498.
8500.
8503.
8504.
8508.
8509.
8514.
8516.
8522.
8524.
8527.
8531.
8536.
8539.
8543.
8547.
8552.
8556.
8558.
8563.
8567.
8571.
8576.
8580.
8586.
8591.
8597.
8604.
8608.
8613.
8621.
8626.
8633.
8638.
8643.
8646.
8653.
8659.
8666.
8669.
8675.
8680.
8685.
8688.
8692.
8693.
8697.
8699.
8702.
8702.
8703.
8704.
8705.
8707.
8706.
8707.
8708.
8709.
8709.
8710.
8711.
8711.
8711.
8712.
8713.
8713.
8714.
8715.
8715.
8717.
8716.
8716.
8715.
8715.
8715.
8716.
8715.
8715.
8716.
8716.
8714.
8715.
8715.
8715.
8715.
8715.
8715.
8715.
8713.
8713.
8714.
8715.
8715.
8714.
8714.
8714.
8715.
8716.
8717.
8715.
8716.
8713.
8713.
8716.
8716.
8715.
8714.
8715.
8714.
8713.
8713.
8711.
8710.
8708.
8709.
8710.
8709.
8709.
8707.
8706.
8705.
8703.
8705.
8704.
8703.
8702.
8703.
8701.
8702.
8700.
8700.
8700.
8699.
8696.
8695.
8695.
8693.
8691.
8692.
8691.
8690.
8688.
8688.
8689.
8687.
8686.
8686.
8686.
8686.
8684.
8684.
8684.
8682.
8682.
8682.
8681.
8679.
8679.
8679.
8678.
8677.