8587.
8586.
8585.
8584.
8584.
8586.
8585.
8583.
8584.
8583.
8585.
8583.
8583.
8584.
8583.
8584.
8584.
8583.
8582.
8583.
8583.
8581.
8582.
8581.
8582.
8582.
8583.
8582.
8582.
8581.
8581.
8581.
8583.
8583.
8584.
8583.
8583.
8584.
8583.
8582.
8582.
8583.
8585.
8583.
8584.
8583.
8583.
8584.
8584.
8582.
8584.
8583.
8584.
8583.
8584.
8584.
8583.
8584.
8584.
8585.
8583.
8584.
8584.
8584.
8584.
8585.
8584.
8585.
8584.
8584.
8586.
8586.
8586.
8585.
8586.
8587.
8587.
8587.
8586.
8587.
8588.
8588.
8588.
8587.
8586.
8588.
8588.
8588.
8589.
8589.
8589.
8588.
8588.
8589.
8589.
8588.
8589.
8589.
8588.
8589.
8589.
8589.
8588.
8586.
8586.
8586.
8586.
8584.
8584.
8582.
8582.
8581.
8582.
8582.
8582.
8582.
8582.
8584.
8582.
8583.
8583.
8584.
8583.
8583.
8584.
8583.
8584.
8584.
8584.
8585.
8584.
8584.
8584.
8586.
8586.
8585.
8584.
8584.
8584.
8584.
8584.
8584.
8584.
8585.
8584.
8584.
8583.
8581.
8582.
8585.
8585.
8583.
8583.
8583.
8584.
8584.
8583.
8581.
8583.
8583.
8583.
8583.
8583.
8583.
8582.
8583.
8582.
8582.
8581.
8581.
8583.
8580.
8581.
8581.
8580.
8580.
8581.
8580.
8580.
8581.
8579.
8580.
8578.
8579.
8579.
8579.
8578.
8578.
8577.
8577.
8578.
8577.
8577.
8577.
8577.
8578.
8577.
8577.
8578.
8576.
8575.
8578.
8577.
8575.
8576.
8575.
8576.
8575.
8575.
8576.
8577.
8576.
8577.
8575.
8576.
8577.
8577.
8576.
8576.
8577.
8577.
8576.
8576.
8575.
8575.
8576.
8578.
8576.
8575.
8576.
8577.
8575.
8577.
8576.
8577.
8577.
8577.
8576.
8577.
8578.
8577.
8577.
8577.
8575.
8578.
8579.
8579.
8579.
8579.
8579.
8580.
8580.
8581.
8580.
8580.
8581.
8580.
8581.
8581.
8582.
8582.
8581.
8583.
8582.
8582.
8583.
8583.
8584.
8584.
8584.
8584.
8584.
8586.
8584.
8584.
8586.
8585.
8585.
8587.
8587.
8588.
8587.
8588.
8587.
8589.
8589.
8588.
8587.
8589.
8590.
8591.
8590.
8592.
8590.
8591.
8590.
8592.
8591.
8592.
8591.
8592.
8593.
8593.
8594.
8593.
8594.
8594.
8595.
8595.
8594.
8595.
8595.
8596.
8597.
8597.
8596.
8597.
8598.
8599.
8599.
8598.
8600.
8599.
8599.
8600.
8600.
8600.
8600.
8601.
8602.
8602.
8601.
8602.
8604.
8606.
8606.
8607.
8609.
8611.
8614.
8614.
8615.
8615.
8616.
8618.
8619.
8621.
8622.
8625.
8626.
8626.
8628.
8629.
8630.
8631.
8632.
8633.
8634.
8635.
8636.
8637.
8637.
8638.
8639.
8641.
8641.
8640.
8641.
8642.
8643.
8643.
8643.
8644.
8644.
8644.
8644.
8646.
8647.
8646.
8646.
8647.
8645.
8646.
8646.
8645.
8647.
8647.
8646.
8646.
8646.
8646.
8645.
8644.
8645.
8645.
8642.
8642.
8642.
8641.
8638.
8638.
8637.
8635.
8633.
8633.
8630.
8628.
8625.
8623.
8621.
8619.
8615.
8613.
8611.
8609.
8606.
8605.
8604.
8600.
8599.
8597.
8597.
8595.
8594.
8592.
8590.
8589.
8587.
8586.
8585.
8586.
8580.
8578.
8578.
8574.
8574.
8573.
8571.
8569.
8568.
8567.
8566.
8564.
8562.
8560.
8560.
8557.
8557.
8555.
8554.
8552.
8550.
8548.
8546.
8544.
8541.
8539.
8539.
8536.
8534.
8533.
8531.
8530.
8526.
8526.
8526.
8526.
8522.
8522.
8520.
8518.
8515.
8515.
8513.
8512.
8511.
8508.
8506.
8506.
8504.
8503.
8500.
8499.
8498.
8496.
8494.
8492.
8489.
8487.
8485.
8483.
8482.
8479.
8474.
8475.
8473.
8471.
8466.
8465.
8463.
8461.
8456.
8453.
8448.
8440.
8434.
8427.
8417.
8409.
8402.
8395.
8386.
8379.
8373.
8364.
8357.
8349.
8340.
8332.
8323.
8315.
8308.
8299.
8291.
8284.
8278.
8271.
8263.
8258.
8253.
8246.
8239.
8235.
8230.
8226.
8221.
8215.
8212.
8208.
8207.
8205.
8203.
8203.
8202.
8203.
8204.
8206.
8208.
8211.
8215.
8219.
8223.
8225.
8230.
8233.
8237.
8242.
8248.
8254.
8258.
8264.
8270.
8276.
8282.
8290.
8296.
8304.
8309.
8316.
8321.
8328.
8333.
8340.
8346.
8352.
8359.
8367.
8375.
8381.
8385.
8392.
8398.
8403.
8406.
8412.
8415.
8417.
8418.
8421.
8423.
8426.
8424.
8425.
8427.
8428.
8427.
8429.
8429.
8431.
8432.
8433.
8434.
8437.
8438.
8439.
8440.
8442.
8445.
8445.
8446.
8450.
8453.
8454.
8457.
8460.
8460.
8462.
8464.
8466.
8467.
8470.
8471.
8474.
8474.
8476.
8477.
8481.
8480.
8482.
8483.
8484.
8486.
8487.
8490.
8490.
8491.
8489.
8491.
8493.
8493.
8494.
8496.
8496.
8496.
8495.
8495.
8496.
8493.
8495.
8492.
8493.
8492.
8492.
8491.
8491.
8489.
8490.
8491.
8493.
8492.
8492.
8492.
8492.
8491.
8490.
8491.
8490.
8491.
8490.
8490.
8491.
8490.
8490.
8489.
8490.
8489.
8489.
8489.
8488.
8488.
8487.
8487.
8488.
8487.
8487.
8488.
8487.
8486.
8487.
8486.
8488.
8488.
8488.
8488.
8490.
8491.
8490.
8491.
8491.
8492.
8492.
8492.
8492.
8492.
8493.
8493.
8494.
8495.
8494.
8495.
8495.
8493.
8494.
8494.
8494.
8493.
8494.
8494.
8493.
8494.
8495.
8495.
8496.
8493.
8494.
8495.
8497.
8496.
8495.
8499.
8499.
8500.
8499.
8502.
8504.
8505.
8506.
8506.
8510.
8510.
8511.
8513.
8516.
8518.
8519.
8522.
8523.
8525.
8526.
8527.
8529.
8533.
8536.
8536.
8539.
8542.
8545.
8546.
8550.
8553.
8558.
8560.
8563.
8568.
8572.
8575.
8578.
8581.
8584.
8587.
8591.
8594.
8598.
8602.
8606.
8608.
8611.
8616.
8618.
8620.
8621.
8624.
8625.
8626.
8627.
8631.
8631.
8633.
8635.
8637.
8639.
8639.
8640.
8643.
8643.
8643.
8643.
8643.
8643.
8643.
8644.
8643.
8643.
8643.
8644.
8642.
8642.
8643.
8644.
8645.
8644.
8645.
8644.
8645.
8646.
8645.
8645.
8646.
8647.
8647.
8648.
8647.
8648.
8648.
8649.
8648.
8649.
8649.
8652.
8652.
8650.
8650.
8652.
8652.
8654.
8653.
8655.
8655.
8655.
8655.
8658.
8659.
8660.
8661.
8663.
8665.
8666.
8666.
8667.
8666.
8669.
8670.
8672.
8672.
8672.
8672.
8673.
8674.
8676.
8676.
8677.
8677.
8677.
8678.
8679.
8681.
8679.
8679.
8680.
8681.
8681.
8680.
8679.
8680.
8680.
8679.
8679.
8678.
8676.
8676.
8676.
8675.
8674.
8672.
8672.
8672.
8670.
8670.
8669.
8667.
8666.
8664.
8662.
8660.
8657.
8656.
8654.
8654.
8650.
8648.
8648.
8647.
8644.
8643.
8642.
8641.
8640.
8638.
8636.
8635.
8636.
8635.
8635.
8631.
8631.
8630.
8630.
8630.
8630.
8628.
8629.
8629.
8629.
8629.
8629.
8629.
8628.
8626.
8628.
8627.
8627.
8628.
8626.
8627.
8628.
8626.
8626.
8626.
8626.
8625.
8624.
8623.
8623.
8623.
8622.
8621.
8619.
8619.
8619.
8617.
8617.
8617.
8617.
8615.
8615.
8615.
8615.
8615.
8616.
8614.
8614.
8614.
8614.
8614.
8614.
8613.
8611.
8610.
8610.
8609.
8609.
8608.
8606.
8606.
8603.
8601.
8602.
8599.
8597.
8595.
8591.
8589.
8585.
8579.
8573.
8567.
8563.
8556.
8548.
8542.
8533.
8524.
8517.
8508.
8500.
8491.
8483.
8473.
8467.
8459.
8451.
8445.
8441.
8436.
8432.
8431.
8428.
8424.
8421.
8420.
8419.
8416.
8415.
8415.
8415.
8413.
8411.
8413.
8414.
8413.
8414.
8416.
8418.
8421.
8424.
8427.
8432.
8436.
8441.
8445.
8451.
8457.
8463.
8469.
8474.
8480.
8485.
8492.
8499.
8505.
8511.
8518.
8526.
8532.
8539.
8548.
8557.
8565.
8572.
8582.
8591.
8599.
8607.
8616.
8622.
8629.
8638.
8646.
8655.
8664.
8673.
8681.
8688.
8695.
8700.
8705.
8710.
8714.
8717.
8720.
8721.
8722.
8724.
8727.
8727.
8730.
8730.
8730.
8731.
8731.
8732.
8733.
8733.
8733.
8734.
8736.
8737.
8736.
8738.
8737.
8740.
8741.
8742.
8743.
8746.
8746.
8747.
8749.
8751.
8751.
8753.
8755.
8756.
8757.
8760.
8760.
8763.
8763.
8765.
8765.
8767.
8767.
8769.
8770.
8771.
8770.
8771.
8771.
8770.
8772.
8771.
8772.
8771.
8770.
8770.
8771.
8771.
8770.
8768.
8770.
8768.
8765.
8766.
8764.
8764.
8761.
8762.
8761.
8758.
8758.
8758.
8758.
8755.
8754.
8753.
8753.
8754.
8753.
8752.
8752.
8753.
8752.
8753.
8753.
8753.
8754.
8753.
8755.
8755.
8754.
8755.
8755.
8756.
8757.
8757.
8756.
8757.
8756.
8757.
8758.
8758.
8757.
8756.
8758.
8757.
8758.
8759.
8758.
8758.
8759.
8760.
8760.
8761.
8760.
8762.
8762.
8764.
8765.
8765.
8767.
8768.
8770.
8771.
8772.
8774.
8777.
8779.
8779.
8782.
8783.
8785.
8789.
8791.
8791.
8793.
8796.
8798.
8800.
8800.
8800.
8803.
8803.
8804.
8806.
8807.
8807.
8807.
8811.
8812.
8810.
8811.
8811.
8812.
8809.
8806.
8805.
8803.
8801.
8799.
8797.
8795.
8792.
8791.
8790.
8788.
8787.
8785.
8785.
8783.
8779.
8780.
8780.
8781.
8780.
8780.
8781.
8781.
8782.
8782.
8784.
8785.
8785.
8786.
8788.
8790.
8791.
8791.
8791.
8793.
8796.
8797.
8798.
8799.
8798.
8799.
8801.
8803.
8803.
8804.
8805.
8807.
8803.
8805.
8805.
8805.
8805.
8806.
8805.
8806.
8803.
8805.
8805.
8805.
8803.
8803.
8805.
8805.
8804.
8805.
8803.
8804.
8805.
8803.
8804.
8804.
8803.
8804.
8805.
8804.
8803.
8804.
8804.
8804.
8805.
8805.
8806.
8807.
8806.
8806.
8806.
8807.
8806.
8805.
8806.
8806.
8805.
8803.
8803.
8803.
8804.
8804.
8803.
8803.
8804.
8804.
8801.
8803.
8802.
8801.
8801.
8799.
8797.
8798.
8798.
8798.
8796.
8795.
8795.
8792.
8791.
8791.
8791.
8790.
8787.
8785.
8786.
8783.
8783.
8783.
8781.
8782.
8779.
8779.
8779.
8778.
8777.
8776.
8775.
8775.
8774.
8772.
8773.
8772.
8772.
8773.
8772.
8774.
8772.
8772.
8772.
8774.
8773.
8773.
8773.
8774.
8773.
8772.
8771.
8774.
8773.
8774.
8775.
8775.
8774.
8774.
8773.
8771.
8771.
8772.
8771.
8772.
8771.
8772.
8773.
8772.
8773.
8773.
8774.
8774.
8774.
8775.
8776.
8776.
8777.
8777.
8777.
8779.
8780.
8782.
8785.
8786.
8787.
8789.
8791.
8792.
8793.
8794.
8797.
8798.
8798.
8800.
8802.
8803.
8803.
8805.
8806.
8805.
8804.
8805.
8804.
8802.
8800.
8797.
8794.
8790.
8784.
8777.
8772.
8765.
8759.
8753.
8747.
8742.
8735.
8731.
8726.
8720.
8715.
8714.
8710.
8707.
8704.
8704.
8701.
8699.
8696.
8697.
8697.
8695.
8693.
8695.
8694.
8693.
8693.
8694.
8695.
8696.
8695.
8699.
8700.
8703.
8703.
8707.
8709.
8710.
8712.
8712.
8717.
8718.
8721.
8725.
8728.
8733.
8736.
8739.
8743.
8746.
8748.
8751.
8756.
8756.
8757.
8758.
8761.
8763.
8764.
8766.
8769.
8772.
8771.
8773.
8775.
8777.
8777.
8777.
8779.
8782.
8782.
8783.
8784.
8784.
8784.
8786.
8789.
8788.
8788.
8789.
8790.
8790.
8792.
8792.
8792.
8793.
8794.
8793.
8794.
8796.
8795.
8797.
8799.
8801.
8802.
8803.
8804.
8805.
8806.
8806.
8809.
8809.
8810.
8812.
8813.
8814.
8813.
8814.
8815.
8815.
8814.
8813.
8814.
8814.
8814.
8811.
8813.
8813.
8813.
8812.
8812.
8812.
8811.
8810.
8812.
8813.
8810.
8810.
8809.
8809.
8808.
8805.
8806.
8805.
8805.
8804.
8802.
8803.
8801.
8801.
8800.
8799.
8798.
8796.
8798.
8797.
8794.
8793.
8794.
8792.
8791.
8794.
8792.
8792.
8792.
8792.
8791.
8792.
8791.
8791.
8791.
8791.
8790.
8792.
8793.
8794.
8793.
8792.
8794.
8795.
8795.
8796.
8795.
8795.
8795.
8794.
8796.
8796.
8796.
8797.
8797.
8798.
8798.
8798.
8798.
8799.
8799.
8799.
8800.
8800.
8801.
8803.
8805.
8805.
8807.
8809.
8810.
8812.
8811.
8813.
8815.
8816.
8817.
8819.
8821.
8824.
8824.
8825.
8828.
8831.
8831.
8834.
8834.
8836.
8838.
8840.
8841.
8843.
8844.
8847.
8848.
8851.
8851.
8853.
8855.
8855.
8855.
8857.
8859.
8858.
8859.
8858.
8858.
8858.
8857.
8855.
8855.
8852.
8849.
8846.
8842.
8840.
8836.
8835.
8830.
8828.
8824.
8821.
8820.
8816.
8814.
8810.
8810.
8808.
8805.
8802.
8801.
8800.
8801.
8798.
8795.
8796.
8793.
8793.
8792.
8792.
8791.
8790.
8791.
8792.
8792.
8792.
8795.
8797.
8796.
8799.
8802.
8804.
8803.
8806.
8808.
8810.
8811.
8812.
8816.
8816.
8816.
8818.
8820.
8821.
8822.
8823.
8825.
8828.
8827.
8827.
8830.
8831.
8830.
8830.
8831.
8832.
8831.
8830.
8831.
8831.
8831.
8831.
8830.
8831.
8830.
8830.
8830.
8830.
8829.
8829.
8829.
8828.
8828.
8828.
8827.
8827.
8826.
8826.
8825.
8827.
8824.
8825.
8823.
8823.
8822.
8821.
8823.
8822.
8823.
8822.
8822.
8822.
8820.
8821.
8821.
8822.
8822.
8822.
8821.
8820.
8819.
8817.
8815.
8813.
8811.
8810.
8809.
8809.
8807.
8804.
8804.
8803.
8801.
8800.
8800.
8799.
8796.
8794.
8794.
8793.
8789.
8788.
8785.
8785.
8781.
8781.
8781.
8780.
8779.
8779.
8779.
8778.
8778.
8779.
8780.
8780.
8780.
8780.
8781.
8781.
8781.
8781.
8783.
8783.
8785.
8784.
8786.
8787.
8787.
8787.
8788.
8789.
8789.
8789.
8790.
8789.
8789.
8790.
8792.
8792.
8793.
8793.
8794.
8797.
8797.
8797.
8800.
8801.
8802.
8804.
8806.
8806.
8808.
8811.
8813.
8814.
8815.
8817.
8819.
8819.
8819.
8823.
8823.
8824.
8824.
8824.
8825.
8823.
8822.
8820.
8818.
8817.
8816.
8812.
8809.
8807.
8804.
8801.
8800.
8797.
8796.
8792.
8788.
8786.
8782.
8778.
8775.
8771.
8767.
8766.
8761.
8758.
8755.
8752.
8751.
8749.
8747.
8747.
8747.
8746.
8746.
8745.
8746.
8746.
8746.
8746.
8747.
8746.
8747.
8749.
8749.
8752.
8753.
8755.
8758.
8760.
8761.
8764.
8766.
8769.
8771.
8773.
8776.
8778.
8780.
8781.
8784.
8787.
8787.
8789.
8790.
8792.
8793.
8795.
8795.
8797.
8798.
8800.
8800.
8799.
8800.
8801.
8801.
8803.
8803.
8803.
8804.
8804.
8804.
8804.
8804.
8805.
8804.
8805.
8805.
8805.
8804.
8805.
8806.
8804.
8803.
8804.
8804.
8804.
8803.
8801.
8802.
8802.
8802.
8801.
8801.
8801.
8801.
8801.
8802.
8802.
8801.
8802.
8802.
8802.
8801.
8802.
8802.
8804.
8803.
8803.
8803.
8803.
8802.
8802.
8802.
8802.
8799.
8801.
8800.
8800.
8798.
8798.
8799.
8798.
8796.
8796.
8796.
8797.
8795.
8795.
8795.
8795.
8794.
8793.
8792.
8793.
8792.
8791.
8790.
8790.
8788.
8789.
8787.
8786.
8787.
8786.
8784.
8783.
8783.
8781.
8780.
8780.
8780.
8780.
8780.
8779.
8780.
8780.
8780.
8780.
8779.
8779.
8779.
8780.
8780.
8780.
8780.
8781.
8780.
8780.
8781.
8783.
8782.
8784.
8785.
8785.
8785.
8785.
8785.
8787.
8784.
8785.
8786.
8786.
8786.
8788.
8788.
8787.
8787.
8789.
8790.
8789.
8789.
8790.
8791.
8792.
8792.
8792.
8794.
8795.
8795.
8795.
8796.
8799.
8800.
8799.
8802.
8803.
8803.
8805.
8806.
8807.
8808.
8809.
8814.
8814.
8815.
8819.
8820.
8822.
8825.
8827.
8830.
8832.
8834.
8835.
8837.
8838.
8839.
8839.
8840.
8840.
8838.
8837.
8836.
8835.
8835.
8833.
8833.
8835.
8835.
8835.
8838.
8840.
8842.
8843.
8845.
8845.
8845.
8848.
8847.
8848.
8847.
8850.
8851.
8854.
8855.
8858.
8860.
8862.
8864.
8866.
8868.
8871.
8871.
8872.
8876.
8878.
8876.
8879.
8881.
8882.
8881.
8881.
8882.
8883.
8884.
8882.
8882.
8883.
8881.
8880.
8880.
8881.
8879.
8879.
8878.
8877.
8876.
8876.
8875.
8876.
8875.
8875.
8875.
8875.
8874.
8873.
8873.
8874.
8872.
8873.
8872.
8872.
8871.
8870.
8871.
8872.
8870.
8869.
8870.
8868.
8868.
8868.
8869.
8868.
8867.
8867.
8867.
8866.
8867.
8865.
8866.
8863.
8860.
8859.
8858.
8859.
8856.
8855.
8855.
8853.
8851.
8849.
8847.
8847.
8844.
8842.
8840.
8839.
8835.
8834.
8833.
8830.
8828.
8826.
8822.
8822.
8819.
8818.
8816.
8814.
8813.
8812.
8811.
8810.
8809.
8810.
8810.
8809.
8809.
8809.
8810.
8811.
8809.
8809.
8810.
8810.
8809.
8808.
8808.
8810.
8809.
8809.
8808.
8807.
8806.
8807.
8807.
8808.
8807.
8806.
8805.
8805.
8805.
8805.
8806.
8805.
8805.
8804.
8806.
8806.
8805.
8805.
8807.
8805.
8805.
8806.
8808.
8807.
8808.
8806.
8809.
8809.
8808.
8809.
8809.
8810.
8809.
8811.
8811.
8812.
8814.
8813.
8815.
8813.
8811.
8810.
8807.
8805.
8799.
8791.
8785.
8776.
8767.
8760.
8752.
8744.
8733.
8726.
8716.
8709.
8700.
8694.
8687.
8682.
8676.
8672.
8668.
8668.
8664.
8663.
8664.
8662.
8661.
8660.
8658.
8656.
8653.
8650.
8648.
8648.
8645.
8644.
8643.
8643.
8643.
8643.
8644.
8645.
8645.
8649.
8653.
8656.
8659.
8663.
8667.
8670.
8675.
8680.
8686.
8692.
8696.
8702.
8708.
8712.
8717.
8722.
8727.
8733.
8739.
8745.
8751.
8757.
8763.
8771.
8777.
8782.
8786.
8791.
8796.
8802.
8804.
8808.
8812.
8815.
8817.
8818.
8819.
8822.
8823.
8824.
8826.
8827.
8828.
8828.
8829.
8828.
8831.
8833.
8833.
8834.
8835.
8834.
8836.
8836.
8837.
8838.
8839.
8840.
8840.
8839.
8841.
8841.
8842.
8843.
8844.
8846.
8846.
8847.
8849.
8852.
8852.
8853.
8854.
8855.
8855.
8856.
8857.
8858.
8857.
8858.
8858.
8858.
8857.
8857.
8858.
8858.
8858.
8859.
8857.
8857.
8857.
8857.
8856.
8855.
8855.
8857.
8857.
8856.
8855.
8856.
8855.
8856.
8853.
8853.
8853.
8855.
8854.
8852.
8852.
8852.
8851.
8851.
8851.
8853.
8850.
8851.
8851.
8851.
8850.
8850.
8850.
8851.
8849.
8850.
8850.
8849.
8848.
8848.
8849.
8849.
8849.
8850.
8851.
8851.
8851.
8852.
8852.
8854.
8855.
8856.
8856.
8856.
8855.
8855.
8857.
8857.
8857.
8857.
8857.
8857.
8857.
8857.
8856.
8857.
8856.
8858.
8856.
8856.
8855.
8855.
8857.
8856.
8856.
8856.
8856.
8858.
8859.
8859.
8861.
8861.
8860.
8862.
8863.
8863.
8862.
8863.
8865.
8866.
8866.
8866.
8867.
8868.
8868.
8870.
8870.
8872.
8872.
8874.
8875.
8874.
8876.
8877.
8878.
8880.
8880.
8882.
8882.
8882.
8883.
8880.
8882.
8881.
8879.
8876.
8873.
8870.
8866.
8863.
8859.
8855.
8850.
8848.
8846.
8841.
8839.
8834.
8830.
8826.
8824.
8820.
8818.
8816.
8812.
8809.
8809.
8807.
8807.
8806.
8806.
8803.
8801.
8801.
8801.
8801.
8800.
8801.
8801.
8802.
8801.
8801.
8800.
8801.
8801.
8800.
8801.
8802.
8801.
8802.
8804.
8802.
8801.
8801.
8802.
8803.
8801.
8802.
8801.
8800.
8799.
8799.
8798.
8797.
8796.
8796.
8796.
8796.
8794.
8796.
8796.
8796.
8795.
8796.
8796.
8796.
8795.
8795.
8797.
8796.
8795.
8797.
8797.
8797.
8798.
8798.
8799.
8798.
8798.
8798.
8800.
8799.
8799.
8799.
8799.
8799.
8799.
8800.
8797.
8798.
8798.
8797.
8796.
8797.
8796.
8794.
8794.
8794.
8792.
8791.
8792.
8793.
8790.
8788.
8788.
8787.
8785.
8784.
8782.
8782.
8781.
8778.
8778.
8776.
8775.
8773.
8773.
8771.
8769.
8768.
8768.
8766.
8765.
8766.
8763.
8762.
8762.
8760.
8760.
8760.
8758.
8758.
8757.
8758.
8756.
8757.
8757.
8755.
8755.
8755.
8755.
8756.
8753.
8754.
8753.
8753.
8754.
8753.
8756.
8755.
8754.
8756.
8757.
8758.
8757.
8757.
8758.
8759.
8758.
8760.
8760.
8760.
8760.
8761.
8762.
8762.
8761.
8762.
8764.
8763.
8763.
8763.
8764.
8763.
8762.
8764.
8765.
8766.
8766.
8767.
8768.
8767.
8769.
8768.
8769.
8770.
8770.
8770.
8772.
8774.
8776.
8775.
8777.
8779.
8778.
8781.
8782.
8783.
8786.
8787.
8789.
8791.
8792.
8794.
8796.
8798.
8799.
8801.
8805.
8808.
8810.
8810.
8814.
8815.
8816.
8817.
8818.
8820.
8821.
8822.
8825.
8827.
8827.
8827.
8828.
8831.
8832.
8833.
8833.
8834.
8834.
8833.
8834.
8834.
8833.
8833.
8833.
8834.
8833.
8834.
8833.
8834.
8834.
8835.
8835.
8835.
8835.
8834.
8834.
8834.
8834.
8833.
8834.
8833.
8834.
8833.
8835.
8833.
8833.
8831.
8831.
8833.
8831.
8830.
8831.
8829.
8827.
8826.
8828.
8827.
8828.
8827.
8826.
8824.
8825.
8825.
8824.
8825.
8823.
8824.
8822.
8820.
8819.
8818.
8817.
8817.
8817.
8814.
8813.
8812.
8810.
8807.
8809.
8808.
8807.
8807.
8805.
8804.
8801.
8802.
8802.
8800.
8797.
8795.
8794.
8793.
8790.
8791.
8788.
8786.
8786.
8784.
8783.
8781.
8779.
8778.
8777.
8774.
8773.
8771.
8772.
8769.
8768.
8767.
8766.
8765.
8761.
8759.
8757.
8755.
8754.
8752.
8750.
8747.
8745.
8746.
8744.
8744.
8743.
8742.
8741.
8743.
8742.
8741.
8741.
8741.
8740.
8739.
8739.
8739.
8739.
8739.
8737.
8737.
8736.
8736.
8736.
8736.
8736.
8736.
8736.
8736.
8736.
8735.
8736.
8736.
8734.
8733.
8733.
8733.
8731.
8732.
8731.
8731.
8730.
8729.
8729.
8728.
8726.
8726.
8724.
8724.
8722.
8722.
8722.
8721.
8719.
8717.
8717.
8717.
8717.
8717.
8716.
8716.
8712.
8711.
8711.
8709.
8709.
8705.
8704.
8702.
8701.
8700.
8695.
8694.
8690.
8687.
8682.
8677.
8672.
8670.
8667.
8661.
8658.
8658.
8653.
8650.
8646.
8643.
8642.
8639.
8636.
8633.
8630.
8626.
8622.
8620.
8616.
8613.
8607.
8606.
8604.
8602.
8599.
8596.
8594.
8593.
8591.
8588.
8588.
8587.
8585.
8584.
8584.
8583.
8584.
8584.
8584.
8586.
8589.
8590.
8595.
8598.
8601.
8605.
8610.
8615.
8622.
8626.
8633.
8640.
8645.
8652.
8657.
8663.
8668.
8674.
8681.
8687.
8694.
8702.
8710.
8717.
8724.
8731.
8738.
8745.
8749.
8757.
8763.
8768.
8774.
8780.
8788.
8794.
8799.
8805.
8811.
8816.
8819.
8825.
8829.
8834.
8837.
8839.
8841.
8844.
8844.
8844.
8845.
8845.
8845.
8844.
8841.
8841.
8840.
8839.
8839.
8838.
8836.
8836.
8836.
8836.
8836.
8836.
8835.
8836.
8834.
8834.
8833.
8832.
8830.
8829.
8830.
8832.
8828.
8828.
8826.
8826.
8824.
8824.
8823.
8823.
8823.
8821.
8820.
8820.
8819.
8818.
8818.
8818.
8816.
8817.
8816.
8815.
8814.
8814.
8813.
8812.
8811.
8810.
8808.
8809.
8805.
8804.
8806.
8806.
8807.
8807.
8808.
8808.
8807.
8808.
8809.
8810.
8809.
8809.
8811.
8812.
8812.
8812.
8812.
8814.
8814.
8814.
8816.
8817.
8817.
8816.
8817.
8817.
8817.
8817.
8819.
8818.
8817.
8817.
8819.
8821.
8819.
8819.
8823.
8823.
8823.
8824.
8824.
8824.
8824.
8825.
8827.
8829.
8829.
8833.
8835.
8835.
8836.
8838.
8842.
8844.
8844.
8846.
8851.
8853.
8855.
8859.
8863.
8866.
8869.
8871.
8876.
8879.
8882.
8885.
8888.
8893.
8894.
8898.
8900.
8902.
8903.
8904.
8908.
8910.
8911.
8913.
8914.
8913.
8913.
8911.
8910.
8905.
8902.
8900.
8896.
8891.
8888.
8884.
8880.
8878.
8875.
8872.
8872.
8872.
8867.
8866.
8868.
8866.
8863.
8862.
8863.
8863.
8862.
8861.
8862.
8862.
8861.
8860.
8861.
8861.
8860.
8862.
8862.
8862.
8862.
8862.
8862.
8863.
8862.
8863.
8862.
8865.
8863.
8864.
8863.
8865.
8863.
8864.
8864.
8865.
8864.
8862.
8861.
8863.
8862.
8862.
8861.
8861.
8859.
8858.
8859.
8857.
8857.
8856.
8854.
8852.
8852.
8851.
8851.
8849.
8847.
8846.
8845.
8844.
8843.
8842.
8841.
8841.
8838.
8837.
8837.
8836.
8833.
8831.
8833.
8831.
8828.
8827.
8826.
8825.
8822.
8822.
8820.
8819.
8817.
8814.
8814.
8810.
8810.
8808.
8807.
8806.
8804.
8804.
8803.
8801.
8798.
8796.
8798.
8797.
8795.
8796.
8794.
8793.
8792.
8790.
8790.
8790.
8789.
8788.
8789.
8789.
8788.
8789.
8790.
8790.
8790.
8790.
8789.
8791.
8790.
8792.
8792.
8794.
8794.
8793.
8796.
8797.
8795.
8798.
8800.
8803.
8802.
8802.
8803.
8804.
8804.
8804.
8804.
8805.
8805.
8806.
8810.
8810.
8810.
8811.
8813.
8814.
8815.
8815.
8817.
8819.
8820.
8821.
8824.
8826.
8827.
8829.
8831.
8834.
8834.
8837.
8841.
8844.
8845.
8848.
8850.
8853.
8855.
8857.
8860.
8862.
8864.
8866.
8868.
8868.
8866.
8862.
8860.
8857.
8852.
8849.
8844.
8844.
8840.
8837.
8835.
8834.
8834.
8836.
8837.
8836.
8837.
8839.
8841.
8842.
8842.
8844.
8845.
8846.
8847.
8849.
8852.
8857.
8858.
8861.
8863.
8865.
8864.
8867.
8868.
8870.
8870.
8870.
8871.
8872.
8871.
8871.
8870.
8871.
8869.
8870.
8869.
8869.
8867.
8867.
8868.
8867.
8867.
8865.
8865.
8865.
8863.
8864.
8864.
8864.
8863.
8862.
8861.
8862.
8861.
8860.
8859.
8859.
8858.
8858.
8860.
8857.
8856.
8857.
8856.
8856.
8856.
8858.
8858.
8857.
8857.
8855.
8856.
8855.
8854.
8854.
8854.
8854.
8853.
8852.
8852.
8851.
8849.
8849.
8848.
8848.
8846.
8845.
8844.
8846.
8844.
8842.
8841.
8839.
8839.
8838.
8837.
8838.
8836.
8834.
8833.
8834.
8832.
8830.
8830.
8828.
8827.
8826.
8828.
8826.
8825.
8823.
8826.
8824.
8823.
8823.
8822.
8822.
8822.
8820.
8822.
8821.
8821.
8822.
8822.
8822.
8821.
8824.
8824.
8824.
8823.
8823.
8824.
8825.
8825.
8826.
8826.
8826.
8827.
8828.
8829.
8830.
8831.
8831.
8831.
8831.
8833.
8831.
8834.
8835.
8835.
8836.
8836.
8837.
8837.
8839.
8840.
8841.
8838.
8839.
8841.
8844.
8842.
8845.
8845.
8848.
8847.
8849.
8850.
8852.
8851.
8853.
8854.
8856.
8857.
8858.
8859.
8861.
8862.
8861.
8863.
8866.
8865.
8868.
8868.
8870.
8871.
8871.
8873.
8875.
8876.
8875.
8875.
8876.
8873.
8871.
8867.
8864.
8856.
8849.
8843.
8834.
8825.
8818.
8810.
8801.
8795.
8788.
8780.
8772.
8765.
8758.
8752.
8744.
8738.
8733.
8729.
8724.
8721.
8716.
8713.
8710.
8709.
8706.
8704.
8702.
8700.
8701.
8702.
8702.
8702.
8703.
8706.
8708.
8710.
8716.
8720.
8723.
8725.
8727.
8732.
8735.
8740.
8743.
8747.
8751.
8755.
8758.
8761.
8764.
8768.
8769.
8772.
8774.
8776.
8777.
8778.
8779.
8779.
8780.
8780.
8780.
8780.
8781.
8782.
8782.
8780.
8781.
8782.
8783.
8782.
8782.
8782.
8781.
8780.
8782.
8782.
8783.
8782.
8782.
8781.
8780.
8779.
8780.
8780.
8780.
8779.
8778.
8780.
8779.
8778.
8778.
8777.
8777.
8774.
8774.
8773.
8773.
8770.
8770.
8768.
8768.
8768.
8766.
8767.
8766.
8763.
8763.
8763.
8760.
8759.
8759.
8759.
8757.
8756.
8755.
8753.
8752.
8752.
8751.
8750.
8751.
8749.
8748.
8746.
8745.
8745.
8744.
8743.
8742.
8741.
8740.
8739.
8740.
8739.
8739.
8738.
8738.
8738.
8738.
8738.
8738.
8737.
8737.
8737.
8737.
8737.
8737.
8737.
8738.
8737.
8739.
8740.
8739.
8740.
8740.
8741.
8743.
8742.
8743.
8744.
8741.
8744.
8745.
8746.
8747.
8746.
8748.
8747.
8749.
8748.
8749.
8751.
8751.
8750.
8751.
8752.
8754.
8753.
8755.
8756.
8756.
8756.
8755.
8755.
8756.
8757.
8756.
8759.
8759.
8760.
8760.
8760.
8762.
8762.
8763.
8763.
8764.
8766.
8766.
8767.
8768.
8769.
8770.
8772.
8774.
8774.
8775.
8775.
8776.
8775.
8774.
8772.
8771.
8765.
8762.
8755.
8753.
8746.
8741.
8735.
8731.
8725.
8719.
8714.
8710.
8703.
8698.
8696.
8691.
8688.
8683.
8680.
8677.
8674.
8672.
8669.
8666.
8662.
8661.
8657.
8654.
8652.
8650.
8645.
8644.
8640.
8640.
8641.
8641.
8640.
8642.
8643.
8643.
8644.
8646.
8650.
8653.
8656.
8659.
8663.
8664.
8668.
8670.
8670.
8671.
8671.
8673.
8673.
8676.
8675.
8675.
8677.
8676.
8676.
8677.
8677.
8676.
8676.
8677.
8677.
8677.
8676.
8677.
8678.
8677.
8676.
8677.
8678.
8678.
8679.
8678.
8678.
8679.
8678.
8680.
8680.
8680.
8679.
8682.
8682.
8681.
8681.
8680.
8681.
8682.
8680.
8680.
8680.
8681.
8679.
8679.
8678.
8679.
8678.
8678.
8678.
8677.
8677.
8678.
8677.
8676.
8675.
8675.
8675.
8674.
8673.
8673.
8673.
8673.
8672.
8671.
8670.
8669.
8668.
8666.
8666.
8664.
8663.
8663.
8661.
8661.
8660.
8660.
8659.
8659.
8658.
8658.
8656.
8655.
8655.
8653.
8654.
8653.
8652.
8653.
8651.
8651.
8652.
8651.
8650.
8650.
8649.
8650.
8649.
8649.
8650.
8651.
8649.
8649.
8650.
8650.
8651.
8651.
8651.
8651.
8652.
8652.
8652.
8653.
8651.
8652.
8654.
8655.
8654.
8655.
8655.
8656.
8657.
8657.
8656.
8659.
8658.
8659.
8659.
8659.
8660.
8659.
8659.
8661.
8660.
8660.
8659.
8662.
8662.
8662.
8663.
8664.
8665.
8665.
8668.
8669.
8669.
8669.
8670.
8673.
8674.
8677.
8677.
8679.
8679.
8682.
8684.
8687.
8687.
8691.
8692.
8695.
8699.
8700.
8701.
8704.
8705.
8708.
8708.
8707.
8704.
8702.
8700.
8697.
8694.
8692.
8687.
8685.
8683.
8682.
8681.
8680.
8680.
8681.
8679.
8681.
8681.
8681.
8680.
8680.
8681.
8682.
8682.
8682.
8682.
8682.
8681.
8681.
8681.
8681.
8682.
8681.
8682.
8683.
8681.
8682.
8683.
8681.
8682.
8683.
8682.
8684.
8684.
8684.
8685.
8686.
8684.
8688.
8688.
8689.
8686.
8687.
8687.
8688.
8688.
8689.
8689.
8690.
8688.
8691.
8691.
8691.
8689.
8692.
8691.
8693.
8694.
8693.
8692.
8693.
8691.
8692.
8693.
8692.
8692.
8692.
8692.
8690.
8691.
8691.
8689.
8690.
8688.
8689.
8689.
8688.
8685.
8686.
8687.
8686.
8685.
8684.
8685.
8684.
8684.
8686.
8684.
8685.
8683.
8683.
8683.
8682.
8680.
8680.
8680.
8679.
8678.
8676.
8677.
8677.
8675.
8675.
8675.
8674.
8674.
8675.
8673.
8674.
8673.
8674.
8672.
8672.
8672.
8674.
8674.
8674.
8673.
8673.
8672.
8672.
8672.
8672.
8673.
8672.
8672.
8672.
8673.
8672.
8672.
8674.
8673.
8673.
8673.
8673.
8673.
8672.
8672.
8672.
8672.
8672.
8671.
8672.
8672.
8672.
8671.
8671.
8669.
8669.
8668.
8667.
8667.
8666.
8666.
8666.
8666.
8664.
8664.
8662.
8663.
8662.
8661.
8661.
8659.
8659.
8656.
8657.
8656.
8656.
8654.
8654.
8655.
8655.
8651.
8653.
8652.
8651.
8649.
8650.
8650.
8650.
8648.
8648.
8646.
8647.
8647.
8647.
8645.
8645.
8644.
8643.
8643.
8642.
8639.
8640.
8638.
8638.
8636.
8635.
8635.
8632.
8627.
8623.
8620.
8617.
8615.
8610.
8606.
8605.
8602.
8598.
8593.
8589.
8585.
8580.
8575.
8573.
8568.
8565.
8561.
8559.
8554.
8550.
8547.
8546.
8543.
8540.
8541.
8539.
8540.
8540.
8540.
8541.
8540.
8541.
8544.
8545.
8547.
8549.
8554.
8556.
8560.
8565.
8569.
8576.
8581.
8587.
8593.
8602.
8610.
8618.
8625.
8635.
8642.
8649.
8658.
8667.
8675.
8682.
8693.
8702.
8711.
8720.
8728.
8737.
8749.
8758.
8767.
8775.
8784.
8791.
8801.
8811.
8820.
8828.
8836.
8844.
8850.
8856.
8865.
8873.
8878.
8886.
8894.
8899.
8906.
8910.
8914.
8921.
8923.
8926.
8928.
8931.
8933.
8933.
8934.
8934.
8935.
8934.
8935.
8936.
8936.
8936.
8935.
8934.
8933.
8933.
8934.
8936.
8935.
8932.
8933.
8934.
8934.
8935.
8934.
8936.
8935.
8934.
8934.
8935.
8932.
8933.
8933.
8934.
8934.
8931.
8932.
8931.
8930.
8931.
8931.
8930.
8930.
8929.
8928.
8928.
8928.
8928.
8927.
8929.
8928.
8928.
8927.
8927.
8926.
8926.
8926.
8926.
8925.
8923.
8922.
8922.
8921.
8922.
8921.
8922.
8921.
8919.
8920.
8920.
8919.
8919.
8921.
8921.
8921.
8920.
8920.
8920.
8920.
8920.
8921.
8920.
8920.
8920.
8921.
8921.
8922.
8922.
8924.
8925.
8923.
8923.
8925.
8923.
8925.
8926.
8925.
8926.
8926.
8927.
8928.
8927.
8926.
8926.
8927.
8926.
8925.
8925.
8924.
8924.
8924.
8924.
8922.
8923.
8924.
8924.
8924.
8924.
8923.
8924.
8922.
8923.
8924.
8923.
8923.
8923.
8921.
8923.
8923.
8924.
8924.
8924.
8924.
8924.
8922.
8922.
8922.
8918.
8916.
8913.
8910.
8907.
8905.
8899.
8896.
8892.
8888.
8886.
8882.
8879.
8876.
8873.
8870.
8867.
8865.
8864.
8856.
8853.
8849.
8845.
8840.
8838.
8837.
8834.
8830.
8830.
8827.
8826.
8825.
8822.
8822.
8820.
8818.
8818.
8817.
8818.
8818.
8819.
8821.
8823.
8825.
8827.
8830.
8833.
8839.
8843.
8847.
8850.
8855.
8859.
8862.
8866.
8871.
8876.
8879.
8885.
8892.
8900.
8906.
8914.
8921.
8928.
8937.
8946.
8953.
8960.
8966.
8974.
8981.
8987.
8993.
9001.
9007.
9015.
9020.
9025.
9029.
9036.
9041.
9043.
9046.
9050.
9052.
9055.
9058.
9061.
9064.
9066.
9068.
9069.
9067.
9068.
9068.
9068.
9067.
9067.
9066.
9067.
9067.
9067.
9066.
9062.
9061.
9062.
9061.
9060.
9059.
9061.
9058.
9058.
9057.
9056.
9055.
9055.
9052.
9053.
9051.
9049.
9049.
9049.
9047.
9046.
9045.
9044.
9044.
9043.
9042.
9042.
9042.
9040.
9039.
9039.
9039.
9036.
9035.
9032.
9033.
9032.
9030.
9032.
9030.
9030.
9029.
9028.
9027.
9026.
9025.
9023.
9024.
9024.
9021.
9020.
9019.
9018.
9017.
9017.
9016.
9016.
9016.
9014.
9015.
9014.
9014.
9013.
9013.
9012.
9013.
9013.
9013.
9014.
9014.
9014.
9014.
9014.
9013.
9013.
9015.
9015.
9014.
9014.
9014.
9015.
9016.
9015.
9016.
9015.
9015.
9016.
9017.
9016.
9014.
9014.
9014.
9013.
9013.
9012.
9014.
9011.
9012.
9012.
9014.
9013.
9012.
9012.
9013.
9014.
9012.
9012.
9012.
9011.
9011.
9013.
9011.
9010.
9010.
9009.
9009.
9010.
9009.
9009.
9008.
9008.
9007.
9007.
9004.
9003.
8999.
8995.
8988.
8982.
8974.
8964.
8953.
8941.
8931.
8922.
8913.
8904.
8895.
8885.
8876.
8866.
8855.
8845.
8836.
8827.
8818.
8809.
8801.
8793.
8782.
8774.
8767.
8760.
8754.
8751.
8748.
8744.
8740.
8739.
8737.
8736.
8736.
8734.
8735.
8734.
8734.
8736.
8738.
8740.
8745.
8749.
8751.
8756.
8760.
8764.
8772.
8778.
8782.
8787.
8792.
8796.
8800.
8804.
8810.
8814.
8818.
8820.
8823.
8824.
8825.
8825.
8827.
8827.
8828.
8826.
8826.
8826.
8827.
8827.
8826.
8827.
8827.
8826.
8827.
8828.
8828.
8827.
8829.
8830.
8829.
8830.
8830.
8829.
8830.
8830.
8831.
8832.
8830.
8831.
8831.
8832.
8832.
8833.
8833.
8834.
8831.
8832.
8833.
8832.
8830.
8830.
8831.
8832.
8830.
8829.
8829.
8830.
8829.
8829.
8828.
8826.
8823.
8823.
8822.
8822.
8818.
8817.
8817.
8816.
8815.
8813.
8814.
8813.
8811.
8808.
8811.
8806.
8805.
8803.
8804.
8803.
8800.
8799.
8799.
8799.
8798.
8799.
8799.
8799.
8800.
8798.
8801.
8800.
8802.
8802.
8801.
8801.
8801.
8800.
8801.
8801.
8800.
8799.
8800.
8801.
8799.
8799.
8800.
8800.
8798.
8796.
8796.
8797.
8795.
8795.
8795.
8794.
8795.
8794.
8794.
8794.
8793.
8792.
8792.
8792.
8792.
8791.
8791.
8790.
8787.
8789.
8790.
8789.
8788.
8788.
8789.
8789.
8788.
8788.
8789.
8789.
8790.
8787.
8789.
8791.
8791.
8791.
8792.
8793.
8793.
8795.
8795.
8796.
8796.
8796.
8797.
8797.
8796.
8796.
8798.
8797.
8797.
8799.
8800.
8800.
8797.
8798.
8798.
8799.
8796.
8797.
8797.
8795.
8793.
8792.
8791.
8789.
8788.
8787.
8784.
8783.
8782.
8781.
8781.
8779.
8778.
8778.
8779.
8778.
8776.
8776.
8778.
8776.
8776.
8778.
8778.
8778.
8779.
8779.
8781.
8783.
8782.
8784.
8784.
8783.
8783.
8783.
8784.
8784.
8783.
8785.
8784.
8784.
8784.
8785.
8787.
8787.
8786.
8787.
8786.
8788.
8786.
8786.
8786.
8787.
8785.
8786.
8786.
8788.
8785.
8786.
8786.
8787.
8787.
8786.
8786.
8784.
8786.
8786.
8786.
8786.
8786.
8786.
8785.
8786.
8786.
8786.
8784.
8785.
8784.
8784.
8785.
8784.
8783.
8782.
8782.
8782.
8780.
8780.
8779.
8780.
8778.
8779.
8778.
8776.
8775.
8775.
8773.
8772.
8771.
8770.
8770.
8769.
8769.
8768.
8768.
8767.
8766.
8766.
8764.
8764.
8764.
8763.
8762.
8763.
8763.
8761.
8762.
8763.
8760.
8760.
8761.
8763.
8760.
8759.
8760.
8760.
8760.
8760.
8760.
8760.
8758.
8759.
8757.
8760.
8759.
8759.
8760.
8760.
8759.
8759.
8761.
8763.
8761.
8761.
8763.
8763.
8763.
8765.
8763.
8764.
8763.
8764.
8765.
8767.
8766.
8765.
8766.
8766.
8767.
8768.
8770.
8770.
8768.
8768.
8769.
8770.
8770.
8772.
8774.
8773.
8773.
8774.
8775.
8776.
8775.
8776.
8776.
8778.
8780.
8780.
8781.
8781.
8782.
8784.
8787.
8786.
8787.
8788.
8790.
8791.
8793.
8792.
8795.
8798.
8798.
8802.
8804.
8806.
8808.
8811.
8812.
8815.
8817.
8818.
8820.
8821.
8823.
8824.
8827.
8829.
8828.
8829.
8831.
8831.
8831.
8832.
8832.
8834.
8834.
8834.
8833.
8831.
8830.
8827.
8823.
8817.
8810.
8805.
8800.
8792.
8788.
8783.
8774.
8770.
8764.
8760.
8757.
8752.
8746.
8742.
8740.
8734.
8729.
8724.
8720.
8716.
8714.
8711.
8706.
8705.
8702.
8700.
8699.
8696.
8694.
8693.
8694.
8693.
8692.
8693.
8694.
8694.
8693.
8694.
8694.
8695.
8696.
8697.
8699.
8701.
8702.
8706.
8709.
8712.
8714.
8719.
8722.
8725.
8727.
8731.
8735.
8737.
8739.
8742.
8745.
8746.
8748.
8749.
8751.
8751.
8750.
8751.
8751.
8752.
8751.
8752.
8752.
8753.
8752.
8753.
8755.
8754.
8752.
8753.
8754.
8753.
8754.
8754.
8754.
8754.
8754.
8754.
8754.
8754.
8753.
8754.
8754.
8754.
8753.
8753.
8755.
8755.
8753.
8753.
8754.
8752.
8752.
8751.
8754.
8753.
8752.
8753.
8753.
8752.
8752.
8752.
8751.
8751.
8751.
8750.
8750.
8750.
8749.
8749.
8750.
8750.
8747.
8748.
8746.
8746.
8745.
8744.
8744.
8745.
8742.
8743.
8743.
8742.
8741.
8741.
8741.
8740.
8738.
8738.
8737.
8738.
8735.
8736.
8737.
8737.
8736.
8737.
8736.
8738.
8737.
8737.
8738.
8738.
8740.
8739.
8741.
8741.
8741.
8743.
8743.
8744.
8744.
8746.
8746.
8746.
8746.
8747.
8749.
8751.
8749.
8751.
8752.
8753.
8753.
8755.
8754.
8756.
8756.
8758.
8759.
8759.
8760.
8760.
8760.
8763.
8762.
8763.
8766.
8766.
8768.
8768.
8770.
8771.
8772.
8775.
8776.
8777.
8778.
8779.
8782.
8784.
8786.
8788.
8790.
8794.
8793.
8795.
8798.
8799.
8803.
8803.
8805.
8810.
8811.
8812.
8815.
8819.
8820.
8823.
8827.
8829.
8830.
8832.
8833.
8834.
8834.
8835.
8837.
8838.
8840.
8840.
8841.
8843.
8843.
8845.
8846.
8849.
8849.
8850.
8851.
8854.
8853.
8855.
8857.
8859.
8859.
8858.
8861.
8862.
8860.
8860.
8862.
8861.
8861.
8861.
8861.
8860.
8858.
8860.
8860.
8860.
8859.
8859.
8858.
8859.
8858.
8857.
8857.
8858.
8856.
8855.
8854.
8853.
8851.
8852.
8850.
8852.
8851.
8849.
8850.
8849.
8846.
8846.
8844.
8844.
8844.
8843.
8843.
8841.
8841.
8842.
8841.
8840.
8840.
8840.
8839.
8837.
8837.
8836.
8836.
8836.
8834.
8833.
8833.
8830.
8829.
8828.
8827.
8827.
8826.
8826.
8824.
8823.
8822.
8820.
8818.
8817.
8815.
8815.
8814.
8812.
8811.
8811.
8810.
8809.
8808.
8808.
8807.
8804.
8803.
8802.
8801.
8800.
8799.
8796.
8797.
8796.
8795.
8794.
8794.
8795.
8795.
8793.
8791.
8790.
8790.
8791.
8791.
8790.
8791.
8790.
8788.
8788.
8788.
8788.
8786.
8787.
8787.
8787.
8788.
8787.
8786.
8785.
8786.
8785.
8784.
8784.
8784.
8785.
8784.
8783.
8784.
8785.
8784.
8785.
8784.
8786.
8785.
8787.
8788.
8787.
8789.
8788.
8789.
8791.
8790.
8790.
8792.
8793.
8792.
8793.
8794.
8794.
8792.
8793.
8792.
8793.
8792.
8793.
8793.
8794.
8792.
8793.
8792.
8793.
8790.
8791.
8792.
8791.
8790.
8789.
8788.
8786.
8783.
8778.
8774.
8770.
8765.
8762.
8759.
8755.
8749.
8748.
8746.
8743.
8740.
8739.
8736.
8733.
8732.
8731.
8730.
8728.
8727.
8727.
8727.
8726.
8721.
8721.
8721.
8719.
8716.
8715.
8715.
8714.
8714.
8713.
8714.
8711.
8712.
8712.
8710.
8709.
8708.
8708.
8708.
8706.
8706.
8706.
8706.
8706.
8705.
8707.
8708.
8709.
8711.
8714.
8718.
8721.
8724.
8728.
8731.
8733.
8735.
8739.
8742.
8746.
8750.
8752.
8757.
8760.
8764.
8769.
8772.
8778.
8780.
8785.
8789.
8793.
8798.
8802.
8807.
8811.
8814.
8819.
8823.
8827.
8831.
8833.
8836.
8840.
8841.
8841.
8842.
8842.
8841.
8841.
8841.
8843.
8840.
8838.
8839.
8838.
8837.
8834.
8834.
8834.
8831.
8829.
8829.
8829.
8828.
8827.
8826.
8825.
8824.
8825.
8824.
8822.
8823.
8820.
8820.
8819.
8817.
8817.
8815.
8816.
8814.
8814.
8813.
8813.
8813.
8809.
8809.
8809.
8807.
8806.
8807.
8807.
8804.
8803.
8803.
8802.
8799.
8798.
8798.
8799.
8797.
8796.
8795.
8794.
8792.
8792.
8791.
8790.
8789.
8789.
8790.
8788.
8786.
8784.
8786.
8784.
8784.
8784.
8784.
8784.
8782.
8783.
8782.
8782.
8781.
8781.
8782.
8782.
8782.
8784.
8783.
8783.
8783.
8784.
8784.
8784.
8785.
8785.
8786.
8786.
8785.
8786.
8787.
8787.
8786.
8786.
8786.
8786.
8785.
8787.
8787.
8787.
8785.
8784.
8785.
8786.
8785.
8786.
8786.
8787.
8786.
8785.
8786.
8787.
8786.
8787.
8786.
8788.
8788.
8789.
8791.
8793.
8794.
8795.
8796.
8797.
8798.
8801.
8802.
8802.
8804.
8805.
8807.
8807.
8807.
8808.
8808.
8811.
8810.
8812.
8813.
8815.
8815.
8815.
8815.
8818.
8818.
8819.
8820.
8820.
8821.
8822.
8824.
8825.
8825.
8825.
8826.
8827.
8827.
8827.
8827.
8826.
8827.
8825.
8825.
8824.
8825.
8825.
8825.
8825.
8827.
8825.
8825.
8826.
8825.
8823.
8825.
8826.
8826.
8826.
8826.
8827.
8826.
8827.
8828.
8828.
8828.
8828.
8829.
8830.
8830.
8830.
8832.
8833.
8832.
8832.
8832.
8833.
8833.
8833.
8831.
8833.
8832.
8832.
8832.
8833.
8833.
8833.
8833.
8832.
8832.