8541.
8541.
8540.
8540.
8540.
8540.
8540.
8540.
8540.
8540.
8540.
8540.
8538.
8540.
8540.
8541.
8540.
8541.
8541.
8539.
8539.
8539.
8540.
8540.
8539.
8540.
8540.
8540.
8540.
8540.
8540.
8540.
8540.
8540.
8539.
8540.
8540.
8540.
8540.
8541.
8540.
8540.
8540.
8541.
8540.
8541.
8542.
8540.
8541.
8541.
8541.
8541.
8542.
8540.
8541.
8540.
8542.
8542.
8542.
8542.
8540.
8540.
8542.
8540.
8541.
8541.
8541.
8540.
8540.
8542.
8543.
8542.
8543.
8543.
8542.
8541.
8542.
8543.
8541.
8542.
8542.
8541.
8540.
8540.
8541.
8540.
8542.
8541.
8542.
8542.
8541.
8542.
8541.
8541.
8542.
8541.
8540.
8542.
8542.
8542.
8544.
8545.
8548.
8549.
8553.
8553.
8555.
8555.
8555.
8555.
8558.
8559.
8559.
8558.
8557.
8558.
8558.
8558.
8558.
8558.
8558.
8557.
8558.
8558.
8559.
8559.
8559.
8561.
8561.
8561.
8561.
8561.
8563.
8563.
8564.
8563.
8564.
8564.
8565.
8567.
8566.
8566.
8567.
8568.
8570.
8569.
8571.
8571.
8571.
8572.
8572.
8574.
8574.
8575.
8575.
8575.
8576.
8576.
8577.
8577.
8578.
8579.
8579.
8581.
8580.
8581.
8582.
8582.
8582.
8583.
8585.
8584.
8585.
8586.
8587.
8586.
8587.
8589.
8588.
8588.
8590.
8590.
8591.
8590.
8592.
8593.
8592.
8593.
8594.
8593.
8596.
8595.
8595.
8595.
8598.
8597.
8597.
8599.
8598.
8599.
8600.
8601.
8600.
8601.
8602.
8602.
8604.
8603.
8604.
8605.
8604.
8605.
8606.
8606.
8607.
8606.
8608.
8608.
8606.
8604.
8604.
8603.
8601.
8598.
8596.
8595.
8593.
8592.
8591.
8591.
8590.
8592.
8591.
8592.
8594.
8593.
8593.
8595.
8593.
8594.
8596.
8596.
8596.
8595.
8596.
8598.
8598.
8598.
8598.
8598.
8599.
8597.
8599.
8600.
8599.
8599.
8600.
8599.
8600.
8600.
8600.
8599.
8600.
8600.
8599.
8599.
8600.
8600.
8600.
8600.
8601.
8600.
8601.
8601.
8602.
8600.
8601.
8601.
8598.
8599.
8600.
8599.
8599.
8599.
8598.
8598.
8599.
8598.
8597.
8598.
8597.
8596.
8596.
8596.
8595.
8594.
8594.
8594.
8594.
8593.
8592.
8591.
8591.
8590.
8592.
8590.
8589.
8589.
8587.
8589.
8589.
8590.
8591.
8593.
8594.
8594.
8595.
8595.
8595.
8594.
8595.
8593.
8593.
8594.
8592.
8592.
8592.
8592.
8591.
8591.
8592.
8591.
8593.
8592.
8591.
8591.
8591.
8591.
8592.
8590.
8591.
8592.
8592.
8591.
8591.
8592.
8591.
8592.
8591.
8592.
8592.
8592.
8593.
8594.
8593.
8594.
8593.
8594.
8595.
8594.
8593.
8594.
8594.
8594.
8595.
8594.
8595.
8596.
8595.
8597.
8597.
8597.
8596.
8597.
8597.
8598.
8598.
8598.
8597.
8598.
8598.
8599.
8598.
8600.
8600.
8600.
8600.
8600.
8600.
8600.
8601.
8601.
8601.
8602.
8602.
8601.
8604.
8603.
8603.
8603.
8602.
8604.
8605.
8603.
8604.
8604.
8604.
8605.
8605.
8605.
8605.
8605.
8606.
8605.
8607.
8606.
8606.
8605.
8605.
8606.
8605.
8604.
8603.
8602.
8600.
8600.
8600.
8598.
8596.
8596.
8596.
8594.
8595.
8594.
8595.
8594.
8595.
8594.
8595.
8594.
8595.
8594.
8594.
8594.
8594.
8594.
8594.
8593.
8592.
8592.
8591.
8591.
8591.
8590.
8590.
8590.
8591.
8589.
8588.
8588.
8589.
8588.
8587.
8586.
8586.
8586.
8585.
8584.
8584.
8584.
8584.
8581.
8581.
8579.
8579.
8578.
8579.
8575.
8575.
8575.
8574.
8573.
8572.
8571.
8569.
8569.
8567.
8567.
8566.
8563.
8563.
8561.
8560.
8561.
8559.
8557.
8556.
8555.
8554.
8553.
8552.
8549.
8550.
8547.
8547.
8546.
8545.
8544.
8540.
8540.
8539.
8538.
8537.
8534.
8534.
8531.
8531.
8528.
8527.
8526.
8524.
8523.
8523.
8520.
8520.
8519.
8519.
8516.
8515.
8513.
8512.
8511.
8510.
8510.
8508.
8509.
8507.
8505.
8506.
8505.
8504.
8503.
8504.
8502.
8502.
8499.
8501.
8500.
8500.
8498.
8498.
8498.
8497.
8498.
8499.
8497.
8496.
8495.
8496.
8495.
8494.
8494.
8495.
8494.
8493.
8494.
8494.
8494.
8493.
8492.
8493.
8492.
8490.
8491.
8492.
8491.
8491.
8491.
8492.
8493.
8490.
8490.
8491.
8490.
8490.
8489.
8491.
8489.
8489.
8489.
8489.
8489.
8488.
8489.
8490.
8489.
8487.
8487.
8489.
8488.
8489.
8488.
8489.
8489.
8489.
8490.
8490.
8489.
8489.
8490.
8490.
8490.
8488.
8489.
8490.
8490.
8492.
8490.
8491.
8491.
8490.
8490.
8491.
8490.
8489.
8490.
8490.
8490.
8489.
8489.
8490.
8491.
8490.
8491.
8491.
8490.
8489.
8489.
8491.
8490.
8491.
8491.
8491.
8491.
8491.
8490.
8492.
8492.
8492.
8490.
8491.
8491.
8490.
8490.
8491.
8491.
8490.
8490.
8491.
8490.
8491.
8489.
8492.
8491.
8491.
8492.
8491.
8491.
8491.
8491.
8491.
8492.
8492.
8492.
8492.
8492.
8492.
8493.
8494.
8492.
8492.
8493.
8493.
8494.
8493.
8493.
8494.
8493.
8493.
8493.
8495.
8494.
8494.
8494.
8494.
8496.
8495.
8495.
8495.
8496.
8494.
8494.
8494.
8495.
8495.
8496.
8498.
8496.
8496.
8496.
8498.
8497.
8497.
8499.
8499.
8497.
8498.
8498.
8500.
8497.
8494.
8491.
8489.
8487.
8485.
8482.
8480.
8480.
8477.
8477.
8477.
8474.
8473.
8473.
8475.
8473.
8474.
8475.
8476.
8478.
8478.
8479.
8480.
8478.
8479.
8479.
8481.
8480.
8479.
8479.
8479.
8480.
8481.
8480.
8481.
8480.
8481.
8481.
8481.
8480.
8480.
8480.
8480.
8480.
8481.
8480.
8480.
8480.
8480.
8481.
8481.
8480.
8480.
8481.
8481.
8480.
8481.
8480.
8481.
8480.
8482.
8481.
8482.
8480.
8481.
8481.
8480.
8481.
8480.
8482.
8480.
8480.
8479.
8480.
8480.
8479.
8479.
8480.
8480.
8479.
8480.
8480.
8480.
8478.
8478.
8477.
8479.
8478.
8478.
8478.
8477.
8477.
8477.
8477.
8479.
8476.
8477.
8476.
8477.
8475.
8476.
8475.
8476.
8476.
8476.
8475.
8475.
8474.
8473.
8474.
8474.
8473.
8470.
8472.
8472.
8472.
8470.
8470.
8471.
8471.
8470.
8469.
8468.
8468.
8470.
8471.
8474.
8474.
8476.
8477.
8477.
8477.
8477.
8477.
8478.
8479.
8477.
8477.
8478.
8478.
8478.
8478.
8478.
8478.
8478.
8478.
8478.
8477.
8478.
8480.
8479.
8478.
8479.
8480.
8480.
8478.
8478.
8480.
8480.
8478.
8479.
8480.
8481.
8480.
8480.
8480.
8482.
8482.
8482.
8482.
8483.
8483.
8483.
8484.
8485.
8485.
8485.
8484.
8486.
8486.
8486.
8486.
8486.
8483.
8485.
8486.
8485.
8485.
8486.
8486.
8487.
8486.
8486.
8487.
8487.
8487.
8486.
8486.
8487.
8487.
8488.
8487.
8488.
8487.
8487.
8488.
8488.
8488.
8489.
8487.
8488.
8488.
8488.
8487.
8487.
8485.
8487.
8485.
8485.
8486.
8485.
8484.
8486.
8484.
8484.
8484.
8486.
8485.
8483.
8484.
8484.
8482.
8483.
8483.
8483.
8482.
8483.
8481.
8482.
8481.
8482.
8481.
8482.
8481.
8482.
8481.
8480.
8480.
8481.
8482.
8482.
8482.
8482.
8481.
8481.
8481.
8481.
8482.
8483.
8480.
8482.
8482.
8483.
8483.
8483.
8484.
8484.
8483.
8484.
8482.
8483.
8481.
8482.
8482.
8482.
8479.
8479.
8478.
8478.
8475.
8476.
8475.
8474.
8473.
8474.
8473.
8474.
8473.
8474.
8474.
8475.
8475.
8476.
8477.
8478.
8478.
8478.
8478.
8479.
8478.
8477.
8479.
8477.
8477.
8478.
8478.
8479.
8478.
8479.
8480.
8479.
8479.
8479.
8478.
8480.
8479.
8479.
8479.
8479.
8478.
8478.
8477.
8477.
8478.
8476.
8477.
8477.
8475.
8476.
8476.
8478.
8475.
8475.
8474.
8475.
8475.
8475.
8474.
8476.
8474.
8473.
8472.
8473.
8472.
8474.
8472.
8471.
8469.
8469.
8469.
8469.
8467.
8466.
8467.
8467.
8465.
8465.
8466.
8466.
8465.
8464.
8461.
8460.
8458.
8458.
8457.
8458.
8456.
8456.
8455.
8455.
8454.
8452.
8452.
8453.
8451.
8450.
8449.
8448.
8446.
8446.
8447.
8448.
8445.
8443.
8444.
8444.
8441.
8442.
8441.
8440.
8440.
8439.
8439.
8439.
8440.
8438.
8438.
8437.
8435.
8436.
8435.
8437.
8437.
8435.
8436.
8436.
8436.
8435.
8436.
8435.
8433.
8432.
8434.
8434.
8432.
8435.
8435.
8433.
8432.
8433.
8433.
8434.
8433.
8433.
8433.
8435.
8435.
8435.
8436.
8435.
8433.
8433.
8434.
8434.
8434.
8435.
8435.
8434.
8434.
8434.
8435.
8435.
8434.
8434.
8434.
8436.
8435.
8436.
8435.
8435.
8434.
8433.
8434.
8434.
8433.
8433.
8433.
8434.
8433.
8433.
8433.
8433.
8434.
8434.
8433.
8434.
8433.
8432.
8433.
8434.
8433.
8433.
8432.
8432.
8431.
8432.
8432.
8432.
8430.
8430.
8431.
8432.
8430.
8431.
8431.
8431.
8431.
8431.
8430.
8431.
8428.
8428.
8428.
8429.
8428.
8427.
8428.
8428.
8428.
8426.
8426.
8425.
8424.
8425.
8424.
8423.
8424.
8422.
8422.
8421.
8420.
8421.
8420.
8421.
8419.
8418.
8419.
8420.
8420.
8419.
8420.
8420.
8420.
8420.
8420.
8420.
8418.
8419.
8420.
8419.
8418.
8415.
8416.
8415.
8414.
8415.
8415.
8414.
8413.
8413.
8413.
8412.
8412.
8411.
8411.
8410.
8409.
8409.
8409.
8408.
8408.
8406.
8407.
8405.
8403.
8403.
8404.
8403.
8403.
8403.
8402.
8403.
8400.
8401.
8399.
8400.
8399.
8398.
8397.
8398.
8397.
8395.
8395.
8395.
8392.
8392.
8393.
8391.
8390.
8391.
8390.
8390.
8388.
8387.
8386.
8385.
8385.
8383.
8385.
8384.
8382.
8382.
8381.
8381.
8380.
8380.
8379.
8378.
8378.
8376.
8376.
8377.
8375.
8373.
8371.
8372.
8369.
8370.
8370.
8370.
8368.
8367.
8369.
8369.
8369.
8371.
8374.
8375.
8375.
8378.
8379.
8379.
8376.
8375.
8376.
8374.
8374.
8372.
8372.
8372.
8371.
8371.
8370.
8369.
8369.
8368.
8370.
8370.
8367.
8367.
8367.
8367.
8366.
8367.
8368.
8365.
8366.
8366.
8365.
8366.
8365.
8366.
8366.
8365.
8364.
8365.
8367.
8366.
8366.
8365.
8367.
8366.
8364.
8365.
8364.
8365.
8365.
8366.
8365.
8364.
8363.
8362.
8363.
8364.
8363.
8363.
8362.
8362.
8361.
8361.
8361.
8361.
8361.
8360.
8361.
8361.
8360.
8361.
8361.
8362.
8359.
8361.
8361.
8362.
8360.
8360.
8361.
8360.
8362.
8362.
8361.
8362.
8360.
8359.
8362.
8361.
8361.
8362.
8361.
8362.
8361.
8363.
8363.
8363.
8360.
8361.
8362.
8362.
8360.
8361.
8361.
8361.
8360.
8361.
8361.
8361.
8360.
8362.
8364.
8362.
8362.
8362.
8363.
8362.
8362.
8363.
8361.
8361.
8359.
8358.
8358.
8355.
8353.
8353.
8351.
8351.
8352.
8352.
8353.
8352.
8352.
8353.
8355.
8355.
8357.
8358.
8360.
8360.
8359.
8358.
8360.
8361.
8361.
8362.
8363.
8363.
8362.
8363.
8365.
8364.
8364.
8364.
8365.
8364.
8362.
8362.
8363.
8363.
8363.
8363.
8364.
8365.
8362.
8362.
8364.
8363.
8363.
8362.
8362.
8362.
8361.
8362.
8362.
8363.
8363.
8362.
8362.
8362.
8361.
8360.
8362.
8360.
8360.
8358.
8359.
8358.
8358.
8359.
8359.
8357.
8357.
8356.
8358.
8357.
8356.
8358.
8359.
8359.
8361.
8364.
8365.
8366.
8367.
8367.
8367.
8367.
8364.
8365.
8365.
8365.
8364.
8365.
8365.
8364.
8364.
8364.
8364.
8364.
8364.
8364.
8363.
8363.
8364.
8362.
8364.
8364.
8362.
8364.
8364.
8364.
8363.
8362.
8363.
8363.
8361.
8361.
8364.
8364.
8363.
8364.
8365.
8365.
8363.
8364.
8365.
8364.
8362.
8362.
8363.
8364.
8363.
8365.
8363.
8364.
8364.
8365.
8364.
8364.
8364.
8364.
8363.
8365.
8364.
8363.
8365.
8365.
8365.
8365.
8365.
8365.
8365.
8364.
8365.
8366.
8365.
8365.
8365.
8366.
8366.
8366.
8368.
8368.
8367.
8367.
8368.
8369.
8368.
8368.
8367.
8368.
8368.
8368.
8369.
8368.
8369.
8369.
8370.
8370.
8371.
8370.
8369.
8372.
8371.
8372.
8373.
8373.
8373.
8373.
8373.
8375.
8375.
8375.
8375.
8377.
8377.
8378.
8378.
8379.
8378.
8379.
8380.
8380.
8380.
8380.
8382.
8381.
8382.
8383.
8384.
8384.
8383.
8384.
8386.
8386.
8385.
8385.
8387.
8387.
8389.
8389.
8390.
8392.
8391.
8392.
8394.
8397.
8397.
8399.
8400.
8402.
8403.
8403.
8405.
8407.
8407.
8407.
8409.
8411.
8411.
8412.
8411.
8413.
8413.
8414.
8416.
8418.
8416.
8419.
8419.
8419.
8421.
8420.
8421.
8422.
8421.
8420.
8421.
8423.
8423.
8424.
8423.
8422.
8422.
8421.
8423.
8424.
8423.
8421.
8423.
8422.
8420.
8420.
8421.
8420.
8419.
8417.
8418.
8419.
8419.
8418.
8418.
8419.
8415.
8415.
8415.
8414.
8412.
8412.
8412.
8411.
8409.
8408.
8408.
8408.
8408.
8407.
8405.
8406.
8403.
8402.
8401.
8401.
8398.
8397.
8397.
8396.
8395.
8394.
8394.
8393.
8392.
8391.
8390.
8390.
8390.
8388.
8387.
8385.
8386.
8386.
8385.
8385.
8384.
8385.
8385.
8384.
8383.
8382.
8384.
8385.
8384.
8383.
8385.
8384.
8383.
8382.
8384.
8385.
8383.
8382.
8383.
8384.
8383.
8383.
8384.
8385.
8383.
8383.
8384.
8385.
8384.
8384.
8385.
8385.
8384.
8385.
8386.
8387.
8387.
8385.
8387.
8388.
8388.
8389.
8390.
8389.
8389.
8390.
8390.
8392.
8392.
8393.
8396.
8397.
8396.
8396.
8397.
8399.
8398.
8398.
8400.
8401.
8401.
8402.
8402.
8404.
8406.
8405.
8406.
8407.
8408.
8409.
8409.
8410.
8411.
8412.
8414.
8413.
8414.
8415.
8416.
8418.
8418.
8418.
8419.
8420.
8421.
8422.
8423.
8424.
8425.
8426.
8427.
8428.
8431.
8430.
8432.
8434.
8435.
8436.
8437.
8441.
8440.
8442.
8444.
8446.
8447.
8447.
8448.
8451.
8452.
8453.
8456.
8458.
8459.
8459.
8460.
8462.
8463.
8465.
8467.
8467.
8469.
8471.
8473.
8475.
8476.
8476.
8477.
8479.
8479.
8479.
8480.
8482.
8482.
8484.
8485.
8486.
8487.
8488.
8487.
8488.
8488.
8486.
8487.
8486.
8485.
8483.
8483.
8480.
8475.
8474.
8471.
8469.
8466.
8466.
8462.
8460.
8460.
8457.
8453.
8453.
8451.
8450.
8447.
8446.
8443.
8442.
8440.
8438.
8437.
8436.
8435.
8435.
8435.
8435.
8436.
8437.
8438.
8441.
8443.
8448.
8451.
8455.
8459.
8463.
8465.
8467.
8470.
8474.
8476.
8479.
8480.
8484.
8486.
8489.
8492.
8494.
8494.
8496.
8498.
8500.
8499.
8500.
8501.
8502.
8502.
8503.
8504.
8504.
8503.
8504.
8503.
8505.
8504.
8506.
8505.
8506.
8505.
8505.
8504.
8504.
8503.
8504.
8504.
8504.
8504.
8503.
8502.
8500.
8498.
8497.
8496.
8495.
8494.
8494.
8492.
8492.
8490.
8488.
8487.
8486.
8484.
8482.
8480.
8478.
8475.
8473.
8472.
8471.
8468.
8469.
8469.
8466.
8466.
8464.
8463.
8465.
8462.
8462.
8462.
8463.
8460.
8461.
8461.
8461.
8461.
8461.
8461.
8461.
8461.
8460.
8461.
8461.
8462.
8462.
8462.
8462.
8461.
8461.
8462.
8463.
8462.
8462.
8463.
8463.
8463.
8462.
8464.
8465.
8466.
8467.
8468.
8470.
8471.
8471.
8472.
8472.
8472.
8470.
8470.
8471.
8470.
8470.
8469.
8468.
8468.
8468.
8467.
8467.
8466.
8465.
8465.
8465.
8465.
8466.
8465.
8466.
8465.
8465.
8464.
8465.
8465.
8464.
8464.
8464.
8464.
8465.
8465.
8465.
8465.
8466.
8466.
8467.
8466.
8467.
8468.
8469.
8468.
8468.
8467.
8467.
8469.
8468.
8469.
8469.
8469.
8469.
8470.
8470.
8469.
8469.
8469.
8470.
8470.
8470.
8470.
8471.
8470.
8470.
8471.
8471.
8471.
8472.
8473.
8473.
8472.
8471.
8472.
8473.
8473.
8472.
8473.
8474.
8474.
8474.
8473.
8475.
8473.
8474.
8474.
8475.
8474.
8474.
8475.
8476.
8476.
8475.
8476.
8476.
8477.
8477.
8476.
8474.
8475.
8475.
8475.
8477.
8476.
8475.
8477.
8479.
8478.
8477.
8477.
8478.
8478.
8479.
8479.
8479.
8479.
8480.
8481.
8482.
8480.
8482.
8482.
8482.
8482.
8480.
8483.
8483.
8483.
8484.
8482.
8484.
8483.
8485.
8484.
8485.
8486.
8486.
8486.
8486.
8486.
8487.
8486.
8488.
8486.
8488.
8489.
8489.
8487.
8488.
8490.
8490.
8488.
8490.
8490.
8491.
8488.
8489.
8490.
8491.
8489.
8491.
8491.
8491.
8489.
8490.
8491.
8490.
8489.
8489.
8488.
8488.
8486.
8484.
8481.
8480.
8478.
8476.
8472.
8472.
8470.
8468.
8467.
8467.
8467.
8466.
8467.
8467.
8467.
8465.
8465.
8465.
8464.
8464.
8466.
8465.
8464.
8463.
8462.
8464.
8464.
8462.
8461.
8461.
8461.
8461.
8460.
8459.
8459.
8459.
8459.
8458.
8457.
8459.
8457.
8458.
8457.
8457.
8457.
8456.
8455.
8453.
8453.
8454.
8453.
8452.
8453.
8453.
8451.
8452.
8452.
8452.
8450.
8450.
8449.
8450.
8448.
8447.
8447.
8450.
8448.
8446.
8447.
8446.
8446.
8445.
8443.
8443.
8443.
8443.
8442.
8442.
8442.
8442.
8442.
8442.
8441.
8439.
8439.
8440.
8439.
8442.
8442.
8445.
8446.
8447.
8448.
8448.
8448.
8447.
8446.
8447.
8446.
8445.
8446.
8445.
8443.
8442.
8442.
8443.
8442.
8441.
8441.
8442.
8441.
8440.
8441.
8440.
8440.
8440.
8440.
8439.
8440.
8440.
8440.
8440.
8440.
8439.
8440.
8442.
8439.
8439.
8439.
8439.
8440.
8440.
8440.
8440.
8439.
8439.
8440.
8441.
8441.
8440.
8441.
8440.
8440.
8438.
8438.
8440.
8439.
8439.
8440.
8439.
8439.
8439.
8439.
8440.
8438.
8440.
8441.
8441.
8440.
8441.
8440.
8440.
8441.
8442.
8443.
8442.
8442.
8441.
8443.
8442.
8441.
8443.
8444.
8445.
8445.
8444.
8445.
8448.
8447.
8446.
8447.
8447.
8447.
8447.
8447.
8449.
8448.
8448.
8450.
8450.
8449.
8450.
8450.
8451.
8450.
8450.
8452.
8451.
8452.
8452.
8452.
8453.
8452.
8452.
8453.
8452.
8452.
8452.
8452.
8452.
8451.
8452.
8452.
8452.
8450.
8450.
8450.
8451.
8450.
8451.
8449.
8450.
8450.
8450.
8447.
8449.
8448.
8449.
8449.
8449.
8448.
8448.
8449.
8449.
8448.
8446.
8447.
8447.
8448.
8448.
8448.
8448.
8445.
8446.
8447.
8448.
8446.
8447.
8447.
8447.
8446.
8446.
8446.
8447.
8446.
8445.
8446.
8445.
8445.
8445.
8444.
8446.
8445.
8444.
8446.
8446.
8444.
8445.
8444.
8446.
8442.
8443.
8443.
8443.
8442.
8442.
8441.
8442.
8440.
8440.
8441.
8441.
8440.
8440.
8441.
8440.
8441.
8441.
8442.
8443.
8444.
8445.
8447.
8449.
8450.
8450.
8452.
8452.
8451.
8453.
8454.
8453.
8452.
8454.
8453.
8457.
8455.
8454.
8455.
8455.
8455.
8455.
8454.
8456.
8457.
8456.
8457.
8457.
8455.
8456.
8457.
8459.
8456.
8457.
8457.
8458.
8457.
8458.
8458.
8458.
8458.
8457.
8457.
8457.
8458.
8456.
8456.
8457.
8457.
8457.
8457.
8458.
8456.
8454.
8456.
8458.
8456.
8455.
8455.
8456.
8454.
8454.
8454.
8454.
8454.
8453.
8454.
8454.
8452.
8451.
8452.
8452.
8450.
8450.
8450.
8449.
8448.
8447.
8445.
8442.
8443.
8439.
8439.
8438.
8437.
8435.
8435.
8433.
8432.
8430.
8428.
8428.
8426.
8425.
8424.
8424.
8422.
8423.
8422.
8422.
8420.
8421.
8420.
8420.
8417.
8417.
8417.
8418.
8417.
8415.
8415.
8415.
8413.
8413.
8411.
8413.
8411.
8411.
8411.
8409.
8408.
8408.
8408.
8407.
8404.
8403.
8402.
8401.
8400.
8396.
8394.
8393.
8390.
8386.
8382.
8381.
8378.
8375.
8372.
8369.
8365.
8362.
8358.
8356.
8351.
8350.
8347.
8344.
8340.
8337.
8337.
8334.
8331.
8328.
8326.
8324.
8321.
8319.
8318.
8316.
8312.
8312.
8312.
8313.
8314.
8317.
8320.
8326.
8329.
8336.
8342.
8344.
8350.
8353.
8358.
8362.
8364.
8368.
8373.
8376.
8377.
8379.
8383.
8384.
8387.
8390.
8392.
8393.
8393.
8395.
8398.
8400.
8400.
8401.
8402.
8403.
8404.
8405.
8406.
8406.
8404.
8404.
8405.
8405.
8404.
8403.
8403.
8404.
8402.
8403.
8404.
8402.
8402.
8402.
8402.
8403.
8402.
8402.
8404.
8404.
8402.
8403.
8402.
8403.
8401.
8400.
8399.
8401.
8399.
8399.
8398.
8396.
8393.
8391.
8390.
8387.
8386.
8384.
8383.
8382.
8379.
8377.
8377.
8375.
8375.
8370.
8368.
8364.
8362.
8359.
8355.
8352.
8349.
8345.
8341.
8336.
8333.
8330.
8325.
8322.
8320.
8317.
8316.
8315.
8314.
8315.
8318.
8319.
8320.
8326.
8331.
8337.
8342.
8348.
8355.
8362.
8367.
8373.
8378.
8381.
8386.
8389.
8393.
8396.
8398.
8402.
8404.
8406.
8408.
8409.
8412.
8413.
8414.
8417.
8417.
8419.
8420.
8421.
8423.
8424.
8425.
8425.
8426.
8427.
8427.
8428.
8428.
8430.
8429.
8430.
8431.
8431.
8432.
8433.
8433.
8435.
8434.
8434.
8435.
8436.
8435.
8436.
8436.
8438.
8439.
8439.
8441.
8443.
8442.
8442.
8442.
8443.
8444.
8443.
8443.
8445.
8445.
8446.
8446.
8447.
8447.
8448.
8448.
8448.
8449.
8448.
8448.
8450.
8451.
8450.
8451.
8451.
8450.
8451.
8451.
8451.
8452.
8451.
8451.
8453.
8451.
8452.
8452.
8453.
8452.
8452.
8451.
8452.
8452.
8452.
8451.
8452.
8452.
8452.
8452.
8453.
8450.
8451.
8453.
8452.
8452.
8450.
8451.
8451.
8451.
8451.
8450.
8452.
8451.
8451.
8452.
8453.
8452.
8453.
8452.
8450.
8448.
8449.
8446.
8447.
8445.
8446.
8447.
8447.
8446.
8447.
8447.
8447.
8446.
8445.
8446.
8446.
8445.
8447.
8447.
8447.
8448.
8448.
8447.
8447.
8447.
8448.
8450.
8451.
8449.
8451.
8450.
8450.
8450.
8451.
8452.
8453.
8451.
8452.
8452.
8454.
8452.
8454.
8454.
8456.
8454.
8455.
8456.
8456.
8454.
8456.
8457.
8459.
8458.
8458.
8460.
8460.
8459.
8459.
8460.
8460.
8459.
8460.
8461.
8461.
8461.
8461.
8462.
8464.
8462.
8462.
8463.
8464.
8464.
8464.
8463.
8464.
8465.
8465.
8466.
8465.
8466.
8467.
8466.
8468.
8467.
8466.
8467.
8468.
8466.
8467.
8467.
8466.
8466.
8467.
8467.
8467.
8467.
8467.
8466.
8466.
8466.
8467.
8467.
8467.
8465.
8467.
8467.
8467.
8466.
8466.
8467.
8466.
8466.
8466.
8466.
8467.
8467.
8466.
8465.
8467.
8466.
8466.
8464.
8463.
8461.
8458.
8456.
8456.
8453.
8452.
8451.
8449.
8449.
8448.
8447.
8447.
8447.
8446.
8448.
8448.
8449.
8448.
8448.
8450.
8449.
8449.
8448.
8450.
8448.
8450.
8450.
8449.
8449.
8449.
8448.
8450.
8450.
8449.
8449.
8447.
8448.
8447.
8448.
8448.
8447.
8448.
8446.
8448.
8445.
8445.
8446.
8445.
8445.
8444.
8443.
8443.
8444.
8444.
8443.
8442.
8441.
8440.
8440.
8441.
8439.
8438.
8438.
8439.
8438.
8437.
8438.
8438.
8436.
8436.
8436.
8435.
8435.
8434.
8434.
8432.
8431.
8431.
8432.
8431.
8429.
8427.
8428.
8427.
8425.
8425.
8426.
8427.
8429.
8428.
8430.
8431.
8430.
8430.
8429.
8429.
8427.
8426.
8427.
8426.
8425.
8424.
8424.
8423.
8423.
8421.
8421.
8421.
8418.
8419.
8418.
8418.
8416.
8415.
8415.
8415.
8414.
8415.
8416.
8413.
8411.
8410.
8411.
8411.
8409.
8409.
8410.
8410.
8406.
8405.
8406.
8405.
8403.
8404.
8403.
8404.
8402.
8402.
8403.
8402.
8402.
8403.
8401.
8401.
8400.
8400.
8400.
8400.
8400.
8398.
8398.
8398.
8396.
8395.
8396.
8396.
8393.
8392.
8392.
8391.
8389.
8389.
8389.
8388.
8387.
8385.
8385.
8383.
8381.
8382.
8380.
8381.
8379.
8378.
8377.
8378.
8376.
8374.
8374.
8376.
8372.
8372.
8373.
8372.
8372.
8370.
8371.
8373.
8371.
8370.
8369.
8369.
8368.
8368.
8368.
8368.
8368.
8368.
8367.
8367.
8367.
8366.
8367.
8368.
8367.
8368.
8367.
8367.
8365.
8364.
8366.
8365.
8365.
8366.
8364.
8365.
8364.
8365.
8363.
8364.
8363.
8363.
8364.
8363.
8363.
8362.
8362.
8362.
8363.
8362.
8361.
8361.
8360.
8359.
8361.
8361.
8359.
8359.
8360.
8359.
8358.
8357.
8358.
8358.
8359.
8360.
8363.
8363.
8363.
8364.
8365.
8366.
8366.
8368.
8368.
8369.
8369.
8370.
8369.
8370.
8371.
8370.
8372.
8371.
8370.
8370.
8372.
8371.
8369.
8370.
8370.
8372.
8371.
8370.
8370.
8372.
8370.
8371.
8371.
8370.
8368.
8370.
8369.
8370.
8368.
8367.
8368.
8366.
8365.
8365.
8363.
8364.
8362.
8362.
8362.
8362.
8359.
8359.
8360.
8357.
8357.
8355.
8356.
8354.
8352.
8351.
8352.
8351.
8351.
8348.
8349.
8348.
8348.
8347.
8347.
8346.
8344.
8345.
8344.
8344.
8343.
8340.
8341.
8341.
8339.
8338.
8337.
8337.
8336.
8336.
8337.
8334.
8334.
8333.
8335.
8333.
8331.
8330.
8330.
8330.
8328.
8327.
8327.
8328.
8323.
8325.
8324.
8322.
8322.
8322.
8322.
8321.
8319.
8318.
8318.
8317.
8315.
8315.
8314.
8313.
8313.
8312.
8310.
8310.
8309.
8309.
8308.
8306.
8303.
8303.
8303.
8300.
8298.
8296.
8295.
8293.
8290.
8290.
8289.
8283.
8281.
8280.
8278.
8274.
8272.
8271.
8267.
8266.
8264.
8261.
8260.
8257.
8254.
8254.
8252.
8252.
8253.
8255.
8259.
8262.
8265.
8269.
8275.
8282.
8286.
8291.
8295.
8299.
8304.
8307.
8312.
8316.
8319.
8323.
8328.
8331.
8334.
8336.
8343.
8347.
8350.
8352.
8358.
8362.
8365.
8368.
8372.
8376.
8379.
8382.
8385.
8390.
8394.
8398.
8403.
8405.
8409.
8408.
8410.
8414.
8414.
8415.
8417.
8419.
8418.
8420.
8422.
8423.
8424.
8424.
8425.
8428.
8427.
8427.
8428.
8427.
8428.
8428.
8429.
8429.
8426.
8426.
8426.
8426.
8423.
8420.
8421.
8419.
8417.
8415.
8414.
8413.
8412.
8411.
8411.
8410.
8408.
8409.
8408.
8407.
8407.
8406.
8407.
8405.
8405.
8404.
8405.
8405.
8404.
8403.
8404.
8404.
8404.
8405.
8406.
8406.
8405.
8406.
8407.
8406.
8405.
8405.
8406.
8406.
8406.
8406.
8407.
8407.
8406.
8406.
8408.
8408.
8408.
8409.
8408.
8409.
8408.
8409.
8409.
8409.
8408.
8408.
8410.
8408.
8409.
8409.
8410.
8411.
8411.
8410.
8410.
8410.
8409.
8409.
8410.
8410.
8410.
8409.
8410.
8409.
8408.
8409.
8410.
8410.
8409.
8409.
8409.
8409.
8408.
8408.
8408.
8408.
8406.
8406.
8407.
8408.
8407.
8407.
8408.
8408.
8406.
8407.
8407.
8406.
8407.
8406.
8407.
8407.
8406.
8406.
8406.
8406.
8405.
8406.
8406.
8407.
8405.
8407.
8407.
8408.
8407.
8406.
8406.
8407.
8406.
8407.
8407.
8406.
8406.
8406.
8406.
8407.
8406.
8406.
8407.
8408.
8408.
8407.
8408.
8409.
8408.
8408.
8409.
8408.
8407.
8408.
8408.
8408.
8408.
8409.
8409.
8411.
8410.
8411.
8409.
8411.
8409.
8410.
8409.
8409.
8409.
8409.
8409.
8407.
8406.
8406.
8406.
8405.
8404.
8402.
8401.
8399.
8396.
8394.
8390.
8389.
8384.
8379.
8375.
8373.
8367.
8365.
8361.
8359.
8356.
8354.
8355.
8355.
8355.
8355.
8358.
8359.
8360.
8361.
8365.
8367.
8370.
8374.
8379.
8385.
8389.
8396.
8402.
8409.
8413.
8417.
8425.
8432.
8435.
8439.
8443.
8448.
8451.
8453.
8457.
8460.
8460.
8461.
8464.
8466.
8467.
8468.
8471.
8471.
8471.
8473.
8474.
8475.
8476.
8476.
8476.
8478.
8478.
8479.
8480.
8481.
8479.
8480.
8480.
8480.
8478.
8479.
8477.
8477.
8476.
8473.
8473.
8474.
8472.
8471.
8471.
8470.
8468.
8467.
8467.
8467.
8465.
8464.
8463.
8462.
8460.
8458.
8458.
8457.
8455.
8453.
8454.
8452.
8452.
8451.
8450.
8448.
8448.
8447.
8447.
8447.
8445.
8444.
8444.
8444.
8441.
8441.
8440.
8441.
8440.
8439.
8438.
8439.
8436.
8437.
8436.
8434.
8432.
8432.
8432.
8432.
8429.
8429.
8429.
8431.
8428.
8428.
8428.
8428.
8426.
8426.
8425.
8424.
8423.
8425.
8422.
8424.
8422.
8422.
8422.
8422.
8422.
8420.
8421.
8421.
8418.
8417.
8417.
8418.
8417.
8415.
8415.
8415.
8414.
8415.
8414.
8413.
8410.
8411.
8412.
8412.
8410.
8409.
8408.
8408.
8407.
8405.
8406.
8405.
8402.
8404.
8404.
8403.
8401.
8401.
8400.
8398.
8398.
8397.
8397.
8396.
8395.
8394.
8394.
8392.
8390.
8389.
8389.
8389.
8386.
8386.
8385.
8385.
8383.
8384.
8382.
8382.
8379.
8379.
8379.
8379.
8377.
8376.
8375.
8374.
8372.
8372.
8371.
8370.
8368.
8367.
8367.
8365.
8364.
8362.
8362.
8360.
8359.
8359.
8359.
8359.
8356.
8356.
8356.
8354.
8353.
8354.
8354.
8352.
8350.
8349.
8348.
8347.
8347.
8346.
8346.
8345.
8344.
8344.
8342.
8341.
8339.
8338.
8338.
8336.
8336.
8335.
8335.
8335.
8332.
8330.
8331.
8333.
8331.
8332.
8332.
8336.
8336.
8338.
8340.
8342.
8343.
8347.
8350.
8352.
8354.
8357.
8360.
8360.
8361.
8359.
8360.
8360.
8361.
8360.
8360.
8361.
8361.
8361.
8361.
8362.
8361.
8360.
8361.
8361.
8361.
8360.
8363.
8361.
8360.
8360.
8361.
8361.
8361.
8361.
8360.
8361.
8361.
8360.
8361.
8360.
8358.
8359.
8359.
8359.
8357.
8357.
8359.
8358.
8357.
8355.
8356.
8357.
8356.
8356.
8355.
8354.
8354.
8353.
8354.
8353.
8352.
8352.
8352.
8352.
8350.
8350.
8350.
8350.
8349.
8349.
8349.
8349.
8348.
8346.
8348.
8347.
8345.
8346.
8346.
8346.
8346.
8344.
8345.
8345.
8342.
8343.
8342.
8343.
8343.
8341.
8341.
8341.
8338.
8339.
8338.
8338.
8337.
8338.
8338.
8337.
8337.
8335.
8337.
8336.
8335.
8334.
8335.
8335.
8334.
8333.
8332.
8334.
8333.
8333.
8334.
8333.
8334.
8334.
8334.
8334.
8333.
8333.
8334.
8334.
8333.
8332.
8333.
8333.
8333.
8334.
8334.
8334.
8334.
8333.
8333.
8333.
8331.
8331.
8332.
8332.
8331.
8331.
8331.
8332.
8331.
8330.
8331.
8331.
8332.
8332.
8331.
8330.
8329.
8331.
8333.
8332.
8330.
8332.
8332.
8333.
8332.
8331.
8331.
8332.
8330.
8331.
8332.
8332.
8331.
8332.
8333.
8334.
8332.
8333.
8334.
8334.
8332.
8332.
8333.
8334.
8332.
8332.
8332.
8332.
8332.
8330.
8331.
8331.
8330.
8331.
8331.
8330.
8329.
8328.
8330.
8331.
8331.
8329.
8330.
8330.
8328.
8327.
8328.
8328.
8327.
8327.
8327.
8327.
8325.
8325.
8325.
8324.
8321.
8324.
8320.
8320.
8318.
8316.
8317.
8315.
8312.
8312.
8309.
8308.
8306.
8303.
8303.
8301.
8296.
8295.
8293.
8289.
8286.
8284.
8283.
8280.
8278.
8275.
8276.
8275.
8273.
8273.
8277.
8277.
8279.
8284.
8288.
8291.
8295.
8300.
8304.
8308.
8314.
8319.
8325.
8330.
8334.
8339.
8345.
8348.
8351.
8355.
8358.
8362.
8366.
8368.
8372.
8375.
8378.
8379.
8383.
8386.
8385.
8387.
8390.
8389.
8391.
8392.
8393.
8394.
8394.
8396.
8399.
8399.
8401.
8401.
8403.
8404.
8404.
8404.
8406.
8406.
8405.
8407.
8406.
8406.
8406.
8406.
8407.
8407.
8407.
8407.
8408.
8409.
8408.
8409.
8408.
8409.
8410.
8410.
8411.
8413.
8411.
8410.
8413.
8415.
8415.
8414.
8416.
8416.
8416.
8416.
8418.
8418.
8417.
8418.
8419.
8419.
8418.
8420.
8421.
8420.
8422.
8422.
8423.
8423.
8422.
8423.
8422.
8424.
8422.
8422.
8424.
8424.
8425.
8424.
8425.
8425.
8426.
8425.
8427.
8426.
8424.
8425.
8426.
8426.
8424.
8425.
8423.
8424.
8424.
8424.
8425.
8424.
8423.
8423.
8423.
8423.
8424.
8422.
8423.
8421.
8421.
8421.
8421.
8420.
8421.
8419.
8420.
8419.
8419.
8420.
8419.
8420.
8420.
8420.
8419.
8419.
8419.
8419.
8420.
8419.
8418.
8419.
8419.
8419.
8419.
8420.
8419.
8420.
8418.
8419.
8419.
8420.
8420.
8419.
8419.
8419.
8418.
8418.
8418.
8417.
8417.
8416.
8417.
8418.
8418.
8418.
8417.
8417.
8416.
8418.
8418.
8417.
8416.
8417.
8416.
8418.
8417.
8417.
8418.
8420.
8418.
8418.
8418.
8418.
8419.
8417.
8417.
8417.
8416.
8417.
8417.
8419.
8417.
8417.
8416.
8418.
8418.
8418.
8418.
8418.
8416.
8415.
8415.
8416.
8418.
8417.
8416.
8415.
8415.
8416.
8416.
8417.
8416.
8414.
8415.
8416.
8415.
8414.
8415.
8417.
8415.
8415.
8416.
8416.
8415.
8416.
8416.
8414.
8414.
8414.
8415.
8414.
8413.
8414.
8413.
8415.
8414.
8415.
8413.
8413.
8414.
8413.
8414.
8413.
8412.
8412.
8412.
8413.
8412.
8412.
8412.
8413.
8411.
8412.
8411.
8412.
8412.
8411.
8411.
8412.
8411.
8411.
8412.
8410.
8410.
8410.
8408.
8409.
8409.
8409.
8409.
8408.
8408.
8408.
8408.
8409.
8408.
8407.
8409.
8408.
8407.
8406.
8408.
8407.
8406.
8407.
8406.
8406.
8405.
8405.
8406.
8405.
8404.
8403.
8404.
8404.
8403.
8403.
8404.
8405.
8403.
8404.
8405.
8405.
8404.
8403.
8404.
8405.
8402.
8402.
8402.
8403.
8402.
8401.
8402.
8402.
8402.
8401.
8401.
8401.
8400.
8400.
8402.
8400.
8400.
8400.
8401.
8401.
8400.
8400.
8399.
8398.
8397.
8398.
8398.
8397.
8398.
8398.
8397.
8396.
8396.
8393.
8395.
8395.
8394.
8394.
8395.
8395.
8394.
8393.
8393.
8394.
8392.
8393.
8392.
8393.
8393.
8391.
8392.
8392.
8392.
8391.
8392.
8393.
8392.
8390.
8392.
8392.
8391.
8390.
8392.
8392.
8392.
8392.
8393.
8392.
8391.
8393.
8392.
8390.
8390.
8389.
8391.
8390.
8390.
8390.
8389.
8390.
8390.
8389.
8390.
8390.
8389.
8389.
8389.
8388.
8387.
8388.
8389.
8385.
8385.
8384.
8386.
8384.
8384.
8384.
8384.
8384.
8381.
8382.
8381.
8381.
8379.
8379.
8379.
8379.
8379.
8377.
8376.
8377.
8375.
8374.
8372.
8373.
8371.
8374.
8373.
8374.
8375.
8376.
8378.
8379.
8377.
8379.
8381.
8381.
8381.
8383.
8386.
8385.
8387.
8389.
8391.
8390.
8390.
8390.
8390.
8391.
8389.
8389.
8390.
8389.
8389.
8389.
8389.
8389.
8390.
8389.
8389.
8389.
8388.
8390.
8390.
8389.
8389.
8388.
8389.
8388.
8388.
8388.
8389.
8388.
8388.
8388.
8388.
8388.
8386.
8386.
8386.
8386.
8385.
8385.
8384.
8386.
8385.
8386.
8386.
8383.
8384.
8385.
8386.
8385.
8384.
8384.
8384.
8384.
8383.
8382.
8385.
8383.
8383.
8382.
8383.
8381.
8380.
8381.
8381.
8382.
8381.
8379.
8381.
8380.
8379.
8380.
8380.
8379.
8379.
8378.
8378.
8377.
8378.
8378.
8378.
8378.
8376.
8376.
8376.
8377.
8376.
8376.
8376.
8377.
8376.
8378.
8377.
8376.
8376.
8375.
8377.
8374.
8374.
8374.
8375.
8375.
8374.
8374.
8375.
8376.
8375.
8375.
8376.
8376.
8376.
8376.
8376.
8376.
8377.
8376.
8376.
8376.
8375.
8376.
8375.
8376.
8375.
8376.
8375.
8376.
8375.
8376.
8377.
8375.
8375.
8376.
8376.
8375.
8375.
8375.
8374.
8376.
8374.
8374.
8373.
8373.
8374.
8374.
8372.
8373.
8371.
8371.
8371.
8370.
8367.
8368.
8367.
8367.
8365.
8366.
8366.
8365.
8363.
8364.
8364.
8364.
8362.
8362.
8363.
8363.
8364.
8363.
8364.
8362.
8363.
8363.
8364.
8363.
8363.
8362.
8362.
8364.
8362.
8364.
8364.
8365.
8364.
8364.
8365.
8365.
8365.
8365.
8364.
8365.
8363.
8365.
8365.
8367.
8366.
8365.
8365.
8366.
8364.
8364.
8365.
8364.
8364.
8365.
8366.
8364.
8364.
8365.
8364.
8367.
8364.
8365.
8365.
8365.
8364.
8365.
8364.
8365.
8363.
8366.
8366.
8364.
8364.
8366.
8365.
8367.
8363.
8363.
8363.
8364.
8362.
8360.
8361.
8361.
8358.
8359.
8359.
8360.
8357.
8356.
8354.
8352.
8350.
8350.
8349.
8347.
8346.
8344.
8342.
8340.
8337.
8337.
8336.
8333.
8331.
8330.
8329.
8325.
8323.
8321.
8318.
8317.
8314.
8314.
8313.
8310.
8309.
8308.
8307.
8305.
8303.
8302.
8302.
8304.
8300.
8301.
8299.
8299.
8300.
8302.
8303.
8304.
8307.
8311.
8315.
8318.
8321.
8325.
8328.
8332.
8332.
8335.
8337.
8340.
8341.
8342.
8343.
8346.
8345.
8347.
8349.
8349.
8349.
8349.
8350.
8352.
8351.
8353.
8352.
8352.
8353.
8353.
8355.
8354.
8354.
8357.
8357.
8356.
8358.
8359.
8361.
8361.
8360.
8362.
8363.
8363.
8363.
8364.
8364.
8364.
8363.
8363.
8363.
8364.
8364.
8364.
8364.
8365.
8363.
8363.
8364.
8366.
8365.
8366.
8366.
8367.
8366.
8365.
8366.
8366.
8365.
8366.
8368.
8368.
8367.
8366.
8367.
8368.
8367.
8367.
8369.
8368.
8369.
8368.
8370.
8370.
8371.
8369.
8371.
8370.
8371.
8370.
8372.
8371.
8372.
8371.
8371.
8372.
8372.
8372.
8373.
8373.
8371.
8372.
8373.
8373.
8372.
8373.
8374.
8373.
8373.
8373.
8375.
8375.
8373.
8374.
8375.
8375.
8374.
8374.
8375.
8376.
8375.
8375.
8376.
8376.
8375.
8375.
8377.
8377.
8378.
8378.
8380.
8379.
8379.
8380.
8379.
8379.
8380.
8379.
8381.
8379.
8380.
8380.
8380.
8380.
8379.
8379.
8380.
8379.
8381.
8379.
8381.
8381.
8381.
8382.
8382.
8382.
8381.
8382.
8383.
8382.
8382.
8381.
8381.
8383.
8382.
8381.
8382.
8381.
8382.
8381.
8382.
8382.
8383.
8382.
8384.
8382.
8382.
8382.
8382.
8383.
8384.
8383.
8383.
8383.
8383.
8384.
8384.
8384.
8384.
8384.
8384.
8384.
8384.
8383.
8385.
8385.
8384.
8385.
8384.
8384.
8384.
8384.
8385.
8384.
8384.
8386.
8387.
8387.
8387.
8385.
8386.
8386.
8386.
8387.
8388.
8385.
8386.
8386.
8387.
8386.
8385.
8385.
8386.
8386.
8385.
8385.
8385.
8386.
8386.
8385.
8387.
8387.
8386.
8387.
8387.
8387.
8387.
8389.
8389.
8389.
8388.
8388.
8389.
8390.
8389.
8389.
8389.
8390.
8389.
8390.
8390.
8390.
8389.
8390.
8391.
8390.
8391.
8390.
8392.
8393.
8392.
8393.
8394.
8394.
8393.
8394.
8393.
8395.
8394.
8395.
8395.
8395.
8396.
8397.
8397.
8398.
8397.
8397.
8399.
8399.
8398.
8399.
8398.
8400.
8398.
8399.
8400.
8402.
8401.
8400.
8402.
8402.
8401.
8403.
8402.
8404.
8403.
8403.
8403.
8404.
8403.
8403.
8403.
8404.
8402.
8404.
8404.
8403.
8404.
8404.
8404.
8405.
8403.
8403.
8404.
8404.
8405.
8404.
8404.
8404.
8403.
8404.
8405.
8407.
8404.
8403.
8402.
8403.
8403.
8401.
8403.
8402.
8401.
8400.
8402.
8400.
8400.
8400.
8399.
8400.
8399.
8398.
8396.
8395.
8394.
8393.
8391.
8391.
8387.
8386.
8386.
8384.
8382.
8380.
8381.
8380.
8379.
8379.
8380.
8381.
8381.
8382.
8381.
8382.
8379.
8380.
8380.
8379.
8380.
8379.
8378.
8379.
8379.
8379.
8379.
8378.
8377.
8376.
8376.
8376.
8376.
8375.
8375.
8374.
8372.
8371.
8371.
8371.
8370.
8368.
8369.
8369.
8367.
8367.
8366.
8365.
8363.
8362.
8363.
8362.
8362.
8360.
8360.
8361.
8357.
8358.
8358.
8358.
8356.
8355.
8355.
8354.
8353.
8352.
8352.
8352.
8350.
8349.
8350.
8348.
8345.
8346.
8344.
8344.
8343.
8342.
8343.
8342.
8341.
8337.
8338.
8336.
8335.
8336.
8334.
8333.
8332.
8331.
8330.
8328.
8326.
8327.
8327.
8327.
8326.
8324.
8324.
8323.
8322.
8320.
8319.
8319.
8318.
8319.
8319.
8319.
8317.
8317.
8316.
8316.
8314.
8315.
8315.
8314.
8312.
8312.
8312.
8312.
8309.
8309.
8309.
8310.
8308.
8308.
8307.
8307.
8307.
8307.
8307.
8306.
8305.
8305.
8306.
8306.
8305.
8304.
8304.
8302.
8302.
8303.
8303.
8304.
8302.
8303.
8303.
8303.
8302.
8301.
8301.
8301.
8300.
8301.
8300.
8301.
8300.
8300.
8299.
8300.
8299.
8300.
8301.
8301.
8299.
8299.
8299.
8300.
8299.
8300.
8301.
8301.
8300.
8299.
8299.
8298.
8298.
8298.
8300.
8298.
8298.
8298.
8299.
8298.
8298.
8299.
8299.
8299.
8299.
8299.
8297.
8299.
8299.
8300.
8299.
8299.
8298.
8298.
8298.
8299.
8298.
8298.
8298.
8299.
8300.
8299.
8300.
8301.
8299.
8300.
8300.
8300.
8299.
8300.
8300.
8299.
8300.
8299.
8300.
8300.
8298.
8298.
8299.
8300.
8298.
8299.
8298.
8298.
8299.
8301.
8299.
8299.
8299.
8299.
8298.
8298.
8298.
8297.
8297.
8296.
8294.
8294.
8295.
8295.
8296.
8294.
8292.
8293.
8295.
8295.
8296.
8297.
8295.
8297.
8298.
8300.
8298.
8299.
8299.
8298.
8297.
8298.
8297.
8297.
8296.
8296.
8296.
8295.
8294.
8294.
8295.
8295.
8293.
8295.
8294.
8295.
8294.
8292.
8294.
8293.
8291.
8291.
8292.
8291.
8291.
8290.
8289.
8289.
8289.
8288.
8287.
8287.
8286.
8286.
8285.
8286.
8284.
8282.
8281.
8280.
8279.
8280.
8278.
8279.
8277.
8277.
8276.
8277.
8276.
8274.
8275.
8272.
8272.
8274.
8273.
8272.
8272.
8271.
8271.
8271.
8270.
8270.
8269.
8269.
8267.
8267.
8266.
8265.
8266.
8265.
8264.
8263.
8263.
8264.
8264.
8263.
8262.
8262.
8261.
8261.
8260.
8261.
8260.
8260.
8258.
8259.
8259.
8259.
8258.
8258.
8257.
8258.
8257.
8257.
8256.
8257.
8256.
8255.
8254.
8253.
8253.
8253.
8252.
8251.
8250.
8250.
8251.
8248.
8248.
8248.
8249.
8248.
8248.
8248.
8249.
8246.
8247.
8246.
8245.
8244.
8244.
8244.
8244.
8241.
8240.
8240.
8239.
8238.
8234.
8233.
8233.
8231.
8229.
8228.
8226.
8222.
8221.
8219.
8218.
8213.
8212.
8210.
8207.
8204.
8203.
8203.
8202.
8201.
8201.
8202.
8203.
8204.
8206.
8209.
8212.
8215.
8218.
8222.
8223.
8226.
8229.
8234.
8236.
8239.
8243.
8248.
8253.
8258.
8261.
8265.
8269.
8274.
8279.
8282.
8285.
8288.
8289.
8292.
8295.
8297.
8298.
8302.
8304.
8306.
8306.
8307.
8308.
8311.
8310.
8311.
8310.
8311.
8310.
8310.
8311.
8310.
8311.
8311.
8309.
8309.
8305.
8306.
8306.
8304.
8303.
8302.
8301.
8301.
8299.
8300.
8300.
8299.
8296.
8298.
8296.
8297.
8295.
8296.
8297.
8297.
8297.
8296.
8296.
8298.
8297.
8297.
8296.
8295.
8295.
8294.
8295.
8295.
8297.
8295.
8296.
8297.
8296.
8297.
8297.
8297.
8297.
8298.
8298.
8298.
8296.
8298.
8296.
8296.
8296.
8295.
8297.
8295.
8296.
8295.
8296.
8296.
8294.
8296.
8297.
8297.
8296.
8296.
8297.
8297.
8295.
8296.
8296.
8295.
8294.
8294.
8295.
8296.
8295.
8295.
8294.
8293.
8294.
8294.
8293.
8294.
8293.
8293.
8293.
8292.
8292.
8293.
8292.
8292.
8292.
8291.
8293.
8291.
8290.
8290.
8292.
8291.
8290.
8291.
8291.
8291.
8290.
8289.
8288.
8288.
8289.
8289.
8288.
8288.
8288.
8288.
8288.
8287.
8288.
8288.
8288.
8286.
8286.