7646.
7645.
7646.
7646.
7647.
7646.
7646.
7646.
7646.
7646.
7646.
7646.
7646.
7646.
7646.
7646.
7646.
7646.
7646.
7646.
7646.
7646.
7647.
7646.
7647.
7646.
7646.
7646.
7647.
7647.
7646.
7647.
7646.
7646.
7647.
7647.
7646.
7646.
7646.
7646.
7646.
7646.
7645.
7646.
7645.
7646.
7645.
7645.
7645.
7645.
7645.
7645.
7645.
7645.
7644.
7645.
7644.
7644.
7644.
7644.
7644.
7644.
7644.
7644.
7643.
7643.
7644.
7644.
7643.
7643.
7643.
7643.
7643.
7643.
7642.
7642.
7642.
7642.
7642.
7642.
7642.
7642.
7642.
7642.
7642.
7642.
7642.
7642.
7642.
7642.
7642.
7642.
7642.
7642.
7642.
7642.
7642.
7642.
7642.
7642.
7642.
7641.
7641.
7642.
7642.
7641.
7642.
7641.
7641.
7642.
7641.
7641.
7641.
7642.
7642.
7642.
7642.
7642.
7642.
7642.
7642.
7642.
7642.
7642.
7643.
7643.
7643.
7643.
7643.
7643.
7643.
7644.
7643.
7644.
7644.
7643.
7644.
7644.
7644.
7644.
7644.
7645.
7644.
7644.
7645.
7645.
7645.
7645.
7645.
7645.
7646.
7646.
7646.
7647.
7647.
7647.
7647.
7647.
7647.
7648.
7648.
7648.
7648.
7649.
7648.
7648.
7649.
7649.
7650.
7650.
7649.
7650.
7650.
7650.
7650.
7650.
7650.
7650.
7651.
7651.
7651.
7651.
7651.
7652.
7651.
7652.
7652.
7652.
7652.
7652.
7652.
7653.
7652.
7652.
7653.
7653.
7653.
7653.
7653.
7653.
7653.
7653.
7653.
7653.
7653.
7653.
7653.
7653.
7653.
7653.
7653.
7654.
7654.
7654.
7655.
7655.
7656.
7657.
7658.
7659.
7660.
7661.
7663.
7664.
7666.
7668.
7670.
7672.
7675.
7676.
7679.
7682.
7685.
7688.
7690.
7693.
7697.
7699.
7703.
7706.
7710.
7713.
7716.
7721.
7725.
7728.
7732.
7737.
7741.
7745.
7749.
7754.
7759.
7763.
7768.
7773.
7778.
7784.
7789.
7795.
7800.
7805.
7811.
7817.
7822.
7828.
7835.
7841.
7847.
7853.
7859.
7866.
7873.
7879.
7886.
7893.
7900.
7907.
7915.
7922.
7930.
7938.
7945.
7953.
7962.
7970.
7977.
7986.
7994.
8003.
8011.
8020.
8028.
8037.
8045.
8054.
8062.
8072.
8081.
8089.
8099.
8107.
8116.
8125.
8134.
8143.
8152.
8162.
8171.
8180.
8189.
8199.
8208.
8218.
8228.
8237.
8246.
8256.
8266.
8276.
8286.
8295.
8305.
8314.
8324.
8334.
8343.
8352.
8362.
8371.
8379.
8388.
8398.
8406.
8414.
8423.
8432.
8439.
8447.
8454.
8462.
8469.
8476.
8483.
8490.
8497.
8503.
8508.
8515.
8521.
8526.
8531.
8536.
8542.
8546.
8550.
8555.
8558.
8561.
8565.
8568.
8571.
8573.
8575.
8577.
8579.
8581.
8581.
8582.
8582.
8581.
8581.
8579.
8578.
8576.
8575.
8572.
8569.
8565.
8562.
8557.
8553.
8548.
8544.
8538.
8533.
8527.
8521.
8513.
8507.
8499.
8492.
8484.
8475.
8467.
8458.
8448.
8438.
8429.
8418.
8407.
8397.
8385.
8373.
8362.
8349.
8337.
8324.
8311.
8297.
8284.
8270.
8256.
8242.
8228.
8213.
8198.
8183.
8168.
8152.
8136.
8120.
8105.
8089.
8072.
8056.
8039.
8023.
8005.
7988.
7971.
7955.
7937.
7919.
7901.
7884.
7866.
7849.
7831.
7813.
7793.
7776.
7758.
7739.
7720.
7702.
7683.
7665.
7646.
7628.
7609.
7591.
7572.
7553.
7535.
7517.
7498.
7480.
7463.
7445.
7427.
7410.
7393.
7377.
7359.
7342.
7326.
7309.
7293.
7277.
7262.
7246.
7231.
7215.
7201.
7185.
7170.
7155.
7141.
7126.
7112.
7098.
7084.
7070.
7057.
7043.
7030.
7017.
7003.
6991.
6978.
6967.
6954.
6942.
6930.
6919.
6908.
6897.
6886.
6875.
6864.
6855.
6845.
6836.
6827.
6818.
6810.
6801.
6793.
6786.
6778.
6771.
6764.
6758.
6751.
6745.
6739.
6734.
6729.
6724.
6719.
6714.
6711.
6707.
6704.
6701.
6698.
6695.
6692.
6690.
6688.
6688.
6686.
6686.
6684.
6684.
6685.
6685.
6687.
6687.
6690.
6692.
6694.
6697.
6699.
6702.
6706.
6710.
6713.
6718.
6723.
6728.
6733.
6738.
6744.
6750.
6756.
6763.
6769.
6776.
6783.
6791.
6797.
6805.
6813.
6821.
6829.
6838.
6846.
6855.
6864.
6873.
6882.
6892.
6902.
6911.
6921.
6931.
6942.
6952.
6963.
6974.
6985.
6996.
7008.
7020.
7032.
7044.
7057.
7069.
7082.
7095.
7107.
7121.
7135.
7148.
7162.
7176.
7189.
7203.
7217.
7231.
7245.
7259.
7273.
7287.
7301.
7315.
7329.
7343.
7357.
7371.
7385.
7400.
7414.
7428.
7442.
7457.
7472.
7486.
7501.
7516.
7531.
7547.
7562.
7578.
7593.
7609.
7625.
7641.
7657.
7673.
7689.
7705.
7721.
7736.
7753.
7768.
7784.
7798.
7814.
7829.
7844.
7859.
7874.
7887.
7902.
7917.
7931.
7945.
7958.
7972.
7986.
7999.
8013.
8026.
8039.
8052.
8065.
8078.
8090.
8103.
8115.
8129.
8141.
8153.
8165.
8177.
8189.
8200.
8212.
8223.
8235.
8245.
8257.
8267.
8277.
8287.
8297.
8306.
8315.
8324.
8332.
8341.
8349.
8357.
8364.
8371.
8379.
8385.
8391.
8396.
8403.
8409.
8413.
8418.
8423.
8428.
8430.
8435.
8439.
8442.
8445.
8448.
8450.
8451.
8453.
8455.
8455.
8456.
8457.
8457.
8457.
8457.
8456.
8455.
8453.
8451.
8448.
8446.
8443.
8440.
8436.
8431.
8428.
8423.
8418.
8413.
8408.
8402.
8396.
8390.
8383.
8376.
8369.
8361.
8353.
8346.
8338.
8329.
8320.
8312.
8303.
8293.
8284.
8274.
8264.
8254.
8243.
8233.
8223.
8212.
8201.
8189.
8177.
8167.
8155.
8143.
8131.
8118.
8106.
8094.
8082.
8069.
8056.
8043.
8030.
8017.
8003.
7989.
7975.
7961.
7947.
7933.
7919.
7904.
7889.
7875.
7859.
7845.
7830.
7815.
7799.
7784.
7769.
7754.
7738.
7723.
7707.
7692.
7676.
7661.
7645.
7630.
7616.
7602.
7586.
7572.
7557.
7543.
7528.
7514.
7499.
7485.
7470.
7457.
7442.
7429.
7415.
7401.
7387.
7374.
7359.
7347.
7333.
7320.
7307.
7294.
7281.
7268.
7256.
7244.
7231.
7219.
7205.
7193.
7180.
7169.
7157.
7145.
7133.
7121.
7109.
7097.
7086.
7075.
7063.
7052.
7041.
7030.
7019.
7009.
6999.
6989.
6979.
6970.
6960.
6950.
6941.
6932.
6924.
6916.
6907.
6900.
6892.
6886.
6878.
6871.
6865.
6859.
6852.
6846.
6841.
6835.
6829.
6825.
6820.
6816.
6811.
6807.
6803.
6799.
6795.
6793.
6790.
6787.
6784.
6782.
6779.
6777.
6776.
6774.
6773.
6772.
6771.
6771.
6770.
6769.
6770.
6770.
6772.
6772.
6773.
6775.
6777.
6780.
6782.
6785.
6789.
6792.
6794.
6797.
6803.
6808.
6812.
6816.
6822.
6827.
6833.
6839.
6845.
6852.
6859.
6866.
6873.
6881.
6888.
6897.
6904.
6912.
6921.
6930.
6939.
6947.
6957.
6966.
6976.
6986.
6995.
7006.
7015.
7027.
7037.
7049.
7059.
7071.
7083.
7095.
7107.
7119.
7132.
7145.
7157.
7170.
7184.
7197.
7211.
7225.
7239.
7254.
7268.
7283.
7298.
7314.
7329.
7345.
7362.
7379.
7394.
7412.
7428.
7445.
7461.
7478.
7495.
7512.
7528.
7545.
7562.
7579.
7596.
7612.
7629.
7645.
7661.
7677.
7692.
7708.
7724.
7740.
7755.
7771.
7786.
7801.
7817.
7832.
7847.
7862.
7877.
7892.
7907.
7922.
7937.
7951.
7965.
7980.
7994.
8009.
8023.
8037.
8052.
8065.
8079.
8093.
8107.
8119.
8132.
8144.
8157.
8169.
8180.
8191.
8203.
8213.
8224.
8234.
8245.
8255.
8264.
8274.
8283.
8292.
8301.
8309.
8317.
8325.
8332.
8340.
8347.
8354.
8360.
8366.
8371.
8377.
8382.
8387.
8391.
8396.
8399.
8402.
8405.
8408.
8409.
8412.
8413.
8414.
8415.
8415.
8414.
8413.
8412.
8410.
8408.
8406.
8404.
8400.
8396.
8392.
8388.
8384.
8378.
8372.
8366.
8361.
8354.
8347.
8340.
8332.
8324.
8317.
8309.
8300.
8292.
8282.
8273.
8263.
8254.
8243.
8233.
8223.
8212.
8201.
8190.
8179.
8168.
8156.
8145.
8134.
8121.
8110.
8098.
8086.
8074.
8061.
8049.
8037.
8024.
8012.
7999.
7986.
7973.
7960.
7946.
7934.
7920.
7908.
7894.
7880.
7867.
7853.
7840.
7827.
7813.
7799.
7785.
7771.
7758.
7745.
7731.
7716.
7703.
7688.
7675.
7661.
7646.
7632.
7618.
7605.
7590.
7577.
7563.
7550.
7536.
7523.
7509.
7495.
7482.
7469.
7456.
7443.
7430.
7418.
7405.
7391.
7379.
7366.
7353.
7340.
7327.
7315.
7303.
7291.
7278.
7266.
7254.
7242.
7230.
7218.
7207.
7196.
7184.
7174.
7163.
7152.
7141.
7131.
7120.
7110.
7100.
7089.
7080.
7070.
7060.
7051.
7041.
7031.
7023.
7014.
7005.
6997.
6988.
6980.
6973.
6965.
6957.
6950.
6942.
6935.
6928.
6922.
6915.
6910.
6904.
6899.
6893.
6888.
6882.
6878.
6873.
6870.
6865.
6861.
6856.
6853.
6849.
6845.
6843.
6840.
6838.
6837.
6835.
6834.
6832.
6830.
6829.
6829.
6829.
6830.
6830.
6830.
6830.
6832.
6832.
6834.
6836.
6838.
6840.
6842.
6845.
6848.
6852.
6854.
6858.
6862.
6866.
6871.
6876.
6881.
6886.
6892.
6897.
6902.
6910.
6916.
6923.
6928.
6936.
6943.
6952.
6958.
6966.
6974.
6982.
6990.
6999.
7006.
7015.
7024.
7033.
7042.
7051.
7060.
7069.
7078.
7088.
7098.
7108.
7118.
7128.
7138.
7148.
7159.
7169.
7179.
7191.
7202.
7213.
7224.
7235.
7247.
7258.
7270.
7282.
7294.
7306.
7319.
7330.
7343.
7356.
7368.
7381.
7393.
7406.
7419.
7432.
7445.
7457.
7471.
7484.
7498.
7511.
7525.
7538.
7551.
7564.
7579.
7591.
7605.
7618.
7633.
7646.
7660.
7673.
7687.
7700.
7714.
7728.
7742.
7755.
7768.
7783.
7797.
7810.
7823.
7838.
7851.
7865.
7878.
7892.
7905.
7918.
7932.
7945.
7958.
7971.
7984.
7997.
8010.
8023.
8035.
8048.
8060.
8073.
8085.
8097.
8109.
8121.
8133.
8144.
8156.
8166.
8177.
8187.
8198.
8207.
8217.
8227.
8235.
8245.
8253.
8262.
8270.
8277.
8286.
8292.
8300.
8307.
8314.
8321.
8327.
8332.
8338.
8344.
8349.
8354.
8358.
8363.
8367.
8370.
8374.
8378.
8380.
8382.
8384.
8386.
8387.
8389.
8390.
8390.
8390.
8390.
8390.
8388.
8387.
8385.
8384.
8380.
8379.
8375.
8372.
8368.
8364.
8360.
8355.
8350.
8345.
8340.
8334.
8328.
8322.
8315.
8309.
8302.
8296.
8288.
8282.
8273.
8265.
8257.
8249.
8241.
8232.
8223.
8214.
8205.
8196.
8186.
8176.
8166.
8156.
8145.
8134.
8123.
8111.
8100.
8089.
8077.
8065.
8053.
8041.
8028.
8015.
8002.
7989.
7975.
7962.
7948.
7934.
7921.
7906.
7893.
7879.
7865.
7850.
7835.
7821.
7807.
7792.
7777.
7763.
7748.
7733.
7718.
7704.
7689.
7675.
7660.
7645.
7631.
7616.
7601.
7586.
7571.
7557.
7541.
7526.
7512.
7497.
7483.
7468.
7453.
7439.
7425.
7410.
7396.
7382.
7368.
7353.
7340.
7327.
7313.
7300.
7287.
7273.
7261.
7248.
7234.
7223.
7209.
7198.
7185.
7174.
7162.
7150.
7139.
7127.
7116.
7105.
7093.
7084.
7073.
7062.
7052.
7042.
7032.
7022.
7013.
7004.
6995.
6985.
6977.
6969.
6960.
6951.
6943.
6936.
6928.
6921.
6913.
6906.
6900.
6893.
6886.
6880.
6874.
6869.
6863.
6858.
6853.
6849.
6845.
6841.
6836.
6833.
6830.
6827.
6825.
6822.
6820.
6817.
6815.
6814.
6812.
6810.
6809.
6809.
6808.
6808.
6807.
6808.
6808.
6808.
6810.
6810.
6812.
6813.
6815.
6816.
6818.
6821.
6823.
6826.
6829.
6832.
6835.
6839.
6842.
6847.
6851.
6855.
6860.
6865.
6870.
6875.
6881.
6886.
6892.
6898.
6904.
6910.
6916.
6924.
6931.
6937.
6943.
6951.
6958.
6966.
6973.
6981.
6988.
6996.
7004.
7013.
7022.
7030.
7038.
7047.
7056.
7066.
7075.
7084.
7093.
7104.
7113.
7124.
7133.
7144.
7154.
7165.
7176.
7186.
7197.
7208.
7219.
7230.
7241.
7252.
7263.
7274.
7286.
7296.
7308.
7320.
7330.
7342.
7353.
7365.
7377.
7388.
7400.
7412.
7423.
7435.
7447.
7460.
7471.
7484.
7496.
7507.
7520.
7532.
7545.
7557.
7570.
7582.
7595.
7608.
7620.
7633.
7645.
7658.
7671.
7683.
7696.
7709.
7721.
7734.
7747.
7759.
7771.
7784.
7796.
7809.
7821.
7833.
7845.
7857.
7869.
7880.
7892.
7904.
7915.
7926.
7938.
7949.
7961.
7971.
7983.
7994.
8005.
8016.
8027.
8039.
8050.
8060.
8071.
8082.
8093.
8103.
8114.
8124.
8134.
8144.
8155.
8164.
8172.
8181.
8190.
8199.
8207.
8215.
8223.
8230.
8237.
8244.
8252.
8258.
8263.
8269.
8276.
8281.
8286.
8291.
8296.
8301.
8304.
8309.
8313.
8316.
8319.
8322.
8325.
8327.
8330.
8332.
8334.
8335.
8336.
8338.
8338.
8339.
8339.
8339.
8338.
8338.
8337.
8336.
8334.
8332.
8330.
8328.
8325.
8322.
8319.
8315.
8311.
8307.
8303.
8299.
8294.
8289.
8284.
8279.
8273.
8267.
8261.
8254.
8247.
8240.
8234.
8227.
8219.
8211.
8203.
8195.
8187.
8178.
8170.
8161.
8152.
8143.
8133.
8123.
8112.
8102.
8092.
8082.
8070.
8059.
8049.
8037.
8026.
8014.
8001.
7990.
7977.
7965.
7953.
7940.
7927.
7915.
7903.
7890.
7877.
7863.
7851.
7838.
7825.
7812.
7800.
7786.
7773.
7760.
7746.
7734.
7721.
7707.
7694.
7680.
7667.
7653.
7640.
7628.
7614.
7601.
7586.
7573.
7559.
7546.
7532.
7519.
7504.
7492.
7478.
7464.
7450.
7437.
7423.
7410.
7396.
7383.
7369.
7356.
7343.
7331.
7317.
7304.
7291.
7278.
7265.
7253.
7240.
7229.
7217.
7204.
7192.
7180.
7169.
7158.
7146.
7136.
7124.
7113.
7103.
7092.
7082.
7072.
7062.
7052.
7043.
7033.
7024.
7015.
7006.
6997.
6988.
6980.
6971.
6964.
6955.
6948.
6941.
6933.
6925.
6919.
6912.
6906.
6899.
6892.
6887.
6881.
6876.
6871.
6866.
6861.
6856.
6853.
6850.
6846.
6842.
6839.
6836.
6833.
6830.
6828.
6827.
6825.
6824.
6823.
6823.
6822.
6822.
6823.
6823.
6823.
6824.
6825.
6826.
6829.
6830.
6833.
6836.
6838.
6840.
6844.
6847.
6851.
6853.
6857.
6861.
6866.
6870.
6874.
6880.
6884.
6889.
6894.
6900.
6905.
6911.
6916.
6922.
6928.
6934.
6941.
6948.
6954.
6961.
6969.
6975.
6983.
6991.
6998.
7006.
7014.
7023.
7031.
7041.
7049.
7058.
7067.
7077.
7087.
7096.
7106.
7116.
7126.
7137.
7147.
7158.
7168.
7179.
7190.
7202.
7213.
7224.
7236.
7247.
7260.
7272.
7284.
7296.
7309.
7321.
7334.
7346.
7359.
7372.
7385.
7398.
7410.
7423.
7437.
7450.
7463.
7476.
7489.
7502.
7514.
7528.
7541.
7555.
7568.
7582.
7594.
7609.
7622.
7636.
7649.
7663.
7676.
7689.
7703.
7717.
7730.
7744.
7757.
7771.
7785.
7798.
7812.
7825.
7839.
7852.
7866.
7879.
7892.
7906.
7919.
7932.
7944.
7958.
7970.
7983.
7995.
8008.
8021.
8033.
8045.
8057.
8070.
8081.
8092.
8104.
8115.
8127.
8138.
8149.
8160.
8172.
8181.
8192.
8203.
8213.
8223.
8233.
8243.
8253.
8262.
8272.
8281.
8290.
8299.
8307.
8316.
8324.
8333.
8341.
8348.
8357.
8364.
8371.
8378.
8384.
8390.
8397.
8403.
8409.
8414.
8419.
8424.
8429.
8433.
8438.
8442.
8445.
8448.
8452.
8454.
8456.
8460.
8462.
8464.
8466.
8467.
8467.
8468.
8469.
8468.
8468.
8468.
8467.
8467.
8465.
8463.
8461.
8458.
8456.
8453.
8450.
8447.
8443.
8439.
8435.
8431.
8426.
8420.
8415.
8410.
8404.
8398.
8392.
8386.
8379.
8372.
8366.
8359.
8351.
8343.
8336.
8328.
8320.
8312.
8303.
8295.
8286.
8277.
8268.
8260.
8250.
8241.
8231.
8222.
8211.
8201.
8192.
8181.
8171.
8160.
8149.
8138.
8126.
8115.
8104.
8094.
8082.
8071.
8059.
8048.
8036.
8025.
8013.
8001.
7989.
7977.
7965.
7953.
7940.
7928.
7916.
7903.
7891.
7877.
7865.
7852.
7839.
7826.
7813.
7800.
7787.
7773.
7760.
7747.
7733.
7720.
7707.
7693.
7680.
7667.
7653.
7640.
7627.
7614.
7602.
7588.
7575.
7562.
7549.
7536.
7523.
7509.
7496.
7484.
7470.
7458.
7445.
7432.
7420.
7407.
7395.
7382.
7370.
7358.
7346.
7333.
7321.
7308.
7296.
7284.
7272.
7260.
7248.
7236.
7225.
7213.
7202.
7190.
7179.
7168.
7157.
7145.
7134.
7123.
7113.
7102.
7091.
7081.
7071.
7060.
7050.
7040.
7029.
7019.
7010.
7000.
6990.
6981.
6972.
6963.
6953.
6944.
6935.
6927.
6919.
6910.
6901.
6894.
6886.
6879.
6871.
6865.
6858.
6852.
6845.
6838.
6833.
6827.
6822.
6816.
6811.
6807.
6802.
6798.
6794.
6791.
6787.
6785.
6782.
6779.
6777.
6775.
6773.
6771.
6770.
6769.
6768.
6767.
6767.
6767.
6767.
6768.
6768.
6769.
6770.
6773.
6774.
6776.
6778.
6781.
6783.
6787.
6790.
6794.
6796.
6801.
6806.
6810.
6815.
6819.
6825.
6830.
6836.
6842.
6848.
6854.
6860.
6868.
6874.
6882.
6890.
6898.
6905.
6914.
6922.
6930.
6939.
6947.
6957.
6966.
6976.
6984.
6994.
7004.
7014.
7023.
7032.
7042.
7052.
7062.
7072.
7083.
7092.
7103.
7114.
7124.
7134.
7146.
7157.
7168.
7179.
7191.
7202.
7214.
7225.
7238.
7250.
7262.
7274.
7286.
7299.
7312.
7325.
7338.
7352.
7365.
7379.
7393.
7407.
7421.
7434.
7447.
7462.
7476.
7489.
7503.
7516.
7529.
7543.
7556.
7570.
7583.
7596.
7609.
7623.
7635.
7649.
7663.
7675.
7688.
7702.
7715.
7729.
7742.
7755.
7768.
7781.
7795.
7808.
7821.
7835.
7848.
7861.
7875.
7888.
7901.
7914.
7928.
7941.
7954.
7967.
7980.
7993.
8006.
8018.
8029.
8042.
8054.
8066.
8077.
8089.
8100.
8113.
8123.
8135.
8146.
8158.
8171.
8181.
8193.
8204.
8216.
8227.
8238.
8250.
8260.
8272.
8284.
8294.
8306.
8316.
8326.
8336.
8347.
8357.
8367.
8376.
8386.
8395.
8405.
8414.
8422.
8431.
8439.
8447.
8455.
8463.
8470.
8477.
8483.
8491.
8497.
8503.
8510.
8516.
8523.
8528.
8532.
8538.
8544.
8548.
8552.
8557.
8562.
8566.
8570.
8573.
8577.
8579.
8582.
8585.
8587.
8589.
8590.
8592.
8592.
8593.
8594.
8594.
8593.
8592.
8592.
8590.
8588.
8586.
8584.
8581.
8578.
8575.
8571.
8567.
8563.
8558.
8553.
8548.
8542.
8536.
8530.
8524.
8517.
8510.
8503.
8496.
8488.
8481.
8473.
8465.
8456.
8448.
8438.
8429.
8420.
8410.
8400.
8390.
8379.
8370.
8358.
8348.
8336.
8325.
8313.
8302.
8290.
8278.
8266.
8254.
8241.
8230.
8216.
8204.
8191.
8177.
8164.
8150.
8137.
8123.
8109.
8096.
8081.
8068.
8055.
8040.
8026.
8011.
7997.
7982.
7968.
7953.
7939.
7924.
7909.
7895.
7880.
7866.
7851.
7837.
7822.
7807.
7792.
7777.
7763.
7748.
7734.
7718.
7704.
7689.
7674.
7659.
7644.
7629.
7615.
7599.
7585.
7570.
7556.
7542.
7528.
7513.
7499.
7485.
7471.
7456.
7442.
7428.
7414.
7400.
7386.
7372.
7358.
7345.
7331.
7318.
7304.
7290.
7277.
7264.
7251.
7238.
7225.
7213.
7200.
7188.
7175.
7163.
7151.
7140.
7128.
7117.
7106.
7095.
7084.
7074.
7064.
7054.
7044.
7035.
7026.
7016.
7007.
6998.
6989.
6981.
6973.
6966.
6957.
6950.
6943.
6936.
6929.
6922.
6916.
6909.
6904.
6897.
6892.
6886.
6881.
6876.
6871.
6867.
6862.
6858.
6855.
6851.
6848.
6845.
6842.
6839.
6837.
6835.
6833.
6832.
6830.
6829.
6829.
6829.
6828.
6828.
6829.
6829.
6830.
6831.
6832.
6834.
6835.
6838.
6840.
6842.
6845.
6847.
6850.
6853.
6857.
6860.
6863.
6868.
6872.
6876.
6881.
6886.
6891.
6896.
6901.
6907.
6911.
6918.
6923.
6930.
6936.
6943.
6949.
6955.
6963.
6970.
6978.
6984.
6992.
6999.
7008.
7016.
7025.
7032.
7041.
7050.
7058.
7067.
7076.
7085.
7094.
7104.
7113.
7122.
7132.
7141.
7152.
7162.
7173.
7183.
7194.
7205.
7217.
7229.
7240.
7252.
7264.
7275.
7287.
7298.
7311.
7322.
7334.
7347.
7359.
7371.
7383.
7395.
7408.
7419.
7432.
7443.
7456.
7468.
7480.
7492.
7504.
7517.
7529.
7541.
7554.
7567.
7579.
7591.
7604.
7618.
7630.
7643.
7656.
7670.
7682.
7697.
7710.
7723.
7736.
7751.
7764.
7777.
7791.
7805.
7819.
7833.
7846.
7860.
7873.
7887.
7900.
7913.
7927.
7941.
7954.
7967.
7981.
7995.
8008.
8022.
8035.
8048.
8061.
8074.
8088.
8101.
8114.
8127.
8141.
8154.
8167.
8179.
8193.
8205.
8219.
8232.
8244.
8257.
8270.
8282.
8295.
8307.
8319.
8331.
8343.
8355.
8367.
8378.
8390.
8401.
8412.
8423.
8433.
8444.
8454.
8464.
8474.
8485.
8494.
8504.
8514.
8523.
8532.
8541.
8550.
8559.
8568.
8575.
8584.
8591.
8600.
8608.
8615.
8622.
8629.
8636.
8643.
8649.
8656.
8662.
8667.
8673.
8679.
8684.
8689.
8693.
8698.
8702.
8705.
8709.
8713.
8716.
8719.
8722.
8724.
8726.
8728.
8729.
8730.
8730.
8731.
8730.
8730.
8730.
8729.
8728.
8725.
8724.
8721.
8718.
8715.
8711.
8708.
8703.
8699.
8694.
8689.
8683.
8677.
8671.
8664.
8657.
8650.
8643.
8635.
8627.
8619.
8611.
8603.
8594.
8585.
8576.
8567.
8556.
8547.
8537.
8527.
8517.
8507.
8496.
8485.
8474.
8462.
8451.
8440.
8427.
8416.
8404.
8391.
8379.
8366.
8353.
8341.
8327.
8314.
8301.
8288.
8274.
8261.
8247.
8233.
8219.
8205.
8191.
8177.
8162.
8147.
8132.
8117.
8102.
8087.
8072.
8056.
8041.
8026.
8010.
7995.
7979.
7964.
7948.
7933.
7917.
7902.
7886.
7870.
7856.
7840.
7823.
7808.
7792.
7777.
7762.
7746.
7731.
7714.
7699.
7683.
7668.
7652.
7637.
7621.
7605.
7590.
7575.
7559.
7543.
7528.
7513.
7498.
7483.
7468.
7454.
7439.
7424.
7410.
7395.
7382.
7367.
7355.
7341.
7327.
7315.
7302.
7290.
7276.
7264.
7251.
7239.
7227.
7214.
7203.
7191.
7179.
7168.
7157.
7146.
7135.
7124.
7114.
7103.
7093.
7083.
7074.
7064.
7055.
7046.
7036.
7028.
7019.
7010.
7001.
6993.
6984.
6977.
6969.
6960.
6953.
6945.
6939.
6932.
6925.
6918.
6911.
6906.
6899.
6893.
6888.
6883.
6877.
6873.
6869.
6865.
6860.
6856.
6853.
6850.
6847.
6844.
6842.
6839.
6838.
6836.
6835.
6834.
6833.
6833.
6832.
6833.
6833.
6834.
6835.
6837.
6838.
6840.
6841.
6843.
6846.
6849.
6852.
6854.
6858.
6861.
6864.
6869.
6873.
6877.
6881.
6887.
6891.
6896.
6901.
6907.
6912.
6918.
6925.
6931.
6938.
6944.
6951.
6957.
6965.
6972.
6980.
6987.
6995.
7003.
7012.
7020.
7028.
7037.
7046.
7055.
7064.
7073.
7083.
7093.
7102.
7112.
7123.
7133.
7144.
7154.
7165.
7176.
7187.
7198.
7209.
7220.
7232.
7243.
7254.
7264.
7276.
7287.
7299.
7309.
7321.
7332.
7343.
7354.
7366.
7377.
7388.
7399.
7410.
7422.
7433.
7444.
7456.
7467.
7479.
7490.
7502.
7513.
7525.
7536.
7547.
7559.
7571.
7582.
7594.
7605.
7616.
7627.
7639.
7650.
7662.
7673.
7686.
7697.
7709.
7721.
7733.
7745.
7758.
7769.
7782.
7794.
7807.
7819.
7831.
7844.
7856.
7867.
7879.
7890.
7902.
7913.
7925.
7936.
7947.
7958.
7968.
7979.
7989.
8000.
8010.
8021.
8031.
8041.
8051.
8061.
8071.
8081.
8091.
8101.
8110.
8120.
8130.
8139.
8149.
8158.
8167.
8175.
8185.
8192.
8201.
8208.
8217.
8224.
8232.
8240.
8246.
8254.
8260.
8267.
8274.
8279.
8284.
8291.
8296.
8300.
8305.
8310.
8314.
8317.
8320.
8325.
8327.
8330.
8333.
8334.
8336.
8338.
8339.
8339.
8340.
8341.
8341.
8340.
8340.
8339.
8338.
8337.
8335.
8334.
8331.
8329.
8326.
8323.
8320.
8317.
8313.
8309.
8305.
8300.
8296.
8291.
8287.
8281.
8277.
8271.
8266.
8260.
8254.
8247.
8242.
8235.
8229.
8222.
8216.
8208.
8201.
8194.
8186.
8178.
8171.
8163.
8155.
8147.
8139.
8129.
8121.
8112.
8103.
8094.
8086.
8077.
8068.
8058.
8049.
8039.
8029.
8019.
8010.
7999.
7989.
7979.
7968.
7957.
7947.
7936.
7926.
7914.
7904.
7892.
7881.
7870.
7860.
7848.
7837.
7825.
7814.
7802.
7792.
7779.
7767.
7756.
7744.
7732.
7720.
7708.
7696.
7683.
7671.
7659.
7647.
7635.
7622.
7609.
7597.
7584.
7571.
7559.
7547.
7534.
7521.
7509.
7497.
7486.
7473.
7462.
7449.
7438.
7427.
7415.
7405.
7393.
7383.
7372.
7360.
7350.
7340.
7329.
7319.
7309.
7298.
7288.
7278.
7268.
7258.
7248.
7239.
7229.
7220.
7210.
7201.
7192.
7183.
7173.
7165.
7155.
7147.
7138.
7130.
7121.
7113.
7104.
7097.
7088.
7081.
7072.
7064.
7057.
7049.
7041.
7034.
7026.
7019.
7011.
7004.
6997.
6990.
6982.
6976.
6969.
6962.
6955.
6949.
6942.
6936.
6930.
6924.
6917.
6912.
6906.
6901.
6895.
6889.
6884.
6879.
6874.
6869.
6865.
6860.
6855.
6852.
6848.
6845.
6840.
6837.
6834.
6831.
6828.
6825.
6822.
6820.
6817.
6815.
6813.
6812.
6810.
6809.
6807.
6806.
6806.
6805.
6804.
6804.
6804.
6804.
6805.
6805.
6807.
6808.
6809.
6810.
6812.
6814.
6816.
6818.
6820.
6823.
6826.
6830.
6832.
6835.
6839.
6844.
6848.
6852.
6857.
6862.
6867.
6872.
6878.
6883.
6889.
6896.
6902.
6909.
6916.
6922.
6930.
6938.
6945.
6953.
6961.
6970.
6979.
6988.
6998.
7007.
7016.
7026.
7035.
7046.
7057.
7068.
7079.
7090.
7102.
7114.
7126.
7139.
7151.
7164.
7176.
7189.
7203.
7216.
7230.
7243.
7257.
7270.
7284.
7297.
7311.
7325.
7339.
7353.
7367.
7381.
7395.
7409.
7423.
7437.
7451.
7466.
7480.
7495.
7508.
7523.
7538.
7552.
7567.
7582.
7596.
7611.
7625.
7641.
7655.
7670.
7684.
7700.
7714.
7729.
7743.
7756.
7770.
7784.
7798.
7811.
7824.
7837.
7849.
7862.
7874.
7885.
7897.
7909.
7920.
7932.
7941.
7952.
7962.
7972.
7982.
7992.
8001.
8010.
8019.
8028.
8036.
8044.
8052.
8060.
8068.
8076.
8083.
8091.
8097.
8104.
8110.
8116.
8122.
8129.
8133.
8139.
8144.
8149.
8152.
8157.
8161.
8166.
8167.
8171.
8175.
8176.
8179.
8181.
8182.
8184.
8185.
8187.
8186.
8186.
8186.
8186.
8185.
8184.
8182.
8181.
8178.
8176.
8173.
8171.
8168.
8164.
8161.
8159.
8153.
8149.
8145.
8140.
8136.
8131.
8125.
8119.
8114.
8108.
8102.
8096.
8089.
8083.
8076.
8069.
8062.
8056.
8048.
8041.
8033.
8025.
8017.
8009.
8000.
7993.
7983.
7975.
7965.
7956.
7947.
7938.
7928.
7918.
7908.
7898.
7888.
7878.
7868.
7858.
7847.
7836.
7826.
7815.
7804.
7793.
7783.
7772.
7761.
7749.
7739.
7728.
7716.
7705.
7694.
7682.
7670.
7658.
7646.
7635.
7622.
7610.
7598.
7587.
7575.
7563.
7551.
7540.
7528.
7517.
7504.
7493.
7481.
7469.
7458.
7447.
7435.
7423.
7411.
7401.
7389.
7377.
7366.
7354.
7343.
7332.
7321.
7310.
7299.
7288.
7277.
7265.
7254.
7244.
7233.
7222.
7210.
7200.
7189.
7179.
7168.
7157.
7147.
7136.
7125.
7116.
7105.
7095.
7085.
7075.
7065.
7056.
7046.
7037.
7027.
7018.
7008.
6999.
6989.
6981.
6971.
6963.
6954.
6945.
6937.
6929.
6920.
6913.
6904.
6896.
6888.
6880.
6873.
6865.
6858.
6851.
6844.
6836.
6830.
6823.
6817.
6811.
6804.
6798.
6792.
6787.
6781.
6775.
6770.
6765.
6760.
6755.
6749.
6745.
6741.
6736.
6732.
6728.
6724.
6720.
6716.
6713.
6710.
6707.
6704.
6702.
6700.
6697.
6695.
6693.
6693.
6691.
6690.
6689.
6689.
6688.
6687.
6688.
6688.
6689.
6690.
6691.
6692.
6693.
6694.
6697.
6699.
6701.
6703.
6706.
6709.
6711.
6715.
6718.
6722.
6725.
6729.
6733.
6738.
6742.
6747.
6752.
6756.
6763.
6767.
6773.
6779.
6785.
6791.
6797.
6804.
6811.
6818.
6825.
6832.
6839.
6848.
6856.
6864.
6872.
6881.
6890.
6899.
6908.
6918.
6927.
6937.
6947.
6958.
6968.
6979.
6990.
7001.
7013.
7024.
7036.
7047.
7059.
7071.
7084.
7096.
7109.
7122.
7136.
7149.
7162.
7176.
7190.
7204.
7218.
7232.
7247.
7262.
7277.
7292.
7307.
7322.
7337.
7352.
7367.
7383.
7399.
7414.
7429.
7445.
7461.
7476.
7492.
7507.
7523.
7539.
7554.
7569.
7585.
7601.
7616.
7631.
7647.
7662.
7677.
7693.
7709.
7724.
7739.
7755.
7770.
7785.
7801.
7816.
7831.
7846.
7861.
7875.
7890.
7904.
7919.
7933.
7946.
7961.
7974.
7988.
8001.
8014.
8027.
8039.
8051.
8062.
8073.
8085.
8096.
8106.
8117.
8127.
8137.
8146.
8155.
8164.
8173.
8181.
8190.
8198.
8206.
8214.
8222.
8229.
8236.
8243.
8249.
8257.
8263.
8269.
8275.
8280.
8287.
8291.
8295.
8301.
8306.
8309.
8313.
8317.
8320.
8323.
8326.
8328.
8330.
8332.
8333.
8334.
8336.
8336.
8336.
8336.
8335.
8335.
8333.
8332.
8330.
8328.
8326.
8323.
8321.
8318.
8314.
8310.
8306.
8302.
8297.
8292.
8287.
8282.
8276.
8270.
8263.
8257.
8251.
8244.
8237.
8229.
8222.
8215.
8207.
8199.
8190.
8182.
8173.
8164.
8155.
8146.
8136.
8127.
8117.
8107.
8096.
8085.
8075.
8064.
8053.
8043.
8031.
8020.
8009.
7997.
7985.
7973.
7961.
7948.
7936.
7924.
7911.
7898.
7885.
7872.
7859.
7845.
7831.
7818.
7804.
7790.
7776.
7762.
7747.
7733.
7719.
7704.
7689.
7675.
7660.
7646.
7631.
7616.
7601.
7587.
7572.
7557.
7542.
7528.
7513.
7499.
7484.
7470.
7456.
7443.
7429.
7415.
7401.
7387.
7374.
7360.
7347.
7334.
7321.
7308.
7295.
7282.
7269.
7257.
7245.
7233.
7220.
7208.
7196.
7184.
7173.
7161.
7150.
7139.
7128.
7117.
7106.
7095.
7085.
7075.
7065.
7056.
7045.
7036.
7028.
7019.
7010.
7001.
6994.
6986.
6978.
6970.
6963.
6956.
6949.
6943.
6938.
6932.
6927.
6921.
6917.
6912.
6908.
6903.
6899.
6895.
6892.
6889.
6885.
6883.
6881.
6878.
6877.
6874.
6873.
6871.
6870.
6870.
6869.
6867.
6867.
6867.
6868.
6866.
6866.
6868.
6868.
6868.
6869.
6870.
6872.
6872.
6874.
6876.
6877.
6879.
6882.
6884.
6887.
6890.
6892.
6896.
6899.
6902.
6905.
6910.
6913.
6917.
6922.
6926.
6931.
6935.
6940.
6945.
6950.
6956.
6961.
6967.
6971.
6978.
6984.
6990.
6997.
7002.
7008.
7015.
7022.
7028.
7035.
7041.
7048.
7056.
7062.
7069.
7077.
7084.
7091.
7099.
7107.
7115.
7124.
7132.
7141.
7149.
7158.
7167.
7176.
7185.
7195.
7205.
7214.
7225.
7235.
7245.
7256.
7266.
7277.
7287.
7297.
7307.
7318.
7328.
7339.
7349.
7358.
7368.
7378.
7388.
7398.
7407.
7417.
7427.
7436.
7446.
7456.
7465.
7475.
7483.
7493.
7502.
7512.
7522.
7531.
7540.
7550.
7559.
7569.
7578.
7588.
7597.
7607.
7616.
7625.
7634.
7644.
7653.
7663.
7672.
7681.
7690.
7700.
7709.
7717.
7726.
7735.
7744.
7753.
7763.
7771.
7779.
7788.
7797.
7806.
7814.
7823.
7831.
7840.
7847.
7856.
7865.
7874.
7881.
7890.
7898.
7906.
7914.
7923.
7930.
7938.
7946.
7954.
7962.
7970.
7977.
7986.
7992.
8000.
8007.
8015.
8022.
8028.
8034.
8041.
8047.
8053.
8059.
8064.
8071.
8076.
8081.
8086.
8092.
8096.
8100.
8104.
8110.
8114.
8116.
8120.
8124.
8127.
8130.
8134.
8137.
8138.
8140.
8143.
8144.
8145.
8146.
8147.
8148.
8148.
8148.
8148.
8147.
8146.
8145.
8144.
8142.
8140.
8138.
8136.
8134.
8130.
8126.
8122.
8118.
8114.
8109.
8104.
8098.
8093.
8087.
8082.
8075.
8069.
8062.
8055.
8048.
8040.
8032.
8026.
8017.
8009.
8000.
7992.
7983.
7974.
7964.
7955.
7945.
7935.
7925.
7915.
7904.
7894.
7883.
7873.
7861.
7850.
7839.
7827.
7816.
7804.
7792.
7780.
7768.
7756.
7743.
7731.
7717.
7705.
7693.
7680.
7667.
7654.
7642.
7629.
7615.
7602.
7588.
7575.
7562.
7549.
7535.
7522.
7508.
7495.
7481.
7468.
7454.
7441.
7427.
7414.
7402.
7387.
7374.
7361.
7348.
7335.
7322.
7309.
7295.
7283.
7270.
7257.
7244.
7232.
7219.
7207.
7194.
7182.
7169.
7157.
7145.
7133.
7121.
7109.
7097.
7086.
7074.
7063.
7051.
7040.
7029.
7018.
7007.
6997.
6986.
6975.
6965.
6955.
6946.
6936.
6926.
6917.
6908.
6899.
6890.
6882.
6874.
6865.
6857.
6850.
6842.
6834.
6826.
6821.
6813.
6806.
6799.
6793.
6787.
6780.
6774.
6768.
6763.
6757.
6752.
6747.
6742.
6737.
6732.
6727.
6723.
6718.
6714.
6710.
6706.
6703.
6700.
6696.
6693.
6690.
6687.
6684.
6682.
6679.
6677.
6675.
6673.
6672.
6670.
6669.
6667.
6667.
6665.
6666.
6664.
6664.
6664.
6664.
6665.
6666.
6667.
6668.
6669.
6671.
6672.
6674.
6676.
6678.
6681.
6684.
6687.
6690.
6693.
6697.
6701.
6705.
6708.
6713.
6717.
6722.
6726.
6731.
6736.
6741.
6747.
6752.
6758.
6765.
6770.
6777.
6783.
6790.
6797.
6804.
6812.
6820.
6827.
6836.
6844.
6853.
6861.
6871.
6880.
6889.
6900.
6910.
6920.
6930.
6941.
6951.
6963.
6974.
6987.
6998.
7010.
7022.
7033.
7046.
7058.
7071.
7083.
7096.
7109.
7122.
7135.
7149.
7162.
7176.
7190.
7204.
7218.
7231.
7246.
7260.
7275.
7289.
7303.
7317.
7332.
7346.
7362.
7376.
7391.
7405.
7420.
7436.
7451.
7466.
7481.
7497.
7512.
7527.
7542.
7557.
7573.
7588.
7603.
7618.
7633.
7648.
7662.
7676.
7691.
7705.
7719.
7733.
7747.
7761.
7775.
7788.
7802.
7816.
7828.
7842.
7855.
7867.
7879.
7892.
7904.
7916.
7927.
7939.
7950.
7961.
7972.
7983.
7994.
8004.
8014.
8025.
8035.
8044.
8055.
8064.
8073.
8083.
8091.
8100.
8109.
8118.
8126.
8134.
8141.
8149.
8157.
8164.
8170.
8176.
8183.
8189.
8195.
8200.
8205.
8210.
8213.
8217.
8221.
8225.
8227.
8230.
8232.
8233.
8236.
8237.
8237.
8237.
8238.
8238.
8236.
8235.
8234.
8233.
8231.
8228.
8226.
8222.
8218.
8214.
8210.
8206.
8201.
8196.
8190.
8184.
8178.
8172.
8165.
8158.
8151.
8143.
8136.
8127.
8120.
8112.
8103.
8094.
8085.
8076.
8066.
8057.
8047.
8038.
8027.
8017.
8007.
7997.
7986.
7974.
7963.
7951.
7940.
7928.
7916.
7905.
7894.
7880.
7868.
7856.
7844.
7831.
7819.
7806.
7792.
7780.
7766.
7753.
7740.
7727.
7713.
7700.
7687.
7673.
7659.
7645.
7631.
7616.
7602.
7587.
7573.
7559.
7544.
7530.
7516.
7502.
7487.
7473.
7458.
7444.
7429.
7415.
7400.
7385.
7370.
7356.
7342.
7328.
7313.
7299.
7285.
7271.
7257.
7243.
7229.
7215.
7201.
7188.
7175.
7161.
7148.
7135.
7122.
7108.
7096.
7083.
7071.
7058.
7046.
7034.
7023.
7012.
7000.
6989.
6978.
6968.
6957.
6947.
6937.
6927.
6917.
6908.
6899.
6890.
6881.
6872.
6864.
6856.
6847.
6840.
6832.
6825.
6818.
6811.
6804.
6798.
6792.
6786.
6780.
6773.
6769.
6765.
6759.
6754.
6750.
6745.
6742.
6738.
6734.
6731.
6729.
6726.
6722.
6720.
6719.
6716.
6715.
6713.
6713.
6712.
6711.
6712.
6711.
6712.
6712.
6713.
6714.
6715.
6716.
6718.
6721.
6722.
6725.
6727.
6730.
6733.
6735.
6738.
6742.
6746.
6750.
6754.
6759.
6763.
6767.
6772.
6777.
6782.
6788.
6793.
6799.
6804.
6809.
6816.
6823.
6829.
6836.
6842.
6849.
6855.
6862.
6870.
6877.
6885.
6893.
6901.
6909.
6917.
6926.
6935.
6944.
6953.
6963.
6972.
6981.
6992.
7002.
7012.
7023.
7033.
7045.
7056.
7067.
7079.
7091.
7103.
7115.
7127.
7140.
7153.
7166.
7179.
7192.
7205.
7218.
7232.
7245.
7257.
7270.
7283.
7297.
7310.
7322.
7335.
7349.
7361.
7374.
7387.
7400.
7413.
7426.
7439.
7452.
7465.
7479.
7492.
7505.
7520.
7533.
7546.
7560.
7574.
7588.
7602.
7616.
7631.
7645.
7659.
7674.
7688.
7702.
7717.
7731.
7746.
7760.
7775.
7789.
7804.
7818.
7832.
7847.
7861.
7875.
7889.
7903.
7917.
7931.
7944.
7958.
7972.
7986.
7998.
8012.
8027.
8040.
8053.
8066.
8080.
8093.
8106.
8119.
8132.
8144.
8156.
8168.
8180.
8191.
8203.
8214.
8226.
8238.
8249.
8260.
8270.
8281.
8292.
8302.
8312.
8322.
8331.
8341.
8350.
8359.
8367.
8375.
8383.
8391.
8399.
8406.
8412.
8418.
8424.
8430.
8436.
8440.
8445.
8450.
8453.
8456.
8460.
8463.
8465.
8468.
8471.
8471.
8472.
8474.
8474.
8474.
8475.
8473.
8473.
8472.
8470.
8469.
8467.
8465.
8462.
8458.
8454.
8450.
8446.
8441.
8436.
8431.
8425.
8420.
8413.
8407.
8401.
8393.
8386.
8377.
8370.
8361.
8353.
8343.
8335.
8325.
8315.
8305.
8295.
8286.
8274.
8263.
8252.
8240.
8229.
8217.
8205.
8193.
8181.
8168.
8155.
8142.
8129.
8115.
8101.
8087.
8074.
8060.
8045.
8031.
8017.
8002.
7987.
7972.
7958.
7943.
7927.
7912.
7896.
7881.
7865.
7849.
7833.
7817.
7801.
7785.
7768.
7752.
7735.
7719.
7702.
7685.
7668.
7652.
7634.
7618.
7601.
7585.
7567.
7551.
7534.
7518.
7502.
7485.
7469.
7453.
7437.
7420.
7405.
7389.
7373.
7357.
7342.
7326.
7311.
7295.
7280.
7264.
7249.
7234.
7219.
7204.
7189.
7175.
7160.
7146.
7131.
7117.
7102.
7088.
7074.
7060.
7047.
7033.
7020.
7006.
6994.
6980.
6968.
6956.
6943.
6931.
6919.
6907.
6896.
6884.
6873.
6862.
6852.
6841.
6831.
6821.
6811.
6802.
6793.
6784.
6775.
6767.
6759.
6751.
6743.
6737.
6729.
6722.
6715.
6709.
6704.
6697.
6691.
6686.
6680.
6676.
6670.
6666.
6661.
6656.
6653.
6649.
6646.
6643.
6640.
6636.
6634.
6631.
6629.
6627.
6625.
6623.
6622.
6621.
6620.
6619.
6618.
6617.
6618.
6618.
6619.
6619.
6620.
6621.
6622.
6624.
6626.
6627.
6630.
6632.
6634.
6638.
6641.
6644.
6647.
6650.
6654.
6658.
6663.
6666.
6671.
6676.
6681.
6685.
6690.
6695.
6701.
6706.
6712.
6718.
6724.
6730.
6736.
6743.
6749.
6756.
6762.
6769.
6776.
6783.
6790.
6798.
6806.
6814.
6821.
6830.
6838.
6848.
6856.
6865.
6875.
6884.
6894.
6904.
6914.
6924.
6935.
6946.
6958.
6970.
6982.
6993.
7005.
7017.
7030.
7042.
7054.
7066.
7079.
7091.
7104.
7117.
7129.
7143.
7156.
7169.
7182.
7195.
7207.
7221.
7234.
7248.
7261.
7275.
7289.
7301.
7315.
7329.
7343.
7356.
7371.
7384.
7399.
7412.
7428.
7442.
7456.
7471.
7485.
7501.
7515.
7529.
7545.
7559.
7575.
7588.
7603.
7618.
7633.
7646.
7660.
7674.
7688.
7701.
7714.
7727.
7739.
7752.
7765.
7777.
7789.
7801.
7813.
7823.
7835.
7845.
7856.
7867.
7877.
7888.
7898.
7908.
7917.
7927.
7937.
7945.
7955.
7963.
7971.
7981.
7989.
7997.
8005.
8012.
8020.
8027.
8034.
8041.
8047.
8053.
8058.
8064.
8070.
8074.
8078.
8084.
8087.
8090.
8093.
8096.
8099.
8102.
8104.
8105.
8106.
8108.
8108.
8108.
8108.
8107.
8107.
8105.
8104.
8103.
8100.
8098.
8095.
8092.
8089.
8086.
8082.
8078.
8074.
8069.
8064.
8059.
8054.
8048.
8042.
8036.
8029.
8023.
8016.
8009.
8002.
7995.
7987.
7979.
7971.
7963.
7955.
7946.
7938.
7929.
7920.
7911.
7901.
7892.
7883.
7874.
7864.
7853.
7843.
7833.
7822.
7813.
7801.
7791.
7779.
7769.
7757.
7746.
7734.
7723.
7711.
7700.
7688.
7676.
7665.
7652.
7640.
7627.
7614.
7601.
7589.
7575.
7562.
7549.
7536.
7522.
7509.
7495.
7481.
7467.
7453.
7438.
7424.
7410.
7395.
7381.
7367.
7352.
7338.
7324.
7310.
7295.
7281.
7266.
7252.
7238.
7224.
7210.
7196.
7183.
7168.
7155.
7141.
7127.
7113.
7100.
7086.
7072.
7059.
7046.
7033.
7020.
7007.
6994.
6981.
6969.
6956.
6944.
6932.
6920.
6908.
6896.
6884.
6873.
6862.
6851.
6840.
6829.
6818.
6807.
6797.
6786.
6777.
6767.
6757.
6748.
6739.
6730.
6721.
6713.
6705.
6698.
6689.
6682.
6674.
6667.
6661.
6655.
6648.
6644.
6637.
6632.
6627.
6622.
6618.
6614.
6610.
6607.
6603.
6600.
6596.
6595.
6592.
6591.
6588.
6588.
6587.
6586.
6586.
6586.
6586.
6586.
6587.
6589.
6589.
6590.
6592.
6595.
6597.
6600.
6603.
6606.
6610.
6613.
6617.
6622.
6627.
6631.
6636.
6641.
6646.
6652.
6658.
6664.
6670.
6677.
6683.
6690.
6697.
6704.
6710.
6718.
6726.
6734.
6741.
6749.
6758.
6766.
6776.
6783.
6793.
6801.
6811.
6820.
6830.
6839.
6849.
6858.
6869.
6879.
6890.
6899.
6911.
6921.
6932.
6943.
6953.
6965.
6976.
6988.
6999.
7010.
7022.
7034.
7046.
7058.
7070.
7082.
7094.
7107.
7120.
7132.
7145.
7157.
7171.
7183.
7196.
7208.
7221.
7234.
7248.
7261.
7274.
7287.
7300.
7313.
7326.
7339.
7351.
7364.
7377.
7389.
7401.
7413.
7425.
7438.
7449.
7461.
7473.
7484.
7496.
7507.
7519.
7531.
7542.
7553.
7563.
7576.
7586.
7597.
7608.
7619.
7630.
7641.
7651.
7662.
7672.
7683.
7694.
7704.
7714.
7725.
7736.
7745.
7755.
7766.
7776.
7785.
7794.
7804.
7814.
7823.
7832.
7840.
7849.
7857.
7866.
7873.
7880.
7888.
7895.
7902.
7909.
7916.
7922.
7929.
7936.
7942.
7948.
7954.
7961.
7967.
7972.
7978.
7984.
7989.
7995.
8001.
8005.
8010.
8015.
8021.
8025.
8029.
8033.
8038.
8042.
8045.
8048.
8051.
8055.
8057.
8060.
8061.
8063.
8065.
8067.
8067.
8068.
8070.
8070.
8069.
8068.
8068.
8067.
8065.
8064.
8061.
8059.
8056.
8053.
8050.
8047.
8043.
8039.
8035.
8031.
8025.
8020.
8015.
8009.
8003.
7997.
7991.
7984.
7977.
7970.
7963.
7955.
7947.
7939.
7931.
7923.
7913.
7904.
7894.
7885.
7875.
7865.
7855.
7844.
7833.
7823.
7812.
7800.
7789.
7778.
7766.
7754.
7742.
7730.
7718.
7704.
7692.
7679.
7666.
7653.
7640.
7626.
7614.
7600.
7586.
7574.
7560.
7546.
7532.
7519.
7505.
7491.
7477.
7463.
7448.
7434.
7420.
7406.
7392.
7378.
7363.
7348.
7334.
7319.
7305.
7290.
7276.
7261.
7246.
7231.
7217.
7203.
7188.
7174.
7159.
7144.
7129.
7116.
7101.
7087.
7073.
7059.
7045.
7031.
7018.
7004.
6991.
6978.
6965.
6952.
6940.
6927.
6915.
6903.
6892.
6880.
6868.
6857.
6846.
6836.
6825.
6815.
6805.
6795.
6785.
6776.
6767.
6758.
6750.
6741.
6733.
6726.
6718.
6710.
6703.
6696.
6688.
6682.
6675.
6670.
6664.
6658.
6652.
6647.