7370.
7370.
7370.
7370.
7370.
7370.
7370.
7371.
7371.
7371.
7371.
7371.
7372.
7371.
7371.
7372.
7372.
7372.
7372.
7371.
7371.
7372.
7372.
7371.
7372.
7372.
7371.
7372.
7371.
7371.
7371.
7371.
7372.
7372.
7371.
7371.
7370.
7370.
7370.
7370.
7371.
7371.
7371.
7370.
7371.
7371.
7370.
7370.
7370.
7370.
7369.
7370.
7370.
7369.
7369.
7369.
7369.
7369.
7368.
7368.
7368.
7367.
7367.
7368.
7368.
7367.
7366.
7367.
7367.
7367.
7367.
7367.
7367.
7367.
7367.
7367.
7367.
7367.
7366.
7367.
7367.
7367.
7366.
7367.
7367.
7367.
7367.
7366.
7366.
7367.
7367.
7366.
7366.
7366.
7366.
7366.
7367.
7366.
7366.
7366.
7366.
7367.
7367.
7366.
7366.
7367.
7367.
7367.
7367.
7366.
7366.
7367.
7367.
7366.
7366.
7366.
7366.
7366.
7366.
7366.
7365.
7366.
7365.
7365.
7365.
7364.
7363.
7363.
7363.
7363.
7362.
7363.
7362.
7362.
7361.
7361.
7360.
7360.
7359.
7359.
7358.
7358.
7357.
7357.
7356.
7356.
7355.
7355.
7354.
7354.
7353.
7352.
7351.
7352.
7351.
7350.
7350.
7348.
7347.
7347.
7346.
7345.
7344.
7344.
7343.
7343.
7342.
7341.
7340.
7340.
7339.
7339.
7337.
7338.
7337.
7337.
7337.
7336.
7336.
7336.
7335.
7334.
7335.
7334.
7333.
7333.
7334.
7334.
7334.
7334.
7334.
7334.
7334.
7334.
7334.
7334.
7335.
7335.
7335.
7336.
7337.
7336.
7337.
7339.
7339.
7339.
7340.
7340.
7340.
7342.
7342.
7343.
7344.
7344.
7344.
7345.
7346.
7346.
7347.
7348.
7348.
7349.
7349.
7350.
7350.
7351.
7352.
7352.
7352.
7353.
7354.
7354.
7354.
7356.
7356.
7357.
7357.
7357.
7358.
7360.
7359.
7360.
7360.
7360.
7361.
7361.
7361.
7362.
7363.
7363.
7363.
7363.
7364.
7363.
7363.
7364.
7364.
7365.
7364.
7365.
7365.
7366.
7365.
7365.
7366.
7366.
7366.
7366.
7366.
7366.
7366.
7366.
7366.
7366.
7366.
7367.
7366.
7366.
7366.
7366.
7366.
7366.
7365.
7366.
7365.
7366.
7364.
7365.
7365.
7365.
7364.
7364.
7364.
7364.
7363.
7363.
7362.
7363.
7362.
7362.
7361.
7361.
7360.
7360.
7359.
7359.
7358.
7358.
7357.
7357.
7355.
7355.
7354.
7354.
7353.
7352.
7351.
7351.
7350.
7348.
7347.
7346.
7346.
7345.
7344.
7342.
7341.
7339.
7338.
7337.
7336.
7334.
7333.
7330.
7330.
7329.
7327.
7325.
7324.
7323.
7320.
7318.
7317.
7315.
7313.
7311.
7309.
7307.
7305.
7303.
7301.
7299.
7297.
7295.
7293.
7290.
7288.
7286.
7283.
7281.
7278.
7276.
7273.
7270.
7268.
7265.
7263.
7260.
7255.
7253.
7249.
7247.
7243.
7240.
7237.
7234.
7230.
7228.
7224.
7220.
7216.
7213.
7209.
7206.
7203.
7199.
7195.
7191.
7187.
7183.
7178.
7175.
7171.
7167.
7161.
7157.
7153.
7148.
7143.
7139.
7134.
7129.
7124.
7119.
7114.
7109.
7104.
7099.
7094.
7088.
7083.
7078.
7073.
7067.
7061.
7056.
7050.
7044.
7038.
7032.
7026.
7020.
7014.
7007.
7001.
6994.
6988.
6981.
6975.
6968.
6962.
6955.
6948.
6941.
6934.
6927.
6919.
6912.
6906.
6898.
6890.
6883.
6875.
6867.
6859.
6852.
6844.
6835.
6828.
6819.
6811.
6802.
6794.
6786.
6778.
6768.
6760.
6752.
6744.
6733.
6725.
6716.
6707.
6697.
6688.
6679.
6671.
6661.
6652.
6642.
6634.
6624.
6615.
6605.
6595.
6586.
6576.
6567.
6558.
6548.
6539.
6530.
6520.
6511.
6501.
6492.
6482.
6473.
6464.
6455.
6445.
6436.
6427.
6418.
6409.
6401.
6391.
6383.
6374.
6366.
6356.
6348.
6339.
6332.
6323.
6314.
6306.
6298.
6290.
6282.
6274.
6267.
6259.
6252.
6244.
6236.
6230.
6223.
6215.
6209.
6202.
6195.
6189.
6182.
6177.
6170.
6164.
6158.
6152.
6147.
6142.
6136.
6131.
6125.
6121.
6116.
6111.
6107.
6102.
6098.
6094.
6090.
6086.
6082.
6078.
6075.
6071.
6068.
6064.
6061.
6057.
6055.
6052.
6049.
6046.
6044.
6041.
6039.
6036.
6034.
6032.
6031.
6029.
6027.
6025.
6023.
6022.
6020.
6020.
6018.
6018.
6016.
6015.
6015.
6014.
6013.
6013.
6012.
6012.
6011.
6011.
6011.
6011.
6011.
6012.
6013.
6013.
6013.
6014.
6015.
6015.
6017.
6018.
6019.
6020.
6022.
6024.
6025.
6026.
6029.
6031.
6033.
6035.
6038.
6040.
6043.
6045.
6049.
6052.
6056.
6059.
6062.
6066.
6070.
6074.
6078.
6082.
6086.
6091.
6095.
6100.
6105.
6111.
6116.
6121.
6126.
6132.
6138.
6143.
6149.
6156.
6162.
6168.
6176.
6182.
6188.
6194.
6202.
6210.
6218.
6225.
6233.
6241.
6249.
6258.
6266.
6275.
6283.
6292.
6301.
6310.
6319.
6328.
6337.
6347.
6356.
6366.
6376.
6385.
6396.
6406.
6414.
6425.
6435.
6445.
6455.
6466.
6476.
6486.
6497.
6507.
6518.
6529.
6539.
6551.
6562.
6573.
6583.
6595.
6606.
6617.
6628.
6640.
6651.
6663.
6674.
6686.
6697.
6709.
6721.
6733.
6745.
6756.
6768.
6781.
6792.
6803.
6816.
6828.
6840.
6852.
6864.
6876.
6888.
6900.
6912.
6925.
6937.
6949.
6961.
6973.
6984.
6996.
7008.
7020.
7031.
7043.
7055.
7067.
7078.
7090.
7101.
7113.
7124.
7136.
7147.
7159.
7171.
7182.
7193.
7205.
7217.
7228.
7239.
7252.
7264.
7275.
7287.
7298.
7309.
7320.
7332.
7344.
7355.
7367.
7378.
7390.
7400.
7411.
7423.
7435.
7445.
7458.
7469.
7480.
7492.
7503.
7514.
7526.
7537.
7549.
7560.
7572.
7583.
7594.
7605.
7616.
7626.
7636.
7647.
7657.
7667.
7676.
7686.
7696.
7705.
7715.
7724.
7733.
7742.
7751.
7761.
7769.
7778.
7786.
7795.
7803.
7812.
7820.
7828.
7836.
7845.
7852.
7861.
7868.
7877.
7885.
7892.
7900.
7907.
7914.
7921.
7929.
7936.
7943.
7950.
7957.
7964.
7971.
7977.
7984.
7990.
7996.
8003.
8009.
8015.
8021.
8027.
8032.
8038.
8043.
8049.
8055.
8060.
8065.
8070.
8076.
8081.
8086.
8091.
8097.
8102.
8107.
8111.
8116.
8122.
8127.
8131.
8137.
8142.
8146.
8151.
8157.
8161.
8166.
8170.
8176.
8180.
8186.
8190.
8196.
8199.
8204.
8209.
8213.
8218.
8222.
8226.
8231.
8236.
8240.
8244.
8249.
8253.
8256.
8260.
8265.
8269.
8273.
8277.
8281.
8285.
8289.
8293.
8298.
8301.
8305.
8309.
8314.
8318.
8322.
8326.
8330.
8334.
8338.
8343.
8347.
8352.
8356.
8361.
8366.
8370.
8374.
8379.
8383.
8389.
8393.
8398.
8403.
8408.
8412.
8417.
8422.
8427.
8431.
8436.
8441.
8446.
8450.
8454.
8458.
8464.
8467.
8472.
8477.
8481.
8485.
8490.
8495.
8500.
8504.
8508.
8513.
8518.
8523.
8527.
8532.
8536.
8541.
8545.
8550.
8555.
8560.
8564.
8568.
8573.
8578.
8582.
8587.
8591.
8595.
8599.
8604.
8608.
8612.
8615.
8619.
8624.
8627.
8631.
8635.
8639.
8642.
8645.
8649.
8652.
8655.
8659.
8661.
8664.
8667.
8670.
8672.
8675.
8676.
8679.
8680.
8683.
8684.
8686.
8687.
8688.
8689.
8690.
8691.
8691.
8692.
8693.
8692.
8691.
8691.
8691.
8690.
8689.
8688.
8687.
8685.
8684.
8682.
8680.
8678.
8675.
8673.
8671.
8669.
8665.
8662.
8659.
8655.
8652.
8648.
8644.
8639.
8635.
8631.
8625.
8621.
8616.
8611.
8605.
8599.
8593.
8587.
8581.
8574.
8567.
8560.
8553.
8545.
8537.
8530.
8522.
8513.
8504.
8496.
8487.
8477.
8467.
8458.
8448.
8437.
8427.
8415.
8404.
8393.
8381.
8370.
8358.
8346.
8333.
8320.
8307.
8294.
8281.
8267.
8254.
8240.
8226.
8212.
8198.
8183.
8169.
8154.
8139.
8124.
8109.
8094.
8078.
8062.
8047.
8031.
8015.
7999.
7983.
7967.
7951.
7935.
7918.
7901.
7886.
7868.
7852.
7834.
7818.
7801.
7784.
7767.
7750.
7733.
7715.
7698.
7681.
7664.
7647.
7629.
7613.
7596.
7579.
7562.
7545.
7528.
7511.
7494.
7478.
7461.
7444.
7428.
7411.
7395.
7379.
7363.
7347.
7330.
7315.
7299.
7283.
7266.
7251.
7236.
7220.
7205.
7190.
7174.
7160.
7145.
7129.
7115.
7100.
7085.
7071.
7057.
7043.
7028.
7014.
7000.
6986.
6973.
6959.
6946.
6933.
6920.
6906.
6894.
6881.
6868.
6854.
6842.
6830.
6817.
6805.
6794.
6781.
6770.
6758.
6746.
6735.
6723.
6712.
6702.
6690.
6679.
6668.
6657.
6647.
6637.
6626.
6616.
6606.
6595.
6585.
6575.
6565.
6555.
6545.
6535.
6527.
6516.
6507.
6497.
6489.
6479.
6469.
6459.
6451.
6442.
6433.
6424.
6414.
6405.
6396.
6388.
6380.
6370.
6361.
6353.
6345.
6336.
6328.
6319.
6311.
6303.
6295.
6286.
6279.
6271.
6263.
6254.
6247.
6239.
6232.
6225.
6217.
6208.
6202.
6194.
6188.
6180.
6174.
6166.
6159.
6152.
6146.
6139.
6132.
6126.
6120.
6113.
6107.
6100.
6094.
6089.
6083.
6076.
6071.
6064.
6059.
6053.
6048.
6042.
6036.
6031.
6026.
6020.
6015.
6009.
6005.
6000.
5995.
5990.
5986.
5980.
5976.
5972.
5968.
5963.
5959.
5954.
5951.
5946.
5943.
5939.
5935.
5931.
5927.
5923.
5920.
5916.
5913.
5909.
5906.
5903.
5899.
5896.
5893.
5891.
5888.
5886.
5883.
5881.
5878.
5875.
5873.
5871.
5869.
5866.
5864.
5863.
5860.
5858.
5857.
5855.
5854.
5852.
5851.
5849.
5848.
5847.
5846.
5844.
5844.
5842.
5842.
5841.
5840.
5839.
5838.
5838.
5838.
5837.
5837.
5836.
5837.
5837.
5837.
5837.
5838.
5838.
5838.
5838.
5839.
5840.
5842.
5842.
5843.
5844.
5846.
5847.
5849.
5850.
5852.
5853.
5855.
5857.
5859.
5861.
5863.
5866.
5869.
5871.
5874.
5877.
5880.
5883.
5885.
5889.
5893.
5896.
5900.
5903.
5908.
5912.
5916.
5920.
5924.
5929.
5934.
5939.
5944.
5949.
5955.
5960.
5966.
5971.
5977.
5984.
5990.
5997.
6003.
6009.
6016.
6023.
6030.
6037.
6044.
6051.
6058.
6065.
6074.
6081.
6089.
6096.
6105.
6112.
6121.
6129.
6137.
6145.
6154.
6163.
6171.
6181.
6189.
6199.
6209.
6218.
6228.
6238.
6248.
6258.
6269.
6279.
6290.
6301.
6312.
6323.
6334.
6346.
6358.
6368.
6381.
6392.
6404.
6416.
6428.
6440.
6452.
6464.
6476.
6488.
6501.
6512.
6525.
6536.
6549.
6561.
6574.
6585.
6597.
6610.
6622.
6634.
6647.
6660.
6672.
6686.
6699.
6712.
6724.
6738.
6751.
6765.
6778.
6792.
6805.
6819.
6832.
6846.
6859.
6873.
6887.
6900.
6913.
6927.
6940.
6953.
6966.
6979.
6992.
7005.
7017.
7029.
7042.
7054.
7067.
7079.
7091.
7103.
7116.
7128.
7140.
7152.
7164.
7176.
7188.
7201.
7213.
7226.
7238.
7251.
7264.
7276.
7289.
7301.
7314.
7327.
7340.
7353.
7366.
7379.
7392.
7404.
7416.
7428.
7440.
7452.
7464.
7476.
7488.
7498.
7510.
7521.
7532.
7544.
7554.
7565.
7576.
7587.
7597.
7609.
7620.
7629.
7640.
7650.
7661.
7672.
7682.
7692.
7703.
7713.
7723.
7733.
7744.
7754.
7764.
7774.
7784.
7794.
7804.
7815.
7824.
7835.
7845.
7855.
7865.
7876.
7886.
7896.
7907.
7917.
7926.
7937.
7947.
7956.
7967.
7977.
7987.
7997.
8007.
8017.
8027.
8036.
8047.
8056.
8067.
8077.
8086.
8096.
8106.
8115.
8125.
8135.
8144.
8153.
8162.
8170.
8178.
8187.
8196.
8204.
8212.
8220.
8228.
8236.
8244.
8252.
8259.
8266.
8274.
8282.
8288.
8295.
8302.
8310.
8317.
8324.
8330.
8337.
8344.
8350.
8357.
8362.
8369.
8375.
8382.
8387.
8393.
8398.
8404.
8410.
8416.
8421.
8426.
8432.
8436.
8442.
8447.
8451.
8456.
8461.
8466.
8469.
8473.
8478.
8483.
8487.
8490.
8494.
8498.
8500.
8503.
8507.
8510.
8513.
8516.
8518.
8521.
8523.
8525.
8527.
8528.
8530.
8531.
8532.
8533.
8534.
8535.
8535.
8536.
8536.
8537.
8537.
8537.
8537.
8537.
8536.
8536.
8535.
8535.
8534.
8533.
8532.
8531.
8530.
8529.
8528.
8526.
8524.
8523.
8521.
8519.
8517.
8515.
8512.
8510.
8506.
8504.
8501.
8498.
8495.
8492.
8488.
8484.
8480.
8475.
8471.
8467.
8462.
8457.
8452.
8446.
8440.
8435.
8429.
8423.
8416.
8410.
8404.
8396.
8389.
8382.
8375.
8368.
8359.
8352.
8343.
8335.
8326.
8317.
8308.
8299.
8289.
8280.
8269.
8260.
8249.
8239.
8229.
8218.
8207.
8197.
8184.
8173.
8161.
8150.
8138.
8126.
8114.
8102.
8089.
8077.
8063.
8050.
8037.
8024.
8010.
7997.
7983.
7969.
7955.
7940.
7926.
7911.
7898.
7883.
7869.
7853.
7838.
7823.
7809.
7793.
7777.
7762.
7747.
7731.
7715.
7700.
7684.
7669.
7652.
7637.
7621.
7605.
7588.
7573.
7556.
7540.
7523.
7507.
7491.
7475.
7459.
7442.
7426.
7409.
7392.
7376.
7359.
7343.
7326.
7311.
7294.
7278.
7261.
7246.
7229.
7213.
7198.
7181.
7165.
7149.
7134.
7118.
7103.
7088.
7072.
7057.
7042.
7027.
7012.
6998.
6983.
6968.
6953.
6940.
6925.
6911.
6897.
6883.
6869.
6855.
6842.
6828.
6815.
6802.
6790.
6777.
6764.
6752.
6739.
6727.
6715.
6703.
6691.
6679.
6669.
6657.
6646.
6635.
6624.
6613.
6602.
6592.
6582.
6572.
6562.
6552.
6543.
6532.
6523.
6514.
6504.
6496.
6486.
6477.
6469.
6460.
6450.
6443.
6435.
6426.
6417.
6410.
6403.
6395.
6386.
6379.
6370.
6363.
6355.
6349.
6341.
6334.
6326.
6319.
6312.
6305.
6297.
6290.
6283.
6277.
6269.
6263.
6255.
6249.
6242.
6236.
6229.
6223.
6215.
6209.
6203.
6197.
6190.
6184.
6178.
6172.
6165.
6159.
6153.
6147.
6141.
6135.
6129.
6123.
6117.
6111.
6105.
6099.
6093.
6087.
6082.
6076.
6071.
6065.
6060.
6055.
6050.
6045.
6039.
6034.
6029.
6024.
6019.
6014.
6009.
6005.
6000.
5995.
5990.
5986.
5980.
5976.
5972.
5968.
5963.
5959.
5954.
5950.
5946.
5943.
5939.
5935.
5931.
5928.
5924.
5920.
5917.
5914.
5911.
5907.
5904.
5901.
5898.
5895.
5893.
5889.
5887.
5884.
5882.
5880.
5878.
5875.
5873.
5871.
5868.
5866.
5864.
5863.
5861.
5860.
5858.
5856.
5855.
5853.
5852.
5851.
5850.
5849.
5848.
5847.
5847.
5846.
5845.
5844.
5844.
5843.
5843.
5843.
5843.
5842.
5842.
5843.
5844.
5844.
5844.
5845.
5845.
5846.
5846.
5848.
5848.
5850.
5850.
5852.
5853.
5855.
5855.
5857.
5858.
5860.
5862.
5864.
5866.
5869.
5870.
5872.
5875.
5878.
5880.
5882.
5885.
5887.
5890.
5893.
5896.
5899.
5902.
5905.
5909.
5912.
5915.
5919.
5923.
5927.
5930.
5934.
5938.
5942.
5946.
5951.
5955.
5959.
5964.
5968.
5973.
5977.
5982.
5988.
5993.
5998.
6004.
6008.
6015.
6020.
6026.
6031.
6038.
6045.
6050.
6058.
6064.
6072.
6079.
6086.
6094.
6102.
6109.
6117.
6126.
6134.
6142.
6150.
6159.
6168.
6177.
6186.
6195.
6205.
6214.
6223.
6233.
6242.
6253.
6262.
6272.
6282.
6292.
6303.
6313.
6324.
6334.
6345.
6356.
6367.
6378.
6389.
6401.
6412.
6424.
6436.
6448.
6461.
6472.
6485.
6499.
6511.
6525.
6537.
6551.
6564.
6578.
6592.
6605.
6619.
6632.
6646.
6660.
6674.
6688.
6702.
6716.
6731.
6745.
6759.
6774.
6788.
6802.
6817.
6832.
6847.
6861.
6877.
6891.
6907.
6922.
6937.
6953.
6969.
6984.
6999.
7014.
7030.
7046.
7062.
7078.
7094.
7110.
7126.
7142.
7158.
7174.
7190.
7206.
7223.
7238.
7255.
7271.
7287.
7303.
7319.
7335.
7352.
7367.
7383.
7400.
7417.
7433.
7449.
7466.
7483.
7499.
7516.
7533.
7550.
7566.
7583.
7600.
7617.
7633.
7650.
7667.
7684.
7701.
7718.
7734.
7752.
7769.
7785.
7801.
7818.
7834.
7850.
7867.
7882.
7898.
7914.
7930.
7945.
7961.
7975.
7991.
8006.
8021.
8036.
8051.
8066.
8081.
8095.
8109.
8124.
8139.
8153.
8167.
8181.
8196.
8210.
8224.
8238.
8251.
8264.
8277.
8291.
8303.
8318.
8330.
8343.
8356.
8368.
8381.
8393.
8405.
8417.
8429.
8440.
8452.
8464.
8475.
8486.
8498.
8508.
8520.
8530.
8542.
8552.
8563.
8573.
8583.
8592.
8602.
8612.
8622.
8632.
8642.
8651.
8660.
8669.
8679.
8688.
8696.
8704.
8713.
8722.
8729.
8737.
8745.
8753.
8760.
8767.
8774.
8781.
8788.
8794.
8801.
8807.
8814.
8819.
8824.
8830.
8837.
8841.
8847.
8852.
8857.
8861.
8867.
8871.
8875.
8879.
8883.
8888.
8891.
8896.
8899.
8903.
8906.
8909.
8911.
8915.
8918.
8921.
8923.
8926.
8928.
8930.
8932.
8934.
8935.
8937.
8939.
8940.
8942.
8943.
8944.
8944.
8946.
8946.
8948.
8948.
8948.
8948.
8948.
8948.
8948.
8947.
8947.
8946.
8945.
8945.
8943.
8942.
8941.
8939.
8938.
8936.
8934.
8931.
8929.
8928.
8924.
8921.
8918.
8916.
8912.
8908.
8904.
8901.
8897.
8893.
8888.
8884.
8880.
8875.
8871.
8865.
8860.
8854.
8849.
8844.
8838.
8831.
8825.
8819.
8812.
8805.
8798.
8790.
8783.
8776.
8767.
8759.
8751.
8742.
8733.
8724.
8715.
8706.
8696.
8686.
8676.
8666.
8656.
8646.
8634.
8623.
8612.
8601.
8588.
8576.
8564.
8552.
8539.
8527.
8514.
8501.
8487.
8474.
8460.
8446.
8433.
8418.
8404.
8389.
8375.
8360.
8345.
8331.
8317.
8301.
8286.
8270.
8255.
8239.
8224.
8208.
8193.
8177.
8161.
8145.
8130.
8114.
8098.
8081.
8065.
8049.
8033.
8017.
8001.
7985.
7969.
7952.
7936.
7920.
7904.
7887.
7871.
7855.
7839.
7822.
7806.
7790.
7774.
7758.
7741.
7725.
7709.
7693.
7677.
7661.
7645.
7629.
7613.
7597.
7582.
7566.
7550.
7534.
7518.
7503.
7488.
7473.
7458.
7444.
7428.
7413.
7398.
7384.
7369.
7354.
7340.
7326.
7312.
7298.
7284.
7270.
7256.
7243.
7229.
7215.
7202.
7188.
7176.
7163.
7150.
7138.
7125.
7112.
7099.
7087.
7075.
7062.
7051.
7039.
7027.
7015.
7004.
6992.
6980.
6969.
6958.
6947.
6936.
6925.
6914.
6903.
6893.
6882.
6872.
6862.
6852.
6841.
6831.
6821.
6811.
6802.
6792.
6782.
6773.
6764.
6754.
6744.
6735.
6726.
6718.
6708.
6699.
6690.
6682.
6673.
6664.
6655.
6647.
6639.
6630.
6622.
6614.
6606.
6597.
6589.
6581.
6573.
6565.
6557.
6550.
6542.
6534.
6527.
6519.
6511.
6503.
6497.
6489.
6481.
6474.
6467.
6460.
6453.
6445.
6439.
6431.
6425.
6418.
6411.
6405.
6398.
6391.
6384.
6377.
6371.
6364.
6358.
6351.
6345.
6339.
6332.
6326.
6320.
6313.
6308.
6301.
6296.
6290.
6284.
6278.
6272.
6266.
6262.
6257.
6251.
6245.
6240.
6235.
6230.
6225.
6219.
6214.
6210.
6205.
6200.
6195.
6191.
6186.
6182.
6177.
6173.
6169.
6164.
6160.
6156.
6151.
6148.
6144.
6140.
6136.
6132.
6128.
6124.
6121.
6118.
6114.
6111.
6107.
6104.
6101.
6098.
6094.
6092.
6089.
6086.
6082.
6080.
6077.
6075.
6071.
6069.
6067.
6064.
6062.
6061.
6058.
6056.
6054.
6053.
6050.
6048.
6046.
6045.
6042.
6040.
6040.
6038.
6036.
6034.
6033.
6031.
6031.
6030.
6028.
6027.
6026.
6024.
6024.
6022.
6022.
6021.
6020.
6019.
6018.
6017.
6017.
6016.
6016.
6015.
6015.
6015.
6014.
6015.
6014.
6014.
6013.
6014.
6013.
6012.
6013.
6013.
6013.
6012.
6013.
6013.
6013.
6013.
6014.
6014.
6015.
6015.
6016.
6016.
6017.
6018.
6019.
6020.
6021.
6022.
6023.
6024.
6025.
6027.
6029.
6030.
6031.
6034.
6037.
6038.
6041.
6043.
6046.
6049.
6053.
6056.
6058.
6062.
6066.
6070.
6074.
6078.
6082.
6087.
6091.
6096.
6101.
6107.
6112.
6117.
6122.
6127.
6134.
6140.
6146.
6152.
6159.
6165.
6172.
6179.
6186.
6192.
6200.
6207.
6214.
6222.
6231.
6238.
6247.
6255.
6263.
6272.
6281.
6291.
6301.
6311.
6320.
6331.
6341.
6352.
6363.
6374.
6385.
6397.
6409.
6420.
6432.
6445.
6457.
6470.
6482.
6496.
6508.
6522.
6535.
6548.
6561.
6575.
6589.
6603.
6616.
6631.
6645.
6659.
6674.
6688.
6703.
6718.
6733.
6748.
6764.
6779.
6794.
6810.
6826.
6841.
6857.
6874.
6890.
6906.
6922.
6939.
6956.
6973.
6990.
7007.
7023.
7040.
7057.
7075.
7093.
7110.
7128.
7146.
7163.
7182.
7199.
7217.
7235.
7253.
7271.
7290.
7308.
7326.
7343.
7362.
7379.
7398.
7415.
7433.
7451.
7469.
7487.
7504.
7522.
7539.
7556.
7575.
7591.
7610.
7627.
7645.
7662.
7680.
7697.
7715.
7733.
7750.
7767.
7784.
7801.
7818.
7835.
7852.
7869.
7887.
7903.
7920.
7936.
7952.
7968.
7984.
7999.
8015.
8030.
8046.
8061.
8077.
8092.
8107.
8121.
8136.
8150.
8164.
8178.
8192.
8206.
8220.
8233.
8247.
8260.
8273.
8285.
8298.
8311.
8323.
8335.
8347.
8359.
8371.
8382.
8394.
8405.
8416.
8427.
8438.
8448.
8459.
8469.
8480.
8489.
8498.
8508.
8517.
8526.
8535.
8543.
8553.
8560.
8568.
8576.
8584.
8591.
8599.
8605.
8614.
8619.
8626.
8632.
8639.
8645.
8650.
8656.
8662.
8667.
8672.
8679.
8684.
8688.
8692.
8697.
8702.
8706.
8710.
8714.
8718.
8721.
8725.
8729.
8732.
8735.
8738.
8740.
8743.
8746.
8749.
8751.
8753.
8755.
8757.
8759.
8761.
8762.
8764.
8765.
8766.
8768.
8768.
8769.
8770.
8771.
8771.
8771.
8772.
8772.
8772.
8772.
8772.
8772.
8771.
8770.
8770.
8769.
8768.
8768.
8766.
8766.
8765.
8763.
8762.
8761.
8760.
8758.
8756.
8755.
8753.
8751.
8749.
8748.
8746.
8744.
8742.
8740.
8738.
8735.
8733.
8731.
8729.
8726.
8725.
8722.
8720.
8718.
8716.
8713.
8711.
8707.
8705.
8703.
8701.
8698.
8695.
8693.
8690.
8687.
8684.
8681.
8678.
8675.
8672.
8669.
8666.
8663.
8660.
8656.
8652.
8648.
8645.
8641.
8636.
8632.
8627.
8622.
8618.
8613.
8607.
8602.
8597.
8590.
8584.
8579.
8573.
8566.
8560.
8554.
8546.
8539.
8531.
8524.
8516.
8509.
8500.
8492.
8483.
8474.
8466.
8457.
8448.
8438.
8428.
8417.
8408.
8397.
8387.
8375.
8365.
8353.
8342.
8331.
8319.
8307.
8295.
8283.
8270.
8258.
8244.
8232.
8219.
8205.
8191.
8177.
8164.
8149.
8136.
8121.
8106.
8091.
8076.
8062.
8046.
8030.
8015.
7999.
7984.
7967.
7951.
7936.
7919.
7903.
7887.
7870.
7854.
7838.
7822.
7806.
7789.
7773.
7757.
7740.
7723.
7707.
7691.
7675.
7658.
7642.
7625.
7609.
7593.
7577.
7561.
7545.
7528.
7512.
7496.
7479.
7463.
7447.
7432.
7416.
7401.
7384.
7369.
7353.
7337.
7322.
7306.
7291.
7275.
7261.
7246.
7231.
7216.
7202.
7187.
7173.
7159.
7145.
7131.
7117.
7103.
7089.
7076.
7063.
7050.
7037.
7024.
7010.
6998.
6985.
6973.
6960.
6948.
6937.
6925.
6912.
6901.
6889.
6878.
6867.
6856.
6844.
6833.
6822.
6812.
6800.
6790.
6779.
6769.
6758.
6748.
6739.
6729.
6719.
6709.
6701.
6691.
6681.
6672.
6662.
6653.
6644.
6635.
6626.
6618.
6609.
6601.
6592.
6584.
6575.
6566.
6558.
6550.
6542.
6534.
6526.
6518.
6511.
6502.
6496.
6487.
6480.
6473.
6466.
6459.
6451.
6444.
6438.
6431.
6425.
6418.
6411.
6405.
6398.
6392.
6386.
6379.
6373.
6366.
6361.
6354.
6348.
6342.
6336.
6330.
6324.
6317.
6312.
6305.
6299.
6293.
6288.
6282.
6277.
6271.
6265.
6260.
6254.
6249.
6244.
6238.
6234.
6228.
6223.
6217.
6213.
6208.
6203.
6198.
6194.
6189.
6184.
6179.
6175.
6171.
6166.
6162.
6158.
6153.
6149.
6144.
6140.
6136.
6133.
6129.
6124.
6120.
6116.
6113.
6109.
6106.
6102.
6099.
6095.
6092.
6089.
6086.
6082.
6080.
6077.
6074.
6070.
6068.
6065.
6062.
6060.
6058.
6055.
6053.
6050.
6048.
6045.
6043.
6041.
6039.
6038.
6036.
6034.
6032.
6031.
6029.
6027.
6026.
6024.
6023.
6021.
6020.
6018.
6017.
6016.
6014.
6013.
6013.
6011.
6010.
6008.
6008.
6007.
6006.
6005.
6005.
6004.
6002.
6002.
6002.
6002.
6002.
6002.
6002.
6001.
6001.
6002.
6002.
6001.
6002.
6002.
6003.
6003.
6003.
6004.
6004.
6005.
6006.
6007.
6008.
6009.
6010.
6011.
6012.
6014.
6015.
6016.
6018.
6019.
6022.
6024.
6024.
6027.
6030.
6032.
6034.
6037.
6040.
6043.
6045.
6049.
6053.
6057.
6060.
6064.
6069.
6074.
6078.
6083.
6088.
6093.
6099.
6104.
6110.
6115.
6121.
6127.
6134.
6140.
6146.
6153.
6160.
6167.
6174.
6181.
6189.
6197.
6205.
6212.
6220.
6229.
6237.
6246.
6255.
6263.
6272.
6282.
6292.
6301.
6312.
6322.
6333.
6342.
6353.
6365.
6376.
6387.
6400.
6411.
6423.
6435.
6447.
6460.
6471.
6484.
6497.
6509.
6522.
6534.
6546.
6559.
6571.
6584.
6597.
6609.
6622.
6634.
6647.
6658.
6672.
6684.
6696.
6709.
6721.
6734.
6747.
6759.
6772.
6785.
6798.
6811.
6823.
6836.
6850.
6862.
6876.
6889.
6903.
6916.
6929.
6942.
6956.
6969.
6983.
6996.
7009.
7023.
7037.
7050.
7063.
7076.
7089.
7102.
7115.
7128.
7141.
7154.
7166.
7179.
7192.
7204.
7217.
7230.
7243.
7255.
7267.
7280.
7293.
7306.
7318.
7331.
7344.
7357.
7370.
7383.
7396.
7409.
7421.
7434.
7447.
7460.
7473.
7486.
7499.
7512.
7524.
7538.
7550.
7563.
7575.
7587.
7601.
7613.
7626.
7638.
7649.
7661.
7673.
7684.
7696.
7706.
7718.
7730.
7741.
7752.
7763.
7774.
7786.
7796.
7808.
7819.
7830.
7841.
7852.
7863.
7875.
7886.
7898.
7909.
7920.
7930.
7941.
7952.
7963.
7973.
7984.
7995.
8006.
8016.
8027.
8038.
8048.
8058.
8069.
8080.
8090.
8101.
8112.
8122.
8133.
8143.
8153.
8164.
8174.
8184.
8196.
8205.
8216.
8226.
8237.
8247.
8257.
8267.
8278.
8288.
8298.
8309.
8319.
8329.
8339.
8349.
8359.
8369.
8379.
8389.
8400.
8408.
8418.
8427.
8436.
8445.
8455.
8463.
8471.
8480.
8488.
8496.
8503.
8510.
8518.
8526.
8532.
8539.
8546.
8554.
8560.
8567.
8574.
8580.
8586.
8592.
8598.
8604.
8610.
8615.
8621.
8626.
8631.
8636.
8643.
8647.
8651.
8656.
8661.
8665.
8668.
8672.
8677.
8681.
8683.
8688.
8691.
8695.
8697.
8700.
8703.
8705.
8708.
8710.
8712.
8714.
8716.
8718.
8720.
8720.
8722.
8723.
8724.
8724.
8725.
8725.
8726.
8726.
8726.
8725.
8725.
8724.
8724.
8723.
8722.
8721.
8720.
8719.
8717.
8716.
8714.
8712.
8711.
8708.
8706.
8704.
8702.
8700.
8698.
8694.
8692.
8689.
8685.
8683.
8679.
8676.
8672.
8669.
8665.
8662.
8657.
8653.
8649.
8645.
8641.
8636.
8631.
8626.
8622.
8616.
8610.
8605.
8600.
8593.
8587.
8581.
8574.
8568.
8561.
8554.
8547.
8539.
8531.
8523.
8515.
8507.
8497.
8489.
8479.
8470.
8460.
8450.
8440.
8429.
8419.
8408.
8397.
8386.
8374.
8362.
8350.
8338.
8325.
8312.
8299.
8286.
8273.
8259.
8245.
8231.
8216.
8203.
8188.
8173.
8158.
8143.
8127.
8112.
8096.
8081.
8064.
8049.
8032.
8016.
7999.
7982.
7966.
7948.
7931.
7914.
7897.
7880.
7863.
7844.
7827.
7809.
7791.
7772.
7755.
7736.
7718.
7700.
7681.
7663.
7644.
7626.
7607.
7588.
7571.
7552.
7533.
7514.
7494.
7476.
7457.
7438.
7419.
7400.
7381.
7362.
7343.
7323.
7304.
7285.
7266.
7247.
7229.
7209.
7191.
7172.
7153.
7135.
7116.
7097.
7079.
7060.
7042.
7023.
7005.
6988.
6970.
6951.
6933.
6916.
6898.
6881.
6863.
6846.
6829.
6811.
6795.
6778.
6761.
6744.
6728.
6711.
6695.
6679.
6663.
6647.
6632.
6616.
6599.
6584.
6569.
6554.
6539.
6524.
6510.
6495.
6481.
6466.
6452.
6438.
6424.
6410.
6397.
6383.
6370.
6357.
6344.
6331.
6319.
6306.
6294.
6281.
6269.
6256.
6244.
6234.
6223.
6210.
6200.
6189.
6177.
6167.
6156.
6145.
6135.
6125.
6115.
6105.
6095.
6086.
6077.
6067.
6059.
6049.
6040.
6031.
6023.
6015.
6007.
5999.
5991.
5983.
5975.
5968.
5960.
5953.
5946.
5940.
5933.
5926.
5920.
5913.
5906.
5900.
5894.
5888.
5883.
5877.
5872.
5866.
5861.
5855.
5851.
5845.
5841.
5836.
5831.
5826.
5822.
5818.
5813.
5809.
5805.
5801.
5797.
5793.
5789.
5785.
5782.
5778.
5775.
5772.
5769.
5766.
5763.
5760.
5757.
5755.
5752.
5749.
5747.
5744.
5742.
5740.
5738.
5736.
5734.
5732.
5731.
5729.
5727.
5726.
5724.
5724.
5722.
5721.
5720.
5719.
5718.
5717.
5717.
5716.
5716.
5714.
5715.
5714.
5714.
5713.
5713.
5713.
5713.
5712.
5713.
5713.
5713.
5713.
5713.
5714.
5713.
5714.
5714.
5714.
5715.
5716.
5716.
5717.
5718.
5718.
5719.
5720.
5721.
5721.
5722.
5722.
5723.
5724.
5725.
5725.
5726.
5727.
5728.
5728.
5729.
5729.
5730.
5731.
5732.
5733.
5733.
5734.
5735.
5736.
5737.
5737.
5738.
5739.
5740.
5740.
5741.
5742.
5744.
5745.
5746.
5747.
5749.
5749.
5750.
5752.
5754.
5754.
5756.
5757.
5759.
5760.
5763.
5764.
5765.
5767.
5770.
5771.
5773.
5775.
5778.
5780.
5781.
5784.
5787.
5790.
5792.
5796.
5798.
5802.
5805.
5809.
5813.
5817.
5821.
5825.
5829.
5834.
5839.
5845.
5850.
5856.
5861.
5867.
5874.
5880.
5887.
5894.
5901.
5908.
5915.
5923.
5931.
5939.
5947.
5955.
5964.
5972.
5980.
5990.
5999.
6008.
6017.
6026.
6035.
6044.
6055.
6064.
6074.
6084.
6094.
6106.
6116.
6126.
6138.
6149.
6161.
6172.
6184.
6196.
6208.
6220.
6233.
6245.
6258.
6270.
6283.
6296.
6309.
6322.
6335.
6348.
6361.
6374.
6387.
6401.
6413.
6427.
6440.
6453.
6466.
6480.
6493.
6506.
6520.
6533.
6547.
6560.
6574.
6588.
6601.
6616.
6629.
6644.
6658.
6672.
6687.
6702.
6718.
6733.
6748.
6763.
6778.
6794.
6809.
6825.
6841.
6857.
6872.
6888.
6904.
6920.
6936.
6952.
6968.
6984.
7000.
7015.
7031.
7047.
7063.
7079.
7095.
7111.
7127.
7143.
7159.
7175.
7192.
7208.
7224.
7240.
7257.
7273.
7289.
7306.
7323.
7339.
7356.
7373.
7389.
7405.
7422.
7439.
7455.
7472.
7489.
7506.
7524.
7539.
7557.
7574.
7590.
7606.
7622.
7639.
7655.
7671.
7688.
7703.
7719.
7734.
7750.
7766.
7781.
7796.
7812.
7827.
7842.
7857.
7872.
7887.
7902.
7916.
7931.
7945.
7960.
7974.
7988.
8003.
8018.
8031.
8045.
8059.
8073.
8086.
8100.
8114.
8126.
8140.
8153.
8166.
8179.
8192.
8204.
8217.
8229.
8241.
8254.
8266.
8277.
8289.
8300.
8312.
8322.
8333.
8344.
8355.
8365.
8376.
8385.
8395.
8404.
8413.
8423.
8431.
8440.
8448.
8456.
8464.
8472.
8479.
8486.
8493.
8500.
8506.
8512.
8517.
8524.
8529.
8534.
8539.
8544.
8548.
8552.
8556.
8561.
8563.
8567.
8570.
8573.
8576.
8578.
8580.
8581.
8583.
8584.
8585.
8586.
8587.
8587.
8587.
8587.
8587.
8587.
8585.
8584.
8583.
8582.
8580.
8577.
8576.
8573.
8570.
8567.
8564.
8561.
8557.
8554.
8549.
8546.
8541.
8537.
8532.
8527.
8523.
8517.
8512.
8507.
8501.
8496.
8490.
8484.
8478.
8472.
8467.
8460.
8454.
8448.
8441.
8434.
8428.
8421.
8414.
8407.
8400.
8392.
8385.
8378.
8370.
8361.
8353.
8346.
8337.
8329.
8321.
8312.
8303.
8294.
8286.
8277.
8267.
8258.
8248.
8238.
8228.
8218.
8208.
8198.
8187.
8176.
8164.
8153.
8142.
8130.
8118.
8107.
8095.
8083.
8071.
8059.
8046.
8033.
8020.
8007.
7995.
7981.
7968.
7955.
7941.
7928.
7914.
7901.
7887.
7873.
7858.
7844.
7829.
7816.
7800.
7786.
7770.
7756.
7741.
7726.
7711.
7695.
7681.
7665.
7649.
7634.
7618.
7602.
7587.
7570.
7555.
7538.
7523.
7506.
7490.
7474.
7458.
7441.
7424.
7408.
7392.
7375.
7358.
7342.
7325.
7309.
7292.
7275.
7258.
7242.
7225.
7209.
7192.
7176.
7159.
7143.
7127.
7110.
7094.
7079.
7062.
7046.
7030.
7014.
6998.
6983.
6968.
6953.
6937.
6922.
6907.
6891.
6877.
6862.
6847.
6831.
6817.
6802.
6788.
6774.
6760.
6746.
6732.
6718.
6704.
6690.
6677.
6663.
6650.
6636.
6623.
6610.
6597.
6584.
6571.
6558.
6546.
6534.
6521.
6509.
6496.
6485.
6473.
6461.
6449.
6437.
6426.
6414.
6404.
6392.
6382.
6371.
6360.
6349.
6339.
6328.
6317.
6307.
6297.
6287.
6277.
6267.
6256.
6247.
6237.
6228.
6218.
6208.
6198.
6190.
6180.
6172.
6162.
6153.
6144.
6136.
6126.
6118.
6109.
6101.
6092.
6084.
6076.
6068.
6059.
6051.
6043.
6035.
6028.
6020.
6013.
6005.
5997.
5990.
5983.
5976.
5969.
5962.
5955.
5948.
5942.
5935.
5929.
5922.
5915.
5909.
5904.
5898.
5891.
5886.
5880.
5875.
5869.
5863.
5859.
5854.
5848.
5844.
5838.
5833.
5829.
5824.
5819.
5814.
5810.
5806.
5802.
5797.
5793.
5789.
5786.
5782.
5779.
5775.
5772.
5768.
5765.
5762.
5759.
5757.
5753.
5751.
5748.
5746.
5744.
5741.
5740.
5738.
5736.
5734.
5732.
5730.
5730.
5728.
5727.
5726.
5725.
5723.
5723.
5722.
5721.
5721.
5720.
5720.
5720.
5720.
5719.
5720.
5719.
5719.
5719.
5720.
5720.
5721.
5721.
5721.
5722.
5722.
5724.
5724.
5726.
5727.
5728.
5728.
5729.
5731.
5732.
5734.
5735.
5737.
5739.
5740.
5742.
5744.
5746.
5748.
5750.
5753.
5755.
5756.
5759.
5762.
5764.
5766.
5768.
5771.
5774.
5776.
5779.
5783.
5785.
5788.
5791.
5794.
5797.
5800.
5804.
5808.
5811.
5815.
5819.
5823.
5826.
5830.
5834.
5839.
5843.
5848.
5852.
5857.
5861.
5866.
5871.
5877.
5881.
5887.
5892.
5898.
5903.
5909.
5914.
5920.
5927.
5933.
5940.
5946.
5952.
5959.
5967.
5973.
5980.
5987.
5995.
6003.
6011.
6018.
6026.
6034.
6043.
6051.
6060.
6069.
6078.
6087.
6096.
6105.
6114.
6124.
6134.
6145.
6154.
6165.
6175.
6186.
6197.
6207.
6219.
6230.
6242.
6253.
6266.
6277.
6290.
6301.
6314.
6327.
6340.
6353.
6366.
6380.
6394.
6408.
6421.
6436.
6450.
6464.
6478.
6493.
6507.
6522.
6537.
6552.
6566.
6581.
6596.
6612.
6627.
6642.
6657.
6672.
6689.
6704.
6720.
6736.
6752.
6768.
6784.
6800.
6817.
6833.
6850.
6867.
6884.
6901.
6918.
6935.
6952.
6969.
6986.
7003.
7020.
7038.
7055.
7073.
7089.
7107.
7124.
7141.
7157.
7174.
7191.
7208.
7224.
7241.
7258.
7274.
7291.
7308.
7324.
7341.
7358.
7374.
7391.
7407.
7424.
7440.
7456.
7473.
7489.
7504.
7520.
7536.
7552.
7568.
7583.
7599.
7614.
7629.
7645.
7659.
7674.
7688.
7703.
7717.
7732.
7746.
7760.
7774.
7788.
7801.
7815.
7828.
7842.
7854.
7869.
7881.
7894.
7907.
7920.
7933.
7946.
7958.
7971.
7984.
7997.
8009.
8021.
8033.
8045.
8057.
8068.
8080.
8091.
8103.
8114.
8125.
8137.
8148.
8158.
8170.
8181.
8191.
8202.
8213.
8223.
8233.
8243.
8254.
8263.
8274.
8284.
8293.
8303.
8312.
8320.
8329.
8338.
8348.
8356.
8364.
8373.
8381.
8389.
8397.
8405.
8413.
8421.
8428.
8436.
8443.
8450.
8457.
8463.
8469.
8476.
8483.
8489.
8496.
8501.
8507.
8513.
8518.
8524.
8530.
8534.
8539.
8544.
8550.
8553.
8558.
8562.
8567.
8571.
8574.
8578.
8582.
8585.
8588.
8592.
8594.
8597.
8600.
8603.
8605.
8607.
8609.
8611.
8612.
8613.
8614.
8615.
8616.
8617.
8618.
8617.
8618.
8618.
8617.
8617.
8616.
8615.
8614.
8614.
8612.
8611.
8609.
8608.
8606.
8604.
8602.
8600.
8598.
8595.
8592.
8590.
8586.
8584.
8581.
8578.
8575.
8571.
8568.
8563.
8559.
8555.
8552.
8547.
8543.
8538.
8533.
8528.
8523.
8518.
8512.
8506.
8500.
8495.
8489.
8483.
8476.
8469.
8463.
8456.
8449.
8441.
8434.
8426.
8418.
8409.
8401.
8392.
8383.
8375.
8365.
8355.
8346.
8336.
8326.
8315.
8304.
8292.
8282.
8270.
8259.
8247.
8235.
8223.
8210.
8198.
8184.
8171.
8158.
8144.
8131.
8117.
8103.
8089.
8075.
8059.
8045.
8030.
8015.
7999.
7983.
7968.
7952.
7936.
7919.
7903.
7887.
7871.
7855.
7839.
7821.
7804.
7787.
7771.
7755.
7738.
7721.
7705.
7688.
7671.
7654.
7637.
7620.
7603.
7586.
7569.
7552.
7535.
7518.
7500.
7483.
7465.
7448.
7430.
7412.
7395.
7378.
7361.
7343.
7326.
7308.
7291.
7274.
7256.
7239.
7222.
7205.
7188.
7171.
7155.
7137.
7120.
7104.
7087.
7071.
7055.
7038.
7022.
7006.
6990.
6975.
6959.
6942.
6927.
6911.
6896.
6881.
6865.
6851.
6836.
6821.
6805.
6791.
6776.
6762.
6747.
6732.
6718.
6704.
6689.
6675.
6661.
6647.
6634.
6619.
6606.
6592.
6579.
6566.
6553.
6539.
6527.
6514.
6501.
6488.
6476.
6463.
6451.
6439.
6427.
6414.
6402.
6391.
6379.
6368.
6356.
6345.
6333.
6322.
6311.
6299.
6287.
6276.
6266.
6255.
6244.
6233.
6223.
6212.
6201.
6191.
6180.
6170.
6160.
6150.
6140.
6130.
6119.
6110.
6101.
6091.
6082.
6072.
6063.
6054.
6044.
6035.
6026.
6017.
6008.
5999.
5991.
5983.
5973.
5966.
5958.
5949.
5941.
5933.
5925.
5917.
5909.
5902.
5895.
5887.
5880.
5872.
5866.
5859.
5852.
5845.
5838.
5831.
5825.
5819.
5813.
5806.
5800.
5795.
5789.
5783.
5778.
5772.
5767.
5762.
5757.
5752.
5747.
5743.
5738.
5734.
5730.
5725.
5722.
5717.
5713.
5709.
5706.
5702.
5698.
5694.
5691.
5687.
5684.
5681.
5678.
5675.
5671.
5670.
5666.
5664.
5661.
5659.
5657.
5655.
5652.
5650.
5649.
5646.
5645.
5643.
5642.
5640.
5638.
5636.
5636.
5634.
5632.
5631.
5630.
5630.
5629.
5628.
5628.
5627.
5627.
5626.
5626.
5626.
5626.
5626.
5627.
5627.
5627.
5628.
5628.
5629.
5630.
5630.
5632.
5632.
5634.
5634.
5636.
5637.
5639.
5640.
5642.
5643.
5645.
5647.
5649.
5651.
5653.
5655.
5658.
5660.
5662.
5665.
5668.
5671.
5673.
5677.
5679.
5683.
5686.
5689.
5693.
5697.
5700.
5704.
5708.
5712.
5715.
5720.
5724.
5728.
5732.
5737.
5742.
5746.
5751.
5756.
5762.
5767.
5772.
5777.
5783.
5789.
5795.
5801.
5807.
5813.
5820.
5826.
5834.
5841.
5848.
5855.
5862.
5871.
5879.
5886.
5894.
5903.
5911.
5920.
5928.
5938.
5947.
5957.
5966.
5976.
5985.
5996.
6005.
6016.
6026.
6036.
6047.
6057.
6069.
6079.
6090.
6101.
6112.
6123.
6135.
6147.
6158.
6171.
6183.
6195.
6207.
6219.
6232.
6244.
6258.
6270.
6283.
6297.
6310.
6324.
6336.
6351.
6364.
6378.
6391.
6405.
6419.
6433.
6446.
6460.
6475.
6489.
6502.
6517.
6530.
6545.
6559.
6574.
6588.
6602.
6617.
6631.
6646.
6660.
6676.
6690.
6705.
6720.
6735.
6750.
6765.
6780.
6796.
6811.
6826.
6842.
6858.
6873.
6889.
6905.
6921.
6937.
6953.
6969.
6985.
7000.
7017.
7032.
7048.
7063.
7080.
7095.
7110.
7126.
7141.
7156.
7172.
7187.
7201.
7217.
7232.
7246.
7262.
7277.
7291.
7306.
7322.
7337.
7352.
7367.
7381.
7397.
7411.
7426.
7441.
7456.
7471.
7487.
7501.
7516.
7531.
7547.
7561.
7576.
7591.
7606.
7620.
7636.
7650.
7665.
7679.
7694.
7709.
7723.
7736.
7751.
7766.
7780.
7794.
7808.
7822.
7836.
7849.
7863.
7877.
7891.
7904.
7918.
7932.
7945.
7958.
7971.
7985.
7998.
8012.
8025.
8039.
8053.
8066.
8079.
8093.
8106.
8119.
8132.
8146.
8159.
8172.
8185.
8198.
8210.
8224.
8236.
8250.
8262.
8275.
8288.
8301.
8313.
8326.
8339.
8352.
8364.
8376.
8388.
8401.
8413.
8425.
8437.
8449.
8461.
8472.
8483.
8495.
8505.
8516.
8526.
8537.
8547.
8557.
8568.
8577.
8586.
8596.
8604.
8613.
8622.
8631.
8639.
8647.
8655.
8663.
8670.
8678.
8685.
8692.
8699.
8705.
8712.
8719.
8725.
8730.
8736.
8741.
8747.
8752.
8758.
8762.
8767.
8771.
8776.
8781.
8784.
8788.
8792.
8795.
8799.
8802.
8804.
8807.
8810.
8813.
8815.
8817.
8819.
8820.
8821.
8822.
8823.
8823.
8824.
8824.
8824.
8824.
8823.
8823.
8822.
8821.
8819.
8818.
8816.
8815.
8812.
8810.
8807.
8804.
8801.
8798.
8795.
8791.
8787.
8783.
8779.
8774.
8770.
8766.
8760.
8756.
8751.
8745.
8739.
8734.
8727.
8721.
8714.
8708.
8702.
8695.
8687.
8679.
8672.
8663.
8656.
8646.
8638.
8629.
8620.
8611.
8601.
8590.
8580.
8569.
8559.
8548.
8536.
8525.
8513.
8501.
8489.
8476.
8464.
8451.
8438.
8424.
8410.
8396.
8382.
8367.
8353.
8338.
8323.
8308.
8293.
8277.
8261.
8245.
8229.
8213.
8196.
8180.
8163.
8146.
8129.
8113.
8095.
8077.
8059.
8042.
8024.
8006.
7988.
7970.
7952.
7933.
7915.
7897.
7879.
7860.
7843.
7823.
7806.
7787.
7768.
7750.
7732.
7713.
7695.
7676.
7658.
7640.
7623.
7604.
7586.
7568.
7550.
7532.
7514.
7497.
7479.
7461.
7444.
7426.
7409.
7391.
7374.
7357.
7340.
7323.
7306.
7289.
7273.
7256.
7239.
7224.
7207.
7192.
7175.
7159.
7144.
7127.
7112.
7096.
7081.
7066.
7051.
7035.
7021.
7006.
6991.
6976.
6962.
6948.
6933.
6918.
6904.
6890.
6876.
6862.
6848.
6834.
6821.
6808.
6794.
6781.
6768.
6755.
6743.
6730.
6717.
6704.
6693.
6681.
6669.
6657.
6646.
6633.
6622.
6611.
6600.
6589.
6578.
6567.
6557.
6545.
6535.
6526.
6515.
6506.
6496.
6486.
6476.
6467.
6457.
6448.
6439.
6430.
6421.
6412.
6403.
6394.
6386.
6378.
6369.
6361.
6353.
6345.
6337.
6330.
6322.
6314.
6306.
6299.
6292.
6285.
6277.
6271.
6263.
6257.
6250.
6244.
6236.
6230.
6224.
6218.
6212.
6206.
6200.
6194.
6187.
6181.
6176.
6171.
6165.
6159.
6154.
6148.
6143.
6138.
6132.
6127.
6122.
6117.
6112.
6107.
6102.
6097.
6093.
6087.
6083.
6079.
6075.
6070.
6065.
6061.
6057.
6053.
6048.
6044.
6040.
6036.
6032.
6028.
6024.
6020.
6017.
6013.
6009.
6005.
6002.
5999.
5995.
5992.
5988.
5984.
5982.
5978.
5975.
5972.
5969.
5965.
5962.
5959.
5956.
5953.
5950.
5947.
5944.
5941.
5939.
5936.
5933.
5930.
5927.
5924.
5923.
5919.
5917.
5915.
5913.
5910.
5908.
5906.
5904.
5901.
5899.
5897.
5895.
5893.
5891.
5888.
5887.
5885.
5884.
5882.
5881.
5879.
5877.
5875.
5874.
5873.
5872.
5870.
5869.
5868.
5867.
5866.
5865.
5864.
5863.