7583.
7583.
7583.
7583.
7583.
7583.
7583.
7583.
7583.
7583.
7583.
7583.
7583.
7583.
7582.
7582.
7582.
7583.
7582.
7582.
7582.
7582.
7582.
7582.
7582.
7582.
7583.
7582.
7582.
7583.
7583.
7583.
7582.
7583.
7583.
7583.
7582.
7582.
7583.
7582.
7583.
7583.
7582.
7583.
7582.
7582.
7582.
7583.
7582.
7582.
7582.
7582.
7582.
7582.
7583.
7582.
7582.
7582.
7583.
7583.
7582.
7582.
7582.
7582.
7582.
7583.
7582.
7583.
7582.
7582.
7582.
7583.
7583.
7583.
7582.
7582.
7583.
7582.
7582.
7582.
7582.
7582.
7582.
7582.
7581.
7582.
7582.
7582.
7581.
7582.
7582.
7582.
7581.
7582.
7581.
7582.
7582.
7582.
7582.
7582.
7582.
7582.
7582.
7582.
7582.
7582.
7582.
7582.
7582.
7582.
7583.
7582.
7582.
7582.
7582.
7582.
7582.
7583.
7583.
7583.
7583.
7583.
7583.
7583.
7583.
7584.
7584.
7584.
7584.
7584.
7584.
7584.
7585.
7585.
7585.
7584.
7584.
7585.
7585.
7585.
7585.
7586.
7586.
7586.
7585.
7585.
7585.
7586.
7586.
7586.
7586.
7586.
7586.
7587.
7587.
7587.
7587.
7587.
7588.
7588.
7588.
7588.
7588.
7588.
7589.
7589.
7589.
7589.
7589.
7589.
7590.
7590.
7590.
7590.
7591.
7591.
7591.
7591.
7591.
7592.
7592.
7593.
7592.
7593.
7593.
7594.
7594.
7594.
7595.
7595.
7596.
7596.
7596.
7597.
7597.
7597.
7597.
7598.
7599.
7599.
7599.
7599.
7601.
7601.
7601.
7601.
7603.
7603.
7603.
7604.
7605.
7605.
7606.
7606.
7607.
7608.
7610.
7610.
7611.
7612.
7614.
7614.
7615.
7616.
7617.
7619.
7620.
7621.
7623.
7624.
7625.
7627.
7629.
7629.
7631.
7633.
7634.
7636.
7637.
7639.
7641.
7642.
7644.
7646.
7648.
7649.
7651.
7654.
7656.
7657.
7660.
7663.
7665.
7667.
7670.
7672.
7674.
7677.
7679.
7682.
7684.
7686.
7690.
7692.
7695.
7698.
7701.
7703.
7706.
7708.
7711.
7714.
7717.
7719.
7723.
7726.
7729.
7731.
7733.
7737.
7739.
7742.
7745.
7748.
7751.
7753.
7756.
7759.
7761.
7764.
7767.
7769.
7771.
7774.
7777.
7780.
7782.
7784.
7787.
7790.
7792.
7794.
7796.
7799.
7802.
7803.
7806.
7809.
7811.
7813.
7815.
7818.
7821.
7823.
7826.
7828.
7830.
7833.
7835.
7838.
7841.
7843.
7845.
7847.
7849.
7851.
7853.
7857.
7859.
7861.
7862.
7865.
7867.
7868.
7870.
7873.
7874.
7876.
7878.
7880.
7882.
7884.
7886.
7888.
7890.
7892.
7894.
7896.
7898.
7900.
7902.
7904.
7906.
7909.
7910.
7913.
7914.
7916.
7919.
7921.
7923.
7925.
7927.
7929.
7932.
7934.
7935.
7938.
7940.
7943.
7945.
7946.
7949.
7952.
7953.
7956.
7959.
7960.
7963.
7965.
7968.
7969.
7971.
7974.
7977.
7979.
7981.
7984.
7986.
7989.
7991.
7993.
7995.
7998.
8000.
8002.
8005.
8007.
8009.
8012.
8015.
8017.
8019.
8021.
8025.
8027.
8028.
8031.
8034.
8036.
8038.
8041.
8043.
8045.
8047.
8050.
8053.
8055.
8057.
8059.
8062.
8063.
8066.
8068.
8071.
8073.
8075.
8077.
8080.
8082.
8084.
8086.
8089.
8091.
8093.
8095.
8098.
8100.
8102.
8105.
8107.
8110.
8112.
8115.
8117.
8120.
8121.
8124.
8127.
8129.
8131.
8134.
8136.
8138.
8140.
8143.
8145.
8148.
8149.
8152.
8154.
8157.
8159.
8161.
8163.
8166.
8168.
8171.
8173.
8175.
8177.
8180.
8183.
8184.
8187.
8191.
8193.
8195.
8197.
8200.
8203.
8205.
8207.
8210.
8212.
8215.
8217.
8220.
8222.
8225.
8227.
8231.
8232.
8235.
8237.
8240.
8243.
8245.
8247.
8250.
8252.
8255.
8257.
8259.
8262.
8264.
8267.
8269.
8271.
8273.
8276.
8278.
8281.
8283.
8284.
8287.
8289.
8291.
8293.
8295.
8298.
8300.
8302.
8304.
8306.
8308.
8310.
8311.
8313.
8315.
8317.
8320.
8321.
8323.
8324.
8326.
8328.
8330.
8331.
8333.
8334.
8336.
8337.
8338.
8339.
8341.
8342.
8343.
8344.
8345.
8346.
8347.
8347.
8349.
8349.
8350.
8350.
8350.
8351.
8351.
8351.
8352.
8352.
8352.
8353.
8353.
8353.
8353.
8353.
8353.
8353.
8353.
8353.
8353.
8353.
8353.
8352.
8352.
8351.
8351.
8350.
8350.
8350.
8350.
8349.
8348.
8348.
8347.
8345.
8345.
8344.
8344.
8342.
8342.
8341.
8341.
8339.
8338.
8337.
8337.
8335.
8335.
8334.
8333.
8331.
8331.
8329.
8328.
8326.
8326.
8324.
8323.
8322.
8321.
8319.
8318.
8316.
8315.
8313.
8312.
8310.
8308.
8306.
8305.
8303.
8301.
8299.
8297.
8295.
8293.
8291.
8288.
8286.
8284.
8282.
8278.
8276.
8274.
8270.
8268.
8264.
8262.
8258.
8256.
8252.
8250.
8246.
8243.
8239.
8237.
8233.
8230.
8226.
8222.
8218.
8215.
8211.
8207.
8204.
8200.
8196.
8192.
8189.
8184.
8180.
8176.
8172.
8167.
8163.
8159.
8154.
8150.
8146.
8142.
8138.
8133.
8128.
8125.
8120.
8115.
8112.
8107.
8103.
8098.
8093.
8090.
8085.
8082.
8077.
8073.
8068.
8063.
8058.
8054.
8049.
8045.
8040.
8036.
8031.
8026.
8022.
8017.
8012.
8007.
8003.
7998.
7993.
7989.
7985.
7980.
7976.
7971.
7967.
7962.
7958.
7954.
7949.
7945.
7941.
7937.
7933.
7929.
7925.
7921.
7916.
7912.
7908.
7904.
7900.
7896.
7891.
7887.
7882.
7879.
7874.
7870.
7866.
7862.
7859.
7854.
7851.
7847.
7843.
7841.
7836.
7833.
7831.
7826.
7822.
7819.
7815.
7812.
7809.
7805.
7802.
7799.
7795.
7792.
7788.
7785.
7782.
7778.
7775.
7772.
7768.
7765.
7762.
7758.
7755.
7752.
7749.
7745.
7742.
7739.
7735.
7733.
7729.
7727.
7723.
7720.
7717.
7714.
7711.
7708.
7705.
7702.
7699.
7696.
7693.
7690.
7686.
7684.
7681.
7679.
7675.
7673.
7669.
7666.
7663.
7661.
7658.
7655.
7652.
7648.
7645.
7642.
7639.
7636.
7634.
7630.
7627.
7624.
7621.
7617.
7615.
7612.
7609.
7605.
7603.
7600.
7597.
7593.
7590.
7587.
7584.
7580.
7577.
7574.
7571.
7568.
7564.
7561.
7557.
7555.
7551.
7548.
7544.
7540.
7538.
7534.
7531.
7527.
7524.
7520.
7517.
7513.
7509.
7506.
7502.
7499.
7495.
7492.
7488.
7485.
7481.
7477.
7473.
7470.
7466.
7462.
7458.
7454.
7450.
7446.
7442.
7439.
7434.
7431.
7427.
7424.
7419.
7416.
7411.
7409.
7405.
7402.
7398.
7394.
7390.
7388.
7383.
7381.
7378.
7374.
7370.
7368.
7364.
7361.
7358.
7355.
7352.
7349.
7346.
7343.
7340.
7337.
7334.
7331.
7327.
7325.
7322.
7319.
7316.
7313.
7310.
7308.
7303.
7301.
7298.
7295.
7292.
7290.
7286.
7283.
7281.
7278.
7275.
7272.
7270.
7267.
7264.
7262.
7258.
7256.
7253.
7250.
7248.
7244.
7242.
7239.
7236.
7234.
7231.
7229.
7227.
7223.
7221.
7218.
7215.
7213.
7211.
7208.
7206.
7203.
7201.
7198.
7196.
7193.
7191.
7188.
7186.
7183.
7181.
7178.
7176.
7174.
7171.
7169.
7167.
7164.
7162.
7161.
7158.
7155.
7153.
7152.
7149.
7147.
7144.
7142.
7141.
7139.
7136.
7135.
7132.
7131.
7129.
7127.
7125.
7123.
7121.
7118.
7117.
7116.
7115.
7113.
7110.
7108.
7107.
7105.
7103.
7101.
7099.
7097.
7096.
7094.
7092.
7089.
7088.
7087.
7084.
7083.
7080.
7078.
7075.
7074.
7071.
7069.
7066.
7064.
7062.
7060.
7058.
7055.
7053.
7051.
7048.
7046.
7044.
7042.
7039.
7037.
7033.
7031.
7029.
7027.
7024.
7022.
7019.
7016.
7014.
7011.
7008.
7006.
7003.
7000.
6998.
6995.
6992.
6989.
6987.
6984.
6982.
6978.
6976.
6972.
6970.
6967.
6964.
6961.
6959.
6956.
6954.
6950.
6948.
6945.
6942.
6940.
6938.
6934.
6932.
6929.
6927.
6924.
6922.
6919.
6917.
6914.
6911.
6909.
6906.
6903.
6901.
6898.
6896.
6893.
6891.
6888.
6886.
6884.
6882.
6879.
6877.
6875.
6872.
6870.
6868.
6864.
6863.
6860.
6859.
6856.
6854.
6852.
6850.
6847.
6845.
6844.
6840.
6839.
6836.
6834.
6831.
6829.
6827.
6826.
6823.
6821.
6819.
6817.
6814.
6812.
6811.
6809.
6806.
6804.
6803.
6801.
6798.
6797.
6794.
6793.
6790.
6788.
6787.
6785.
6782.
6781.
6779.
6777.
6775.
6773.
6771.
6769.
6767.
6765.
6763.
6761.
6759.
6757.
6755.
6753.
6751.
6749.
6748.
6746.
6744.
6742.
6739.
6738.
6736.
6735.
6733.
6731.
6730.
6727.
6725.
6723.
6722.
6720.
6718.
6717.
6715.
6713.
6711.
6710.
6707.
6706.
6704.
6703.
6702.
6699.
6697.
6696.
6694.
6693.
6691.
6690.
6689.
6687.
6686.
6684.
6682.
6681.
6680.
6678.
6677.
6675.
6674.
6672.
6671.
6669.
6668.
6667.
6665.
6663.
6663.
6660.
6659.
6658.
6657.
6656.
6653.
6653.
6651.
6650.
6649.
6647.
6646.
6645.
6644.
6643.
6642.
6640.
6639.
6638.
6637.
6637.
6636.
6634.
6633.
6632.
6632.
6631.
6629.
6629.
6629.
6628.
6627.
6626.
6626.
6625.
6625.
6623.
6623.
6622.
6622.
6621.
6621.
6620.
6620.
6620.
6619.
6619.
6620.
6618.
6619.
6619.
6618.
6618.
6618.
6619.
6619.
6618.
6618.
6619.
6619.
6619.
6618.
6619.
6619.
6619.
6619.
6620.
6620.
6619.
6620.
6621.
6621.
6622.
6622.
6622.
6622.
6622.
6624.
6624.
6624.
6625.
6626.
6626.
6627.
6627.
6629.
6629.
6630.
6631.
6632.
6632.
6633.
6634.
6636.
6636.
6637.
6637.
6639.
6640.
6642.
6642.
6644.
6645.
6646.
6647.
6649.
6650.
6651.
6653.
6655.
6656.
6657.
6660.
6662.
6663.
6665.
6668.
6670.
6671.
6674.
6676.
6679.
6680.
6682.
6685.
6688.
6691.
6693.
6696.
6699.
6702.
6704.
6707.
6710.
6714.
6716.
6719.
6722.
6725.
6728.
6732.
6735.
6739.
6741.
6744.
6748.
6752.
6755.
6759.
6763.
6766.
6769.
6773.
6777.
6781.
6785.
6789.
6794.
6797.
6801.
6805.
6810.
6814.
6818.
6823.
6826.
6832.
6836.
6841.
6845.
6850.
6854.
6860.
6865.
6870.
6874.
6880.
6885.
6889.
6894.
6900.
6905.
6911.
6915.
6921.
6925.
6931.
6936.
6941.
6946.
6952.
6957.
6962.
6967.
6972.
6977.
6983.
6987.
6992.
6997.
7002.
7007.
7013.
7017.
7022.
7026.
7032.
7037.
7042.
7047.
7052.
7058.
7063.
7068.
7074.
7078.
7084.
7088.
7094.
7099.
7105.
7110.
7116.
7120.
7125.
7131.
7136.
7141.
7146.
7150.
7156.
7161.
7166.
7170.
7175.
7180.
7184.
7190.
7194.
7199.
7203.
7208.
7212.
7217.
7221.
7226.
7231.
7234.
7239.
7243.
7248.
7251.
7255.
7260.
7264.
7267.
7271.
7275.
7279.
7283.
7287.
7290.
7294.
7297.
7300.
7304.
7308.
7311.
7314.
7317.
7322.
7324.
7326.
7330.
7334.
7336.
7339.
7342.
7346.
7349.
7352.
7354.
7358.
7359.
7362.
7365.
7369.
7372.
7374.
7377.
7380.
7382.
7385.
7388.
7391.
7393.
7396.
7399.
7403.
7404.
7407.
7410.
7413.
7415.
7417.
7420.
7423.
7426.
7428.
7430.
7433.
7436.
7438.
7440.
7443.
7445.
7448.
7450.
7452.
7455.
7457.
7459.
7462.
7464.
7466.
7468.
7471.
7473.
7475.
7477.
7480.
7481.
7483.
7486.
7489.
7491.
7493.
7495.
7498.
7499.
7502.
7503.
7506.
7508.
7510.
7511.
7514.
7516.
7518.
7519.
7522.
7523.
7525.
7527.
7529.
7530.
7532.
7533.
7535.
7537.
7539.
7540.
7542.
7543.
7545.
7546.
7548.
7549.
7551.
7553.
7554.
7555.
7557.
7558.
7559.
7561.
7562.
7563.
7565.
7566.
7567.
7568.
7570.
7572.
7572.
7574.
7575.
7577.
7577.
7579.
7581.
7583.
7583.
7585.
7586.
7588.
7589.
7591.
7592.
7594.
7595.
7597.
7599.
7601.
7602.
7603.
7605.
7607.
7608.
7610.
7613.
7614.
7615.
7617.
7619.
7621.
7622.
7624.
7627.
7629.
7630.
7632.
7635.
7637.
7638.
7640.
7643.
7645.
7647.
7649.
7651.
7654.
7656.
7658.
7661.
7663.
7665.
7668.
7670.
7673.
7675.
7677.
7680.
7683.
7685.
7688.
7691.
7693.
7696.
7698.
7701.
7704.
7706.
7710.
7712.
7716.
7718.
7721.
7725.
7728.
7731.
7733.
7737.
7740.
7743.
7746.
7750.
7753.
7756.
7759.
7762.
7765.
7768.
7772.
7775.
7778.
7781.
7784.
7787.
7791.
7793.
7796.
7799.
7803.
7805.
7808.
7811.
7814.
7817.
7820.
7823.
7827.
7829.
7832.
7835.
7838.
7840.
7844.
7847.
7849.
7852.
7855.
7858.
7861.
7864.
7866.
7869.
7872.
7875.
7878.
7881.
7884.
7886.
7888.
7892.
7895.
7897.
7899.
7902.
7905.
7908.
7909.
7913.
7915.
7917.
7920.
7923.
7925.
7928.
7930.
7933.
7935.
7937.
7939.
7942.
7945.
7946.
7949.
7951.
7953.
7956.
7958.
7960.
7963.
7965.
7967.
7969.
7971.
7973.
7976.
7978.
7981.
7983.
7985.
7987.
7990.
7993.
7994.
7997.
8000.
8002.
8005.
8008.
8010.
8013.
8015.
8018.
8021.
8024.
8026.
8028.
8031.
8034.
8036.
8039.
8041.
8044.
8046.
8049.
8052.
8055.
8057.
8059.
8062.
8065.
8067.
8070.
8073.
8075.
8078.
8081.
8083.
8085.
8088.
8090.
8094.
8096.
8099.
8101.
8104.
8107.
8109.
8112.
8114.
8117.
8119.
8122.
8125.
8127.
8130.
8133.
8135.
8138.
8140.
8142.
8145.
8147.
8150.
8153.
8155.
8158.
8161.
8163.
8166.
8168.
8171.
8174.
8175.
8178.
8180.
8182.
8185.
8188.
8189.
8191.
8194.
8196.
8198.
8200.
8203.
8204.
8206.
8208.
8210.
8212.
8214.
8216.
8218.
8219.
8221.
8223.
8224.
8226.
8228.
8230.
8231.
8233.
8234.
8236.
8238.
8239.
8241.
8242.
8244.
8245.
8246.
8248.
8249.
8250.
8252.
8253.
8254.
8256.
8257.
8258.
8259.
8261.
8261.
8263.
8265.
8266.
8267.
8268.
8270.
8271.
8272.
8273.
8275.
8276.
8277.
8278.
8279.
8280.
8282.
8283.
8284.
8284.
8286.
8286.
8288.
8288.
8290.
8290.
8291.
8292.
8293.
8294.
8295.
8296.
8297.
8297.
8299.
8300.
8301.
8302.
8303.
8304.
8305.
8306.
8307.
8309.
8309.
8310.
8312.
8313.
8314.
8315.
8316.
8318.
8318.
8320.
8320.
8322.
8322.
8324.
8325.
8326.
8327.
8328.
8330.
8330.
8331.
8332.
8333.
8335.
8336.
8337.
8337.
8339.
8339.
8341.
8342.
8343.
8344.
8345.
8346.
8347.
8348.
8350.
8350.
8352.
8352.
8353.
8354.
8355.
8356.
8357.
8357.
8359.
8360.
8360.
8361.
8363.
8363.
8364.
8365.
8365.
8366.
8367.
8368.
8368.
8370.
8370.
8371.
8371.
8372.
8372.
8374.
8373.
8374.
8374.
8375.
8375.
8376.
8376.
8376.
8377.
8377.
8378.
8377.
8377.
8377.
8377.
8377.
8377.
8378.
8378.
8378.
8377.
8378.
8378.
8378.
8377.
8377.
8377.
8377.
8378.
8377.
8377.
8376.
8377.
8376.
8376.
8375.
8375.
8375.
8375.
8374.
8373.
8373.
8373.
8372.
8372.
8371.
8371.
8370.
8369.
8368.
8368.
8367.
8366.
8365.
8365.
8363.
8362.
8362.
8361.
8359.
8358.
8357.
8356.
8354.
8352.
8350.
8349.
8347.
8346.
8344.
8342.
8339.
8338.
8335.
8334.
8331.
8329.
8326.
8323.
8321.
8318.
8316.
8313.
8310.
8308.
8305.
8303.
8299.
8297.
8293.
8291.
8288.
8285.
8281.
8279.
8275.
8272.
8268.
8266.
8262.
8260.
8256.
8253.
8249.
8245.
8242.
8238.
8234.
8231.
8228.
8225.
8221.
8216.
8213.
8209.
8205.
8201.
8197.
8193.
8189.
8185.
8179.
8175.
8171.
8166.
8163.
8158.
8153.
8148.
8144.
8139.
8135.
8130.
8126.
8121.
8116.
8112.
8107.
8103.
8098.
8094.
8089.
8085.
8081.
8076.
8072.
8067.
8062.
8058.
8054.
8049.
8044.
8041.
8035.
8032.
8027.
8023.
8018.
8014.
8008.
8004.
8000.
7996.
7992.
7987.
7983.
7979.
7975.
7970.
7966.
7962.
7957.
7953.
7949.
7945.
7941.
7937.
7933.
7928.
7924.
7920.
7916.
7911.
7907.
7903.
7898.
7893.
7889.
7885.
7880.
7876.
7871.
7868.
7863.
7859.
7855.
7851.
7848.
7844.
7840.
7836.
7832.
7829.
7825.
7821.
7817.
7814.
7810.
7807.
7804.
7800.
7796.
7792.
7790.
7786.
7782.
7778.
7776.
7772.
7768.
7765.
7762.
7759.
7756.
7753.
7750.
7747.
7744.
7741.
7738.
7735.
7733.
7730.
7728.
7724.
7722.
7719.
7717.
7714.
7711.
7708.
7706.
7704.
7701.
7699.
7696.
7694.
7691.
7689.
7687.
7685.
7682.
7680.
7679.
7676.
7674.
7672.
7670.
7669.
7667.
7665.
7663.
7662.
7660.
7658.
7656.
7655.
7653.
7651.
7650.
7648.
7646.
7646.
7644.
7643.
7641.
7641.
7639.
7637.
7635.
7634.
7633.
7632.
7630.
7628.
7628.
7626.
7624.
7623.
7622.
7621.
7619.
7618.
7617.
7616.
7615.
7613.
7612.
7612.
7610.
7609.
7608.
7607.
7605.
7604.
7603.
7601.
7600.
7598.
7598.
7597.
7595.
7593.
7593.
7591.
7589.
7587.
7587.
7585.
7583.
7582.
7580.
7579.
7577.
7575.
7573.
7572.
7570.
7568.
7565.
7563.
7561.
7559.
7557.
7555.
7552.
7550.
7547.
7545.
7542.
7540.
7537.
7534.
7531.
7529.
7527.
7525.
7522.
7518.
7516.
7513.
7510.
7507.
7504.
7501.
7498.
7494.
7492.
7488.
7485.
7481.
7478.
7474.
7471.
7467.
7464.
7460.
7457.
7453.
7449.
7445.
7441.
7438.
7434.
7430.
7426.
7422.
7417.
7414.
7409.
7406.
7401.
7396.
7392.
7388.
7383.
7380.
7375.
7371.
7366.
7362.
7358.
7353.
7349.
7345.
7340.
7336.
7332.
7327.
7323.
7318.
7315.
7310.
7306.
7302.
7298.
7293.
7289.
7285.
7281.
7276.
7272.
7267.
7263.
7258.
7254.
7250.
7245.
7241.
7237.
7233.
7229.
7225.
7220.
7217.
7212.
7208.
7205.
7201.
7197.
7192.
7188.
7184.
7181.
7176.
7172.
7169.
7165.
7161.
7157.
7154.
7150.
7146.
7142.
7139.
7135.
7131.
7127.
7122.
7119.
7116.
7112.
7108.
7105.
7101.
7097.
7093.
7090.
7087.
7083.
7080.
7076.
7072.
7068.
7065.
7061.
7058.
7055.
7052.
7049.
7045.
7042.
7039.
7036.
7032.
7029.
7026.
7023.
7019.
7017.
7013.
7010.
7008.
7005.
7002.
6999.
6996.
6994.
6990.
6988.
6986.
6983.
6980.
6977.
6974.
6972.
6969.
6967.
6965.
6962.
6959.
6957.
6954.
6952.
6948.
6946.
6945.
6942.
6940.
6937.
6934.
6932.
6930.
6927.
6924.
6922.
6920.
6918.
6915.
6913.
6911.
6908.
6906.
6903.
6901.
6898.
6896.
6893.
6891.
6888.
6886.
6882.
6881.
6877.
6876.
6872.
6869.
6867.
6865.
6862.
6859.
6856.
6854.
6851.
6849.
6846.
6843.
6840.
6838.
6835.
6833.
6829.
6827.
6824.
6822.
6819.
6817.
6814.
6812.
6809.
6807.
6804.
6802.
6799.
6797.
6795.
6793.
6791.
6789.
6786.
6784.
6782.
6780.
6777.
6775.
6774.
6772.
6770.
6768.
6765.
6763.
6762.
6760.
6760.
6757.
6756.
6754.
6752.
6750.
6748.
6747.
6745.
6744.
6742.
6741.
6739.
6738.
6737.
6735.
6733.
6732.
6730.
6729.
6727.
6727.
6725.
6724.
6722.
6721.
6719.
6719.
6717.
6716.
6715.
6714.
6712.
6712.
6711.
6709.
6708.
6707.
6705.
6705.
6703.
6702.
6700.
6699.
6697.
6697.
6695.
6694.
6693.
6690.
6689.
6688.
6687.
6685.
6684.
6682.
6681.
6680.
6679.
6677.
6676.
6675.
6673.
6671.
6670.
6669.
6668.
6666.
6665.
6662.
6661.
6659.
6658.
6656.
6655.
6653.
6652.
6650.
6649.
6647.
6646.
6644.
6644.
6642.
6641.
6639.
6637.
6636.
6635.
6633.
6633.
6631.
6631.
6629.
6628.
6627.
6627.
6626.
6625.
6625.
6624.
6623.
6623.
6622.
6621.
6621.
6620.
6620.
6619.
6618.
6618.
6618.
6618.
6618.
6618.
6618.
6618.
6618.
6618.
6618.
6618.
6618.
6618.
6618.
6618.
6619.
6619.
6620.
6619.
6620.
6620.
6620.
6621.
6622.
6622.
6623.
6622.
6622.
6624.
6625.
6625.
6625.
6626.
6626.
6627.
6628.
6629.
6629.
6631.
6631.
6633.
6633.
6635.
6635.
6637.
6638.
6640.
6640.
6642.
6643.
6645.
6646.
6648.
6648.
6650.
6652.
6654.
6655.
6657.
6658.
6660.
6661.
6662.
6664.
6666.
6667.
6669.
6670.
6672.
6674.
6676.
6677.
6678.
6680.
6682.
6683.
6685.
6687.
6688.
6690.
6692.
6693.
6695.
6697.
6698.
6700.
6701.
6703.
6705.
6707.
6708.
6711.
6712.
6714.
6716.
6718.
6719.
6722.
6723.
6726.
6727.
6730.
6731.
6733.
6735.
6738.
6739.
6741.
6743.
6745.
6746.
6748.
6751.
6753.
6754.
6756.
6758.
6761.
6762.
6764.
6766.
6768.
6769.
6771.
6773.
6775.
6777.
6779.
6781.
6783.
6785.
6787.
6789.
6791.
6792.
6794.
6797.
6799.
6800.
6802.
6805.
6807.
6808.
6811.
6813.
6815.
6817.
6820.
6822.
6824.
6826.
6828.
6831.
6833.
6835.
6837.
6839.
6842.
6844.
6846.
6849.
6851.
6853.
6856.
6858.
6861.
6862.
6866.
6868.
6871.
6873.
6876.
6879.
6882.
6883.
6887.
6890.
6893.
6895.
6899.
6902.
6905.
6907.
6911.
6913.
6917.
6919.
6923.
6926.
6930.
6932.
6935.
6939.
6943.
6945.
6949.
6952.
6956.
6958.
6962.
6964.
6969.
6971.
6975.
6979.
6982.
6984.
6989.
6993.
6996.
6999.
7003.
7007.
7011.
7014.
7017.
7021.
7025.
7029.
7032.
7037.
7041.
7044.
7048.
7053.
7057.
7061.
7064.
7068.
7073.
7077.
7081.
7086.
7089.
7094.
7097.
7101.
7105.
7110.
7113.
7117.
7121.
7125.
7128.
7131.
7136.
7140.
7142.
7146.
7150.
7154.
7156.
7160.
7164.
7167.
7170.
7174.
7177.
7180.
7183.
7187.
7190.
7194.
7197.
7200.
7204.
7206.
7209.
7213.
7216.
7219.
7222.
7226.
7230.
7232.
7235.
7238.
7243.
7246.
7248.
7252.
7255.
7258.
7261.
7264.
7268.
7270.
7273.
7277.
7281.
7284.
7287.
7289.
7293.
7295.
7298.
7301.
7305.
7307.
7311.
7313.
7317.
7320.
7322.
7325.
7329.
7331.
7334.
7336.
7340.
7343.
7345.
7348.
7352.
7354.
7357.
7360.
7364.
7367.
7369.
7373.
7377.
7379.
7382.
7385.
7390.
7392.
7395.
7399.
7403.
7406.
7410.
7413.
7417.
7421.
7425.
7428.
7433.
7436.
7440.
7444.
7448.
7452.
7455.
7460.
7465.
7469.
7472.
7476.
7481.
7485.
7489.
7492.
7497.
7502.
7505.
7510.
7514.
7518.
7523.
7527.
7531.
7536.
7540.
7543.
7549.
7553.
7557.
7561.
7566.
7571.
7574.
7579.
7583.
7588.
7591.
7595.
7601.
7606.
7609.
7613.
7617.
7622.
7626.
7629.
7634.
7639.
7642.
7646.
7651.
7655.
7658.
7662.
7666.
7670.
7674.
7677.
7681.
7686.
7688.
7692.
7696.
7700.
7702.
7705.
7710.
7713.
7716.
7718.
7723.
7727.
7729.
7733.
7735.
7739.
7742.
7745.
7748.
7752.
7754.
7758.
7761.
7764.
7766.
7770.
7773.
7776.
7779.
7782.
7785.
7788.
7791.
7793.
7797.
7799.
7802.
7805.
7808.
7811.
7814.
7816.
7820.
7823.
7826.
7828.
7832.
7835.
7838.
7841.
7845.
7847.
7850.
7853.
7857.
7860.
7863.
7866.
7870.
7873.
7876.
7879.
7883.
7886.
7889.
7892.
7896.
7899.
7902.
7905.
7909.
7912.
7915.
7918.
7923.
7926.
7930.
7933.
7938.
7941.
7945.
7948.
7952.
7956.
7961.
7964.
7968.
7973.
7977.
7980.
7985.
7989.
7994.
7998.
8002.
8007.
8011.
8015.
8019.
8024.
8028.
8032.
8037.
8042.
8045.
8050.
8054.
8059.
8063.
8067.
8071.
8076.
8081.
8084.
8089.
8094.
8098.
8102.
8106.
8111.
8115.
8119.
8123.
8128.
8131.
8135.
8140.
8144.
8148.
8152.
8156.
8161.
8165.
8168.
8172.
8176.
8180.
8184.
8188.
8192.
8195.
8199.
8203.
8207.
8210.
8214.
8218.
8222.
8226.
8230.
8232.
8237.
8240.
8244.
8247.
8251.
8254.
8258.
8261.
8265.
8267.
8271.
8275.
8278.
8281.
8284.
8287.
8291.
8293.
8296.
8299.
8303.
8305.
8308.
8311.
8314.
8316.
8319.
8322.
8325.
8328.
8330.
8334.
8336.
8339.
8341.
8344.
8346.
8349.
8351.
8354.
8356.
8358.
8360.
8363.
8365.
8367.
8369.
8372.
8374.
8376.
8378.
8379.
8382.
8384.
8385.
8387.
8390.
8391.
8393.
8396.
8398.
8399.
8401.
8403.
8405.
8407.
8408.
8410.
8412.
8414.
8415.
8417.
8419.
8420.
8422.
8423.
8425.
8426.
8428.
8429.
8431.
8432.
8434.
8435.
8437.
8438.
8440.
8440.
8442.
8444.
8446.
8446.
8448.
8449.
8451.
8452.
8454.
8455.
8456.
8458.
8459.
8459.
8461.
8463.
8464.
8465.
8466.
8467.
8468.
8470.
8471.
8472.
8473.
8475.
8476.
8477.
8478.
8479.
8480.
8481.
8481.
8483.
8484.
8485.
8485.
8486.
8486.
8488.
8488.
8489.
8489.
8490.
8490.
8491.
8491.
8492.
8492.
8491.
8492.
8493.
8492.
8493.
8493.
8493.
8493.
8493.
8493.
8493.
8493.
8492.
8492.
8491.
8491.
8491.
8491.
8491.
8491.
8490.
8490.
8490.
8489.
8489.
8489.
8488.
8487.
8487.
8486.
8486.
8485.
8484.
8483.
8483.
8482.
8481.
8480.
8479.
8478.
8477.
8476.
8475.
8474.
8473.
8471.
8470.
8469.
8468.
8467.
8466.
8464.
8463.
8462.
8460.
8458.
8457.
8455.
8454.
8452.
8449.
8448.
8446.
8444.
8443.
8440.
8438.
8436.
8433.
8431.
8429.
8426.
8423.
8421.
8418.
8416.
8413.
8410.
8407.
8404.
8401.
8398.
8395.
8392.
8389.
8385.
8382.
8379.
8376.
8372.
8369.
8366.
8363.
8359.
8356.
8352.
8350.
8345.
8342.
8338.
8335.
8331.
8327.
8324.
8320.
8317.
8312.
8308.
8303.
8300.
8295.
8291.
8287.
8282.
8278.
8273.
8268.
8264.
8259.
8253.
8248.
8243.
8239.
8233.
8228.
8224.
8218.
8213.
8207.
8203.
8197.
8192.
8186.
8181.
8176.
8171.
8166.
8161.
8155.
8150.
8144.
8139.
8133.
8128.
8123.
8117.
8112.
8106.
8101.
8095.
8091.
8085.
8080.
8074.
8069.
8064.
8059.
8054.
8048.
8043.
8038.
8033.
8027.
8022.
8018.
8012.
8007.
8002.
7997.
7992.
7987.
7982.
7977.
7971.
7966.
7961.
7955.
7950.
7944.
7940.
7934.
7929.
7923.
7917.
7911.
7906.
7901.
7895.
7890.
7885.
7880.
7874.
7869.
7864.
7859.
7853.
7849.
7844.
7839.
7834.
7829.
7824.
7820.
7814.
7809.
7804.
7800.
7794.
7790.
7785.
7780.
7775.
7770.
7766.
7762.
7757.
7752.
7747.
7742.
7737.
7733.
7728.
7724.
7719.
7715.
7711.
7707.
7702.
7698.
7694.
7690.
7685.
7682.
7677.
7673.
7669.
7665.
7661.
7656.
7652.
7647.
7643.
7639.
7635.
7630.
7624.
7621.
7616.
7611.
7606.
7601.
7597.
7592.
7588.
7583.
7579.
7575.
7570.
7565.
7561.
7557.
7552.
7547.
7544.
7539.
7535.
7530.
7526.
7522.
7518.
7514.
7510.
7506.
7502.
7498.
7493.
7490.
7485.
7481.
7476.
7473.
7468.
7464.
7459.
7456.
7452.
7447.
7444.
7439.
7435.
7431.
7427.
7422.
7419.
7414.
7410.
7406.
7402.
7398.
7394.
7390.
7385.
7381.
7378.
7374.
7370.
7366.
7361.
7357.
7353.
7349.
7344.
7341.
7337.
7333.
7329.
7326.
7322.
7318.
7314.
7311.
7307.
7305.
7300.
7297.
7293.
7291.
7287.
7284.
7280.
7278.
7274.
7271.
7267.
7265.
7262.
7259.
7256.
7253.
7249.
7247.
7244.
7241.
7238.
7235.
7232.
7229.
7227.
7223.
7221.
7218.
7214.
7212.
7209.
7206.
7203.
7200.
7197.
7195.
7192.
7188.
7186.
7183.
7179.
7177.
7174.
7170.
7168.
7165.
7162.
7159.
7155.
7152.
7150.
7146.
7143.
7140.
7137.
7134.
7131.
7127.
7125.
7121.
7118.
7115.
7113.
7109.
7106.
7103.
7100.
7097.
7094.
7090.
7088.
7085.
7082.
7078.
7075.
7072.
7069.
7066.
7063.
7059.
7057.
7054.
7050.
7047.
7044.
7040.
7037.
7033.
7030.
7027.
7025.
7021.
7018.
7014.
7011.
7007.
7004.
7000.
6996.
6994.
6990.
6987.
6982.
6980.
6976.
6972.
6969.
6966.
6962.
6958.
6955.
6951.
6948.
6945.
6941.
6938.
6934.
6930.
6927.
6924.
6920.
6917.
6913.
6910.
6906.
6903.
6899.
6896.
6892.
6889.
6885.
6882.
6879.
6876.
6872.
6869.
6864.
6862.
6858.
6855.
6851.
6847.
6844.
6841.
6838.
6835.
6831.
6828.
6824.
6821.
6817.
6814.
6811.
6807.
6804.
6800.
6797.
6794.
6790.
6787.
6784.
6781.
6777.
6774.
6771.
6768.
6765.
6761.
6759.
6756.
6753.
6750.
6747.
6743.
6740.
6737.
6734.
6732.
6729.
6726.
6723.
6720.
6718.
6715.
6712.
6709.
6706.
6703.
6701.
6699.
6696.
6693.
6690.
6687.
6685.
6682.
6680.
6677.
6675.
6673.
6670.
6668.
6665.
6663.
6661.
6658.
6656.
6655.
6652.
6650.
6648.
6647.
6644.
6643.
6641.
6639.
6637.
6635.
6634.
6631.
6630.
6629.
6628.
6626.
6625.
6624.
6623.
6622.
6621.
6620.
6620.
6618.
6618.
6617.
6617.
6615.
6615.
6614.
6614.
6614.
6614.
6614.
6614.
6613.
6613.
6613.
6613.
6614.
6614.
6613.
6614.
6615.
6615.
6615.
6616.
6616.
6616.
6617.
6618.
6618.
6618.
6619.
6620.
6621.
6622.
6622.
6623.
6624.
6625.
6625.
6626.
6628.
6629.
6630.
6631.
6632.
6633.
6635.
6637.
6637.
6639.
6640.
6642.
6644.
6645.
6646.
6648.
6649.
6651.
6652.
6654.
6656.
6657.
6659.
6660.
6662.
6664.
6665.
6668.
6669.
6670.
6671.
6674.
6675.
6677.
6677.
6680.
6681.
6682.
6684.
6686.
6686.
6688.
6690.
6692.
6693.
6695.
6696.
6698.
6699.
6701.
6702.
6704.
6705.
6706.
6708.
6710.
6711.
6713.
6714.
6716.
6718.
6719.
6722.
6724.
6725.
6726.
6727.
6729.
6731.
6733.
6735.
6736.
6738.
6740.
6742.
6745.
6746.
6748.
6750.
6753.
6754.
6757.
6759.
6761.
6763.
6765.
6767.
6768.
6771.
6773.
6775.
6777.
6779.
6781.
6783.
6785.
6788.
6790.
6793.
6794.
6796.
6799.
6800.
6803.
6806.
6808.
6810.
6813.
6816.
6818.
6820.
6824.
6826.
6828.
6831.
6835.
6837.
6840.
6843.
6846.
6849.
6852.
6854.
6857.
6860.
6864.
6866.
6870.
6873.
6876.
6879.
6882.
6886.
6889.
6892.
6895.
6899.
6902.
6905.
6909.
6913.
6916.
6919.
6923.
6927.
6931.
6934.
6938.
6942.
6946.
6949.
6954.
6958.
6962.
6966.
6970.
6975.
6979.
6983.
6988.
6993.
6997.
7001.
7006.
7011.
7015.
7020.
7025.
7030.
7034.
7038.
7043.
7048.
7054.
7058.
7063.
7068.
7073.
7077.
7082.
7087.
7092.
7096.
7102.
7108.
7112.
7117.
7122.
7126.
7132.
7137.
7143.
7148.
7153.
7158.
7164.
7169.
7175.
7180.
7186.
7191.
7196.
7203.
7208.
7214.
7220.
7225.
7231.
7236.
7243.
7247.
7253.
7258.
7264.
7269.
7275.
7280.
7286.
7290.
7295.
7301.
7306.
7311.
7316.
7321.
7325.
7330.
7335.
7340.
7345.
7350.
7354.
7360.
7365.
7369.
7374.
7379.
7384.
7389.
7393.
7399.
7404.
7408.
7412.
7417.
7422.
7427.
7431.
7436.
7441.
7444.
7449.
7454.
7459.
7462.
7467.
7472.
7476.
7480.
7484.
7489.
7494.
7496.
7500.
7505.
7510.
7514.
7518.
7523.
7526.
7529.
7533.
7539.
7542.
7545.
7550.
7555.
7558.
7562.
7566.
7571.
7574.
7577.
7581.
7586.
7590.
7593.
7597.
7602.
7606.
7609.
7613.
7618.
7622.
7626.
7629.
7634.
7639.
7642.
7646.
7651.
7656.
7660.
7663.
7669.
7673.
7676.
7680.
7685.
7690.
7694.
7698.
7703.
7707.
7711.
7715.
7720.
7725.
7729.
7733.
7737.
7742.
7747.
7750.
7756.
7760.
7764.
7768.
7773.
7778.
7782.
7786.
7791.
7796.
7800.
7804.
7809.
7814.
7819.
7822.
7827.
7832.
7837.
7841.
7846.
7851.
7856.
7861.
7865.
7871.
7876.
7881.
7885.
7891.
7895.
7901.
7906.
7911.
7916.
7921.
7926.
7931.
7936.
7941.
7946.
7952.
7956.
7960.
7966.
7971.
7976.
7980.
7985.
7990.
7995.
7999.
8004.
8009.
8014.
8018.
8023.
8028.
8033.
8036.
8041.
8047.
8051.
8055.
8060.
8065.
8069.
8073.
8078.
8083.
8087.
8091.
8096.
8101.
8105.
8108.
8114.
8118.
8122.
8125.
8130.
8135.
8138.
8141.
8146.
8150.
8155.
8158.
8162.
8167.
8170.
8173.
8177.
8181.
8185.
8189.
8192.
8197.
8200.
8203.
8207.
8212.
8215.
8219.
8222.
8226.
8230.
8233.
8237.
8241.
8244.
8247.
8251.
8255.
8259.
8262.
8265.
8270.
8273.
8277.
8280.
8284.
8288.
8291.
8294.
8299.
8301.
8305.
8308.
8313.
8316.
8319.
8323.
8326.
8329.
8332.
8336.
8340.
8343.
8346.
8350.
8352.
8355.
8358.
8362.
8364.
8368.
8370.
8374.
8376.
8379.
8381.
8385.
8388.
8390.
8392.
8396.
8398.
8401.
8403.
8406.
8408.
8411.
8413.
8415.
8418.
8420.
8422.
8424.
8427.
8429.
8430.
8433.
8435.
8437.
8439.
8440.
8442.
8444.
8446.
8447.
8449.
8450.
8453.
8454.
8455.
8457.
8459.
8460.
8460.
8462.
8464.
8465.
8465.
8467.
8467.
8469.
8469.
8471.
8471.
8472.
8472.
8473.
8474.
8474.
8475.
8475.
8475.
8476.
8476.
8477.
8477.
8477.
8477.
8478.
8478.
8478.
8478.
8479.
8479.
8479.
8479.
8480.
8480.
8480.
8480.
8481.
8481.
8481.
8481.
8482.
8481.
8482.
8482.
8482.
8482.
8483.
8483.
8483.
8483.
8484.
8484.
8484.
8484.
8485.
8485.
8485.
8485.
8486.
8486.
8486.
8486.
8487.
8487.
8487.
8488.
8489.
8489.
8489.
8490.
8491.
8490.
8490.
8491.
8491.
8491.
8491.
8492.
8492.
8492.
8493.
8493.
8493.
8493.
8493.
8493.
8493.
8493.
8493.
8494.
8494.
8495.
8495.
8495.
8495.
8496.
8496.
8497.
8497.
8496.
8497.
8497.
8497.
8497.
8497.
8498.
8498.
8498.
8498.
8498.
8498.
8499.
8498.
8498.
8498.
8498.
8498.
8497.
8497.
8496.
8496.
8496.
8495.
8495.
8495.
8494.
8494.
8493.
8492.
8492.
8491.
8490.
8489.
8488.
8487.
8486.
8485.
8484.
8483.
8481.
8480.
8479.
8478.
8476.
8474.
8472.
8471.
8468.
8467.
8465.
8464.
8461.
8459.
8456.
8454.
8451.
8449.
8446.
8444.
8440.
8438.
8436.
8433.
8429.
8427.
8423.
8420.
8416.
8414.
8410.
8407.
8403.
8400.
8396.
8393.
8389.
8386.
8381.
8378.
8373.
8369.
8365.
8361.
8356.
8351.
8348.
8343.
8338.
8333.
8328.
8323.
8318.
8313.
8308.
8303.
8297.
8292.
8286.
8281.
8275.
8269.
8263.
8258.
8252.
8246.
8240.
8234.
8228.
8223.
8217.
8210.
8204.
8198.
8192.
8185.
8179.
8173.
8166.
8160.
8153.
8146.
8141.
8134.
8127.
8120.
8114.
8108.
8101.
8095.
8088.
8082.
8075.
8068.
8061.
8056.
8049.
8042.
8036.
8029.
8022.
8015.
8009.
8003.
7996.
7989.
7984.
7976.
7969.
7963.
7957.
7951.
7944.
7938.
7931.
7925.
7918.
7912.
7905.
7899.
7892.
7885.
7879.
7872.
7867.
7860.
7854.
7848.
7841.
7835.
7829.
7822.
7816.
7810.
7804.
7798.
7792.
7786.
7781.
7775.
7768.
7763.
7757.
7751.
7746.
7741.
7734.
7729.
7724.
7718.
7712.
7707.
7702.
7696.
7691.
7685.
7680.
7674.
7669.
7664.
7659.
7654.
7648.
7644.
7638.
7633.
7628.
7623.
7618.
7614.
7608.
7604.
7598.
7594.
7589.
7584.
7579.
7573.
7569.
7563.
7558.
7554.
7549.
7543.
7538.
7533.
7528.
7523.
7518.
7513.
7507.
7502.
7497.
7492.
7488.
7482.
7477.
7472.
7467.
7462.
7457.
7452.
7447.
7442.
7438.
7433.
7427.
7423.
7418.
7412.
7407.
7402.
7397.
7391.
7386.
7381.
7376.
7370.
7365.
7359.
7354.
7348.
7343.
7337.
7332.
7326.
7321.
7315.
7310.
7303.
7299.
7293.
7287.
7281.
7276.
7270.
7265.
7259.
7254.
7248.
7241.
7236.
7230.
7225.
7219.
7213.
7207.
7202.
7196.
7190.
7183.
7178.
7173.
7167.
7160.
7155.
7149.
7143.
7137.
7131.
7126.
7120.
7115.
7109.
7104.
7098.
7092.
7087.
7081.
7076.
7071.
7066.
7060.
7055.
7050.
7045.
7040.
7034.
7029.
7024.
7019.
7014.
7008.
7004.
6998.
6994.
6988.
6984.
6978.
6973.
6968.
6964.
6959.
6954.
6950.
6945.
6941.
6936.
6932.
6927.
6924.
6919.
6915.
6911.
6907.
6903.
6899.
6896.
6893.
6889.
6884.
6881.
6877.
6874.
6870.
6866.
6863.
6859.
6855.
6852.
6849.
6846.
6842.
6839.
6835.
6832.
6829.
6826.
6822.
6819.
6816.
6813.
6809.
6807.
6803.
6800.
6797.
6794.
6791.
6787.
6783.
6781.
6777.
6774.
6771.
6768.
6764.
6762.
6758.
6755.
6752.
6749.
6745.
6742.
6738.
6735.
6732.
6729.
6726.
6722.
6719.
6716.
6713.
6709.
6706.
6704.
6700.
6696.
6693.
6690.
6687.
6683.
6679.
6676.
6672.
6669.
6665.
6662.
6659.
6655.
6652.
6647.
6645.
6641.
6637.
6634.
6630.
6626.
6623.
6619.
6615.
6611.
6607.
6603.
6600.
6596.
6592.
6588.
6584.
6580.
6577.
6573.
6569.
6566.
6561.
6558.
6553.
6550.
6545.
6541.
6537.
6533.
6529.
6525.
6521.
6517.
6513.
6509.
6505.
6501.
6496.
6492.
6489.
6485.
6480.
6476.
6473.
6469.
6465.
6461.
6457.
6453.
6449.
6446.
6442.
6438.
6434.
6431.
6427.
6423.
6419.
6415.
6412.
6407.
6403.
6400.
6397.
6392.
6388.
6385.
6381.
6378.
6373.
6371.
6367.
6364.
6360.
6357.
6354.
6352.
6347.
6344.
6341.
6338.
6334.
6331.
6328.
6325.
6322.
6320.
6316.
6314.
6310.
6308.
6305.
6303.
6299.
6297.
6294.
6292.
6288.
6286.
6284.
6281.
6278.
6276.
6274.
6271.
6269.
6267.
6265.
6263.
6261.
6258.
6256.
6254.
6252.
6250.
6249.
6246.
6244.
6242.
6241.
6239.
6238.
6236.
6235.
6233.
6231.
6230.
6229.
6228.
6227.
6226.
6224.
6223.
6221.
6221.
6219.
6219.
6218.
6218.
6216.
6216.
6214.
6213.
6213.
6213.
6211.
6211.
6211.
6211.
6209.
6209.
6209.
6209.
6209.
6209.
6208.
6208.
6208.
6209.
6208.
6208.
6208.
6209.
6209.
6210.
6210.
6210.
6211.
6211.
6211.
6211.
6213.
6213.
6213.
6214.
6215.
6216.
6216.
6217.
6218.
6219.
6219.
6221.
6221.
6223.
6223.
6225.
6227.
6228.
6228.
6230.
6231.
6232.
6233.
6235.
6236.
6237.
6238.
6240.
6241.
6243.
6245.
6246.
6247.
6250.
6251.
6252.
6254.
6255.
6256.
6258.
6259.
6261.
6262.
6264.
6266.
6267.
6269.
6271.
6272.
6274.
6275.
6277.
6278.
6280.
6281.
6283.
6285.
6287.
6288.
6290.
6293.
6294.
6295.
6297.
6299.
6301.
6303.
6305.
6307.
6309.
6310.
6312.
6314.
6317.
6319.
6321.
6324.
6326.
6328.
6331.
6333.
6336.
6338.
6341.
6344.
6347.
6350.
6353.
6356.
6359.
6362.
6366.
6369.
6373.
6376.
6380.
6383.
6387.
6390.
6394.
6399.
6403.
6407.
6411.
6415.
6419.
6424.
6428.
6433.
6438.
6442.
6447.
6452.
6456.
6462.
6467.
6472.
6476.
6482.
6487.
6493.
6498.
6503.
6508.
6514.
6519.
6524.
6530.
6536.
6541.
6547.
6553.
6559.
6564.
6570.
6576.
6582.
6589.
6594.
6600.
6607.
6614.
6619.
6626.
6632.
6639.
6646.
6653.
6659.
6666.
6672.
6679.
6686.
6693.
6700.
6706.
6713.
6721.
6728.
6736.
6742.
6749.
6757.
6764.
6771.
6778.
6785.
6792.
6800.
6807.
6814.
6821.
6828.
6835.
6843.
6849.
6857.
6864.
6873.
6880.
6886.
6893.
6900.
6908.
6915.
6923.
6931.
6938.
6945.
6952.
6961.
6968.
6975.
6983.
6991.
6998.
7006.
7013.
7021.
7028.
7036.
7042.
7050.
7057.
7064.
7071.
7078.
7085.
7092.
7099.
7105.
7112.
7119.
7125.
7131.
7138.
7144.
7151.
7158.
7164.
7169.
7176.
7183.
7188.
7194.
7200.
7207.
7212.
7219.
7225.
7231.
7237.
7243.
7248.
7255.
7261.
7267.
7273.
7279.
7285.
7291.
7297.
7303.
7309.
7315.
7320.
7326.
7332.
7339.
7344.
7349.
7354.
7360.
7366.
7372.
7377.
7382.
7387.
7393.
7398.
7403.
7408.
7413.
7418.
7423.
7429.
7435.
7439.
7444.
7449.
7455.
7460.
7465.
7471.
7476.
7481.
7486.
7492.
7498.
7503.
7508.
7513.
7519.
7525.
7530.
7536.
7541.
7547.
7552.
7558.
7563.
7569.
7575.
7581.
7586.
7591.
7597.
7603.
7609.
7614.
7620.
7626.
7632.
7638.
7644.
7649.
7656.
7661.
7667.
7673.
7679.
7685.
7691.
7696.
7703.
7708.
7714.
7720.
7725.
7732.
7737.
7743.
7749.
7754.
7760.
7766.
7771.
7777.
7782.
7788.
7793.
7799.
7804.
7811.
7816.
7821.
7826.
7832.
7838.
7843.
7848.
7853.
7859.
7865.
7869.
7874.
7880.
7885.
7889.
7894.
7900.
7905.
7909.
7914.
7919.
7925.
7928.
7934.
7939.
7943.
7947.
7952.
7957.
7962.
7965.
7970.
7975.
7980.
7983.
7989.
7994.
7998.
8001.
8006.
8011.
8014.
8018.
8023.
8027.
8031.
8035.
8040.
8044.
8048.
8052.
8057.
8061.
8065.
8069.
8073.
8077.
8082.
8085.
8090.
8094.
8098.
8102.
8106.
8111.
8115.
8118.
8122.
8126.
8130.
8134.
8137.
8142.
8147.
8149.
8152.
8157.
8161.
8164.
8168.
8172.
8175.
8178.
8181.
8185.
8188.
8192.
8196.
8199.
8203.
8206.
8209.
8213.
8217.
8219.
8224.
8227.
8231.
8234.
8238.
8242.
8246.
8249.
8253.
8258.
8261.
8265.
8269.
8273.
8277.
8281.
8286.
8290.
8294.
8297.
8302.
8306.
8311.
8314.
8318.
8323.
8327.
8331.
8335.
8340.
8345.
8348.
8352.
8357.
8361.
8365.
8370.
8375.
8379.
8382.
8387.
8392.
8396.
8400.
8404.
8408.
8412.
8417.
8421.
8425.
8430.
8434.
8437.
8441.
8446.
8449.
8454.
8458.
8462.
8466.
8469.
8474.
8478.
8482.
8485.
8489.
8493.
8496.
8500.
8505.
8508.
8512.
8515.
8519.
8523.
8526.
8529.
8533.
8537.
8540.
8543.
8547.
8550.
8553.
8556.
8560.
8562.
8566.
8569.
8572.
8574.
8578.
8580.
8583.
8586.
8588.
8591.
8594.
8596.
8599.
8601.
8604.
8606.
8608.
8611.
8613.
8615.
8616.
8619.
8621.
8623.
8624.
8626.
8628.
8629.
8631.
8632.
8634.
8636.
8637.
8638.
8639.
8641.
8642.
8643.
8644.
8645.
8647.
8648.
8649.
8649.
8651.
8651.
8652.
8653.
8654.
8655.
8656.
8656.
8657.
8658.
8659.
8659.
8660.
8660.
8661.
8662.
8662.
8663.
8664.
8664.
8665.
8665.
8666.
8666.
8667.
8667.
8668.
8668.
8669.
8669.
8669.
8670.
8671.
8671.
8671.
8672.
8672.
8672.
8672.
8673.
8673.
8674.
8674.
8675.
8675.
8675.
8675.
8676.
8677.
8678.
8677.
8679.
8679.
8680.
8680.
8680.
8681.
8682.
8683.
8683.
8683.
8684.
8684.
8685.
8685.
8686.
8687.
8687.
8686.
8687.
8687.
8688.
8689.
8689.
8688.
8689.
8689.
8689.
8689.
8689.
8689.
8689.
8689.
8689.
8689.
8689.
8689.
8688.
8689.
8688.
8688.
8688.
8688.
8688.
8688.
8687.
8688.
8687.
8687.
8687.
8687.
8686.
8685.
8686.
8686.
8685.
8685.
8684.
8684.
8683.
8683.
8682.
8681.
8681.
8680.
8679.
8679.
8677.
8677.
8676.
8674.
8674.
8672.
8671.
8670.
8669.
8667.
8666.
8664.
8662.