7264.
7264.
7264.
7264.
7263.
7263.
7264.
7263.
7264.
7264.
7264.
7263.
7264.
7263.
7263.
7263.
7263.
7264.
7263.
7263.
7263.
7263.
7263.
7263.
7263.
7263.
7263.
7263.
7262.
7261.
7262.
7262.
7262.
7262.
7261.
7262.
7262.
7262.
7262.
7261.
7261.
7262.
7261.
7262.
7262.
7262.
7262.
7262.
7261.
7262.
7261.
7261.
7261.
7261.
7261.
7261.
7261.
7262.
7261.
7261.
7261.
7261.
7261.
7261.
7261.
7261.
7261.
7261.
7261.
7261.
7261.
7261.
7261.
7261.
7260.
7261.
7260.
7260.
7261.
7261.
7261.
7261.
7260.
7260.
7260.
7260.
7259.
7259.
7260.
7259.
7259.
7259.
7259.
7258.
7259.
7258.
7258.
7257.
7258.
7258.
7257.
7257.
7257.
7256.
7256.
7256.
7256.
7256.
7255.
7255.
7255.
7255.
7255.
7255.
7255.
7255.
7255.
7255.
7255.
7255.
7255.
7256.
7256.
7256.
7256.
7257.
7258.
7259.
7260.
7261.
7262.
7264.
7265.
7266.
7268.
7271.
7273.
7275.
7278.
7281.
7284.
7286.
7290.
7293.
7296.
7299.
7303.
7308.
7311.
7314.
7318.
7323.
7327.
7331.
7335.
7341.
7346.
7350.
7355.
7360.
7366.
7371.
7376.
7383.
7389.
7395.
7401.
7408.
7414.
7422.
7428.
7435.
7443.
7451.
7458.
7466.
7473.
7481.
7490.
7498.
7506.
7515.
7524.
7533.
7541.
7550.
7559.
7568.
7578.
7587.
7597.
7606.
7616.
7626.
7636.
7646.
7656.
7668.
7677.
7689.
7700.
7712.
7722.
7735.
7747.
7759.
7771.
7784.
7797.
7810.
7822.
7836.
7849.
7862.
7876.
7889.
7903.
7916.
7929.
7942.
7957.
7970.
7984.
7996.
8011.
8023.
8036.
8050.
8062.
8075.
8089.
8101.
8115.
8128.
8142.
8154.
8168.
8181.
8194.
8207.
8221.
8233.
8247.
8260.
8272.
8286.
8299.
8312.
8325.
8338.
8351.
8364.
8376.
8389.
8401.
8413.
8425.
8437.
8450.
8462.
8473.
8485.
8497.
8509.
8520.
8531.
8543.
8554.
8565.
8576.
8587.
8598.
8609.
8620.
8630.
8641.
8651.
8662.
8672.
8682.
8692.
8702.
8711.
8721.
8731.
8740.
8750.
8760.
8768.
8777.
8787.
8795.
8804.
8813.
8822.
8830.
8838.
8847.
8855.
8863.
8871.
8879.
8886.
8894.
8903.
8909.
8915.
8923.
8930.
8936.
8942.
8949.
8955.
8962.
8966.
8972.
8977.
8982.
8987.
8992.
8996.
9000.
9005.
9007.
9011.
9015.
9018.
9020.
9024.
9026.
9028.
9030.
9032.
9033.
9034.
9035.
9036.
9036.
9036.
9036.
9036.
9036.
9034.
9033.
9032.
9030.
9028.
9026.
9024.
9021.
9018.
9014.
9011.
9006.
9002.
8998.
8993.
8987.
8981.
8976.
8969.
8964.
8957.
8950.
8944.
8936.
8928.
8920.
8911.
8903.
8894.
8885.
8875.
8865.
8855.
8844.
8833.
8821.
8810.
8797.
8785.
8772.
8759.
8746.
8731.
8718.
8702.
8688.
8672.
8656.
8640.
8624.
8606.
8589.
8572.
8554.
8536.
8516.
8497.
8478.
8459.
8439.
8419.
8399.
8378.
8357.
8336.
8315.
8293.
8271.
8250.
8227.
8205.
8182.
8159.
8136.
8113.
8089.
8066.
8042.
8018.
7994.
7969.
7946.
7921.
7896.
7872.
7847.
7822.
7796.
7772.
7747.
7721.
7696.
7671.
7645.
7620.
7594.
7569.
7544.
7519.
7493.
7468.
7444.
7419.
7393.
7369.
7344.
7320.
7295.
7271.
7247.
7223.
7199.
7175.
7152.
7129.
7105.
7082.
7059.
7037.
7014.
6991.
6969.
6946.
6924.
6903.
6881.
6859.
6838.
6817.
6795.
6775.
6754.
6734.
6713.
6693.
6673.
6652.
6633.
6614.
6595.
6576.
6557.
6537.
6519.
6501.
6483.
6465.
6447.
6430.
6413.
6396.
6379.
6363.
6347.
6331.
6316.
6300.
6285.
6270.
6256.
6242.
6229.
6214.
6201.
6187.
6175.
6162.
6149.
6137.
6124.
6113.
6101.
6090.
6079.
6068.
6057.
6046.
6036.
6026.
6016.
6006.
5997.
5988.
5980.
5971.
5963.
5954.
5946.
5938.
5931.
5924.
5916.
5910.
5903.
5897.
5890.
5884.
5879.
5873.
5868.
5863.
5858.
5853.
5849.
5844.
5840.
5836.
5832.
5829.
5826.
5823.
5820.
5818.
5815.
5813.
5810.
5808.
5807.
5806.
5804.
5803.
5803.
5802.
5801.
5801.
5802.
5801.
5802.
5803.
5804.
5805.
5807.
5807.
5809.
5811.
5813.
5816.
5819.
5822.
5825.
5828.
5831.
5835.
5839.
5844.
5848.
5853.
5858.
5863.
5868.
5873.
5879.
5885.
5891.
5897.
5903.
5910.
5916.
5922.
5928.
5936.
5943.
5950.
5957.
5964.
5972.
5980.
5987.
5996.
6003.
6012.
6020.
6029.
6038.
6047.
6056.
6065.
6075.
6085.
6095.
6105.
6116.
6126.
6137.
6148.
6160.
6171.
6183.
6194.
6207.
6219.
6231.
6244.
6256.
6269.
6282.
6295.
6308.
6322.
6335.
6348.
6362.
6376.
6390.
6404.
6418.
6434.
6447.
6462.
6476.
6492.
6506.
6521.
6536.
6552.
6567.
6582.
6597.
6613.
6628.
6644.
6660.
6676.
6691.
6707.
6724.
6740.
6756.
6772.
6788.
6805.
6821.
6837.
6854.
6871.
6887.
6904.
6921.
6938.
6955.
6971.
6990.
7007.
7025.
7042.
7060.
7078.
7096.
7114.
7131.
7150.
7169.
7187.
7206.
7223.
7242.
7260.
7279.
7297.
7315.
7334.
7352.
7370.
7388.
7406.
7425.
7444.
7462.
7481.
7499.
7518.
7537.
7555.
7574.
7592.
7612.
7631.
7649.
7669.
7688.
7706.
7726.
7745.
7764.
7782.
7802.
7820.
7839.
7857.
7877.
7895.
7913.
7932.
7950.
7968.
7987.
8005.
8022.
8040.
8057.
8076.
8093.
8111.
8127.
8144.
8161.
8177.
8194.
8210.
8226.
8242.
8258.
8273.
8289.
8304.
8320.
8335.
8350.
8366.
8380.
8395.
8409.
8424.
8438.
8451.
8466.
8480.
8494.
8507.
8522.
8535.
8548.
8561.
8575.
8588.
8600.
8613.
8625.
8638.
8650.
8662.
8674.
8686.
8698.
8708.
8720.
8731.
8741.
8752.
8763.
8773.
8782.
8792.
8802.
8811.
8820.
8829.
8838.
8846.
8855.
8863.
8871.
8879.
8886.
8893.
8900.
8908.
8914.
8920.
8926.
8931.
8937.
8942.
8947.
8952.
8957.
8961.
8964.
8967.
8971.
8975.
8977.
8979.
8981.
8982.
8984.
8984.
8985.
8985.
8984.
8984.
8982.
8981.
8979.
8976.
8974.
8971.
8967.
8963.
8960.
8954.
8949.
8943.
8938.
8932.
8925.
8918.
8911.
8903.
8895.
8886.
8878.
8869.
8859.
8848.
8838.
8827.
8816.
8804.
8792.
8779.
8766.
8753.
8739.
8725.
8710.
8695.
8680.
8665.
8649.
8632.
8616.
8599.
8582.
8564.
8547.
8528.
8510.
8491.
8473.
8454.
8435.
8414.
8394.
8374.
8353.
8333.
8312.
8291.
8270.
8248.
8226.
8204.
8182.
8160.
8138.
8115.
8092.
8069.
8047.
8023.
8000.
7977.
7953.
7930.
7907.
7883.
7860.
7836.
7813.
7789.
7765.
7741.
7718.
7694.
7670.
7646.
7622.
7599.
7575.
7552.
7528.
7504.
7480.
7457.
7434.
7409.
7386.
7362.
7339.
7316.
7292.
7269.
7246.
7223.
7200.
7177.
7155.
7132.
7110.
7087.
7065.
7041.
7020.
6998.
6976.
6954.
6933.
6911.
6890.
6868.
6847.
6826.
6805.
6785.
6764.
6744.
6724.
6704.
6684.
6665.
6645.
6626.
6606.
6587.
6568.
6549.
6530.
6512.
6494.
6475.
6458.
6440.
6423.
6406.
6388.
6371.
6355.
6338.
6322.
6306.
6290.
6273.
6259.
6243.
6228.
6213.
6198.
6184.
6169.
6155.
6142.
6128.
6115.
6102.
6088.
6075.
6062.
6051.
6039.
6027.
6016.
6004.
5993.
5982.
5972.
5961.
5951.
5940.
5931.
5922.
5912.
5903.
5894.
5885.
5877.
5869.
5860.
5853.
5845.
5838.
5832.
5825.
5819.
5813.
5807.
5801.
5795.
5790.
5785.
5780.
5776.
5771.
5768.
5763.
5760.
5757.
5753.
5750.
5747.
5744.
5742.
5739.
5738.
5736.
5734.
5732.
5731.
5730.
5729.
5728.
5728.
5727.
5727.
5727.
5728.
5727.
5727.
5728.
5729.
5729.
5731.
5732.
5734.
5734.
5736.
5738.
5740.
5742.
5744.
5747.
5750.
5752.
5756.
5759.
5763.
5766.
5770.
5774.
5778.
5783.
5788.
5793.
5798.
5803.
5809.
5814.
5821.
5827.
5833.
5840.
5847.
5854.
5861.
5869.
5876.
5884.
5892.
5900.
5909.
5917.
5927.
5935.
5945.
5954.
5964.
5974.
5985.
5996.
6007.
6019.
6031.
6043.
6055.
6068.
6081.
6094.
6109.
6123.
6138.
6153.
6167.
6184.
6200.
6216.
6232.
6249.
6267.
6285.
6303.
6321.
6339.
6358.
6377.
6396.
6415.
6435.
6455.
6476.
6496.
6517.
6538.
6559.
6581.
6602.
6624.
6646.
6669.
6691.
6714.
6737.
6761.
6784.
6808.
6832.
6856.
6881.
6905.
6930.
6954.
6979.
7004.
7030.
7055.
7081.
7106.
7132.
7158.
7183.
7208.
7234.
7260.
7285.
7310.
7335.
7360.
7385.
7410.
7434.
7459.
7483.
7508.
7531.
7556.
7579.
7604.
7627.
7652.
7675.
7698.
7722.
7746.
7769.
7793.
7816.
7839.
7862.
7884.
7907.
7930.
7952.
7974.
7996.
8019.
8039.
8061.
8083.
8104.
8124.
8146.
8166.
8187.
8207.
8227.
8246.
8265.
8284.
8302.
8319.
8337.
8354.
8370.
8386.
8402.
8416.
8431.
8445.
8459.
8472.
8484.
8496.
8508.
8519.
8530.
8540.
8550.
8559.
8569.
8578.
8585.
8593.
8600.
8607.
8614.
8620.
8626.
8631.
8637.
8641.
8645.
8649.
8653.
8657.
8660.
8662.
8665.
8667.
8670.
8671.
8672.
8674.
8674.
8674.
8673.
8674.
8673.
8672.
8671.
8668.
8666.
8664.
8662.
8659.
8656.
8652.
8647.
8643.
8639.
8634.
8629.
8623.
8617.
8610.
8604.
8597.
8590.
8583.
8575.
8567.
8559.
8551.
8542.
8533.
8524.
8515.
8505.
8496.
8486.
8475.
8465.
8453.
8442.
8430.
8419.
8407.
8395.
8382.
8370.
8357.
8343.
8329.
8316.
8301.
8288.
8273.
8258.
8243.
8227.
8212.
8196.
8180.
8163.
8146.
8129.
8113.
8095.
8077.
8059.
8041.
8022.
8004.
7985.
7968.
7948.
7929.
7910.
7890.
7871.
7851.
7831.
7812.
7791.
7771.
7750.
7730.
7709.
7688.
7668.
7646.
7624.
7604.
7583.
7561.
7538.
7517.
7495.
7473.
7451.
7429.
7407.
7385.
7362.
7340.
7318.
7294.
7272.
7249.
7228.
7205.
7182.
7159.
7137.
7114.
7092.
7069.
7047.
7025.
7002.
6979.
6957.
6935.
6912.
6890.
6868.
6846.
6824.
6802.
6780.
6758.
6737.
6715.
6693.
6672.
6650.
6629.
6608.
6587.
6565.
6545.
6524.
6503.
6482.
6462.
6442.
6422.
6401.
6382.
6362.
6343.
6324.
6304.
6285.
6266.
6248.
6230.
6212.
6194.
6176.
6158.
6142.
6124.
6108.
6091.
6074.
6059.
6042.
6027.
6011.
5996.
5981.
5966.
5951.
5938.
5923.
5911.
5897.
5884.
5872.
5858.
5846.
5835.
5823.
5812.
5801.
5791.
5781.
5770.
5761.
5752.
5743.
5735.
5727.
5719.
5712.
5706.
5699.
5693.
5687.
5681.
5677.
5672.
5668.
5664.
5661.
5658.
5655.
5652.
5651.
5650.
5648.
5647.
5647.
5647.
5647.
5648.
5649.
5650.
5651.
5653.
5656.
5658.
5661.
5665.
5669.
5673.
5677.
5682.
5687.
5693.
5699.
5705.
5711.
5718.
5726.
5733.
5741.
5749.
5757.
5767.
5776.
5785.
5795.
5804.
5814.
5825.
5835.
5846.
5856.
5867.
5878.
5889.
5901.
5912.
5923.
5935.
5946.
5959.
5971.
5983.
5995.
6007.
6020.
6033.
6046.
6059.
6071.
6085.
6098.
6111.
6124.
6138.
6151.
6165.
6178.
6192.
6206.
6220.
6234.
6248.
6262.
6276.
6291.
6304.
6320.
6334.
6349.
6364.
6379.
6394.
6410.
6425.
6441.
6456.
6471.
6487.
6503.
6518.
6534.
6550.
6567.
6583.
6599.
6615.
6631.
6647.
6663.
6679.
6695.
6711.
6727.
6743.
6759.
6775.
6791.
6807.
6823.
6838.
6854.
6870.
6885.
6901.
6916.
6932.
6947.
6963.
6978.
6993.
7008.
7024.
7040.
7055.
7071.
7086.
7102.
7117.
7133.
7148.
7165.
7180.
7196.
7211.
7228.
7243.
7260.
7276.
7293.
7309.
7325.
7342.
7360.
7376.
7393.
7410.
7427.
7444.
7461.
7477.
7495.
7512.
7528.
7546.
7562.
7580.
7596.
7614.
7631.
7648.
7665.
7681.
7698.
7714.
7731.
7747.
7764.
7780.
7796.
7813.
7829.
7845.
7861.
7876.
7892.
7908.
7924.
7939.
7954.
7970.
7986.
8001.
8017.
8032.
8048.
8064.
8080.
8095.
8110.
8126.
8141.
8157.
8172.
8187.
8203.
8218.
8233.
8248.
8262.
8277.
8292.
8306.
8321.
8335.
8349.
8361.
8375.
8387.
8400.
8412.
8424.
8436.
8448.
8459.
8469.
8481.
8491.
8501.
8511.
8520.
8530.
8539.
8548.
8556.
8565.
8573.
8581.
8589.
8596.
8603.
8611.
8617.
8624.
8631.
8637.
8643.
8650.
8655.
8660.
8665.
8671.
8675.
8679.
8684.
8690.
8693.
8696.
8700.
8703.
8706.
8709.
8712.
8714.
8716.
8719.
8719.
8720.
8722.
8723.
8723.
8724.
8724.
8723.
8723.
8722.
8721.
8720.
8718.
8716.
8714.
8712.
8708.
8706.
8702.
8700.
8695.
8692.
8687.
8683.
8678.
8673.
8668.
8662.
8656.
8651.
8644.
8638.
8631.
8624.
8616.
8610.
8602.
8595.
8586.
8578.
8569.
8560.
8552.
8542.
8533.
8523.
8513.
8503.
8492.
8482.
8471.
8460.
8448.
8436.
8424.
8411.
8399.
8386.
8374.
8360.
8347.
8333.
8320.
8305.
8291.
8277.
8261.
8247.
8232.
8217.
8202.
8187.
8171.
8155.
8139.
8123.
8107.
8090.
8074.
8058.
8041.
8024.
8007.
7990.
7973.
7956.
7939.
7922.
7905.
7887.
7870.
7852.
7834.
7817.
7798.
7781.
7763.
7745.
7726.
7708.
7689.
7671.
7653.
7635.
7616.
7598.
7579.
7560.
7541.
7523.
7504.
7485.
7467.
7448.
7430.
7411.
7392.
7374.
7356.
7337.
7319.
7300.
7282.
7264.
7245.
7227.
7209.
7191.
7173.
7154.
7137.
7119.
7101.
7083.
7065.
7048.
7030.
7013.
6996.
6978.
6961.
6944.
6927.
6911.
6894.
6877.
6860.
6844.
6827.
6812.
6795.
6780.
6763.
6747.
6732.
6716.
6700.
6684.
6669.
6653.
6638.
6623.
6608.
6592.
6578.
6564.
6549.
6534.
6519.
6504.
6490.
6476.
6462.
6448.
6434.
6421.
6408.
6393.
6381.
6368.
6355.
6341.
6328.
6316.
6303.
6291.
6278.
6266.
6255.
6243.
6231.
6220.
6208.
6196.
6186.
6175.
6164.
6152.
6142.
6131.
6121.
6110.
6100.
6090.
6080.
6072.
6061.
6053.
6043.
6035.
6026.
6018.
6008.
6000.
5992.
5984.
5976.
5969.
5962.
5954.
5947.
5940.
5933.
5926.
5920.
5914.
5908.
5903.
5897.
5892.
5887.
5882.
5877.
5873.
5869.
5865.
5860.
5857.
5854.
5851.
5847.
5844.
5842.
5839.
5837.
5835.
5833.
5832.
5831.
5830.
5829.
5828.
5828.
5827.
5828.
5828.
5829.
5830.
5831.
5833.
5834.
5837.
5839.
5842.
5845.
5848.
5852.
5856.
5860.
5864.
5869.
5874.
5879.
5885.
5890.
5897.
5903.
5910.
5916.
5924.
5932.
5940.
5948.
5956.
5966.
5974.
5983.
5993.
6002.
6013.
6023.
6035.
6045.
6056.
6068.
6080.
6093.
6105.
6119.
6131.
6145.
6159.
6173.
6187.
6202.
6217.
6233.
6248.
6264.
6280.
6296.
6313.
6329.
6347.
6364.
6381.
6398.
6415.
6433.
6450.
6469.
6486.
6505.
6523.
6542.
6560.
6579.
6598.
6617.
6636.
6655.
6674.
6694.
6713.
6733.
6754.
6772.
6793.
6812.
6832.
6851.
6871.
6891.
6911.
6930.
6950.
6969.
6989.
7009.
7028.
7048.
7067.
7086.
7105.
7125.
7143.
7163.
7182.
7201.
7220.
7239.
7259.
7278.
7296.
7316.
7335.
7354.
7374.
7392.
7411.
7431.
7449.
7469.
7489.
7507.
7526.
7545.
7564.
7582.
7601.
7619.
7637.
7656.
7673.
7691.
7708.
7726.
7742.
7759.
7775.
7792.
7809.
7824.
7840.
7856.
7872.
7887.
7904.
7918.
7933.
7948.
7963.
7977.
7992.
8006.
8020.
8034.
8048.
8061.
8076.
8091.
8104.
8118.
8131.
8144.
8157.
8170.
8183.
8195.
8207.
8219.
8232.
8243.
8255.
8267.
8278.
8290.
8302.
8313.
8324.
8335.
8346.
8356.
8367.
8377.
8388.
8397.
8408.
8418.
8427.
8437.
8446.
8455.
8464.
8472.
8481.
8489.
8497.
8505.
8513.
8521.
8528.
8535.
8542.
8549.
8555.
8561.
8568.
8574.
8579.
8585.
8591.
8597.
8601.
8606.
8611.
8616.
8620.
8625.
8629.
8633.
8636.
8641.
8644.
8647.
8649.
8653.
8655.
8658.
8660.
8662.
8664.
8666.
8668.
8668.
8669.
8670.
8671.
8672.
8672.
8672.
8671.
8670.
8670.
8670.
8668.
8668.
8666.
8664.
8663.
8660.
8657.
8655.
8653.
8650.
8648.
8644.
8642.
8638.
8635.
8631.
8626.
8622.
8617.
8613.
8608.
8602.
8596.
8591.
8585.
8579.
8572.
8566.
8558.
8552.
8544.
8536.
8528.
8520.
8511.
8502.
8493.
8484.
8474.
8465.
8455.
8443.
8433.
8422.
8411.
8399.
8387.
8376.
8364.
8351.
8339.
8326.
8312.
8298.
8285.
8271.
8258.
8242.
8229.
8213.
8197.
8182.
8166.
8149.
8133.
8116.
8099.
8082.
8065.
8047.
8029.
8011.
7993.
7975.
7956.
7938.
7919.
7900.
7881.
7862.
7842.
7823.
7803.
7784.
7763.
7744.
7724.
7703.
7683.
7662.
7641.
7620.
7600.
7579.
7557.
7536.
7515.
7493.
7472.
7449.
7428.
7407.
7386.
7364.
7343.
7321.
7299.
7276.
7255.
7234.
7212.
7190.
7168.
7146.
7124.
7102.
7081.
7058.
7037.
7015.
6994.
6973.
6951.
6929.
6908.
6887.
6865.
6844.
6824.
6803.
6781.
6761.
6740.
6719.
6700.
6679.
6659.
6638.
6618.
6599.
6579.
6559.
6540.
6521.
6501.
6482.
6463.
6444.
6425.
6407.
6388.
6370.
6352.
6334.
6317.
6300.
6283.
6266.
6249.
6233.
6216.
6200.
6185.
6169.
6154.
6139.
6124.
6110.
6095.
6082.
6067.
6054.
6040.
6027.
6014.
6002.
5990.
5978.
5966.
5954.
5943.
5932.
5921.
5911.
5900.
5890.
5880.
5870.
5860.
5852.
5843.
5835.
5826.
5819.
5810.
5803.
5796.
5788.
5781.
5775.
5768.
5762.
5756.
5751.
5745.
5740.
5736.
5731.
5726.
5721.
5717.
5713.
5709.
5706.
5703.
5699.
5696.
5694.
5691.
5688.
5686.
5684.
5682.
5680.
5678.
5676.
5675.
5674.
5673.
5671.
5671.
5670.
5670.
5669.
5669.
5669.
5669.
5669.
5670.
5670.
5671.
5672.
5673.
5674.
5676.
5678.
5679.
5681.
5683.
5686.
5689.
5691.
5694.
5697.
5700.
5703.
5707.
5711.
5715.
5719.
5724.
5728.
5733.
5738.
5743.
5749.
5754.
5760.
5766.
5772.
5779.
5785.
5792.
5799.
5807.
5814.
5823.
5831.
5840.
5849.
5859.
5869.
5879.
5890.
5901.
5912.
5924.
5936.
5948.
5962.
5975.
5988.
6002.
6016.
6031.
6045.
6060.
6076.
6092.
6108.
6125.
6141.
6158.
6174.
6192.
6209.
6228.
6245.
6264.
6283.
6302.
6321.
6339.
6359.
6378.
6398.
6418.
6438.
6459.
6479.
6500.
6520.
6541.
6562.
6583.
6604.
6626.
6647.
6669.
6690.
6713.
6734.
6757.
6778.
6801.
6823.
6846.
6868.
6891.
6913.
6936.
6958.
6981.
7003.
7027.
7049.
7072.
7095.
7118.
7140.
7164.
7186.
7208.
7231.
7254.
7276.
7299.
7321.
7342.
7364.
7385.
7408.
7428.
7449.
7469.
7490.
7510.
7529.
7548.
7567.
7586.
7605.
7624.
7642.
7661.
7677.
7695.
7712.
7729.
7747.
7763.
7781.
7797.
7813.
7829.
7845.
7861.
7877.
7892.
7908.
7923.
7938.
7953.
7966.
7980.
7996.
8009.
8023.
8036.
8049.
8062.
8074.
8087.
8098.
8110.
8122.
8134.
8145.
8156.
8166.
8177.
8188.
8198.
8208.
8219.
8228.
8238.
8248.
8258.
8267.
8277.
8288.
8297.
8306.
8315.
8323.
8332.
8340.
8348.
8356.
8364.
8371.
8379.
8385.
8393.
8399.
8405.
8411.
8418.
8424.
8428.
8433.
8438.
8442.
8447.
8452.
8456.
8459.
8463.
8465.
8468.
8470.
8473.
8475.
8476.
8478.
8480.
8480.
8482.
8483.
8484.
8484.
8484.
8484.
8484.
8483.
8484.
8483.
8482.
8481.
8480.
8478.
8476.
8474.
8472.
8469.
8467.
8464.
8461.
8457.
8453.
8449.
8445.
8441.
8436.
8432.
8426.
8421.
8415.
8409.
8403.
8397.
8390.
8383.
8376.
8369.
8361.
8353.
8345.
8337.
8328.
8320.
8310.
8301.
8291.
8281.
8271.
8260.
8250.
8238.
8227.
8217.
8204.
8192.
8180.
8168.
8154.
8141.
8127.
8114.
8099.
8085.
8070.
8055.
8040.
8025.
8009.
7993.
7977.
7960.
7943.
7927.
7909.
7892.
7874.
7857.
7838.
7820.
7802.
7784.
7764.
7746.
7727.
7707.
7687.
7668.
7648.
7628.
7609.
7588.
7568.
7548.
7528.
7507.
7487.
7466.
7445.
7424.
7404.
7383.
7362.
7341.
7320.
7297.
7276.
7254.
7233.
7211.
7190.
7168.
7146.
7124.
7103.
7081.
7059.
7038.
7016.
6994.
6973.
6951.
6930.
6908.
6886.
6865.
6843.
6822.
6801.
6780.
6759.
6737.
6716.
6696.
6675.
6654.
6633.
6613.
6593.
6573.
6553.
6533.
6513.
6493.
6473.
6453.
6434.
6414.
6395.
6377.
6358.
6340.
6321.
6302.
6285.
6266.
6249.
6232.
6214.
6196.
6180.
6163.
6146.
6129.
6113.
6097.
6081.
6065.
6049.
6033.
6018.
6003.
5988.
5974.
5959.
5945.
5931.
5917.
5903.
5890.
5878.
5865.
5852.
5839.
5828.
5816.
5804.
5793.
5781.
5770.
5760.
5749.
5739.
5729.
5719.
5709.
5700.
5691.
5682.
5675.
5666.
5658.
5651.
5643.
5636.
5629.
5622.
5615.
5610.
5604.
5598.
5592.
5588.
5582.
5578.
5573.
5569.
5565.
5561.
5558.
5554.
5551.
5548.
5546.
5543.
5541.
5539.
5537.
5535.
5534.
5533.
5532.
5532.
5532.
5531.
5531.
5532.
5532.
5532.
5533.
5534.
5535.
5536.
5538.
5540.
5543.
5545.
5547.
5550.
5553.
5557.
5561.
5564.
5568.
5573.
5577.
5582.
5587.
5592.
5598.
5604.
5610.
5617.
5623.
5630.
5636.
5644.
5650.
5658.
5667.
5674.
5682.
5691.
5700.
5708.
5717.
5726.
5736.
5745.
5755.
5765.
5774.
5785.
5796.
5807.
5818.
5829.
5841.
5852.
5863.
5876.
5888.
5901.
5913.
5927.
5940.
5954.
5967.
5981.
5995.
6010.
6025.
6039.
6054.
6070.
6086.
6102.
6118.
6135.
6151.
6169.
6187.
6204.
6223.
6241.
6260.
6278.
6297.
6317.
6336.
6355.
6374.
6394.
6413.
6433.
6453.
6473.
6493.
6512.
6532.
6552.
6572.
6592.
6611.
6631.
6650.
6670.
6690.
6709.
6730.
6749.
6769.
6789.
6809.
6829.
6850.
6870.
6890.
6911.
6931.
6952.
6972.
6994.
7014.
7034.
7055.
7076.
7096.
7117.
7138.
7159.
7179.
7200.
7221.
7241.
7262.
7283.
7303.
7323.
7343.
7364.
7383.
7404.
7423.
7443.
7462.
7482.
7501.
7521.
7540.
7560.
7579.
7598.
7618.
7636.
7655.
7674.
7693.
7711.
7730.
7748.
7767.
7786.
7804.
7822.
7840.
7859.
7877.
7894.
7912.
7929.
7946.
7964.
7980.
7997.
8013.
8029.
8045.
8061.
8077.
8092.
8108.
8123.
8137.
8151.
8166.
8180.
8194.
8208.
8222.
8235.
8248.
8261.
8273.
8286.
8298.
8310.
8321.
8333.
8344.
8355.
8367.
8378.
8388.
8399.
8409.
8419.
8429.
8439.
8449.
8459.
8468.
8477.
8486.
8496.
8504.
8513.
8521.
8530.
8538.
8547.
8555.
8562.
8570.
8578.
8586.
8593.
8600.
8608.
8615.
8622.
8629.
8636.
8643.
8649.
8655.
8662.
8668.
8674.
8679.
8684.
8690.
8695.
8699.
8703.
8707.
8712.
8715.
8719.
8722.
8725.
8728.
8731.
8733.
8733.
8736.
8737.
8739.
8739.
8740.
8739.
8739.
8739.
8738.
8736.
8734.
8733.
8731.
8728.
8725.
8721.
8717.
8714.
8709.
8704.
8699.
8694.
8688.
8682.
8676.
8669.
8662.
8655.
8647.
8639.
8630.
8622.
8613.
8604.
8594.
8584.
8574.
8563.
8552.
8541.
8528.
8516.
8504.
8492.
8479.
8465.
8451.
8438.
8423.
8408.
8392.
8378.
8361.
8345.
8329.
8312.
8294.
8277.
8259.
8241.
8224.
8205.
8186.
8168.
8148.
8129.
8109.
8088.
8068.
8047.
8027.
8005.
7984.
7963.
7940.
7919.
7897.
7875.
7852.
7831.
7807.
7785.
7762.
7739.
7716.
7693.
7670.
7646.
7623.
7599.
7575.
7552.
7528.
7505.
7481.
7456.
7432.
7408.
7384.
7361.
7336.
7312.
7288.
7263.
7239.
7215.
7190.
7166.
7141.
7117.
7093.
7068.
7043.
7019.
6995.
6970.
6946.
6922.
6898.
6874.
6850.
6826.
6803.
6779.
6755.
6732.
6708.
6685.
6662.
6639.
6616.
6594.
6571.
6549.
6526.
6504.
6482.
6461.
6439.
6417.
6396.
6375.
6353.
6332.
6311.
6290.
6270.
6250.
6230.
6210.
6190.
6171.
6153.
6133.
6115.
6096.
6078.
6060.
6043.
6025.
6008.
5992.
5974.
5959.
5942.
5926.
5911.
5896.
5882.
5866.
5852.
5838.
5825.
5811.
5798.
5786.
5773.
5761.
5750.
5739.
5728.
5718.
5708.
5698.
5689.
5680.
5671.
5663.
5656.
5649.
5642.
5635.
5629.
5624.
5619.
5614.
5609.
5604.
5601.
5597.
5594.
5592.
5590.
5587.
5586.
5585.
5584.
5583.
5582.
5583.
5583.
5584.
5585.
5586.
5588.
5591.
5593.
5596.
5599.
5602.
5606.
5611.
5615.
5620.
5625.
5631.
5636.
5643.
5649.
5654.
5662.
5669.
5676.
5683.
5691.
5699.
5707.
5716.
5724.
5733.
5741.
5750.
5759.
5768.
5777.
5787.
5796.
5806.
5815.
5825.
5834.
5845.
5855.
5865.
5875.
5885.
5896.
5908.
5919.
5930.
5941.
5952.
5963.
5974.
5986.
5997.
6009.
6021.
6033.
6045.
6058.
6069.
6082.
6094.
6107.
6120.
6133.
6147.
6160.
6173.
6187.
6201.
6215.
6229.
6244.
6258.
6272.
6287.
6302.
6317.
6331.
6346.
6360.
6374.
6389.
6404.
6418.
6432.
6446.
6461.
6476.
6490.
6504.
6518.
6532.
6547.
6562.
6576.
6591.
6607.
6621.
6636.
6652.
6667.
6683.
6698.
6714.
6730.
6746.
6763.
6779.
6795.
6811.
6828.
6844.
6862.
6879.
6896.
6913.
6931.
6948.
6967.
6984.
7002.
7021.
7039.
7058.
7076.
7095.
7114.
7132.
7150.
7170.
7189.
7208.
7227.
7247.
7266.
7286.
7305.
7324.
7344.
7363.
7382.
7402.
7421.
7440.
7460.
7479.
7498.
7517.
7536.
7555.
7574.
7593.
7612.
7631.
7649.
7668.
7686.
7705.
7724.
7742.
7761.
7779.
7797.
7816.
7833.
7852.
7870.
7888.
7906.
7924.
7941.
7960.
7976.
7994.
8011.
8028.
8045.
8062.
8079.
8095.
8111.
8127.
8144.
8160.
8174.
8190.
8206.
8220.
8236.
8251.
8265.
8279.
8293.
8308.
8321.
8335.
8348.
8361.
8373.
8386.
8398.
8409.
8421.
8432.
8442.
8454.
8464.
8474.
8484.
8493.
8502.
8510.
8518.
8527.
8535.
8542.
8548.
8555.
8562.
8568.
8572.
8578.
8583.
8586.
8590.
8594.
8597.
8599.
8602.
8604.
8605.
8606.
8608.
8607.
8607.
8607.
8606.
8605.
8603.
8601.
8598.
8595.
8592.
8587.
8584.
8579.
8575.
8569.
8563.
8558.
8551.
8545.
8538.
8530.
8523.
8515.
8507.
8497.
8489.
8480.
8470.
8460.
8449.
8439.
8428.
8417.
8406.
8394.
8382.
8370.
8357.
8345.
8331.
8318.
8304.
8291.
8277.
8262.
8247.
8232.
8217.
8201.
8185.
8169.
8153.
8136.
8119.
8102.
8085.
8066.
8049.
8031.
8012.
7994.
7975.
7957.
7937.
7917.
7899.
7880.
7860.
7840.
7820.
7800.
7780.
7759.
7738.
7718.
7697.
7676.
7655.
7634.
7614.
7592.
7571.
7550.
7529.
7508.
7486.
7465.
7444.
7423.
7402.
7381.
7359.
7338.
7317.
7295.
7274.
7252.
7232.
7210.
7190.
7169.
7148.
7127.
7107.
7086.
7065.
7045.
7025.
7005.
6985.
6965.
6945.
6926.
6907.
6888.
6869.
6850.
6831.
6813.
6794.
6776.
6758.
6741.
6723.
6706.
6689.
6673.
6656.
6640.
6624.
6608.
6593.
6577.
6562.
6547.
6533.
6518.
6504.
6491.
6477.
6463.
6449.
6437.
6424.
6412.
6399.
6387.
6375.
6363.
6352.
6341.
6329.
6319.
6308.
6298.
6289.
6278.
6269.
6260.
6250.
6241.
6232.
6223.
6214.
6205.
6197.
6189.
6181.
6173.
6166.
6158.
6151.
6144.
6137.
6130.
6124.
6117.
6111.
6104.
6098.
6092.
6086.
6081.
6075.
6070.
6064.
6059.
6054.
6049.
6045.
6040.
6036.
6031.
6027.
6023.
6019.
6016.
6012.
6008.
6005.
6002.
5999.
5996.
5993.
5990.
5987.
5984.
5982.
5980.
5977.
5975.
5973.
5970.
5969.
5967.
5965.
5963.
5962.
5960.
5959.
5957.
5956.
5954.
5953.
5952.
5951.
5950.
5949.
5948.
5948.
5947.
5947.
5947.
5947.
5947.
5947.
5947.
5948.
5949.
5950.
5951.
5953.
5954.
5957.
5959.
5961.
5964.
5968.
5971.
5974.
5978.
5982.
5987.
5991.
5996.
6001.
6006.
6012.
6018.
6024.
6031.
6037.
6044.
6051.
6058.
6067.
6074.
6083.
6090.
6100.
6109.
6118.
6128.
6137.
6148.
6159.
6170.
6181.
6193.
6204.
6217.
6230.
6242.
6256.
6269.
6283.
6297.
6311.
6325.
6341.
6356.
6371.
6386.
6403.
6418.
6434.
6451.
6468.
6484.
6502.
6519.
6536.
6554.
6572.
6590.
6608.
6626.
6645.
6663.
6682.
6701.
6720.
6739.
6759.
6778.
6797.
6817.
6837.
6857.
6877.
6898.
6918.
6939.
6960.
6981.
7003.
7024.
7046.
7067.
7088.
7110.
7131.
7152.
7174.
7195.
7216.
7238.
7259.
7280.
7300.
7321.
7341.
7361.
7381.
7400.
7420.
7440.
7458.
7478.
7496.
7514.
7532.
7550.
7567.
7585.
7603.
7621.
7639.
7656.
7672.
7689.
7707.
7723.
7740.
7757.
7772.
7789.
7805.
7821.
7837.
7853.
7868.
7885.
7899.
7915.
7930.
7945.
7960.
7975.
7990.
8004.
8019.
8033.
8048.
8062.
8076.
8089.
8103.
8116.
8130.
8143.
8156.
8169.
8181.
8193.
8206.
8218.
8230.
8242.
8253.
8264.
8275.
8286.
8296.
8307.
8317.
8327.
8336.
8346.
8355.
8364.
8372.
8381.
8390.
8397.
8405.
8412.
8420.
8426.
8433.
8439.
8446.
8451.
8457.
8463.
8468.
8472.
8476.
8481.
8486.
8489.
8494.
8497.
8500.
8502.
8506.
8508.
8509.
8512.
8514.
8514.
8515.
8516.
8517.
8517.
8518.
8516.
8516.
8515.
8514.
8512.
8511.
8509.
8507.
8504.
8501.
8498.
8495.
8492.
8488.
8484.
8479.
8474.
8470.
8465.
8460.
8454.
8449.
8442.
8436.
8430.
8423.
8416.
8408.
8401.
8394.
8386.
8377.
8370.
8361.
8352.
8343.
8334.
8324.
8314.
8304.
8294.
8284.
8273.
8262.
8251.
8239.
8228.
8216.
8204.
8192.
8180.
8167.
8154.
8140.
8126.
8113.
8100.
8085.
8071.
8056.
8042.
8027.
8011.
7996.
7980.
7966.
7949.
7933.
7916.
7900.
7883.
7866.
7848.
7831.
7813.
7796.
7778.
7761.
7741.
7723.
7705.
7687.
7668.
7649.
7630.
7611.
7592.
7573.
7554.
7535.
7515.
7496.
7476.
7457.
7438.
7418.
7399.
7380.
7360.
7341.
7321.
7302.
7282.
7263.
7243.
7224.
7204.
7185.
7166.
7147.
7127.
7108.
7088.
7069.
7049.
7030.
7011.
6991.
6971.
6951.
6932.
6912.
6892.
6872.
6853.
6833.
6813.
6794.
6774.
6755.
6735.
6715.
6696.
6677.
6658.
6638.
6620.
6600.
6581.
6562.
6544.
6526.
6507.
6489.
6471.
6454.
6436.
6418.
6401.
6384.
6367.
6351.
6334.
6318.
6302.
6287.
6271.
6256.
6241.
6226.
6212.
6198.
6184.
6170.
6156.
6143.
6129.
6117.
6104.
6092.
6079.
6068.
6057.
6045.
6034.
6023.
6013.
6002.
5993.
5983.
5973.
5964.
5955.
5947.
5938.
5930.
5923.
5916.
5909.
5902.
5896.
5889.
5884.
5879.
5874.
5869.
5865.
5861.
5857.
5855.
5852.
5849.
5847.
5845.
5843.
5842.
5840.
5840.
5840.
5839.
5839.
5840.
5841.
5841.
5842.
5844.
5846.
5848.
5851.
5854.
5857.
5860.
5864.
5867.
5871.
5877.
5881.
5885.
5889.
5895.
5901.
5907.
5913.
5918.
5924.
5931.
5938.
5944.
5951.
5958.
5965.
5972.
5980.
5987.
5995.
6002.
6011.
6020.
6028.
6036.
6046.
6054.
6063.
6072.
6082.
6092.
6101.
6111.
6121.
6132.
6141.
6152.
6163.
6175.
6184.
6196.
6208.
6219.
6230.
6242.
6254.
6266.
6279.
6291.
6304.
6315.
6328.
6341.
6354.
6367.
6380.
6393.
6406.
6420.
6434.
6447.
6461.
6475.
6489.
6503.
6517.
6531.
6546.
6560.
6576.
6590.
6605.
6620.
6636.
6652.
6667.
6683.
6700.
6716.
6732.
6748.
6765.
6783.
6799.
6817.
6834.
6852.
6869.
6887.
6905.
6923.
6941.
6960.
6978.
6997.
7015.
7034.
7053.
7071.
7089.
7108.
7126.
7145.
7163.
7182.
7200.
7218.
7236.
7255.
7273.
7293.
7311.
7329.
7347.
7365.
7384.
7403.
7421.
7440.
7459.
7477.
7496.
7515.
7533.
7553.
7571.
7591.
7609.
7628.
7647.
7666.
7684.
7703.
7721.
7741.
7759.
7778.
7796.
7815.
7832.
7850.
7868.
7886.
7904.
7921.
7939.
7956.
7973.
7990.
8006.
8023.
8040.
8056.
8071.
8087.
8103.
8118.
8133.
8148.
8162.
8177.
8191.
8205.
8219.
8233.
8246.
8259.
8272.
8284.
8296.
8309.
8320.
8332.
8343.
8354.
8365.
8376.
8387.
8397.
8407.
8417.
8426.
8435.
8444.
8452.
8461.
8469.
8476.
8484.
8490.
8497.
8503.
8509.
8514.
8520.
8525.
8528.
8534.
8538.
8540.
8544.
8548.
8550.
8552.
8555.
8556.
8559.
8560.
8561.
8561.
8561.
8561.
8561.
8561.
8560.
8559.
8558.
8555.
8555.
8552.
8549.
8547.
8544.
8541.
8537.
8533.
8529.
8524.
8520.
8515.
8509.
8504.
8498.
8492.
8486.
8480.
8473.
8466.
8459.
8451.
8444.
8436.
8428.
8420.
8411.
8403.
8394.
8385.
8376.
8367.
8357.
8347.
8337.
8327.
8316.
8305.
8294.
8282.
8271.
8259.
8248.
8235.
8223.
8210.
8197.
8183.
8169.
8155.
8142.
8128.
8113.
8099.
8084.
8067.
8052.
8037.
8021.
8004.
7988.
7971.
7955.
7938.
7921.
7903.
7886.
7869.
7851.
7833.
7816.
7798.
7780.
7762.
7744.
7725.
7707.
7689.
7671.
7652.
7633.
7615.
7597.
7578.
7559.
7540.
7521.
7501.
7482.
7463.
7443.
7424.
7405.
7385.
7365.
7346.
7326.
7306.
7287.
7268.
7248.
7229.
7209.
7190.
7170.
7151.
7131.
7112.
7092.
7072.
7053.
7034.
7015.
6996.
6977.
6957.
6938.
6920.
6901.
6882.
6864.
6846.
6828.
6810.
6792.
6774.
6756.
6738.
6721.
6705.
6687.
6671.
6653.
6637.
6621.
6605.
6589.
6573.
6558.
6542.
6527.
6513.
6498.
6483.
6469.
6455.
6441.
6427.
6414.
6402.
6389.
6377.
6364.
6353.
6341.
6330.
6318.
6308.
6298.
6288.
6278.
6269.
6260.
6251.
6242.
6233.
6225.
6217.
6210.
6203.
6196.
6189.
6183.
6176.
6170.
6165.
6159.
6154.
6149.
6145.
6140.
6136.
6132.
6129.
6126.
6122.
6120.
6117.
6115.
6113.
6112.
6110.
6109.
6108.
6107.
6107.
6107.
6106.
6107.
6107.
6107.
6108.
6109.
6109.
6110.
6111.
6113.
6113.
6116.
6117.
6119.
6120.
6122.
6124.
6126.
6128.
6131.
6134.
6136.
6138.
6141.
6144.
6146.
6149.
6152.
6155.
6158.
6160.
6163.
6166.
6169.
6172.
6175.
6178.
6180.
6183.
6187.
6189.
6193.
6195.
6199.
6201.
6205.
6207.
6211.
6213.
6217.
6220.
6224.
6227.
6231.
6234.
6238.
6241.
6245.
6248.
6253.
6257.
6262.
6266.
6270.
6274.
6279.
6284.
6288.
6294.
6299.
6306.
6311.
6317.
6323.
6329.
6336.
6342.
6350.
6356.
6364.
6370.
6379.
6386.
6395.
6402.
6410.
6419.
6429.
6438.
6447.
6457.
6466.
6476.
6487.
6497.
6508.
6520.
6531.
6544.
6556.
6569.
6582.
6594.
6608.
6622.
6636.
6651.
6665.
6680.
6696.
6712.
6728.
6744.
6762.
6779.
6796.
6814.
6832.
6851.
6869.
6889.
6908.
6927.
6947.
6967.
6987.
7008.
7029.
7050.
7071.
7092.
7114.
7135.
7157.
7179.
7201.
7223.
7245.
7268.
7290.
7313.
7335.
7357.
7381.
7403.
7426.
7448.
7472.
7495.
7517.
7540.
7563.
7585.
7609.
7631.
7653.
7675.
7697.
7719.
7741.
7762.
7784.
7805.
7825.
7846.
7865.
7885.
7905.
7924.
7944.
7963.
7981.
7999.
8017.
8035.
8053.
8070.
8087.
8104.
8120.
8136.
8152.
8168.
8183.
8199.
8214.
8228.
8243.
8257.
8271.
8285.
8299.
8313.
8325.
8338.
8350.
8363.
8375.
8386.
8398.
8409.
8421.
8431.
8441.
8451.
8460.
8470.
8479.
8487.
8495.
8504.
8511.
8518.
8523.
8529.
8536.
8541.
8546.
8550.
8555.
8558.
8561.
8565.
8568.
8570.
8572.
8574.
8574.
8577.
8577.
8577.
8577.
8577.
8577.
8576.
8574.
8573.
8571.
8570.
8567.
8565.
8561.
8557.
8554.
8551.
8547.
8542.
8538.
8533.
8528.
8523.
8518.
8512.
8506.
8500.
8494.
8487.
8481.
8474.
8467.
8461.
8453.
8445.
8438.
8430.
8422.
8415.
8406.
8398.
8390.
8381.
8373.
8365.
8355.
8347.
8338.
8329.
8320.
8311.
8302.
8292.
8284.
8274.
8264.
8255.
8245.
8235.
8225.
8215.
8205.
8195.
8185.
8174.
8164.
8153.
8143.
8132.
8122.
8111.
8100.
8088.
8078.
8066.
8056.
8043.
8032.
8020.
8007.
7996.
7983.
7971.
7959.
7946.
7934.
7920.
7907.
7894.
7880.
7866.
7853.
7839.
7824.
7809.
7795.
7781.
7767.
7751.
7737.
7721.
7705.
7690.
7674.
7659.
7643.
7627.
7611.
7595.
7578.
7561.
7545.
7528.
7512.
7494.
7477.
7459.
7442.
7424.
7406.
7388.
7370.
7352.
7334.
7315.
7297.
7279.
7260.
7242.
7223.
7204.
7185.
7166.
7147.
7127.
7108.
7088.
7070.
7050.
7031.
7012.
6992.
6973.
6954.
6935.
6915.
6896.
6876.
6856.
6837.
6817.
6797.
6778.
6758.
6739.
6719.
6700.
6680.
6661.
6641.
6621.
6602.
6583.
6564.
6544.
6525.
6506.
6487.
6468.
6450.
6430.
6413.
6394.
6376.
6357.
6340.
6322.
6304.
6287.
6269.
6252.
6234.
6217.
6200.
6184.
6167.
6151.
6135.
6119.
6103.
6088.
6072.
6058.
6042.
6028.
6013.
5999.
5985.
5971.
5957.
5944.
5931.
5918.
5905.
5893.
5881.
5869.
5858.
5846.
5837.
5825.
5814.
5804.
5795.
5785.
5776.
5767.
5759.
5750.
5742.
5734.
5727.
5719.
5713.
5706.
5701.
5695.
5689.
5684.
5679.
5675.
5670.
5666.
5662.
5659.
5656.
5653.
5650.
5649.
5647.
5645.
5644.
5642.
5642.
5641.
5641.
5641.
5641.
5642.
5643.
5643.
5645.
5646.
5647.
5649.
5651.
5653.
5655.
5658.
5660.
5663.
5665.
5669.
5672.
5675.
5679.
5683.
5686.
5690.
5694.
5698.
5703.
5707.
5712.
5716.
5722.
5726.
5732.
5737.
5743.
5748.
5754.
5759.
5766.
5771.
5777.
5784.
5790.
5796.
5803.
5810.
5817.
5824.
5831.
5838.
5846.
5853.
5860.
5869.
5877.
5885.
5894.
5902.
5912.
5920.
5930.
5939.
5949.
5958.
5969.
5979.
5990.
6001.
6012.
6025.
6036.
6048.
6060.
6073.
6087.
6100.
6114.
6128.
6142.
6156.
6171.
6186.
6201.
6216.
6232.
6248.
6264.
6280.
6295.
6312.
6328.
6345.
6362.
6378.
6395.
6412.
6428.
6446.
6464.
6482.
6500.
6518.
6536.
6555.
6574.
6593.
6613.
6633.
6653.
6675.
6696.
6717.
6739.
6761.
6783.
6805.
6829.
6852.
6875.
6899.
6922.
6946.
6970.
6993.
7017.
7041.
7066.
7089.
7114.
7138.
7162.
7185.
7209.
7233.
7256.
7279.
7303.
7327.
7349.
7373.
7395.
7419.
7442.
7465.
7488.
7512.
7535.
7558.
7582.
7605.
7628.
7651.
7674.
7698.
7721.
7743.
7766.
7790.
7812.
7835.
7857.
7879.
7901.
7923.
7945.
7967.
7989.
8009.
8030.
8051.
8071.
8091.
8111.
8130.
8148.
8167.
8185.
8203.
8220.
8236.
8254.
8269.
8285.
8300.
8315.
8329.
8343.
8357.
8370.
8383.
8396.
8408.
8419.
8431.
8442.
8453.
8463.
8473.
8483.
8492.
8501.
8510.
8518.
8527.
8535.
8542.
8549.
8556.
8562.
8568.
8574.
8579.
8584.
8588.
8592.
8595.
8598.
8601.
8602.
8604.
8606.
8607.
8606.
8606.
8605.
8603.
8602.
8600.
8597.
8594.
8591.
8586.
8582.
8577.
8572.
8566.
8560.
8554.
8548.
8540.
8533.
8526.
8517.
8510.
8500.
8492.
8483.
8473.
8464.
8453.
8443.
8434.
8423.
8412.
8401.
8390.
8379.
8367.
8354.
8343.
8330.
8318.
8305.
8291.
8279.
8264.
8251.
8237.
8223.
8208.
8193.
8178.
8163.
8147.
8131.
8115.
8099.
8083.
8066.
8048.
8031.
8013.
7996.
7977.
7959.
7940.
7922.
7903.
7883.
7864.
7844.
7825.
7805.
7785.
7765.
7744.
7724.
7703.
7682.
7661.
7640.
7619.
7597.
7576.
7554.
7532.
7509.
7488.
7465.
7443.
7421.
7399.
7377.
7354.
7331.
7309.
7286.
7264.
7241.
7219.
7197.
7174.
7151.
7129.
7106.
7084.
7062.
7039.
7017.
6994.
6971.
6950.
6928.
6905.
6883.
6861.
6840.
6818.
6796.
6775.
6754.
6732.
6711.
6690.
6669.
6648.
6627.
6607.
6587.
6566.
6547.
6527.
6507.
6488.
6469.
6450.
6431.
6413.
6394.
6377.
6359.
6341.
6324.
6307.
6291.
6274.
6258.
6242.
6227.
6212.
6197.
6182.
6169.
6154.
6141.
6127.
6114.
6100.
6089.
6077.
6065.
6053.
6042.
6031.
6021.
6009.
6000.
5991.
5981.
5972.
5964.
5956.
5948.
5939.
5933.
5926.
5919.
5913.
5907.
5902.
5897.
5892.
5887.
5882.
5878.
5874.
5870.
5868.
5865.
5863.
5859.
5857.
5855.
5854.
5853.
5852.
5852.
5850.
5850.
5851.
5851.
5851.
5853.
5853.
5854.
5855.
5857.
5859.
5861.
5863.
5866.
5868.
5871.
5875.
5879.
5883.
5886.
5890.
5894.
5899.
5904.
5908.
5914.
5919.
5924.
5930.
5935.
5941.
5946.
5952.
5958.
5964.
5970.
5977.
5982.
5988.
5995.
6001.
6008.
6013.
6020.
6027.
6034.
6041.
6047.
6054.
6061.
6069.
6076.
6082.
6090.
6097.
6105.
6112.
6119.
6127.
6135.
6144.
6151.
6160.
6168.
6178.
6186.
6195.
6204.
6213.
6223.
6233.
6242.
6253.
6263.
6273.
6284.
6296.
6307.
6319.
6329.
6342.
6354.
6367.
6380.
6392.
6405.
6419.
6432.
6446.
6461.
6476.
6490.
6504.
6521.
6535.
6551.
6567.
6583.
6599.
6616.
6632.
6649.
6666.
6684.
6702.
6720.
6738.
6756.
6774.
6794.
6813.
6833.
6853.
6874.
6895.
6915.
6936.
6959.
6980.
7002.
7025.
7048.
7071.
7093.
7117.
7139.
7162.
7185.
7209.
7232.
7255.
7279.
7302.
7324.
7348.
7370.
7392.
7415.
7438.
7460.
7483.
7506.
7528.
7551.
7573.
7596.
7618.
7641.
7663.
7686.
7708.
7731.
7754.
7776.
7798.
7821.
7843.
7865.
7888.
7909.
7932.
7954.
7976.
7997.
8019.
8040.
8061.
8083.
8103.
8123.
8144.
8164.
8184.
8204.
8224.
8242.
8261.
8281.
8299.
8319.
8337.
8356.
8374.
8392.
8409.
8426.
8443.
8461.
8476.
8493.
8509.
8524.
8539.
8554.
8569.
8583.
8597.
8611.
8623.
8636.
8649.
8661.
8672.
8683.
8695.
8706.
8716.
8727.
8736.
8746.
8756.
8764.
8773.
8781.
8789.
8796.
8804.
8811.
8816.
8822.
8828.
8833.
8838.
8841.
8845.
8848.
8851.
8853.
8855.
8856.
8856.
8856.
8856.
8855.
8854.
8853.
8850.
8848.
8845.
8841.
8837.
8833.
8828.
8823.
8818.
8811.
8806.
8799.
8791.
8784.
8775.
8768.
8759.
8750.
8741.
8731.
8722.
8711.
8700.
8689.
8678.
8667.
8655.
8643.
8630.
8618.
8605.
8591.
8577.
8564.
8550.
8535.