7601.
7600.
7600.
7600.
7600.
7600.
7600.
7600.
7600.
7601.
7601.
7601.
7601.
7601.
7601.
7601.
7601.
7602.
7601.
7601.
7601.
7601.
7601.
7601.
7601.
7602.
7601.
7601.
7601.
7600.
7600.
7601.
7600.
7601.
7600.
7600.
7601.
7600.
7600.
7600.
7601.
7601.
7600.
7600.
7601.
7601.
7600.
7601.
7601.
7600.
7600.
7601.
7600.
7600.
7600.
7600.
7600.
7600.
7600.
7600.
7599.
7599.
7599.
7599.
7599.
7599.
7598.
7598.
7598.
7599.
7597.
7598.
7598.
7597.
7597.
7597.
7597.
7597.
7596.
7597.
7597.
7596.
7596.
7596.
7596.
7596.
7595.
7595.
7595.
7596.
7596.
7596.
7595.
7595.
7595.
7594.
7595.
7595.
7594.
7594.
7595.
7595.
7594.
7595.
7595.
7595.
7594.
7595.
7595.
7595.
7595.
7595.
7596.
7595.
7595.
7596.
7596.
7596.
7596.
7596.
7596.
7596.
7596.
7596.
7597.
7596.
7596.
7596.
7596.
7597.
7597.
7597.
7597.
7597.
7597.
7597.
7597.
7597.
7597.
7597.
7598.
7597.
7597.
7598.
7598.
7597.
7597.
7597.
7597.
7597.
7598.
7597.
7597.
7597.
7597.
7596.
7597.
7597.
7596.
7596.
7596.
7596.
7596.
7596.
7596.
7595.
7595.
7595.
7596.
7595.
7595.
7595.
7595.
7595.
7595.
7595.
7596.
7595.
7595.
7595.
7595.
7596.
7595.
7595.
7596.
7596.
7595.
7595.
7595.
7595.
7595.
7596.
7595.
7596.
7595.
7595.
7596.
7595.
7595.
7595.
7595.
7595.
7595.
7595.
7595.
7595.
7595.
7595.
7596.
7596.
7596.
7596.
7596.
7596.
7596.
7596.
7596.
7596.
7595.
7596.
7596.
7596.
7595.
7595.
7595.
7595.
7594.
7595.
7594.
7594.
7594.
7594.
7593.
7593.
7593.
7593.
7593.
7593.
7592.
7592.
7592.
7592.
7592.
7591.
7591.
7590.
7590.
7590.
7590.
7589.
7589.
7589.
7588.
7588.
7588.
7588.
7589.
7589.
7589.
7589.
7590.
7591.
7591.
7593.
7594.
7595.
7596.
7598.
7600.
7602.
7605.
7608.
7610.
7614.
7617.
7620.
7624.
7629.
7632.
7637.
7642.
7647.
7651.
7657.
7663.
7669.
7674.
7681.
7688.
7695.
7702.
7709.
7717.
7725.
7733.
7742.
7750.
7759.
7768.
7778.
7787.
7796.
7807.
7817.
7827.
7838.
7850.
7861.
7872.
7883.
7896.
7907.
7918.
7930.
7943.
7955.
7968.
7979.
7992.
8004.
8017.
8029.
8041.
8053.
8064.
8076.
8087.
8098.
8108.
8119.
8129.
8139.
8148.
8157.
8166.
8174.
8180.
8187.
8194.
8200.
8204.
8209.
8213.
8216.
8218.
8220.
8220.
8220.
8220.
8218.
8215.
8212.
8208.
8203.
8197.
8191.
8184.
8177.
8168.
8159.
8150.
8141.
8130.
8119.
8108.
8096.
8084.
8071.
8057.
8044.
8029.
8015.
8000.
7985.
7969.
7953.
7937.
7920.
7903.
7887.
7868.
7851.
7833.
7815.
7796.
7777.
7758.
7739.
7720.
7701.
7681.
7661.
7642.
7620.
7600.
7580.
7559.
7538.
7517.
7496.
7475.
7455.
7433.
7412.
7391.
7371.
7350.
7330.
7311.
7292.
7272.
7254.
7235.
7217.
7200.
7183.
7167.
7150.
7134.
7118.
7103.
7089.
7075.
7061.
7048.
7034.
7022.
7010.
6998.
6986.
6975.
6965.
6954.
6945.
6936.
6927.
6919.
6911.
6903.
6897.
6891.
6886.
6882.
6878.
6876.
6873.
6872.
6871.
6871.
6873.
6875.
6877.
6881.
6885.
6891.
6897.
6904.
6912.
6921.
6931.
6942.
6954.
6966.
6980.
6994.
7009.
7024.
7040.
7058.
7077.
7096.
7116.
7137.
7158.
7180.
7202.
7225.
7247.
7272.
7297.
7321.
7346.
7371.
7397.
7423.
7448.
7475.
7501.
7527.
7553.
7578.
7602.
7627.
7651.
7675.
7698.
7721.
7742.
7763.
7783.
7801.
7819.
7837.
7853.
7868.
7881.
7894.
7906.
7917.
7926.
7935.
7941.
7947.
7952.
7954.
7957.
7957.
7956.
7954.
7949.
7945.
7939.
7930.
7921.
7911.
7900.
7886.
7872.
7857.
7840.
7823.
7805.
7786.
7766.
7745.
7723.
7701.
7678.
7655.
7631.
7606.
7581.
7557.
7531.
7505.
7479.
7453.
7426.
7400.
7373.
7347.
7320.
7293.
7267.
7240.
7213.
7186.
7160.
7134.
7108.
7081.
7055.
7029.
7003.
6976.
6951.
6925.
6901.
6876.
6850.
6825.
6801.
6776.
6752.
6728.
6705.
6682.
6660.
6637.
6616.
6594.
6573.
6553.
6533.
6515.
6497.
6478.
6462.
6446.
6431.
6417.
6404.
6391.
6380.
6369.
6360.
6351.
6343.
6336.
6331.
6327.
6323.
6320.
6318.
6318.
6318.
6319.
6322.
6324.
6328.
6333.
6339.
6345.
6353.
6360.
6369.
6378.
6387.
6398.
6410.
6422.
6435.
6447.
6461.
6475.
6489.
6504.
6518.
6534.
6550.
6567.
6584.
6601.
6618.
6636.
6654.
6673.
6692.
6710.
6730.
6749.
6769.
6790.
6811.
6832.
6853.
6876.
6898.
6920.
6944.
6967.
6991.
7015.
7039.
7064.
7088.
7113.
7138.
7164.
7190.
7216.
7242.
7268.
7294.
7320.
7347.
7373.
7400.
7427.
7453.
7480.
7507.
7534.
7561.
7587.
7614.
7641.
7668.
7695.
7722.
7749.
7776.
7802.
7829.
7855.
7881.
7907.
7933.
7958.
7984.
8008.
8032.
8056.
8079.
8101.
8123.
8144.
8164.
8184.
8203.
8221.
8237.
8253.
8267.
8282.
8293.
8306.
8316.
8324.
8332.
8339.
8345.
8348.
8350.
8352.
8351.
8350.
8347.
8342.
8337.
8330.
8321.
8311.
8300.
8287.
8274.
8260.
8245.
8229.
8212.
8194.
8175.
8155.
8136.
8115.
8094.
8071.
8050.
8027.
8004.
7981.
7957.
7934.
7909.
7885.
7862.
7837.
7813.
7788.
7764.
7739.
7715.
7691.
7666.
7642.
7618.
7594.
7570.
7546.
7522.
7498.
7473.
7449.
7425.
7401.
7378.
7353.
7330.
7307.
7283.
7261.
7238.
7215.
7193.
7172.
7151.
7130.
7110.
7090.
7072.
7053.
7035.
7018.
7001.
6986.
6971.
6956.
6943.
6930.
6918.
6907.
6896.
6886.
6878.
6870.
6863.
6857.
6852.
6848.
6845.
6843.
6842.
6841.
6842.
6845.
6847.
6851.
6856.
6862.
6870.
6878.
6888.
6898.
6911.
6922.
6936.
6950.
6966.
6982.
6999.
7017.
7036.
7055.
7075.
7096.
7117.
7140.
7162.
7184.
7208.
7233.
7257.
7282.
7307.
7332.
7357.
7383.
7409.
7436.
7462.
7488.
7514.
7540.
7567.
7593.
7620.
7647.
7674.
7701.
7727.
7754.
7781.
7808.
7834.
7861.
7887.
7914.
7940.
7966.
7992.
8017.
8042.
8066.
8089.
8113.
8135.
8158.
8181.
8201.
8220.
8239.
8257.
8274.
8290.
8305.
8320.
8332.
8346.
8356.
8367.
8375.
8383.
8390.
8396.
8400.
8404.
8406.
8407.
8407.
8407.
8405.
8401.
8398.
8392.
8386.
8379.
8371.
8362.
8352.
8341.
8330.
8317.
8303.
8290.
8275.
8259.
8242.
8225.
8208.
8190.
8171.
8151.
8131.
8111.
8090.
8069.
8047.
8025.
8002.
7979.
7957.
7933.
7909.
7885.
7860.
7836.
7812.
7787.
7763.
7737.
7712.
7688.
7664.
7640.
7615.
7591.
7567.
7544.
7519.
7496.
7473.
7449.
7427.
7404.
7381.
7359.
7337.
7315.
7293.
7272.
7249.
7228.
7206.
7185.
7163.
7142.
7121.
7100.
7079.
7058.
7038.
7018.
6997.
6977.
6957.
6937.
6918.
6899.
6880.
6862.
6844.
6827.
6810.
6794.
6778.
6762.
6747.
6734.
6720.
6707.
6695.
6683.
6671.
6661.
6652.
6643.
6635.
6627.
6620.
6615.
6610.
6605.
6601.
6598.
6596.
6595.
6595.
6596.
6597.
6599.
6603.
6607.
6611.
6617.
6623.
6630.
6638.
6646.
6655.
6665.
6676.
6688.
6700.
6713.
6727.
6741.
6755.
6771.
6787.
6804.
6821.
6839.
6857.
6876.
6895.
6915.
6935.
6955.
6976.
6998.
7019.
7041.
7063.
7086.
7109.
7132.
7154.
7177.
7202.
7224.
7249.
7271.
7295.
7319.
7343.
7368.
7393.
7417.
7441.
7466.
7491.
7515.
7539.
7563.
7588.
7612.
7636.
7660.
7684.
7708.
7732.
7755.
7778.
7800.
7822.
7845.
7866.
7887.
7907.
7928.
7947.
7966.
7985.
8002.
8020.
8037.
8053.
8070.
8085.
8100.
8114.
8129.
8144.
8157.
8169.
8180.
8193.
8204.
8214.
8225.
8234.
8243.
8251.
8258.
8265.
8271.
8276.
8281.
8285.
8288.
8290.
8291.
8292.
8292.
8291.
8290.
8286.
8283.
8279.
8274.
8267.
8260.
8252.
8243.
8234.
8223.
8212.
8201.
8188.
8175.
8161.
8146.
8131.
8116.
8100.
8083.
8065.
8048.
8030.
8011.
7992.
7972.
7952.
7933.
7912.
7892.
7872.
7851.
7829.
7808.
7786.
7764.
7742.
7721.
7700.
7677.
7654.
7633.
7610.
7587.
7565.
7542.
7519.
7497.
7474.
7451.
7429.
7405.
7383.
7361.
7339.
7317.
7295.
7274.
7254.
7234.
7214.
7195.
7176.
7158.
7141.
7123.
7106.
7091.
7076.
7061.
7047.
7034.
7021.
7009.
6998.
6987.
6976.
6966.
6957.
6947.
6940.
6932.
6924.
6917.
6912.
6906.
6901.
6897.
6892.
6888.
6885.
6884.
6882.
6882.
6882.
6882.
6884.
6885.
6888.
6892.
6897.
6902.
6908.
6914.
6921.
6929.
6938.
6947.
6957.
6969.
6980.
6993.
7006.
7020.
7033.
7049.
7063.
7079.
7094.
7111.
7128.
7146.
7163.
7181.
7200.
7218.
7237.
7256.
7275.
7295.
7315.
7335.
7355.
7377.
7397.
7417.
7439.
7460.
7481.
7502.
7524.
7545.
7566.
7587.
7608.
7629.
7650.
7670.
7689.
7709.
7729.
7749.
7767.
7785.
7802.
7821.
7839.
7856.
7873.
7890.
7906.
7921.
7937.
7952.
7967.
7982.
7996.
8009.
8023.
8036.
8048.
8059.
8071.
8082.
8092.
8102.
8112.
8120.
8127.
8135.
8143.
8148.
8153.
8158.
8162.
8165.
8169.
8170.
8170.
8170.
8169.
8168.
8165.
8162.
8157.
8153.
8146.
8139.
8131.
8123.
8115.
8104.
8094.
8083.
8071.
8059.
8045.
8032.
8017.
8003.
7988.
7972.
7956.
7940.
7923.
7905.
7887.
7869.
7850.
7830.
7810.
7790.
7769.
7749.
7728.
7706.
7684.
7662.
7639.
7616.
7594.
7571.
7548.
7524.
7501.
7478.
7454.
7432.
7408.
7385.
7361.
7339.
7315.
7292.
7269.
7247.
7224.
7201.
7179.
7157.
7135.
7114.
7092.
7071.
7051.
7029.
7009.
6988.
6968.
6948.
6928.
6909.
6890.
6871.
6852.
6833.
6814.
6796.
6778.
6761.
6743.
6727.
6710.
6694.
6678.
6663.
6648.
6634.
6620.
6607.
6595.
6583.
6571.
6561.
6550.
6540.
6532.
6524.
6516.
6509.
6503.
6499.
6494.
6490.
6486.
6484.
6482.
6482.
6481.
6482.
6482.
6485.
6488.
6491.
6496.
6501.
6506.
6513.
6520.
6529.
6538.
6548.
6558.
6570.
6582.
6595.
6608.
6622.
6637.
6652.
6668.
6684.
6702.
6719.
6737.
6757.
6775.
6795.
6816.
6836.
6857.
6878.
6900.
6922.
6944.
6966.
6988.
7011.
7034.
7057.
7080.
7103.
7126.
7149.
7173.
7196.
7219.
7242.
7265.
7288.
7311.
7334.
7357.
7380.
7402.
7426.
7449.
7471.
7495.
7516.
7540.
7562.
7584.
7606.
7628.
7650.
7671.
7692.
7711.
7732.
7752.
7771.
7790.
7808.
7825.
7842.
7857.
7873.
7888.
7902.
7915.
7928.
7939.
7950.
7960.
7969.
7977.
7984.
7991.
7995.
7999.
8003.
8004.
8005.
8006.
8005.
8003.
7999.
7996.
7990.
7984.
7976.
7969.
7961.
7951.
7939.
7928.
7916.
7903.
7889.
7874.
7858.
7843.
7826.
7809.
7792.
7773.
7755.
7736.
7717.
7696.
7677.
7657.
7637.
7616.
7595.
7575.
7554.
7533.
7512.
7491.
7470.
7449.
7429.
7407.
7387.
7366.
7346.
7324.
7304.
7283.
7263.
7242.
7222.
7202.
7181.
7162.
7141.
7121.
7101.
7080.
7060.
7040.
7020.
7001.
6982.
6962.
6943.
6924.
6905.
6887.
6869.
6851.
6833.
6816.
6798.
6782.
6765.
6750.
6734.
6719.
6704.
6690.
6676.
6662.
6649.
6638.
6625.
6615.
6604.
6594.
6585.
6576.
6567.
6560.
6552.
6546.
6541.
6536.
6532.
6529.
6527.
6525.
6524.
6523.
6524.
6524.
6526.
6528.
6530.
6535.
6539.
6545.
6550.
6557.
6564.
6572.
6581.
6590.
6600.
6611.
6623.
6635.
6647.
6660.
6674.
6688.
6702.
6717.
6734.
6748.
6764.
6780.
6796.
6813.
6830.
6847.
6864.
6881.
6897.
6915.
6932.
6950.
6968.
6985.
7002.
7020.
7038.
7056.
7073.
7091.
7109.
7126.
7143.
7161.
7177.
7195.
7211.
7227.
7244.
7260.
7275.
7291.
7305.
7320.
7335.
7348.
7362.
7375.
7387.
7401.
7412.
7422.
7433.
7442.
7451.
7459.
7467.
7474.
7480.
7485.
7490.
7494.
7497.
7499.
7501.
7501.
7501.
7500.
7498.
7496.
7492.
7488.
7484.
7478.
7472.
7466.
7458.
7450.
7441.
7431.
7422.
7410.
7400.
7389.
7377.
7364.
7352.
7339.
7325.
7312.
7297.
7283.
7269.
7255.
7239.
7225.
7210.
7196.
7180.
7166.
7150.
7135.
7120.
7106.
7091.
7077.
7063.
7048.
7034.
7020.
7006.
6993.
6978.
6965.
6951.
6939.
6925.
6912.
6899.
6887.
6875.
6863.
6851.
6840.
6828.
6818.
6807.
6798.
6788.
6779.
6771.
6762.
6755.
6748.
6741.
6736.
6731.
6726.
6723.
6720.
6718.
6716.
6714.
6714.
6715.
6716.
6718.
6721.
6725.
6729.
6734.
6739.
6745.
6753.
6760.
6768.
6778.
6787.
6797.
6808.
6819.
6831.
6844.
6856.
6871.
6884.
6899.
6914.
6930.
6946.
6962.
6979.
6997.
7016.
7033.
7053.
7072.
7091.
7111.
7131.
7152.
7174.
7194.
7216.
7238.
7260.
7282.
7304.
7326.
7349.
7371.
7393.
7416.
7439.
7462.
7483.
7506.
7529.
7552.
7574.
7596.
7618.
7641.
7664.
7686.
7709.
7731.
7754.
7776.
7799.
7822.
7844.
7867.
7889.
7911.
7933.
7954.
7976.
7997.
8017.
8037.
8056.
8076.
8094.
8112.
8129.
8146.
8162.
8177.
8192.
8206.
8220.
8232.
8244.
8256.
8266.
8277.
8287.
8296.
8304.
8311.
8318.
8325.
8330.
8334.
8339.
8342.
8344.
8346.
8346.
8345.
8344.
8342.
8339.
8336.
8330.
8325.
8318.
8311.
8303.
8293.
8284.
8273.
8263.
8252.
8239.
8227.
8214.
8200.
8185.
8170.
8155.
8140.
8123.
8106.
8089.
8072.
8055.
8036.
8018.
7999.
7979.
7961.
7940.
7921.
7901.
7882.
7861.
7841.
7821.
7800.
7779.
7759.
7738.
7718.
7697.
7677.
7656.
7635.
7614.
7594.
7573.
7553.
7532.
7512.
7491.
7471.
7451.
7431.
7412.
7392.
7373.
7354.
7336.
7318.
7299.
7281.
7264.
7247.
7231.
7215.
7200.
7184.
7169.
7155.
7141.
7128.
7115.
7104.
7092.
7081.
7070.
7061.
7052.
7044.
7036.
7030.
7024.
7018.
7013.
7010.
7006.
7004.
7002.
7002.
7002.
7002.
7003.
7008.
7010.
7014.
7019.
7025.
7031.
7038.
7047.
7056.
7065.
7076.
7088.
7100.
7113.
7126.
7140.
7155.
7170.
7186.
7202.
7218.
7235.
7253.
7270.
7289.
7307.
7326.
7345.
7364.
7384.
7404.
7423.
7443.
7463.
7484.
7503.
7523.
7543.
7562.
7582.
7601.
7620.
7639.
7657.
7675.
7692.
7710.
7728.
7744.
7760.
7776.
7792.
7808.
7823.
7838.
7852.
7867.
7881.
7896.
7908.
7921.
7934.
7947.
7959.
7970.
7982.
7994.
8004.
8015.
8026.
8035.
8045.
8054.
8061.
8070.
8076.
8082.
8089.
8094.
8098.
8101.
8104.
8106.
8108.
8109.
8109.
8108.
8106.
8104.
8100.
8096.
8092.
8087.
8081.
8074.
8066.
8058.
8050.
8042.
8032.
8022.
8011.
7999.
7988.
7975.
7962.
7949.
7936.
7922.
7906.
7892.
7876.
7861.
7844.
7828.
7811.
7794.
7776.
7758.
7740.
7722.
7703.
7684.
7665.
7645.
7626.
7606.
7586.
7566.
7547.
7527.
7506.
7486.
7467.
7447.
7426.
7407.
7386.
7367.
7347.
7328.
7308.
7290.
7270.
7252.
7232.
7213.
7195.
7177.
7158.
7140.
7122.
7104.
7086.
7068.
7052.
7033.
7016.
6999.
6981.
6964.
6946.
6930.
6913.
6896.
6880.
6863.
6847.
6830.
6814.
6799.
6784.
6768.
6753.
6738.
6723.
6710.
6696.
6683.
6670.
6657.
6645.
6634.
6622.
6612.
6602.
6592.
6582.
6573.
6565.
6557.
6549.
6543.
6536.
6530.
6525.
6520.
6515.
6511.
6508.
6505.
6502.
6500.
6499.
6499.
6498.
6499.
6500.
6501.
6503.
6507.
6511.
6514.
6519.
6526.
6531.
6538.
6547.
6555.
6564.
6574.
6583.
6594.
6606.
6619.
6632.
6644.
6657.
6672.
6687.
6702.
6717.
6734.
6751.
6767.
6785.
6802.
6821.
6839.
6858.
6878.
6898.
6918.
6938.
6959.
6980.
7002.
7025.
7047.
7069.
7093.
7116.
7139.
7163.
7187.
7210.
7234.
7260.
7284.
7309.
7333.
7359.
7383.
7410.
7434.
7460.
7485.
7511.
7536.
7561.
7586.
7611.
7635.
7660.
7684.
7708.
7731.
7755.
7777.
7800.
7822.
7843.
7865.
7884.
7904.
7923.
7942.
7961.
7978.
7995.
8011.
8026.
8040.
8055.
8069.
8082.
8094.
8106.
8117.
8127.
8137.
8146.
8154.
8162.
8168.
8174.
8178.
8183.
8187.
8189.
8191.
8192.
8192.
8190.
8189.
8186.
8183.
8178.
8173.
8166.
8159.
8151.
8141.
8132.
8121.
8109.
8096.
8082.
8068.
8052.
8036.
8021.
8003.
7986.
7968.
7949.
7930.
7909.
7890.
7869.
7848.
7827.
7805.
7784.
7761.
7738.
7716.
7694.
7671.
7647.
7625.
7601.
7578.
7556.
7533.
7510.
7488.
7465.
7444.
7422.
7400.
7378.
7358.
7338.
7318.
7298.
7279.
7260.
7242.
7225.
7206.
7190.
7174.
7159.
7145.
7130.
7117.
7104.
7092.
7081.
7071.
7061.
7053.
7045.
7038.
7032.
7027.
7023.
7019.
7017.
7016.
7015.
7015.
7017.
7019.
7023.
7027.
7031.
7038.
7044.
7052.
7061.
7070.
7079.
7090.
7101.
7113.
7125.
7137.
7150.
7164.
7177.
7193.
7208.
7224.
7240.
7256.
7272.
7289.
7306.
7324.
7342.
7359.
7377.
7395.
7414.
7432.
7452.
7470.
7490.
7509.
7528.
7547.
7566.
7585.
7603.
7622.
7641.
7659.
7678.
7696.
7714.
7732.
7750.
7766.
7784.
7801.
7817.
7834.
7849.
7865.
7880.
7894.
7909.
7923.
7937.
7950.
7964.
7976.
7989.
8001.
8013.
8025.
8035.
8047.
8057.
8067.
8076.
8085.
8093.
8102.
8108.
8115.
8122.
8127.
8132.
8137.
8140.
8142.
8144.
8145.
8145.
8145.
8144.
8142.
8139.
8136.
8131.
8128.
8120.
8114.
8106.
8098.
8089.
8080.
8070.
8058.
8046.
8035.
8022.
8008.
7995.
7979.
7965.
7949.
7933.
7916.
7899.
7881.
7862.
7844.
7824.
7804.
7784.
7763.
7742.
7722.
7700.
7677.
7654.
7632.
7609.
7586.
7562.
7538.
7514.
7491.
7467.
7443.
7419.
7395.
7371.
7348.
7324.
7301.
7278.
7254.
7231.
7208.
7184.
7162.
7139.
7117.
7094.
7072.
7050.
7029.
7006.
6985.
6963.
6941.
6921.
6900.
6879.
6858.
6838.
6819.
6798.
6779.
6761.
6742.
6724.
6706.
6689.
6673.
6655.
6640.
6626.
6611.
6597.
6583.
6571.
6560.
6548.
6537.
6529.
6519.
6511.
6504.
6497.
6491.
6486.
6482.
6479.
6476.
6474.
6474.
6473.
6474.
6476.
6479.
6482.
6486.
6492.
6499.
6506.
6515.
6525.
6534.
6546.
6557.
6570.
6584.
6598.
6613.
6630.
6646.
6664.
6681.
6700.
6719.
6738.
6758.
6778.
6798.
6820.
6841.
6863.
6884.
6907.
6930.
6953.
6976.
6999.
7023.
7048.
7072.
7096.
7121.
7146.
7171.
7196.
7221.
7247.
7272.
7296.
7321.
7346.
7371.
7396.
7420.
7444.
7469.
7492.
7516.
7540.
7564.
7587.
7611.
7634.
7657.
7680.
7703.
7725.
7748.
7770.
7792.
7815.
7838.
7860.
7882.
7904.
7926.
7948.
7969.
7991.
8012.
8032.
8053.
8073.
8092.
8112.
8131.
8150.
8167.
8183.
8199.
8214.
8229.
8242.
8256.
8269.
8280.
8290.
8300.
8309.
8318.
8325.
8331.
8338.
8344.
8347.
8351.
8354.
8356.
8357.
8357.
8358.
8356.
8355.
8352.
8349.
8345.
8340.
8334.
8328.
8320.
8313.
8304.
8295.
8284.
8273.
8262.
8250.
8237.
8224.
8209.
8194.
8179.
8163.
8147.
8130.
8113.
8096.
8078.
8059.
8041.
8021.
8001.
7981.
7961.
7941.
7920.
7900.
7880.
7859.
7837.
7816.
7794.
7773.
7751.
7730.
7709.
7687.
7666.
7645.
7623.
7603.
7583.
7561.
7540.
7521.
7500.
7480.
7459.
7440.
7420.
7401.
7382.
7362.
7343.
7323.
7303.
7286.
7266.
7248.
7230.
7211.
7192.
7174.
7156.
7139.
7121.
7104.
7087.
7070.
7053.
7037.
7021.
7006.
6991.
6977.
6963.
6949.
6936.
6924.
6913.
6901.
6890.
6880.
6871.
6862.
6854.
6847.
6840.
6834.
6829.
6824.
6821.
6817.
6816.
6814.
6815.
6815.
6816.
6819.
6822.
6826.
6832.
6837.
6844.
6851.
6860.
6869.
6879.
6888.
6899.
6911.
6924.
6936.
6950.
6963.
6977.
6992.
7007.
7022.
7038.
7053.
7071.
7087.
7104.
7121.
7138.
7157.
7174.
7193.
7210.
7229.
7247.
7265.
7283.
7302.
7321.
7339.
7357.
7376.
7393.
7412.
7429.
7446.
7464.
7481.
7498.
7514.
7531.
7547.
7562.
7578.
7593.
7608.
7622.
7636.
7650.
7663.
7676.
7689.
7701.
7712.
7722.
7733.
7743.
7751.
7759.
7766.
7773.
7779.
7784.
7788.
7792.
7794.
7795.
7796.
7795.
7794.
7792.
7788.
7783.
7779.
7772.
7765.
7757.
7748.
7740.
7729.
7718.
7706.
7693.
7679.
7666.
7652.
7637.
7622.
7605.
7589.
7572.
7555.
7537.
7519.
7500.
7482.
7464.
7445.
7426.
7407.
7387.
7368.
7348.
7329.
7310.
7289.
7271.
7251.
7232.
7213.
7194.
7176.
7156.
7138.
7119.
7101.
7083.
7066.
7048.
7030.
7012.
6995.
6977.
6960.
6942.
6925.
6908.
6890.
6873.
6856.
6839.
6822.
6805.
6788.
6772.
6756.
6739.
6723.
6707.
6692.
6677.
6663.
6648.
6633.
6620.
6607.
6593.
6581.
6569.
6558.
6548.
6538.
6529.
6521.
6512.
6504.
6498.
6492.
6487.
6483.
6480.
6477.
6476.
6475.
6476.
6477.
6479.
6483.
6487.
6492.
6499.
6505.
6514.
6523.
6533.
6543.
6555.
6568.
6582.
6596.
6610.
6625.
6641.
6658.
6675.
6693.
6711.
6731.
6750.
6771.
6792.
6813.
6835.
6857.
6880.
6903.
6927.
6951.
6976.
7002.
7027.
7053.
7079.
7105.
7131.
7157.
7183.
7210.
7236.
7263.
7289.
7315.
7341.
7367.
7392.
7417.
7442.
7467.
7491.
7515.
7539.
7561.
7584.
7606.
7627.
7648.
7670.
7689.
7709.
7729.
7748.
7767.
7785.
7802.
7819.
7836.
7852.
7868.
7883.
7898.
7911.
7924.
7936.
7948.
7960.
7969.
7979.
7988.
7995.
8001.
8007.
8012.
8016.
8019.
8021.
8021.
8022.
8022.
8020.
8017.
8012.
8008.
8003.
7996.
7989.
7982.
7973.
7964.
7954.
7942.
7930.
7917.
7905.
7890.
7876.
7861.
7845.
7828.
7812.
7794.
7777.
7759.
7741.
7722.
7703.
7684.
7666.
7646.
7627.
7607.
7588.
7569.
7551.
7531.
7513.
7495.
7477.
7460.
7443.
7427.
7411.
7395.
7381.
7366.
7352.
7339.
7326.
7315.
7304.
7293.
7283.
7273.
7265.
7257.
7250.
7243.
7238.
7234.
7230.
7227.
7225.
7223.
7222.
7223.
7223.
7225.
7228.
7231.
7236.
7242.
7248.
7256.
7265.
7274.
7284.
7294.
7306.
7319.
7332.
7346.
7362.
7378.
7394.
7411.
7430.
7448.
7468.
7487.
7507.
7528.
7549.
7572.
7594.
7616.
7640.
7664.
7688.
7712.
7737.
7763.
7788.
7814.
7841.
7867.
7893.
7920.
7947.
7974.
8001.
8028.
8055.
8082.
8109.
8136.
8163.
8189.
8215.
8240.
8265.
8291.
8314.
8337.
8360.
8382.
8405.
8425.
8444.
8464.
8482.
8499.
8515.
8531.
8546.
8559.
8572.
8584.
8595.
8605.
8614.
8623.
8631.
8638.
8644.
8649.
8653.
8656.
8659.
8660.
8662.
8662.
8661.
8660.
8658.
8656.
8653.
8649.
8644.
8640.
8634.
8628.
8622.
8614.
8607.
8598.
8590.
8581.
8571.
8560.
8549.
8538.
8527.
8515.
8502.
8489.
8476.
8462.
8448.
8434.
8419.
8403.
8388.
8372.
8355.
8338.
8321.
8304.
8287.
8268.
8250.
8232.
8213.
8193.
8174.
8154.
8134.
8113.
8093.
8071.
8051.
8030.
8009.
7988.
7967.
7945.
7924.
7903.
7882.
7860.
7839.
7819.
7797.
7777.
7756.
7735.
7715.
7695.
7674.
7654.
7633.
7612.
7592.
7572.
7552.
7532.
7512.
7492.
7471.
7451.
7432.
7412.
7392.
7373.
7353.
7333.
7315.
7296.
7278.
7260.
7242.
7225.
7208.
7191.
7176.
7160.
7144.
7129.
7116.
7102.
7088.
7076.
7064.
7053.
7041.
7031.
7021.
7011.
7003.
6994.
6986.
6979.
6972.
6966.
6961.
6956.
6951.
6946.
6943.
6941.
6940.
6940.
6941.
6941.
6943.
6947.
6951.
6956.
6961.
6969.
6976.
6985.
6994.
7004.
7016.
7029.
7042.
7056.
7070.
7085.
7101.
7117.
7136.
7153.
7172.
7191.
7209.
7230.
7250.
7271.
7292.
7314.
7336.
7358.
7381.
7403.
7427.
7450.
7473.
7498.
7522.
7546.
7571.
7595.
7620.
7645.
7670.
7695.
7719.
7743.
7768.
7792.
7815.
7839.
7861.
7883.
7905.
7926.
7947.
7967.
7987.
8006.
8025.
8042.
8058.
8074.
8089.
8103.
8117.
8130.
8141.
8152.
8163.
8171.
8179.
8187.
8194.
8200.
8204.
8208.
8211.
8213.
8215.
8215.
8214.
8213.
8211.
8207.
8203.
8198.
8192.
8185.
8178.
8169.
8159.
8150.
8139.
8128.
8116.
8104.
8090.
8076.
8061.
8047.
8032.
8016.
8000.
7983.
7967.
7949.
7932.
7915.
7897.
7879.
7861.
7843.
7824.
7806.
7788.
7769.
7751.
7733.
7714.
7694.
7676.
7658.
7640.
7621.
7602.
7584.
7565.
7547.
7528.
7509.
7490.
7471.
7453.
7434.
7415.
7396.
7377.
7358.
7339.
7321.
7302.
7283.
7264.
7246.
7228.
7210.
7192.
7175.
7158.
7140.
7124.
7106.
7090.
7074.
7058.
7042.
7027.
7012.
6997.
6982.
6968.
6954.
6940.
6925.
6911.
6898.
6885.
6872.
6860.
6847.
6835.
6823.
6812.
6800.
6790.
6780.
6769.
6760.
6751.
6742.
6734.
6727.
6720.
6714.
6707.
6702.
6698.
6693.
6690.
6687.
6686.
6684.
6685.
6685.
6687.
6689.
6693.
6696.
6701.
6706.
6712.
6719.
6726.
6735.
6744.
6754.
6765.
6775.
6787.
6798.
6812.
6825.
6839.
6853.
6869.
6884.
6900.
6917.
6933.
6950.
6968.
6986.
7004.
7024.
7043.
7062.
7082.
7102.
7122.
7143.
7163.
7184.
7206.
7226.
7248.
7269.
7291.
7312.
7334.
7356.
7378.
7398.
7420.
7441.
7463.
7483.
7504.
7525.
7545.
7565.
7585.
7606.
7625.
7645.
7663.
7683.
7701.
7719.
7739.
7756.
7774.
7791.
7808.
7824.
7840.
7856.
7870.
7884.
7898.
7910.
7923.
7934.
7944.
7953.
7962.
7971.
7977.
7982.
7987.
7991.
7994.
7997.
7996.
7995.
7994.
7991.
7988.
7983.
7978.
7971.
7965.
7956.
7946.
7937.
7927.
7916.
7903.
7891.
7878.
7864.
7850.
7835.
7820.
7803.
7787.
7770.
7753.
7735.
7717.
7699.
7680.
7661.
7642.
7622.
7602.
7582.
7561.
7542.
7522.
7502.
7481.
7461.
7441.
7420.
7402.
7381.
7362.
7343.
7324.
7307.
7289.
7272.
7255.
7238.
7223.
7208.
7193.
7179.
7166.
7153.
7142.
7130.
7119.
7109.
7100.
7091.
7084.
7075.
7068.
7062.
7056.
7050.
7044.
7039.
7035.
7031.
7028.
7025.
7023.
7021.
7019.
7018.
7018.
7018.
7019.
7021.
7023.
7025.
7028.
7033.
7037.
7041.
7048.
7054.
7061.
7070.
7078.
7088.
7098.
7110.
7121.
7133.
7146.
7159.
7173.
7187.
7203.
7218.
7234.
7251.
7268.
7286.
7304.
7322.
7341.
7360.
7380.
7401.
7421.
7442.
7464.
7484.
7506.
7529.
7551.
7573.
7596.
7618.
7640.
7663.
7684.
7707.
7730.
7751.
7772.
7793.
7815.
7836.
7857.
7877.
7897.
7917.
7937.
7957.
7975.
7994.
8012.
8030.
8049.
8067.
8083.
8100.
8116.
8133.
8148.
8164.
8178.
8193.
8206.
8219.
8232.
8242.
8253.
8264.
8273.
8282.
8290.
8297.
8304.
8310.
8315.
8320.
8323.
8326.
8329.
8331.
8332.
8333.
8333.
8331.
8330.
8328.
8325.
8322.
8318.
8313.
8308.
8302.
8295.
8289.
8282.
8274.
8265.
8256.
8247.
8236.
8227.
8216.
8205.
8193.
8180.
8168.
8155.
8141.
8127.
8113.
8098.
8083.
8067.
8050.
8034.
8018.
8000.
7983.
7965.
7947.
7928.
7909.
7889.
7868.
7848.
7827.
7806.
7784.
7762.
7739.
7717.
7694.
7671.
7647.
7624.
7600.
7576.
7553.
7528.
7504.
7480.
7457.
7433.
7409.
7386.
7363.
7340.
7317.
7295.
7273.
7251.
7230.
7209.
7189.
7170.
7150.
7131.
7113.
7095.
7078.
7061.
7045.
7029.
7014.
6999.
6985.
6971.
6958.
6946.
6934.
6922.
6911.
6900.
6889.
6879.
6869.
6858.
6849.
6841.
6832.
6823.
6815.
6807.
6799.
6792.
6786.
6778.
6773.
6767.
6762.
6758.
6754.
6751.
6748.
6745.
6744.
6743.
6743.
6744.
6745.
6747.
6750.
6754.
6758.
6763.
6769.
6776.
6783.
6792.
6801.
6811.
6822.
6834.
6847.
6861.
6875.
6891.
6907.
6924.
6942.
6962.
6981.
7001.
7022.
7043.
7066.
7089.
7112.
7137.
7161.
7186.
7211.
7237.
7263.
7290.
7316.
7343.
7371.
7398.
7427.
7454.
7483.
7511.
7540.
7568.
7597.
7625.
7653.
7681.
7709.
7737.
7764.
7791.
7818.
7845.
7869.
7893.
7917.
7941.
7966.
7988.
8011.
8034.
8055.
8077.
8097.
8118.
8138.
8159.
8177.
8196.
8214.
8232.
8249.
8267.
8283.
8300.
8316.
8330.
8346.
8361.
8376.
8388.
8401.
8414.
8427.
8438.
8449.
8459.
8468.
8477.
8485.
8492.
8498.
8503.
8507.
8511.
8513.
8514.
8514.
8514.
8513.
8510.
8507.
8503.
8498.
8492.
8485.
8476.
8468.
8459.
8448.
8437.
8426.
8413.
8400.
8386.
8373.
8357.
8342.
8326.
8308.
8292.
8273.
8255.
8236.
8217.
8197.
8177.
8156.
8136.
8115.
8093.
8071.
8049.
8026.
8003.
7981.
7957.
7934.
7910.
7887.
7863.
7838.
7814.
7790.
7765.
7740.
7715.
7690.
7665.
7639.
7614.
7589.
7563.
7537.
7511.
7486.
7460.
7434.
7408.
7382.
7356.
7330.
7305.
7279.
7253.
7227.
7201.
7176.
7151.
7125.
7100.
7075.
7051.
7025.
7002.
6977.
6954.
6930.
6906.
6883.
6860.
6838.
6817.
6795.
6774.
6754.
6734.
6715.
6695.
6677.
6660.
6644.
6627.
6612.
6598.
6584.
6570.
6558.
6547.
6536.
6526.
6517.
6508.
6502.
6496.
6491.
6485.
6481.
6479.
6477.
6476.
6477.
6477.
6479.
6482.
6485.
6489.
6494.
6500.
6506.
6513.
6522.
6529.
6538.
6548.
6559.
6570.
6582.
6593.
6606.
6619.
6633.
6647.
6662.
6677.
6692.
6708.
6723.
6740.
6757.
6773.
6792.
6809.
6826.
6845.
6863.
6882.
6901.
6919.
6939.
6958.
6977.
6996.
7016.
7036.
7055.
7075.
7095.
7117.
7136.
7157.
7178.
7200.
7220.
7241.
7263.
7284.
7306.
7327.
7349.
7371.
7392.
7413.
7434.
7456.
7477.
7498.
7519.
7540.
7560.
7581.
7601.
7622.
7643.
7662.
7682.
7701.
7719.
7738.
7757.
7774.
7791.
7807.
7822.
7838.
7852.
7866.
7879.
7891.
7902.
7912.
7922.
7931.
7938.
7944.
7951.
7955.
7958.
7962.
7964.
7966.
7965.
7964.
7962.
7960.
7956.
7951.
7947.
7939.
7932.
7923.
7914.
7904.
7892.
7880.
7867.
7854.
7839.
7824.
7808.
7791.
7775.
7756.
7737.
7718.
7699.
7678.
7657.
7636.
7614.
7592.
7570.
7546.
7523.
7500.
7477.
7453.
7429.
7404.
7380.
7356.
7331.
7307.
7284.
7260.
7235.
7211.
7188.
7165.
7142.
7120.
7098.
7077.
7056.
7035.
7015.
6996.
6978.
6961.
6943.
6927.
6912.
6898.
6884.
6872.
6860.
6851.
6841.
6832.
6824.
6819.
6813.
6808.
6806.
6803.
6801.
6801.
6801.
6802.
6804.
6807.
6811.
6816.
6821.
6826.
6833.
6841.
6849.
6858.
6867.
6876.
6887.
6898.
6909.
6922.
6933.
6945.
6958.
6970.
6985.
6998.
7012.
7027.
7041.
7056.
7070.
7085.
7100.
7115.
7130.
7144.
7159.
7174.
7189.
7205.
7219.
7234.
7249.
7264.
7279.
7294.
7309.
7324.
7339.
7354.
7369.
7384.
7399.
7414.
7429.
7444.
7459.
7474.
7489.
7503.
7518.
7532.
7547.
7560.
7575.
7588.
7602.
7616.
7628.
7642.
7655.
7668.
7680.
7693.
7706.
7718.
7730.
7743.
7754.
7765.
7777.
7788.
7799.
7809.
7819.
7829.
7840.
7849.
7858.
7866.
7875.
7884.
7891.
7899.
7907.
7913.
7920.
7926.
7930.
7936.
7941.
7945.
7948.
7952.
7953.
7955.
7956.
7957.
7956.
7955.
7954.
7951.
7946.
7942.
7938.
7932.
7924.
7917.
7909.
7900.
7889.
7880.
7868.
7856.
7845.
7831.
7817.
7803.
7788.
7774.
7758.
7743.
7727.
7710.
7693.
7676.
7658.
7640.
7622.
7604.
7586.
7567.
7549.
7530.
7511.
7492.
7473.
7455.
7435.
7417.
7399.
7381.
7363.
7346.
7328.
7312.
7295.
7280.
7264.
7249.
7234.
7220.
7206.
7192.
7180.
7167.
7154.
7142.
7129.
7117.
7106.
7094.
7083.
7072.
7061.
7051.
7040.
7031.
7021.
7011.
7002.
6993.
6984.
6976.
6969.
6961.
6954.
6948.
6941.
6935.
6931.
6925.
6921.
6918.
6915.
6913.
6911.
6910.
6910.
6911.
6911.
6913.
6916.
6919.
6923.
6927.
6933.
6939.
6945.
6953.
6961.
6970.
6980.
6991.
7002.
7014.
7026.
7038.
7051.
7065.
7080.
7094.
7109.
7126.
7142.
7158.
7175.
7193.
7210.
7228.
7247.
7265.
7285.
7304.
7324.
7344.
7365.
7385.
7406.
7427.
7448.
7469.
7491.
7513.
7534.
7557.
7579.
7600.
7622.
7644.
7666.
7688.
7710.
7731.
7753.
7774.
7795.
7816.
7837.
7856.
7878.
7898.
7917.
7937.
7957.
7975.
7995.
8014.
8033.
8051.
8070.
8088.
8106.
8123.
8141.
8159.
8175.
8193.
8209.
8225.
8240.
8255.
8269.
8284.
8297.
8311.
8324.
8336.
8349.
8361.
8372.
8383.
8393.
8403.
8413.
8422.
8431.
8440.
8447.
8456.
8464.
8471.
8478.
8484.
8490.
8497.
8501.
8505.
8510.
8514.
8517.
8520.
8522.
8524.
8524.
8524.
8523.
8521.
8519.
8517.
8513.
8508.
8502.
8496.
8489.
8481.
8472.
8462.
8452.
8441.
8429.
8416.
8403.
8389.
8375.
8359.
8343.
8328.
8311.
8294.
8277.
8259.
8240.
8221.
8202.
8183.
8164.
8144.
8125.
8105.
8085.
8066.
8046.
8025.
8005.
7985.
7964.
7944.
7924.
7905.
7884.
7864.
7845.
7826.
7806.
7787.
7768.
7749.
7730.
7711.
7692.
7675.
7656.
7638.
7619.
7602.
7583.
7565.
7548.
7530.
7512.
7493.
7476.
7458.
7440.
7423.
7406.
7389.
7372.
7355.
7339.
7323.
7308.
7293.
7279.
7264.
7250.
7237.
7225.
7213.
7201.
7190.
7180.
7170.
7162.
7153.
7146.
7140.
7133.
7127.
7122.
7118.
7116.
7114.
7113.
7113.
7113.
7114.
7117.
7121.
7125.
7130.
7136.
7144.
7151.
7160.
7170.
7180.
7191.
7204.
7215.
7229.
7242.
7256.
7270.
7285.
7300.
7317.
7333.
7349.
7365.
7382.
7399.
7416.
7433.
7450.
7468.
7486.
7503.
7521.
7538.
7556.
7572.
7590.
7605.
7622.
7639.
7656.
7672.
7688.
7704.
7719.
7735.
7750.
7765.
7780.
7794.
7809.
7823.
7837.
7851.
7865.
7878.
7890.
7903.
7915.
7927.
7938.
7949.
7960.
7971.
7981.
7990.
7998.
8007.
8015.
8021.
8028.
8034.
8038.
8043.
8046.
8049.
8051.
8052.
8053.
8052.
8050.
8049.
8045.
8041.
8037.
8031.
8025.
8018.
8010.
8002.
7993.
7983.
7973.
7962.
7951.
7939.
7927.
7913.
7900.
7886.
7872.
7858.
7843.
7827.
7812.
7796.
7780.
7763.
7746.
7729.
7711.
7693.
7675.
7657.
7639.
7619.
7601.
7582.
7563.
7544.
7525.
7506.
7486.
7466.
7446.
7427.
7408.
7388.
7368.
7348.
7328.
7309.
7290.
7270.
7251.
7232.
7213.
7195.
7176.
7158.
7140.
7122.
7105.
7087.
7070.
7054.
7038.
7021.
7006.
6990.
6975.
6960.
6946.
6931.
6917.
6904.
6891.
6878.
6865.
6852.
6839.
6827.
6816.
6803.
6792.
6781.
6770.
6759.
6749.
6738.
6728.
6719.
6709.
6701.
6693.
6685.
6678.
6671.
6665.
6658.
6653.
6648.
6644.
6641.
6637.
6635.
6633.
6632.
6631.
6631.
6632.
6633.
6635.
6638.
6641.
6645.
6650.
6655.
6662.
6668.
6677.
6685.
6693.
6703.
6712.
6724.
6735.
6746.
6760.
6771.
6785.
6799.
6813.
6827.
6843.
6857.
6874.
6890.
6906.
6923.
6940.
6958.
6976.
6994.
7012.
7030.
7049.
7068.
7087.
7106.
7126.
7146.
7166.
7186.
7206.
7227.
7246.
7267.
7288.
7308.
7330.
7350.
7372.
7392.
7414.
7435.
7456.
7478.
7500.
7521.
7543.
7565.
7587.
7608.
7629.
7650.
7673.
7693.
7714.
7734.
7755.
7775.
7795.
7813.
7831.
7850.
7868.
7886.
7903.
7918.
7935.
7951.
7966.
7980.
7995.
8008.
8021.
8033.
8045.
8057.
8069.
8080.
8090.
8100.
8110.
8118.
8128.
8137.
8145.
8152.
8160.
8167.
8174.
8180.
8185.
8191.
8196.
8200.
8203.
8206.
8208.
8209.
8211.
8210.
8209.
8208.
8205.
8202.
8197.
8192.
8186.
8178.
8171.
8161.
8151.
8141.
8129.
8116.
8103.
8089.
8074.
8059.
8043.
8026.
8010.
7992.
7975.
7957.
7938.
7919.
7901.
7881.
7861.
7841.
7821.
7799.
7778.
7757.
7736.
7713.
7692.
7669.
7647.
7624.
7602.
7579.
7557.
7534.
7512.
7491.
7469.
7447.
7426.
7404.
7383.
7363.
7343.
7324.
7305.
7287.
7268.
7250.
7233.
7217.
7200.
7184.
7169.
7154.
7140.
7126.
7113.
7101.
7089.
7079.
7068.
7058.
7049.
7041.
7034.
7027.
7021.
7016.
7012.
7008.
7006.
7004.
7003.
7003.
7004.
7006.
7009.
7012.
7017.
7022.
7028.
7035.
7042.
7050.
7059.
7068.
7079.
7089.
7100.
7112.
7124.
7135.
7148.
7162.
7176.
7190.
7204.
7218.
7234.
7249.
7265.
7281.
7297.
7314.
7330.
7347.
7364.
7381.
7397.
7416.
7433.
7450.
7469.
7487.
7505.
7524.
7542.
7561.
7579.
7598.
7617.
7636.
7656.
7674.
7694.
7714.
7733.
7751.
7770.
7789.
7808.
7826.
7845.
7863.
7881.
7899.
7917.
7935.
7953.
7970.
7989.
8005.
8023.
8040.
8058.
8075.
8092.
8109.
8126.
8144.
8160.
8175.
8191.
8208.
8223.
8238.
8253.
8268.
8282.
8295.
8308.
8320.
8333.
8344.
8354.
8364.
8374.
8383.
8390.
8398.
8405.
8409.
8415.
8420.
8422.
8425.
8427.
8428.
8428.
8427.
8426.
8423.
8419.
8415.
8411.
8405.
8399.
8392.
8382.
8374.
8365.
8354.
8344.
8332.
8320.
8308.
8295.
8280.
8266.
8250.
8235.
8219.
8202.
8185.
8168.
8149.
8132.
8113.
8092.
8073.
8052.
8031.
8010.
7989.
7967.
7945.
7923.
7900.
7878.
7854.
7831.
7807.
7784.
7760.
7736.
7713.
7690.
7666.
7643.
7619.
7597.
7573.
7552.
7529.
7507.
7485.
7464.
7442.
7421.
7401.
7381.
7360.
7341.
7321.
7301.
7282.
7263.
7243.
7224.
7205.
7187.
7169.
7150.
7133.
7115.
7098.
7081.
7065.
7048.
7032.
7018.
7003.
6989.
6976.
6963.
6951.
6940.
6929.
6918.
6910.
6902.
6894.
6887.
6882.
6877.
6873.
6870.
6868.
6867.
6868.
6869.
6871.
6874.
6878.
6882.
6888.
6895.
6903.
6911.
6920.
6930.
6940.
6952.
6963.
6976.
6989.
7001.
7015.
7029.
7043.
7058.
7073.
7089.
7104.
7120.
7136.
7152.
7168.
7184.
7201.
7217.
7234.
7252.
7269.
7287.
7304.
7321.
7338.
7355.
7374.
7391.
7410.
7427.
7445.
7464.
7482.
7500.
7518.
7537.
7556.
7574.
7593.
7612.
7631.
7649.
7668.
7686.
7704.
7722.
7740.
7759.
7777.
7794.
7812.
7829.
7847.
7863.
7879.
7896.
7912.
7928.
7944.
7960.
7975.
7991.
8005.
8020.
8034.
8049.
8064.
8077.
8091.
8104.
8117.
8131.
8144.
8156.
8168.
8180.
8192.
8203.
8215.
8226.
8236.
8247.
8256.
8266.
8276.
8285.
8293.
8301.
8310.
8318.
8324.
8330.
8337.
8343.
8347.
8352.
8355.
8358.
8361.
8363.
8363.
8364.
8364.
8362.
8360.
8357.
8352.
8348.
8342.
8335.
8327.
8320.
8309.
8298.
8287.
8275.
8263.
8249.
8234.
8220.
8203.
8186.
8169.
8151.
8132.
8113.
8094.
8075.
8054.
8034.
8014.
7993.
7972.
7951.
7931.
7910.
7889.
7869.
7848.
7828.
7808.
7788.
7767.
7748.
7729.
7710.
7691.
7672.
7654.
7636.
7618.
7601.
7585.
7568.
7553.
7538.
7523.
7508.
7494.
7481.
7468.
7456.
7443.
7432.
7422.
7412.
7402.
7393.
7385.
7378.
7372.
7366.
7360.
7356.
7352.
7349.
7347.
7345.
7344.
7344.
7345.
7346.
7348.
7351.
7354.
7358.
7363.
7369.
7375.
7382.
7390.
7397.
7406.
7415.
7425.
7436.
7446.
7458.
7469.
7482.
7495.
7508.
7522.
7535.
7550.
7564.
7579.
7593.
7609.
7624.
7640.
7654.
7670.
7685.
7700.
7715.
7731.
7745.
7760.
7774.
7790.
7803.
7817.
7831.
7844.
7857.
7869.
7882.
7894.
7907.
7918.
7930.
7942.
7954.
7966.
7976.
7987.
7997.
8008.
8018.
8028.
8037.
8047.
8056.
8065.
8073.
8082.
8088.
8096.
8103.
8109.
8115.
8122.
8127.
8132.
8136.
8140.
8143.
8145.
8147.
8147.
8148.
8148.
8148.
8146.
8144.
8141.
8136.
8132.
8127.
8121.
8114.
8106.
8097.
8088.
8080.
8069.
8059.
8047.
8035.
8023.
8010.
7997.
7983.
7969.
7954.
7938.
7922.
7905.
7887.
7870.
7851.
7833.
7814.
7794.
7774.
7753.
7733.
7711.
7689.
7667.
7645.
7622.
7599.
7576.
7553.
7529.
7505.
7481.
7456.
7432.
7409.
7383.
7358.
7334.
7309.
7284.
7259.
7235.
7210.
7186.
7162.
7138.
7114.
7090.
7067.
7043.
7020.
6998.
6975.
6952.
6930.
6907.
6885.
6863.
6841.
6820.
6798.
6777.
6756.
6735.
6713.
6692.
6673.
6652.
6633.
6613.
6595.
6575.
6557.
6539.
6521.
6504.
6487.
6470.
6454.
6438.
6422.
6408.
6393.
6378.
6365.
6351.
6339.
6327.
6315.
6305.
6294.
6285.
6276.
6267.
6261.
6254.
6248.
6243.
6239.
6236.
6234.
6233.
6232.
6232.
6233.
6236.
6239.
6242.
6247.
6253.
6260.
6266.
6274.
6283.
6293.
6303.
6314.
6325.
6337.
6350.
6363.
6378.
6392.
6407.
6423.
6439.
6455.
6472.
6491.
6508.
6527.
6546.
6565.
6585.
6604.
6624.
6645.
6665.
6685.
6707.
6728.
6749.
6770.
6792.
6813.
6834.
6856.
6877.
6899.
6920.
6941.
6962.
6984.
7005.
7026.
7047.
7068.
7089.
7110.
7131.
7152.
7173.
7194.
7216.
7237.
7259.
7280.
7302.
7323.
7344.
7366.
7387.
7409.
7431.
7453.
7474.
7496.
7517.
7538.
7559.
7580.
7601.
7622.
7642.
7662.
7682.
7702.
7721.
7741.
7761.
7780.
7799.
7819.
7838.
7857.
7875.
7894.
7912.
7930.
7948.
7965.
7982.
7998.
8014.
8029.
8043.
8056.
8068.
8081.
8092.
8103.
8113.
8121.
8128.
8135.
8142.
8146.
8149.
8151.
8153.
8154.
8153.
8151.
8147.
8144.
8139.
8132.
8124.
8116.
8107.
8097.
8085.
8073.
8060.
8046.
8031.
8016.
7999.
7982.
7965.
7947.
7927.
7908.
7889.
7868.
7848.
7826.
7804.
7782.
7760.
7738.
7715.
7692.
7668.
7645.
7622.
7599.
7576.
7553.
7529.
7505.
7482.
7459.
7436.
7413.
7390.
7367.
7343.
7321.
7297.
7275.
7253.
7230.
7208.
7185.
7164.
7143.
7121.
7100.
7079.
7059.