7566.
7566.
7565.
7566.
7566.
7565.
7565.
7565.
7565.
7566.
7566.
7566.
7566.
7566.
7566.
7566.
7566.
7566.
7567.
7567.
7567.
7567.
7567.
7567.
7567.
7568.
7567.
7568.
7568.
7568.
7568.
7569.
7568.
7569.
7569.
7568.
7569.
7569.
7569.
7570.
7569.
7570.
7570.
7570.
7570.
7570.
7570.
7570.
7571.
7571.
7571.
7571.
7571.
7572.
7571.
7571.
7571.
7571.
7572.
7572.
7572.
7572.
7571.
7571.
7571.
7571.
7571.
7571.
7571.
7571.
7570.
7570.
7570.
7570.
7569.
7570.
7570.
7570.
7570.
7569.
7569.
7570.
7569.
7569.
7570.
7569.
7570.
7569.
7569.
7569.
7569.
7568.
7569.
7569.
7568.
7569.
7568.
7568.
7568.
7568.
7568.
7568.
7568.
7568.
7568.
7568.
7568.
7568.
7568.
7568.
7568.
7568.
7568.
7568.
7568.
7568.
7569.
7569.
7569.
7569.
7569.
7569.
7569.
7569.
7569.
7569.
7569.
7569.
7569.
7569.
7569.
7569.
7569.
7569.
7569.
7569.
7569.
7569.
7569.
7569.
7569.
7569.
7569.
7570.
7569.
7569.
7569.
7569.
7569.
7569.
7569.
7570.
7569.
7569.
7570.
7569.
7569.
7569.
7569.
7569.
7569.
7569.
7569.
7569.
7569.
7568.
7569.
7569.
7568.
7569.
7569.
7569.
7569.
7569.
7569.
7569.
7569.
7569.
7569.
7570.
7569.
7570.
7569.
7570.
7570.
7570.
7569.
7570.
7570.
7570.
7570.
7570.
7569.
7569.
7570.
7569.
7570.
7570.
7569.
7570.
7570.
7569.
7570.
7570.
7570.
7570.
7570.
7570.
7570.
7570.
7570.
7570.
7570.
7570.
7570.
7571.
7570.
7570.
7571.
7571.
7571.
7570.
7571.
7571.
7571.
7570.
7570.
7571.
7571.
7572.
7571.
7572.
7572.
7572.
7573.
7573.
7573.
7574.
7574.
7575.
7575.
7576.
7577.
7578.
7578.
7580.
7580.
7581.
7582.
7583.
7584.
7586.
7586.
7588.
7588.
7590.
7592.
7594.
7595.
7597.
7598.
7600.
7603.
7604.
7606.
7609.
7611.
7613.
7615.
7618.
7620.
7622.
7625.
7628.
7631.
7634.
7636.
7639.
7642.
7645.
7648.
7651.
7654.
7657.
7661.
7665.
7668.
7672.
7675.
7679.
7683.
7687.
7691.
7695.
7700.
7704.
7709.
7713.
7718.
7722.
7727.
7733.
7738.
7742.
7748.
7753.
7759.
7764.
7770.
7775.
7782.
7787.
7793.
7799.
7805.
7810.
7817.
7823.
7829.
7835.
7841.
7847.
7853.
7860.
7866.
7872.
7879.
7884.
7891.
7898.
7904.
7910.
7917.
7923.
7930.
7937.
7943.
7950.
7957.
7964.
7970.
7977.
7984.
7991.
7998.
8005.
8011.
8019.
8025.
8032.
8038.
8046.
8052.
8058.
8065.
8072.
8078.
8085.
8091.
8097.
8105.
8111.
8117.
8124.
8130.
8136.
8142.
8149.
8155.
8161.
8168.
8173.
8180.
8186.
8192.
8198.
8204.
8210.
8216.
8222.
8228.
8234.
8240.
8246.
8251.
8257.
8263.
8269.
8275.
8280.
8287.
8292.
8298.
8304.
8310.
8316.
8321.
8327.
8333.
8339.
8344.
8349.
8355.
8360.
8365.
8370.
8376.
8381.
8386.
8391.
8396.
8402.
8406.
8411.
8416.
8422.
8426.
8431.
8436.
8441.
8445.
8451.
8456.
8461.
8466.
8470.
8476.
8481.
8486.
8490.
8495.
8500.
8505.
8509.
8514.
8518.
8523.
8527.
8531.
8536.
8540.
8544.
8548.
8553.
8556.
8560.
8564.
8569.
8572.
8575.
8579.
8584.
8586.
8589.
8593.
8597.
8601.
8604.
8607.
8610.
8613.
8615.
8619.
8623.
8625.
8628.
8631.
8635.
8637.
8640.
8642.
8645.
8647.
8650.
8652.
8655.
8657.
8660.
8663.
8665.
8667.
8669.
8672.
8674.
8676.
8678.
8680.
8682.
8684.
8687.
8689.
8691.
8693.
8694.
8696.
8697.
8699.
8701.
8703.
8704.
8705.
8707.
8708.
8709.
8710.
8711.
8712.
8712.
8713.
8714.
8714.
8714.
8715.
8715.
8716.
8716.
8716.
8716.
8716.
8716.
8715.
8716.
8715.
8714.
8714.
8713.
8713.
8711.
8711.
8709.
8708.
8707.
8706.
8704.
8704.
8702.
8701.
8699.
8697.
8694.
8693.
8691.
8688.
8686.
8683.
8680.
8677.
8674.
8671.
8668.
8664.
8661.
8657.
8654.
8650.
8646.
8642.
8638.
8634.
8630.
8626.
8621.
8617.
8612.
8608.
8603.
8598.
8593.
8588.
8584.
8578.
8573.
8568.
8562.
8557.
8550.
8544.
8537.
8531.
8525.
8518.
8511.
8504.
8496.
8490.
8482.
8474.
8467.
8459.
8451.
8442.
8435.
8427.
8418.
8409.
8401.
8393.
8384.
8376.
8368.
8359.
8351.
8342.
8334.
8325.
8317.
8308.
8300.
8291.
8283.
8274.
8266.
8258.
8250.
8241.
8232.
8225.
8217.
8208.
8200.
8192.
8184.
8175.
8167.
8159.
8152.
8144.
8135.
8126.
8118.
8110.
8102.
8094.
8086.
8078.
8070.
8062.
8054.
8045.
8038.
8030.
8022.
8014.
8006.
7998.
7991.
7983.
7975.
7968.
7961.
7953.
7946.
7939.
7931.
7924.
7917.
7910.
7903.
7896.
7889.
7882.
7875.
7869.
7862.
7855.
7849.
7842.
7835.
7829.
7823.
7816.
7810.
7804.
7797.
7791.
7785.
7778.
7771.
7765.
7759.
7753.
7745.
7739.
7732.
7726.
7719.
7712.
7706.
7699.
7693.
7685.
7679.
7672.
7666.
7659.
7652.
7645.
7639.
7632.
7626.
7619.
7613.
7605.
7599.
7592.
7584.
7578.
7570.
7563.
7557.
7550.
7542.
7536.
7529.
7522.
7515.
7507.
7500.
7494.
7487.
7479.
7472.
7465.
7458.
7451.
7444.
7437.
7430.
7422.
7415.
7408.
7401.
7393.
7386.
7378.
7371.
7363.
7356.
7348.
7341.
7333.
7325.
7317.
7310.
7302.
7294.
7286.
7279.
7271.
7264.
7256.
7249.
7241.
7234.
7226.
7218.
7210.
7203.
7195.
7189.
7181.
7174.
7166.
7159.
7151.
7144.
7136.
7129.
7122.
7115.
7108.
7100.
7093.
7086.
7079.
7071.
7065.
7058.
7051.
7043.
7037.
7029.
7023.
7015.
7009.
7001.
6995.
6988.
6981.
6973.
6966.
6960.
6954.
6946.
6940.
6933.
6925.
6919.
6912.
6906.
6899.
6893.
6886.
6879.
6872.
6867.
6860.
6853.
6847.
6840.
6834.
6827.
6821.
6816.
6809.
6803.
6797.
6791.
6785.
6778.
6773.
6767.
6761.
6756.
6750.
6744.
6739.
6733.
6729.
6722.
6717.
6712.
6707.
6702.
6697.
6691.
6687.
6681.
6677.
6671.
6667.
6662.
6657.
6652.
6647.
6643.
6638.
6633.
6628.
6623.
6618.
6613.
6609.
6603.
6598.
6593.
6589.
6584.
6579.
6574.
6569.
6565.
6560.
6555.
6550.
6546.
6542.
6536.
6532.
6527.
6523.
6517.
6513.
6508.
6503.
6499.
6493.
6489.
6483.
6479.
6474.
6470.
6464.
6460.
6454.
6449.
6445.
6441.
6436.
6432.
6427.
6422.
6418.
6413.
6409.
6405.
6400.
6396.
6390.
6386.
6382.
6377.
6373.
6369.
6364.
6360.
6355.
6352.
6347.
6343.
6338.
6334.
6329.
6325.
6322.
6318.
6313.
6309.
6306.
6302.
6298.
6294.
6291.
6287.
6284.
6280.
6277.
6273.
6270.
6267.
6263.
6261.
6258.
6255.
6252.
6249.
6246.
6244.
6241.
6238.
6236.
6234.
6232.
6229.
6228.
6225.
6224.
6222.
6221.
6219.
6218.
6216.
6216.
6214.
6214.
6212.
6212.
6211.
6211.
6211.
6211.
6211.
6210.
6209.
6209.
6211.
6211.
6210.
6211.
6212.
6213.
6213.
6214.
6215.
6215.
6217.
6218.
6220.
6220.
6222.
6224.
6226.
6227.
6230.
6233.
6235.
6236.
6239.
6242.
6245.
6248.
6251.
6254.
6257.
6260.
6264.
6267.
6271.
6275.
6279.
6283.
6287.
6292.
6296.
6301.
6305.
6310.
6315.
6320.
6325.
6331.
6336.
6342.
6347.
6353.
6358.
6364.
6370.
6376.
6383.
6389.
6395.
6400.
6408.
6414.
6420.
6427.
6434.
6440.
6447.
6454.
6462.
6469.
6477.
6483.
6492.
6498.
6506.
6514.
6523.
6529.
6537.
6546.
6554.
6562.
6570.
6579.
6587.
6596.
6604.
6614.
6622.
6631.
6640.
6649.
6658.
6668.
6676.
6686.
6694.
6703.
6713.
6722.
6731.
6741.
6750.
6759.
6768.
6777.
6786.
6795.
6805.
6814.
6823.
6833.
6842.
6852.
6861.
6870.
6880.
6890.
6899.
6909.
6919.
6928.
6938.
6948.
6957.
6968.
6978.
6987.
6997.
7006.
7016.
7025.
7035.
7043.
7053.
7062.
7071.
7079.
7088.
7097.
7105.
7114.
7123.
7131.
7139.
7148.
7156.
7165.
7173.
7181.
7190.
7199.
7207.
7216.
7224.
7232.
7241.
7249.
7258.
7266.
7275.
7284.
7292.
7301.
7309.
7318.
7326.
7335.
7344.
7352.
7361.
7370.
7379.
7386.
7396.
7404.
7413.
7422.
7430.
7439.
7447.
7455.
7465.
7473.
7481.
7490.
7499.
7507.
7516.
7525.
7533.
7541.
7550.
7558.
7567.
7576.
7584.
7592.
7602.
7611.
7618.
7627.
7635.
7645.
7653.
7662.
7670.
7679.
7687.
7697.
7705.
7714.
7723.
7731.
7739.
7748.
7756.
7765.
7773.
7781.
7790.
7798.
7806.
7814.
7822.
7830.
7838.
7846.
7854.
7862.
7870.
7877.
7885.
7893.
7901.
7909.
7916.
7924.
7932.
7939.
7947.
7954.
7962.
7969.
7978.
7984.
7992.
7999.
8007.
8014.
8022.
8029.
8037.
8044.
8051.
8058.
8066.
8072.
8080.
8087.
8094.
8101.
8109.
8115.
8122.
8129.
8136.
8143.
8151.
8157.
8165.
8171.
8178.
8184.
8192.
8197.
8204.
8211.
8218.
8224.
8232.
8238.
8246.
8253.
8260.
8266.
8274.
8281.
8287.
8294.
8302.
8309.
8317.
8324.
8331.
8338.
8345.
8353.
8360.
8367.
8374.
8382.
8389.
8396.
8404.
8411.
8418.
8426.
8433.
8440.
8448.
8455.
8462.
8469.
8476.
8484.
8491.
8498.
8506.
8513.
8519.
8527.
8533.
8541.
8547.
8555.
8561.
8568.
8575.
8581.
8587.
8593.
8600.
8606.
8612.
8618.
8624.
8630.
8636.
8641.
8647.
8653.
8658.
8664.
8670.
8674.
8679.
8685.
8691.
8695.
8701.
8705.
8711.
8716.
8720.
8725.
8731.
8735.
8739.
8744.
8749.
8753.
8757.
8761.
8767.
8771.
8774.
8779.
8783.
8786.
8790.
8793.
8797.
8801.
8804.
8807.
8811.
8814.
8816.
8819.
8822.
8824.
8827.
8830.
8832.
8835.
8837.
8839.
8841.
8844.
8845.
8847.
8849.
8850.
8852.
8854.
8856.
8857.
8858.
8859.
8860.
8861.
8861.
8863.
8862.
8863.
8864.
8864.
8864.
8864.
8865.
8863.
8863.
8862.
8862.
8860.
8860.
8858.
8857.
8855.
8854.
8852.
8850.
8848.
8847.
8844.
8841.
8839.
8837.
8834.
8831.
8828.
8825.
8822.
8819.
8816.
8812.
8810.
8806.
8802.
8798.
8795.
8790.
8787.
8783.
8779.
8774.
8770.
8765.
8760.
8756.
8751.
8745.
8740.
8734.
8730.
8724.
8718.
8712.
8706.
8700.
8693.
8687.
8680.
8672.
8666.
8659.
8652.
8645.
8637.
8630.
8622.
8614.
8607.
8598.
8590.
8582.
8573.
8566.
8557.
8548.
8540.
8532.
8523.
8514.
8506.
8496.
8488.
8478.
8469.
8460.
8451.
8441.
8432.
8422.
8412.
8403.
8393.
8383.
8374.
8364.
8353.
8344.
8334.
8323.
8313.
8302.
8293.
8282.
8271.
8260.
8250.
8240.
8230.
8219.
8207.
8197.
8187.
8176.
8166.
8156.
8145.
8135.
8123.
8112.
8101.
8091.
8081.
8070.
8059.
8049.
8038.
8027.
8017.
8007.
7997.
7986.
7976.
7966.
7956.
7945.
7935.
7925.
7914.
7904.
7893.
7883.
7873.
7863.
7853.
7844.
7834.
7825.
7814.
7803.
7794.
7784.
7775.
7765.
7755.
7746.
7736.
7728.
7718.
7708.
7699.
7690.
7682.
7672.
7663.
7655.
7646.
7636.
7628.
7619.
7610.
7602.
7593.
7585.
7576.
7568.
7559.
7551.
7543.
7535.
7527.
7518.
7510.
7502.
7495.
7485.
7478.
7470.
7463.
7454.
7447.
7439.
7431.
7424.
7416.
7409.
7402.
7394.
7387.
7379.
7372.
7364.
7357.
7350.
7343.
7336.
7329.
7322.
7316.
7308.
7302.
7294.
7288.
7281.
7274.
7267.
7261.
7254.
7247.
7241.
7234.
7227.
7220.
7213.
7207.
7201.
7195.
7188.
7182.
7176.
7170.
7164.
7158.
7152.
7146.
7141.
7134.
7129.
7122.
7117.
7111.
7105.
7099.
7093.
7088.
7081.
7076.
7070.
7065.
7058.
7053.
7047.
7042.
7035.
7030.
7024.
7019.
7012.
7007.
7001.
6997.
6991.
6986.
6980.
6975.
6969.
6964.
6959.
6954.
6948.
6943.
6938.
6933.
6927.
6923.
6917.
6911.
6907.
6901.
6897.
6891.
6887.
6881.
6877.
6871.
6867.
6861.
6857.
6852.
6847.
6843.
6838.
6834.
6829.
6825.
6821.
6816.
6812.
6807.
6804.
6799.
6795.
6791.
6788.
6783.
6780.
6775.
6771.
6767.
6764.
6759.
6756.
6752.
6747.
6743.
6739.
6736.
6732.
6729.
6725.
6722.
6718.
6714.
6711.
6707.
6704.
6700.
6697.
6694.
6690.
6687.
6683.
6680.
6677.
6673.
6670.
6667.
6664.
6661.
6657.
6654.
6651.
6647.
6643.
6640.
6637.
6634.
6631.
6627.
6624.
6621.
6618.
6614.
6612.
6608.
6606.
6602.
6599.
6596.
6593.
6589.
6588.
6584.
6581.
6578.
6575.
6572.
6569.
6566.
6563.
6560.
6557.
6554.
6551.
6548.
6546.
6543.
6540.
6537.
6535.
6532.
6529.
6526.
6524.
6521.
6519.
6515.
6513.
6511.
6508.
6506.
6503.
6501.
6499.
6496.
6494.
6492.
6489.
6486.
6485.
6483.
6480.
6479.
6477.
6475.
6472.
6470.
6469.
6468.
6467.
6465.
6464.
6462.
6461.
6460.
6459.
6458.
6458.
6457.
6457.
6456.
6456.
6455.
6455.
6455.
6455.
6455.
6455.
6455.
6455.
6456.
6457.
6458.
6458.
6459.
6460.
6461.
6462.
6464.
6465.
6467.
6468.
6469.
6471.
6473.
6475.
6477.
6479.
6482.
6484.
6486.
6489.
6492.
6495.
6498.
6501.
6503.
6507.
6510.
6513.
6516.
6520.
6522.
6526.
6530.
6533.
6537.
6541.
6545.
6549.
6552.
6556.
6560.
6565.
6568.
6573.
6578.
6582.
6586.
6590.
6595.
6600.
6604.
6610.
6615.
6619.
6623.
6629.
6634.
6640.
6645.
6651.
6655.
6661.
6667.
6673.
6679.
6685.
6691.
6697.
6703.
6710.
6715.
6722.
6728.
6735.
6741.
6748.
6754.
6759.
6767.
6774.
6780.
6785.
6794.
6800.
6806.
6813.
6820.
6827.
6833.
6839.
6847.
6853.
6860.
6867.
6875.
6882.
6889.
6895.
6904.
6911.
6918.
6925.
6933.
6941.
6949.
6956.
6964.
6972.
6981.
6988.
6997.
7005.
7012.
7020.
7028.
7036.
7044.
7052.
7059.
7068.
7076.
7083.
7091.
7098.
7107.
7114.
7120.
7128.
7135.
7143.
7150.
7158.
7165.
7172.
7179.
7187.
7195.
7202.
7209.
7216.
7224.
7232.
7239.
7247.
7254.
7262.
7269.
7277.
7284.
7292.
7299.
7308.
7315.
7322.
7330.
7338.
7346.
7353.
7360.
7368.
7375.
7383.
7390.
7397.
7403.
7411.
7417.
7425.
7432.
7440.
7446.
7453.
7459.
7467.
7474.
7481.
7487.
7495.
7501.
7508.
7515.
7523.
7529.
7536.
7543.
7550.
7557.
7565.
7572.
7580.
7587.
7594.
7602.
7610.
7617.
7625.
7633.
7641.
7648.
7656.
7665.
7673.
7681.
7689.
7696.
7704.
7713.
7720.
7728.
7736.
7744.
7752.
7760.
7767.
7775.
7783.
7791.
7799.
7807.
7815.
7823.
7832.
7840.
7848.
7856.
7863.
7872.
7880.
7889.
7896.
7905.
7913.
7921.
7929.
7937.
7946.
7954.
7961.
7970.
7978.
7987.
7994.
8002.
8009.
8017.
8026.
8033.
8041.
8049.
8056.
8063.
8070.
8079.
8085.
8092.
8099.
8106.
8113.
8121.
8127.
8134.
8141.
8149.
8155.
8163.
8169.
8176.
8183.
8189.
8196.
8203.
8209.
8217.
8223.
8230.
8237.
8244.
8250.
8257.
8264.
8271.
8278.
8285.
8291.
8299.
8306.
8312.
8319.
8326.
8334.
8341.
8348.
8355.
8362.
8369.
8376.
8383.
8391.
8398.
8406.
8413.
8421.
8428.
8436.
8443.
8451.
8458.
8466.
8473.
8480.
8487.
8495.
8502.
8509.
8516.
8523.
8530.
8537.
8543.
8551.
8557.
8564.
8571.
8577.
8583.
8589.
8596.
8601.
8607.
8613.
8619.
8625.
8630.
8636.
8642.
8647.
8653.
8657.
8663.
8668.
8673.
8677.
8683.
8688.
8692.
8696.
8702.
8707.
8710.
8714.
8719.
8724.
8728.
8731.
8736.
8741.
8744.
8748.
8752.
8757.
8759.
8763.
8766.
8770.
8773.
8777.
8780.
8783.
8786.
8789.
8791.
8794.
8796.
8799.
8800.
8803.
8805.
8807.
8808.
8810.
8812.
8814.
8815.
8816.
8817.
8819.
8819.
8820.
8821.
8821.
8822.
8824.
8824.
8825.
8825.
8826.
8826.
8826.
8826.
8826.
8826.
8827.
8826.
8827.
8827.
8826.
8826.
8826.
8826.
8825.
8825.
8824.
8825.
8824.
8823.
8822.
8822.
8821.
8820.
8819.
8819.
8818.
8817.
8815.
8814.
8813.
8813.
8810.
8810.
8808.
8807.
8806.
8805.
8804.
8802.
8800.
8799.
8798.
8797.
8796.
8794.
8792.
8791.
8789.
8788.
8786.
8784.
8783.
8781.
8779.
8777.
8775.
8774.
8771.
8768.
8767.
8764.
8761.
8759.
8757.
8755.
8751.
8749.
8745.
8742.
8739.
8736.
8731.
8729.
8725.
8721.
8717.
8712.
8708.
8703.
8699.
8694.
8689.
8683.
8679.
8673.
8668.
8662.
8656.
8651.
8645.
8638.
8632.
8626.
8619.
8613.
8607.
8600.
8594.
8586.
8580.
8572.
8566.
8558.
8551.
8543.
8536.
8529.
8520.
8512.
8504.
8496.
8487.
8480.
8470.
8461.
8452.
8444.
8435.
8426.
8416.
8408.
8398.
8388.
8378.
8369.
8359.
8348.
8338.
8327.
8318.
8307.
8297.
8286.
8276.
8265.
8254.
8244.
8233.
8222.
8210.
8199.
8188.
8176.
8164.
8154.
8142.
8131.
8119.
8109.
8097.
8086.
8076.
8065.
8054.
8042.
8031.
8020.
8008.
7997.
7987.
7975.
7964.
7954.
7943.
7932.
7921.
7910.
7900.
7889.
7878.
7867.
7856.
7846.
7835.
7824.
7814.
7803.
7792.
7782.
7771.
7761.
7750.
7740.
7729.
7719.
7709.
7699.
7688.
7678.
7667.
7658.
7647.
7637.
7627.
7617.
7607.
7597.
7587.
7577.
7568.
7557.
7548.
7537.
7528.
7519.
7508.
7498.
7488.
7479.
7469.
7460.
7450.
7441.
7431.
7422.
7411.
7403.
7393.
7384.
7375.
7366.
7356.
7347.
7338.
7329.
7320.
7311.
7302.
7293.
7284.
7275.
7267.
7258.
7250.
7241.
7233.
7224.
7216.
7207.
7199.
7190.
7182.
7173.
7165.
7157.
7149.
7140.
7133.
7125.
7117.
7109.
7101.
7094.
7086.
7078.
7071.
7063.
7055.
7048.
7040.
7034.
7026.
7019.
7011.
7005.
6997.
6990.
6983.
6977.
6969.
6963.
6956.
6950.
6943.
6937.
6930.
6924.
6918.
6911.
6906.
6899.
6893.
6887.
6880.
6875.
6869.
6863.
6856.
6851.
6845.
6840.
6834.
6828.
6822.
6817.
6811.
6806.
6801.
6795.
6790.
6785.
6780.
6775.
6770.
6765.
6760.
6756.
6750.
6746.
6741.
6736.
6731.
6727.
6721.
6717.
6711.
6707.
6702.
6698.
6693.
6689.
6683.
6678.
6674.
6670.
6665.
6660.
6656.
6651.
6647.
6642.
6638.
6634.
6629.
6624.
6620.
6616.
6612.
6608.
6604.
6600.
6596.
6591.
6588.
6583.
6579.
6575.
6572.
6567.
6562.
6559.
6556.
6552.
6547.
6545.
6541.
6537.
6533.
6531.
6527.
6524.
6521.
6517.
6514.
6511.
6507.
6505.
6501.
6499.
6496.
6493.
6490.
6488.
6485.
6482.
6479.
6476.
6474.
6472.
6470.
6468.
6465.
6463.
6461.
6459.
6456.
6454.
6453.
6451.
6449.
6447.
6445.
6443.
6442.
6440.
6439.
6437.
6436.
6434.
6433.
6432.
6430.
6429.
6428.
6427.
6426.
6425.
6423.
6422.
6421.
6420.
6420.
6419.
6418.
6417.
6416.
6415.
6415.
6414.
6413.
6413.
6413.
6412.
6412.
6412.
6411.
6411.
6410.
6409.
6409.
6409.
6408.
6409.
6408.
6408.
6407.
6408.
6406.
6406.
6407.
6406.
6407.
6407.
6406.
6406.
6407.
6406.
6406.
6407.
6406.
6406.
6407.
6407.
6407.
6407.
6407.
6408.
6408.
6408.
6408.
6409.
6410.
6410.
6411.
6411.
6412.
6413.
6413.
6414.
6415.
6416.
6417.
6418.
6419.
6420.
6421.
6423.
6424.
6425.
6427.
6428.
6429.
6431.
6432.
6434.
6436.
6437.
6439.
6440.
6442.
6443.
6446.
6448.
6450.
6452.
6454.
6456.
6458.
6461.
6463.
6465.
6468.
6470.
6473.
6476.
6479.
6481.
6485.
6488.
6492.
6494.
6499.
6502.
6506.
6509.
6514.
6518.
6522.
6526.
6530.
6536.
6540.
6545.
6549.
6555.
6560.
6565.
6571.
6576.
6581.
6587.
6592.
6598.
6603.
6610.
6615.
6621.
6628.
6634.
6641.
6646.
6653.
6659.
6667.
6672.
6679.
6686.
6692.
6699.
6706.
6713.
6721.
6728.
6735.
6743.
6750.
6758.
6765.
6773.
6781.
6789.
6797.
6805.
6813.
6822.
6829.
6838.
6846.
6855.
6862.
6871.
6880.
6888.
6895.
6904.
6912.
6920.
6928.
6937.
6945.
6953.
6961.
6970.
6977.
6986.
6994.
7002.
7010.
7019.
7026.
7035.
7043.
7051.
7059.
7067.
7076.
7084.
7092.
7101.
7110.
7118.
7127.
7136.
7145.
7153.
7162.
7171.
7180.
7189.
7198.
7207.
7216.
7225.
7234.
7243.
7252.
7260.
7270.
7279.
7287.
7296.
7305.
7313.
7322.
7331.
7340.
7348.
7358.
7366.
7375.
7384.
7393.
7402.
7411.
7420.
7429.
7439.
7448.
7457.
7466.
7475.
7485.
7495.
7504.
7513.
7523.
7533.
7543.
7552.
7562.
7572.
7581.
7591.
7601.
7611.
7620.
7630.
7640.
7650.
7660.
7670.
7679.
7689.
7698.
7708.
7718.
7728.
7737.
7747.
7756.
7766.
7775.
7785.
7793.
7803.
7812.
7822.
7831.
7841.
7849.
7858.
7868.
7877.
7886.
7895.
7903.
7912.
7921.
7930.
7938.
7947.
7956.
7965.
7973.
7982.
7991.
7999.
8007.
8016.
8025.
8033.
8041.
8050.
8058.
8066.
8075.
8082.
8090.
8098.
8106.
8114.
8122.
8130.
8138.
8146.
8153.
8160.
8168.
8175.
8183.
8190.
8198.
8206.
8213.
8221.
8229.
8236.
8244.
8252.
8259.
8267.
8274.
8281.
8289.
8296.
8304.
8311.
8319.
8326.
8334.
8341.
8348.
8357.
8363.
8372.
8379.
8386.
8393.
8402.
8408.
8417.
8424.
8431.
8438.
8445.
8452.
8459.
8466.
8474.
8480.
8488.
8494.
8501.
8508.
8514.
8520.
8527.
8534.
8540.
8546.
8552.
8558.
8565.
8571.
8576.
8583.
8588.
8593.
8599.
8606.
8610.
8616.
8620.
8626.
8632.
8637.
8642.
8647.
8652.
8656.
8661.
8666.
8671.
8674.
8679.
8683.
8687.
8691.
8695.
8699.
8703.
8706.
8710.
8714.
8717.
8721.
8724.
8727.
8730.
8733.
8736.
8739.
8742.
8744.
8747.
8750.
8751.
8755.
8756.
8758.
8760.
8762.
8764.
8766.
8768.
8769.
8771.
8772.
8774.
8774.
8775.
8777.
8778.
8779.
8780.
8780.
8780.
8781.
8781.
8781.
8781.
8781.
8781.
8781.
8781.
8781.
8780.
8780.
8779.
8778.
8776.
8775.
8774.
8773.
8771.
8770.
8768.
8766.
8763.
8762.
8760.
8756.
8754.
8751.
8748.
8746.
8742.
8738.
8735.
8732.
8729.
8725.
8721.
8718.
8714.
8709.
8705.
8701.
8697.
8692.
8688.
8684.
8679.
8674.
8670.
8665.
8660.
8655.
8650.
8644.
8639.
8634.
8629.
8623.
8618.
8613.
8607.
8601.
8596.
8590.
8585.
8579.
8573.
8567.
8561.
8555.
8548.
8542.
8535.
8528.
8521.
8514.
8507.
8501.
8493.
8486.
8479.
8471.
8465.
8457.
8448.
8440.
8433.
8425.
8416.
8409.
8400.
8392.
8383.
8375.
8366.
8357.
8349.
8340.
8331.
8323.
8314.
8304.
8295.
8286.
8276.
8267.
8258.
8248.
8239.
8229.
8219.
8210.
8200.
8190.
8180.
8170.
8160.
8149.
8139.
8128.
8116.
8105.
8094.
8083.
8072.
8060.
8049.
8037.
8027.
8015.
8003.
7992.
7979.
7968.
7956.
7944.
7933.
7921.
7909.
7896.
7884.
7872.
7859.
7848.
7835.
7822.
7810.
7797.
7785.
7773.
7761.
7749.
7736.
7724.
7711.
7699.
7687.
7674.
7662.
7650.
7637.
7624.
7612.
7600.
7587.
7575.
7564.
7552.
7539.
7528.
7516.
7503.
7492.
7479.
7467.
7456.
7444.
7432.
7420.
7409.
7397.
7385.
7374.
7364.
7352.
7341.
7329.
7319.
7308.
7298.
7287.
7275.
7265.
7255.
7244.
7234.
7224.
7213.
7203.
7194.
7184.
7173.
7163.
7154.
7145.
7134.
7126.
7116.
7106.
7097.
7088.
7080.
7071.
7063.
7054.
7046.
7037.
7029.
7021.
7013.
7005.
6998.
6990.
6982.
6974.
6967.
6961.
6953.
6945.
6938.
6932.
6926.
6919.
6912.
6906.
6901.
6894.
6888.
6882.
6878.
6871.
6865.
6860.
6854.
6850.
6845.
6840.
6835.
6830.
6825.
6821.
6816.
6812.
6807.
6803.
6798.
6795.
6791.
6787.
6783.
6779.
6777.
6772.
6769.
6765.
6763.
6758.
6755.
6751.
6749.
6745.
6741.
6738.
6735.
6732.
6729.
6725.
6722.
6719.
6715.
6712.
6709.
6706.
6703.
6700.
6696.
6693.
6689.
6686.
6682.
6679.
6676.
6673.
6669.
6665.
6661.
6658.
6653.
6650.
6647.
6642.
6639.
6634.
6630.
6626.
6622.
6617.
6614.
6609.
6605.
6600.
6595.
6590.
6586.
6581.
6576.
6570.
6565.
6560.
6555.
6549.
6544.
6539.
6533.
6528.
6523.
6517.
6511.
6505.
6500.
6493.
6488.
6482.
6476.
6471.
6464.
6458.
6452.
6446.
6439.
6434.
6428.
6421.
6415.
6408.
6402.
6395.
6389.
6383.
6376.
6370.
6363.
6357.
6350.
6344.
6337.
6331.
6325.
6319.
6312.
6307.
6301.
6294.
6289.
6282.
6277.
6270.
6264.
6258.
6252.
6246.
6241.
6235.
6229.
6223.
6218.
6212.
6207.
6201.
6197.
6191.
6186.
6182.
6176.
6172.
6168.
6163.
6158.
6154.
6150.
6146.
6142.
6138.
6134.
6131.
6127.
6124.
6121.
6117.
6114.
6111.
6109.
6106.
6103.
6101.
6099.
6096.
6094.
6092.
6090.
6088.
6088.
6086.
6085.
6083.
6083.
6081.
6081.
6080.
6080.
6079.
6079.
6078.
6079.
6079.
6079.
6079.
6079.
6079.
6080.
6081.
6081.
6083.
6084.
6084.
6086.
6088.
6088.
6090.
6091.
6093.
6095.
6097.
6099.
6101.
6103.
6105.
6107.
6110.
6112.
6115.
6117.
6120.
6122.
6126.
6129.
6132.
6134.
6138.
6140.
6144.
6147.
6150.
6153.
6157.
6159.
6163.
6166.
6169.
6173.
6176.
6180.
6184.
6187.
6191.
6195.
6199.
6203.
6207.
6211.
6215.
6218.
6222.
6227.
6232.
6236.
6239.
6244.
6250.
6254.
6259.
6265.
6270.
6274.
6280.
6286.
6291.
6297.
6302.
6309.
6315.
6321.
6328.
6335.
6342.
6348.
6355.
6361.
6370.
6377.
6384.
6392.
6399.
6407.
6415.
6422.
6430.
6438.
6446.
6453.
6461.
6470.
6477.
6486.
6494.
6501.
6510.
6519.
6527.
6535.
6543.
6552.
6561.
6570.
6579.
6588.
6598.
6607.
6616.
6626.
6635.
6646.
6656.
6666.
6676.
6687.
6697.
6708.
6719.
6730.
6741.
6753.
6763.
6775.
6786.
6798.
6809.
6820.
6831.
6843.
6853.
6864.
6875.
6886.
6897.
6908.
6918.
6930.
6940.
6951.
6962.
6973.
6983.
6994.
7004.
7016.
7027.
7038.
7048.
7060.
7070.
7082.
7093.
7105.
7115.
7127.
7138.
7149.
7161.
7173.
7184.
7196.
7207.
7218.
7230.
7241.
7252.
7263.
7274.
7285.
7295.
7306.
7316.
7327.
7338.
7349.
7359.
7370.
7380.
7391.
7401.
7412.
7423.
7434.
7444.
7456.
7466.
7476.
7487.
7498.
7509.
7519.
7529.
7540.
7551.
7561.
7571.
7581.
7592.
7602.
7613.
7623.
7633.
7643.
7653.
7663.
7673.
7682.
7692.
7703.
7712.
7722.
7731.
7740.
7750.
7759.
7768.
7777.
7786.
7794.
7803.
7813.
7821.
7829.
7838.
7847.
7856.
7864.
7872.
7880.
7889.
7898.
7906.
7914.
7922.
7931.
7939.
7948.
7955.
7964.
7973.
7980.
7989.
7997.
8005.
8013.
8022.
8030.
8038.
8046.
8055.
8063.
8071.
8080.
8088.
8096.
8105.
8113.
8121.
8129.
8137.
8144.
8153.
8160.
8168.
8176.
8184.
8191.
8199.
8206.
8214.
8222.
8230.
8236.
8244.
8251.
8259.
8266.
8274.
8281.
8289.
8296.
8304.
8311.
8319.
8325.
8333.
8340.
8347.
8355.
8362.
8370.
8376.
8383.
8391.
8398.
8405.
8412.
8419.
8426.
8433.
8440.
8447.
8454.
8462.
8468.
8475.
8482.
8489.
8497.
8504.
8511.
8518.
8525.
8531.
8539.
8546.
8553.
8560.
8568.
8575.
8582.
8588.
8595.
8601.
8609.
8616.
8622.
8628.
8635.
8642.
8647.
8654.
8660.
8667.
8673.
8679.
8685.
8691.
8697.
8702.
8709.
8715.
8721.
8727.
8732.
8739.
8744.
8751.
8756.
8761.
8766.
8773.
8778.
8784.
8789.
8795.
8801.
8806.
8811.
8816.
8822.
8827.
8831.
8837.
8842.
8848.
8851.
8857.
8860.
8865.
8869.
8873.
8878.
8881.
8885.
8889.
8893.
8896.
8900.
8903.
8906.
8910.
8912.
8916.
8919.
8921.
8923.
8926.
8929.
8931.
8933.
8935.
8938.
8938.
8940.
8942.
8943.
8944.
8946.
8947.
8948.
8948.
8949.
8950.
8950.
8950.
8951.
8950.
8951.
8952.
8950.
8951.
8949.
8948.
8948.
8947.
8946.
8945.
8943.
8943.
8940.
8939.
8937.
8936.
8934.
8932.
8930.
8928.
8926.
8923.
8921.
8919.
8916.
8913.
8910.
8908.
8906.
8902.
8900.
8896.
8893.
8889.
8886.
8883.
8880.
8877.
8873.
8869.
8864.
8861.
8858.
8852.
8848.
8845.
8840.
8835.
8830.
8826.
8821.
8815.
8811.
8805.
8801.
8795.
8790.
8784.
8778.
8771.
8765.
8759.
8752.
8746.
8738.
8731.
8724.
8717.
8709.
8701.
8693.
8686.
8678.
8669.
8661.
8652.
8643.
8635.
8626.
8617.
8608.
8599.
8590.
8580.
8570.
8561.
8551.
8541.
8531.
8521.
8510.
8500.
8491.
8481.
8470.
8459.
8448.
8437.
8426.
8414.
8404.
8392.
8381.
8370.
8358.
8347.
8335.
8323.
8311.
8299.
8286.
8275.
8263.
8250.
8238.
8226.
8214.
8201.
8189.
8175.
8163.
8151.
8138.
8125.
8113.
8101.
8089.
8077.
8065.
8053.
8041.
8029.
8018.
8006.
7994.
7983.
7971.
7960.
7949.
7938.
7926.
7915.
7905.
7893.
7882.
7871.
7861.
7849.
7838.
7827.
7815.
7804.
7794.
7783.
7771.
7761.
7750.
7738.
7728.
7717.
7706.
7695.
7684.
7673.
7663.
7652.
7642.
7631.
7620.
7610.
7600.
7590.
7579.
7569.
7559.
7549.
7539.
7529.
7519.
7509.
7499.
7490.
7480.
7470.
7462.
7452.
7443.
7434.
7425.
7416.
7407.
7398.
7388.
7380.
7370.
7362.
7352.
7344.
7335.
7326.
7318.
7309.
7300.
7292.
7282.
7274.
7265.
7257.
7248.
7239.
7231.
7222.
7213.
7205.
7197.
7188.
7179.
7172.
7163.
7155.
7147.
7139.
7131.
7123.
7115.
7107.
7099.
7091.
7083.
7076.
7068.
7060.
7052.
7045.
7036.
7029.
7021.
7014.
7005.
6999.
6991.
6983.
6975.
6969.
6961.
6954.
6947.
6940.
6932.
6926.
6918.
6912.
6905.
6898.
6891.
6884.
6879.
6872.
6866.
6859.
6853.
6847.
6841.
6835.
6829.
6823.
6818.
6811.
6806.
6800.
6794.
6788.
6782.
6777.
6771.
6765.
6760.
6754.
6749.
6743.
6737.
6733.
6727.
6722.
6717.
6712.
6706.
6702.
6697.
6692.
6687.
6682.
6677.
6673.
6668.
6664.
6660.
6656.
6651.
6648.
6643.
6640.
6635.
6630.
6627.
6623.
6620.
6617.
6613.
6609.
6606.
6602.
6599.
6596.
6592.
6589.
6586.
6583.
6581.
6578.
6575.
6572.
6569.
6566.
6564.
6561.
6559.
6556.
6553.
6550.
6549.
6546.
6544.
6541.
6539.
6536.
6534.
6533.
6530.
6528.
6526.
6524.
6522.
6520.
6518.
6516.
6514.
6511.
6509.
6507.
6505.
6502.
6501.
6500.
6497.
6495.
6494.
6492.
6490.
6488.
6487.
6485.
6483.
6481.
6480.
6478.
6476.
6475.
6473.
6471.
6470.
6468.
6467.
6465.
6464.
6463.
6460.
6458.
6458.
6456.
6454.
6453.
6452.
6450.
6449.
6447.
6446.
6445.
6444.
6442.
6441.
6440.
6439.
6438.
6437.
6436.
6435.
6435.
6434.
6433.
6433.
6433.
6432.
6432.
6431.
6430.
6430.
6430.
6430.
6430.
6431.
6430.
6430.
6430.
6431.
6431.
6432.
6432.
6432.
6432.
6433.
6434.
6435.
6434.
6436.
6436.
6438.
6438.
6439.
6439.
6441.
6442.
6443.
6444.
6446.
6447.
6449.
6449.
6452.
6452.
6455.
6457.
6458.
6460.
6462.
6464.
6466.
6468.
6470.
6471.
6473.
6476.
6478.
6481.
6483.
6485.
6488.
6490.
6493.
6495.
6498.
6501.
6503.
6506.
6509.
6513.
6516.
6518.
6522.
6525.
6529.
6532.
6536.
6539.
6542.
6546.
6550.
6555.
6559.
6562.
6566.
6570.
6575.
6579.
6583.
6588.
6592.
6596.
6601.
6605.
6610.
6615.
6620.
6624.
6629.
6635.
6639.
6645.
6649.
6656.
6661.
6666.
6672.
6677.
6684.
6690.
6696.
6702.
6708.
6715.
6721.
6727.
6735.
6741.
6748.
6755.
6762.
6768.
6776.
6782.
6790.
6797.
6805.
6812.
6819.
6826.
6833.
6841.
6849.
6855.
6862.
6870.
6878.
6885.
6892.
6900.
6908.
6915.
6923.
6931.
6939.
6946.
6953.
6962.
6970.
6978.
6986.
6994.
7002.
7010.
7019.
7027.
7036.
7044.
7054.
7062.
7072.
7080.
7089.
7098.
7108.
7116.
7125.
7134.
7144.
7152.
7162.
7171.
7180.
7188.
7198.
7207.
7216.
7224.
7233.
7241.
7250.
7258.
7267.
7276.
7285.
7293.
7301.
7310.
7319.
7327.
7336.
7345.
7353.
7361.
7370.
7379.
7388.
7396.
7405.
7413.
7423.
7431.
7440.
7448.
7458.
7466.
7475.
7484.
7492.
7501.
7510.
7519.
7528.
7536.
7545.
7554.
7562.
7571.
7580.
7589.
7597.
7606.
7615.
7623.
7631.
7639.
7647.
7656.
7663.
7672.
7680.
7688.
7696.
7704.
7712.
7719.
7727.
7734.
7743.
7750.
7759.
7766.
7774.
7781.
7790.
7797.
7805.
7812.
7820.
7827.
7835.
7842.
7850.
7857.
7865.
7873.
7880.
7887.
7895.
7903.
7910.
7918.
7925.
7933.
7940.
7946.
7954.
7962.
7970.
7976.
7984.
7991.
7998.
8005.
8013.
8020.
8028.
8035.
8042.
8049.
8057.
8064.
8072.
8079.
8088.
8094.
8102.
8110.
8118.
8125.
8133.
8141.
8149.
8156.
8164.
8172.
8180.
8187.
8196.
8204.
8212.
8219.
8228.
8235.
8243.
8251.
8259.
8266.
8274.
8281.
8290.
8297.
8305.
8313.
8320.
8328.
8336.
8343.
8351.
8359.
8366.
8374.
8381.
8388.
8395.
8402.
8409.
8417.
8424.
8431.
8438.
8444.
8451.
8457.
8463.
8470.
8477.
8482.
8489.
8495.
8502.
8507.
8513.
8519.
8526.
8531.
8536.
8542.
8549.
8554.
8559.
8565.
8570.
8575.
8580.
8586.
8591.
8596.
8601.
8605.
8611.
8615.
8620.
8624.
8630.
8634.
8638.
8643.
8648.
8651.
8656.
8660.
8665.
8668.
8671.
8675.
8679.
8683.
8686.
8690.
8693.
8697.
8700.
8703.
8705.
8709.
8711.
8714.
8716.
8719.
8721.
8724.
8726.
8728.
8730.
8732.
8734.
8736.
8737.
8739.
8741.
8743.
8744.
8744.
8745.
8747.
8747.
8748.
8748.
8749.
8749.
8749.
8750.
8749.
8749.
8749.
8748.
8747.
8747.
8745.
8745.
8743.
8743.
8741.
8739.
8737.
8735.
8733.
8731.
8729.
8727.
8724.
8721.
8719.
8716.
8713.
8709.
8705.
8702.
8699.
8696.
8692.
8688.
8683.
8679.
8674.
8670.
8665.
8661.
8656.
8651.
8646.
8641.
8636.
8631.
8625.
8619.
8614.
8608.
8602.
8597.
8590.
8584.
8578.
8572.
8565.
8558.
8551.
8545.
8537.
8530.
8523.
8516.
8508.
8500.
8493.
8485.
8477.
8470.
8461.
8453.
8445.
8437.
8428.
8419.
8411.
8402.
8394.
8384.
8375.
8366.
8356.
8347.
8337.
8327.
8317.
8308.
8297.
8288.
8277.
8266.
8256.
8244.
8234.
8223.
8212.
8202.
8191.
8180.
8170.
8159.
8148.
8136.
8126.
8114.
8103.
8092.
8081.
8069.
8057.
8045.
8034.
8024.
8012.
8001.
7990.
7978.
7968.
7957.
7945.
7935.
7923.
7912.
7901.
7889.
7879.
7868.
7857.
7846.
7836.
7824.
7814.
7803.
7793.
7781.
7771.
7760.
7750.
7739.
7729.
7718.
7707.
7697.
7686.
7675.
7665.
7655.
7644.
7633.
7622.
7612.
7602.
7591.
7580.
7570.
7559.
7549.
7538.
7528.
7517.
7507.
7497.
7487.
7477.
7467.
7457.
7447.
7437.
7428.
7418.
7408.
7399.
7389.
7380.
7371.
7362.
7352.
7343.
7334.
7325.
7316.
7307.
7297.
7289.
7281.
7272.
7264.
7255.
7246.
7237.
7230.
7221.
7213.
7205.
7196.
7188.
7181.
7173.
7165.
7157.
7149.
7142.
7134.
7127.
7118.
7112.
7104.
7097.
7090.
7083.
7077.
7071.
7063.
7057.
7050.
7044.
7038.
7031.
7026.
7020.
7014.
7008.
7002.
6997.
6993.
6986.
6981.
6976.
6970.
6965.
6960.
6955.
6950.
6945.
6940.
6935.
6930.
6925.
6920.
6915.
6911.
6905.
6901.
6896.
6891.
6886.
6881.
6877.
6872.
6868.
6863.
6858.
6853.
6849.
6844.
6840.
6834.
6830.
6825.
6821.
6815.
6810.
6805.
6800.
6794.
6789.
6784.
6778.
6772.
6767.
6761.
6756.
6749.
6744.
6738.
6732.
6726.
6720.
6713.
6707.
6701.
6695.
6689.
6682.
6676.
6669.
6663.
6657.
6650.
6643.
6636.
6630.
6623.
6616.
6609.
6602.
6595.
6589.
6582.
6574.
6567.
6561.
6553.
6547.
6539.
6532.
6525.
6519.
6512.
6505.
6498.
6490.
6484.
6477.
6471.
6465.
6457.
6451.
6445.
6439.
6433.
6427.
6420.
6414.
6409.
6403.
6397.
6392.
6386.
6380.
6375.
6369.
6364.
6359.
6354.
6349.
6345.
6340.
6335.
6330.
6326.
6322.
6318.
6315.
6311.
6307.
6303.
6300.
6298.
6294.
6291.
6289.
6286.
6283.
6281.
6278.
6277.
6274.
6273.
6270.
6268.
6267.
6265.
6264.
6264.
6263.
6261.
6259.
6260.
6259.
6258.
6258.
6257.
6257.
6256.
6257.
6256.
6257.
6256.
6256.
6257.
6258.
6258.
6258.
6259.
6259.
6260.
6260.
6262.
6263.
6264.
6264.
6266.
6266.
6268.
6269.
6271.
6271.
6274.
6275.
6277.
6278.
6279.
6282.
6283.
6284.
6286.
6288.
6289.
6291.
6293.
6295.
6296.
6298.
6299.
6302.
6303.
6305.
6307.
6310.
6311.
6313.
6315.
6316.
6319.
6321.
6323.
6325.
6327.
6329.
6332.
6334.
6336.
6338.
6341.
6343.
6346.
6348.
6351.
6353.
6356.
6358.
6361.
6363.
6367.
6370.
6373.
6376.
6379.
6382.
6386.
6389.
6393.
6396.
6400.
6404.
6408.
6412.
6417.
6421.
6425.
6430.
6434.
6440.
6445.
6450.
6455.
6461.
6467.
6471.
6478.
6484.
6489.
6495.
6502.
6508.
6515.
6521.
6528.
6535.
6543.
6549.
6557.
6564.
6571.
6579.
6587.
6594.
6602.
6609.
6618.
6625.
6635.
6644.
6652.
6660.
6669.
6677.
6687.
6695.
6705.
6714.
6723.
6733.
6743.
6752.
6761.
6771.
6782.
6792.
6802.
6813.
6823.
6834.
6845.
6855.
6866.
6877.
6887.
6898.
6909.
6920.
6931.
6942.
6952.
6963.
6974.
6985.
6996.
7007.
7018.
7029.
7040.
7051.
7062.
7073.
7084.
7095.
7106.
7117.
7127.
7140.
7149.
7161.
7172.
7183.
7194.
7205.
7215.
7226.
7237.
7248.
7259.
7270.
7281.
7292.
7303.
7314.
7325.
7336.
7346.
7358.
7368.
7380.
7391.
7402.
7413.
7424.
7436.
7447.
7458.
7469.
7481.
7492.
7504.
7515.
7527.
7537.
7548.
7559.
7570.
7581.
7592.
7603.
7614.
7625.
7636.
7646.
7657.
7669.
7679.
7690.
7701.
7712.
7722.
7733.
7744.
7755.
7766.
7776.
7788.
7798.
7810.
7821.
7831.
7842.
7852.
7863.
7874.
7884.
7894.
7905.
7915.
7926.
7935.
7945.
7955.
7966.
7975.
7985.
7995.
8005.
8014.
8023.
8032.
8042.
8052.
8061.
8070.
8079.
8088.
8097.
8106.
8115.
8123.
8132.
8140.
8150.
8158.
8167.
8175.
8184.
8192.
8201.
8209.
8217.
8226.
8234.
8242.
8251.
8259.
8268.
8276.
8285.
8293.
8301.
8308.
8318.
8326.
8334.
8342.
8350.
8358.
8367.
8375.
8383.
8392.
8400.
8408.
8416.
8424.
8432.
8440.
8448.
8456.
8464.
8471.
8479.
8487.
8494.
8501.
8509.
8515.
8522.
8529.
8537.
8544.
8550.
8557.
8564.
8570.
8576.
8582.
8589.
8596.
8601.
8608.
8613.
8619.
8625.
8632.
8637.
8643.
8648.
8653.
8659.
8665.
8670.
8675.
8680.
8686.
8691.
8695.
8700.
8705.
8710.
8714.
8718.
8724.
8728.
8732.
8737.
8741.
8745.
8748.
8753.
8757.
8760.
8764.
8768.
8771.
8775.
8779.
8782.
8785.
8788.
8791.
8794.
8797.
8800.
8802.
8805.
8807.
8811.
8813.
8815.
8817.
8819.
8820.
8823.
8824.
8826.
8827.
8829.
8831.
8831.
8833.
8834.
8835.
8836.
8836.
8837.
8838.
8838.
8839.
8839.
8838.
8838.
8838.
8838.
8838.
8837.
8837.
8836.
8836.
8835.
8834.
8832.
8831.
8829.
8829.
8827.
8825.
8823.
8821.
8819.
8817.
8815.
8813.
8811.
8808.
8805.
8802.
8800.
8797.
8794.
8791.
8787.
8785.
8780.
8776.
8773.
8769.
8765.
8761.
8756.
8752.
8747.
8743.
8738.
8734.
8729.
8724.
8719.
8714.
8709.
8703.
8698.
8693.
8687.
8682.
8676.
8671.
8664.
8659.
8652.
8646.
8639.
8633.
8626.
8620.
8613.
8606.
8599.
8592.
8584.
8578.
8570.
8563.
8555.
8547.
8540.
8531.
8523.
8515.
8506.
8498.
8490.
8481.
8472.
8463.
8454.
8445.
8437.
8427.
8418.
8408.
8399.
8389.
8380.
8370.
8360.
8350.
8341.
8331.
8321.
8311.
8301.
8291.
8281.
8271.
8261.
8251.
8240.
8230.
8219.
8209.
8199.
8188.
8178.
8167.
8156.
8146.
8136.
8125.
8114.
8103.
8093.
8082.
8071.
8060.
8049.
8037.
8026.
8014.
8003.
7992.
7980.
7968.
7958.
7946.
7935.
7923.
7912.
7900.
7889.
7878.
7865.
7854.
7842.
7830.
7818.
7806.
7794.
7782.
7771.
7759.
7747.
7736.
7724.
7712.
7700.
7689.
7677.
7665.
7654.
7642.
7630.
7619.
7607.
7596.
7585.
7573.
7562.
7550.
7539.
7528.
7517.
7506.
7495.
7484.
7473.
7462.
7451.
7440.
7429.
7419.
7408.
7397.
7386.
7376.
7365.
7355.
7343.
7333.
7322.
7312.
7302.
7291.
7281.
7270.
7260.
7250.
7240.
7230.
7220.
7210.
7201.
7191.
7180.
7171.
7161.
7152.
7142.
7133.
7123.
7114.
7104.
7096.
7086.
7077.
7068.
7060.
7051.
7042.
7032.
7023.
7015.
7006.
6998.
6989.
6980.
6972.
6964.
6955.
6947.
6939.
6931.
6923.
6915.
6907.
6898.
6891.
6882.
6875.
6867.
6859.
6851.
6844.
6836.
6829.
6821.
6814.
6805.
6798.
6791.
6784.
6776.
6769.
6761.
6755.
6747.
6740.
6733.
6726.
6718.
6712.
6705.
6699.
6691.
6685.
6678.
6672.
6665.
6658.
6651.
6646.
6639.
6632.
6626.
6620.
6613.
6607.
6601.
6594.
6589.
6583.
6577.
6571.
6565.
6559.
6554.
6547.
6542.
6537.
6531.
6526.
6520.
6514.
6509.
6503.
6499.
6493.
6488.
6482.
6477.
6471.
6466.
6461.
6455.
6450.
6445.
6441.
6434.
6429.
6425.
6419.
6414.
6409.
6405.
6400.
6395.
6390.
6385.
6381.
6376.
6372.
6367.
6363.
6358.
6354.
6349.
6346.
6341.
6337.
6332.
6328.
6324.
6321.
6316.
6312.
6309.
6305.
6301.
6296.
6293.
6290.
6286.
6282.
6279.
6276.
6272.
6270.
6266.
6263.
6260.
6257.
6254.
6251.
6248.
6245.
6242.
6239.
6237.
6235.
6232.
6230.
6227.
6225.
6223.
6221.
6219.
6217.
6215.
6213.
6211.
6209.
6208.
6206.
6205.
6203.
6202.
6200.
6200.
6197.
6197.
6195.
6195.
6193.
6193.
6191.
6191.
6190.
6189.
6189.
6189.
6188.
6187.
6188.
6188.
6188.
6188.
6188.
6188.
6189.
6189.
6189.
6190.
6191.
6192.
6193.
6194.
6195.
6196.
6197.
6199.
6200.
6201.
6203.