7605.
7604.
7604.
7605.
7605.
7605.
7605.
7605.
7605.
7605.
7605.
7605.
7606.
7604.
7605.
7606.
7606.
7605.
7605.
7605.
7605.
7605.
7605.
7605.
7605.
7605.
7605.
7605.
7605.
7605.
7605.
7605.
7605.
7605.
7605.
7605.
7604.
7604.
7604.
7604.
7604.
7604.
7604.
7604.
7604.
7604.
7603.
7604.
7603.
7603.
7603.
7603.
7602.
7602.
7602.
7603.
7601.
7602.
7601.
7601.
7601.
7601.
7600.
7601.
7600.
7600.
7600.
7600.
7600.
7600.
7600.
7600.
7600.
7599.
7599.
7599.
7600.
7599.
7600.
7599.
7600.
7600.
7599.
7599.
7600.
7599.
7600.
7600.
7599.
7599.
7600.
7600.
7601.
7600.
7600.
7601.
7600.
7601.
7601.
7601.
7601.
7601.
7602.
7603.
7602.
7602.
7602.
7603.
7603.
7603.
7603.
7604.
7604.
7603.
7604.
7604.
7604.
7604.
7604.
7604.
7604.
7604.
7605.
7604.
7605.
7605.
7605.
7605.
7605.
7605.
7605.
7605.
7605.
7605.
7605.
7605.
7606.
7605.
7605.
7605.
7606.
7605.
7605.
7605.
7605.
7605.
7605.
7605.
7605.
7604.
7604.
7604.
7604.
7604.
7604.
7604.
7604.
7604.
7604.
7604.
7604.
7604.
7604.
7603.
7604.
7604.
7604.
7604.
7605.
7605.
7604.
7605.
7605.
7605.
7605.
7605.
7605.
7606.
7605.
7606.
7606.
7606.
7605.
7606.
7606.
7606.
7607.
7607.
7607.
7607.
7607.
7608.
7608.
7608.
7609.
7609.
7609.
7610.
7610.
7611.
7611.
7612.
7613.
7613.
7614.
7614.
7614.
7615.
7616.
7616.
7617.
7618.
7619.
7619.
7620.
7621.
7622.
7623.
7624.
7625.
7626.
7627.
7628.
7629.
7630.
7631.
7633.
7634.
7635.
7637.
7637.
7639.
7640.
7642.
7643.
7645.
7645.
7646.
7647.
7649.
7651.
7652.
7653.
7655.
7656.
7658.
7659.
7660.
7662.
7664.
7664.
7666.
7668.
7669.
7670.
7672.
7674.
7675.
7676.
7678.
7679.
7681.
7682.
7683.
7685.
7687.
7688.
7689.
7690.
7692.
7693.
7694.
7695.
7697.
7698.
7699.
7700.
7702.
7703.
7704.
7704.
7706.
7707.
7708.
7710.
7710.
7711.
7712.
7713.
7715.
7716.
7717.
7718.
7718.
7720.
7721.
7723.
7723.
7725.
7725.
7727.
7728.
7729.
7729.
7731.
7732.
7733.
7733.
7735.
7736.
7737.
7738.
7740.
7741.
7742.
7743.
7744.
7746.
7747.
7748.
7750.
7751.
7753.
7754.
7757.
7757.
7759.
7760.
7762.
7763.
7765.
7766.
7768.
7770.
7772.
7774.
7776.
7778.
7780.
7781.
7784.
7786.
7788.
7790.
7792.
7794.
7796.
7799.
7802.
7805.
7807.
7809.
7813.
7816.
7818.
7820.
7824.
7827.
7830.
7832.
7836.
7839.
7842.
7845.
7848.
7851.
7854.
7858.
7862.
7865.
7868.
7871.
7875.
7879.
7882.
7885.
7890.
7894.
7897.
7901.
7905.
7909.
7913.
7917.
7921.
7926.
7931.
7935.
7939.
7944.
7948.
7952.
7958.
7962.
7966.
7970.
7975.
7980.
7984.
7989.
7993.
7998.
8003.
8007.
8011.
8017.
8021.
8025.
8029.
8035.
8039.
8042.
8047.
8053.
8056.
8060.
8065.
8070.
8074.
8078.
8082.
8087.
8090.
8095.
8099.
8104.
8107.
8111.
8115.
8120.
8123.
8128.
8131.
8135.
8138.
8141.
8144.
8148.
8152.
8155.
8158.
8162.
8165.
8168.
8171.
8175.
8177.
8180.
8183.
8186.
8189.
8191.
8194.
8197.
8199.
8201.
8203.
8206.
8209.
8211.
8213.
8215.
8217.
8219.
8222.
8223.
8226.
8227.
8229.
8231.
8233.
8234.
8236.
8238.
8240.
8241.
8244.
8245.
8248.
8249.
8250.
8252.
8254.
8256.
8258.
8258.
8260.
8261.
8263.
8265.
8266.
8267.
8270.
8270.
8272.
8274.
8276.
8277.
8279.
8280.
8281.
8283.
8285.
8286.
8288.
8289.
8291.
8292.
8293.
8295.
8297.
8299.
8300.
8302.
8304.
8305.
8306.
8308.
8310.
8311.
8313.
8316.
8317.
8318.
8320.
8322.
8324.
8325.
8327.
8328.
8331.
8332.
8333.
8336.
8338.
8339.
8341.
8342.
8344.
8346.
8348.
8350.
8351.
8353.
8354.
8356.
8358.
8360.
8361.
8363.
8364.
8365.
8366.
8368.
8370.
8372.
8372.
8374.
8375.
8377.
8377.
8379.
8380.
8381.
8382.
8383.
8384.
8385.
8386.
8387.
8387.
8388.
8390.
8390.
8390.
8391.
8392.
8392.
8393.
8393.
8393.
8393.
8393.
8393.
8393.
8393.
8392.
8393.
8392.
8391.
8391.
8389.
8389.
8389.
8387.
8386.
8384.
8383.
8382.
8380.
8379.
8377.
8374.
8372.
8370.
8368.
8365.
8363.
8360.
8357.
8354.
8350.
8348.
8344.
8341.
8337.
8333.
8329.
8326.
8322.
8318.
8314.
8310.
8305.
8301.
8297.
8291.
8287.
8282.
8277.
8272.
8266.
8261.
8256.
8250.
8244.
8238.
8232.
8226.
8220.
8214.
8207.
8201.
8194.
8187.
8181.
8173.
8167.
8160.
8153.
8145.
8139.
8131.
8124.
8117.
8110.
8102.
8095.
8086.
8079.
8071.
8064.
8056.
8049.
8041.
8034.
8027.
8018.
8011.
8003.
7996.
7989.
7981.
7973.
7966.
7959.
7951.
7943.
7936.
7929.
7921.
7914.
7908.
7901.
7893.
7886.
7880.
7873.
7866.
7858.
7852.
7845.
7839.
7831.
7824.
7818.
7812.
7805.
7798.
7791.
7785.
7778.
7772.
7765.
7759.
7753.
7747.
7740.
7734.
7728.
7721.
7716.
7710.
7704.
7698.
7692.
7686.
7681.
7675.
7670.
7665.
7660.
7655.
7650.
7645.
7640.
7634.
7629.
7624.
7619.
7615.
7609.
7604.
7599.
7595.
7589.
7585.
7580.
7575.
7569.
7564.
7559.
7555.
7549.
7544.
7539.
7534.
7530.
7526.
7521.
7516.
7512.
7507.
7503.
7498.
7494.
7490.
7485.
7481.
7477.
7473.
7469.
7465.
7460.
7457.
7452.
7448.
7443.
7440.
7435.
7431.
7427.
7422.
7418.
7414.
7410.
7406.
7403.
7398.
7394.
7390.
7385.
7381.
7378.
7373.
7370.
7365.
7361.
7357.
7353.
7350.
7345.
7341.
7337.
7333.
7329.
7325.
7321.
7316.
7312.
7307.
7303.
7299.
7294.
7290.
7286.
7281.
7277.
7272.
7268.
7264.
7260.
7255.
7250.
7247.
7242.
7238.
7233.
7229.
7225.
7221.
7217.
7212.
7208.
7204.
7201.
7196.
7192.
7188.
7183.
7179.
7176.
7171.
7167.
7162.
7158.
7153.
7149.
7144.
7141.
7136.
7132.
7127.
7123.
7119.
7114.
7111.
7106.
7102.
7098.
7093.
7089.
7086.
7081.
7077.
7073.
7069.
7065.
7061.
7057.
7053.
7049.
7045.
7041.
7037.
7032.
7029.
7024.
7020.
7015.
7011.
7007.
7003.
6999.
6994.
6991.
6987.
6982.
6978.
6974.
6970.
6966.
6961.
6958.
6953.
6949.
6945.
6941.
6937.
6933.
6929.
6925.
6920.
6916.
6913.
6908.
6904.
6899.
6895.
6891.
6887.
6881.
6878.
6874.
6870.
6864.
6861.
6856.
6852.
6848.
6844.
6840.
6835.
6831.
6827.
6823.
6818.
6814.
6810.
6806.
6801.
6797.
6794.
6790.
6786.
6781.
6777.
6773.
6768.
6764.
6760.
6756.
6750.
6746.
6742.
6737.
6733.
6728.
6724.
6720.
6715.
6711.
6707.
6703.
6698.
6694.
6690.
6685.
6681.
6677.
6673.
6669.
6664.
6660.
6656.
6652.
6647.
6644.
6638.
6634.
6630.
6626.
6621.
6617.
6612.
6608.
6604.
6599.
6594.
6590.
6586.
6582.
6578.
6573.
6569.
6566.
6561.
6558.
6554.
6549.
6545.
6541.
6537.
6534.
6530.
6526.
6522.
6519.
6515.
6512.
6509.
6505.
6501.
6498.
6494.
6492.
6488.
6485.
6481.
6479.
6475.
6473.
6471.
6468.
6465.
6463.
6460.
6458.
6455.
6453.
6451.
6449.
6447.
6445.
6443.
6442.
6441.
6439.
6438.
6436.
6435.
6433.
6432.
6431.
6430.
6430.
6429.
6429.
6428.
6428.
6427.
6427.
6427.
6427.
6427.
6426.
6428.
6428.
6428.
6428.
6429.
6430.
6430.
6430.
6432.
6432.
6434.
6435.
6436.
6437.
6439.
6439.
6441.
6442.
6444.
6445.
6447.
6448.
6451.
6451.
6454.
6455.
6457.
6460.
6462.
6464.
6466.
6469.
6471.
6472.
6475.
6478.
6480.
6482.
6485.
6488.
6490.
6493.
6496.
6498.
6501.
6504.
6507.
6510.
6512.
6515.
6518.
6521.
6524.
6526.
6529.
6532.
6535.
6538.
6541.
6544.
6547.
6549.
6552.
6555.
6558.
6559.
6563.
6565.
6568.
6570.
6573.
6576.
6579.
6581.
6583.
6586.
6588.
6590.
6592.
6595.
6597.
6599.
6601.
6603.
6605.
6608.
6610.
6611.
6613.
6615.
6617.
6618.
6620.
6622.
6624.
6626.
6627.
6629.
6630.
6632.
6633.
6634.
6636.
6637.
6639.
6641.
6641.
6643.
6645.
6646.
6647.
6648.
6649.
6652.
6652.
6653.
6655.
6655.
6657.
6658.
6659.
6661.
6662.
6663.
6665.
6665.
6666.
6668.
6669.
6670.
6672.
6672.
6674.
6675.
6676.
6677.
6678.
6679.
6680.
6681.
6683.
6683.
6684.
6686.
6688.
6689.
6690.
6691.
6693.
6694.
6696.
6697.
6699.
6700.
6703.
6704.
6705.
6706.
6709.
6710.
6713.
6714.
6716.
6719.
6721.
6723.
6725.
6727.
6730.
6732.
6735.
6737.
6739.
6743.
6746.
6749.
6751.
6754.
6757.
6760.
6763.
6766.
6769.
6772.
6776.
6779.
6782.
6786.
6789.
6792.
6795.
6799.
6803.
6806.
6810.
6814.
6818.
6821.
6825.
6828.
6833.
6836.
6840.
6844.
6849.
6852.
6856.
6860.
6865.
6868.
6873.
6877.
6882.
6886.
6890.
6896.
6900.
6904.
6908.
6914.
6919.
6923.
6928.
6933.
6937.
6942.
6947.
6952.
6957.
6962.
6967.
6972.
6977.
6982.
6987.
6992.
6997.
7001.
7006.
7011.
7016.
7021.
7025.
7030.
7035.
7040.
7044.
7050.
7054.
7059.
7063.
7068.
7073.
7077.
7082.
7087.
7092.
7096.
7101.
7106.
7110.
7114.
7119.
7124.
7128.
7132.
7137.
7142.
7146.
7151.
7155.
7159.
7164.
7169.
7173.
7176.
7181.
7186.
7190.
7194.
7199.
7204.
7207.
7211.
7216.
7220.
7224.
7229.
7233.
7237.
7240.
7244.
7249.
7253.
7256.
7260.
7264.
7268.
7271.
7276.
7279.
7283.
7285.
7289.
7293.
7297.
7299.
7303.
7307.
7310.
7313.
7317.
7320.
7322.
7325.
7328.
7331.
7334.
7336.
7339.
7342.
7345.
7347.
7349.
7352.
7354.
7355.
7358.
7360.
7362.
7364.
7367.
7369.
7371.
7373.
7375.
7376.
7379.
7380.
7381.
7384.
7385.
7387.
7388.
7390.
7391.
7393.
7395.
7396.
7397.
7398.
7400.
7401.
7403.
7403.
7405.
7406.
7407.
7408.
7409.
7409.
7410.
7411.
7412.
7412.
7413.
7414.
7415.
7415.
7416.
7417.
7417.
7418.
7418.
7419.
7420.
7420.
7421.
7422.
7421.
7422.
7423.
7424.
7424.
7425.
7425.
7426.
7426.
7427.
7428.
7428.
7429.
7429.
7430.
7431.
7432.
7432.
7434.
7434.
7435.
7437.
7438.
7439.
7440.
7442.
7443.
7444.
7446.
7448.
7449.
7450.
7452.
7454.
7456.
7458.
7460.
7463.
7465.
7466.
7469.
7471.
7474.
7476.
7478.
7481.
7484.
7486.
7489.
7492.
7494.
7497.
7500.
7503.
7506.
7509.
7512.
7516.
7519.
7522.
7525.
7529.
7533.
7536.
7540.
7545.
7549.
7552.
7556.
7561.
7566.
7569.
7574.
7580.
7585.
7590.
7594.
7600.
7605.
7611.
7616.
7621.
7627.
7633.
7638.
7644.
7650.
7656.
7662.
7668.
7674.
7681.
7686.
7693.
7699.
7705.
7712.
7718.
7725.
7731.
7736.
7743.
7749.
7755.
7762.
7768.
7774.
7780.
7786.
7793.
7799.
7806.
7812.
7818.
7824.
7831.
7837.
7843.
7850.
7857.
7862.
7869.
7876.
7882.
7889.
7895.
7902.
7908.
7914.
7921.
7928.
7934.
7940.
7946.
7953.
7959.
7965.
7971.
7977.
7983.
7989.
7995.
8001.
8007.
8013.
8018.
8025.
8030.
8036.
8041.
8046.
8052.
8057.
8062.
8068.
8075.
8080.
8084.
8090.
8095.
8101.
8106.
8112.
8116.
8122.
8127.
8133.
8137.
8143.
8147.
8153.
8157.
8163.
8167.
8173.
8178.
8183.
8188.
8194.
8199.
8204.
8209.
8214.
8220.
8224.
8229.
8234.
8239.
8243.
8248.
8253.
8258.
8262.
8267.
8272.
8276.
8280.
8285.
8290.
8294.
8298.
8302.
8306.
8311.
8315.
8318.
8322.
8327.
8330.
8334.
8339.
8343.
8347.
8350.
8355.
8358.
8362.
8366.
8370.
8374.
8378.
8381.
8385.
8389.
8393.
8396.
8400.
8403.
8406.
8409.
8413.
8417.
8420.
8423.
8427.
8430.
8433.
8435.
8439.
8441.
8445.
8447.
8450.
8452.
8455.
8458.
8461.
8463.
8465.
8467.
8470.
8472.
8474.
8476.
8478.
8480.
8482.
8484.
8486.
8487.
8489.
8490.
8492.
8493.
8495.
8496.
8497.
8498.
8499.
8499.
8501.
8502.
8503.
8503.
8504.
8504.
8505.
8506.
8506.
8506.
8507.
8507.
8507.
8507.
8507.
8507.
8507.
8507.
8507.
8507.
8507.
8506.
8505.
8506.
8505.
8505.
8504.
8504.
8503.
8502.
8501.
8501.
8499.
8499.
8498.
8497.
8496.
8495.
8494.
8494.
8492.
8491.
8490.
8488.
8487.
8486.
8484.
8482.
8481.
8480.
8478.
8476.
8474.
8473.
8471.
8469.
8467.
8464.
8463.
8461.
8458.
8456.
8454.
8452.
8449.
8446.
8444.
8441.
8439.
8437.
8434.
8431.
8428.
8425.
8422.
8419.
8416.
8413.
8409.
8406.
8402.
8399.
8395.
8391.
8388.
8384.
8380.
8377.
8372.
8368.
8364.
8360.
8355.
8351.
8347.
8342.
8337.
8333.
8328.
8322.
8318.
8313.
8306.
8302.
8296.
8291.
8285.
8279.
8273.
8267.
8261.
8256.
8249.
8244.
8237.
8232.
8226.
8219.
8213.
8207.
8201.
8196.
8191.
8184.
8178.
8172.
8165.
8159.
8153.
8147.
8140.
8134.
8128.
8121.
8115.
8109.
8104.
8096.
8090.
8083.
8076.
8069.
8063.
8057.
8050.
8043.
8037.
8030.
8023.
8017.
8010.
8003.
7996.
7989.
7982.
7975.
7969.
7962.
7955.
7948.
7941.
7934.
7927.
7921.
7914.
7907.
7900.
7893.
7886.
7880.
7873.
7867.
7859.
7853.
7846.
7840.
7833.
7826.
7820.
7814.
7808.
7801.
7795.
7789.
7783.
7777.
7772.
7766.
7760.
7755.
7750.
7744.
7738.
7733.
7726.
7721.
7715.
7710.
7704.
7699.
7692.
7687.
7681.
7676.
7670.
7664.
7659.
7653.
7648.
7642.
7636.
7631.
7625.
7619.
7614.
7609.
7604.
7598.
7593.
7588.
7582.
7577.
7572.
7567.
7562.
7558.
7553.
7547.
7542.
7537.
7532.
7527.
7522.
7517.
7512.
7507.
7502.
7497.
7492.
7486.
7481.
7476.
7470.
7466.
7461.
7456.
7450.
7445.
7440.
7435.
7429.
7424.
7419.
7414.
7409.
7404.
7399.
7393.
7389.
7385.
7379.
7374.
7369.
7364.
7358.
7353.
7348.
7342.
7337.
7332.
7327.
7321.
7316.
7310.
7305.
7298.
7294.
7288.
7283.
7277.
7272.
7266.
7261.
7255.
7250.
7245.
7239.
7234.
7228.
7223.
7218.
7213.
7208.
7203.
7198.
7192.
7186.
7181.
7176.
7170.
7165.
7160.
7154.
7149.
7144.
7139.
7133.
7128.
7122.
7117.
7112.
7107.
7102.
7096.
7092.
7087.
7082.
7077.
7071.
7067.
7062.
7058.
7053.
7048.
7043.
7039.
7034.
7030.
7025.
7021.
7015.
7011.
7006.
7002.
6997.
6993.
6988.
6984.
6978.
6974.
6970.
6966.
6962.
6957.
6953.
6949.
6945.
6941.
6937.
6933.
6929.
6925.
6921.
6917.
6914.
6910.
6906.
6902.
6899.
6896.
6892.
6888.
6884.
6880.
6878.
6874.
6870.
6867.
6864.
6860.
6857.
6854.
6851.
6848.
6844.
6841.
6837.
6834.
6831.
6828.
6825.
6822.
6818.
6816.
6812.
6810.
6806.
6803.
6800.
6798.
6795.
6791.
6787.
6784.
6781.
6779.
6775.
6772.
6769.
6767.
6763.
6761.
6757.
6755.
6751.
6749.
6745.
6742.
6739.
6736.
6733.
6731.
6728.
6725.
6721.
6718.
6715.
6712.
6708.
6706.
6703.
6700.
6696.
6694.
6690.
6687.
6683.
6680.
6677.
6674.
6670.
6667.
6664.
6660.
6657.
6654.
6650.
6647.
6644.
6640.
6637.
6632.
6630.
6626.
6623.
6618.
6616.
6612.
6608.
6604.
6601.
6598.
6594.
6589.
6587.
6583.
6580.
6576.
6572.
6568.
6565.
6561.
6558.
6555.
6551.
6547.
6545.
6541.
6538.
6535.
6532.
6528.
6525.
6522.
6519.
6516.
6513.
6511.
6508.
6506.
6502.
6501.
6498.
6495.
6493.
6491.
6489.
6486.
6483.
6482.
6480.
6478.
6476.
6475.
6473.
6471.
6470.
6469.
6468.
6466.
6465.
6463.
6462.
6462.
6461.
6459.
6459.
6458.
6457.
6457.
6457.
6456.
6455.
6455.
6456.
6455.
6456.
6455.
6455.
6456.
6456.
6457.
6457.
6458.
6458.
6460.
6461.
6461.
6462.
6464.
6465.
6467.
6468.
6470.
6471.
6473.
6474.
6476.
6479.
6481.
6482.
6485.
6488.
6490.
6492.
6495.
6498.
6500.
6502.
6504.
6507.
6510.
6513.
6516.
6519.
6522.
6524.
6528.
6531.
6534.
6537.
6540.
6544.
6547.
6550.
6553.
6556.
6560.
6562.
6566.
6569.
6573.
6576.
6580.
6584.
6588.
6590.
6595.
6598.
6602.
6605.
6609.
6613.
6617.
6620.
6625.
6627.
6631.
6635.
6639.
6643.
6647.
6650.
6654.
6658.
6662.
6665.
6670.
6674.
6678.
6680.
6685.
6689.
6693.
6697.
6702.
6706.
6710.
6714.
6718.
6722.
6727.
6731.
6735.
6740.
6745.
6748.
6753.
6758.
6763.
6766.
6771.
6776.
6781.
6785.
6790.
6795.
6799.
6803.
6809.
6813.
6818.
6823.
6828.
6832.
6837.
6842.
6847.
6852.
6857.
6861.
6866.
6871.
6876.
6881.
6886.
6891.
6895.
6900.
6906.
6910.
6915.
6919.
6925.
6929.
6935.
6940.
6944.
6949.
6954.
6959.
6964.
6968.
6974.
6978.
6984.
6989.
6994.
6998.
7003.
7007.
7013.
7017.
7022.
7027.
7032.
7036.
7040.
7045.
7050.
7055.
7059.
7063.
7069.
7073.
7078.
7082.
7087.
7091.
7095.
7100.
7105.
7109.
7113.
7118.
7123.
7127.
7131.
7136.
7141.
7145.
7149.
7153.
7159.
7163.
7167.
7171.
7177.
7180.
7184.
7190.
7194.
7198.
7202.
7207.
7212.
7216.
7219.
7225.
7230.
7233.
7238.
7242.
7247.
7251.
7256.
7261.
7266.
7269.
7273.
7279.
7284.
7288.
7292.
7297.
7302.
7306.
7311.
7315.
7320.
7325.
7329.
7335.
7339.
7344.
7349.
7355.
7359.
7365.
7370.
7376.
7382.
7388.
7394.
7400.
7406.
7412.
7419.
7425.
7432.
7438.
7445.
7452.
7458.
7465.
7472.
7479.
7485.
7492.
7499.
7505.
7512.
7520.
7527.
7533.
7540.
7547.
7554.
7561.
7568.
7575.
7582.
7588.
7595.
7602.
7609.
7616.
7622.
7629.
7636.
7642.
7649.
7656.
7663.
7669.
7676.
7682.
7688.
7695.
7701.
7707.
7714.
7720.
7726.
7733.
7739.
7744.
7751.
7757.
7763.
7769.
7775.
7781.
7787.
7792.
7799.
7804.
7810.
7814.
7820.
7825.
7831.
7835.
7840.
7846.
7851.
7855.
7860.
7866.
7870.
7874.
7880.
7884.
7889.
7893.
7897.
7902.
7907.
7910.
7915.
7919.
7922.
7927.
7931.
7936.
7939.
7943.
7948.
7951.
7955.
7958.
7962.
7966.
7969.
7972.
7976.
7980.
7983.
7986.
7989.
7993.
7996.
7999.
8002.
8005.
8008.
8011.
8015.
8018.
8021.
8023.
8027.
8030.
8033.
8035.
8039.
8042.
8046.
8048.
8051.
8055.
8058.
8060.
8063.
8067.
8071.
8073.
8077.
8081.
8084.
8087.
8090.
8094.
8097.
8100.
8104.
8108.
8112.
8116.
8119.
8122.
8125.
8128.
8132.
8136.
8140.
8143.
8146.
8150.
8154.
8157.
8161.
8165.
8169.
8172.
8175.
8180.
8184.
8187.
8192.
8195.
8199.
8203.
8207.
8211.
8215.
8218.
8222.
8227.
8230.
8233.
8238.
8242.
8246.
8250.
8254.
8258.
8261.
8265.
8269.
8273.
8277.
8280.
8284.
8288.
8291.
8294.
8298.
8302.
8305.
8309.
8312.
8316.
8320.
8322.
8326.
8330.
8333.
8336.
8339.
8343.
8346.
8349.
8352.
8356.
8358.
8361.
8365.
8368.
8370.
8374.
8377.
8380.
8383.
8386.
8388.
8392.
8394.
8397.
8399.
8403.
8405.
8408.
8410.
8413.
8415.
8418.
8420.
8423.
8425.
8427.
8430.
8432.
8433.
8436.
8438.
8441.
8443.
8445.
8447.
8449.
8451.
8453.
8455.
8457.
8459.
8460.
8462.
8464.
8466.
8467.
8468.
8470.
8472.
8473.
8474.
8476.
8477.
8478.
8479.
8481.
8483.
8484.
8485.
8486.
8487.
8488.
8488.
8490.
8491.
8491.
8493.
8494.
8495.
8496.
8496.
8497.
8498.
8499.
8499.
8500.
8500.
8501.
8502.
8502.
8502.
8503.
8503.
8504.
8504.
8504.
8505.
8505.
8505.
8504.
8505.
8504.
8505.
8504.
8505.
8504.
8505.
8505.
8504.
8504.
8504.
8504.
8504.
8503.
8502.
8502.
8502.
8502.
8501.
8501.
8500.
8500.
8499.
8498.
8498.
8496.
8496.
8496.
8495.
8493.
8492.
8492.
8491.
8490.
8489.
8488.
8486.
8485.
8484.
8483.
8481.
8481.
8479.
8478.
8476.
8475.
8473.
8471.
8469.
8467.
8466.
8464.
8462.
8459.
8457.
8455.
8452.
8449.
8447.
8444.
8441.
8438.
8435.
8431.
8428.
8425.
8421.
8418.
8414.
8410.
8406.
8401.
8397.
8393.
8387.
8382.
8378.
8373.
8368.
8363.
8358.
8352.
8348.
8342.
8337.
8330.
8325.
8319.
8313.
8307.
8301.
8295.
8290.
8284.
8277.
8270.
8264.
8258.
8250.
8244.
8237.
8231.
8223.
8217.
8209.
8203.
8195.
8188.
8181.
8174.
8166.
8159.
8152.
8145.
8137.
8130.
8122.
8115.
8108.
8101.
8093.
8085.
8078.
8071.
8063.
8056.
8048.
8040.
8032.
8025.
8017.
8010.
8002.
7994.
7986.
7979.
7971.
7963.
7955.
7947.
7940.
7933.
7924.
7916.
7909.
7901.
7893.
7886.
7878.
7870.
7862.
7854.
7846.
7838.
7831.
7822.
7815.
7807.
7799.
7792.
7784.
7775.
7768.
7761.
7752.
7745.
7737.
7729.
7722.
7714.
7706.
7699.
7692.
7684.
7677.
7669.
7661.
7653.
7646.
7639.
7632.
7625.
7617.
7610.
7603.
7595.
7589.
7582.
7575.
7568.
7561.
7554.
7547.
7540.
7533.
7526.
7519.
7513.
7505.
7499.
7493.
7486.
7479.
7472.
7466.
7459.
7452.
7445.
7439.
7432.
7426.
7419.
7413.
7406.
7400.
7394.
7387.
7381.
7375.
7369.
7363.
7357.
7352.
7346.
7340.
7333.
7328.
7322.
7317.
7311.
7306.
7300.
7295.
7289.
7284.
7279.
7273.
7267.
7262.
7257.
7251.
7247.
7241.
7236.
7231.
7226.
7221.
7216.
7211.
7206.
7202.
7197.
7192.
7187.
7182.
7178.
7174.
7169.
7164.
7160.
7156.
7151.
7147.
7144.
7139.
7134.
7129.
7125.
7121.
7117.
7111.
7107.
7102.
7098.
7093.
7089.
7084.
7080.
7075.
7071.
7066.
7062.
7058.
7053.
7049.
7044.
7040.
7035.
7030.
7027.
7023.
7018.
7014.
7009.
7006.
7001.
6997.
6992.
6989.
6984.
6981.
6975.
6971.
6967.
6963.
6958.
6954.
6950.
6945.
6941.
6937.
6932.
6928.
6923.
6919.
6914.
6910.
6906.
6902.
6897.
6893.
6887.
6883.
6879.
6875.
6870.
6866.
6861.
6857.
6853.
6848.
6843.
6839.
6834.
6829.
6825.
6820.
6815.
6811.
6806.
6801.
6797.
6792.
6787.
6783.
6777.
6774.
6769.
6764.
6759.
6755.
6750.
6745.
6741.
6735.
6732.
6727.
6722.
6717.
6713.
6707.
6703.
6698.
6693.
6688.
6683.
6678.
6674.
6669.
6664.
6659.
6654.
6648.
6644.
6639.
6634.
6629.
6625.
6619.
6615.
6610.
6605.
6601.
6596.
6592.
6587.
6582.
6578.
6573.
6569.
6564.
6560.
6555.
6551.
6547.
6542.
6537.
6533.
6528.
6524.
6520.
6514.
6510.
6505.
6501.
6496.
6492.
6488.
6483.
6479.
6474.
6471.
6466.
6461.
6457.
6453.
6449.
6445.
6441.
6437.
6433.
6428.
6425.
6420.
6417.
6413.
6409.
6406.
6402.
6397.
6393.
6390.
6387.
6383.
6379.
6375.
6371.
6368.
6364.
6361.
6358.
6354.
6351.
6348.
6345.
6342.
6338.
6335.
6332.
6329.
6326.
6324.
6321.
6318.
6315.
6312.
6310.
6307.
6304.
6302.
6300.
6297.
6295.
6293.
6290.
6289.
6287.
6284.
6282.
6280.
6278.
6276.
6275.
6273.
6271.
6269.
6267.
6266.
6264.
6263.
6261.
6260.
6258.
6257.
6256.
6255.
6253.
6253.
6251.
6250.
6250.
6249.
6247.
6247.
6246.
6246.
6244.
6245.
6245.
6244.
6244.
6244.
6243.
6244.
6243.
6244.
6244.
6244.
6244.
6244.
6245.
6245.
6247.
6247.
6247.
6248.
6249.
6249.
6250.
6251.
6252.
6253.
6254.
6255.
6256.
6257.
6258.
6260.
6261.
6262.
6264.
6266.
6267.
6268.
6270.
6272.
6274.
6275.
6277.
6278.
6280.
6282.
6284.
6287.
6288.
6290.
6292.
6294.
6296.
6297.
6299.
6302.
6303.
6306.
6308.
6310.
6313.
6314.
6316.
6319.
6321.
6323.
6326.
6329.
6331.
6333.
6337.
6339.
6341.
6344.
6347.
6349.
6353.
6355.
6358.
6361.
6364.
6367.
6370.
6373.
6376.
6380.
6383.
6386.
6390.
6393.
6397.
6401.
6404.
6408.
6412.
6416.
6420.
6423.
6429.
6433.
6436.
6440.
6446.
6450.
6454.
6458.
6463.
6468.
6472.
6477.
6482.
6487.
6491.
6495.
6501.
6505.
6511.
6515.
6521.
6525.
6531.
6535.
6540.
6545.
6551.
6556.
6561.
6566.
6572.
6577.
6582.
6587.
6593.
6598.
6604.
6609.
6615.
6620.
6626.
6631.
6637.
6643.
6648.
6653.
6659.
6665.
6671.
6677.
6682.
6688.
6694.
6699.
6705.
6711.
6717.
6722.
6728.
6733.
6739.
6744.
6750.
6755.
6762.
6768.
6773.
6778.
6785.
6791.
6796.
6802.
6807.
6814.
6819.
6825.
6830.
6837.
6842.
6848.
6853.
6860.
6865.
6871.
6877.
6883.
6888.
6895.
6900.
6907.
6912.
6918.
6924.
6930.
6937.
6942.
6949.
6955.
6960.
6967.
6972.
6978.
6983.
6989.
6994.
7000.
7005.
7011.
7016.
7022.
7026.
7032.
7037.
7043.
7048.
7053.
7058.
7063.
7068.
7074.
7078.
7084.
7088.
7094.
7099.
7105.
7110.
7115.
7121.
7127.
7131.
7137.
7142.
7148.
7154.
7160.
7166.
7172.
7177.
7183.
7187.
7193.
7199.
7205.
7210.
7215.
7222.
7227.
7233.
7238.
7244.
7249.
7255.
7260.
7266.
7272.
7278.
7283.
7290.
7295.
7301.
7306.
7312.
7318.
7324.
7329.
7335.
7341.
7347.
7352.
7358.
7363.
7369.
7374.
7380.
7386.
7392.
7396.
7402.
7408.
7413.
7418.
7424.
7429.
7436.
7440.
7446.
7451.
7457.
7462.
7467.
7473.
7478.
7482.
7488.
7494.
7499.
7503.
7509.
7514.
7519.
7524.
7529.
7534.
7540.
7544.
7549.
7555.
7559.
7564.
7569.
7574.
7578.
7583.
7588.
7593.
7597.
7601.
7607.
7612.
7616.
7620.
7625.
7630.
7634.
7639.
7644.
7648.
7652.
7656.
7661.
7666.
7670.
7673.
7677.
7682.
7686.
7690.
7694.
7699.
7703.
7706.
7710.
7715.
7718.
7721.
7726.
7730.
7734.
7737.
7742.
7745.
7749.
7753.
7757.
7760.
7764.
7767.
7771.
7774.
7777.
7781.
7785.
7788.
7791.
7793.
7797.
7800.
7803.
7806.
7810.
7813.
7816.
7818.
7821.
7825.
7827.
7829.
7833.
7836.
7839.
7841.
7845.
7848.
7850.
7853.
7855.
7858.
7861.
7864.
7867.
7869.
7872.
7875.
7877.
7880.
7882.
7885.
7887.
7889.
7892.
7894.
7897.
7899.
7901.
7903.
7906.
7908.
7909.
7912.
7914.
7916.
7918.
7920.
7921.
7923.
7926.
7927.
7929.
7931.
7932.
7934.
7936.
7937.
7939.
7940.
7942.
7943.
7945.
7946.
7948.
7949.
7951.
7952.
7953.
7955.
7956.
7957.
7959.
7960.
7962.
7963.
7965.
7966.
7968.
7969.
7970.
7972.
7974.
7975.
7977.
7979.
7980.
7982.
7984.
7986.
7987.
7989.
7991.
7993.
7995.
7996.
7997.
8000.
8002.
8003.
8005.
8008.
8009.
8011.
8013.
8016.
8017.
8019.
8021.
8023.
8025.
8027.
8028.
8031.
8033.
8034.
8037.
8039.
8040.
8043.
8045.
8047.
8048.
8050.
8052.
8054.
8055.
8057.
8059.
8060.
8061.
8063.
8065.
8066.
8068.
8069.
8071.
8073.
8073.
8075.
8076.
8078.
8078.
8079.
8080.
8081.
8082.
8083.
8083.
8085.
8085.
8085.
8085.
8086.
8086.
8086.
8086.
8086.
8085.
8086.
8085.
8085.
8085.
8085.
8084.
8083.
8082.
8082.
8081.
8079.
8079.
8077.
8076.
8075.
8074.
8073.
8071.
8070.
8068.
8066.
8065.
8063.
8061.
8058.
8057.
8054.
8052.
8050.
8049.
8045.
8043.
8040.
8038.
8035.
8032.
8029.
8027.
8024.
8021.
8018.
8015.
8011.
8009.
8006.
8002.
7999.
7995.
7991.
7987.
7983.
7979.
7975.
7971.
7967.
7963.
7959.
7954.
7950.
7945.
7941.
7936.
7931.
7926.
7921.
7917.
7911.
7907.
7902.
7897.
7891.
7886.
7881.
7875.
7869.
7864.
7858.
7852.
7846.
7839.
7834.
7827.
7821.
7815.
7809.
7802.
7796.
7790.
7783.
7776.
7769.
7763.
7757.
7750.
7743.
7736.
7730.
7723.
7716.
7709.
7703.
7695.
7688.
7680.
7674.
7666.
7659.
7652.
7644.
7636.
7630.
7622.
7615.
7607.
7599.
7591.
7584.
7576.
7568.
7560.
7553.
7545.
7536.
7529.
7521.
7513.
7505.
7497.
7488.
7480.
7472.
7464.
7456.
7448.
7440.
7432.
7423.
7416.
7408.
7400.
7392.
7384.
7376.
7369.
7360.
7352.
7345.
7338.
7329.
7322.
7314.
7307.
7299.
7292.
7284.
7277.
7270.
7263.
7255.
7249.
7241.
7234.
7227.
7221.
7213.
7206.
7200.
7193.
7186.
7180.
7174.
7167.
7161.
7154.
7149.
7142.
7137.
7130.
7124.
7118.
7112.
7107.
7100.
7095.
7090.
7085.
7078.
7073.
7068.
7063.
7058.
7053.
7048.
7043.
7038.
7033.
7029.
7024.
7019.
7015.
7011.
7007.
7003.
6999.
6994.
6991.
6985.
6981.
6978.
6975.
6970.
6967.
6963.
6959.
6955.
6951.
6948.
6944.
6940.
6937.
6933.
6930.
6926.
6924.
6919.
6917.
6913.
6910.
6907.
6904.
6900.
6898.
6894.
6892.
6889.
6885.
6882.
6880.
6877.
6874.
6871.
6869.
6865.
6863.
6860.
6858.
6855.
6852.
6851.
6848.
6845.
6843.
6840.
6838.
6835.
6833.
6831.
6828.
6825.
6823.
6821.
6819.
6815.
6813.
6811.
6809.
6805.
6803.
6799.
6797.
6795.
6792.
6789.
6786.
6784.
6781.
6778.
6775.
6772.
6769.
6766.
6763.
6760.
6756.
6753.
6750.
6747.
6743.
6740.
6737.
6733.
6729.
6726.
6722.
6719.
6715.
6712.
6708.
6704.
6701.
6697.
6693.
6689.
6686.
6681.
6677.
6673.
6669.
6664.
6661.
6655.
6651.
6647.
6643.
6637.
6633.
6629.
6625.
6620.
6616.
6612.
6607.
6602.
6598.
6594.
6589.
6585.
6581.
6576.
6572.
6567.
6562.
6559.
6554.
6550.
6546.
6541.
6536.
6532.
6528.
6523.
6519.
6514.
6509.
6504.
6500.
6495.
6491.
6486.
6481.
6477.
6473.
6469.
6464.
6460.
6455.
6451.
6447.
6442.
6438.
6434.
6429.
6426.
6421.
6417.
6413.
6409.
6405.
6401.
6397.
6393.
6388.
6385.
6380.
6376.
6373.
6368.
6365.
6360.
6356.
6352.
6349.
6345.
6341.
6337.
6334.
6330.
6326.
6323.
6320.
6316.
6312.
6309.
6305.
6302.
6298.
6295.
6292.
6289.
6286.
6283.
6280.
6276.
6273.
6271.
6269.
6265.
6262.
6260.
6256.
6254.
6251.
6249.
6245.
6242.
6240.
6238.
6235.
6233.
6231.
6228.
6226.
6224.
6221.
6219.
6217.
6215.
6212.
6210.
6208.
6207.
6204.
6202.
6201.
6199.
6197.
6195.
6193.
6192.
6189.
6188.
6186.
6185.
6183.
6182.
6180.
6178.
6178.
6176.
6175.
6174.
6173.
6172.
6170.
6169.
6168.
6168.
6167.
6166.
6165.
6164.
6163.
6163.
6162.
6161.
6161.
6161.
6160.
6159.
6159.
6159.
6159.
6159.
6159.
6158.
6159.
6159.
6160.
6160.
6160.
6160.
6161.
6161.
6161.
6162.
6163.
6163.
6164.
6164.
6165.
6166.
6167.
6168.
6169.
6170.
6171.
6172.
6174.
6175.
6177.
6178.
6180.
6181.
6183.
6184.
6187.
6188.
6190.
6193.
6195.
6197.
6199.
6201.
6204.
6206.
6208.
6211.
6213.
6216.
6218.
6221.
6224.
6227.
6230.
6233.
6236.
6239.
6243.
6245.
6249.
6252.
6256.
6260.
6264.
6267.
6271.
6276.
6279.
6283.
6287.
6292.
6296.
6301.
6305.
6310.
6315.
6319.
6324.
6329.
6334.
6338.
6343.
6349.
6354.
6359.
6364.
6370.
6375.
6381.
6386.
6392.
6398.
6404.
6409.
6415.
6420.
6427.
6433.
6439.
6445.
6451.
6458.
6465.
6471.
6477.
6484.
6490.
6498.
6504.
6511.
6517.
6524.
6531.
6539.
6546.
6553.
6560.
6568.
6575.
6582.
6589.
6597.
6604.
6611.
6618.
6626.
6634.
6641.
6648.
6656.
6664.
6672.
6679.
6686.
6693.
6701.
6708.
6715.
6722.
6730.
6737.
6744.
6751.
6759.
6766.
6773.
6780.
6787.
6795.
6802.
6809.
6816.
6824.
6831.
6838.
6844.
6853.
6859.
6867.
6873.
6881.
6887.
6895.
6902.
6910.
6916.
6923.
6930.
6938.
6945.
6950.
6957.
6964.
6971.
6977.
6984.
6990.
6996.
7002.
7009.
7015.
7021.
7027.
7033.
7040.
7046.
7052.
7058.
7063.
7069.
7075.
7081.
7086.
7092.
7098.
7104.
7110.
7116.
7122.
7127.
7133.
7139.
7144.
7150.
7156.
7162.
7168.
7173.
7179.
7185.
7191.
7196.
7203.
7209.
7215.
7220.
7227.
7232.
7239.
7244.
7250.
7256.
7262.
7267.
7273.
7279.
7285.
7290.
7295.
7301.
7307.
7313.
7319.
7323.
7330.
7335.
7341.
7345.
7351.
7356.
7362.
7367.
7373.
7379.
7383.
7389.
7394.
7400.
7406.
7411.
7417.
7422.
7428.
7433.
7439.
7445.
7450.
7456.
7462.
7467.
7473.
7479.
7485.
7491.
7496.
7502.
7508.
7513.
7519.
7525.
7530.
7536.
7542.
7548.
7554.
7559.
7565.
7570.
7577.
7582.
7588.
7594.
7600.
7605.
7611.
7616.
7622.
7628.
7635.
7640.
7646.
7652.
7658.
7663.
7669.
7674.
7681.
7687.
7693.
7698.
7704.
7711.
7716.
7723.
7729.
7735.
7741.
7747.
7754.
7761.
7767.
7773.
7780.
7786.
7793.
7799.
7806.
7812.
7819.
7825.
7832.
7840.
7846.
7853.
7859.
7866.
7873.
7879.
7886.
7892.
7899.
7905.
7911.
7918.
7924.
7930.
7937.
7943.
7950.
7956.
7962.
7968.
7975.
7981.
7986.
7993.
7999.
8005.
8011.
8017.
8024.
8029.
8035.
8041.
8047.
8053.
8060.
8065.
8070.
8076.
8082.
8088.
8094.
8100.
8105.
8111.
8117.
8122.
8128.
8134.
8139.
8144.
8149.
8155.
8160.
8165.
8171.
8177.
8182.
8186.
8192.
8197.
8202.
8207.
8212.
8216.
8222.
8227.
8232.
8236.
8240.
8245.
8250.
8254.
8258.
8263.
8267.
8271.
8274.
8279.
8283.
8288.
8290.
8294.
8298.
8303.
8306.
8310.
8314.
8317.
8320.
8323.
8327.
8330.
8333.
8336.
8339.
8343.
8345.
8349.
8351.
8354.
8356.
8360.
8362.
8365.
8367.
8371.
8373.
8376.
8378.
8380.
8382.
8385.
8386.
8389.
8391.
8393.
8395.
8397.
8399.
8400.
8401.
8403.
8404.
8406.
8407.
8408.
8409.
8410.
8411.
8412.
8413.
8414.
8414.
8415.
8415.
8416.
8416.
8416.
8416.
8416.
8416.
8416.
8416.
8416.
8416.
8415.
8415.
8414.
8413.
8413.
8412.
8411.
8410.
8409.
8408.
8407.
8407.
8405.
8404.
8403.
8402.
8400.
8398.
8397.
8396.
8394.
8392.
8390.
8388.
8386.
8383.
8382.
8380.
8378.
8375.
8373.
8371.
8368.
8365.
8362.
8360.
8357.
8353.
8350.
8348.
8344.
8341.
8337.
8335.
8330.
8327.
8323.
8320.
8316.
8313.
8308.
8305.
8301.
8296.
8292.
8288.
8284.
8279.
8275.
8270.
8266.
8261.
8256.
8251.
8246.
8240.
8235.
8230.
8225.
8219.
8213.
8207.
8201.
8195.
8189.
8182.
8177.
8170.
8164.
8157.
8151.
8144.
8138.
8131.
8124.
8117.
8111.
8104.
8096.
8089.
8082.
8075.
8068.
8061.
8054.
8046.
8040.
8031.
8025.
8017.
8010.
8002.
7995.
7987.
7980.
7973.
7965.
7958.
7951.
7942.
7935.
7927.
7920.
7912.
7905.
7897.
7890.
7881.
7874.
7866.
7859.
7851.
7843.
7835.
7827.
7819.
7811.
7803.
7795.
7787.
7779.
7771.
7763.
7755.
7747.
7739.
7731.
7723.
7715.
7707.
7699.
7692.
7683.
7676.
7668.
7660.
7652.
7645.
7637.
7629.
7621.
7615.
7607.
7599.
7592.
7585.
7577.
7570.
7563.
7556.
7549.
7542.
7535.
7528.
7521.
7514.
7507.
7500.
7494.
7486.
7480.
7473.
7466.
7460.
7453.
7446.
7439.
7433.
7426.
7419.
7413.
7407.
7401.
7395.
7389.
7382.
7376.
7370.
7364.
7358.
7353.
7347.
7341.
7335.
7329.
7323.
7318.
7311.
7306.
7300.
7294.
7290.
7283.
7279.
7273.
7268.
7262.
7257.
7251.
7246.
7240.
7236.
7231.
7226.
7221.
7216.
7211.
7206.
7201.
7197.
7192.
7187.
7182.
7177.
7173.
7170.
7165.
7161.
7156.
7151.
7146.
7143.
7138.
7134.
7129.
7125.
7120.
7116.
7112.
7107.
7103.
7099.
7094.
7090.
7086.
7082.
7077.
7074.
7069.
7066.
7061.
7058.
7054.
7049.
7045.
7041.
7038.
7033.
7030.
7027.
7023.
7019.
7015.
7010.
7007.
7002.
6998.
6994.
6990.
6986.
6981.
6978.
6974.
6970.
6965.
6961.
6957.
6953.
6949.
6945.
6941.
6936.
6932.
6928.
6924.
6919.
6914.
6911.
6906.
6902.
6898.
6893.
6889.
6884.
6879.
6875.
6870.
6865.
6860.
6856.
6851.
6845.
6841.
6835.
6830.
6824.
6819.
6814.
6808.
6803.
6797.
6793.
6787.
6782.
6776.
6770.
6764.
6759.
6754.
6748.
6742.
6736.
6730.
6724.
6718.
6712.
6707.
6701.
6695.
6689.
6683.
6677.
6671.
6664.
6658.
6652.
6646.
6640.
6633.
6628.
6621.
6615.
6609.
6603.
6596.
6590.
6585.
6579.
6572.
6566.
6560.
6554.
6548.
6542.
6535.
6530.
6523.
6518.
6511.
6505.
6499.
6493.
6487.
6481.
6475.
6469.
6463.
6457.
6452.
6446.
6441.
6435.
6429.
6423.
6418.
6412.
6407.
6401.
6397.
6391.
6386.
6381.
6376.
6371.
6366.
6361.
6357.
6353.
6348.
6343.
6339.
6334.
6330.
6325.
6321.
6316.
6313.
6308.
6304.
6301.
6297.
6293.
6289.
6285.
6281.
6278.
6273.
6271.
6267.
6264.
6261.
6257.
6255.
6252.
6248.
6245.
6243.
6240.
6237.
6234.
6232.
6229.
6227.
6224.
6222.
6219.
6217.
6215.
6213.
6210.
6208.
6207.
6204.
6203.
6200.
6199.
6197.
6196.
6194.
6193.
6191.
6190.
6189.
6187.
6185.
6184.
6182.
6182.
6181.
6178.
6178.
6177.
6176.
6175.
6173.
6172.
6172.
6171.
6170.
6170.
6168.
6168.
6167.
6166.
6166.
6165.
6164.
6164.
6163.
6163.
6163.
6162.
6161.
6161.
6161.
6160.
6160.
6159.
6158.
6159.
6158.
6157.
6157.
6157.
6158.
6157.
6157.
6156.
6156.
6156.
6156.
6156.
6156.
6155.
6156.
6155.
6155.
6155.
6155.
6155.
6156.
6155.
6155.
6156.
6156.
6155.
6155.
6155.
6155.
6155.
6155.
6155.
6155.
6155.
6155.
6156.
6156.
6156.
6156.
6156.
6156.
6157.
6157.
6158.
6158.
6159.
6160.
6160.
6161.
6162.
6161.
6164.
6164.
6165.
6166.
6167.
6169.
6169.
6171.
6172.
6174.
6175.
6177.
6179.
6180.
6182.
6184.
6186.
6188.
6191.
6193.
6196.
6198.
6201.
6204.
6206.
6209.
6212.
6215.
6218.
6220.
6224.
6227.
6231.
6233.
6237.
6240.
6244.
6246.
6250.
6254.
6258.
6262.
6266.
6270.
6274.
6278.
6282.
6287.
6291.
6295.
6300.
6305.
6310.
6315.
6320.
6325.
6331.
6336.
6340.
6347.
6352.
6357.
6362.
6368.
6373.
6379.
6386.
6391.
6396.
6402.
6408.
6414.
6421.
6426.
6432.
6438.
6444.
6450.
6455.
6462.
6469.
6475.
6481.
6487.
6493.
6500.
6507.
6512.
6519.
6526.
6532.
6539.
6546.
6552.
6559.
6566.
6572.
6580.
6587.
6594.
6600.
6608.
6614.
6622.
6628.
6635.
6642.
6649.
6655.
6663.
6669.
6677.
6683.
6689.
6696.
6703.
6709.
6716.
6722.
6729.
6735.
6742.
6748.
6755.
6761.
6767.
6774.
6781.
6788.
6794.
6801.
6807.
6813.
6822.
6828.
6834.
6840.
6849.
6856.
6862.
6869.
6877.
6883.
6890.
6897.
6905.
6912.
6920.
6926.
6934.
6941.
6948.
6955.
6962.
6969.
6976.
6982.
6990.
6997.
7004.
7011.
7017.
7025.
7032.
7038.
7045.
7051.
7058.
7064.
7071.
7078.
7084.
7091.
7098.
7105.
7111.
7118.
7125.
7133.
7140.
7146.
7153.
7161.
7168.
7176.
7183.
7191.
7199.
7206.
7214.
7222.
7230.
7237.
7245.
7253.
7261.
7269.
7276.
7285.
7292.
7300.
7307.
7315.
7322.
7329.
7336.
7344.
7351.
7359.
7365.
7373.
7379.
7387.
7394.
7401.
7408.
7415.
7422.
7429.
7437.
7444.
7451.
7458.
7466.
7472.
7480.
7487.
7494.
7501.
7509.
7516.
7523.
7530.
7538.
7545.
7552.
7559.
7566.
7574.
7581.
7588.
7596.
7603.
7610.
7616.
7623.
7631.
7638.
7645.
7651.
7659.
7666.
7673.
7680.
7687.
7694.
7700.
7707.
7715.
7722.
7729.
7735.
7743.
7749.
7756.
7763.
7769.
7777.
7784.
7791.
7797.
7804.
7811.
7819.
7825.
7832.
7839.
7845.
7852.
7859.
7866.
7874.
7880.
7887.
7894.
7901.
7908.
7915.
7921.
7928.
7935.
7942.
7949.
7955.
7962.
7969.
7975.
7981.
7987.
7994.
8000.
8006.
8013.
8019.
8025.
8031.
8037.
8043.
8049.
8055.
8060.
8067.
8072.
8077.
8083.
8089.
8094.
8099.
8105.
8110.
8115.
8120.
8126.
8130.
8135.
8139.
8145.
8150.
8154.
8159.
8165.
8169.
8173.
8177.
8182.
8187.
8190.
8195.
8200.
8204.
8208.
8212.
8217.
8219.
8223.
8227.
8232.
8234.
8238.
8241.
8245.
8248.
8251.
8254.
8258.
8261.
8263.
8266.
8269.
8271.
8274.
8277.
8279.
8281.
8284.
8287.
8290.
8291.
8293.
8296.
8299.
8300.
8303.
8305.
8307.
8310.
8311.
8314.
8316.
8318.
8319.
8322.
8324.
8326.
8327.
8329.
8331.
8334.
8335.
8337.
8338.
8340.
8342.
8343.
8346.
8347.
8348.
8350.
8352.
8353.
8354.
8356.
8357.
8359.
8360.
8361.
8363.
8364.
8365.
8366.
8367.
8369.
8370.
8370.
8372.
8372.
8373.
8374.
8376.
8376.
8377.
8377.
8378.
8378.
8379.
8380.
8380.
8381.
8381.
8382.
8383.
8382.
8383.
8384.
8384.
8385.
8385.
8385.
8385.
8386.
8386.
8386.
8386.
8386.
8386.
8387.
8387.
8387.
8387.
8387.
8387.
8386.
8387.
8386.
8385.
8385.
8385.
8384.
8384.
8383.
8382.
8382.
8382.
8381.
8380.
8379.
8379.
8377.
8376.
8375.
8374.
8372.
8371.
8369.
8368.
8366.
8364.
8362.
8360.
8358.
8356.
8354.
8351.
8349.
8346.
8343.
8340.
8338.
8335.
8332.
8329.
8325.
8322.
8319.
8315.
8311.
8307.
8303.
8298.
8294.
8289.
8285.
8280.
8276.
8271.
8266.
8261.
8256.
8251.
8245.
8240.
8234.
8229.
8223.
8217.
8211.
8205.
8199.
8194.
8186.
8179.
8172.
8166.
8159.
8151.
8144.
8136.
8129.
8121.
8113.
8106.
8098.
8089.
8081.
8072.
8064.
8056.
8048.
8038.
8029.
8021.
8013.
8002.
7995.
7985.
7976.
7967.
7957.
7948.
7939.
7928.
7919.
7909.
7900.
7890.
7880.
7870.
7861.
7851.
7841.
7831.
7821.
7811.
7800.
7791.
7780.
7770.
7760.
7750.
7739.
7729.
7719.
7709.
7698.
7688.
7678.
7668.
7658.
7648.
7637.
7627.
7617.
7607.
7596.
7586.
7576.
7566.
7556.
7546.
7535.
7526.
7516.
7506.
7496.
7486.
7476.
7466.
7456.
7447.
7437.
7428.
7418.
7408.
7398.
7390.
7380.
7371.
7361.
7352.
7343.
7334.
7324.
7316.
7306.
7297.
7289.
7280.
7272.
7263.
7255.
7246.
7238.
7229.
7221.
7213.
7205.
7197.
7188.
7181.