7292.
7292.
7292.
7291.
7291.
7290.
7291.
7290.
7289.
7289.
7289.
7289.
7289.
7288.
7288.
7287.
7287.
7286.
7286.
7286.
7285.
7285.
7285.
7284.
7284.
7283.
7283.
7282.
7282.
7281.
7281.
7281.
7281.
7280.
7280.
7279.
7279.
7279.
7279.
7277.
7278.
7278.
7278.
7277.
7277.
7276.
7276.
7277.
7276.
7275.
7275.
7275.
7275.
7275.
7274.
7273.
7273.
7274.
7274.
7272.
7273.
7273.
7273.
7272.
7272.
7273.
7272.
7272.
7272.
7271.
7272.
7272.
7272.
7272.
7272.
7271.
7272.
7272.
7272.
7272.
7272.
7272.
7272.
7272.
7271.
7271.
7272.
7272.
7272.
7272.
7272.
7272.
7272.
7272.
7271.
7272.
7272.
7272.
7272.
7272.
7272.
7273.
7272.
7273.
7273.
7273.
7272.
7272.
7273.
7273.
7273.
7273.
7273.
7273.
7273.
7273.
7273.
7273.
7273.
7273.
7272.
7272.
7272.
7272.
7272.
7272.
7272.
7272.
7271.
7272.
7271.
7271.
7271.
7272.
7272.
7271.
7272.
7271.
7272.
7271.
7271.
7270.
7271.
7270.
7270.
7270.
7270.
7269.
7269.
7269.
7269.
7269.
7268.
7269.
7268.
7268.
7268.
7268.
7268.
7267.
7267.
7267.
7267.
7265.
7266.
7266.
7266.
7266.
7266.
7265.
7265.
7265.
7265.
7264.
7264.
7264.
7264.
7264.
7264.
7264.
7263.
7262.
7262.
7262.
7261.
7260.
7260.
7260.
7259.
7259.
7257.
7256.
7256.
7256.
7254.
7254.
7253.
7252.
7252.
7250.
7249.
7249.
7247.
7247.
7245.
7244.
7242.
7242.
7240.
7241.
7239.
7238.
7237.
7237.
7236.
7236.
7235.
7235.
7235.
7235.
7235.
7236.
7237.
7237.
7239.
7239.
7241.
7243.
7245.
7247.
7249.
7252.
7254.
7258.
7262.
7265.
7268.
7273.
7277.
7282.
7287.
7292.
7298.
7304.
7310.
7317.
7324.
7331.
7339.
7347.
7355.
7364.
7374.
7383.
7393.
7403.
7413.
7424.
7435.
7446.
7458.
7470.
7481.
7493.
7505.
7518.
7530.
7543.
7555.
7568.
7581.
7594.
7606.
7619.
7632.
7645.
7658.
7671.
7684.
7698.
7710.
7724.
7737.
7751.
7765.
7778.
7792.
7805.
7820.
7834.
7848.
7862.
7877.
7890.
7906.
7919.
7934.
7949.
7962.
7976.
7990.
8004.
8017.
8031.
8044.
8057.
8070.
8082.
8093.
8104.
8115.
8125.
8134.
8144.
8152.
8160.
8167.
8172.
8178.
8184.
8189.
8192.
8195.
8198.
8199.
8200.
8201.
8200.
8198.
8197.
8193.
8191.
8186.
8181.
8176.
8170.
8163.
8154.
8146.
8137.
8127.
8117.
8107.
8095.
8084.
8072.
8058.
8045.
8031.
8017.
8003.
7987.
7971.
7956.
7939.
7922.
7905.
7886.
7869.
7850.
7831.
7812.
7792.
7772.
7753.
7733.
7712.
7692.
7671.
7651.
7630.
7609.
7587.
7566.
7546.
7524.
7502.
7481.
7460.
7438.
7417.
7395.
7374.
7352.
7330.
7309.
7287.
7265.
7244.
7223.
7201.
7180.
7159.
7138.
7116.
7095.
7075.
7054.
7033.
7013.
6993.
6972.
6953.
6933.
6914.
6894.
6874.
6856.
6837.
6819.
6800.
6781.
6764.
6747.
6730.
6713.
6697.
6681.
6665.
6649.
6633.
6618.
6603.
6589.
6574.
6560.
6547.
6533.
6520.
6507.
6495.
6482.
6471.
6459.
6449.
6438.
6427.
6417.
6407.
6397.
6388.
6379.
6371.
6363.
6357.
6350.
6344.
6337.
6332.
6327.
6322.
6318.
6315.
6312.
6310.
6307.
6306.
6305.
6305.
6305.
6306.
6308.
6310.
6313.
6317.
6321.
6326.
6331.
6337.
6345.
6353.
6361.
6370.
6380.
6390.
6402.
6413.
6425.
6438.
6451.
6465.
6478.
6492.
6507.
6523.
6537.
6554.
6570.
6586.
6603.
6620.
6638.
6656.
6674.
6693.
6711.
6730.
6749.
6769.
6789.
6809.
6830.
6850.
6871.
6893.
6914.
6936.
6958.
6980.
7002.
7025.
7047.
7070.
7092.
7116.
7138.
7160.
7182.
7204.
7226.
7247.
7267.
7288.
7308.
7327.
7348.
7367.
7385.
7404.
7421.
7439.
7457.
7473.
7491.
7508.
7523.
7539.
7555.
7571.
7586.
7602.
7617.
7631.
7645.
7658.
7672.
7685.
7696.
7708.
7719.
7730.
7739.
7748.
7756.
7763.
7771.
7776.
7781.
7785.
7788.
7790.
7792.
7792.
7791.
7790.
7787.
7784.
7779.
7773.
7768.
7761.
7753.
7744.
7734.
7724.
7712.
7701.
7688.
7674.
7660.
7645.
7630.
7615.
7597.
7581.
7563.
7545.
7527.
7508.
7488.
7469.
7449.
7429.
7408.
7387.
7366.
7344.
7322.
7301.
7278.
7255.
7232.
7209.
7185.
7161.
7138.
7114.
7089.
7065.
7040.
7015.
6991.
6965.
6941.
6916.
6891.
6867.
6843.
6818.
6794.
6770.
6747.
6725.
6701.
6680.
6658.
6636.
6615.
6594.
6575.
6556.
6536.
6518.
6499.
6482.
6465.
6448.
6432.
6416.
6401.
6386.
6372.
6357.
6343.
6330.
6318.
6306.
6294.
6283.
6273.
6263.
6253.
6245.
6237.
6229.
6223.
6217.
6212.
6207.
6204.
6201.
6199.
6198.
6197.
6198.
6199.
6201.
6204.
6207.
6211.
6216.
6222.
6228.
6236.
6244.
6253.
6263.
6273.
6285.
6295.
6307.
6320.
6333.
6346.
6360.
6374.
6389.
6404.
6419.
6435.
6451.
6468.
6485.
6501.
6520.
6537.
6555.
6574.
6592.
6611.
6630.
6649.
6669.
6688.
6708.
6728.
6748.
6769.
6791.
6811.
6832.
6853.
6876.
6897.
6919.
6941.
6963.
6985.
7007.
7030.
7052.
7073.
7095.
7117.
7139.
7160.
7182.
7203.
7224.
7244.
7265.
7285.
7306.
7325.
7345.
7365.
7385.
7404.
7423.
7441.
7460.
7478.
7497.
7515.
7533.
7550.
7567.
7584.
7600.
7616.
7631.
7646.
7660.
7674.
7687.
7700.
7711.
7722.
7732.
7741.
7750.
7757.
7764.
7770.
7774.
7779.
7783.
7784.
7786.
7786.
7786.
7784.
7782.
7779.
7774.
7769.
7763.
7756.
7748.
7740.
7731.
7720.
7709.
7697.
7685.
7673.
7659.
7645.
7631.
7616.
7601.
7585.
7568.
7552.
7535.
7517.
7499.
7481.
7463.
7445.
7426.
7407.
7388.
7368.
7348.
7328.
7308.
7288.
7267.
7246.
7226.
7204.
7183.
7162.
7141.
7118.
7097.
7076.
7054.
7031.
7010.
6988.
6965.
6943.
6920.
6899.
6876.
6854.
6832.
6810.
6788.
6765.
6743.
6721.
6700.
6678.
6656.
6634.
6613.
6591.
6570.
6549.
6529.
6508.
6487.
6467.
6447.
6428.
6409.
6391.
6372.
6354.
6336.
6319.
6302.
6285.
6269.
6253.
6237.
6222.
6207.
6193.
6179.
6165.
6152.
6139.
6126.
6114.
6102.
6091.
6081.
6070.
6059.
6050.
6041.
6032.
6023.
6016.
6008.
6001.
5995.
5989.
5983.
5978.
5972.
5969.
5965.
5961.
5960.
5957.
5955.
5954.
5953.
5953.
5953.
5954.
5956.
5957.
5960.
5964.
5968.
5972.
5977.
5983.
5990.
5997.
6004.
6012.
6021.
6031.
6041.
6052.
6063.
6075.
6087.
6100.
6114.
6128.
6143.
6158.
6174.
6190.
6207.
6224.
6242.
6261.
6279.
6298.
6318.
6338.
6358.
6379.
6401.
6421.
6443.
6466.
6488.
6511.
6534.
6558.
6582.
6605.
6630.
6653.
6678.
6703.
6728.
6754.
6779.
6804.
6830.
6855.
6881.
6908.
6934.
6960.
6987.
7013.
7040.
7067.
7093.
7121.
7148.
7176.
7204.
7231.
7259.
7286.
7314.
7342.
7369.
7396.
7423.
7450.
7476.
7502.
7528.
7553.
7578.
7602.
7625.
7648.
7671.
7693.
7715.
7736.
7756.
7776.
7795.
7813.
7830.
7848.
7863.
7878.
7892.
7906.
7918.
7928.
7938.
7948.
7956.
7962.
7968.
7973.
7976.
7979.
7980.
7980.
7979.
7977.
7974.
7969.
7964.
7958.
7951.
7942.
7933.
7923.
7912.
7899.
7887.
7873.
7858.
7843.
7827.
7810.
7792.
7774.
7755.
7735.
7716.
7696.
7674.
7653.
7632.
7609.
7587.
7565.
7542.
7519.
7496.
7473.
7448.
7425.
7401.
7378.
7354.
7330.
7306.
7282.
7258.
7234.
7209.
7186.
7162.
7138.
7114.
7090.
7066.
7042.
7017.
6994.
6970.
6946.
6922.
6898.
6875.
6851.
6827.
6804.
6781.
6757.
6734.
6712.
6688.
6666.
6644.
6622.
6601.
6580.
6559.
6539.
6519.
6500.
6480.
6462.
6444.
6427.
6410.
6393.
6377.
6362.
6347.
6331.
6318.
6304.
6291.
6279.
6268.
6257.
6246.
6237.
6228.
6220.
6212.
6205.
6199.
6193.
6188.
6185.
6182.
6180.
6179.
6179.
6179.
6180.
6183.
6185.
6189.
6195.
6200.
6206.
6213.
6221.
6230.
6239.
6250.
6261.
6273.
6286.
6300.
6314.
6329.
6344.
6360.
6378.
6395.
6414.
6432.
6450.
6471.
6489.
6510.
6530.
6551.
6572.
6593.
6615.
6637.
6658.
6680.
6703.
6726.
6749.
6772.
6795.
6819.
6842.
6866.
6890.
6914.
6938.
6963.
6987.
7012.
7036.
7060.
7085.
7110.
7134.
7158.
7183.
7207.
7231.
7254.
7278.
7300.
7323.
7345.
7368.
7389.
7410.
7432.
7452.
7473.
7494.
7514.
7532.
7551.
7570.
7589.
7607.
7624.
7642.
7659.
7675.
7691.
7706.
7722.
7736.
7751.
7765.
7778.
7791.
7804.
7814.
7825.
7836.
7845.
7853.
7861.
7869.
7875.
7880.
7885.
7889.
7892.
7894.
7895.
7895.
7895.
7893.
7890.
7887.
7884.
7879.
7872.
7866.
7859.
7850.
7841.
7831.
7821.
7810.
7798.
7787.
7774.
7760.
7746.
7731.
7717.
7701.
7685.
7668.
7651.
7635.
7616.
7598.
7580.
7561.
7541.
7522.
7501.
7482.
7462.
7440.
7420.
7398.
7377.
7355.
7334.
7312.
7291.
7269.
7247.
7225.
7203.
7180.
7158.
7136.
7113.
7090.
7068.
7045.
7022.
6999.
6976.
6952.
6929.
6907.
6883.
6859.
6835.
6812.
6789.
6766.
6743.
6720.
6698.
6675.
6653.
6632.
6609.
6588.
6568.
6546.
6527.
6506.
6487.
6468.
6449.
6431.
6413.
6396.
6379.
6362.
6346.
6329.
6314.
6300.
6285.
6270.
6257.
6244.
6231.
6219.
6207.
6195.
6184.
6173.
6163.
6153.
6143.
6134.
6126.
6118.
6111.
6104.
6098.
6092.
6087.
6082.
6078.
6075.
6073.
6070.
6069.
6069.
6069.
6070.
6072.
6074.
6077.
6081.
6085.
6090.
6096.
6102.
6109.
6117.
6125.
6134.
6144.
6154.
6165.
6177.
6189.
6201.
6213.
6227.
6241.
6256.
6271.
6286.
6302.
6318.
6335.
6352.
6370.
6387.
6405.
6425.
6443.
6463.
6482.
6502.
6523.
6544.
6565.
6588.
6609.
6631.
6654.
6677.
6700.
6724.
6748.
6771.
6796.
6820.
6845.
6870.
6895.
6920.
6945.
6971.
6997.
7023.
7049.
7076.
7102.
7127.
7154.
7181.
7206.
7233.
7260.
7286.
7312.
7337.
7364.
7389.
7415.
7440.
7466.
7492.
7516.
7541.
7566.
7591.
7616.
7640.
7665.
7689.
7713.
7736.
7760.
7783.
7807.
7829.
7851.
7875.
7897.
7919.
7940.
7961.
7983.
8002.
8022.
8041.
8059.
8079.
8095.
8111.
8127.
8140.
8154.
8168.
8179.
8191.
8201.
8210.
8219.
8226.
8233.
8239.
8243.
8248.
8251.
8255.
8257.
8257.
8257.
8257.
8256.
8253.
8249.
8245.
8241.
8236.
8230.
8223.
8215.
8206.
8198.
8187.
8176.
8165.
8153.
8141.
8128.
8115.
8100.
8085.
8069.
8052.
8036.
8019.
8001.
7983.
7964.
7944.
7925.
7904.
7883.
7861.
7839.
7817.
7794.
7770.
7746.
7722.
7697.
7673.
7646.
7620.
7593.
7567.
7540.
7512.
7485.
7456.
7428.
7400.
7371.
7342.
7313.
7283.
7254.
7224.
7194.
7165.
7135.
7104.
7074.
7043.
7013.
6983.
6953.
6923.
6892.
6862.
6832.
6802.
6772.
6742.
6714.
6685.
6655.
6628.
6600.
6573.
6546.
6519.
6494.
6469.
6444.
6421.
6398.
6377.
6354.
6334.
6314.
6295.
6276.
6259.
6241.
6225.
6209.
6195.
6180.
6167.
6155.
6143.
6131.
6122.
6113.
6104.
6096.
6090.
6084.
6078.
6075.
6071.
6070.
6068.
6068.
6068.
6069.
6072.
6075.
6079.
6085.
6091.
6097.
6105.
6115.
6123.
6133.
6144.
6156.
6168.
6182.
6195.
6209.
6224.
6240.
6255.
6272.
6288.
6306.
6323.
6341.
6359.
6378.
6398.
6417.
6438.
6458.
6478.
6499.
6519.
6540.
6561.
6583.
6605.
6626.
6648.
6670.
6693.
6715.
6738.
6761.
6784.
6808.
6832.
6855.
6881.
6905.
6930.
6954.
6980.
7005.
7030.
7057.
7083.
7108.
7135.
7160.
7186.
7213.
7239.
7264.
7290.
7317.
7342.
7368.
7393.
7419.
7443.
7469.
7495.
7520.
7545.
7570.
7595.
7620.
7645.
7670.
7694.
7719.
7742.
7766.
7790.
7814.
7837.
7860.
7883.
7905.
7927.
7948.
7969.
7989.
8007.
8026.
8044.
8061.
8077.
8092.
8107.
8119.
8132.
8144.
8154.
8164.
8172.
8179.
8186.
8190.
8195.
8198.
8200.
8201.
8200.
8199.
8196.
8192.
8188.
8182.
8175.
8167.
8158.
8148.
8137.
8125.
8113.
8099.
8084.
8068.
8053.
8035.
8017.
7998.
7979.
7959.
7939.
7917.
7895.
7873.
7850.
7828.
7804.
7780.
7756.
7732.
7707.
7683.
7657.
7632.
7607.
7582.
7556.
7530.
7504.
7478.
7452.
7426.
7401.
7375.
7349.
7323.
7296.
7271.
7246.
7221.
7195.
7171.
7146.
7123.
7099.
7077.
7054.
7032.
7011.
6990.
6971.
6952.
6933.
6915.
6898.
6882.
6867.
6853.
6839.
6826.
6814.
6803.
6793.
6782.
6774.
6766.
6759.
6753.
6747.
6743.
6740.
6737.
6735.
6734.
6733.
6734.
6735.
6737.
6739.
6743.
6748.
6753.
6759.
6766.
6772.
6781.
6791.
6800.
6811.
6822.
6834.
6846.
6859.
6872.
6886.
6902.
6916.
6932.
6948.
6964.
6981.
6999.
7017.
7035.
7055.
7075.
7095.
7115.
7136.
7157.
7180.
7203.
7226.
7250.
7274.
7299.
7324.
7350.
7376.
7402.
7428.
7456.
7483.
7511.
7538.
7567.
7595.
7623.
7650.
7679.
7707.
7735.
7762.
7789.
7816.
7843.
7868.
7894.
7918.
7943.
7967.
7989.
8012.
8034.
8056.
8077.
8098.
8118.
8137.
8156.
8175.
8193.
8210.
8227.
8243.
8260.
8275.
8291.
8305.
8319.
8333.
8346.
8358.
8371.
8381.
8392.
8402.
8411.
8419.
8426.
8433.
8438.
8443.
8448.
8451.
8452.
8454.
8455.
8455.
8452.
8450.
8447.
8442.
8438.
8431.
8424.
8416.
8407.
8397.
8386.
8374.
8362.
8349.
8335.
8319.
8303.
8287.
8270.
8253.
8234.
8215.
8196.
8174.
8154.
8132.
8110.
8086.
8063.
8039.
8015.
7990.
7965.
7938.
7911.
7884.
7857.
7830.
7802.
7773.
7745.
7716.
7687.
7656.
7627.
7598.
7567.
7536.
7505.
7474.
7444.
7412.
7381.
7351.
7320.
7288.
7257.
7225.
7195.
7164.
7133.
7103.
7072.
7041.
7012.
6981.
6952.
6922.
6893.
6863.
6834.
6806.
6777.
6749.
6721.
6693.
6666.
6639.
6613.
6587.
6561.
6536.
6512.
6487.
6464.
6441.
6420.
6398.
6378.
6358.
6339.
6322.
6304.
6289.
6274.
6260.
6247.
6236.
6226.
6217.
6209.
6202.
6197.
6193.
6191.
6190.
6189.
6191.
6193.
6197.
6202.
6207.
6215.
6224.
6233.
6243.
6255.
6267.
6280.
6294.
6308.
6324.
6341.
6358.
6376.
6394.
6414.
6434.
6454.
6475.
6497.
6520.
6543.
6566.
6590.
6615.
6640.
6665.
6690.
6716.
6742.
6768.
6794.
6819.
6846.
6871.
6898.
6923.
6948.
6973.
6998.
7023.
7047.
7070.
7093.
7115.
7138.
7159.
7179.
7199.
7218.
7237.
7256.
7274.
7291.
7307.
7323.
7337.
7352.
7365.
7377.
7389.
7400.
7409.
7418.
7426.
7433.
7438.
7443.
7447.
7450.
7452.
7452.
7451.
7450.
7448.
7445.
7440.
7435.
7429.
7422.
7415.
7406.
7397.
7387.
7377.
7366.
7354.
7341.
7327.
7313.
7298.
7283.
7268.
7252.
7235.
7217.
7200.
7182.
7164.
7145.
7126.
7107.
7088.
7068.
7048.
7028.
7008.
6987.
6967.
6946.
6925.
6905.
6883.
6863.
6841.
6820.
6798.
6777.
6755.
6734.
6712.
6690.
6668.
6646.
6624.
6602.
6580.
6557.
6535.
6513.
6491.
6469.
6448.
6426.
6405.
6383.
6362.
6341.
6321.
6300.
6279.
6260.
6240.
6221.
6201.
6182.
6163.
6146.
6128.
6110.
6093.
6076.
6061.
6045.
6031.
6016.
6002.
5989.
5975.
5964.
5953.
5942.
5932.
5923.
5914.
5906.
5899.
5893.
5888.
5884.
5880.
5877.
5875.
5875.
5874.
5875.
5877.
5880.
5882.
5887.
5893.
5899.
5906.
5914.
5921.
5930.
5941.
5951.
5963.
5975.
5987.
6001.
6015.
6029.
6044.
6060.
6075.
6091.
6109.
6126.
6145.
6162.
6181.
6200.
6220.
6239.
6259.
6280.
6301.
6322.
6344.
6366.
6389.
6411.
6434.
6457.
6480.
6505.
6528.
6553.
6577.
6601.
6627.
6652.
6677.
6702.
6728.
6754.
6779.
6805.
6831.
6857.
6883.
6910.
6936.
6962.
6990.
7015.
7042.
7068.
7093.
7119.
7144.
7170.
7195.
7220.
7244.
7267.
7292.
7316.
7339.
7362.
7385.
7408.
7430.
7452.
7474.
7495.
7516.
7537.
7558.
7578.
7598.
7617.
7636.
7654.
7672.
7690.
7706.
7722.
7737.
7753.
7766.
7779.
7791.
7802.
7813.
7821.
7829.
7836.
7843.
7848.
7851.
7854.
7855.
7856.
7856.
7855.
7853.
7849.
7845.
7839.
7833.
7825.
7817.
7807.
7796.
7786.
7773.
7760.
7746.
7732.
7717.
7701.
7685.
7668.
7649.
7631.
7611.
7591.
7571.
7550.
7528.
7506.
7484.
7461.
7439.
7415.
7390.
7367.
7342.
7318.
7293.
7268.
7243.
7218.
7193.
7168.
7143.
7118.
7094.
7069.
7045.
7021.
6997.
6972.
6948.
6924.
6900.
6876.
6852.
6828.
6805.
6781.
6757.
6734.
6711.
6688.
6665.
6642.
6619.
6596.
6573.
6550.
6528.
6505.
6483.
6460.
6438.
6416.
6394.
6373.
6352.
6331.
6310.
6290.
6269.
6250.
6230.
6210.
6192.
6173.
6156.
6138.
6121.
6105.
6089.
6074.
6060.
6045.
6032.
6019.
6006.
5995.
5983.
5972.
5963.
5953.
5944.
5935.
5927.
5920.
5914.
5908.
5903.
5898.
5894.
5891.
5888.
5886.
5885.
5884.
5885.
5885.
5887.
5889.
5891.
5896.
5900.
5905.
5910.
5916.
5923.
5931.
5940.
5948.
5958.
5969.
5980.
5992.
6003.
6016.
6030.
6044.
6059.
6074.
6089.
6105.
6121.
6139.
6157.
6174.
6193.
6212.
6232.
6251.
6271.
6291.
6313.
6334.
6356.
6378.
6401.
6424.
6447.
6471.
6495.
6520.
6545.
6570.
6595.
6620.
6647.
6673.
6699.
6726.
6753.
6780.
6807.
6834.
6861.
6889.
6916.
6944.
6971.
6998.
7025.
7052.
7080.
7107.
7133.
7160.
7186.
7213.
7240.
7267.
7292.
7318.
7344.
7370.
7396.
7420.
7446.
7471.
7496.
7521.
7545.
7569.
7593.
7616.
7639.
7662.
7685.
7707.
7728.
7749.
7769.
7789.
7808.
7826.
7844.
7861.
7876.
7892.
7906.
7919.
7931.
7943.
7954.
7964.
7972.
7980.
7987.
7993.
7997.
8002.
8005.
8007.
8008.
8008.
8006.
8004.
8002.
7998.
7992.
7987.
7980.
7972.
7964.
7955.
7944.
7933.
7921.
7909.
7895.
7880.
7866.
7850.
7834.
7817.
7798.
7780.
7762.
7742.
7723.
7703.
7682.
7662.
7640.
7618.
7596.
7574.
7551.
7528.
7504.
7480.
7457.
7432.
7408.
7384.
7359.
7335.
7311.
7286.
7261.
7236.
7211.
7187.
7163.
7138.
7114.
7089.
7065.
7041.
7017.
6993.
6970.
6945.
6922.
6898.
6875.
6851.
6828.
6805.
6782.
6759.
6737.
6714.
6692.
6669.
6647.
6626.
6605.
6584.
6563.
6544.
6524.
6504.
6486.
6469.
6451.
6434.
6419.
6404.
6388.
6375.
6362.
6349.
6337.
6326.
6317.
6308.
6299.
6292.
6285.
6279.
6274.
6270.
6266.
6265.
6263.
6262.
6263.
6264.
6265.
6268.
6271.
6275.
6280.
6285.
6291.
6298.
6306.
6314.
6323.
6332.
6343.
6354.
6365.
6377.
6389.
6402.
6415.
6430.
6443.
6459.
6474.
6490.
6506.
6522.
6539.
6556.
6574.
6592.
6611.
6629.
6649.
6669.
6688.
6709.
6730.
6752.
6773.
6795.
6818.
6840.
6863.
6886.
6909.
6933.
6957.
6980.
7005.
7029.
7054.
7078.
7102.
7125.
7150.
7174.
7198.
7222.
7246.
7269.
7292.
7316.
7339.
7362.
7385.
7408.
7431.
7454.
7477.
7501.
7523.
7546.
7569.
7591.
7615.
7637.
7659.
7682.
7704.
7725.
7746.
7768.
7789.
7809.
7829.
7848.
7867.
7885.
7903.
7920.
7936.
7952.
7967.
7981.
7994.
8005.
8017.
8027.
8036.
8045.
8054.
8060.
8066.
8071.
8076.
8078.
8081.
8082.
8082.
8081.
8081.
8079.
8076.
8072.
8068.
8063.
8056.
8050.
8042.
8033.
8023.
8013.
8003.
7991.
7979.
7967.
7953.
7939.
7925.
7909.
7893.
7878.
7860.
7844.
7826.
7808.
7789.
7770.
7751.
7732.
7712.
7692.
7671.
7651.
7630.
7608.
7587.
7566.
7544.
7522.
7500.
7478.
7455.
7432.
7410.
7386.
7363.
7340.
7316.
7293.
7269.
7245.
7223.
7199.
7176.
7152.
7128.
7105.
7081.
7058.
7034.
7011.
6988.
6965.
6942.
6919.
6896.
6874.
6851.
6829.
6807.
6785.
6762.
6740.
6718.
6697.
6676.
6654.
6633.
6612.
6591.
6570.
6549.
6529.
6509.
6489.
6470.
6450.
6432.
6414.
6397.
6380.
6363.
6348.
6332.
6317.
6303.
6290.
6277.
6266.
6254.
6244.
6235.
6225.
6217.
6210.
6204.
6198.
6193.
6189.
6186.
6183.
6182.
6181.
6181.
6182.
6184.
6186.
6190.
6193.
6197.
6203.
6209.
6216.
6223.
6231.
6241.
6250.
6261.
6272.
6284.
6296.
6309.
6322.
6336.
6351.
6366.
6382.
6397.
6413.
6430.
6448.
6465.
6483.
6502.
6521.
6541.
6560.
6581.
6601.
6622.
6643.
6664.
6686.
6708.
6731.
6753.
6775.
6799.
6821.
6844.
6868.
6892.
6915.
6940.
6964.
6989.
7013.
7038.
7063.
7088.
7113.
7138.
7163.
7189.
7214.
7239.
7264.
7290.
7315.
7340.
7364.
7389.
7413.
7438.
7461.
7485.
7508.
7531.
7554.
7577.
7599.
7621.
7642.
7662.
7684.
7703.
7722.
7740.
7759.
7776.
7793.
7809.
7825.
7839.
7852.
7865.
7877.
7888.
7899.
7908.
7915.
7922.
7928.
7934.
7937.
7939.
7943.
7943.
7943.
7941.
7939.
7936.
7932.
7926.
7920.
7913.
7905.
7895.
7885.
7874.
7861.
7849.
7835.
7821.
7806.
7791.
7773.
7755.
7737.
7718.
7699.
7677.
7656.
7634.
7612.
7588.
7564.
7540.
7515.
7489.
7463.
7437.
7410.
7382.
7355.
7326.
7298.
7269.
7240.
7211.
7181.
7152.
7122.
7092.
7062.
7032.
7002.
6971.
6943.
6912.
6883.
6854.
6825.
6796.
6767.
6738.
6711.
6682.
6656.
6629.
6602.
6576.
6549.
6524.
6499.
6474.
6450.
6426.
6403.
6379.
6356.
6334.
6312.
6291.
6269.
6248.
6229.
6209.
6189.
6170.
6151.
6134.
6117.
6100.
6084.
6069.
6055.
6040.
6028.
6016.
6004.
5994.
5984.
5976.
5968.
5961.
5956.
5950.
5946.
5944.
5942.
5941.
5942.
5942.
5944.
5947.
5951.
5956.
5961.
5969.
5975.
5983.
5992.
6002.
6013.
6024.
6036.
6049.
6062.
6076.
6091.
6106.
6121.
6138.
6155.
6173.
6190.
6209.
6228.
6248.
6267.
6286.
6307.
6327.
6347.
6369.
6390.
6413.
6434.
6456.
6478.
6500.
6522.
6544.
6566.
6589.
6612.
6635.
6657.
6681.
6704.
6727.
6749.
6772.
6796.
6820.
6843.
6867.
6890.
6914.
6938.
6962.
6986.
7010.
7034.
7058.
7082.
7106.
7130.
7153.
7178.
7201.
7225.
7249.
7271.
7294.
7316.
7339.
7361.
7382.
7404.
7424.
7445.
7466.
7485.
7506.
7524.
7542.
7560.
7578.
7595.
7611.
7627.
7641.
7656.
7669.
7682.
7695.
7706.
7717.
7727.
7735.
7744.
7750.
7757.
7763.
7767.
7771.
7773.
7776.
7776.
7776.
7776.
7774.
7771.
7769.
7764.
7759.
7753.
7747.
7739.
7731.
7722.
7712.
7703.
7692.
7681.
7669.
7656.
7644.
7631.
7617.
7603.
7588.
7573.
7558.
7542.
7526.
7511.
7494.
7477.
7460.
7443.
7425.
7407.
7389.
7371.
7352.
7334.
7315.
7296.
7277.
7258.
7238.
7219.
7199.
7179.
7159.
7139.
7119.
7099.
7079.
7059.
7038.
7019.
6999.
6978.
6958.
6939.
6918.
6899.
6879.
6858.
6838.
6819.
6799.
6779.
6759.
6740.
6721.
6702.
6683.
6664.
6645.
6627.
6609.
6591.
6573.
6556.
6539.
6522.
6505.
6489.
6472.
6457.
6441.
6426.
6411.
6396.
6382.
6367.
6354.
6340.
6327.
6314.
6302.
6291.
6279.
6268.
6258.
6248.
6239.
6230.
6222.
6214.
6207.
6201.
6196.
6191.
6187.
6183.
6180.
6178.
6176.
6176.
6175.
6177.
6178.
6181.
6184.
6187.
6192.
6197.
6204.
6210.
6219.
6227.
6237.
6246.
6256.
6267.
6280.
6293.
6306.
6321.
6335.
6350.
6366.
6383.
6400.
6418.
6436.
6455.
6474.
6494.
6514.
6535.
6554.
6576.
6596.
6618.
6639.
6661.
6683.
6705.
6727.
6749.
6771.
6793.
6815.
6837.
6861.
6882.
6905.
6928.
6950.
6974.
6996.
7019.
7043.
7066.
7090.
7114.
7137.
7161.
7186.
7209.
7235.
7260.
7285.
7310.
7335.
7359.
7385.
7410.
7436.
7461.
7486.
7512.
7537.
7562.
7587.
7612.
7637.
7661.
7684.
7708.
7730.
7753.
7776.
7798.
7819.
7840.
7860.
7880.
7900.
7917.
7936.
7953.
7970.
7986.
8001.
8016.
8030.
8044.
8057.
8069.
8080.
8091.
8100.
8110.
8118.
8125.
8132.
8137.
8142.
8145.
8148.
8150.
8150.
8150.
8148.
8146.
8144.
8140.
8134.
8128.
8121.
8114.
8105.
8095.
8085.
8073.
8060.
8048.
8034.
8019.
8004.
7989.
7973.
7956.
7938.
7920.
7901.
7881.
7862.
7841.
7821.
7799.
7777.
7755.
7733.
7710.
7686.
7663.
7639.
7615.
7590.
7567.
7542.
7517.
7492.
7467.
7442.
7417.
7391.
7366.
7340.
7315.
7289.
7263.
7237.
7211.
7186.
7160.
7133.
7108.
7081.
7056.
7029.
7004.
6978.
6952.
6926.
6901.
6876.
6851.
6825.
6800.
6775.
6751.
6727.
6702.
6678.
6655.
6632.
6609.
6587.
6564.
6542.
6522.
6501.
6481.
6460.
6442.
6422.
6405.
6387.
6370.
6354.
6338.
6324.
6311.
6297.
6285.
6273.
6263.
6253.
6245.
6237.
6231.
6226.
6222.
6219.
6218.
6217.
6218.
6218.
6220.
6225.
6230.
6235.
6242.
6249.
6258.
6267.
6277.
6289.
6301.
6314.
6327.
6342.
6357.
6373.
6389.
6405.
6423.
6441.
6460.
6478.
6498.
6518.
6538.
6559.
6579.
6600.
6623.
6644.
6667.
6689.
6711.
6734.
6757.
6780.
6803.
6825.
6849.
6872.
6895.
6918.
6941.
6964.
6987.
7009.
7031.
7054.
7076.
7097.
7118.
7139.
7160.
7180.
7200.
7219.
7238.
7257.
7274.
7291.
7309.
7325.
7341.
7356.
7370.
7383.
7396.
7407.
7418.
7429.
7438.
7447.
7455.
7462.
7468.
7473.
7478.
7481.
7485.
7487.
7489.
7489.
7489.
7489.
7489.
7486.
7483.
7480.
7476.
7472.
7467.
7461.
7455.
7448.
7441.
7433.
7424.
7415.
7406.
7396.
7386.
7375.
7364.
7352.
7341.
7328.
7316.
7303.
7291.
7277.
7264.
7249.
7235.
7221.
7206.
7191.
7176.
7160.
7144.
7129.
7113.
7097.
7080.
7064.
7048.
7029.
7013.
6996.
6978.
6961.
6944.
6926.
6908.
6890.
6872.
6854.
6836.
6818.
6801.
6783.
6765.
6748.
6731.
6713.
6697.
6679.
6663.
6647.
6632.
6616.
6601.
6585.
6570.
6555.
6540.
6526.
6511.
6498.
6484.
6471.
6457.
6444.
6431.
6418.
6406.
6394.
6383.
6371.
6360.
6350.
6340.
6330.
6322.
6313.
6305.
6299.
6294.
6287.
6283.
6279.
6276.
6273.
6272.
6271.
6271.
6272.
6274.
6277.
6281.
6286.
6291.
6297.
6304.
6312.
6320.
6329.
6339.
6350.
6361.
6373.
6386.
6399.
6413.
6427.
6443.
6459.
6475.
6492.
6509.
6528.
6545.
6564.
6584.
6603.
6624.
6644.
6664.
6686.
6707.
6729.
6750.
6772.
6795.
6818.
6840.
6863.
6886.
6909.
6932.
6955.
6979.
7002.
7027.
7052.
7076.
7099.
7124.
7150.
7175.
7201.
7226.
7251.
7277.
7303.
7329.
7356.
7382.
7409.
7437.
7464.
7492.
7520.
7547.
7575.
7603.
7630.
7659.
7687.
7715.
7743.
7770.
7798.
7826.
7852.
7880.
7907.
7934.
7960.
7985.
8011.
8036.
8061.
8086.
8111.
8135.
8159.
8183.
8207.
8230.
8252.
8274.
8296.
8318.
8340.
8361.
8382.
8403.
8423.
8443.
8464.
8483.
8502.
8521.
8539.
8557.
8575.
8593.
8611.
8628.
8645.
8661.
8677.
8693.
8707.
8722.
8736.
8749.
8762.
8775.
8788.
8799.
8811.
8820.
8830.
8839.
8847.
8855.
8862.
8869.
8876.
8880.
8885.
8889.
8892.
8894.
8897.
8898.
8899.
8899.
8897.
8895.
8893.
8889.
8885.
8880.
8874.
8868.
8860.
8851.
8842.
8831.
8820.
8808.
8794.
8780.
8765.
8749.
8732.
8715.
8697.
8678.
8657.
8638.
8616.
8594.
8571.
8549.
8525.
8500.
8475.
8450.
8423.
8396.
8369.
8341.
8313.
8284.
8255.
8227.
8197.
8167.
8136.
8106.
8076.
8045.
8014.
7983.
7952.
7921.
7889.
7858.
7826.
7795.
7763.
7731.
7699.
7667.
7635.
7602.
7569.
7537.
7505.
7472.
7439.
7407.
7375.
7343.
7311.
7280.
7249.
7219.
7188.
7159.
7129.
7101.
7072.
7046.
7019.
6994.
6969.
6945.
6922.
6901.
6880.
6860.
6842.
6824.
6808.
6794.
6780.
6768.
6758.
6748.
6740.
6733.
6728.
6725.
6723.
6722.
6722.
6724.
6727.
6731.
6737.
6744.
6752.
6760.
6770.
6782.
6794.
6806.
6820.
6833.
6848.
6864.
6881.
6897.
6914.
6932.
6950.
6969.
6988.
7008.
7027.
7048.
7067.
7088.
7108.
7128.
7149.
7169.
7189.
7209.
7230.
7249.
7269.
7289.
7309.
7328.
7348.
7368.
7387.
7406.
7425.
7444.
7462.
7480.
7499.
7517.
7535.
7554.
7572.
7589.
7606.
7623.
7640.
7657.
7673.
7689.
7704.
7721.
7736.
7751.
7765.
7780.
7794.
7808.
7821.
7834.
7845.
7857.
7868.
7880.
7890.
7900.
7908.
7917.
7924.
7932.
7939.
7944.
7949.
7954.
7957.
7959.
7962.
7963.
7963.
7962.
7962.
7959.
7957.
7952.
7948.
7943.
7937.
7930.
7923.
7916.
7907.
7898.
7888.
7878.
7866.
7854.
7843.
7831.
7817.
7803.
7790.
7774.
7759.
7744.
7727.
7710.
7693.
7675.
7657.
7639.
7619.
7599.
7580.
7559.
7538.
7517.
7496.
7474.
7451.
7428.
7405.
7381.
7357.
7333.
7308.
7283.
7258.
7233.
7207.
7181.
7155.
7130.
7104.
7078.
7052.
7026.
6999.
6973.
6948.
6922.
6897.
6871.
6846.
6821.
6796.
6771.
6746.
6722.
6698.
6673.
6649.
6625.
6600.
6576.
6553.
6530.
6506.
6483.
6460.
6438.
6416.
6394.
6371.
6350.
6329.
6308.
6286.
6266.
6246.
6228.
6209.
6191.
6174.
6157.
6140.
6124.
6108.
6093.
6079.
6066.
6053.
6040.
6029.
6017.
6007.
5997.
5987.
5978.
5970.
5963.
5956.
5949.
5943.
5939.
5934.
5930.
5927.
5925.
5923.
5922.
5922.
5922.
5923.
5925.
5928.
5932.
5936.
5942.
5947.
5954.
5961.
5969.
5977.
5987.
5997.
6007.
6019.
6031.
6044.
6058.
6072.
6086.
6101.
6117.
6133.
6149.
6167.
6185.
6203.
6221.
6241.
6261.
6280.
6301.
6322.
6343.
6365.
6387.
6409.
6432.
6455.
6478.
6502.
6527.
6551.
6576.
6601.
6626.
6652.
6679.
6705.
6731.
6758.
6784.
6811.
6838.
6864.
6892.
6919.
6946.
6972.
6999.
7026.
7052.
7078.
7104.
7129.
7155.
7179.
7205.
7229.
7254.
7278.
7301.
7326.
7351.
7375.
7398.
7422.
7446.
7469.
7493.
7516.
7539.
7561.
7585.
7607.
7630.
7652.
7674.
7696.
7717.
7737.
7758.
7778.
7798.
7817.
7836.
7853.
7870.
7887.
7903.
7918.
7933.
7946.
7959.
7971.
7982.
7992.
8001.
8011.
8018.
8024.
8030.
8035.
8039.
8042.
8044.
8044.
8044.
8043.
8042.
8038.
8035.
8030.
8024.
8018.
8011.
8002.
7994.
7983.
7973.
7961.
7949.
7935.
7921.
7907.
7893.
7876.
7859.
7843.
7825.
7806.
7786.
7765.
7745.
7724.
7703.
7680.
7657.
7634.
7610.
7586.
7560.
7535.
7510.
7484.
7457.
7431.
7404.
7376.
7349.
7322.
7293.
7265.
7237.
7208.
7179.
7151.
7123.
7095.
7067.
7038.
7010.
6981.
6952.
6925.
6897.
6870.
6841.
6814.
6786.
6759.
6731.
6704.
6677.
6650.
6623.
6596.
6570.
6543.
6517.
6490.
6465.
6439.
6413.
6388.
6363.
6338.
6314.
6290.
6266.
6243.
6220.
6198.
6176.
6154.
6134.
6113.
6093.
6074.
6055.
6036.
6018.
6001.
5984.
5969.
5953.
5938.
5924.
5911.
5898.
5884.
5873.
5862.
5851.
5841.
5832.
5824.
5816.
5809.
5803.
5797.
5793.
5789.
5786.
5784.
5782.
5781.
5782.
5783.
5786.
5788.
5792.
5796.
5801.
5807.
5814.
5822.
5831.
5840.
5850.
5860.
5872.
5884.
5898.
5912.
5926.
5941.
5957.
5973.
5990.
6007.
6025.
6043.
6062.
6082.
6101.
6121.
6142.
6163.
6185.
6207.
6229.
6250.
6273.
6296.
6320.
6342.
6366.
6389.
6413.
6437.
6460.
6484.
6507.
6531.
6555.
6578.
6601.
6624.
6647.
6670.
6692.
6715.
6737.
6760.
6781.
6803.
6826.
6846.
6868.
6890.
6911.
6932.
6953.
6973.
6994.
7014.
7034.
7055.
7075.
7095.
7115.
7135.
7154.
7174.
7194.
7212.
7231.
7248.
7266.
7285.
7303.
7320.
7336.
7352.
7367.
7382.
7396.
7410.
7424.
7435.
7447.
7458.
7468.
7478.
7487.
7495.
7502.
7508.
7515.
7520.
7523.
7527.
7530.
7531.
7532.
7533.
7531.
7530.
7528.
7525.
7521.
7516.
7511.
7504.
7498.
7490.
7482.
7473.
7464.
7453.
7442.
7431.
7419.
7406.
7393.
7380.
7365.
7350.
7335.
7320.
7304.
7287.
7271.
7254.
7236.
7218.
7200.
7181.
7163.
7144.
7124.
7103.
7083.
7062.
7042.
7021.
7000.
6978.
6956.
6934.
6912.
6890.
6867.
6844.
6821.
6799.
6775.
6751.
6728.
6704.
6680.
6657.
6634.
6609.
6586.
6561.
6538.
6514.
6491.
6468.
6445.
6421.
6399.
6377.
6356.
6334.
6313.
6292.
6272.
6252.
6233.
6213.
6195.
6177.
6159.
6141.
6124.
6107.
6090.
6075.
6060.
6045.
6030.
6016.
6001.
5988.
5975.
5962.
5949.
5938.
5927.
5916.
5907.
5897.
5888.
5880.
5871.
5865.
5858.
5853.
5848.
5843.
5839.
5836.
5833.
5832.
5831.
5830.
5830.
5832.
5834.
5836.
5840.
5844.
5849.
5855.
5861.
5868.
5876.
5884.
5894.
5904.
5914.
5925.
5937.
5950.
5963.
5976.
5990.
6005.
6020.
6035.
6050.
6067.
6084.
6101.
6118.
6135.
6154.
6173.
6191.
6211.
6230.
6249.
6269.
6290.
6310.
6330.
6351.
6372.
6393.
6414.
6435.
6457.
6479.
6501.
6523.
6545.
6568.
6590.
6613.
6636.
6659.
6682.
6706.
6729.
6753.
6777.
6800.
6825.
6849.
6873.
6898.
6922.
6947.
6971.
6996.
7020.
7044.
7069.
7092.
7116.
7139.
7162.
7185.
7208.
7231.
7253.
7275.
7297.
7320.
7342.
7364.
7386.
7407.
7428.
7450.
7471.
7492.
7513.
7534.
7555.
7575.
7595.
7615.
7634.
7654.
7674.
7693.
7711.
7730.
7747.
7764.
7781.
7798.
7814.
7830.
7846.
7861.
7875.
7889.
7902.
7916.
7929.
7941.
7954.
7965.
7975.
7986.
7996.
8005.
8014.
8022.
8029.
8036.
8042.
8047.
8053.
8056.
8059.
8062.
8064.
8064.
8065.
8064.
8061.
8060.
8056.
8053.
8049.
8042.
8036.
8030.
8022.
8013.
8003.
7994.
7983.
7971.
7959.
7946.
7933.
7919.
7904.
7889.
7875.
7858.
7841.
7823.
7806.
7788.
7769.
7750.
7730.
7710.
7690.
7669.
7647.
7626.
7603.
7582.
7559.
7536.
7513.
7490.
7466.
7442.
7418.
7393.
7368.
7343.
7318.
7292.
7267.
7241.
7215.
7189.
7163.
7138.
7111.
7085.
7059.
7032.
7006.
6980.
6954.
6928.
6903.
6876.
6851.
6825.
6800.
6774.
6748.
6724.
6699.
6674.
6650.
6626.
6601.
6579.
6555.
6533.
6511.
6489.
6467.
6446.
6425.
6404.
6385.
6365.
6346.
6327.
6308.
6291.
6273.
6256.
6239.
6224.
6208.
6193.
6179.
6166.
6152.
6140.
6128.
6117.
6107.
6098.
6089.
6081.
6074.
6069.
6064.
6060.
6058.
6056.
6055.
6056.
6058.
6061.
6065.
6070.
6077.
6085.
6093.
6103.
6113.
6126.
6139.
6153.
6169.
6184.
6201.
6217.
6236.
6255.
6274.
6294.
6314.
6336.
6358.
6380.
6403.
6426.
6450.
6475.
6500.
6525.
6550.
6576.
6603.
6629.
6657.
6684.
6711.
6740.
6768.
6797.
6826.
6854.
6883.
6911.
6940.
6969.
6998.
7026.
7055.
7083.
7111.
7140.
7168.
7195.
7223.
7249.
7276.
7303.
7329.
7356.
7382.
7409.
7435.
7461.
7487.
7513.
7539.
7565.
7590.
7616.
7641.
7665.
7689.
7714.
7737.
7762.
7785.
7807.
7828.
7850.
7869.
7889.
7908.
7926.
7943.
7959.
7974.
7988.
8001.
8014.
8025.
8035.
8044.
8053.
8061.
8066.
8071.
8075.
8077.
8079.
8080.
8079.
8077.
8074.
8071.
8065.
8058.
8052.
8043.
8034.
8024.
8013.
8000.
7988.
7974.
7959.
7944.
7928.
7911.
7895.
7876.
7858.
7840.
7820.
7800.
7780.
7759.
7738.
7716.
7694.
7671.
7649.
7626.
7603.
7580.
7557.
7534.
7510.
7486.
7463.
7440.
7415.
7391.
7368.
7343.
7319.
7294.
7270.
7245.
7221.
7196.
7171.
7146.
7120.
7095.
7071.
7045.
7020.
6995.
6970.
6945.
6921.
6896.
6871.
6847.
6824.
6799.
6776.
6752.
6729.
6706.
6683.
6661.
6640.
6618.
6597.
6576.
6556.
6536.
6517.
6498.
6480.
6462.
6445.
6428.
6412.
6396.
6382.
6367.
6354.
6342.
6329.
6317.
6306.
6297.
6289.
6281.
6273.
6267.
6261.
6257.
6253.
6250.
6248.
6247.
6246.
6246.
6248.
6250.
6253.
6257.
6262.
6267.
6274.
6280.
6287.
6296.
6305.
6315.
6325.
6336.
6347.
6359.
6371.
6384.
6398.
6412.
6426.
6441.
6455.
6471.
6487.
6502.
6519.
6535.
6553.
6569.
6587.
6605.
6622.
6640.
6658.
6677.
6695.
6714.
6733.
6753.
6771.
6791.
6810.
6830.
6850.
6870.
6890.
6911.
6932.
6952.
6973.
6995.
7017.
7038.
7060.
7081.
7104.
7126.
7148.
7171.
7194.
7216.
7239.
7262.
7285.
7307.
7329.
7352.
7375.
7398.
7420.
7441.
7464.
7485.
7506.
7527.
7548.
7568.
7588.
7609.
7628.
7646.
7666.
7685.
7703.
7721.
7739.
7759.
7776.
7794.
7811.
7828.
7845.
7861.
7878.
7894.
7911.
7926.
7941.
7956.
7970.
7984.
7998.
8011.
8023.
8035.
8047.
8058.
8068.
8078.
8086.
8095.
8102.
8108.
8114.
8119.
8122.
8126.
8128.
8130.
8130.
8130.
8129.
8126.
8123.
8120.
8115.
8109.
8103.
8095.
8087.
8078.
8067.
8057.
8046.
8034.
8021.
8008.
7993.
7978.
7963.
7946.
7931.
7913.
7896.
7878.
7860.
7840.
7821.
7801.
7781.
7759.
7739.
7718.
7697.
7675.
7653.
7631.
7609.
7586.
7564.
7541.
7519.
7496.
7474.
7451.
7428.
7406.
7383.
7360.
7337.
7315.
7292.
7268.
7246.
7222.
7200.
7176.
7153.
7130.
7107.
7084.
7060.
7037.
7014.
6991.
6968.
6944.
6922.
6900.
6878.
6854.
6832.
6811.
6789.
6767.
6746.
6725.
6704.
6683.
6663.
6643.
6623.
6603.
6585.
6565.
6547.
6529.
6511.
6493.
6475.
6459.
6442.
6426.
6411.
6397.
6382.
6369.
6355.
6343.
6331.
6321.
6310.
6301.
6292.
6283.
6276.
6268.
6263.
6257.
6253.
6248.
6245.
6243.
6240.
6239.
6238.
6238.
6238.
6239.
6241.
6244.
6247.
6252.
6257.
6262.
6268.
6274.
6282.
6291.
6299.
6308.
6319.
6329.
6340.
6352.
6364.
6378.
6391.
6404.
6419.
6432.
6447.
6463.
6479.
6496.
6513.
6530.
6548.
6565.
6584.
6602.
6621.
6640.
6660.
6680.
6702.
6722.
6743.
6765.
6788.
6809.
6832.
6855.
6878.
6902.
6925.
6949.
6972.
6996.
7019.
7042.
7066.
7088.
7112.
7135.
7158.
7180.
7203.
7225.
7246.
7267.
7288.
7309.
7329.
7350.
7370.
7389.
7409.
7428.
7446.
7465.
7484.
7502.
7521.
7540.
7558.
7576.
7594.
7611.
7629.
7646.
7664.
7682.
7699.
7716.
7732.
7750.
7766.
7783.
7800.
7816.
7833.
7849.
7865.
7880.
7896.
7912.
7928.
7943.
7959.
7973.
7989.
8004.
8018.
8033.
8047.
8062.
8077.
8089.
8102.
8114.
8125.
8137.
8147.
8157.
8166.
8174.
8182.
8190.
8197.
8203.
8206.
8210.
8214.
8216.
8218.
8219.
8219.
8220.
8218.
8216.
8214.
8210.
8205.
8201.
8195.
8188.
8180.
8173.
8164.
8154.
8144.
8133.
8122.
8110.
8097.
8083.
8068.
8054.
8037.
8021.
8004.
7986.
7968.
7950.
7932.
7912.
7892.
7872.
7851.
7829.
7807.
7786.
7763.
7740.
7718.
7695.
7671.
7647.
7623.
7599.
7576.
7551.
7527.
7503.
7479.
7454.
7429.
7406.
7382.
7358.
7334.
7310.
7286.
7263.
7238.
7215.
7192.
7169.
7146.
7122.
7099.
7077.
7054.
7031.
7009.
6987.
6965.
6943.
6921.
6899.
6879.
6857.
6837.
6816.
6795.
6776.
6756.
6736.
6717.
6697.
6678.
6660.
6642.
6624.
6606.
6588.
6571.
6554.
6538.
6522.
6505.
6490.
6474.
6459.
6444.
6431.
6417.
6405.
6392.
6380.
6369.
6358.
6348.
6339.
6331.
6323.
6316.
6310.
6303.
6298.
6295.
6291.
6288.
6286.
6285.
6284.
6284.
6285.
6287.
6290.
6293.
6297.
6302.
6308.
6315.
6323.
6331.
6340.
6350.
6361.
6372.
6384.
6397.
6410.
6423.
6438.
6453.
6468.
6484.
6501.
6518.
6535.
6553.
6570.
6589.
6606.
6625.
6645.
6664.
6684.
6703.
6722.
6742.
6762.
6782.
6802.
6822.
6842.
6861.
6881.
6901.
6920.
6940.
6958.
6977.
6996.
7014.
7032.
7050.
7067.
7084.
7101.
7118.
7135.
7151.
7167.
7183.
7199.
7214.
7231.
7245.
7261.
7276.
7291.
7305.
7320.
7333.
7348.
7361.
7374.
7387.
7400.
7412.
7424.
7436.
7446.
7456.
7466.
7475.
7483.
7492.
7499.
7506.
7512.
7518.
7522.
7526.
7529.
7532.
7535.
7536.
7537.
7536.
7536.
7535.
7533.
7531.
7528.
7524.
7521.
7515.
7509.
7504.
7497.
7490.
7482.
7474.
7465.
7456.
7446.
7436.
7425.
7414.
7403.
7390.
7378.
7365.
7351.
7338.
7324.
7309.
7294.
7280.
7265.
7250.
7233.
7218.
7201.
7184.
7168.
7151.
7133.
7116.
7099.
7082.
7065.
7047.
7030.
7013.
6995.
6978.
6961.
6944.
6927.
6911.
6895.
6880.
6863.
6848.
6833.
6817.
6802.
6787.
6772.
6757.
6743.
6728.
6713.
6699.
6684.
6669.
6655.
6642.
6628.
6614.
6600.
6587.
6575.
6561.
6549.
6536.
6525.
6512.
6501.
6490.
6478.
6468.
6457.
6448.
6438.
6429.
6421.
6412.
6404.
6397.
6390.
6383.
6377.
6372.
6367.
6363.
6359.
6356.
6354.
6351.
6350.
6349.
6348.
6349.
6349.
6352.
6354.
6356.
6360.
6365.
6370.
6376.
6382.
6389.
6397.
6406.
6414.
6424.
6433.
6444.
6455.
6468.
6479.
6492.
6505.
6518.
6532.
6546.
6561.
6576.
6591.
6607.
6623.
6640.
6656.
6673.
6690.
6707.
6725.
6743.
6762.
6779.
6798.
6817.
6836.
6855.
6874.
6894.
6914.
6934.
6953.
6973.
6993.
7014.
7034.
7055.
7075.
7096.
7117.
7138.
7158.
7179.
7199.
7220.
7240.
7261.
7280.
7301.
7321.
7341.
7360.
7380.
7399.
7418.
7438.
7456.
7475.
7494.
7512.
7531.
7550.
7568.
7587.
7604.
7623.
7640.
7658.
7676.
7693.
7710.
7727.
7744.
7760.
7776.
7792.
7807.
7823.
7837.
7851.
7865.
7879.
7891.
7904.
7915.
7926.
7937.
7947.
7957.
7966.
7974.
7981.
7988.
7995.