7679.
7679.
7678.
7678.
7677.
7675.
7675.
7674.
7674.
7672.
7671.
7670.
7669.
7667.
7665.
7664.
7662.
7661.
7658.
7657.
7655.
7653.
7650.
7649.
7647.
7644.
7641.
7640.
7637.
7634.
7632.
7629.
7626.
7623.
7620.
7618.
7615.
7612.
7609.
7605.
7602.
7600.
7596.
7593.
7590.
7586.
7583.
7580.
7577.
7573.
7571.
7567.
7563.
7561.
7558.
7556.
7556.
7557.
7562.
7569.
7577.
7588.
7600.
7610.
7619.
7625.
7631.
7636.
7641.
7644.
7645.
7645.
7644.
7643.
7643.
7643.
7642.
7641.
7641.
7640.
7640.
7641.
7641.
7639.
7640.
7639.
7639.
7639.
7639.
7639.
7638.
7638.
7638.
7638.
7638.
7637.
7638.
7638.
7637.
7638.
7638.
7638.
7639.
7638.
7639.
7639.
7639.
7640.
7641.
7641.
7642.
7642.
7643.
7645.
7645.
7645.
7647.
7647.
7649.
7650.
7652.
7653.
7654.
7656.
7658.
7660.
7662.
7663.
7666.
7667.
7668.
7671.
7673.
7676.
7678.
7679.
7681.
7683.
7686.
7689.
7691.
7694.
7697.
7699.
7701.
7704.
7706.
7705.
7703.
7698.
7693.
7688.
7683.
7680.
7679.
7679.
7680.
7682.
7685.
7686.
7688.
7689.
7690.
7690.
7689.
7690.
7691.
7690.
7691.
7691.
7691.
7690.
7690.
7690.
7688.
7688.
7688.
7687.
7687.
7687.
7686.
7685.
7684.
7683.
7681.
7680.
7680.
7678.
7677.
7675.
7674.
7672.
7671.
7669.
7668.
7665.
7663.
7661.
7659.
7657.
7656.
7654.
7652.
7649.
7647.
7645.
7643.
7640.
7638.
7637.
7633.
7631.
7629.
7626.
7626.
7623.
7620.
7617.
7615.
7612.
7610.
7608.
7605.
7603.
7599.
7598.
7596.
7594.
7593.
7593.
7598.
7607.
7615.
7626.
7639.
7650.
7662.
7671.
7679.
7685.
7690.
7694.
7696.
7697.
7698.
7699.
7698.
7697.
7698.
7698.
7697.
7697.
7696.
7696.
7697.
7698.
7698.
7698.
7697.
7697.
7698.
7697.
7699.
7699.
7699.
7699.
7699.
7700.
7700.
7701.
7701.
7702.
7703.
7704.
7705.
7706.
7708.
7708.
7711.
7710.
7712.
7714.
7716.
7717.
7718.
7720.
7721.
7723.
7725.
7727.
7728.
7730.
7732.
7734.
7736.
7738.
7740.
7742.
7745.
7747.
7748.
7750.
7752.
7755.
7757.
7759.
7761.
7763.
7767.
7769.
7772.
7774.
7775.
7778.
7781.
7785.
7786.
7789.
7792.
7794.
7796.
7799.
7802.
7802.
7802.
7801.
7798.
7794.
7791.
7788.
7787.
7787.
7789.
7791.
7793.
7796.
7797.
7798.
7799.
7799.
7799.
7801.
7802.
7803.
7803.
7805.
7804.
7805.
7805.
7805.
7805.
7806.
7807.
7807.
7808.
7807.
7807.
7808.
7807.
7807.
7807.
7808.
7807.
7806.
7806.
7807.
7806.
7806.
7805.
7804.
7804.
7803.
7802.
7801.
7801.
7800.
7799.
7798.
7797.
7795.
7796.
7795.
7793.
7793.
7791.
7791.
7790.
7789.
7788.
7786.
7786.
7785.
7784.
7782.
7781.
7780.
7779.
7777.
7777.
7776.
7774.
7773.
7773.
7772.
7771.
7770.
7770.
7768.
7768.
7768.
7766.
7766.
7764.
7765.
7763.
7763.
7763.
7762.
7761.
7761.
7759.
7760.
7759.
7759.
7760.
7759.
7758.
7759.
7760.
7763.
7769.
7779.
7790.
7803.
7820.
7834.
7849.
7861.
7871.
7876.
7880.
7883.
7886.
7887.
7887.
7889.
7890.
7892.
7893.
7894.
7895.
7897.
7899.
7901.
7902.
7902.
7904.
7906.
7908.
7909.
7910.
7913.
7913.
7915.
7918.
7919.
7921.
7923.
7925.
7928.
7930.
7932.
7934.
7937.
7939.
7941.
7944.
7946.
7949.
7951.
7954.
7957.
7960.
7962.
7966.
7968.
7971.
7973.
7976.
7979.
7981.
7986.
7988.
7990.
7993.
7996.
7999.
8000.
8004.
8007.
8010.
8012.
8015.
8018.
8022.
8025.
8029.
8033.
8036.
8038.
8043.
8046.
8048.
8051.
8055.
8058.
8060.
8063.
8067.
8070.
8072.
8073.
8074.
8074.
8072.
8069.
8062.
8055.
8047.
8041.
8036.
8035.
8035.
8037.
8039.
8043.
8045.
8046.
8048.
8048.
8049.
8049.
8050.
8051.
8051.
8051.
8052.
8052.
8053.
8052.
8052.
8052.
8052.
8052.
8051.
8051.
8052.
8051.
8049.
8049.
8049.
8050.
8049.
8047.
8046.
8046.
8045.
8045.
8044.
8043.
8043.
8043.
8041.
8040.
8039.
8037.
8037.
8035.
8035.
8034.
8032.
8032.
8030.
8027.
8026.
8025.
8025.
8023.
8022.
8021.
8020.
8019.
8017.
8016.
8013.
8012.
8011.
8009.
8010.
8008.
8005.
8003.
8003.
8001.
8001.
8000.
7999.
7998.
7997.
7995.
7994.
7993.
7992.
7989.
7989.
7988.
7988.
7988.
7986.
7986.
7984.
7982.
7982.
7982.
7981.
7980.
7980.
7979.
7977.
7978.
7976.
7977.
7975.
7974.
7974.
7974.
7973.
7972.
7972.
7972.
7971.
7970.
7970.
7971.
7970.
7970.
7969.
7969.
7969.
7969.
7969.
7969.
7970.
7970.
7969.
7969.
7970.
7970.
7969.
7969.
7970.
7970.
7970.
7971.
7972.
7973.
7972.
7972.
7973.
7974.
7975.
7975.
7976.
7977.
7978.
7979.
7980.
7981.
7983.
7983.
7985.
7986.
7988.
7990.
7991.
7992.
7995.
7996.
7996.
7998.
8000.
8001.
8004.
8006.
8007.
8010.
8011.
8012.
8014.
8017.
8018.
8021.
8023.
8026.
8028.
8030.
8032.
8033.
8035.
8038.
8042.
8044.
8046.
8049.
8052.
8054.
8056.
8059.
8062.
8065.
8067.
8069.
8073.
8075.
8078.
8080.
8083.
8086.
8089.
8091.
8095.
8098.
8100.
8103.
8106.
8108.
8112.
8114.
8116.
8116.
8117.
8117.
8116.
8115.
8112.
8110.
8109.
8107.
8106.
8105.
8107.
8109.
8110.
8113.
8115.
8118.
8121.
8123.
8125.
8127.
8129.
8132.
8134.
8137.
8139.
8140.
8143.
8145.
8147.
8150.
8152.
8154.
8157.
8159.
8162.
8165.
8168.
8169.
8173.
8175.
8177.
8180.
8182.
8184.
8188.
8190.
8192.
8195.
8197.
8198.
8202.
8204.
8207.
8208.
8211.
8214.
8216.
8219.
8222.
8224.
8226.
8229.
8231.
8234.
8237.
8238.
8242.
8244.
8247.
8250.
8251.
8254.
8256.
8259.
8261.
8262.
8265.
8268.
8270.
8272.
8274.
8275.
8277.
8280.
8282.
8284.
8286.
8289.
8288.
8291.
8292.
8295.
8296.
8297.
8298.
8300.
8301.
8303.
8304.
8305.
8307.
8308.
8309.
8311.
8312.
8312.
8313.
8315.
8316.
8317.
8317.
8319.
8319.
8320.
8320.
8321.
8321.
8321.
8322.
8323.
8324.
8325.
8323.
8324.
8325.
8326.
8326.
8326.
8326.
8326.
8326.
8327.
8326.
8327.
8327.
8326.
8326.
8325.
8326.
8326.
8325.
8325.
8325.
8324.
8324.
8322.
8322.
8323.
8323.
8323.
8323.
8322.
8322.
8320.
8320.
8321.
8320.
8320.
8320.
8320.
8319.
8319.
8319.
8320.
8319.
8318.
8319.
8318.
8319.
8319.
8319.
8319.
8319.
8319.
8320.
8319.
8320.
8320.
8320.
8321.
8322.
8321.
8321.
8321.
8322.
8323.
8323.
8324.
8324.
8324.
8326.
8326.
8326.
8326.
8328.
8328.
8328.
8329.
8329.
8331.
8331.
8332.
8332.
8333.
8333.
8333.
8335.
8335.
8335.
8336.
8336.
8336.
8336.
8337.
8338.
8339.
8339.
8339.
8340.
8340.
8341.
8341.
8342.
8342.
8343.
8343.
8344.
8344.
8345.
8345.
8346.
8346.
8347.
8346.
8347.
8346.
8348.
8347.
8347.
8346.
8348.
8348.
8349.
8349.
8349.
8349.
8349.
8350.
8350.
8350.
8350.
8349.
8348.
8347.
8344.
8342.
8339.
8338.
8337.
8335.
8335.
8333.
8334.
8332.
8332.
8331.
8331.
8331.
8331.
8331.
8332.
8333.
8334.
8333.
8334.
8334.
8335.
8334.
8335.
8334.
8334.
8335.
8335.
8335.
8335.
8335.
8334.
8335.
8335.
8335.
8335.
8335.
8335.
8334.
8335.
8334.
8334.
8334.
8334.
8334.
8335.
8334.
8333.
8334.
8334.
8334.
8333.
8333.
8332.
8331.
8332.
8332.
8332.
8331.
8331.
8331.
8329.
8329.
8330.
8330.
8328.
8327.
8327.
8326.
8324.
8324.
8323.
8322.
8322.
8320.
8320.
8319.
8318.
8316.
8314.
8312.
8311.
8309.
8306.
8305.
8302.
8301.
8299.
8297.
8295.
8293.
8291.
8289.
8287.
8285.
8281.
8278.
8276.
8274.
8270.
8267.
8264.
8261.
8258.
8255.
8251.
8247.
8245.
8242.
8238.
8234.
8231.
8228.
8224.
8220.
8216.
8211.
8207.
8203.
8198.
8194.
8190.
8184.
8180.
8176.
8171.
8166.
8160.
8155.
8151.
8145.
8141.
8134.
8128.
8123.
8118.
8113.
8109.
8103.
8097.
8091.
8087.
8086.
8088.
8093.
8103.
8115.
8128.
8141.
8155.
8167.
8179.
8191.
8203.
8212.
8222.
8231.
8238.
8247.
8254.
8259.
8262.
8263.
8264.
8264.
8263.
8261.
8260.
8258.
8256.
8253.
8250.
8247.
8245.
8241.
8239.
8237.
8234.
8231.
8229.
8226.
8223.
8220.
8218.
8215.
8213.
8211.
8209.
8206.
8204.
8202.
8199.
8197.
8194.
8192.
8189.
8188.
8185.
8182.
8180.
8178.
8176.
8173.
8172.
8168.
8166.
8163.
8161.
8159.
8155.
8151.
8149.
8146.
8143.
8139.
8135.
8132.
8128.
8124.
8119.
8116.
8113.
8109.
8104.
8099.
8095.
8089.
8085.
8080.
8075.
8070.
8065.
8060.
8055.
8050.
8044.
8037.
8031.
8026.
8019.
8013.
8007.
8001.
7995.
7988.
7982.
7974.
7968.
7965.
7965.
7968.
7976.
7987.
8000.
8015.
8030.
8045.
8058.
8071.
8084.
8097.
8110.
8121.
8132.
8139.
8147.
8153.
8157.
8160.
8160.
8158.
8156.
8153.
8150.
8147.
8145.
8143.
8140.
8136.
8135.
8133.
8130.
8129.
8126.
8125.
8123.
8121.
8119.
8117.
8117.
8115.
8114.
8113.
8111.
8109.
8109.
8109.
8106.
8106.
8105.
8104.
8104.
8103.
8103.
8103.
8103.
8103.
8103.
8103.
8103.
8104.
8104.
8104.
8105.
8106.
8107.
8108.
8109.
8110.
8112.
8113.
8115.
8116.
8118.
8119.
8121.
8124.
8127.
8128.
8129.
8131.
8133.
8136.
8138.
8140.
8143.
8144.
8147.
8151.
8154.
8155.
8155.
8152.
8147.
8140.
8130.
8122.
8115.
8111.
8109.
8107.
8110.
8111.
8114.
8116.
8118.
8118.
8119.
8119.
8119.
8120.
8119.
8119.
8119.
8119.
8118.
8118.
8118.
8116.
8116.
8116.
8115.
8114.
8113.
8111.
8110.
8109.
8107.
8105.
8104.
8101.
8099.
8098.
8096.
8093.
8090.
8087.
8085.
8082.
8079.
8077.
8074.
8072.
8068.
8064.
8060.
8056.
8053.
8049.
8046.
8041.
8037.
8032.
8028.
8023.
8019.
8014.
8010.
8005.
8000.
7995.
7990.
7984.
7979.
7973.
7967.
7963.
7957.
7951.
7944.
7939.
7933.
7927.
7921.
7915.
7908.
7903.
7897.
7890.
7884.
7877.
7871.
7863.
7858.
7852.
7847.
7844.
7844.
7849.
7856.
7868.
7881.
7896.
7910.
7922.
7935.
7946.
7956.
7964.
7970.
7975.
7978.
7979.
7978.
7977.
7974.
7971.
7969.
7968.
7965.
7963.
7960.
7958.
7957.
7955.
7955.
7952.
7950.
7949.
7948.
7946.
7944.
7942.
7941.
7940.
7939.
7938.
7936.
7935.
7933.
7932.
7931.
7930.
7929.
7928.
7926.
7926.
7925.
7925.
7925.
7924.
7922.
7923.
7923.
7922.
7922.
7921.
7921.
7921.
7921.
7921.
7921.
7922.
7922.
7923.
7923.
7923.
7923.
7924.
7924.
7925.
7925.
7927.
7928.
7928.
7929.
7931.
7932.
7933.
7934.
7936.
7937.
7938.
7939.
7940.
7942.
7944.
7946.
7948.
7950.
7951.
7953.
7956.
7957.
7959.
7962.
7965.
7966.
7968.
7971.
7974.
7976.
7978.
7983.
7985.
7988.
7990.
7993.
7994.
7995.
7993.
7988.
7984.
7979.
7973.
7968.
7966.
7965.
7964.
7966.
7967.
7968.
7968.
7967.
7968.
7967.
7966.
7965.
7965.
7964.
7964.
7963.
7960.
7959.
7957.
7956.
7953.
7952.
7951.
7948.
7947.
7944.
7940.
7938.
7935.
7933.
7929.
7927.
7923.
7921.
7917.
7914.
7910.
7908.
7903.
7898.
7895.
7891.
7888.
7882.
7878.
7874.
7870.
7865.
7860.
7856.
7851.
7845.
7840.
7835.
7831.
7825.
7820.
7814.
7808.
7803.
7798.
7792.
7786.
7779.
7773.
7767.
7761.
7756.
7750.
7743.
7736.
7730.
7725.
7718.
7712.
7708.
7705.
7706.
7711.
7717.
7727.
7736.
7746.
7755.
7761.
7766.
7771.
7776.
7782.
7789.
7795.
7800.
7803.
7803.
7802.
7802.
7800.
7799.
7797.
7795.
7793.
7791.
7789.
7790.
7788.
7786.
7786.
7785.
7784.
7784.
7781.
7780.
7779.
7778.
7777.
7776.
7775.
7774.
7773.
7773.
7772.
7771.
7772.
7771.
7771.
7771.
7770.
7770.
7771.
7772.
7772.
7772.
7772.
7773.
7774.
7775.
7776.
7777.
7778.
7779.
7781.
7782.
7784.
7786.
7787.
7789.
7791.
7793.
7796.
7797.
7800.
7802.
7806.
7808.
7809.
7813.
7815.
7817.
7821.
7824.
7825.
7829.
7832.
7835.
7838.
7840.
7844.
7848.
7850.
7850.
7849.
7847.
7843.
7837.
7831.
7828.
7826.
7826.
7827.
7828.
7830.
7831.
7831.
7831.
7832.
7831.
7830.
7830.
7830.
7830.
7828.
7827.
7825.
7824.
7822.
7821.
7820.
7819.
7816.
7815.
7813.
7810.
7808.
7804.
7802.
7800.
7797.
7795.
7792.
7789.
7784.
7782.
7778.
7774.
7771.
7768.
7763.
7760.
7755.
7751.
7747.
7744.
7739.
7735.
7730.
7726.
7722.
7717.
7713.
7707.
7704.
7698.
7693.
7687.
7683.
7677.
7672.
7667.
7662.
7656.
7651.
7645.
7641.
7636.
7630.
7624.
7619.
7614.
7608.
7602.
7597.
7591.
7586.
7580.
7575.
7572.
7570.
7571.
7576.
7585.
7594.
7604.
7614.
7623.
7631.
7637.
7643.
7647.
7651.
7653.
7654.
7653.
7653.
7652.
7650.
7649.
7648.
7646.
7646.
7644.
7643.
7642.
7640.
7639.
7640.
7637.
7636.
7634.
7633.
7632.
7631.
7629.
7628.
7627.
7627.
7625.
7624.
7623.
7621.
7620.
7620.
7619.
7618.
7617.
7616.
7616.
7615.
7614.
7614.
7614.
7613.
7612.
7612.
7611.
7610.
7611.
7610.
7610.
7610.
7609.
7608.
7608.
7609.
7608.
7608.
7608.
7609.
7609.
7609.
7609.
7609.
7609.
7610.
7611.
7611.
7611.
7611.
7612.
7612.
7612.
7614.
7614.
7615.
7616.
7616.
7617.
7617.
7619.
7619.
7620.
7621.
7623.
7624.
7625.
7626.
7628.
7630.
7631.
7633.
7634.
7636.
7637.
7639.
7642.
7644.
7645.
7648.
7650.
7652.
7654.
7657.
7660.
7663.
7665.
7667.
7671.
7674.
7676.
7680.
7683.
7686.
7689.
7692.
7696.
7699.
7702.
7705.
7708.
7709.
7708.
7706.
7703.
7699.
7694.
7691.
7690.
7689.
7690.
7691.
7692.
7694.
7694.
7694.
7693.
7694.
7694.
7694.
7693.
7693.
7691.
7690.
7689.
7688.
7687.
7686.
7684.
7682.
7680.
7679.
7677.
7675.
7673.
7670.
7667.
7664.
7662.
7659.
7657.
7654.
7651.
7648.
7645.
7641.
7638.
7634.
7631.
7628.
7624.
7620.
7616.
7614.
7609.
7605.
7601.
7597.
7593.
7589.
7585.
7580.
7576.
7573.
7568.
7564.
7560.
7555.
7551.
7548.
7544.
7539.
7535.
7531.
7527.
7523.
7519.
7515.
7511.
7508.
7506.
7507.
7511.
7520.
7529.
7542.
7555.
7568.
7581.
7591.
7601.
7610.
7617.
7623.
7628.
7631.
7633.
7633.
7634.
7633.
7634.
7634.
7632.
7632.
7632.
7632.
7632.
7633.
7633.
7633.
7633.
7633.
7634.
7634.
7634.
7634.
7635.
7635.
7635.
7635.
7635.
7637.
7637.
7638.
7639.
7639.
7641.
7641.
7641.
7643.
7645.
7645.
7646.
7649.
7650.
7651.
7653.
7654.
7655.
7657.
7659.
7661.
7662.
7664.
7666.
7668.
7670.
7671.
7674.
7676.
7678.
7679.
7682.
7685.
7686.
7689.
7691.
7694.
7696.
7700.
7702.
7704.
7706.
7710.
7713.
7715.
7718.
7720.
7724.
7726.
7730.
7733.
7736.
7739.
7741.
7745.
7749.
7751.
7754.
7757.
7761.
7764.
7768.
7771.
7775.
7778.
7781.
7784.
7788.
7792.
7796.
7798.
7802.
7805.
7808.
7812.
7816.
7819.
7823.
7827.
7830.
7833.
7836.
7839.
7844.
7846.
7849.
7852.
7856.
7858.
7860.
7863.
7865.
7869.
7870.
7873.
7876.
7877.
7879.
7881.
7883.
7885.
7886.
7889.
7891.
7892.
7893.
7894.
7896.
7896.
7898.
7897.
7900.
7900.
7901.
7902.
7901.
7901.
7903.
7902.
7903.
7903.
7903.
7903.
7903.
7903.
7902.
7901.
7902.
7902.
7902.
7901.
7900.
7899.
7898.
7897.
7896.
7894.
7894.
7893.
7891.
7890.
7889.
7888.
7886.
7884.
7882.
7880.
7879.
7878.
7875.
7873.
7871.
7869.
7867.
7865.
7862.
7859.
7857.
7854.
7853.
7851.
7847.
7845.
7842.
7840.
7838.
7834.
7831.
7829.
7826.
7823.
7821.
7818.
7815.
7813.
7810.
7808.
7805.
7802.
7798.
7795.
7792.
7790.
7787.
7786.
7782.
7779.
7777.
7773.
7771.
7768.
7765.
7763.
7759.
7756.
7754.
7751.
7748.
7745.
7743.
7740.
7738.
7736.
7736.
7740.
7746.
7755.
7767.
7778.
7792.
7804.
7816.
7825.
7832.
7839.
7844.
7848.
7850.
7851.
7851.
7850.
7851.
7851.
7852.
7853.
7853.
7854.
7854.
7853.
7854.
7855.
7855.
7856.
7857.
7857.
7857.
7858.
7859.
7860.
7861.
7861.
7862.
7863.
7864.
7865.
7866.
7868.
7869.
7870.
7871.
7873.
7873.
7875.
7877.
7879.
7880.
7882.
7884.
7885.
7887.
7889.
7892.
7893.
7896.
7898.
7899.
7902.
7904.
7906.
7908.
7911.
7913.
7915.
7918.
7920.
7922.
7925.
7926.
7926.
7924.
7919.
7913.
7905.
7897.
7890.
7886.
7883.
7884.
7886.
7888.
7891.
7893.
7895.
7897.
7898.
7899.
7901.
7900.
7901.
7902.
7902.
7903.
7903.
7904.
7904.
7904.
7905.
7905.
7905.
7906.
7905.
7906.
7906.
7907.
7906.
7907.
7906.
7906.
7906.
7907.
7906.
7906.
7906.
7906.
7906.
7906.
7905.
7904.
7904.
7905.
7903.
7904.
7902.
7902.
7901.
7901.
7900.
7899.
7899.
7897.
7896.
7895.
7894.
7893.
7893.
7890.
7889.
7888.
7886.
7883.
7882.
7881.
7879.
7878.
7876.
7874.
7872.
7871.
7869.
7866.
7864.
7862.
7860.
7859.
7856.
7854.
7852.
7850.
7848.
7847.
7844.
7842.
7841.
7841.
7843.
7849.
7858.
7871.
7884.
7898.
7913.