7639.
7636.
7633.
7632.
7629.
7626.
7623.
7620.
7618.
7616.
7613.
7611.
7607.
7605.
7603.
7599.
7596.
7593.
7590.
7587.
7584.
7581.
7578.
7574.
7570.
7568.
7565.
7561.
7558.
7556.
7552.
7550.
7547.
7543.
7540.
7536.
7534.
7531.
7528.
7528.
7531.
7536.
7544.
7554.
7566.
7577.
7589.
7600.
7608.
7613.
7617.
7622.
7625.
7627.
7626.
7626.
7625.
7624.
7624.
7624.
7623.
7622.
7622.
7621.
7622.
7621.
7621.
7622.
7621.
7621.
7620.
7620.
7619.
7620.
7620.
7619.
7619.
7619.
7620.
7620.
7621.
7621.
7622.
7621.
7623.
7622.
7623.
7624.
7624.
7625.
7626.
7627.
7627.
7628.
7629.
7630.
7633.
7633.
7634.
7636.
7638.
7639.
7641.
7643.
7644.
7646.
7648.
7650.
7652.
7653.
7656.
7658.
7660.
7663.
7665.
7667.
7669.
7671.
7673.
7676.
7679.
7681.
7683.
7687.
7690.
7692.
7694.
7697.
7701.
7703.
7706.
7708.
7710.
7712.
7709.
7708.
7705.
7702.
7700.
7698.
7699.
7702.
7703.
7706.
7709.
7709.
7710.
7712.
7712.
7714.
7715.
7714.
7715.
7715.
7715.
7716.
7717.
7717.
7718.
7718.
7718.
7718.
7718.
7717.
7717.
7717.
7717.
7716.
7716.
7715.
7714.
7714.
7713.
7712.
7711.
7710.
7710.
7709.
7708.
7707.
7705.
7705.
7704.
7703.
7701.
7700.
7698.
7697.
7696.
7694.
7693.
7692.
7690.
7688.
7687.
7685.
7684.
7684.
7681.
7679.
7677.
7677.
7675.
7673.
7671.
7670.
7668.
7667.
7665.
7665.
7663.
7661.
7660.
7659.
7659.
7659.
7658.
7658.
7662.
7670.
7679.
7692.
7706.
7723.
7738.
7752.
7765.
7777.
7786.
7794.
7797.
7801.
7803.
7804.
7805.
7805.
7806.
7807.
7808.
7809.
7811.
7812.
7814.
7816.
7817.
7819.
7821.
7822.
7824.
7825.
7827.
7829.
7830.
7832.
7834.
7836.
7838.
7840.
7842.
7844.
7847.
7848.
7850.
7852.
7855.
7857.
7859.
7862.
7864.
7866.
7868.
7871.
7874.
7877.
7879.
7881.
7885.
7887.
7889.
7892.
7895.
7897.
7899.
7902.
7904.
7907.
7910.
7912.
7915.
7917.
7920.
7923.
7925.
7928.
7931.
7933.
7935.
7939.
7941.
7943.
7946.
7950.
7953.
7955.
7958.
7960.
7963.
7965.
7967.
7970.
7972.
7975.
7978.
7981.
7983.
7985.
7988.
7990.
7993.
7995.
7998.
7999.
8001.
8004.
8007.
8009.
8011.
8014.
8016.
8018.
8020.
8022.
8025.
8027.
8028.
8031.
8033.
8036.
8037.
8038.
8041.
8043.
8044.
8047.
8048.
8049.
8052.
8053.
8055.
8056.
8058.
8060.
8062.
8063.
8064.
8066.
8066.
8069.
8070.
8071.
8073.
8074.
8076.
8077.
8079.
8080.
8081.
8081.
8083.
8084.
8084.
8085.
8086.
8087.
8088.
8089.
8089.
8090.
8091.
8092.
8092.
8093.
8093.
8095.
8095.
8095.
8096.
8096.
8097.
8098.
8099.
8098.
8099.
8100.
8100.
8100.
8103.
8102.
8103.
8103.
8103.
8105.
8106.
8105.
8106.
8106.
8107.
8107.
8108.
8108.
8109.
8109.
8109.
8111.
8111.
8110.
8111.
8112.
8112.
8114.
8115.
8115.
8116.
8117.
8117.
8119.
8119.
8120.
8120.
8122.
8124.
8124.
8124.
8127.
8127.
8128.
8129.
8131.
8132.
8132.
8134.
8137.
8138.
8138.
8140.
8142.
8143.
8144.
8147.
8148.
8149.
8151.
8152.
8156.
8158.
8159.
8162.
8164.
8166.
8167.
8169.
8172.
8173.
8174.
8176.
8179.
8182.
8183.
8185.
8188.
8189.
8192.
8194.
8198.
8199.
8202.
8204.
8206.
8209.
8211.
8214.
8215.
8218.
8221.
8224.
8226.
8229.
8231.
8233.
8236.
8238.
8240.
8243.
8245.
8249.
8250.
8254.
8255.
8257.
8260.
8263.
8266.
8268.
8270.
8272.
8275.
8276.
8278.
8280.
8281.
8283.
8284.
8286.
8287.
8289.
8291.
8293.
8295.
8297.
8299.
8301.
8304.
8307.
8308.
8312.
8315.
8317.
8319.
8321.
8323.
8326.
8327.
8330.
8332.
8334.
8336.
8338.
8341.
8343.
8345.
8347.
8350.
8351.
8353.
8355.
8357.
8358.
8360.
8362.
8366.
8366.
8368.
8370.
8371.
8372.
8375.
8377.
8378.
8379.
8381.
8382.
8384.
8384.
8385.
8388.
8388.
8389.
8391.
8392.
8393.
8394.
8395.
8396.
8396.
8397.
8398.
8398.
8399.
8400.
8400.
8401.
8401.
8400.
8399.
8401.
8402.
8402.
8403.
8402.
8401.
8401.
8401.
8401.
8403.
8402.
8401.
8402.
8401.
8401.
8401.
8401.
8401.
8400.
8400.
8400.
8400.
8399.
8399.
8398.
8398.
8398.
8397.
8398.
8397.
8397.
8396.
8394.
8394.
8393.
8393.
8391.
8391.
8390.
8389.
8388.
8386.
8386.
8384.
8384.
8383.
8383.
8382.
8380.
8379.
8378.
8378.
8376.
8376.
8374.
8372.
8371.
8370.
8368.
8366.
8365.
8362.
8362.
8361.
8358.
8357.
8354.
8353.
8350.
8349.
8346.
8343.
8341.
8338.
8336.
8333.
8331.
8328.
8325.
8322.
8319.
8316.
8313.
8310.
8307.
8303.
8300.
8296.
8292.
8290.
8286.
8283.
8280.
8275.
8270.
8267.
8264.
8259.
8256.
8251.
8248.
8243.
8238.
8234.
8230.
8225.
8222.
8216.
8212.
8208.
8203.
8198.
8193.
8188.
8184.
8179.
8174.
8169.
8164.
8159.
8153.
8146.
8142.
8136.
8130.
8125.
8119.
8112.
8106.
8100.
8093.
8087.
8081.
8074.
8069.
8065.
8064.
8067.
8074.
8085.
8098.
8114.
8131.
8148.
8167.
8185.
8203.
8220.
8237.
8254.
8269.
8283.
8298.
8312.
8324.
8333.
8341.
8347.
8350.
8350.
8348.
8344.
8338.
8333.
8327.
8321.
8315.
8309.
8304.
8297.
8292.
8287.
8281.
8277.
8272.
8266.
8261.
8257.
8251.
8247.
8242.
8236.
8232.
8226.
8222.
8217.
8213.
8207.
8203.
8197.
8192.
8188.
8182.
8178.
8173.
8167.
8164.
8158.
8153.
8147.
8142.
8137.
8132.
8127.
8121.
8115.
8109.
8103.
8098.
8091.
8086.
8081.
8075.
8069.
8063.
8056.
8049.
8042.
8037.
8030.
8023.
8016.
8008.
8002.
7994.
7987.
7979.
7972.
7964.
7956.
7949.
7941.
7932.
7924.
7916.
7908.
7899.
7894.
7891.
7892.
7898.
7906.
7918.
7930.
7941.
7950.
7959.
7967.
7975.
7984.
7990.
7996.
8002.
8004.
8005.
8004.
8001.
7997.
7993.
7989.
7984.
7979.
7975.
7972.
7969.
7965.
7960.
7957.
7953.
7949.
7946.
7942.
7939.
7936.
7933.
7929.
7926.
7923.
7921.
7916.
7913.
7911.
7908.
7904.
7901.
7898.
7895.
7892.
7890.
7887.
7884.
7881.
7880.
7876.
7874.
7872.
7869.
7867.
7865.
7863.
7859.
7856.
7854.
7853.
7851.
7849.
7845.
7842.
7839.
7838.
7834.
7831.
7828.
7826.
7823.
7820.
7816.
7814.
7811.
7807.
7804.
7799.
7795.
7792.
7788.
7785.
7780.
7775.
7771.
7766.
7761.
7757.
7752.
7747.
7742.
7736.
7731.
7725.
7719.
7713.
7708.
7702.
7696.
7689.
7682.
7676.
7671.
7665.
7661.
7660.
7664.
7671.
7682.
7694.
7706.
7718.
7728.
7736.
7744.
7750.
7755.
7760.
7763.
7764.
7765.
7763.
7761.
7758.
7757.
7753.
7753.
7750.
7749.
7747.
7744.
7742.
7741.
7739.
7738.
7736.
7734.
7733.
7732.
7730.
7729.
7728.
7727.
7726.
7725.
7724.
7723.
7721.
7721.
7721.
7720.
7721.
7720.
7722.
7722.
7721.
7721.
7723.
7723.
7724.
7725.
7726.
7727.
7729.
7730.
7732.
7734.
7735.
7737.
7740.
7741.
7744.
7746.
7750.
7752.
7755.
7758.
7761.
7763.
7764.
7764.
7762.
7759.
7754.
7747.
7741.
7736.
7734.
7735.
7736.
7740.
7741.
7743.
7744.
7744.
7744.
7744.
7745.
7745.
7746.
7745.
7746.
7745.
7745.
7744.
7744.
7742.
7742.
7740.
7739.
7738.
7736.
7735.
7734.
7733.
7731.
7728.
7726.
7723.
7721.
7718.
7715.
7713.
7710.
7706.
7704.
7701.
7696.
7693.
7689.
7685.
7681.
7677.
7672.
7668.
7665.
7660.
7656.
7651.
7646.
7642.
7637.
7633.
7627.
7621.
7617.
7612.
7606.
7601.
7596.
7590.
7585.
7580.
7574.
7568.
7563.
7557.
7553.
7549.
7549.
7552.
7559.
7567.
7578.
7588.
7599.
7607.
7615.
7622.
7629.
7632.
7636.
7639.
7640.
7639.
7639.
7638.
7635.
7636.
7634.
7635.
7633.
7634.
7632.
7631.
7631.
7631.
7631.
7629.
7629.
7629.
7629.
7627.
7627.
7627.
7627.
7627.
7626.
7626.
7625.
7626.
7626.
7627.
7627.
7627.
7628.
7627.
7629.
7630.
7629.
7631.
7632.
7633.
7632.
7635.
7636.
7638.
7639.
7640.
7642.
7644.
7646.
7647.
7649.
7651.
7653.
7654.
7656.
7659.
7661.
7663.
7665.
7669.
7671.
7673.
7675.
7678.
7680.
7684.
7686.
7690.
7692.
7695.
7699.
7702.
7704.
7708.
7710.
7714.
7718.
7722.
7724.
7729.
7733.
7735.
7738.
7743.
7747.
7751.
7754.
7759.
7763.
7767.
7771.
7775.
7779.
7783.
7787.
7792.
7796.
7799.
7804.
7809.
7813.
7818.
7822.
7827.
7831.
7835.
7840.
7845.
7849.
7853.
7856.
7861.
7865.
7869.
7873.
7876.
7880.
7883.
7886.
7890.
7893.
7896.
7899.
7902.
7904.
7907.
7909.
7911.
7913.
7915.
7916.
7917.
7919.
7921.
7922.
7923.
7924.
7925.
7927.
7928.
7928.
7930.
7929.
7930.
7932.
7932.
7932.
7931.
7932.
7933.
7933.
7932.
7933.
7933.
7933.
7933.
7933.
7933.
7933.
7931.
7932.
7932.
7931.
7930.
7930.
7929.
7928.
7928.
7927.
7927.
7927.
7926.
7925.
7925.
7924.
7923.
7923.
7921.
7920.
7919.
7919.
7918.
7918.
7917.
7916.
7915.
7914.
7914.
7912.
7912.
7910.
7910.
7909.
7907.
7906.
7906.
7905.
7903.
7902.
7902.
7902.
7899.
7898.
7898.
7896.
7895.
7894.
7894.
7892.
7890.
7889.
7888.
7887.
7886.
7886.
7884.
7883.
7881.
7880.
7879.
7878.
7877.
7877.
7875.
7874.
7873.
7872.
7871.
7870.
7869.
7868.
7869.
7868.
7868.
7868.
7867.
7866.
7866.
7865.
7865.
7865.
7865.
7865.
7866.
7867.
7867.
7869.
7870.
7872.
7872.
7872.
7873.
7874.
7875.
7876.
7877.
7879.
7881.
7884.
7889.
7893.
7900.
7908.
7919.
7932.
7946.
7963.
7980.
7993.
8004.
8012.
8016.
8020.
8022.
8024.
8026.
8027.
8028.
8032.
8034.
8037.
8039.
8040.
8044.
8047.
8049.
8051.
8053.
8056.
8057.
8059.
8062.
8064.
8067.
8069.
8073.
8074.
8076.
8080.
8081.
8084.
8086.
8088.
8091.
8093.
8096.
8098.
8101.
8103.
8105.
8107.
8111.
8113.
8115.
8117.
8119.
8122.
8125.
8128.
8131.
8133.
8136.
8138.
8141.
8143.
8146.
8148.
8150.
8153.
8156.
8155.
8155.
8154.
8153.
8149.
8144.
8136.
8127.
8117.
8107.
8098.
8091.
8087.
8085.
8085.
8086.
8087.
8089.
8092.
8094.
8097.
8099.
8101.
8104.
8105.
8109.
8110.
8111.
8113.
8116.
8118.
8120.
8122.
8124.
8125.
8127.
8129.
8131.
8134.
8137.
8138.
8140.
8143.
8145.
8147.
8149.
8151.
8154.
8155.
8158.
8161.
8163.
8165.
8167.
8171.
8173.
8176.
8178.
8181.
8182.
8185.
8188.
8191.
8193.
8196.
8199.
8202.
8204.
8207.
8209.
8212.
8215.
8218.
8221.
8224.
8227.
8229.
8231.
8235.
8237.
8239.
8242.
8245.
8248.
8251.
8253.
8256.
8258.
8261.
8264.
8265.
8268.
8271.
8274.
8276.
8279.
8281.
8284.
8288.
8290.
8292.
8295.
8298.
8301.
8303.
8306.
8309.
8312.
8314.
8317.
8319.
8322.
8323.
8325.
8327.
8330.
8332.
8335.
8337.
8339.
8341.
8344.
8346.
8348.
8350.
8352.
8354.
8355.
8357.
8359.
8361.
8363.
8366.
8368.
8368.
8369.
8371.
8374.
8376.
8377.
8378.
8379.
8382.
8383.
8384.
8385.
8387.
8388.
8390.
8391.
8392.
8393.
8394.
8395.
8396.
8397.
8398.
8399.
8400.
8400.
8401.
8401.
8401.
8402.
8403.
8403.
8404.
8404.
8404.
8404.
8407.
8406.
8406.
8406.
8406.
8407.
8406.
8407.
8407.
8406.
8406.
8406.
8407.
8405.
8405.
8405.
8406.
8405.
8405.
8405.
8404.
8404.
8403.
8403.
8402.
8403.
8402.
8402.
8403.
8401.
8401.
8401.
8399.
8398.
8398.
8397.
8397.
8396.
8396.
8395.
8394.
8394.
8394.
8392.
8391.
8390.
8388.
8387.
8387.
8385.
8383.
8382.
8380.
8380.
8378.
8376.
8374.
8374.
8371.
8370.
8368.
8366.
8365.
8362.
8360.
8358.
8356.
8354.
8353.
8350.
8348.
8345.
8344.
8341.
8339.
8337.
8334.
8332.
8329.
8326.
8324.
8321.
8319.
8317.
8315.
8311.
8309.
8306.
8304.
8301.
8298.
8295.
8293.
8291.
8288.
8284.
8281.
8278.
8275.
8271.
8268.
8265.
8261.
8258.
8255.
8252.
8249.
8243.
8241.
8238.
8234.
8230.
8225.
8222.
8217.
8213.
8209.
8206.
8201.
8198.
8193.
8190.
8186.
8182.
8178.
8172.
8168.
8164.
8160.
8155.
8150.
8144.
8139.
8135.
8130.
8126.
8121.
8115.
8110.
8106.
8100.
8096.
8090.
8084.
8078.
8073.
8066.
8060.
8056.
8049.
8043.
8036.
8028.
8021.
8013.
8008.
8001.
7995.
7990.
7984.
7978.
7974.
7970.
7971.
7974.
7981.
7992.
8004.
8017.
8029.
8044.
8058.
8071.
8084.
8098.
8113.
8126.
8139.
8151.
8162.
8173.
8184.
8193.
8201.
8208.
8215.
8222.
8230.
8236.
8241.
8244.
8248.
8248.
8248.
8247.
8246.
8242.
8239.
8236.
8232.
8227.
8222.
8216.
8210.
8205.
8201.
8196.
8192.
8188.
8184.
8181.
8178.
8173.
8171.
8167.
8164.
8161.
8157.
8153.
8151.
8148.
8144.
8139.
8137.
8134.
8131.
8128.
8124.
8121.
8118.
8114.
8111.
8108.
8104.
8100.
8097.
8095.
8091.
8087.
8084.
8081.
8076.
8074.
8070.
8066.
8063.
8059.
8055.
8051.
8047.
8044.
8040.
8036.
8031.
8027.
8023.
8019.
8014.
8009.
8005.
7999.
7995.
7990.
7985.
7979.
7974.
7970.
7964.
7959.
7954.
7947.
7941.
7935.
7928.
7923.
7916.
7909.
7903.
7896.
7890.
7882.
7875.
7867.
7862.
7858.
7856.
7859.
7866.
7876.
7888.
7900.
7910.
7922.
7932.
7941.
7949.
7958.
7966.
7971.
7975.
7976.
7976.
7975.
7972.
7968.
7964.
7959.
7955.
7952.
7948.
7945.
7942.
7940.
7937.
7935.
7930.
7929.
7926.
7923.
7919.
7918.
7915.
7911.
7909.
7907.
7904.
7902.
7900.
7898.
7895.
7894.
7892.
7890.
7889.
7887.
7886.
7885.
7884.
7882.
7881.
7880.
7879.
7878.
7878.
7877.
7877.
7876.
7875.
7874.
7875.
7875.
7874.
7875.
7875.
7876.
7877.
7877.
7878.
7878.
7881.
7881.
7882.
7884.
7886.
7888.
7890.
7892.
7894.
7896.
7895.
7892.
7886.
7878.
7869.
7860.
7852.
7846.
7843.
7841.
7839.
7839.
7840.
7840.
7841.
7840.
7839.
7839.
7838.
7837.
7836.
7834.
7833.
7830.
7829.
7827.
7825.
7823.
7821.
7817.
7815.
7812.
7810.
7806.
7804.
7799.
7796.
7792.
7788.
7784.
7779.
7775.
7771.
7766.
7760.
7756.
7752.
7746.
7742.
7737.
7732.
7726.
7719.
7715.
7708.
7702.
7697.
7691.
7686.
7678.
7672.
7665.
7659.
7652.
7646.
7640.
7634.
7626.
7619.
7612.
7605.
7597.
7591.
7584.
7578.
7570.
7563.
7557.
7550.
7543.
7537.
7531.
7528.
7530.
7535.
7544.
7555.
7567.
7581.
7594.
7606.
7615.
7624.
7631.
7639.
7647.
7653.
7658.
7659.
7659.
7658.
7657.
7656.
7656.
7655.
7653.
7653.
7653.
7653.
7651.
7650.
7649.
7650.
7649.
7648.
7647.
7647.
7647.
7647.
7646.
7646.
7646.
7646.
7647.
7646.
7647.
7647.
7647.
7648.
7651.
7651.
7653.
7653.
7655.
7656.
7658.
7660.
7662.
7664.
7665.
7667.
7671.
7673.
7675.
7678.
7680.
7684.
7687.
7690.
7694.
7696.
7699.
7701.
7705.
7709.
7713.
7716.
7719.
7721.
7722.
7720.
7716.
7710.
7705.
7702.
7700.
7701.
7703.
7704.
7707.
7710.
7712.
7713.
7713.
7715.
7714.
7716.
7716.
7716.
7715.
7716.
7715.
7714.
7713.
7714.
7713.
7711.
7709.
7708.
7706.
7706.
7704.
7704.
7701.
7699.
7698.
7695.
7693.
7691.
7688.
7686.
7684.
7681.
7677.
7675.
7671.
7668.
7665.
7661.
7657.
7654.
7651.
7647.
7644.
7641.
7636.
7632.
7628.
7624.
7619.
7616.
7611.
7608.
7603.
7599.
7594.
7590.
7586.
7582.
7578.
7573.
7569.
7565.
7561.
7557.
7554.
7550.
7548.
7549.
7552.
7558.
7569.
7581.
7592.
7603.
7612.
7621.
7629.
7634.
7641.
7645.
7648.
7650.
7651.
7651.
7650.
7649.
7649.
7648.
7647.
7647.
7647.
7647.
7646.
7645.
7646.
7645.
7645.
7645.
7644.
7643.
7643.
7643.
7642.
7642.
7642.
7641.
7641.
7640.
7641.
7641.
7642.
7642.
7642.
7643.
7642.
7642.
7642.
7643.
7644.
7644.
7645.
7645.
7645.
7645.
7645.
7647.
7648.
7647.
7648.
7650.
7650.
7651.
7651.
7652.
7653.
7655.
7656.
7657.
7658.
7659.
7661.
7661.
7663.
7664.
7666.
7666.
7668.
7670.
7671.
7673.
7674.
7674.
7677.
7678.
7680.
7681.
7683.
7685.
7686.
7690.
7691.
7692.
7695.
7697.
7698.
7701.
7703.
7705.
7707.
7708.
7711.
7714.
7716.
7719.
7722.
7724.
7726.
7729.
7731.
7735.
7738.
7740.
7742.
7747.
7749.
7752.
7755.
7758.
7762.
7765.
7767.
7771.
7774.
7777.
7780.
7783.
7788.
7789.
7794.
7797.
7800.
7803.
7807.
7811.
7814.
7816.
7821.
7824.
7827.
7831.
7835.
7839.
7842.
7845.
7848.
7851.
7854.
7857.
7861.
7865.
7868.
7871.
7874.
7877.
7881.
7884.
7885.
7889.
7891.
7894.
7898.
7900.
7903.
7906.
7908.
7910.
7912.
7915.
7917.
7920.
7921.
7923.
7924.
7927.
7928.
7930.
7931.
7933.
7934.
7936.
7937.
7939.
7940.
7942.
7943.
7944.
7945.
7946.
7947.
7949.
7950.
7949.
7951.
7950.
7952.
7953.
7954.
7955.
7956.
7955.
7956.
7957.
7956.
7957.
7957.
7958.
7959.
7959.
7958.
7958.
7959.
7959.
7958.
7958.
7959.
7960.
7958.
7958.
7958.
7958.
7957.
7957.
7957.
7956.
7956.
7956.
7955.
7955.
7954.