7565.
7563.
7563.
7561.
7560.
7557.
7556.
7553.
7552.
7550.
7548.
7545.
7543.
7541.
7538.
7536.
7534.
7532.
7530.
7531.
7533.
7538.
7545.
7555.
7564.
7574.
7581.
7587.
7594.
7598.
7601.
7605.
7606.
7608.
7609.
7610.
7609.
7607.
7607.
7607.
7607.
7607.
7607.
7607.
7607.
7607.
7607.
7607.
7607.
7607.
7607.
7607.
7609.
7608.
7608.
7609.
7609.
7609.
7610.
7611.
7611.
7614.
7614.
7614.
7615.
7616.
7616.
7618.
7620.
7621.
7622.
7624.
7625.
7628.
7629.
7631.
7633.
7633.
7636.
7638.
7640.
7642.
7644.
7647.
7649.
7652.
7655.
7657.
7659.
7661.
7664.
7666.
7667.
7666.
7665.
7663.
7662.
7659.
7659.
7660.
7663.
7665.
7668.
7670.
7671.
7674.
7675.
7676.
7678.
7679.
7680.
7681.
7682.
7684.
7685.
7686.
7687.
7688.
7688.
7689.
7690.
7690.
7689.
7690.
7691.
7692.
7692.
7692.
7692.
7692.
7692.
7691.
7691.
7691.
7692.
7690.
7690.
7690.
7689.
7688.
7687.
7687.
7685.
7683.
7683.
7681.
7680.
7680.
7677.
7676.
7675.
7673.
7672.
7671.
7668.
7666.
7664.
7662.
7659.
7657.
7654.
7652.
7650.
7646.
7645.
7642.
7639.
7636.
7634.
7630.
7626.
7624.
7621.
7619.
7615.
7611.
7609.
7606.
7602.
7599.
7595.
7592.
7589.
7585.
7582.
7579.
7576.
7572.
7569.
7566.
7564.
7562.
7562.
7566.
7572.
7581.
7591.
7603.
7613.
7622.
7631.
7638.
7643.
7646.
7648.
7649.
7647.
7648.
7647.
7646.
7645.
7644.
7643.
7643.
7642.
7641.
7641.
7640.
7640.
7640.
7639.
7639.
7638.
7638.
7636.
7636.
7635.
7635.
7634.
7633.
7634.
7634.
7633.
7633.
7632.
7632.
7631.
7632.
7631.
7631.
7632.
7631.
7630.
7630.
7631.
7630.
7631.
7631.
7631.
7631.
7631.
7631.
7632.
7631.
7632.
7633.
7633.
7632.
7635.
7634.
7634.
7635.
7635.
7636.
7636.
7637.
7638.
7637.
7638.
7638.
7639.
7640.
7640.
7641.
7642.
7642.
7642.
7644.
7645.
7645.
7646.
7647.
7647.
7648.
7649.
7651.
7652.
7653.
7655.
7656.
7658.
7659.
7660.
7661.
7663.
7665.
7667.
7669.
7670.
7672.
7674.
7676.
7678.
7680.
7682.
7684.
7686.
7689.
7691.
7693.
7695.
7698.
7700.
7701.
7701.
7700.
7698.
7695.
7693.
7692.
7691.
7692.
7695.
7697.
7699.
7701.
7703.
7704.
7706.
7707.
7708.
7708.
7709.
7712.
7712.
7712.
7713.
7714.
7715.
7715.
7717.
7716.
7717.
7717.
7716.
7718.
7718.
7718.
7718.
7718.
7717.
7717.
7718.
7717.
7717.
7717.
7716.
7715.
7715.
7714.
7713.
7713.
7712.
7711.
7709.
7709.
7708.
7706.
7705.
7703.
7702.
7701.
7699.
7698.
7696.
7694.
7691.
7689.
7687.
7685.
7683.
7680.
7679.
7676.
7674.
7672.
7669.
7666.
7663.
7661.
7658.
7656.
7652.
7650.
7646.
7644.
7641.
7638.
7635.
7632.
7630.
7627.
7624.
7621.
7618.
7617.
7619.
7622.
7631.
7640.
7651.
7662.
7674.
7685.
7696.
7704.
7711.
7718.
7721.
7724.
7724.
7725.
7724.
7724.
7724.
7723.
7722.
7722.
7721.
7721.
7722.
7722.
7721.
7721.
7722.
7721.
7721.
7720.
7721.
7721.
7721.
7722.
7722.
7721.
7722.
7722.
7722.
7723.
7724.
7724.
7725.
7725.
7727.
7727.
7728.
7728.
7730.
7731.
7732.
7733.
7735.
7736.
7737.
7739.
7740.
7741.
7743.
7745.
7748.
7750.
7751.
7753.
7755.
7757.
7759.
7762.
7764.
7766.
7768.
7771.
7774.
7776.
7779.
7779.
7784.
7785.
7788.
7788.
7787.
7784.
7779.
7773.
7767.
7763.
7760.
7759.
7760.
7762.
7764.
7767.
7768.
7769.
7771.
7771.
7772.
7772.
7773.
7772.
7773.
7772.
7772.
7772.
7773.
7773.
7773.
7773.
7773.
7771.
7772.
7772.
7771.
7771.
7770.
7769.
7769.
7768.
7766.
7766.
7765.
7764.
7763.
7762.
7760.
7759.
7757.
7756.
7754.
7752.
7751.
7749.
7748.
7745.
7743.
7741.
7739.
7737.
7735.
7732.
7731.
7728.
7726.
7723.
7720.
7717.
7715.
7711.
7709.
7706.
7704.
7700.
7697.
7696.
7692.
7689.
7686.
7683.
7679.
7676.
7673.
7670.
7667.
7664.
7661.
7659.
7657.
7657.
7661.
7668.
7677.
7686.
7697.
7708.
7719.
7728.
7736.
7741.
7747.
7751.
7753.
7754.
7752.
7753.
7752.
7751.
7749.
7750.
7748.
7747.
7747.
7746.
7747.
7747.
7746.
7745.
7744.
7744.
7742.
7743.
7742.
7742.
7743.
7742.
7743.
7742.
7742.
7742.
7741.
7741.
7742.
7743.
7743.
7744.
7744.
7743.
7745.
7745.
7746.
7747.
7748.
7749.
7749.
7751.
7753.
7754.
7754.
7755.
7757.
7758.
7759.
7761.
7763.
7765.
7767.
7768.
7770.
7771.
7774.
7776.
7778.
7780.
7782.
7784.
7787.
7789.
7790.
7792.
7796.
7797.
7799.
7802.
7805.
7807.
7810.
7813.
7816.
7819.
7822.
7824.
7826.
7829.
7831.
7831.
7829.
7827.
7823.
7820.
7816.
7815.
7815.
7817.
7820.
7822.
7825.
7827.
7828.
7831.
7830.
7832.
7834.
7835.
7836.
7837.
7838.
7839.
7839.
7839.
7841.
7842.
7843.
7842.
7843.
7843.
7844.
7845.
7845.
7845.
7845.
7845.
7845.
7844.
7846.
7845.
7845.
7845.
7845.
7845.
7843.
7843.
7843.
7843.
7842.
7840.
7839.
7839.
7839.
7838.
7837.
7835.
7834.
7833.
7832.
7832.
7830.
7829.
7827.
7826.
7825.
7822.
7821.
7819.
7819.
7816.
7814.
7812.
7811.
7810.
7808.
7805.
7803.
7800.
7799.
7796.
7794.
7792.
7791.
7786.
7785.
7783.
7780.
7778.
7776.
7773.
7770.
7767.
7765.
7763.
7762.
7761.
7763.
7768.
7777.
7787.
7798.
7809.
7821.
7832.
7843.
7850.
7855.
7861.
7865.
7868.
7869.
7869.
7869.
7866.
7866.
7867.
7866.
7866.
7865.
7865.
7865.
7865.
7864.
7864.
7864.
7863.
7863.
7864.
7864.
7864.
7865.
7864.
7864.
7865.
7865.
7865.
7865.
7866.
7865.
7865.
7867.
7867.
7868.
7868.
7868.
7868.
7869.
7870.
7871.
7871.
7872.
7872.
7873.
7874.
7874.
7875.
7877.
7877.
7877.
7877.
7879.
7879.
7880.
7881.
7881.
7881.
7882.
7882.
7884.
7884.
7884.
7885.
7886.
7886.
7887.
7888.
7887.
7888.
7888.
7888.
7889.
7889.
7889.
7888.
7889.
7888.
7889.
7888.
7888.
7888.
7887.
7887.
7886.
7885.
7885.
7885.
7884.
7883.
7882.
7881.
7880.
7880.
7879.
7877.
7876.
7873.
7872.
7871.
7869.
7867.
7864.
7863.
7860.
7859.
7856.
7852.
7851.
7849.
7846.
7843.
7839.
7837.
7834.
7831.
7828.
7824.
7821.
7817.
7813.
7810.
7807.
7804.
7801.
7796.
7793.
7789.
7786.
7783.
7781.
7781.
7785.
7792.
7802.
7815.
7829.
7843.
7855.
7868.
7880.
7891.
7902.
7909.
7916.
7921.
7926.
7928.
7929.
7928.
7927.
7926.
7924.
7924.
7923.
7922.
7920.
7921.
7919.
7918.
7918.
7917.
7917.
7917.
7917.
7917.
7917.
7916.
7916.
7917.
7916.
7916.
7917.
7917.
7917.
7918.
7919.
7919.
7920.
7921.
7922.
7923.
7922.
7925.
7926.
7928.
7930.
7931.
7932.
7933.
7935.
7937.
7939.
7939.
7941.
7944.
7945.
7947.
7949.
7951.
7954.
7957.
7958.
7960.
7962.
7965.
7966.
7968.
7969.
7969.
7968.
7964.
7960.
7953.
7946.
7939.
7933.
7931.
7930.
7931.
7934.
7936.
7939.
7941.
7944.
7946.
7947.
7947.
7948.
7950.
7951.
7951.
7952.
7954.
7953.
7953.
7956.
7957.
7956.
7958.
7958.
7957.
7958.
7959.
7959.
7961.
7961.
7962.
7960.
7961.
7961.
7960.
7961.
7960.
7962.
7961.
7961.
7961.
7962.
7960.
7961.
7959.
7959.
7960.
7958.
7958.
7958.
7957.
7955.
7954.
7954.
7953.
7953.
7952.
7951.
7949.
7947.
7946.
7944.
7942.
7941.
7939.
7938.
7937.
7936.
7933.
7932.
7929.
7927.
7925.
7922.
7920.
7917.
7914.
7912.
7910.
7907.
7904.
7903.
7899.
7896.
7894.
7891.
7888.
7885.
7883.
7880.
7877.
7873.
7871.
7869.
7866.
7863.
7859.
7857.
7853.
7851.
7848.
7846.
7843.
7843.
7843.
7847.
7856.
7868.
7882.
7898.
7911.
7926.
7940.
7954.
7965.
7973.
7979.
7984.
7986.
7987.
7986.
7986.
7985.
7984.
7984.
7983.
7983.
7982.
7982.
7981.
7980.
7980.
7979.
7979.
7979.
7979.
7980.
7980.
7980.
7981.
7980.
7981.
7981.
7981.
7983.
7983.
7984.
7985.
7986.
7986.
7987.
7989.
7990.
7991.
7992.
7995.
7995.
7996.
7998.
7999.
8001.
8003.
8004.
8006.
8008.
8010.
8012.
8014.
8016.
8018.
8019.
8022.
8024.
8026.
8028.
8030.
8032.
8033.
8037.
8039.
8041.
8044.
8046.
8049.
8051.
8053.
8055.
8057.
8058.
8061.
8063.
8066.
8066.
8064.
8062.
8057.
8053.
8046.
8038.
8034.
8032.
8031.
8032.
8035.
8038.
8041.
8045.
8047.
8049.
8051.
8051.
8052.
8054.
8054.
8056.
8057.
8059.
8060.
8060.
8061.
8062.
8064.
8065.
8066.
8066.
8067.
8069.
8070.
8070.
8072.
8071.
8073.
8075.
8076.
8077.
8077.
8078.
8079.
8079.
8081.
8081.
8082.
8082.
8082.
8084.
8084.
8084.
8085.
8086.
8086.
8086.
8087.
8088.
8086.
8087.
8088.
8088.
8087.
8088.
8087.
8089.
8089.
8087.
8088.
8088.
8088.
8088.
8089.
8089.
8088.
8088.
8088.
8087.
8087.
8088.
8087.
8088.
8086.
8087.
8087.
8086.
8087.
8086.
8086.
8085.
8085.
8085.
8084.
8084.
8084.
8083.
8082.
8081.
8081.
8080.
8080.
8079.
8078.
8079.
8077.
8077.
8077.
8076.
8075.
8075.
8074.
8073.
8073.
8072.
8072.
8071.
8070.
8069.
8069.
8070.
8069.
8068.
8067.
8066.
8065.
8066.
8065.
8064.
8064.
8064.
8064.
8063.
8063.
8062.
8062.
8062.
8062.
8062.
8062.
8061.
8061.
8060.
8060.
8059.
8058.
8058.
8059.
8059.
8059.
8060.
8059.
8061.
8064.
8069.
8077.
8087.
8099.
8111.
8124.
8134.
8144.
8151.
8159.
8164.
8168.
8170.
8173.
8174.
8176.
8177.
8177.
8178.
8178.
8179.
8180.
8181.
8181.
8181.
8182.
8183.
8184.
8185.
8185.
8186.
8186.
8186.
8186.
8187.
8188.
8189.
8190.
8191.
8192.
8193.
8194.
8195.
8197.
8198.
8199.
8200.
8201.
8201.
8204.
8205.
8206.
8208.
8209.
8211.
8212.
8214.
8215.
8215.
8218.
8220.
8221.
8222.
8225.
8226.
8227.
8228.
8231.
8233.
8234.
8236.
8238.
8240.
8242.
8244.
8245.
8247.
8249.
8251.
8252.
8255.
8256.
8258.
8259.
8261.
8263.
8265.
8267.
8268.
8270.
8271.
8273.
8274.
8274.
8274.
8271.
8269.
8264.
8257.
8248.
8240.
8232.
8228.
8225.
8226.
8227.
8228.
8230.
8232.
8233.
8234.
8235.
8235.
8235.
8235.
8235.
8236.
8236.
8237.
8236.
8236.
8236.
8235.
8236.
8236.
8235.
8234.
8233.
8233.
8232.
8232.
8231.
8231.
8230.
8229.
8229.
8228.
8227.
8226.
8224.
8225.
8223.
8223.
8221.
8220.
8218.
8218.
8216.
8215.
8214.
8213.
8212.
8211.
8210.
8208.
8207.
8206.
8204.
8204.
8203.
8203.
8201.
8200.
8198.
8198.
8196.
8196.
8195.
8194.
8193.
8193.
8192.
8191.
8190.
8190.
8189.
8187.
8187.
8186.
8186.
8185.
8184.
8185.
8185.
8186.
8185.
8185.
8184.
8184.
8183.
8184.
8184.
8184.
8184.
8182.
8183.
8185.
8185.
8186.
8186.
8187.
8187.
8188.
8188.
8190.
8190.
8191.
8192.
8194.
8194.
8195.
8195.
8196.
8199.
8200.
8201.
8201.
8203.
8204.
8206.
8206.
8208.
8210.
8211.
8213.
8213.
8215.
8217.
8220.
8222.
8223.
8225.
8226.
8228.
8230.
8232.
8234.
8236.
8238.
8240.
8242.
8244.
8246.
8248.
8250.
8251.
8255.
8257.
8259.
8261.
8263.
8266.
8266.
8268.
8270.
8272.
8273.
8273.
8272.
8271.
8269.
8267.
8266.
8266.
8265.
8265.
8266.
8267.
8269.
8271.
8274.
8276.
8278.
8280.
8280.
8282.
8284.
8286.
8287.
8289.
8290.
8291.
8292.
8295.
8297.
8299.
8299.
8300.
8301.
8304.
8306.
8308.
8310.
8311.
8313.
8314.
8316.
8318.
8318.
8320.
8321.
8323.
8325.
8328.
8329.
8330.
8331.
8333.
8333.
8335.
8336.
8338.
8339.
8340.
8342.
8344.
8344.
8345.
8345.
8347.
8348.
8350.
8350.
8351.
8352.
8353.
8353.
8354.
8355.
8356.
8357.
8358.
8359.
8360.
8359.
8360.
8361.
8362.
8363.
8363.
8363.
8362.
8363.
8363.
8364.
8364.
8363.
8364.
8365.
8364.
8364.
8364.
8363.
8364.
8364.
8363.
8363.
8362.
8361.
8361.
8360.
8360.
8359.
8358.
8359.
8359.
8358.
8357.
8358.
8355.
8355.
8355.
8353.
8353.
8352.
8352.
8352.
8352.
8352.
8351.
8350.
8351.
8350.
8350.
8350.
8348.
8347.
8347.
8347.
8346.
8345.
8345.
8344.
8344.
8343.
8343.
8343.
8342.
8342.
8342.
8342.
8342.
8342.
8342.
8342.
8341.
8342.
8342.
8342.
8342.
8343.
8342.
8342.
8342.
8343.
8343.
8344.
8344.
8344.
8345.
8346.
8346.
8346.
8346.
8346.
8346.
8346.
8347.
8348.
8348.
8349.
8349.
8349.
8350.
8350.
8350.
8350.
8353.
8354.
8355.
8355.
8355.
8356.
8357.
8357.
8357.
8359.
8359.
8359.
8360.
8360.
8362.
8364.
8364.
8364.
8365.
8364.
8366.
8366.
8366.
8368.
8369.
8369.
8369.
8369.
8369.
8370.
8371.
8373.
8372.
8372.
8374.
8374.
8375.
8375.
8375.
8376.
8375.
8376.
8377.
8376.
8377.
8377.
8378.
8376.
8377.
8377.
8377.
8377.
8376.
8376.
8376.
8376.
8376.
8375.
8375.
8375.
8375.
8374.
8374.
8373.
8373.
8371.
8370.
8370.
8370.
8369.
8368.
8367.
8366.
8366.
8365.
8363.
8361.
8361.
8360.
8358.
8356.
8355.
8353.
8351.
8350.
8348.
8346.
8344.
8342.
8341.
8337.
8335.
8334.
8332.
8329.
8327.
8324.
8322.
8320.
8317.
8314.
8312.
8310.
8307.
8305.
8302.
8300.
8297.
8295.
8292.
8289.
8286.
8283.
8281.
8278.
8275.
8272.
8269.
8265.
8262.
8259.
8255.
8252.
8250.
8246.
8242.
8240.
8235.
8232.
8228.
8224.
8220.
8216.
8212.
8208.
8204.
8201.
8196.
8191.
8187.
8183.
8177.
8174.
8169.
8165.
8160.
8155.
8150.
8145.
8140.
8136.
8131.
8127.
8125.
8127.
8133.
8144.
8157.
8171.
8186.
8202.
8218.
8234.
8249.
8263.
8278.
8290.
8302.
8311.
8320.
8327.
8332.
8336.
8336.
8335.
8332.
8328.
8325.
8321.
8316.
8312.
8309.
8305.
8301.
8298.
8293.
8290.
8286.
8283.
8278.
8274.
8270.
8267.
8262.
8258.
8254.
8250.
8246.
8242.
8238.
8235.
8230.
8227.
8222.
8217.
8213.
8209.
8204.
8200.
8195.
8190.
8186.
8181.
8175.
8172.
8166.
8162.
8156.
8150.
8144.
8139.
8134.
8128.
8123.
8116.
8112.
8106.
8098.
8092.
8086.
8079.
8073.
8067.
8059.
8053.
8046.
8039.
8032.
8025.
8017.
8010.
8002.
7996.
7988.
7981.
7973.
7966.
7959.
7952.
7944.
7937.
7933.
7930.
7931.
7939.
7949.
7964.
7980.
7997.
8013.
8030.
8048.
8066.
8082.
8097.
8115.
8129.
8144.
8158.
8170.
8181.
8190.
8195.
8199.
8199.
8198.
8194.
8191.
8188.
8186.
8182.
8179.
8175.
8173.
8171.
8169.
8166.
8163.
8161.
8159.
8158.
8156.
8154.
8151.
8149.
8147.
8145.
8143.
8143.
8141.
8140.
8138.
8137.
8135.
8134.
8133.
8131.
8131.
8129.
8128.
8127.
8126.
8126.
8124.
8126.
8124.
8122.
8122.
8121.
8120.
8120.
8118.
8117.
8117.
8117.
8115.
8115.
8114.
8112.
8111.
8111.
8109.
8108.
8106.
8105.
8103.
8101.
8101.
8098.
8096.
8094.
8092.
8090.
8087.
8085.
8083.
8080.
8078.
8075.
8071.
8069.
8065.
8062.
8058.
8056.
8052.
8048.
8043.
8040.
8035.
8030.
8026.
8021.
8017.
8012.
8006.
8001.
7996.
7991.
7985.
7980.
7973.
7968.
7963.
7957.
7951.
7945.
7939.
7935.
7931.
7931.
7936.
7944.
7958.
7970.
7983.
7997.
8011.
8025.
8039.
8051.
8061.
8071.
8081.
8090.
8097.
8102.
8105.
8105.
8104.
8103.
8100.
8097.
8094.
8093.
8090.
8088.
8086.
8084.
8082.
8081.
8080.
8079.
8077.
8076.
8074.
8074.
8071.
8069.
8069.
8068.
8066.
8065.
8064.
8064.
8063.
8062.
8062.
8063.
8061.
8061.
8062.
8062.
8061.
8062.
8063.
8064.
8064.
8064.
8066.
8067.
8067.
8070.
8071.
8071.
8073.
8074.
8076.
8077.
8078.
8080.
8082.
8084.
8086.
8087.
8089.
8090.
8093.
8094.
8094.
8091.
8086.
8079.
8072.
8065.
8057.
8054.
8053.
8053.
8054.
8056.
8058.
8059.
8061.
8062.
8062.
8062.
8063.
8062.
8062.
8063.
8062.
8062.
8061.
8061.
8061.
8061.
8060.
8059.
8059.
8057.
8056.
8057.
8057.
8055.
8053.
8052.
8051.
8050.
8049.
8047.
8045.
8044.
8042.
8040.
8037.
8036.
8035.
8032.
8029.
8026.
8023.
8021.
8018.
8013.
8011.
8007.
8004.
8000.
7997.
7993.
7989.
7986.
7981.
7977.
7973.
7968.
7964.
7959.
7953.
7949.
7944.
7939.
7933.
7929.
7925.
7919.
7913.
7908.
7902.
7897.
7890.
7886.
7880.
7873.
7867.
7862.
7855.
7850.
7844.
7839.
7837.
7838.
7841.
7849.
7858.
7869.
7881.
7893.
7907.
7919.
7927.
7937.
7944.
7952.
7959.
7966.
7969.
7971.
7971.
7970.
7969.
7968.
7967.
7964.
7962.
7961.
7959.
7958.
7955.
7954.
7953.
7952.
7950.
7950.
7948.
7947.
7946.
7944.
7944.
7942.
7941.
7941.
7940.
7939.
7939.
7938.
7938.
7937.
7937.
7937.
7937.
7936.
7935.
7936.
7936.
7936.
7936.
7937.
7937.
7937.
7938.
7939.
7939.
7939.
7940.
7942.
7942.
7944.
7946.
7947.
7947.
7949.
7952.
7953.
7955.
7957.
7958.
7959.
7962.
7964.
7966.
7968.
7968.
7971.
7974.
7977.
7980.
7982.
7982.
7981.
7979.
7974.
7969.
7964.
7959.
7954.
7952.
7953.
7954.
7956.
7958.
7959.
7962.
7961.
7963.
7963.
7962.