6454.
6453.
6453.
6453.
6453.
6454.
6454.
6453.
6454.
6453.
6454.
6453.
6454.
6453.
6453.
6454.
6453.
6454.
6453.
6454.
6454.
6454.
6454.
6454.
6453.
6453.
6453.
6454.
6454.
6454.
6453.
6453.
6453.
6454.
6453.
6453.
6454.
6454.
6453.
6453.
6453.
6454.
6454.
6453.
6453.
6453.
6454.
6454.
6453.
6453.
6453.
6454.
6453.
6453.
6453.
6454.
6454.
6453.
6453.
6453.
6453.
6454.
6453.
6454.
6453.
6454.
6453.
6453.
6454.
6454.
6453.
6454.
6453.
6453.
6453.
6453.
6454.
6454.
6453.
6454.
6454.
6455.
6453.
6453.
6454.
6455.
6453.
6453.
6454.
6454.
6454.
6453.
6454.
6455.
6453.
6453.
6454.
6454.
6454.
6454.
6454.
6453.
6454.
6453.
6453.
6453.
6454.
6454.
6453.
6454.
6454.
6453.
6453.
6453.
6453.
6453.
6453.
6454.
6453.
6454.
6454.
6453.
6454.
6453.
6453.
6454.
6453.
6453.
6454.
6454.
6454.
6453.
6453.
6454.
6453.
6453.
6453.
6453.
6453.
6453.
6453.
6453.
6453.
6453.
6454.
6453.
6453.
6453.
6453.
6453.
6454.
6453.
6453.
6453.
6453.
6453.
6453.
6454.
6454.
6453.
6453.
6453.
6453.
6453.
6453.
6453.
6454.
6453.
6453.
6454.
6454.
6454.
6454.
6454.
6454.
6453.
6454.
6453.
6453.
6453.
6454.
6453.
6453.
6454.
6454.
6454.
6453.
6454.
6454.
6453.
6454.
6453.
6454.
6453.
6453.
6454.
6454.
6453.
6454.
6453.
6454.
6453.
6453.
6453.
6454.
6454.
6453.
6453.
6454.
6453.
6453.
6453.
6454.
6454.
6454.
6454.
6454.
6454.
6453.
6453.
6454.
6455.
6453.
6453.
6453.
6454.
6454.
6453.
6454.
6454.
6454.
6454.
6453.
6453.
6454.
6454.
6454.
6453.
6454.
6454.
6453.
6453.
6453.
6454.
6453.
6454.
6454.
6454.
6453.
6454.
6453.
6454.
6454.
6454.
6454.
6454.
6454.
6454.
6454.
6454.
6454.
6455.
6455.
6455.
6456.
6456.
6457.
6457.
6458.
6458.
6458.
6458.
6459.
6459.
6459.
6460.
6460.
6461.
6461.
6462.
6462.
6463.
6463.
6464.
6464.
6465.
6466.
6466.
6467.
6467.
6468.
6469.
6468.
6470.
6470.
6471.
6472.
6473.
6474.
6474.
6474.
6476.
6476.
6477.
6478.
6478.
6479.
6480.
6481.
6481.
6482.
6482.
6484.
6485.
6486.
6487.
6487.
6488.
6489.
6490.
6491.
6491.
6493.
6493.
6495.
6495.
6496.
6497.
6499.
6500.
6501.
6501.
6502.
6504.
6504.
6505.
6507.
6508.
6508.
6509.
6510.
6511.
6512.
6513.
6515.
6515.
6517.
6517.
6519.
6519.
6521.
6521.
6523.
6524.
6525.
6526.
6527.
6528.
6529.
6530.
6532.
6533.
6534.
6535.
6537.
6537.
6538.
6539.
6541.
6541.
6543.
6544.
6545.
6546.
6547.
6548.
6549.
6551.
6552.
6553.
6555.
6555.
6556.
6557.
6558.
6559.
6560.
6562.
6563.
6564.
6565.
6566.
6567.
6569.
6569.
6571.
6572.
6574.
6575.
6576.
6576.
6577.
6579.
6580.
6581.
6583.
6584.
6585.
6585.
6586.
6587.
6589.
6589.
6591.
6592.
6593.
6594.
6595.
6595.
6597.
6597.
6599.
6600.
6601.
6602.
6604.
6604.
6605.
6606.
6607.
6608.
6610.
6610.
6611.
6612.
6614.
6615.
6614.
6616.
6616.
6617.
6618.
6619.
6621.
6621.
6623.
6623.
6623.
6625.
6625.
6626.
6628.
6628.
6629.
6629.
6630.
6632.
6632.
6633.
6633.
6635.
6636.
6636.
6637.
6638.
6638.
6639.
6640.
6641.
6642.
6642.
6642.
6643.
6644.
6645.
6645.
6646.
6647.
6647.
6648.
6648.
6648.
6650.
6649.
6651.
6651.
6652.
6652.
6653.
6654.
6654.
6655.
6657.
6657.
6657.
6657.
6659.
6659.
6659.
6659.
6661.
6661.
6662.
6662.
6663.
6663.
6663.
6664.
6664.
6665.
6665.
6666.
6666.
6667.
6668.
6668.
6668.
6669.
6669.
6671.
6670.
6671.
6672.
6672.
6673.
6673.
6673.
6675.
6676.
6676.
6676.
6677.
6678.
6677.
6677.
6678.
6678.
6679.
6680.
6680.
6681.
6681.
6682.
6682.
6683.
6683.
6683.
6684.
6685.
6685.
6686.
6686.
6686.
6688.
6688.
6689.
6689.
6690.
6690.
6691.
6691.
6692.
6692.
6693.
6693.
6694.
6695.
6695.
6695.
6696.
6696.
6697.
6698.
6698.
6699.
6699.
6700.
6701.
6701.
6703.
6703.
6703.
6704.
6705.
6706.
6706.
6707.
6707.
6708.
6709.
6710.
6710.
6711.
6711.
6713.
6713.
6714.
6714.
6716.
6716.
6718.
6718.
6719.
6720.
6721.
6721.
6723.
6723.
6725.
6725.
6727.
6727.
6728.
6729.
6730.
6731.
6732.
6733.
6735.
6735.
6736.
6737.
6738.
6739.
6740.
6741.
6743.
6744.
6745.
6746.
6746.
6748.
6748.
6749.
6751.
6752.
6754.
6754.
6755.
6756.
6758.
6759.
6760.
6761.
6762.
6764.
6765.
6766.
6767.
6769.
6769.
6771.
6772.
6774.
6775.
6776.
6777.
6779.
6780.
6781.
6783.
6785.
6785.
6787.
6788.
6790.
6791.
6793.
6794.
6795.
6796.
6798.
6799.
6801.
6802.
6803.
6805.
6807.
6808.
6810.
6811.
6813.
6814.
6816.
6817.
6819.
6821.
6822.
6823.
6825.
6826.
6828.
6830.
6832.
6833.
6834.
6836.
6838.
6839.
6841.
6843.
6845.
6846.
6848.
6849.
6851.
6852.
6854.
6856.
6858.
6859.
6861.
6863.
6864.
6865.
6867.
6869.
6871.
6873.
6874.
6877.
6878.
6879.
6881.
6883.
6884.
6886.
6887.
6889.
6891.
6893.
6894.
6897.
6898.
6900.
6901.
6903.
6905.
6907.
6908.
6911.
6912.
6913.
6915.
6917.
6919.
6921.
6922.
6925.
6925.
6927.
6929.
6931.
6933.
6934.
6936.
6939.
6940.
6941.
6943.
6945.
6947.
6949.
6950.
6952.
6954.
6955.
6957.
6959.
6961.
6962.
6965.
6966.
6968.
6970.
6971.
6973.
6975.
6976.
6978.
6980.
6982.
6983.
6985.
6987.
6989.
6990.
6993.
6994.
6996.
6998.
6999.
7001.
7003.
7004.
7006.
7008.
7009.
7011.
7014.
7015.
7017.
7019.
7020.
7023.
7024.
7026.
7027.
7030.
7031.
7032.
7035.
7036.
7038.
7039.
7041.
7043.
7045.
7047.
7049.
7050.
7052.
7054.
7056.
7058.
7060.
7061.
7063.
7065.
7067.
7069.
7071.
7072.
7074.
7076.
7078.
7080.
7082.
7084.
7086.
7088.
7090.
7091.
7093.
7095.
7097.
7099.
7101.
7103.
7105.
7108.
7109.
7111.
7113.
7115.
7117.
7119.
7121.
7124.
7125.
7128.
7130.
7132.
7134.
7137.
7138.
7140.
7143.
7145.
7147.
7149.
7151.
7153.
7156.
7158.
7161.
7163.
7164.
7167.
7170.
7172.
7174.
7176.
7179.
7181.
7184.
7186.
7188.
7191.
7193.
7195.
7198.
7200.
7203.
7205.
7208.
7210.
7212.
7215.
7218.
7220.
7223.
7226.
7228.
7231.
7233.
7236.
7239.
7242.
7244.
7247.
7250.
7253.
7255.
7258.
7261.
7264.
7267.
7270.
7272.
7275.
7278.
7281.
7284.
7287.
7289.
7292.
7295.
7299.
7301.
7304.
7307.
7311.
7313.
7316.
7319.
7322.
7324.
7328.
7331.
7335.
7337.
7340.
7343.
7347.
7349.
7352.
7355.
7359.
7361.
7365.
7367.
7372.
7374.
7377.
7380.
7384.
7386.
7390.
7392.
7396.
7399.
7402.
7404.
7408.
7411.
7414.
7417.
7421.
7424.
7427.
7430.
7435.
7437.
7440.
7442.
7446.
7449.
7452.
7455.
7459.
7462.
7465.
7469.
7471.
7475.
7477.
7480.
7484.
7488.
7490.
7494.
7497.
7500.
7503.
7506.
7510.
7513.
7516.
7519.
7523.
7526.
7528.
7532.
7535.
7539.
7542.
7545.
7548.
7552.
7555.
7558.
7561.
7565.
7567.
7571.
7574.
7578.
7580.
7584.
7587.
7591.
7593.
7597.
7600.
7604.
7606.
7610.
7613.
7616.
7619.
7622.
7626.
7629.
7632.
7636.
7639.
7643.
7645.
7648.
7652.
7655.
7658.
7662.
7665.
7669.
7671.
7674.
7678.
7681.
7684.
7687.
7691.
7694.
7698.
7701.
7704.
7707.
7711.
7713.
7717.
7720.
7724.
7727.
7730.
7733.
7736.
7739.
7743.
7746.
7750.
7753.
7756.
7759.
7763.
7765.
7769.
7772.
7775.
7778.
7782.
7785.
7789.
7792.
7795.
7798.
7802.
7804.
7808.
7811.
7815.
7818.
7821.
7824.
7828.
7831.
7835.
7837.
7842.
7844.
7848.
7851.
7854.
7857.
7861.
7864.
7868.
7870.
7874.
7878.
7881.
7884.
7887.
7891.
7895.
7897.
7901.
7904.
7908.
7910.
7913.
7918.
7921.
7923.
7927.
7931.
7934.
7937.
7940.
7944.
7947.
7950.
7954.
7958.
7960.
7963.
7967.
7971.
7973.
7976.
7980.
7984.
7987.
7990.
7993.
7997.
7999.
8002.
8006.
8010.
8013.
8016.
8019.
8023.
8026.
8029.
8032.
8036.
8038.
8042.
8045.
8049.
8051.
8055.
8057.
8061.
8064.
8067.
8070.
8073.
8076.
8080.
8082.
8086.
8088.
8092.
8094.
8098.
8101.
8104.
8107.
8110.
8113.
8116.
8119.
8123.
8125.
8128.
8131.
8135.
8137.
8140.
8143.
8146.
8149.
8152.
8155.
8158.
8160.
8163.
8166.
8169.
8172.
8175.
8178.
8181.
8183.
8186.
8189.
8192.
8195.
8197.
8200.
8203.
8206.
8208.
8211.
8214.
8217.
8219.
8222.
8225.
8228.
8230.
8233.
8235.
8239.
8241.
8244.
8246.
8249.
8251.
8254.
8257.
8260.
8262.
8264.
8266.
8270.
8272.
8274.
8277.
8279.
8281.
8284.
8286.
8290.
8292.
8294.
8296.
8299.
8301.
8304.
8306.
8309.
8311.
8313.
8315.
8318.
8320.
8322.
8324.
8327.
8329.
8331.
8333.
8336.
8338.
8340.
8342.
8344.
8347.
8349.
8350.
8353.
8356.
8357.
8360.
8361.
8364.
8366.
8368.
8370.
8372.
8375.
8377.
8378.
8380.
8383.
8385.
8386.
8388.
8390.
8393.
8395.
8397.
8398.
8401.
8404.
8405.
8407.
8409.
8411.
8412.
8415.
8417.
8419.
8421.
8423.
8425.
8427.
8429.
8431.
8433.
8435.
8437.
8438.
8441.
8442.
8445.
8447.
8448.
8450.
8452.
8454.
8456.
8458.
8460.
8462.
8465.
8466.
8468.
8470.
8472.
8473.
8476.
8477.
8480.
8481.
8483.
8485.
8486.
8489.
8491.
8493.
8494.
8496.
8498.
8500.
8502.
8504.
8506.
8508.
8510.
8511.
8513.
8515.
8518.
8519.
8521.
8523.
8525.
8526.
8528.
8531.
8532.
8534.
8536.
8538.
8541.
8542.
8544.
8546.
8548.
8549.
8552.
8553.
8555.
8558.
8559.
8561.
8563.
8565.
8567.
8568.
8570.
8573.
8575.
8576.
8578.
8580.
8582.
8584.
8586.
8587.
8589.
8592.
8593.
8595.
8597.
8599.
8601.
8603.
8605.
8607.
8608.
8610.
8612.
8614.
8616.
8618.
8620.
8622.
8624.
8626.
8628.
8630.
8632.
8635.
8636.
8638.
8640.
8642.
8643.
8645.
8647.
8649.
8651.
8653.
8655.
8657.
8659.
8662.
8663.
8664.
8667.
8669.
8670.
8672.
8675.
8676.
8678.
8680.
8683.
8684.
8687.
8689.
8690.
8692.
8694.
8696.
8698.
8700.
8701.
8703.
8706.
8708.
8709.
8711.
8714.
8716.
8717.
8719.
8721.
8723.
8725.
8727.
8730.
8731.
8733.
8735.
8737.
8739.
8741.
8743.
8745.
8747.
8749.
8751.
8752.
8754.
8756.
8759.
8760.
8762.
8764.
8766.
8769.
8770.
8771.
8774.
8776.
8778.
8780.
8782.
8784.
8786.
8788.
8790.
8792.
8794.
8796.
8797.
8799.
8801.
8803.
8805.
8807.
8810.
8811.
8813.
8815.
8817.
8819.
8821.
8823.
8825.
8827.
8829.
8831.
8832.
8834.
8837.
8839.
8841.
8843.
8845.
8847.
8848.
8850.
8853.
8855.
8857.
8859.
8861.
8862.
8865.
8867.
8869.
8871.
8873.
8875.
8877.
8878.
8881.
8883.
8885.
8887.
8889.
8891.
8893.
8895.
8898.
8899.
8901.
8904.
8906.
8907.
8910.
8911.
8913.
8916.
8918.
8919.
8922.
8924.
8926.
8928.
8930.
8932.
8934.
8936.
8938.
8940.
8942.
8944.
8946.
8949.
8951.
8953.
8955.
8957.
8959.
8961.
8964.
8965.
8967.
8969.
8971.
8974.
8976.
8978.
8980.
8982.
8984.
8987.
8989.
8990.
8993.
8995.
8997.
8999.
9001.
9004.
9006.
9008.
9010.
9013.
9015.
9016.
9019.
9020.
9022.
9025.
9027.
9030.
9032.
9034.
9036.
9039.
9041.
9042.
9045.
9046.
9049.
9051.
9054.
9056.
9058.
9060.
9062.
9064.
9067.
9069.
9071.
9074.
9075.
9077.
9080.
9082.
9084.
9086.
9089.
9091.
9094.
9095.
9098.
9100.
9102.
9104.
9107.
9110.
9111.
9113.
9116.
9118.
9120.
9122.
9125.
9127.
9130.
9132.
9134.
9136.
9139.
9141.
9143.
9145.
9148.
9150.
9152.
9154.
9157.
9159.
9161.
9163.
9166.
9168.
9171.
9173.
9175.
9177.
9180.
9182.
9184.
9186.
9189.
9192.
9193.
9196.
9198.
9201.
9202.
9205.
9207.
9210.
9211.
9214.
9217.
9219.
9221.
9224.
9226.
9229.
9230.
9233.
9235.
9238.
9240.
9242.
9245.
9247.
9249.
9252.
9254.
9257.
9260.
9261.
9263.
9267.
9270.
9271.
9273.
9276.
9279.
9281.
9283.
9286.
9288.
9290.
9292.
9295.
9297.
9299.
9302.
9305.
9307.
9309.
9312.
9314.
9317.
9318.
9321.
9324.
9326.
9329.
9331.
9333.
9335.
9338.
9340.
9344.
9346.
9347.
9350.
9352.
9355.
9357.
9360.
9363.
9365.
9367.
9370.
9373.
9375.
9377.
9379.
9381.
9384.
9386.
9389.
9392.
9395.
9396.
9399.
9401.
9404.
9406.
9409.
9411.
9414.
9416.
9419.
9421.
9424.
9426.
9429.
9431.
9434.
9436.
9439.
9441.
9444.
9446.
9449.
9451.
9454.
9456.
9459.
9461.
9465.
9467.
9469.
9471.
9475.
9477.
9479.
9482.
9485.
9487.
9490.
9493.
9495.
9498.
9500.
9503.
9506.
9508.
9511.
9514.
9516.
9519.
9521.
9524.
9527.
9529.
9532.
9535.
9537.
9539.
9543.
9545.
9548.
9551.
9553.
9556.
9559.
9561.
9564.
9567.
9570.
9572.
9575.
9578.
9581.
9583.
9586.
9589.
9591.
9594.
9596.
9600.
9602.
9605.
9607.
9610.
9613.
9616.
9618.
9622.
9624.
9627.
9630.
9633.
9635.
9639.
9641.
9644.
9646.
9649.
9652.
9655.
9658.
9661.
9663.
9667.
9669.
9672.
9674.
9677.
9680.
9683.
9686.
9688.
9692.
9695.
9698.
9701.
9703.
9706.
9709.
9712.
9715.
9718.
9721.
9724.
9727.
9729.
9731.
9734.
9738.
9741.
9743.
9747.
9749.
9752.
9755.
9758.
9761.
9763.
9766.
9769.
9773.
9775.
9778.
9781.
9784.
9787.
9790.
9792.
9796.
9798.
9802.
9804.
9807.
9810.
9813.
9815.
9819.
9821.
9824.
9827.
9830.
9833.
9836.
9838.
9842.
9844.
9847.
9849.
9853.
9855.
9859.
9861.
9865.
9868.
9870.
9873.
9876.
9878.
9881.
9884.
9888.
9890.
9893.
9895.
9899.
9901.
9904.
9907.
9910.
9913.
9916.
9918.
9922.
9924.
9927.
9930.
9933.
9935.
9938.
9940.
9944.
9946.
9949.
9952.
9955.
9958.
9960.
9963.
9966.
9969.
9971.
9974.
9977.
9980.
9982.
9985.
9988.
9991.
9993.
9996.
9999.
10002.
10004.
10007.
10010.
10013.
10015.
10018.
10020.
10023.
10025.
10029.
10031.
10034.
10036.
10039.
10042.
10045.
10047.
10050.
10052.
10055.
10058.
10061.
10063.
10065.
10068.
10071.
10074.
10077.
10079.
10081.
10084.
10087.
10089.
10092.
10094.
10098.
10100.
10102.
10105.
10108.
10110.
10112.
10115.
10117.
10120.
10122.
10125.
10127.
10130.
10132.
10135.
10137.
10140.
10142.
10145.
10147.
10149.
10151.
10154.
10156.
10159.
10161.
10164.
10166.
10169.
10170.
10173.
10175.
10178.
10181.
10182.
10185.
10187.
10189.
10192.
10194.
10196.
10198.
10201.
10202.
10205.
10207.
10210.
10212.
10214.
10217.
10218.
10221.
10223.
10225.
10228.
10230.
10232.
10234.
10236.
10238.
10240.
10243.
10245.
10247.
10249.
10251.
10253.
10255.
10257.
10260.
10261.
10264.
10266.
10268.
10270.
10272.
10274.
10276.
10278.
10280.
10282.
10284.
10286.
10288.
10290.
10292.
10294.
10296.
10298.
10300.
10302.
10304.
10306.
10308.
10310.
10312.
10314.
10316.
10318.
10320.
10322.
10323.
10325.
10327.
10329.
10331.
10334.
10335.
10337.
10339.
10341.
10343.
10345.
10346.
10348.
10350.
10352.
10353.
10356.
10358.
10360.
10361.
10364.
10365.
10367.
10369.
10371.
10373.
10375.
10377.
10379.
10380.
10382.
10384.
10386.
10388.
10390.
10391.
10394.
10395.
10397.
10400.
10401.
10403.
10405.
10407.
10409.
10410.
10412.
10415.
10416.
10418.
10420.
10421.
10424.
10425.
10427.
10429.
10431.
10433.
10434.
10436.
10438.
10440.
10442.
10444.
10446.
10448.
10449.
10451.
10454.
10455.
10457.
10460.
10461.
10463.
10464.
10466.
10468.
10470.
10472.
10474.
10476.
10478.
10481.
10483.
10484.
10486.
10488.
10490.
10492.
10494.
10496.
10498.
10500.
10502.
10504.
10507.
10508.
10510.
10512.
10514.
10516.
10518.
10520.
10522.
10525.
10526.
10528.
10531.
10533.
10535.
10537.
10539.
10541.
10543.
10545.
10547.
10549.
10551.
10553.
10555.
10558.
10559.
10562.
10564.
10566.
10568.
10570.
10572.
10574.
10577.
10579.
10581.
10583.
10584.
10586.
10589.
10591.
10593.
10595.
10598.
10600.
10602.
10604.
10606.
10608.
10610.
10612.
10614.
10616.
10619.
10621.
10623.
10625.
10627.
10629.
10631.
10634.
10635.
10637.
10639.
10641.
10644.
10646.
10647.
10650.
10652.
10654.
10656.
10659.
10660.
10662.
10664.
10666.
10668.
10670.
10672.
10674.
10677.
10679.
10680.
10683.
10685.
10687.
10688.
10691.
10693.
10694.
10697.
10698.
10700.
10702.
10704.
10706.
10708.
10710.
10712.
10714.
10716.
10718.
10720.
10722.
10724.
10725.
10727.
10728.
10730.
10733.
10735.
10737.
10739.
10740.
10741.
10744.
10745.
10747.
10748.
10751.
10752.
10754.
10756.
10758.
10759.
10760.
10762.
10764.
10766.
10767.
10769.
10771.
10772.
10774.
10776.
10777.
10779.
10780.
10781.
10783.
10784.
10786.
10787.
10789.
10790.
10791.
10793.
10794.
10796.
10797.
10799.
10801.
10802.
10803.
10804.
10806.
10807.
10808.
10809.
10811.
10812.
10814.
10815.
10817.
10817.
10818.
10819.
10821.
10821.
10824.
10824.
10825.
10826.
10828.
10829.
10831.
10832.
10833.
10834.
10835.
10836.
10838.
10838.
10840.
10840.
10841.
10842.
10843.
10844.
10844.
10846.
10847.
10847.
10849.
10849.
10850.
10851.
10852.
10853.
10854.
10855.
10856.
10857.
10858.
10858.
10859.
10860.
10861.
10861.
10863.
10863.
10864.
10864.
10865.
10865.
10866.
10866.
10867.
10868.
10869.
10869.
10870.
10870.
10872.
10872.
10872.
10873.
10874.
10874.
10873.
10875.
10875.
10876.
10876.
10877.
10877.
10878.
10878.
10878.
10878.
10879.
10880.
10880.
10880.
10880.
10881.
10881.
10881.
10882.
10882.
10882.
10883.
10883.
10883.
10884.
10884.
10884.
10885.
10884.
10885.
10884.
10885.
10885.
10885.
10885.
10885.
10885.
10885.
10885.
10885.
10885.
10885.
10885.
10885.
10885.
10885.
10885.
10885.
10885.
10885.
10885.
10885.
10885.
10885.
10885.
10885.
10884.
10885.
10885.
10885.
10884.
10884.
10884.
10885.
10884.
10885.
10885.
10884.
10885.
10884.
10885.
10884.
10884.
10884.
10884.
10884.
10883.
10884.
10885.
10884.
10883.
10884.
10883.
10884.
10884.
10884.
10884.
10883.
10884.
10884.
10884.
10883.
10883.
10884.
10884.
10883.
10883.
10884.
10884.
10883.
10883.
10883.
10883.
10883.
10883.
10883.
10883.
10883.
10883.
10883.
10883.
10883.
10883.
10883.
10882.
10882.
10882.
10882.
10882.
10882.
10882.
10881.
10882.
10882.
10881.
10881.
10881.
10881.
10881.
10882.
10881.
10882.
10881.
10881.
10880.
10880.
10880.
10880.
10880.
10880.
10880.
10879.
10879.
10878.
10879.
10880.
10879.
10879.
10878.
10878.
10878.
10878.
10877.
10877.
10877.
10878.
10876.
10876.
10876.
10876.
10876.
10875.
10875.
10874.
10874.
10874.
10874.
10874.
10873.
10873.
10873.
10873.
10872.
10872.
10871.
10871.
10870.
10870.
10869.
10868.
10869.
10868.
10867.
10867.
10865.
10866.
10865.
10864.
10863.
10862.
10862.
10862.
10861.
10860.
10859.
10859.
10858.
10857.
10855.
10854.
10854.
10852.
10851.
10850.
10849.
10849.
10848.
10846.
10845.
10844.
10844.
10842.
10842.
10840.
10839.
10838.
10836.
10835.
10833.
10831.
10830.
10828.
10827.
10825.
10824.
10823.
10820.
10819.
10818.
10816.
10814.
10813.
10810.
10808.
10808.
10805.
10803.
10802.
10800.
10798.
10796.
10794.
10791.
10790.
10788.
10786.
10785.
10782.
10781.
10777.
10776.
10773.
10771.
10769.
10767.
10764.
10762.
10760.
10758.
10755.
10753.
10750.
10748.
10745.
10744.
10741.
10739.
10735.
10733.
10731.
10729.
10726.
10724.
10720.
10718.
10716.
10713.
10711.
10709.
10705.
10703.
10701.
10698.
10695.
10693.
10690.
10688.
10685.
10682.
10680.
10678.
10674.
10672.
10669.
10668.
10664.
10662.
10659.
10657.
10655.
10651.
10650.
10646.
10644.
10641.
10639.
10636.
10634.
10631.
10629.
10626.
10623.
10620.
10619.
10616.
10613.
10611.
10609.
10606.
10603.
10601.
10599.
10596.
10594.
10591.
10588.
10586.
10583.
10581.
10579.
10576.
10574.
10570.
10568.
10565.
10563.
10560.
10557.
10555.
10553.
10550.
10548.
10546.
10544.
10540.
10538.
10535.
10533.
10530.
10528.
10525.
10523.
10521.
10519.
10516.
10514.
10511.
10509.
10506.
10504.
10501.
10499.
10496.
10494.
10492.
10489.
10487.
10484.
10482.
10479.
10477.
10473.
10471.
10469.
10467.
10463.
10462.
10459.
10457.
10454.
10452.
10449.
10446.
10444.
10442.
10438.
10436.
10433.
10431.
10429.
10426.
10423.
10421.
10419.
10416.
10413.
10411.
10408.
10406.
10403.
10401.
10398.
10395.
10392.
10390.
10388.
10385.
10382.
10380.
10378.
10375.
10372.
10370.
10367.
10365.
10361.
10359.
10356.
10354.
10352.
10349.
10346.
10344.
10341.
10338.
10336.
10333.
10330.
10327.
10325.
10322.
10320.
10316.
10314.
10311.
10309.
10305.
10304.
10300.
10298.
10294.
10292.
10288.
10286.
10283.
10281.
10278.
10276.
10272.
10269.
10266.
10264.
10260.
10258.
10255.
10252.
10249.
10246.
10243.
10240.
10237.
10234.
10231.
10228.
10225.
10223.
10219.
10216.
10213.
10211.
10208.
10204.
10201.
10199.
10195.
10193.
10190.
10187.
10183.
10180.
10177.
10174.
10171.
10168.
10165.
10162.
10159.
10156.
10153.
10148.
10146.
10143.
10140.
10136.
10134.
10130.
10127.
10123.
10121.
10117.
10114.
10111.
10108.
10105.
10101.
10098.
10095.
10091.
10089.
10085.
10082.
10078.
10075.
10072.
10069.
10066.
10062.
10058.
10056.
10053.
10050.
10046.
10043.
10040.
10037.
10033.
10030.
10027.
10023.
10020.
10017.
10014.
10011.
10007.
10004.
10000.
9997.
9994.
9991.
9988.
9985.
9982.
9979.
9975.
9971.
9969.
9965.
9962.
9960.
9956.
9952.
9949.
9946.
9943.
9939.
9936.
9934.
9931.
9927.
9924.
9921.
9918.
9915.
9911.
9907.
9905.
9902.
9899.
9896.
9893.
9889.
9886.
9883.
9881.
9877.
9874.
9871.
9869.
9865.
9862.
9858.
9856.
9853.
9850.
9846.
9844.
9841.
9838.
9835.
9832.
9829.
9826.
9823.
9821.
9817.
9815.
9811.
9808.
9805.
9803.
9800.
9797.
9793.
9791.
9789.
9786.
9783.
9780.
9777.
9774.
9772.
9768.
9766.
9762.
9760.
9757.
9755.
9751.
9748.
9745.
9743.
9740.
9737.
9735.
9732.
9729.
9726.
9723.
9721.
9718.
9715.
9712.
9709.
9707.
9705.
9702.
9700.
9696.
9693.
9691.
9688.
9686.
9683.
9679.
9677.
9675.
9671.
9669.
9667.
9664.
9661.
9658.
9656.
9653.
9650.
9647.
9644.
9642.
9639.
9637.
9634.
9631.
9628.
9625.
9623.
9621.
9617.
9615.
9612.
9610.
9606.
9603.
9601.
9599.
9595.
9593.
9590.
9587.
9584.
9582.
9580.
9577.
9574.
9572.
9568.
9565.
9563.
9560.
9557.
9555.
9552.
9549.
9547.
9545.
9542.
9539.
9535.
9533.
9530.
9528.
9525.
9523.
9519.
9516.
9513.
9511.
9508.
9506.
9503.
9500.
9498.
9495.
9492.
9489.
9487.
9484.
9481.
9478.
9476.
9472.
9470.
9467.
9465.
9461.
9459.
9456.
9454.
9450.
9448.
9445.
9442.
9439.
9438.
9434.
9432.
9429.
9426.
9423.
9420.
9418.
9415.
9412.
9410.
9407.
9405.
9401.
9399.
9396.
9393.
9390.
9388.
9385.
9383.
9380.
9377.
9374.
9372.
9370.
9367.
9363.
9361.
9359.
9356.
9353.
9351.
9348.
9346.
9342.
9340.
9337.
9334.
9332.
9329.
9327.
9324.
9321.
9318.
9317.
9314.
9312.
9309.
9306.
9303.
9300.
9298.
9295.
9293.
9291.
9288.
9286.
9283.
9281.
9278.
9276.
9272.
9270.
9268.
9266.
9263.
9260.
9258.
9256.
9253.
9250.
9248.
9246.
9243.
9240.
9238.
9236.
9233.
9231.
9228.
9226.
9223.
9221.
9218.
9216.
9214.
9212.
9209.
9207.
9205.
9202.
9200.
9198.
9195.
9193.
9190.
9188.
9186.
9184.
9180.
9179.
9176.
9174.
9172.
9170.
9168.
9165.
9163.
9160.
9158.
9156.
9153.
9152.
9149.
9147.
9144.
9143.
9140.
9139.
9136.
9134.
9132.
9129.
9128.
9126.
9123.
9121.
9119.
9117.
9115.
9113.
9110.
9109.
9107.
9105.
9103.
9101.
9099.
9097.
9095.
9093.
9090.
9089.
9086.
9085.
9083.
9080.
9078.
9077.
9075.
9073.
9071.
9068.
9067.
9065.
9063.
9061.
9059.
9058.
9056.
9053.
9052.
9050.
9048.
9046.
9044.
9043.
9040.
9038.
9037.
9035.
9033.
9031.
9029.
9028.
9025.
9025.
9022.
9020.
9018.
9017.
9015.
9013.
9010.
9009.
9007.
9005.
9003.
9001.
8999.
8997.
8996.
8995.
8992.
8990.
8989.
8987.
8984.
8983.
8981.
8978.
8977.
8975.
8973.
8972.
8969.
8967.
8966.
8964.
8962.
8961.
8958.
8956.
8955.
8953.
8951.
8949.
8946.
8945.
8943.
8941.
8939.
8937.
8935.
8934.
8932.
8930.
8928.
8926.
8924.
8922.
8920.
8918.
8916.
8914.
8912.
8910.
8909.
8907.
8904.
8903.
8901.
8899.
8896.
8895.
8893.
8890.
8888.
8887.
8885.
8883.
8881.
8879.
8877.
8875.
8873.
8871.
8869.
8867.
8865.
8863.
8861.
8860.
8858.
8855.
8853.
8851.
8849.
8847.
8845.
8843.
8841.
8839.
8837.
8836.
8833.
8832.
8829.
8827.
8825.
8823.
8821.
8818.
8817.
8815.
8813.
8810.
8809.
8807.
8805.
8802.
8800.
8798.
8795.
8794.
8792.
8790.
8788.
8785.
8784.
8782.
8780.
8778.
8775.
8774.
8771.
8769.
8766.
8764.
8762.
8760.
8758.
8756.
8754.
8752.
8749.
8747.
8745.
8743.
8741.
8739.
8737.
8734.
8732.
8731.
8728.
8726.
8724.
8722.
8719.
8717.
8715.
8713.
8710.
8708.
8705.
8704.
8702.
8699.
8697.
8694.
8692.
8690.
8689.
8686.
8683.
8681.
8679.
8676.
8673.
8672.
8670.
8668.
8666.
8663.
8660.
8659.
8657.
8654.
8652.
8649.
8646.
8644.
8642.
8640.
8637.
8635.
8633.
8631.
8629.
8626.
8624.
8621.
8618.
8616.
8614.
8611.
8609.
8607.
8605.
8603.
8600.
8598.
8595.
8593.
8590.
8588.
8585.
8584.
8581.
8578.
8576.
8573.
8571.
8568.
8566.
8564.
8561.
8559.
8556.
8554.
8551.
8550.
8547.
8544.
8542.
8539.
8537.
8535.
8532.
8530.
8527.
8526.
8523.
8521.
8518.
8516.
8513.
8510.
8508.
8506.
8503.
8500.
8498.
8496.
8493.
8491.
8488.
8486.
8483.
8481.
8479.
8477.
8474.
8471.
8469.
8467.
8464.
8462.
8458.
8456.
8454.
8452.
8449.
8446.
8444.
8442.
8439.
8437.
8434.
8432.
8430.
8427.
8425.
8422.
8418.
8416.
8415.
8412.
8410.
8408.
8405.
8402.
8401.
8397.
8396.
8392.
8390.
8387.
8385.
8382.
8380.
8377.
8375.
8373.
8370.
8368.
8365.
8362.
8360.
8358.
8356.
8353.
8351.
8348.
8346.
8343.
8341.
8339.
8336.
8333.
8332.
8328.
8326.
8324.
8321.
8319.
8317.
8314.
8311.
8309.
8307.
8304.
8302.
8299.
8296.
8295.
8292.
8290.
8287.
8285.
8282.
8281.
8277.
8275.
8273.
8271.
8268.
8266.
8263.
8261.
8258.
8256.
8253.
8252.
8248.
8246.
8243.
8241.
8238.
8236.
8233.
8231.
8229.
8227.
8223.
8221.
8219.
8216.
8214.
8212.
8208.
8206.
8204.
8203.
8199.
8197.
8194.
8192.
8190.
8187.
8185.
8183.
8180.
8178.
8175.
8173.
8170.
8168.
8165.
8163.
8160.
8158.
8155.
8153.
8150.
8148.
8146.
8144.
8140.
8139.
8136.
8134.
8131.
8129.
8126.
8124.
8122.
8119.
8117.
8115.
8112.
8110.
8108.
8105.
8103.
8100.
8098.
8096.
8093.
8091.
8089.
8086.
8084.
8082.
8079.
8077.
8074.
8072.
8070.
8068.
8065.
8063.
8061.
8058.
8056.
8054.
8052.
8049.
8047.
8045.
8043.
8040.
8038.
8035.
8034.
8032.
8029.
8027.
8025.
8023.
8021.
8018.
8016.
8014.
8012.
8009.
8007.
8005.
8003.
8001.
7998.
7997.
7995.
7992.
7991.
7989.
7986.
7984.
7982.
7980.
7978.
7976.
7974.
7972.
7970.
7968.
7966.
7964.
7961.
7960.
7958.
7956.
7954.
7950.
7950.
7948.
7945.
7942.
7942.
7940.
7937.
7936.
7934.
7932.
7930.
7928.
7925.
7923.
7922.
7920.
7918.
7917.
7914.
7912.
7911.
7909.
7907.
7905.
7903.
7902.
7899.
7897.
7897.
7894.
7892.
7890.
7889.
7887.
7884.
7882.
7882.
7879.
7877.
7876.
7874.
7872.
7871.
7869.
7867.
7865.
7863.
7862.
7860.
7858.
7857.
7855.
7853.
7851.
7849.
7849.
7847.
7845.
7843.
7841.
7839.
7838.
7836.
7835.
7833.
7831.
7828.
7829.
7826.
7824.
7822.
7822.
7820.
7818.
7816.
7816.
7814.
7812.
7809.
7809.
7806.
7805.
7803.
7803.
7800.
7798.
7797.
7795.
7794.
7793.
7791.
7789.
7788.
7786.
7785.
7784.
7782.
7780.
7778.
7777.
7775.
7773.
7772.
7771.
7769.
7767.
7766.
7764.
7763.
7761.
7760.
7758.
7757.
7755.
7754.
7753.
7751.
7748.
7747.
7745.
7745.
7742.
7742.
7740.
7738.
7736.
7735.
7734.
7732.
7730.
7730.
7728.
7727.
7725.
7723.
7721.
7720.
7718.
7717.
7715.
7714.
7713.
7710.
7709.
7709.
7707.
7705.
7704.
7702.
7701.
7699.
7697.
7696.
7694.
7692.
7691.
7690.
7688.
7687.
7685.
7684.
7682.
7680.
7679.
7677.
7676.
7674.
7673.
7671.
7670.
7667.
7667.
7666.
7664.
7662.
7661.
7659.
7658.
7655.
7655.
7653.
7652.
7650.
7648.
7646.
7646.
7644.
7643.
7641.
7640.
7638.
7637.
7635.
7633.
7632.
7630.
7628.
7628.
7626.
7624.
7622.
7621.
7619.
7618.
7616.
7615.
7613.
7611.
7610.
7608.
7606.
7605.
7604.
7602.
7600.
7599.
7597.
7595.
7594.
7592.
7591.
7590.
7587.
7586.
7585.
7584.
7581.
7580.
7578.
7577.
7575.
7573.
7572.
7570.
7569.
7566.
7565.
7564.
7562.
7560.
7559.
7557.
7556.
7554.
7553.
7551.
7549.
7548.
7546.
7544.
7543.
7541.
7539.
7537.
7536.
7534.
7532.
7531.
7529.
7528.
7526.
7524.
7523.
7521.
7519.
7517.
7516.
7514.
7512.
7510.
7509.
7507.
7506.
7503.
7502.
7500.
7498.
7497.
7495.
7493.
7492.
7490.
7487.
7486.
7485.
7483.
7481.
7479.
7477.
7476.
7474.
7472.
7471.
7468.
7466.
7465.
7463.
7461.
7459.
7457.
7456.
7454.
7451.
7450.
7448.
7446.
7443.
7443.
7441.
7439.
7437.
7436.
7434.
7432.
7430.
7428.
7426.
7424.
7422.
7420.
7419.
7417.
7414.
7413.
7411.
7409.
7407.
7406.
7403.
7402.
7399.
7398.
7395.
7393.
7391.
7389.
7388.
7385.
7383.
7382.
7380.
7378.
7376.
7374.
7372.
7369.
7368.
7366.
7364.
7362.
7360.
7358.
7356.
7354.
7352.
7351.
7348.
7345.
7344.
7343.
7340.
7336.
7336.
7334.
7332.
7330.
7327.
7325.
7323.
7321.
7319.
7317.
7315.
7313.
7310.
7309.
7306.
7305.
7302.
7300.
7298.
7296.
7293.
7291.
7290.
7288.
7285.
7284.
7281.
7279.
7276.
7274.
7272.
7270.
7268.
7266.
7264.
7261.
7260.
7257.
7255.
7253.
7251.
7248.
7246.
7243.
7241.
7239.
7237.
7235.
7233.
7230.
7228.
7226.
7224.
7221.
7219.
7216.
7214.
7212.
7209.
7207.
7205.
7202.
7200.
7198.
7196.
7193.
7189.
7189.
7186.
7184.
7182.
7179.
7177.
7174.
7172.
7170.
7167.
7164.
7162.
7160.
7158.
7156.
7153.
7151.
7149.
7146.
7144.
7141.
7139.
7138.
7135.
7133.
7130.
7127.
7125.
7123.
7120.
7119.
7116.
7114.
7112.
7110.
7107.
7105.
7102.
7100.
7098.
7095.
7093.
7091.
7088.
7086.
7084.
7082.
7080.
7078.
7075.
7073.
7071.
7069.
7066.
7064.
7062.
7060.
7057.
7055.
7054.
7052.
7049.
7047.
7045.
7043.
7041.
7039.
7036.
7034.
7032.
7030.
7028.
7026.
7024.
7022.
7019.
7017.
7016.
7014.
7012.
7010.
7008.
7006.
7004.
7002.
7001.
6998.
6996.
6994.
6993.
6991.
6989.
6987.
6984.
6983.
6981.
6979.
6978.
6975.
6973.
6972.
6971.
6968.
6966.
6965.
6963.
6961.
6958.
6958.
6956.
6953.
6951.
6951.
6949.
6947.
6945.
6944.
6942.
6940.
6939.
6936.
6934.
6933.
6932.
6930.
6928.
6926.
6924.
6923.
6921.
6919.
6917.
6917.
6915.
6912.
6911.
6910.
6908.
6907.
6904.
6903.
6901.
6900.
6898.
6897.
6895.
6893.
6892.
6890.
6889.
6886.
6885.
6884.
6883.
6880.
6879.
6878.
6876.
6875.
6873.
6872.
6870.
6869.
6867.
6865.
6864.
6863.
6861.
6859.
6858.
6855.
6855.
6853.
6852.
6850.
6849.
6848.
6846.
6845.
6843.
6841.
6840.
6838.
6837.
6836.
6834.
6832.
6831.
6829.
6829.
6826.
6825.
6824.
6822.
6821.
6821.
6819.
6817.
6816.
6815.
6813.
6812.
6810.
6809.
6807.
6805.
6804.
6803.
6802.
6799.
6799.
6797.
6796.
6795.
6793.
6792.
6790.
6789.
6787.
6786.
6785.
6783.
6782.
6780.
6779.
6777.
6776.
6774.
6773.
6772.
6770.
6769.
6767.
6765.
6764.
6763.
6762.
6760.
6758.
6757.
6755.
6754.
6752.
6750.
6749.
6747.
6746.
6745.
6744.
6742.
6740.
6738.
6737.
6736.
6734.
6732.
6732.
6730.
6728.
6726.
6725.
6723.
6722.
6721.
6719.
6717.
6716.
6715.
6713.
6711.
6710.
6708.
6706.
6705.
6703.
6702.
6701.
6699.
6698.
6696.
6694.
6692.
6690.
6689.
6688.
6686.
6683.
6683.
6681.
6680.
6679.
6677.
6675.
6674.
6671.
6670.
6669.
6667.
6664.
6664.
6663.
6661.
6659.
6657.
6655.
6654.
6652.
6650.
6649.
6647.
6646.
6645.
6643.
6641.
6640.
6637.
6636.
6634.
6633.
6631.
6629.
6628.
6626.
6624.
6623.
6622.
6619.
6618.
6617.
6614.
6613.
6612.
6609.
6608.
6607.
6605.
6603.
6602.
6600.
6598.
6597.
6594.
6593.
6591.
6589.
6587.
6587.
6585.
6583.
6580.
6580.
6578.
6576.
6575.
6572.
6570.
6570.
6568.
6566.
6564.
6562.
6559.
6559.
6557.
6556.
6554.
6553.
6551.
6549.
6547.
6545.
6543.
6543.
6541.
6538.
6536.
6535.
6533.
6532.
6530.
6528.
6526.
6526.
6524.
6523.
6520.
6518.
6517.
6515.
6514.
6511.
6510.
6508.
6506.
6504.
6503.
6502.
6500.
6498.
6497.
6495.
6493.
6491.
6490.
6489.
6486.
6485.
6483.
6481.
6479.
6478.
6477.
6475.
6473.
6471.
6470.
6469.
6467.
6465.
6463.
6461.
6461.
6459.
6457.
6456.
6453.
6452.
6450.
6448.
6448.
6446.
6445.
6443.
6441.
6439.
6438.
6436.
6436.
6434.
6432.
6430.
6429.
6428.
6426.
6425.
6422.
6420.
6419.
6418.
6417.
6415.
6414.
6413.
6412.
6411.
6409.
6408.
6406.
6405.
6403.
6402.
6401.
6400.
6399.
6397.
6396.
6395.
6394.
6392.
6390.
6390.
6388.
6387.
6386.
6385.
6383.
6383.
6381.
6381.
6379.
6379.
6378.
6376.
6374.
6374.
6373.
6372.
6370.
6370.
6368.
6368.
6366.
6366.
6364.
6364.
6363.
6362.
6360.
6361.
6359.
6359.
6356.
6356.
6355.
6355.
6354.
6354.
6353.
6353.
6351.
6350.
6349.
6349.
6348.
6347.
6347.
6346.
6345.
6344.
6345.
6344.
6342.
6342.
6342.
6341.
6341.
6340.
6339.
6339.
6339.
6338.
6339.
6338.
6338.
6336.
6336.
6336.
6335.
6335.
6335.
6334.
6334.
6333.
6333.
6334.
6333.
6333.
6333.
6333.
6332.
6332.
6333.
6332.
6331.
6332.
6332.
6331.
6331.
6332.
6332.
6331.
6332.
6332.
6332.
6332.
6332.
6332.
6332.
6331.
6332.
6331.
6332.
6332.
6332.
6331.
6332.
6332.
6332.
6332.
6332.
6331.
6332.
6332.
6332.
6332.
6331.
6332.
6332.
6333.
6332.
6332.
6331.
6331.
6332.
6331.
6332.
6332.
6332.
6332.
6333.
6332.
6332.
6332.
6332.
6332.
6332.
6332.
6331.
6332.
6332.
6333.
6331.
6332.
6332.
6331.
6332.
6332.
6332.
6332.
6332.
6332.
6332.
6332.
6332.
6332.
6332.
6332.
6332.
6332.
6332.
6332.
6332.
6332.
6333.
6332.
6332.
6332.
6332.
6332.
6332.
6332.
6332.
6332.
6331.
6332.
6331.
6332.
6332.
6332.
6332.
6332.
6332.
6332.
6333.
6332.
6331.
6332.
6332.
6332.
6332.
6332.
6332.
6331.
6331.
6332.
6331.
6332.
6332.
6332.
6332.
6332.
6332.
6332.
6332.
6332.
6332.
6332.
6332.
6332.
6332.
6332.
6332.
6332.
6332.
6332.
6332.
6332.
6332.
6332.
6332.
6332.
6332.
6333.
6332.
6332.
6332.
6333.
6332.
6332.
6332.
6333.
6332.
6332.
6332.
6332.
6332.
6331.
6332.
6332.
6332.
6332.
6333.
6333.
6332.
6332.
6332.
6333.
6332.
6333.
6332.
6332.
6332.
6331.
6332.
6332.
6333.
6332.
6332.
6332.
6331.
6332.
6332.
6333.
6332.
6333.
6332.
6332.
6333.
6332.
6332.
6332.
6332.
6332.
6332.
6332.
6332.
6332.
6332.
6332.
6332.
6332.
6332.
6332.
6332.
6332.
6333.
6333.
6332.
6332.
6332.
6332.
6332.
6332.
6332.
6332.
6332.
6332.
6332.
6333.
6332.
6332.
6333.
6332.
6333.
6333.
6332.
6333.
6333.
6333.
6333.
6332.
6333.
6333.
6333.
6332.
6332.
6332.
6332.
6333.
6332.
6333.
6333.
6333.
6334.
6332.
6332.
6333.
6332.
6333.
6332.
6333.
6332.
6333.
6332.
6333.
6332.
6333.
6333.
6333.
6333.
6333.
6333.
6333.
6333.
6334.
6334.
6333.
6333.
6333.
6334.
6334.
6334.
6335.
6335.
6335.
6336.
6335.
6336.
6336.
6336.
6337.
6337.
6339.
6338.
6339.
6339.
6340.
6340.
6341.
6341.
6341.
6342.
6342.
6343.
6344.
6344.
6344.
6346.
6346.
6347.
6348.
6349.
6349.
6350.
6351.
6352.
6352.
6353.
6355.
6355.
6355.
6357.
6357.
6358.
6359.
6361.
6361.
6363.
6363.
6365.
6366.
6368.
6369.
6370.
6371.
6373.
6374.
6376.
6376.
6378.
6380.
6381.
6382.
6384.
6385.
6387.
6389.
6391.
6392.
6393.
6395.
6397.
6398.
6400.
6402.
6404.
6405.
6408.
6409.
6412.
6413.
6415.
6417.
6419.
6421.
6423.
6425.
6427.
6428.
6431.
6433.
6435.
6437.
6439.
6442.
6443.
6445.
6447.
6450.
6452.
6454.
6456.
6459.
6461.
6463.
6465.
6468.
6470.
6471.
6474.
6476.
6479.
6481.
6483.
6485.
6488.
6490.
6492.
6494.
6497.
6499.
6502.
6504.
6506.
6508.
6510.
6513.
6516.
6518.
6520.
6522.
6525.
6527.
6529.
6532.
6534.
6536.
6539.
6541.
6543.
6545.
6547.
6550.
6552.
6555.
6557.
6559.
6560.
6563.
6565.
6568.
6570.
6572.
6574.
6576.
6579.
6581.
6583.
6586.
6588.
6589.
6591.
6594.
6596.
6598.
6600.
6603.
6605.
6606.
6609.
6611.
6614.
6615.
6617.
6620.
6621.
6625.
6626.
6629.
6631.
6633.
6636.
6637.
6639.
6642.
6644.
6646.
6648.
6650.
6652.
6655.
6657.
6659.
6661.
6663.
6666.
6668.
6670.
6672.
6675.
6677.
6678.
6681.
6683.
6685.
6687.
6690.
6692.
6694.
6697.
6699.
6701.
6703.
6705.
6708.
6710.
6712.
6714.
6716.
6718.
6721.
6723.
6725.
6727.
6729.
6731.
6734.
6735.
6738.
6740.
6743.
6744.
6747.
6748.
6751.
6753.
6755.
6757.
6759.
6762.
6765.
6766.
6768.
6770.
6773.
6775.
6777.
6779.
6781.
6784.
6786.
6788.
6790.
6793.
6795.
6796.
6798.
6801.
6803.
6805.
6807.
6810.
6812.
6814.
6817.
6819.
6821.
6823.
6825.
6827.
6829.
6832.
6834.
6836.
6838.
6841.
6843.
6846.
6847.
6850.
6852.
6854.
6856.
6859.
6861.
6863.
6865.
6867.
6870.
6871.
6874.
6876.
6879.
6881.
6883.
6885.
6888.
6889.
6892.
6895.
6896.
6898.
6901.
6903.
6906.
6908.
6910.
6912.
6915.
6917.
6919.
6921.
6924.
6926.
6928.
6930.
6933.
6936.
6937.
6940.
6942.
6943.
6946.
6948.
6951.
6953.
6956.
6958.
6961.
6963.
6965.
6968.
6970.
6973.
6974.
6977.
6979.
6981.
6984.
6986.
6989.
6990.
6993.
6996.
6999.
7000.
7003.
7005.
7007.
7010.
7012.
7014.
7016.
7019.
7022.
7024.
7026.
7029.
7031.
7033.
7036.
7038.
7040.
7043.
7045.
7047.
7050.
7052.
7055.
7056.
7058.
7062.
7064.
7065.
7068.
7071.
7073.
7075.
7078.
7080.
7083.
7085.
7087.
7090.
7092.
7094.
7096.
7099.
7102.
7104.
7107.
7108.
7111.
7113.
7116.
7118.
7120.
7123.
7125.
7128.
7131.
7132.
7134.
7138.
7140.
7142.
7145.
7147.
7150.
7152.
7154.
7157.
7160.
7162.
7164.
7167.
7170.
7172.
7175.
7177.
7180.
7182.
7185.
7187.
7191.
7192.
7195.
7198.
7201.
7203.
7206.
7208.
7212.
7214.
7217.
7219.
7222.
7225.
7228.
7230.
7234.
7236.
7239.
7241.
7245.
7247.
7250.
7252.
7256.
7258.
7261.
7264.
7268.
7269.
7273.
7275.
7279.
7281.
7285.
7287.
7292.
7294.
7297.
7299.
7303.
7305.
7308.
7311.
7315.
7317.
7321.
7323.
7327.
7329.
7333.
7335.
7339.
7341.
7344.
7348.
7351.
7353.
7356.
7359.
7363.
7366.
7369.
7371.
7375.
7378.
7381.
7384.
7387.
7390.
7393.
7396.
7399.
7402.
7405.
7408.
7411.
7414.
7417.
7420.
7423.
7427.
7429.
7433.
7435.
7439.
7441.
7444.
7447.
7451.
7453.
7457.
7460.
7464.
7466.
7469.
7472.
7476.
7478.
7481.
7484.
7488.
7490.
7494.
7496.
7499.
7501.
7505.
7508.
7512.
7514.
7518.
7521.
7524.
7526.
7529.
7532.
7535.
7538.
7541.
7544.
7547.
7550.
7553.
7556.
7559.
7561.
7564.
7567.
7570.
7573.
7576.
7579.
7582.
7585.
7587.
7590.
7593.
7596.
7598.
7602.
7605.
7607.
7610.
7613.
7616.
7618.
7621.
7624.
7627.
7630.
7632.
7636.
7638.
7641.
7644.
7647.
7649.
7652.
7654.
7658.
7660.
7663.
7665.
7669.
7671.
7674.
7677.
7680.
7682.
7685.
7687.
7691.
7693.
7696.
7699.
7702.
7704.
7707.
7709.
7712.
7715.
7718.
7720.
7723.
7725.
7729.
7731.
7734.
7736.
7739.
7741.
7745.
7747.
7750.
7752.
7755.
7757.
7760.
7763.
7765.
7768.
7770.
7773.
7776.
7778.
7781.
7783.
7787.
7788.
7791.
7793.
7796.
7798.
7801.
7803.
7806.
7809.
7811.
7813.
7815.
7818.
7821.
7823.
7825.
7828.
7830.
7832.
7835.
7838.
7840.
7842.
7845.
7847.
7849.
7851.
7853.
7857.
7859.
7861.
7863.
7866.
7868.
7870.
7873.
7876.
7878.
7879.
7882.
7884.
7886.
7889.
7891.
7893.
7895.
7898.
7901.
7902.
7905.
7907.
7909.
7911.
7913.
7916.
7918.
7920.
7922.
7925.
7927.
7929.
7931.
7933.
7936.
7938.
7940.
7942.
7944.
7946.
7949.
7950.
7953.
7955.
7957.
7959.
7962.
7964.
7966.
7968.
7970.
7972.
7974.
7976.
7978.
7980.
7982.
7985.
7987.
7989.
7991.
7993.
7995.
7997.
7999.
8001.
8003.
8004.
8007.
8009.
8011.
8013.
8015.
8017.
8019.
8021.
8024.
8026.
8027.
8029.
8031.
8033.
8035.
8037.
8039.
8040.
8043.
8045.
8047.
8049.
8051.
8053.
8054.
8056.
8059.
8061.
8062.
8064.