6560.
6560.
6560.
6560.
6560.
6560.
6560.
6559.
6560.
6560.
6560.
6560.
6560.
6559.
6560.
6559.
6560.
6560.
6560.
6560.
6560.
6560.
6560.
6560.
6560.
6559.
6560.
6560.
6560.
6561.
6559.
6559.
6560.
6560.
6560.
6561.
6560.
6560.
6560.
6560.
6560.
6559.
6560.
6560.
6560.
6560.
6561.
6560.
6560.
6560.
6560.
6560.
6560.
6561.
6559.
6560.
6560.
6560.
6560.
6560.
6560.
6560.
6559.
6560.
6560.
6560.
6560.
6560.
6561.
6560.
6559.
6560.
6560.
6560.
6561.
6560.
6561.
6560.
6560.
6560.
6560.
6560.
6560.
6560.
6559.
6560.
6560.
6560.
6560.
6560.
6560.
6560.
6561.
6560.
6559.
6560.
6560.
6560.
6560.
6560.
6560.
6560.
6560.
6560.
6560.
6560.
6560.
6560.
6560.
6560.
6561.
6560.
6561.
6559.
6560.
6559.
6560.
6560.
6560.
6560.
6560.
6561.
6560.
6560.
6560.
6561.
6560.
6560.
6560.
6560.
6560.
6560.
6560.
6561.
6560.
6559.
6560.
6561.
6560.
6559.
6560.
6560.
6560.
6560.
6560.
6560.
6560.
6560.
6560.
6559.
6560.
6560.
6560.
6560.
6560.
6560.
6560.
6560.
6560.
6560.
6560.
6561.
6560.
6561.
6560.
6560.
6560.
6560.
6560.
6560.
6560.
6560.
6560.
6560.
6560.
6560.
6560.
6560.
6560.
6560.
6561.
6560.
6560.
6560.
6560.
6560.
6560.
6560.
6560.
6560.
6560.
6560.
6560.
6560.
6560.
6560.
6560.
6560.
6560.
6560.
6560.
6560.
6560.
6560.
6559.
6560.
6560.
6560.
6561.
6560.
6559.
6560.
6560.
6560.
6560.
6560.
6560.
6560.
6560.
6560.
6560.
6560.
6561.
6560.
6560.
6560.
6559.
6560.
6560.
6560.
6561.
6560.
6560.
6560.
6560.
6560.
6561.
6560.
6560.
6560.
6560.
6560.
6560.
6560.
6560.
6559.
6560.
6560.
6560.
6560.
6560.
6561.
6560.
6560.
6560.
6560.
6560.
6560.
6560.
6560.
6560.
6561.
6560.
6559.
6560.
6561.
6560.
6560.
6560.
6559.
6560.
6560.
6560.
6560.
6560.
6559.
6560.
6560.
6560.
6561.
6560.
6560.
6560.
6559.
6560.
6560.
6560.
6560.
6560.
6561.
6560.
6561.
6560.
6559.
6560.
6560.
6560.
6559.
6560.
6560.
6560.
6560.
6560.
6560.
6560.
6560.
6560.
6560.
6561.
6560.
6561.
6561.
6560.
6560.
6561.
6561.
6560.
6560.
6559.
6560.
6560.
6560.
6560.
6560.
6560.
6560.
6560.
6560.
6560.
6560.
6560.
6560.
6561.
6560.
6560.
6560.
6560.
6560.
6560.
6560.
6560.
6560.
6561.
6560.
6561.
6560.
6560.
6560.
6561.
6560.
6560.
6560.
6560.
6559.
6559.
6560.
6559.
6560.
6560.
6560.
6560.
6559.
6559.
6560.
6559.
6560.
6560.
6560.
6560.
6560.
6560.
6560.
6560.
6560.
6560.
6561.
6560.
6560.
6560.
6560.
6560.
6559.
6560.
6561.
6560.
6560.
6560.
6560.
6560.
6561.
6560.
6560.
6560.
6559.
6560.
6560.
6560.
6559.
6561.
6561.
6560.
6560.
6560.
6560.
6560.
6561.
6560.
6560.
6560.
6560.
6560.
6560.
6560.
6561.
6560.
6560.
6560.
6560.
6560.
6560.
6560.
6561.
6560.
6560.
6561.
6561.
6561.
6561.
6562.
6562.
6561.
6561.
6562.
6562.
6563.
6563.
6564.
6563.
6564.
6565.
6564.
6565.
6565.
6566.
6567.
6568.
6568.
6568.
6569.
6569.
6570.
6570.
6572.
6571.
6572.
6573.
6575.
6575.
6575.
6576.
6578.
6578.
6579.
6580.
6581.
6582.
6582.
6584.
6584.
6585.
6586.
6588.
6588.
6590.
6590.
6592.
6592.
6593.
6594.
6597.
6597.
6598.
6600.
6601.
6602.
6604.
6604.
6606.
6607.
6608.
6609.
6611.
6612.
6614.
6615.
6617.
6618.
6619.
6620.
6622.
6623.
6625.
6626.
6628.
6629.
6631.
6632.
6634.
6635.
6636.
6638.
6640.
6640.
6642.
6644.
6645.
6647.
6648.
6650.
6651.
6652.
6653.
6655.
6657.
6659.
6660.
6661.
6663.
6664.
6666.
6668.
6669.
6670.
6671.
6674.
6675.
6677.
6677.
6679.
6680.
6681.
6683.
6685.
6686.
6687.
6689.
6691.
6692.
6692.
6694.
6696.
6697.
6699.
6700.
6702.
6703.
6704.
6705.
6707.
6707.
6709.
6710.
6712.
6712.
6714.
6714.
6717.
6718.
6718.
6719.
6721.
6722.
6724.
6724.
6725.
6726.
6727.
6728.
6729.
6730.
6731.
6731.
6733.
6733.
6734.
6735.
6736.
6737.
6737.
6738.
6739.
6739.
6740.
6741.
6742.
6743.
6742.
6744.
6745.
6745.
6745.
6746.
6746.
6747.
6747.
6748.
6749.
6749.
6749.
6750.
6750.
6752.
6752.
6752.
6751.
6753.
6753.
6753.
6753.
6754.
6754.
6754.
6754.
6755.
6756.
6755.
6755.
6756.
6756.
6755.
6756.
6756.
6756.
6756.
6756.
6757.
6757.
6757.
6758.
6758.
6758.
6758.
6758.
6757.
6757.
6758.
6758.
6759.
6758.
6758.
6758.
6759.
6758.
6758.
6758.
6759.
6758.
6758.
6759.
6759.
6758.
6758.
6758.
6758.
6758.
6758.
6758.
6759.
6758.
6758.
6758.
6758.
6759.
6758.
6758.
6759.
6758.
6758.
6758.
6759.
6758.
6759.
6758.
6758.
6758.
6759.
6757.
6758.
6759.
6758.
6758.
6758.
6759.
6758.
6758.
6759.
6757.
6758.
6758.
6758.
6758.
6758.
6758.
6758.
6758.
6758.
6758.
6759.
6757.
6758.
6758.
6758.
6757.
6758.
6758.
6758.
6759.
6759.
6759.
6758.
6757.
6758.
6759.
6759.
6759.
6758.
6759.
6759.
6759.
6758.
6758.
6759.
6758.
6759.
6759.
6760.
6760.
6760.
6760.
6760.
6761.
6760.
6760.
6761.
6761.
6761.
6761.
6762.
6763.
6763.
6763.
6764.
6765.
6765.
6765.
6766.
6766.
6766.
6767.
6768.
6768.
6769.
6769.
6770.
6770.
6771.
6771.
6772.
6772.
6774.
6774.
6775.
6775.
6776.
6777.
6777.
6778.
6779.
6780.
6780.
6782.
6782.
6783.
6784.
6785.
6786.
6786.
6788.
6788.
6789.
6790.
6791.
6792.
6793.
6794.
6794.
6796.
6797.
6797.
6798.
6799.
6800.
6802.
6802.
6804.
6806.
6807.
6807.
6809.
6809.
6811.
6812.
6814.
6814.
6816.
6816.
6818.
6819.
6821.
6821.
6823.
6824.
6826.
6826.
6828.
6829.
6831.
6832.
6833.
6835.
6837.
6838.
6839.
6840.
6842.
6844.
6845.
6847.
6848.
6850.
6851.
6852.
6853.
6856.
6856.
6858.
6859.
6861.
6862.
6864.
6866.
6868.
6869.
6870.
6872.
6873.
6875.
6876.
6879.
6880.
6881.
6884.
6884.
6886.
6888.
6890.
6891.
6894.
6894.
6896.
6898.
6900.
6902.
6904.
6905.
6907.
6908.
6911.
6911.
6913.
6915.
6916.
6919.
6921.
6922.
6924.
6926.
6928.
6929.
6931.
6934.
6935.
6937.
6938.
6940.
6942.
6943.
6945.
6947.
6949.
6950.
6953.
6956.
6957.
6958.
6960.
6963.
6965.
6966.
6968.
6970.
6972.
6973.
6975.
6977.
6979.
6981.
6983.
6985.
6987.
6989.
6990.
6992.
6995.
6997.
6998.
7000.
7002.
7005.
7006.
7008.
7010.
7012.
7014.
7016.
7018.
7020.
7022.
7025.
7026.
7028.
7030.
7032.
7034.
7035.
7038.
7040.
7042.
7043.
7046.
7048.
7050.
7052.
7054.
7056.
7058.
7060.
7061.
7064.
7066.
7068.
7070.
7073.
7074.
7076.
7078.
7080.
7083.
7084.
7086.
7088.
7091.
7092.
7094.
7096.
7098.
7101.
7103.
7105.
7107.
7109.
7110.
7113.
7115.
7117.
7119.
7121.
7124.
7125.
7127.
7130.
7132.
7134.
7135.
7138.
7140.
7142.
7145.
7146.
7148.
7150.
7152.
7155.
7157.
7159.
7161.
7163.
7166.
7167.
7169.
7172.
7173.
7176.
7178.
7180.
7182.
7184.
7186.
7188.
7190.
7193.
7195.
7196.
7199.
7201.
7203.
7206.
7208.
7210.
7212.
7214.
7216.
7219.
7221.
7223.
7225.
7228.
7230.
7232.
7234.
7237.
7239.
7241.
7243.
7245.
7248.
7250.
7252.
7254.
7257.
7259.
7262.
7263.
7266.
7268.
7270.
7273.
7275.
7278.
7280.
7281.
7284.
7287.
7289.
7291.
7293.
7295.
7298.
7300.
7302.
7304.
7307.
7309.
7312.
7314.
7317.
7319.
7321.
7323.
7326.
7328.
7330.
7332.
7335.
7337.
7339.
7342.
7344.
7346.
7348.
7351.
7353.
7355.
7357.
7360.
7363.
7365.
7367.
7369.
7372.
7374.
7376.
7379.
7381.
7383.
7385.
7388.
7391.
7392.
7394.
7397.
7400.
7402.
7404.
7407.
7409.
7411.
7413.
7415.
7418.
7420.
7422.
7425.
7427.
7429.
7432.
7434.
7436.
7439.
7441.
7443.
7445.
7448.
7450.
7452.
7455.
7457.
7460.
7462.
7464.
7467.
7469.
7471.
7473.
7476.
7477.
7480.
7483.
7485.
7487.
7490.
7492.
7495.
7498.
7499.
7501.
7504.
7506.
7509.
7511.
7514.
7516.
7518.
7521.
7523.
7525.
7528.
7530.
7533.
7534.
7537.
7539.
7543.
7545.
7547.
7549.
7552.
7554.
7557.
7558.
7561.
7563.
7566.
7568.
7571.
7573.
7576.
7578.
7580.
7583.
7585.
7588.
7590.
7592.
7595.
7597.
7600.
7602.
7604.
7607.
7610.
7612.
7614.
7617.
7619.
7621.
7623.
7627.
7629.
7631.
7634.
7636.
7638.
7641.
7643.
7646.
7648.
7650.
7652.
7656.
7658.
7661.
7662.
7665.
7667.
7670.
7672.
7675.
7677.
7679.
7682.
7685.
7686.
7689.
7691.
7695.
7697.
7699.
7701.
7704.
7705.
7708.
7711.
7713.
7715.
7718.
7720.
7723.
7725.
7727.
7730.
7733.
7735.
7737.
7739.
7742.
7744.
7746.
7749.
7752.
7754.
7755.
7759.
7761.
7763.
7766.
7768.
7770.
7773.
7775.
7778.
7780.
7783.
7785.
7787.
7789.
7792.
7794.
7797.
7799.
7802.
7804.
7806.
7808.
7811.
7813.
7816.
7818.
7821.
7822.
7825.
7827.
7830.
7832.
7835.
7837.
7840.
7842.
7844.
7846.
7849.
7851.
7854.
7856.
7858.
7860.
7863.
7865.
7868.
7870.
7872.
7875.
7877.
7879.
7881.
7884.
7886.
7888.
7891.
7893.
7896.
7898.
7900.
7902.
7905.
7907.
7909.
7911.
7914.
7916.
7919.
7921.
7923.
7925.
7928.
7930.
7932.
7934.
7937.
7939.
7941.
7944.
7946.
7948.
7950.
7953.
7955.
7958.
7959.
7961.
7963.
7966.
7968.
7970.
7972.
7975.
7977.
7979.
7982.
7984.
7986.
7988.
7990.
7993.
7995.
7996.
7999.
8001.
8003.
8006.
8008.
8010.
8012.
8014.
8016.
8019.
8020.
8023.
8025.
8027.
8029.
8031.
8033.
8036.
8037.
8039.
8042.
8044.
8045.
8047.
8050.
8052.
8054.
8056.
8058.
8060.
8062.
8064.
8066.
8069.
8070.
8073.
8074.
8076.
8078.
8080.
8083.
8085.
8087.
8088.
8091.
8093.
8095.
8096.
8099.
8101.
8102.
8105.
8106.
8108.
8110.
8113.
8114.
8116.
8118.
8120.
8122.
8124.
8126.
8127.
8130.
8132.
8133.
8135.
8137.
8139.
8141.
8143.
8145.
8146.
8148.
8150.
8152.
8154.
8156.
8158.
8160.
8162.
8164.
8165.
8168.
8170.
8171.
8173.
8175.
8177.
8178.
8180.
8182.
8184.
8186.
8187.
8190.
8191.
8193.
8195.
8197.
8199.
8200.
8202.
8204.
8205.
8207.
8209.
8211.
8213.
8214.
8217.
8219.
8220.
8222.
8224.
8225.
8227.
8230.
8231.
8232.
8234.
8236.
8238.
8239.
8242.
8244.
8245.
8247.
8249.
8251.
8252.
8254.
8256.
8257.
8259.
8261.
8263.
8265.
8266.
8268.
8269.
8271.
8273.
8275.
8277.
8279.
8280.
8281.
8284.
8285.
8287.
8289.
8291.
8292.
8294.
8296.
8297.
8299.
8301.
8303.
8304.
8306.
8308.
8309.
8311.
8313.
8314.
8316.
8318.
8320.
8321.
8323.
8324.
8326.
8328.
8329.
8331.
8333.
8334.
8336.
8338.
8340.
8342.
8343.
8345.
8347.
8348.
8350.
8352.
8353.
8355.
8356.
8358.
8360.
8362.
8364.
8366.
8367.
8369.
8370.
8372.
8374.
8376.
8378.
8379.
8380.
8382.
8384.
8386.
8388.
8390.
8392.
8393.
8395.
8397.
8399.
8400.
8402.
8404.
8405.
8408.
8409.
8411.
8413.
8415.
8416.
8418.
8420.
8421.
8423.
8425.
8427.
8429.
8430.
8432.
8434.
8436.
8437.
8439.
8440.
8443.
8445.
8446.
8448.
8450.
8452.
8454.
8456.
8457.
8459.
8461.
8463.
8464.
8466.
8467.
8469.
8471.
8473.
8474.
8477.
8478.
8479.
8482.
8483.
8486.
8488.
8489.
8491.
8493.
8495.
8496.
8498.
8500.
8502.
8503.
8505.
8507.
8509.
8511.
8512.
8514.
8516.
8519.
8520.
8521.
8523.
8525.
8527.
8529.
8530.
8532.
8534.
8535.
8537.
8540.
8542.
8543.
8545.
8547.
8549.
8550.
8552.
8554.
8555.
8557.
8559.
8561.
8563.
8565.
8566.
8569.
8570.
8572.
8573.
8575.
8577.
8580.
8580.
8582.
8584.
8586.
8588.
8589.
8592.
8594.
8595.
8596.
8598.
8600.
8602.
8604.
8606.
8607.
8609.
8611.
8613.
8614.
8616.
8618.
8619.
8622.
8623.
8625.
8626.
8628.
8630.
8632.
8633.
8635.
8637.
8639.
8641.
8642.
8644.
8646.
8647.
8649.
8651.
8653.
8654.
8656.
8658.
8660.
8662.
8663.
8665.
8667.
8669.
8670.
8672.
8674.
8675.
8677.
8679.
8681.
8683.
8684.
8686.
8687.
8689.
8691.
8692.
8694.
8696.
8698.
8701.
8701.
8702.
8705.
8707.
8708.
8710.
8711.
8713.
8715.
8716.
8718.
8720.
8721.
8723.
8725.
8727.
8728.
8731.
8732.
8733.
8735.
8737.
8738.
8740.
8741.
8743.
8745.
8747.
8748.
8750.
8752.
8754.
8755.
8757.
8758.
8760.
8761.
8763.
8765.
8766.
8769.
8770.
8772.
8774.
8775.
8777.
8778.
8780.
8781.
8783.
8785.
8787.
8788.
8790.
8791.
8793.
8795.
8796.
8798.
8800.
8802.
8803.
8804.
8806.
8808.
8809.
8811.
8813.
8814.
8816.
8818.
8819.
8821.
8822.
8823.
8825.
8827.
8828.
8830.
8832.
8834.
8835.
8837.
8838.
8840.
8841.
8844.
8844.
8846.
8847.
8849.
8850.
8853.
8854.
8855.
8857.
8859.
8860.
8861.
8863.
8864.
8866.
8868.
8870.
8871.
8872.
8875.
8875.
8877.
8878.
8880.
8881.
8883.
8885.
8886.
8888.
8889.
8891.
8893.
8893.
8896.
8897.
8898.
8900.
8901.
8904.
8905.
8906.
8907.
8908.
8911.
8912.
8913.
8915.
8917.
8918.
8919.
8922.
8923.
8925.
8925.
8927.
8929.
8930.
8931.
8933.
8934.
8936.
8937.
8939.
8940.
8941.
8943.
8945.
8946.
8948.
8949.
8951.
8952.
8954.
8955.
8958.
8958.
8960.
8961.
8963.
8964.
8965.
8968.
8969.
8970.
8971.
8973.
8975.
8976.
8977.
8979.
8981.
8982.
8983.
8985.
8986.
8988.
8989.
8991.
8992.
8994.
8995.
8997.
8999.
9000.
9001.
9002.
9004.
9005.
9007.
9008.
9010.
9011.
9013.
9015.
9016.
9019.
9019.
9020.
9022.
9024.
9025.
9027.
9028.
9030.
9031.
9033.
9034.
9036.
9037.
9039.
9040.
9042.
9043.
9045.
9047.
9048.
9050.
9052.
9053.
9054.
9056.
9057.
9060.
9061.
9062.
9064.
9065.
9067.
9069.
9070.
9072.
9074.
9075.
9077.
9079.
9081.
9082.
9083.
9085.
9087.
9088.
9090.
9093.
9093.
9096.
9097.
9099.
9101.
9102.
9104.
9106.
9107.
9109.
9111.
9113.
9113.
9115.
9117.
9119.
9121.
9123.
9124.
9126.
9128.
9130.
9131.
9133.
9135.
9136.
9139.
9141.
9142.
9144.
9145.
9147.
9149.
9151.
9153.
9154.
9156.
9158.
9160.
9162.
9163.
9166.
9167.
9169.
9170.
9172.
9175.
9176.
9178.
9180.
9181.
9183.
9185.
9187.
9189.
9191.
9193.
9195.
9196.
9198.
9200.
9201.
9203.
9205.
9207.
9208.
9210.
9212.
9215.
9216.
9217.
9220.
9222.
9223.
9225.
9227.
9229.
9230.
9232.
9234.
9236.
9237.
9239.
9241.
9243.
9245.
9247.
9248.
9251.
9252.
9255.
9256.
9258.
9259.
9261.
9262.
9264.
9267.
9268.
9270.
9272.
9274.
9276.
9277.
9279.
9281.
9283.
9284.
9286.
9288.
9290.
9291.
9293.
9295.
9296.
9299.
9300.
9301.
9303.
9305.
9307.
9308.
9310.
9312.
9314.
9315.
9317.
9319.
9320.
9322.
9324.
9326.
9328.
9329.
9331.
9332.
9334.
9336.
9337.
9340.
9341.
9342.
9344.
9346.
9347.
9349.
9350.
9352.
9354.
9356.
9357.
9359.
9360.
9362.
9363.
9365.
9366.
9368.
9369.
9371.
9373.
9374.
9376.
9377.
9379.
9381.
9382.
9384.
9385.
9387.
9388.
9390.
9391.
9392.
9394.
9396.
9397.
9398.
9400.
9402.
9403.
9404.
9406.
9408.
9409.
9411.
9411.
9413.
9414.
9415.
9416.
9418.
9419.
9421.
9422.
9424.
9425.
9427.
9428.
9430.
9431.
9432.
9432.
9434.
9435.
9437.
9437.
9439.
9440.
9441.
9442.
9443.
9445.
9446.
9447.
9448.
9450.
9451.
9452.
9453.
9454.
9455.
9456.
9457.
9459.
9460.
9460.
9461.
9463.
9464.
9465.
9465.
9467.
9468.
9469.
9470.
9471.
9472.
9473.
9473.
9475.
9475.
9477.
9478.
9479.
9480.
9481.
9482.
9483.
9484.
9485.
9486.
9488.
9488.
9490.
9490.
9491.
9491.
9493.
9493.
9494.
9495.
9497.
9497.
9498.
9499.
9501.
9501.
9502.
9503.
9504.
9505.
9506.
9506.
9508.
9509.
9509.
9511.
9512.
9512.
9513.
9514.
9516.
9516.
9518.
9518.
9520.
9520.
9520.
9522.
9522.
9523.
9524.
9525.
9526.
9527.
9528.
9529.
9529.
9531.
9531.
9532.
9533.
9534.
9535.
9536.
9537.
9538.
9539.
9540.
9541.
9542.
9543.
9544.
9545.
9546.
9547.
9548.
9548.
9550.
9550.
9552.
9552.
9554.
9555.
9556.
9556.
9558.
9559.
9559.
9560.
9562.
9563.
9564.
9565.
9566.
9567.
9568.
9569.
9570.
9572.
9572.
9573.
9574.
9576.
9577.
9578.
9579.
9581.
9581.
9582.
9583.
9585.
9586.
9587.
9588.
9589.
9590.
9592.
9593.
9594.
9595.
9597.
9598.
9599.
9600.
9601.
9602.
9604.
9605.
9606.
9608.
9609.
9611.
9612.
9613.
9614.
9615.
9617.
9618.
9621.
9622.
9623.
9624.
9625.
9626.
9628.
9630.
9631.
9633.
9635.
9635.
9637.
9639.
9640.
9641.
9643.
9644.
9646.
9647.
9649.
9650.
9652.
9653.
9654.
9656.
9657.
9660.
9662.
9662.
9664.
9665.
9667.
9668.
9670.
9672.
9673.
9675.
9676.
9677.
9680.
9681.
9683.
9685.
9686.
9688.
9689.
9691.
9693.
9694.
9696.
9697.
9699.
9701.
9702.
9704.
9706.
9707.
9709.
9711.
9712.
9714.
9715.
9718.
9719.
9721.
9722.
9725.
9726.
9728.
9729.
9731.
9732.
9734.
9736.
9738.
9740.
9741.
9743.
9745.
9747.
9749.
9750.
9752.
9754.
9756.
9757.
9759.
9760.
9762.
9765.
9767.
9768.
9769.
9771.
9773.
9775.
9777.
9778.
9780.
9783.
9784.
9785.
9788.
9789.
9791.
9792.
9795.
9796.
9798.
9799.
9802.
9804.
9805.
9807.
9809.
9810.
9813.
9815.
9816.
9818.
9819.
9821.
9823.
9826.
9827.
9828.
9830.
9832.
9834.
9836.
9838.
9840.
9841.
9844.
9845.
9847.
9848.
9850.
9852.
9854.
9856.
9857.
9859.
9861.
9863.
9865.
9867.
9869.
9870.
9872.
9875.
9876.
9877.
9879.
9881.
9883.
9885.
9886.
9888.
9890.
9891.
9894.
9896.
9897.
9899.
9901.
9903.
9905.
9905.
9908.
9910.
9912.
9913.
9915.
9917.
9918.
9920.
9922.
9924.
9926.
9927.
9929.
9930.
9933.
9934.
9936.
9937.
9940.
9942.
9943.
9945.
9947.
9949.
9950.
9952.
9954.
9956.
9957.
9959.
9961.
9963.
9964.
9966.
9967.
9969.
9971.
9973.
9974.
9976.
9978.
9979.
9982.
9983.
9984.
9986.
9989.
9990.
9991.
9993.
9994.
9996.
9998.
10000.
10002.
10003.
10004.
10006.
10009.
10010.
10012.
10013.
10015.
10016.
10019.
10020.
10021.
10023.
10024.
10026.
10028.
10029.
10032.
10033.
10034.
10036.
10038.
10040.
10041.
10042.
10044.
10045.
10047.
10048.
10050.
10052.
10053.
10055.
10056.
10058.
10060.
10061.
10063.
10064.
10067.
10067.
10069.
10070.
10072.
10073.
10075.
10076.
10078.
10079.
10081.
10083.
10085.
10086.
10088.
10089.
10091.
10091.
10093.
10095.
10096.
10097.
10099.
10101.
10103.
10104.
10106.
10107.
10109.
10110.
10111.
10112.
10114.
10116.
10117.
10119.
10120.
10122.
10123.
10125.
10127.
10128.
10130.
10131.
10133.
10135.
10136.
10137.
10138.
10140.
10141.
10143.
10144.
10146.
10147.
10149.
10150.
10151.
10153.
10155.
10156.
10157.
10158.
10160.
10161.
10163.
10164.
10166.
10167.
10169.
10169.
10171.
10172.
10174.
10175.
10177.
10178.
10180.
10181.
10183.
10183.
10185.
10187.
10188.
10189.
10190.
10192.
10193.
10194.
10196.
10197.
10198.
10200.
10201.
10202.
10204.
10204.
10205.
10207.
10209.
10209.
10210.
10212.
10214.
10215.
10216.
10217.
10218.
10219.
10221.
10223.
10224.
10225.
10226.
10226.
10228.
10230.
10230.
10232.
10233.
10234.
10235.
10236.
10238.
10239.
10240.
10242.
10242.
10244.
10244.
10247.
10247.
10249.
10249.
10251.
10251.
10252.
10254.
10255.
10256.
10257.
10258.
10260.
10261.
10262.
10262.
10264.
10265.
10266.
10266.
10268.
10268.
10271.
10272.
10273.
10273.
10274.
10276.
10276.
10278.
10279.
10279.
10281.
10282.
10283.
10283.
10285.
10286.
10286.
10287.
10289.
10289.
10290.
10291.
10292.
10293.
10295.
10295.
10296.
10297.
10299.
10299.
10300.
10302.
10302.
10304.
10304.
10305.
10306.
10307.
10307.
10309.
10310.
10311.
10312.
10313.
10314.
10314.
10315.
10316.
10316.
10318.
10318.
10319.
10320.
10321.
10322.
10323.
10324.
10325.
10326.
10327.
10328.
10328.
10329.
10331.
10331.
10332.
10332.
10334.
10335.
10336.
10336.
10338.
10338.
10339.
10340.
10340.
10341.
10342.
10343.
10344.
10345.
10346.
10346.
10347.
10348.
10349.
10350.
10351.
10352.
10352.
10353.
10354.
10355.
10355.
10356.
10356.
10357.
10358.
10360.
10360.
10361.
10362.
10363.
10364.
10365.
10365.
10366.
10367.
10368.
10368.
10370.
10370.
10371.
10371.
10373.
10373.
10374.
10375.
10376.
10376.
10378.
10378.
10379.
10380.
10380.
10381.
10382.
10382.
10383.
10384.
10385.
10385.
10387.
10387.
10389.
10389.
10390.
10391.
10392.
10392.
10393.
10393.
10395.
10396.
10397.
10397.
10398.
10399.
10400.
10400.
10401.
10402.
10403.
10404.
10404.
10405.
10406.
10407.
10407.
10408.
10409.
10410.
10411.
10412.
10413.
10413.
10414.
10415.
10416.
10417.
10417.
10419.
10420.
10420.
10421.
10422.
10423.
10424.
10424.
10425.
10425.
10427.
10428.
10429.
10430.
10431.
10432.
10433.
10433.
10434.
10434.
10436.
10437.
10438.
10438.
10440.
10440.
10441.
10441.
10443.
10443.
10444.
10445.
10447.
10447.
10448.
10449.
10449.
10450.
10452.
10453.
10453.
10454.
10455.
10456.
10457.
10458.
10459.
10460.
10461.
10462.
10463.
10463.
10464.
10465.
10466.
10467.
10468.
10469.
10470.
10471.
10472.
10473.
10473.
10475.
10475.
10476.
10477.
10478.
10478.
10480.
10481.
10482.
10482.
10484.
10484.
10486.
10487.
10488.
10488.
10490.
10490.
10491.
10491.
10493.
10493.
10495.
10496.
10497.
10497.
10498.
10499.
10501.
10501.
10502.
10502.
10504.
10505.
10505.
10506.
10508.
10508.
10509.
10510.
10511.
10511.
10513.
10513.
10514.
10516.
10516.
10517.
10518.
10519.
10520.
10521.
10521.
10522.
10523.
10524.
10524.
10526.
10527.
10527.
10528.
10529.
10529.
10531.
10531.
10533.
10533.
10534.
10535.
10536.
10536.
10537.
10537.
10539.
10539.
10540.
10541.
10542.
10543.
10544.
10544.
10545.
10546.
10547.
10548.
10549.
10549.
10550.
10550.
10552.
10553.
10553.
10553.
10555.
10555.
10556.
10557.
10558.
10558.
10559.
10559.
10560.
10561.
10561.
10562.
10563.
10564.
10565.
10566.
10566.
10567.
10568.
10569.
10570.
10570.
10571.
10571.
10572.
10573.
10574.
10574.
10574.
10575.
10577.
10577.
10577.
10578.
10579.
10580.
10580.
10581.
10582.
10582.
10582.
10583.
10583.
10585.
10584.
10586.
10586.
10588.
10588.
10589.
10589.
10590.
10590.
10591.
10591.
10593.
10593.
10594.
10595.
10596.
10595.
10597.
10597.
10598.
10599.
10600.
10600.
10601.
10602.
10602.
10603.
10603.
10604.
10605.
10605.
10606.
10606.
10607.
10608.
10608.
10609.
10609.
10610.
10611.
10611.
10612.
10613.
10613.
10614.
10615.
10615.
10616.
10617.
10617.
10618.
10618.
10620.
10620.
10621.
10621.
10622.
10622.
10623.
10623.
10624.
10626.
10626.
10627.
10627.
10628.
10628.
10629.
10630.
10630.
10631.
10631.
10632.
10633.
10634.
10634.
10635.
10635.
10636.
10636.
10638.
10638.
10638.
10639.
10640.
10640.
10641.
10642.
10643.
10643.
10643.
10644.
10645.
10645.
10646.
10646.
10648.
10648.
10650.
10650.
10651.
10652.
10651.
10652.
10653.
10654.
10654.
10655.
10656.
10657.
10657.
10658.
10658.
10659.
10659.
10661.
10662.
10662.
10663.
10664.
10665.
10665.
10666.
10666.
10666.
10668.
10668.
10669.
10669.
10670.
10670.
10672.
10672.
10673.
10673.
10674.
10675.
10676.
10676.
10677.
10677.
10679.
10679.
10680.
10679.
10681.
10681.
10683.
10683.
10684.
10684.
10685.
10686.
10686.
10687.
10688.
10689.
10690.
10690.
10690.
10691.
10692.
10692.
10693.
10693.
10694.
10695.
10696.
10696.
10697.
10697.
10697.
10698.
10698.
10699.
10700.
10701.
10701.
10701.
10703.
10703.
10703.
10704.
10704.
10705.
10706.
10706.
10707.
10707.
10709.
10708.
10709.
10709.
10710.
10710.
10710.
10711.
10711.
10711.
10711.
10712.
10713.
10713.
10713.
10713.
10713.
10714.
10714.
10715.
10715.
10715.
10716.
10715.
10716.
10716.
10716.
10716.
10716.
10717.
10717.
10717.
10717.
10717.
10718.
10718.
10718.
10717.
10717.
10717.
10717.
10716.
10716.
10717.
10717.
10717.
10717.
10716.
10716.
10717.
10717.
10716.
10716.
10716.
10716.
10717.
10716.
10715.
10716.
10715.
10716.
10716.
10715.
10715.
10715.
10716.
10715.
10716.
10715.
10715.
10715.
10714.
10715.
10714.
10715.
10716.
10715.
10714.
10715.
10716.
10715.
10716.
10715.
10715.
10716.
10716.
10715.
10715.
10715.
10715.
10715.
10715.
10715.
10716.
10715.
10716.
10715.
10715.
10715.
10715.
10715.
10715.
10716.
10715.
10715.
10715.
10716.
10715.
10715.
10716.
10715.
10715.
10716.
10715.
10715.
10715.
10715.
10715.
10715.
10715.
10716.
10715.
10715.
10715.
10714.
10715.
10715.
10715.
10715.
10715.
10715.
10715.
10716.
10715.
10715.
10715.
10715.
10715.
10714.
10715.
10716.
10715.
10714.
10715.
10714.
10715.
10715.
10715.
10715.
10714.
10714.
10715.
10715.
10715.
10715.
10715.
10715.
10714.
10714.
10714.
10714.
10714.
10714.
10714.
10714.
10713.
10713.
10713.
10713.
10713.
10713.
10712.
10712.
10713.
10712.
10711.
10711.
10711.
10711.
10712.
10711.
10710.
10710.
10711.
10710.
10709.
10710.
10710.
10709.
10708.
10709.
10709.
10708.
10708.
10708.
10707.
10707.
10707.
10706.
10705.
10705.
10705.
10704.
10704.
10704.
10704.
10703.
10703.
10702.
10702.
10701.
10700.
10700.
10699.
10699.
10699.
10697.
10697.
10696.
10696.
10696.
10695.
10695.
10694.
10692.
10692.
10692.
10691.
10690.
10689.
10689.
10688.
10687.
10687.
10685.
10685.
10684.
10683.
10682.
10681.
10681.
10679.
10679.
10678.
10676.
10675.
10674.
10673.
10672.
10671.
10670.
10669.
10668.
10666.
10665.
10664.
10664.
10662.
10661.
10660.
10659.
10658.
10656.
10655.
10654.
10652.
10651.
10649.
10648.
10647.
10645.
10643.
10643.
10641.
10639.
10638.
10636.
10635.
10633.
10632.
10630.
10628.
10626.
10625.
10624.
10622.
10620.
10619.
10616.
10614.
10613.
10611.
10609.
10608.
10606.
10604.
10602.
10600.
10599.
10597.
10595.
10593.
10592.
10589.
10587.
10585.
10584.
10582.
10580.
10578.
10575.
10574.
10573.
10570.
10569.
10566.
10564.
10562.
10561.
10558.
10556.
10554.
10552.
10550.
10549.
10547.
10544.
10543.
10541.
10539.
10537.
10535.
10533.
10531.
10529.
10527.
10525.
10523.
10520.
10520.
10517.
10515.
10514.
10512.
10510.
10508.
10506.
10504.
10502.
10500.
10498.
10497.
10495.
10493.
10491.
10489.
10487.
10486.
10484.
10483.
10480.
10478.
10476.
10474.
10473.
10471.
10469.
10468.
10466.
10464.
10463.
10460.
10459.
10458.
10456.
10454.
10452.
10451.
10449.
10447.
10445.
10443.
10442.
10440.
10438.
10436.
10435.
10433.
10432.
10429.
10429.
10427.
10426.
10423.
10422.
10420.
10419.
10417.
10415.
10414.
10412.
10410.
10409.
10407.
10405.
10404.
10402.
10401.
10400.
10398.
10396.
10394.
10394.
10392.
10390.
10388.
10387.
10385.
10384.
10382.
10381.
10379.
10378.
10376.
10375.
10374.
10372.
10370.
10369.
10367.
10367.
10365.
10363.
10361.
10360.
10358.
10357.
10356.
10354.
10352.
10351.
10350.
10348.
10347.
10346.
10345.
10343.
10342.
10340.
10339.
10337.
10336.
10335.
10333.
10331.
10331.
10328.
10328.
10326.
10325.
10323.
10322.
10321.
10319.
10318.
10318.
10316.
10315.
10314.
10312.
10310.
10310.
10308.
10307.
10305.
10305.
10303.
10302.
10300.
10300.
10298.
10297.
10296.
10294.
10293.
10292.
10290.
10289.
10287.
10287.
10286.
10284.
10283.
10282.
10281.
10279.
10278.
10277.
10275.
10274.
10273.
10272.
10271.
10269.
10268.
10267.
10266.
10264.
10263.
10262.
10260.
10259.
10258.
10256.
10256.
10255.
10253.
10251.
10250.
10248.
10248.
10246.
10245.
10243.
10243.
10241.
10240.
10239.
10237.
10235.
10234.
10232.
10232.
10230.
10229.
10227.
10225.
10224.
10224.
10222.
10220.
10218.
10217.
10216.
10216.
10213.
10211.
10210.
10209.
10207.
10206.
10204.
10203.
10202.
10200.
10199.
10197.
10196.
10194.
10193.
10191.
10190.
10189.
10187.
10184.
10183.
10181.
10180.
10179.
10177.
10176.
10174.
10173.
10171.
10170.
10169.
10167.
10165.
10163.
10162.
10160.
10159.
10157.
10156.
10153.
10152.
10150.
10150.
10148.
10146.
10144.
10143.
10141.
10140.
10138.
10136.
10134.
10133.
10131.
10129.
10128.
10126.
10124.
10122.
10121.
10119.
10117.
10115.
10114.
10113.
10110.
10108.
10107.
10105.
10103.
10101.
10100.
10098.
10096.
10095.
10093.
10090.
10089.
10087.
10086.
10084.
10082.
10081.
10079.
10077.
10075.
10073.
10071.
10069.
10067.
10065.
10064.
10061.
10060.
10059.
10056.
10054.
10053.
10051.
10049.
10047.
10046.
10043.
10041.
10039.
10038.
10036.
10034.
10032.
10030.
10028.
10026.
10024.
10023.
10021.
10018.
10016.
10015.
10013.
10011.
10009.
10006.
10004.
10004.
10001.
10000.
9997.
9996.
9993.
9992.
9990.
9987.
9986.
9984.
9982.
9981.
9978.
9976.
9974.
9972.
9970.
9968.
9966.
9964.
9963.
9961.
9959.
9957.
9955.
9953.
9951.
9949.
9947.
9945.
9943.
9941.
9939.
9937.
9936.
9934.
9932.
9930.
9928.
9926.
9925.
9923.
9921.
9919.
9916.
9914.
9914.
9912.
9910.
9908.
9905.
9904.
9902.
9900.
9898.
9895.
9895.
9892.
9891.
9889.
9887.
9885.
9883.
9881.
9880.
9877.
9876.
9874.
9872.
9871.
9869.
9867.
9865.
9863.
9861.
9860.
9858.
9856.
9854.
9852.
9851.
9849.
9847.
9846.
9844.
9841.
9840.
9838.
9837.
9834.
9833.
9832.
9830.
9828.
9825.
9825.
9823.
9821.
9819.
9818.
9816.
9815.
9813.
9811.
9809.
9807.
9805.
9805.
9803.
9801.
9799.
9797.
9795.
9795.
9793.
9791.
9789.
9788.
9786.
9784.
9782.
9782.
9779.
9778.
9777.
9774.
9773.
9771.
9770.
9767.
9767.
9766.
9763.
9762.
9760.
9758.
9758.
9757.
9754.
9752.
9751.
9750.
9748.
9745.
9745.
9744.
9741.
9739.
9739.
9736.
9735.
9734.
9732.
9730.
9730.
9728.
9726.
9724.
9723.
9722.
9720.
9718.
9718.
9717.
9715.
9713.
9712.
9711.
9709.
9706.
9706.
9704.
9703.
9701.
9700.
9699.
9698.
9696.
9694.
9693.
9693.
9691.
9689.
9688.
9686.
9685.
9684.
9682.
9681.
9680.
9678.
9677.
9676.
9674.
9672.
9671.
9670.
9669.
9668.
9666.
9665.
9663.
9662.
9661.
9659.
9658.
9657.
9656.
9655.
9652.
9652.
9651.
9648.
9649.
9647.
9645.
9644.
9642.
9641.
9641.
9639.
9638.
9637.
9635.
9633.
9633.
9631.
9631.
9629.
9628.
9626.
9625.
9624.
9623.
9622.
9620.
9618.
9618.
9616.
9615.
9614.
9613.
9612.
9610.
9609.
9608.
9607.
9606.
9605.
9603.
9603.
9601.
9600.
9598.
9597.
9596.
9594.
9593.
9592.
9591.
9590.
9589.
9588.
9586.
9585.
9584.
9583.
9582.
9580.
9578.
9578.
9578.
9576.
9575.
9573.
9571.
9571.
9569.
9569.
9567.
9566.
9565.
9563.
9562.
9561.
9559.
9558.
9557.
9556.
9555.
9553.
9552.
9552.
9550.
9549.
9547.
9546.
9545.
9543.
9542.
9541.
9540.
9539.
9537.
9536.
9535.
9533.
9532.
9530.
9530.
9528.
9527.
9526.
9524.
9523.
9523.
9521.
9520.
9519.
9517.
9515.
9515.
9513.
9512.
9510.
9509.
9508.
9507.
9506.
9504.
9502.
9502.
9500.
9499.
9497.
9497.
9495.
9494.
9492.
9492.
9490.
9489.
9486.
9486.
9484.
9483.
9482.
9480.
9479.
9477.
9476.
9476.
9474.
9472.
9471.
9470.
9468.
9467.
9466.
9465.
9464.
9463.
9461.
9460.
9458.
9457.
9455.
9454.
9452.
9451.
9450.
9449.
9448.
9446.
9445.
9443.
9442.
9441.
9439.
9438.
9436.
9435.
9434.
9432.
9431.
9430.
9429.
9428.
9426.
9424.
9423.
9421.
9421.
9418.
9418.
9417.
9415.
9413.
9413.
9411.
9410.
9408.
9407.
9405.
9405.
9403.
9401.
9400.
9399.
9397.
9396.
9395.
9393.
9392.
9390.
9389.
9388.
9387.
9384.
9383.
9382.
9381.
9379.
9378.
9377.
9375.
9374.
9373.
9372.
9370.
9369.
9367.
9367.
9364.
9363.
9362.
9360.
9359.
9357.
9357.
9355.
9353.
9351.
9351.
9349.
9348.
9346.
9345.
9344.
9343.
9341.
9341.
9339.
9337.
9336.
9334.
9332.
9332.
9331.
9329.
9326.
9326.
9324.
9324.
9321.
9321.
9320.
9318.
9316.
9316.
9314.
9313.
9311.
9310.
9309.
9307.
9306.
9305.
9304.
9302.
9300.
9299.
9298.
9296.
9294.
9293.
9293.
9292.
9290.
9289.
9288.
9286.
9285.
9283.
9283.
9281.
9280.
9279.
9277.
9276.
9275.
9274.
9271.
9270.
9270.
9268.
9267.
9264.
9263.
9262.
9262.
9260.
9259.
9258.
9257.
9254.
9254.
9252.
9252.
9251.
9249.
9247.
9247.
9246.
9244.
9243.
9242.
9240.
9239.
9238.
9237.
9236.
9234.
9233.
9232.
9230.
9229.
9228.
9227.
9226.
9225.
9224.
9222.
9221.
9220.
9218.
9218.
9216.
9214.
9213.
9213.
9212.
9210.
9208.
9208.
9207.
9204.
9203.
9202.
9202.
9200.
9200.
9198.
9197.
9195.
9194.
9193.
9192.
9190.
9189.
9188.
9188.
9185.
9184.
9183.
9183.
9181.
9180.
9178.
9178.
9176.
9175.
9173.
9173.
9172.
9171.
9169.
9168.
9167.
9166.
9164.
9164.
9161.
9160.
9160.
9159.
9158.
9155.
9154.
9154.
9153.
9151.
9149.
9149.
9147.
9147.
9146.
9144.
9143.
9143.
9141.
9139.
9137.
9137.
9135.
9134.
9133.
9132.
9132.
9130.
9129.
9127.
9126.
9125.
9124.
9122.
9121.
9120.
9119.
9117.
9115.
9114.
9113.
9112.
9112.
9111.
9109.
9107.
9107.
9105.
9104.
9102.
9102.
9100.
9099.
9098.
9096.
9094.
9094.
9092.
9091.
9090.
9089.
9087.
9087.
9085.
9083.
9083.
9081.
9079.
9079.
9077.
9076.
9074.
9073.
9072.
9071.
9069.
9069.
9067.
9065.
9064.
9063.
9062.
9060.
9059.
9058.
9056.
9055.
9054.
9053.
9052.
9050.
9049.
9047.
9046.
9045.
9043.
9041.
9040.
9038.
9038.
9037.
9035.
9034.
9032.
9030.
9030.
9028.
9027.
9025.
9024.
9023.
9022.
9020.
9018.
9017.
9016.
9014.
9013.
9011.
9011.
9009.
9008.
9006.
9004.
9003.
9002.
9000.
8999.
8997.
8996.
8995.
8994.
8992.
8991.
8990.
8988.
8986.
8985.
8984.
8983.
8981.
8979.
8978.
8977.
8975.
8974.
8972.
8971.
8969.
8968.
8967.
8964.
8964.
8963.
8961.
8959.
8958.
8957.
8955.
8953.
8952.
8950.
8949.
8948.
8946.
8944.
8944.
8942.
8941.
8938.
8937.
8936.
8935.
8933.
8932.
8930.
8929.
8928.
8926.
8924.
8923.
8922.
8920.
8919.
8917.
8916.
8915.
8914.
8912.
8910.
8909.
8907.
8906.
8905.
8903.
8902.
8901.
8899.
8897.
8896.
8895.
8893.
8892.
8890.
8888.
8887.
8886.
8884.
8883.
8882.
8881.
8879.
8878.
8876.
8875.
8873.
8871.
8870.
8868.
8867.
8865.
8864.
8863.
8862.
8860.
8859.
8857.
8856.
8853.
8853.
8851.
8849.
8848.
8847.
8845.
8845.
8842.
8842.
8840.
8839.
8837.
8836.
8835.
8833.
8831.
8830.
8829.
8828.
8826.
8824.
8823.
8822.
8820.
8819.
8818.
8816.
8815.
8813.
8812.
8811.
8809.
8809.
8806.
8805.
8803.
8802.
8801.
8799.
8798.
8796.
8795.
8793.
8792.
8791.
8790.
8789.
8787.
8785.
8784.
8783.
8782.
8780.
8779.
8777.
8776.
8775.
8774.
8771.
8771.
8768.
8768.
8766.
8765.
8764.
8762.
8760.
8760.
8759.
8758.
8756.
8755.
8753.
8752.
8750.
8749.
8747.
8747.
8744.
8744.
8742.
8742.
8740.
8739.
8737.
8736.
8735.
8733.
8731.
8731.
8730.
8729.
8727.
8726.
8725.
8723.
8721.
8720.
8719.
8718.
8716.
8715.
8714.
8712.
8711.
8710.
8709.
8707.
8706.
8705.
8704.
8702.
8702.
8700.
8699.
8697.
8697.
8695.
8694.
8692.
8691.
8689.
8689.
8687.
8686.
8685.
8684.
8682.
8681.
8679.
8678.
8676.
8676.
8675.
8673.
8671.
8670.
8669.
8669.
8667.
8666.
8665.
8663.
8661.
8660.
8658.
8657.
8655.
8654.
8654.
8653.
8652.
8649.
8648.
8647.
8646.
8644.
8643.
8642.
8641.
8639.
8638.
8637.
8635.
8633.
8632.
8631.
8629.
8629.
8627.
8625.
8624.
8623.
8621.
8619.
8619.
8616.
8615.
8614.
8613.
8611.
8611.
8609.
8607.
8605.
8605.
8604.
8602.
8601.
8599.
8598.
8597.
8595.
8593.
8592.
8590.
8588.
8588.
8587.
8584.
8583.
8582.
8581.
8579.
8577.
8576.
8575.
8574.
8571.
8572.
8569.
8567.
8566.
8566.
8564.
8562.
8561.
8558.
8558.
8557.
8555.
8554.
8552.
8550.
8549.
8547.
8547.
8545.
8543.
8541.
8540.
8539.
8537.
8536.
8534.
8532.
8531.
8529.
8529.
8526.
8525.
8525.
8522.
8521.
8520.
8519.
8517.
8515.
8515.
8513.
8511.
8509.
8508.
8507.
8505.
8504.
8503.
8501.
8499.
8498.
8496.
8495.
8493.
8492.
8490.
8489.
8488.
8486.
8485.
8483.
8482.
8481.
8479.
8478.
8476.
8474.
8473.
8472.
8470.
8469.
8468.
8466.
8465.
8463.
8461.
8460.
8458.
8457.
8456.
8454.
8452.
8450.
8449.
8448.
8446.
8445.
8443.
8442.
8440.
8439.
8438.
8436.
8435.
8432.
8431.
8430.
8429.
8426.
8424.
8424.
8423.
8421.
8419.
8417.
8415.
8415.
8413.
8411.
8409.
8409.
8407.
8405.
8403.
8402.
8400.
8399.
8397.
8395.
8394.
8392.
8390.
8389.
8388.
8386.
8385.
8382.
8381.
8380.
8379.
8376.
8375.
8374.
8372.
8371.
8369.
8367.
8365.
8364.
8362.
8361.
8359.
8356.
8355.
8353.
8352.
8351.
8350.
8347.
8346.
8345.
8343.
8342.
8340.
8338.
8336.
8335.
8333.
8331.
8330.
8328.
8326.
8324.
8323.
8322.
8320.
8318.
8316.
8315.
8313.
8311.
8311.
8308.
8307.
8305.
8304.
8301.
8300.
8298.
8297.
8295.
8293.
8291.
8291.
8288.
8288.
8285.
8284.
8282.
8280.
8278.
8277.
8275.
8273.
8271.
8270.
8269.
8267.
8265.
8263.
8262.
8260.
8259.
8257.
8255.
8254.
8252.
8251.
8248.
8246.
8245.
8243.
8242.
8240.
8238.
8235.
8235.
8234.
8231.
8229.
8228.
8227.
8225.
8223.
8221.
8219.
8219.
8216.
8215.
8213.
8211.
8209.
8207.
8206.
8204.
8202.
8201.
8199.
8198.
8196.
8194.
8192.
8190.
8188.
8187.
8185.
8183.
8181.
8180.
8178.
8176.
8174.
8173.
8171.
8169.
8168.
8166.
8164.
8162.
8160.
8159.
8158.
8155.
8154.
8151.
8150.
8148.
8147.
8145.
8143.
8141.
8140.
8138.
8136.
8134.
8132.
8130.
8129.
8127.
8125.
8123.
8122.
8120.
8118.
8116.
8115.
8113.
8111.
8109.
8107.
8105.
8105.
8102.
8100.
8098.
8096.
8095.
8093.
8091.
8089.
8087.
8085.
8084.
8081.
8080.
8079.
8076.
8075.
8073.
8071.
8069.
8066.
8065.
8064.
8061.
8059.
8058.
8056.
8054.
8052.
8050.
8049.
8047.
8045.
8043.
8041.
8039.
8037.
8036.
8033.
8032.
8029.
8028.
8027.
8025.
8023.
8021.
8019.
8017.
8015.
8013.
8011.
8009.
8007.
8005.
8003.
8001.
8000.
7997.
7996.
7994.
7991.
7991.
7989.
7986.
7984.
7983.
7981.
7979.
7976.
7975.
7973.
7972.
7970.
7966.
7965.
7964.
7962.
7960.
7957.
7956.
7953.
7951.
7950.
7948.
7946.
7944.
7942.
7940.
7938.
7936.
7934.
7932.
7930.
7929.
7926.
7925.
7922.
7920.
7918.
7915.
7915.
7913.
7910.
7909.
7907.
7905.
7903.
7900.
7899.
7896.
7895.
7893.
7891.
7889.
7887.
7885.
7883.
7881.
7878.
7876.
7875.
7873.
7871.
7869.
7867.
7864.
7863.
7861.
7859.
7857.
7856.
7853.
7851.
7849.
7847.
7845.
7843.
7841.
7838.
7836.
7835.
7833.
7831.
7829.
7827.
7825.
7823.
7821.
7819.
7817.
7816.
7813.
7810.
7809.
7806.
7805.
7803.
7801.
7798.
7797.
7795.
7793.
7791.
7789.
7787.
7785.
7782.
7780.
7779.
7777.
7774.
7772.
7770.
7768.
7766.
7764.
7763.
7761.
7759.
7756.
7755.
7752.
7750.
7749.
7747.
7744.
7743.
7740.
7738.
7736.
7734.
7732.
7730.
7728.
7727.
7724.
7722.
7720.
7718.
7715.
7714.
7712.
7710.
7707.
7705.
7704.
7702.
7700.
7698.
7696.
7694.
7692.
7690.
7687.
7685.
7684.
7681.
7680.
7677.
7676.
7674.
7672.
7670.
7667.
7666.
7664.
7661.
7659.
7657.
7655.
7653.
7651.
7649.
7647.
7645.
7643.
7641.
7639.
7637.
7635.
7632.
7630.
7629.
7627.
7625.
7622.
7621.
7619.
7616.
7615.
7613.
7610.
7609.
7607.
7605.
7603.
7601.
7599.
7597.
7594.
7594.
7591.
7589.
7586.
7585.
7584.
7581.
7579.
7578.
7575.
7574.
7571.
7569.
7567.
7565.
7563.
7561.
7559.
7557.
7556.
7553.
7552.
7550.
7548.
7546.
7544.
7542.
7540.
7538.
7537.
7535.
7533.
7530.
7529.
7527.
7525.
7524.
7521.
7520.
7518.
7516.
7514.
7512.
7510.
7508.
7507.
7505.
7503.
7501.
7498.
7497.
7495.
7494.
7492.
7490.
7488.
7486.
7485.
7483.
7481.
7479.
7477.
7475.
7473.
7472.
7470.
7469.
7467.
7465.
7463.
7462.
7459.
7458.
7456.
7454.
7453.
7451.
7449.
7447.
7445.
7444.
7442.
7440.
7438.
7437.
7435.
7434.
7431.
7430.
7428.
7427.
7425.
7423.
7422.
7420.
7418.
7417.
7415.
7413.
7411.
7410.
7409.
7407.
7405.
7404.
7402.
7400.
7398.
7397.
7396.
7393.
7391.
7391.
7389.
7387.
7386.
7383.
7382.
7381.
7379.
7377.
7376.
7375.
7373.
7371.
7369.
7368.
7366.
7365.
7364.
7362.
7360.
7359.
7357.
7356.
7354.
7352.
7351.
7348.
7348.
7346.
7345.
7342.
7342.
7340.
7338.
7336.
7335.
7333.
7332.
7330.
7329.
7327.
7326.
7324.
7322.
7322.
7319.
7318.
7317.
7315.
7313.
7312.
7310.
7308.
7308.
7306.
7304.
7303.
7301.
7300.
7297.
7296.
7295.
7293.
7292.
7291.
7288.
7287.
7286.
7284.
7282.
7280.
7279.
7278.
7276.
7275.
7273.
7272.
7271.
7269.
7266.
7266.
7265.
7263.
7260.
7259.
7258.
7257.
7256.
7254.
7252.
7251.
7249.
7247.
7246.
7245.
7242.
7242.
7240.
7239.
7236.
7236.
7234.
7233.
7230.
7230.
7228.
7226.
7224.
7223.
7221.
7221.
7219.
7218.
7216.
7214.
7212.
7211.
7210.
7208.
7206.
7205.
7203.
7203.
7201.
7200.
7198.
7196.
7194.
7194.
7191.
7190.
7188.
7187.
7186.
7184.