6868.
6868.
6868.
6868.
6869.
6869.
6868.
6868.
6869.
6869.
6869.
6868.
6869.
6869.
6868.
6868.
6869.
6869.
6869.
6869.
6868.
6869.
6869.
6868.
6869.
6869.
6868.
6868.
6868.
6869.
6868.
6869.
6869.
6868.
6869.
6868.
6868.
6869.
6868.
6869.
6868.
6869.
6869.
6868.
6868.
6869.
6869.
6868.
6868.
6868.
6869.
6868.
6868.
6869.
6868.
6868.
6868.
6869.
6868.
6869.
6869.
6868.
6868.
6868.
6868.
6869.
6868.
6869.
6869.
6869.
6868.
6869.
6869.
6868.
6868.
6868.
6868.
6868.
6868.
6869.
6869.
6868.
6869.
6869.
6869.
6868.
6868.
6869.
6868.
6869.
6868.
6868.
6869.
6869.
6868.
6868.
6869.
6868.
6868.
6869.
6869.
6869.
6868.
6868.
6868.
6869.
6868.
6869.
6869.
6870.
6869.
6869.
6868.
6868.
6869.
6869.
6869.
6869.
6869.
6869.
6868.
6868.
6868.
6868.
6869.
6868.
6868.
6869.
6868.
6868.
6869.
6869.
6868.
6868.
6869.
6869.
6868.
6868.
6868.
6868.
6869.
6869.
6868.
6868.
6869.
6869.
6868.
6869.
6868.
6869.
6869.
6868.
6869.
6869.
6868.
6869.
6868.
6868.
6868.
6869.
6869.
6869.
6869.
6869.
6869.
6868.
6868.
6869.
6869.
6869.
6869.
6868.
6869.
6868.
6868.
6869.
6869.
6868.
6868.
6868.
6868.
6869.
6868.
6869.
6869.
6869.
6870.
6868.
6868.
6869.
6869.
6868.
6868.
6869.
6869.
6868.
6868.
6869.
6869.
6869.
6869.
6868.
6869.
6869.
6869.
6868.
6868.
6869.
6869.
6868.
6869.
6869.
6869.
6869.
6868.
6869.
6869.
6868.
6869.
6868.
6869.
6869.
6869.
6868.
6869.
6870.
6868.
6868.
6869.
6869.
6869.
6868.
6869.
6869.
6869.
6870.
6868.
6868.
6869.
6868.
6869.
6869.
6869.
6869.
6869.
6869.
6869.
6869.
6869.
6869.
6869.
6870.
6869.
6869.
6870.
6870.
6870.
6870.
6870.
6870.
6871.
6871.
6871.
6871.
6871.
6871.
6872.
6872.
6872.
6873.
6873.
6873.
6874.
6874.
6875.
6875.
6875.
6876.
6875.
6877.
6877.
6878.
6878.
6879.
6879.
6880.
6880.
6881.
6882.
6882.
6883.
6884.
6884.
6885.
6886.
6886.
6887.
6887.
6887.
6889.
6890.
6891.
6891.
6892.
6892.
6894.
6894.
6896.
6897.
6897.
6898.
6899.
6899.
6901.
6901.
6902.
6903.
6905.
6906.
6907.
6907.
6909.
6909.
6911.
6911.
6913.
6913.
6914.
6915.
6916.
6916.
6918.
6919.
6921.
6921.
6922.
6923.
6925.
6925.
6926.
6928.
6929.
6930.
6930.
6932.
6933.
6934.
6935.
6936.
6937.
6938.
6939.
6941.
6941.
6943.
6944.
6945.
6946.
6948.
6949.
6950.
6951.
6952.
6953.
6955.
6956.
6958.
6958.
6960.
6961.
6963.
6964.
6965.
6966.
6968.
6969.
6971.
6972.
6974.
6974.
6976.
6978.
6980.
6980.
6982.
6984.
6985.
6987.
6989.
6990.
6991.
6993.
6994.
6996.
6997.
6999.
7000.
7002.
7003.
7004.
7007.
7008.
7010.
7012.
7013.
7015.
7016.
7018.
7020.
7022.
7023.
7024.
7027.
7029.
7029.
7031.
7033.
7035.
7036.
7038.
7039.
7042.
7042.
7044.
7046.
7048.
7049.
7051.
7054.
7055.
7056.
7058.
7060.
7062.
7063.
7065.
7067.
7069.
7070.
7072.
7074.
7076.
7077.
7079.
7081.
7083.
7084.
7085.
7088.
7089.
7091.
7093.
7094.
7096.
7098.
7100.
7101.
7103.
7105.
7107.
7109.
7111.
7112.
7114.
7116.
7118.
7119.
7121.
7123.
7125.
7126.
7128.
7131.
7132.
7133.
7135.
7137.
7139.
7140.
7143.
7145.
7146.
7148.
7149.
7151.
7153.
7155.
7157.
7158.
7160.
7162.
7164.
7166.
7168.
7170.
7171.
7173.
7175.
7177.
7178.
7180.
7182.
7183.
7185.
7188.
7189.
7190.
7192.
7194.
7196.
7198.
7199.
7201.
7204.
7205.
7206.
7208.
7210.
7212.
7213.
7215.
7217.
7218.
7221.
7223.
7224.
7226.
7228.
7229.
7231.
7233.
7235.
7237.
7238.
7239.
7242.
7244.
7245.
7246.
7248.
7250.
7252.
7254.
7255.
7258.
7259.
7261.
7263.
7264.
7267.
7268.
7270.
7271.
7273.
7275.
7276.
7278.
7280.
7281.
7283.
7285.
7287.
7288.
7291.
7292.
7294.
7295.
7297.
7298.
7301.
7301.
7303.
7305.
7307.
7308.
7310.
7311.
7313.
7314.
7316.
7318.
7320.
7321.
7322.
7324.
7326.
7327.
7329.
7330.
7332.
7333.
7335.
7336.
7338.
7339.
7341.
7342.
7344.
7345.
7347.
7348.
7350.
7351.
7353.
7355.
7356.
7357.
7358.
7360.
7361.
7363.
7364.
7366.
7368.
7369.
7370.
7372.
7373.
7374.
7375.
7377.
7379.
7380.
7381.
7382.
7383.
7385.
7386.
7388.
7389.
7391.
7392.
7393.
7394.
7396.
7397.
7398.
7400.
7401.
7402.
7404.
7405.
7407.
7407.
7409.
7410.
7411.
7412.
7413.
7415.
7417.
7417.
7419.
7420.
7421.
7422.
7424.
7425.
7426.
7427.
7428.
7429.
7430.
7431.
7433.
7433.
7435.
7436.
7437.
7438.
7440.
7440.
7441.
7442.
7443.
7445.
7446.
7446.
7447.
7449.
7450.
7451.
7452.
7453.
7455.
7455.
7456.
7458.
7458.
7459.
7460.
7462.
7462.
7464.
7464.
7466.
7467.
7468.
7469.
7469.
7470.
7471.
7472.
7474.
7474.
7476.
7476.
7477.
7478.
7480.
7480.
7481.
7483.
7483.
7484.
7485.
7486.
7488.
7488.
7489.
7490.
7491.
7492.
7493.
7494.
7495.
7496.
7497.
7498.
7499.
7499.
7500.
7501.
7503.
7503.
7504.
7505.
7506.
7507.
7508.
7509.
7510.
7511.
7513.
7513.
7514.
7515.
7517.
7517.
7519.
7519.
7520.
7520.
7522.
7523.
7525.
7525.
7526.
7528.
7528.
7529.
7530.
7531.
7532.
7533.
7534.
7535.
7536.
7537.
7538.
7540.
7540.
7542.
7542.
7544.
7544.
7545.
7546.
7548.
7548.
7550.
7550.
7552.
7553.
7555.
7555.
7556.
7557.
7558.
7559.
7561.
7562.
7563.
7564.
7565.
7566.
7568.
7568.
7570.
7571.
7573.
7574.
7574.
7576.
7577.
7578.
7579.
7581.
7582.
7583.
7584.
7585.
7586.
7588.
7589.
7590.
7591.
7593.
7594.
7595.
7596.
7598.
7599.
7600.
7602.
7603.
7604.
7605.
7607.
7608.
7609.
7611.
7612.
7614.
7614.
7616.
7617.
7619.
7620.
7622.
7623.
7625.
7626.
7627.
7628.
7630.
7631.
7633.
7634.
7636.
7637.
7639.
7640.
7642.
7643.
7645.
7645.
7647.
7649.
7651.
7652.
7653.
7655.
7657.
7657.
7659.
7661.
7663.
7663.
7665.
7668.
7669.
7669.
7671.
7673.
7674.
7676.
7677.
7678.
7680.
7683.
7684.
7685.
7687.
7688.
7690.
7691.
7693.
7695.
7696.
7698.
7700.
7702.
7703.
7704.
7705.
7707.
7708.
7710.
7711.
7713.
7715.
7717.
7718.
7720.
7721.
7722.
7724.
7726.
7727.
7728.
7730.
7732.
7733.
7735.
7735.
7737.
7739.
7741.
7742.
7744.
7745.
7747.
7748.
7749.
7751.
7753.
7753.
7755.
7757.
7758.
7759.
7761.
7763.
7764.
7765.
7767.
7768.
7769.
7770.
7772.
7774.
7775.
7776.
7777.
7779.
7780.
7782.
7783.
7785.
7786.
7787.
7788.
7789.
7791.
7792.
7793.
7795.
7796.
7797.
7799.
7801.
7801.
7803.
7804.
7805.
7806.
7807.
7809.
7811.
7811.
7813.
7814.
7816.
7817.
7819.
7819.
7821.
7821.
7823.
7824.
7826.
7826.
7827.
7829.
7830.
7830.
7833.
7834.
7835.
7836.
7838.
7838.
7840.
7841.
7842.
7843.
7845.
7845.
7847.
7848.
7849.
7850.
7851.
7852.
7854.
7855.
7856.
7857.
7858.
7859.
7860.
7861.
7863.
7864.
7864.
7867.
7867.
7869.
7870.
7871.
7872.
7873.
7874.
7876.
7877.
7878.
7879.
7880.
7881.
7882.
7884.
7884.
7885.
7886.
7887.
7889.
7890.
7891.
7892.
7894.
7894.
7896.
7896.
7898.
7899.
7900.
7901.
7902.
7903.
7905.
7906.
7907.
7908.
7910.
7910.
7912.
7912.
7914.
7914.
7916.
7916.
7918.
7919.
7921.
7922.
7923.
7923.
7925.
7926.
7927.
7928.
7930.
7931.
7932.
7933.
7934.
7935.
7937.
7938.
7939.
7940.
7941.
7942.
7944.
7945.
7946.
7947.
7948.
7949.
7950.
7951.
7952.
7954.
7955.
7956.
7957.
7958.
7959.
7961.
7962.
7963.
7964.
7965.
7966.
7968.
7968.
7970.
7970.
7972.
7973.
7974.
7974.
7976.
7977.
7979.
7979.
7980.
7982.
7984.
7984.
7986.
7986.
7988.
7989.
7989.
7991.
7992.
7993.
7995.
7995.
7997.
7997.
7999.
8000.
8001.
8002.
8003.
8004.
8005.
8006.
8008.
8008.
8011.
8011.
8012.
8013.
8014.
8015.
8016.
8017.
8018.
8020.
8020.
8022.
8024.
8024.
8025.
8026.
8027.
8028.
8029.
8030.
8031.
8033.
8034.
8035.
8036.
8038.
8039.
8040.
8041.
8043.
8044.
8045.
8045.
8046.
8047.
8049.
8050.
8051.
8053.
8054.
8054.
8056.
8057.
8058.
8059.
8061.
8062.
8064.
8064.
8066.
8066.
8068.
8069.
8071.
8072.
8074.
8074.
8076.
8077.
8079.
8079.
8081.
8082.
8084.
8085.
8086.
8087.
8088.
8090.
8091.
8092.
8093.
8095.
8097.
8098.
8099.
8100.
8101.
8103.
8104.
8106.
8107.
8109.
8109.
8111.
8112.
8114.
8115.
8116.
8117.
8120.
8120.
8122.
8123.
8125.
8126.
8127.
8128.
8130.
8131.
8133.
8134.
8136.
8137.
8139.
8140.
8142.
8142.
8144.
8145.
8147.
8148.
8150.
8151.
8153.
8155.
8156.
8157.
8159.
8160.
8161.
8164.
8165.
8166.
8168.
8169.
8171.
8172.
8173.
8175.
8176.
8178.
8180.
8181.
8183.
8184.
8186.
8187.
8189.
8190.
8191.
8193.
8195.
8197.
8198.
8199.
8201.
8203.
8204.
8206.
8207.
8209.
8210.
8212.
8213.
8214.
8216.
8218.
8219.
8221.
8222.
8225.
8226.
8228.
8229.
8230.
8232.
8233.
8235.
8237.
8238.
8239.
8241.
8243.
8244.
8247.
8247.
8249.
8251.
8252.
8254.
8255.
8258.
8259.
8260.
8262.
8263.
8265.
8266.
8268.
8270.
8271.
8273.
8275.
8277.
8279.
8279.
8281.
8283.
8285.
8286.
8288.
8289.
8290.
8293.
8294.
8296.
8297.
8299.
8300.
8302.
8304.
8306.
8307.
8308.
8310.
8311.
8313.
8315.
8317.
8318.
8320.
8321.
8323.
8325.
8326.
8327.
8330.
8331.
8333.
8335.
8336.
8338.
8339.
8341.
8342.
8344.
8346.
8347.
8349.
8351.
8352.
8354.
8355.
8357.
8358.
8360.
8362.
8363.
8365.
8367.
8369.
8371.
8372.
8374.
8375.
8377.
8378.
8380.
8381.
8383.
8385.
8386.
8387.
8389.
8391.
8393.
8394.
8396.
8398.
8400.
8401.
8403.
8405.
8406.
8407.
8409.
8410.
8412.
8414.
8415.
8417.
8419.
8420.
8422.
8423.
8425.
8426.
8428.
8430.
8431.
8433.
8435.
8436.
8438.
8439.
8441.
8442.
8444.
8445.
8447.
8449.
8450.
8452.
8454.
8456.
8457.
8459.
8460.
8463.
8464.
8466.
8467.
8468.
8470.
8472.
8473.
8475.
8477.
8478.
8480.
8482.
8483.
8485.
8486.
8489.
8490.
8492.
8493.
8495.
8496.
8498.
8499.
8501.
8503.
8505.
8506.
8508.
8510.
8511.
8513.
8515.
8517.
8518.
8520.
8521.
8523.
8525.
8527.
8528.
8529.
8531.
8533.
8535.
8537.
8538.
8540.
8542.
8543.
8545.
8548.
8549.
8550.
8552.
8554.
8555.
8557.
8559.
8561.
8562.
8564.
8566.
8568.
8569.
8570.
8573.
8575.
8576.
8578.
8580.
8582.
8583.
8584.
8587.
8589.
8590.
8592.
8593.
8595.
8597.
8599.
8600.
8602.
8604.
8606.
8607.
8609.
8611.
8613.
8615.
8616.
8618.
8620.
8623.
8624.
8625.
8628.
8629.
8631.
8632.
8635.
8637.
8638.
8640.
8642.
8643.
8645.
8647.
8649.
8651.
8653.
8655.
8656.
8657.
8660.
8661.
8663.
8665.
8667.
8670.
8671.
8672.
8674.
8676.
8678.
8681.
8681.
8683.
8685.
8687.
8689.
8691.
8692.
8693.
8697.
8698.
8700.
8702.
8702.
8705.
8707.
8708.
8710.
8712.
8713.
8715.
8717.
8719.
8721.
8723.
8724.
8726.
8728.
8730.
8731.
8733.
8735.
8736.
8738.
8740.
8742.
8743.
8745.
8747.
8749.
8751.
8752.
8754.
8756.
8757.
8760.
8761.
8762.
8764.
8766.
8767.
8769.
8770.
8773.
8774.
8776.
8777.
8779.
8781.
8783.
8784.
8786.
8788.
8790.
8790.
8792.
8794.
8796.
8797.
8800.
8801.
8803.
8803.
8805.
8807.
8810.
8810.
8812.
8813.
8815.
8817.
8818.
8820.
8822.
8823.
8824.
8826.
8828.
8829.
8831.
8832.
8835.
8835.
8837.
8839.
8841.
8842.
8843.
8845.
8846.
8848.
8849.
8850.
8852.
8853.
8855.
8856.
8858.
8859.
8861.
8863.
8864.
8865.
8867.
8869.
8870.
8871.
8872.
8875.
8876.
8877.
8878.
8880.
8881.
8882.
8884.
8886.
8886.
8888.
8889.
8891.
8892.
8893.
8895.
8897.
8898.
8899.
8900.
8902.
8903.
8905.
8906.
8907.
8908.
8910.
8910.
8912.
8913.
8915.
8916.
8917.
8919.
8920.
8921.
8923.
8923.
8925.
8926.
8928.
8929.
8930.
8932.
8933.
8934.
8936.
8936.
8938.
8938.
8940.
8941.
8943.
8943.
8945.
8946.
8948.
8948.
8950.
8951.
8952.
8953.
8955.
8956.
8957.
8959.
8960.
8961.
8962.
8963.
8964.
8966.
8966.
8967.
8968.
8970.
8971.
8972.
8973.
8974.
8975.
8977.
8977.
8979.
8980.
8982.
8982.
8984.
8985.
8986.
8986.
8987.
8988.
8990.
8991.
8992.
8993.
8995.
8995.
8996.
8997.
8998.
8999.
9001.
9001.
9002.
9004.
9005.
9006.
9007.
9008.
9009.
9010.
9012.
9012.
9013.
9014.
9016.
9017.
9018.
9018.
9019.
9020.
9021.
9022.
9024.
9025.
9025.
9027.
9027.
9028.
9030.
9030.
9031.
9032.
9033.
9035.
9035.
9036.
9038.
9039.
9040.
9040.
9041.
9043.
9044.
9044.
9045.
9046.
9047.
9048.
9048.
9050.
9050.
9052.
9053.
9054.
9055.
9056.
9057.
9058.
9058.
9060.
9061.
9062.
9063.
9064.
9065.
9066.
9066.
9068.
9068.
9070.
9070.
9071.
9072.
9074.
9074.
9076.
9076.
9078.
9079.
9080.
9080.
9082.
9082.
9083.
9084.
9085.
9086.
9087.
9089.
9090.
9091.
9092.
9093.
9093.
9095.
9096.
9097.
9098.
9099.
9100.
9101.
9102.
9104.
9104.
9105.
9106.
9108.
9109.
9110.
9111.
9113.
9113.
9114.
9115.
9117.
9118.
9119.
9119.
9121.
9122.
9124.
9124.
9126.
9127.
9128.
9129.
9130.
9131.
9133.
9134.
9135.
9135.
9137.
9138.
9139.
9140.
9142.
9142.
9144.
9145.
9147.
9147.
9149.
9150.
9152.
9152.
9154.
9155.
9156.
9157.
9159.
9160.
9161.
9162.
9164.
9165.
9166.
9168.
9169.
9170.
9172.
9173.
9174.
9175.
9176.
9177.
9179.
9180.
9182.
9183.
9184.
9186.
9187.
9189.
9189.
9191.
9192.
9193.
9194.
9195.
9198.
9199.
9200.
9201.
9202.
9204.
9205.
9207.
9208.
9210.
9211.
9212.
9214.
9215.
9216.
9218.
9219.
9221.
9222.
9224.
9225.
9227.
9228.
9230.
9230.
9232.
9233.
9235.
9236.
9238.
9239.
9241.
9242.
9244.
9246.
9248.
9248.
9250.
9252.
9254.
9255.
9256.
9258.
9259.
9261.
9262.
9264.
9265.
9267.
9268.
9270.
9271.
9274.
9275.
9276.
9278.
9280.
9281.
9282.
9284.
9286.
9288.
9289.
9290.
9292.
9293.
9295.
9297.
9299.
9300.
9302.
9303.
9305.
9306.
9308.
9309.
9312.
9313.
9315.
9316.
9318.
9319.
9321.
9323.
9325.
9326.
9328.
9330.
9331.
9332.
9334.
9336.
9338.
9339.
9341.
9343.
9345.
9346.
9348.
9349.
9351.
9352.
9354.
9356.
9358.
9360.
9361.
9362.
9364.
9366.
9368.
9369.
9371.
9372.
9375.
9376.
9377.
9379.
9381.
9383.
9384.
9386.
9387.
9390.
9391.
9393.
9395.
9396.
9398.
9399.
9401.
9403.
9405.
9406.
9408.
9410.
9411.
9413.
9414.
9415.
9418.
9420.
9421.
9423.
9424.
9427.
9428.
9429.
9431.
9433.
9434.
9436.
9438.
9439.
9441.
9442.
9444.
9446.
9447.
9449.
9450.
9452.
9454.
9455.
9457.
9459.
9461.
9462.
9463.
9465.
9467.
9469.
9469.
9471.
9474.
9475.
9477.
9478.
9479.
9481.
9483.
9484.
9486.
9487.
9489.
9491.
9492.
9493.
9495.
9496.
9498.
9500.
9502.
9503.
9504.
9506.
9507.
9509.
9511.
9512.
9514.
9515.
9517.
9518.
9520.
9521.
9523.
9523.
9525.
9527.
9529.
9530.
9532.
9532.
9534.
9536.
9537.
9539.
9541.
9541.
9543.
9544.
9546.
9547.
9549.
9551.
9553.
9553.
9555.
9556.
9558.
9558.
9560.
9561.
9563.
9564.
9566.
9566.
9568.
9570.
9571.
9572.
9574.
9574.
9576.
9577.
9579.
9580.
9581.
9583.
9584.
9585.
9586.
9588.
9589.
9591.
9592.
9593.
9594.
9596.
9596.
9598.
9599.
9601.
9601.
9603.
9604.
9605.
9606.
9608.
9609.
9610.
9611.
9612.
9613.
9614.
9615.
9617.
9618.
9620.
9620.
9622.
9622.
9624.
9625.
9626.
9627.
9629.
9629.
9631.
9632.
9633.
9634.
9636.
9636.
9637.
9638.
9640.
9640.
9641.
9643.
9644.
9645.
9646.
9646.
9648.
9649.
9651.
9652.
9652.
9653.
9654.
9655.
9656.
9657.
9659.
9659.
9660.
9662.
9663.
9664.
9664.
9666.
9667.
9668.
9668.
9670.
9670.
9672.
9672.
9674.
9674.
9675.
9676.
9678.
9679.
9679.
9680.
9682.
9681.
9683.
9684.
9686.
9686.
9687.
9687.
9689.
9689.
9691.
9692.
9693.
9694.
9695.
9695.
9697.
9697.
9699.
9699.
9700.
9700.
9702.
9703.
9704.
9704.
9705.
9706.
9707.
9708.
9709.
9710.
9710.
9712.
9712.
9713.
9714.
9715.
9715.
9716.
9718.
9718.
9720.
9720.
9722.
9722.
9723.
9724.
9725.
9726.
9726.
9728.
9728.
9729.
9729.
9730.
9730.
9732.
9733.
9734.
9735.
9735.
9736.
9737.
9738.
9738.
9740.
9741.
9741.
9742.
9742.
9744.
9745.
9745.
9746.
9747.
9747.
9749.
9750.
9751.
9751.
9752.
9752.
9754.
9754.
9756.
9756.
9758.
9758.
9759.
9759.
9760.
9761.
9762.
9762.
9764.
9764.
9765.
9766.
9767.
9768.
9769.
9769.
9770.
9771.
9772.
9773.
9774.
9775.
9776.
9776.
9778.
9779.
9778.
9780.
9781.
9782.
9782.
9783.
9784.
9786.
9785.
9787.
9788.
9789.
9789.
9791.
9792.
9793.
9793.
9794.
9795.
9796.
9797.
9798.
9799.
9800.
9801.
9802.
9802.
9804.
9804.
9806.
9807.
9808.
9808.
9810.
9810.
9812.
9812.
9813.
9814.
9816.
9817.
9818.
9818.
9820.
9820.
9822.
9823.
9824.
9824.
9827.
9828.
9829.
9830.
9830.
9831.
9833.
9834.
9835.
9837.
9837.
9839.
9840.
9841.
9843.
9844.
9845.
9846.
9847.
9848.
9849.
9850.
9851.
9852.
9854.
9855.
9856.
9858.
9859.
9860.
9861.
9863.
9864.
9866.
9867.
9868.
9869.
9871.
9872.
9873.
9874.
9876.
9877.
9879.
9879.
9882.
9882.
9884.
9885.
9886.
9887.
9889.
9890.
9892.
9893.
9895.
9896.
9898.
9899.
9901.
9902.
9904.
9905.
9906.
9907.
9908.
9910.
9912.
9912.
9914.
9915.
9917.
9919.
9920.
9922.
9923.
9924.
9926.
9928.
9929.
9930.
9931.
9933.
9935.
9936.
9937.
9940.
9941.
9943.
9944.
9945.
9947.
9949.
9950.
9952.
9953.
9955.
9956.
9958.
9959.
9961.
9962.
9964.
9965.
9967.
9968.
9970.
9971.
9973.
9975.
9976.
9977.
9979.
9981.
9983.
9984.
9986.
9987.
9989.
9990.
9992.
9994.
9995.
9997.
9999.
9999.
10001.
10003.
10005.
10006.
10008.
10009.
10011.
10013.
10015.
10016.
10018.
10020.
10022.
10022.
10024.
10026.
10028.
10029.
10031.
10032.
10034.
10035.
10038.
10039.
10041.
10042.
10044.
10046.
10047.
10049.
10051.
10053.
10054.
10055.
10057.
10059.
10061.
10063.
10064.
10065.
10067.
10069.
10071.
10073.
10074.
10076.
10077.
10079.
10080.
10082.
10084.
10086.
10087.
10088.
10090.
10092.
10093.
10095.
10096.
10098.
10100.
10102.
10103.
10105.
10107.
10109.
10110.
10111.
10114.
10115.
10116.
10118.
10119.
10121.
10123.
10124.
10126.
10128.
10130.
10131.
10132.
10134.
10136.
10137.
10139.
10140.
10141.
10143.
10145.
10147.
10148.
10149.
10151.
10153.
10154.
10156.
10159.
10159.
10160.
10162.
10164.
10165.
10167.
10168.
10170.
10171.
10173.
10174.
10176.
10177.
10180.
10180.
10181.
10183.
10185.
10186.
10188.
10189.
10191.
10192.
10194.
10195.
10197.
10198.
10200.
10201.
10203.
10204.
10206.
10207.
10208.
10209.
10211.
10212.
10214.
10215.
10217.
10218.
10220.
10220.
10222.
10223.
10225.
10226.
10227.
10229.
10230.
10231.
10233.
10234.
10235.
10236.
10238.
10239.
10240.
10241.
10243.
10244.
10246.
10247.
10248.
10249.
10250.
10252.
10253.
10254.
10255.
10256.
10257.
10258.
10260.
10261.
10262.
10263.
10264.
10266.
10266.
10268.
10269.
10271.
10272.
10273.
10273.
10275.
10276.
10277.
10278.
10279.
10279.
10281.
10281.
10283.
10284.
10285.
10286.
10288.
10288.
10289.
10290.
10292.
10293.
10293.
10294.
10296.
10297.
10298.
10299.
10300.
10300.
10302.
10302.
10304.
10304.
10305.
10306.
10307.
10308.
10310.
10311.
10312.
10313.
10313.
10314.
10315.
10316.
10317.
10318.
10319.
10320.
10321.
10322.
10322.
10324.
10325.
10325.
10327.
10328.
10329.
10330.
10330.
10332.
10333.
10333.
10334.
10336.
10336.
10337.
10337.
10339.
10340.
10341.
10342.
10343.
10343.
10345.
10345.
10347.
10348.
10348.
10349.
10350.
10351.
10352.
10353.
10354.
10354.
10356.
10357.
10357.
10357.
10359.
10360.
10361.
10362.
10364.
10365.
10366.
10366.
10367.
10367.
10369.
10370.
10371.
10372.
10373.
10373.
10374.
10375.
10376.
10376.
10378.
10379.
10380.
10381.
10383.
10383.
10384.
10385.
10387.
10388.
10389.
10389.
10391.
10392.
10392.
10394.
10394.
10396.
10396.
10398.
10399.
10400.
10401.
10402.
10402.
10404.
10404.
10405.
10406.
10408.
10408.
10410.
10410.
10412.
10413.
10414.
10414.
10416.
10416.
10418.
10419.
10420.
10421.
10422.
10423.
10424.
10424.
10425.
10426.
10428.
10429.
10430.
10431.
10432.
10433.
10434.
10435.
10436.
10436.
10437.
10439.
10439.
10441.
10442.
10442.
10444.
10444.
10446.
10446.
10447.
10448.
10449.
10450.
10451.
10452.
10453.
10454.
10454.
10455.
10456.
10458.
10458.
10459.
10460.
10462.
10462.
10463.
10463.
10465.
10465.
10466.
10466.
10468.
10469.
10470.
10471.
10473.
10473.
10474.
10475.
10476.
10477.
10477.
10479.
10479.
10479.
10481.
10482.
10483.
10484.
10485.
10485.
10487.
10487.
10489.
10489.
10490.
10491.
10492.
10492.
10494.
10494.
10496.
10496.
10498.
10498.
10499.
10499.
10501.
10502.
10502.
10503.
10504.
10505.
10506.
10506.
10507.
10508.
10509.
10510.
10510.
10512.
10512.
10513.
10515.
10516.
10516.
10517.
10518.
10519.
10519.
10521.
10521.
10522.
10522.
10524.
10523.
10525.
10525.
10527.
10527.
10529.
10529.
10531.
10531.
10532.
10532.
10534.
10535.
10536.
10537.
10537.
10537.
10539.
10540.
10540.
10540.
10542.
10543.
10543.
10544.
10546.
10546.
10547.
10548.
10548.
10549.
10550.
10551.
10551.
10552.
10553.
10553.
10555.
10555.
10556.
10557.
10557.
10558.
10559.
10560.
10560.
10562.
10562.
10563.
10563.
10565.
10565.
10566.
10567.
10568.
10568.
10569.
10569.
10571.
10572.
10572.
10572.
10573.
10574.
10575.
10576.
10576.
10576.
10578.
10579.
10579.
10580.
10581.
10581.
10583.
10583.
10583.
10584.
10585.
10585.
10587.
10587.
10588.
10588.
10589.
10590.
10591.
10591.
10592.
10592.
10594.
10594.
10595.
10595.
10597.
10597.
10598.
10599.
10599.
10599.
10601.
10601.
10602.
10603.
10604.
10604.
10605.
10605.
10606.
10607.
10607.
10608.
10608.
10609.
10610.
10610.
10611.
10612.
10613.
10613.
10615.
10615.
10615.
10616.
10616.
10618.
10618.
10618.
10619.
10620.
10619.
10621.
10622.
10623.
10624.
10624.
10625.
10625.
10626.
10627.
10627.
10628.
10628.
10629.
10629.
10631.
10631.
10632.
10632.
10634.
10634.
10635.
10636.
10636.
10637.
10637.
10638.
10638.
10639.
10640.
10640.
10641.
10641.
10642.
10643.
10644.
10645.
10645.
10646.
10645.
10647.
10647.
10648.
10648.
10649.
10650.
10650.
10651.
10652.
10652.
10653.
10654.
10655.
10654.
10656.
10657.
10657.
10658.
10658.
10659.
10659.
10659.
10660.
10661.
10662.
10662.
10663.
10664.
10664.
10665.
10665.
10665.
10667.
10667.
10668.
10669.
10669.
10669.
10670.
10670.
10671.
10671.
10672.
10673.
10674.
10674.
10675.
10676.
10676.
10677.
10677.
10678.
10679.
10679.
10680.
10680.
10682.
10682.
10683.
10683.
10683.
10684.
10684.
10685.
10686.
10687.
10687.
10688.
10688.
10689.
10690.
10690.
10691.
10691.
10691.
10692.
10693.
10694.
10694.
10695.
10696.
10696.
10697.
10697.
10697.
10698.
10698.
10699.
10699.
10701.
10701.
10702.
10702.
10703.
10703.
10705.
10706.
10706.
10707.
10707.
10707.
10708.
10709.
10710.
10710.
10711.
10711.
10712.
10713.
10713.
10714.
10715.
10715.
10715.
10716.
10717.
10718.
10718.
10718.
10719.
10720.
10720.
10721.
10722.
10722.
10724.
10724.
10724.
10725.
10726.
10726.
10726.
10727.
10727.
10728.
10730.
10730.
10730.
10731.
10732.
10732.
10732.
10733.
10735.
10735.
10735.
10736.
10737.
10737.
10737.
10739.
10738.
10739.
10739.
10741.
10742.
10742.
10742.
10743.
10744.
10745.
10745.
10746.
10746.
10747.
10748.
10747.
10748.
10749.
10749.
10750.
10750.
10751.
10751.
10752.
10753.
10753.
10753.
10754.
10754.
10755.
10755.
10756.
10756.
10756.
10756.
10757.
10757.
10758.
10758.
10759.
10759.
10761.
10761.
10762.
10761.
10761.
10762.
10762.
10763.
10763.
10763.
10764.
10764.
10765.
10765.
10766.
10766.
10767.
10766.
10767.
10767.
10767.
10768.
10767.
10769.
10768.
10769.
10768.
10770.
10771.
10770.
10771.
10771.
10771.
10772.
10773.
10772.
10772.
10772.
10772.
10773.
10773.
10774.
10773.
10774.
10774.
10774.
10775.
10775.
10775.
10776.
10776.
10775.
10775.
10776.
10775.
10776.
10776.
10776.
10776.
10777.
10777.
10777.
10777.
10777.
10777.
10777.
10777.
10777.
10777.
10777.
10777.
10777.
10777.
10777.
10777.
10777.
10777.
10776.
10777.
10777.
10777.
10777.
10776.
10776.
10777.
10776.
10777.
10777.
10776.
10776.
10776.
10777.
10776.
10776.
10776.
10777.
10776.
10775.
10776.
10776.
10776.
10776.
10776.
10777.
10775.
10775.
10776.
10776.
10776.
10776.
10775.
10775.
10776.
10776.
10775.
10775.
10776.
10776.
10775.
10775.
10775.
10775.
10775.
10775.
10774.
10774.
10774.
10775.
10775.
10775.
10774.
10774.
10775.
10775.
10775.
10775.
10774.
10774.
10774.
10774.
10775.
10774.
10775.
10774.
10773.
10774.
10774.
10774.
10773.
10774.
10774.
10773.
10774.
10773.
10773.
10774.
10774.
10773.
10773.
10773.
10773.
10773.
10773.
10773.
10773.
10773.
10773.
10773.
10772.
10773.
10773.
10772.
10772.
10772.
10772.
10772.
10772.
10772.
10773.
10772.
10772.
10772.
10773.
10771.
10771.
10771.
10771.
10772.
10772.
10770.
10771.
10770.
10770.
10771.
10770.
10771.
10770.
10769.
10769.
10770.
10770.
10768.
10769.
10769.
10768.
10768.
10768.
10769.
10768.
10767.
10767.
10767.
10767.
10767.
10766.
10765.
10766.
10766.
10765.
10765.
10765.
10764.
10764.
10763.
10763.
10763.
10762.
10761.
10761.
10761.
10760.
10761.
10759.
10759.
10759.
10759.
10757.
10758.
10756.
10755.
10756.
10755.
10754.
10754.
10753.
10753.
10751.
10751.
10751.
10750.
10748.
10748.
10748.
10747.
10746.
10745.
10743.
10743.
10742.
10742.
10740.
10739.
10738.
10738.
10737.
10735.
10734.
10734.
10733.
10731.
10730.
10729.
10728.
10727.
10725.
10724.
10723.
10722.
10721.
10719.
10718.
10717.
10716.
10714.
10713.
10711.
10711.
10709.
10707.
10705.
10704.
10702.
10701.
10699.
10698.
10697.
10695.
10693.
10693.
10691.
10688.
10687.
10685.
10682.
10682.
10680.
10678.
10676.
10676.
10674.
10672.
10670.
10668.
10666.
10665.
10662.
10661.
10659.
10657.
10655.
10653.
10651.
10650.
10648.
10646.
10644.
10641.
10640.
10638.
10636.
10635.
10633.
10630.
10628.
10627.
10624.
10623.
10620.
10618.
10617.
10616.
10613.
10610.
10609.
10608.
10605.
10603.
10602.
10599.
10598.
10596.
10594.
10591.
10590.
10589.
10586.
10584.
10582.
10581.
10579.
10577.
10575.
10573.
10571.
10568.
10568.
10566.
10563.
10562.
10561.
10559.
10556.
10555.
10554.
10552.
10550.
10548.
10546.
10544.
10544.
10541.
10539.
10538.
10536.
10534.
10533.
10532.
10530.
10528.
10527.
10525.
10523.
10522.
10521.
10519.
10517.
10516.
10515.
10514.
10512.
10511.
10509.
10508.
10507.
10506.
10504.
10503.
10502.
10501.
10499.
10497.
10496.
10495.
10493.
10492.
10492.
10490.
10489.
10488.
10487.
10487.
10484.
10484.
10483.
10482.
10480.
10480.
10479.
10477.
10476.
10476.
10474.
10473.
10472.
10471.
10470.
10470.
10468.
10468.
10467.
10467.
10465.
10464.
10463.
10462.
10461.
10460.
10460.
10459.
10458.
10457.
10456.
10455.
10455.
10454.
10453.
10453.
10452.
10451.
10450.
10450.
10449.
10448.
10447.
10447.
10446.
10445.
10445.
10443.
10442.
10442.
10442.
10441.
10441.
10439.
10440.
10438.
10437.
10437.
10436.
10435.
10435.
10434.
10433.
10433.
10433.
10431.
10431.
10430.
10430.
10429.
10428.
10428.
10427.
10426.
10426.
10425.
10425.
10424.
10423.
10423.
10422.
10421.
10422.
10421.
10420.
10418.
10419.
10418.
10419.
10417.
10416.
10416.
10415.
10414.
10413.
10413.
10412.
10412.
10411.
10411.
10409.
10410.
10409.
10409.
10407.
10407.
10406.
10406.
10404.
10404.
10403.
10403.
10402.
10402.
10401.
10401.
10400.
10399.
10398.
10399.
10397.
10397.
10395.
10394.
10394.
10394.
10393.
10393.
10392.
10390.
10390.
10389.
10388.
10387.
10387.
10387.
10385.
10384.
10384.
10384.
10382.
10381.
10381.
10381.
10380.
10379.
10377.
10376.
10376.
10375.
10375.
10374.
10372.
10372.
10371.
10370.
10370.
10369.
10369.
10368.
10367.
10365.
10365.
10365.
10364.
10363.
10362.
10361.
10360.
10359.
10359.
10357.
10357.
10355.
10355.
10354.
10354.
10352.
10352.
10351.
10350.
10350.
10348.
10347.
10347.
10345.
10345.
10343.
10343.
10342.
10342.
10340.
10340.
10339.
10338.
10337.
10337.
10335.
10335.
10333.
10333.
10331.
10331.
10329.
10329.
10328.
10326.
10326.
10325.
10324.
10323.
10321.
10321.
10321.
10320.
10319.
10318.
10317.
10316.
10315.
10314.
10313.
10312.
10311.
10310.
10309.
10308.
10307.
10306.
10305.
10305.
10304.
10302.
10302.
10301.
10301.
10299.
10299.
10298.
10297.
10295.
10295.
10293.
10293.
10291.
10290.
10289.
10289.
10288.
10287.
10287.
10285.
10284.
10284.
10283.
10281.
10280.
10280.
10278.
10277.
10276.
10276.
10274.
10274.
10272.
10272.
10271.
10271.
10269.
10268.
10267.
10267.
10265.
10264.
10262.
10262.
10261.
10260.
10259.
10258.
10257.
10256.
10256.
10255.
10254.
10252.
10252.
10251.
10250.
10249.
10248.
10247.
10246.
10245.
10244.
10243.
10242.
10241.
10241.
10240.
10238.
10237.
10237.
10236.
10234.
10232.
10233.
10231.
10231.
10228.
10229.
10227.
10227.
10226.
10225.
10223.
10223.
10221.
10221.
10219.
10219.
10218.
10217.
10216.
10215.
10213.
10212.
10212.
10211.
10210.
10209.
10208.
10208.
10206.
10205.
10204.
10203.
10202.
10201.
10200.
10200.
10198.
10197.
10197.
10196.
10194.
10193.
10192.
10191.
10190.
10189.
10189.
10187.
10186.
10185.
10184.
10183.
10182.
10181.
10179.
10179.
10178.
10177.
10176.
10175.
10174.
10173.
10172.
10170.
10170.
10168.
10168.
10165.
10165.
10164.
10164.
10161.
10161.
10160.
10159.
10157.
10157.
10156.
10155.
10153.
10152.
10150.
10150.
10149.
10148.
10147.
10145.
10144.
10143.
10142.
10142.
10140.
10139.
10138.
10136.
10135.
10134.
10133.
10133.
10131.
10130.
10129.
10127.
10126.
10125.
10124.
10123.
10122.
10121.
10119.
10118.
10117.
10115.
10114.
10113.
10112.
10110.
10110.
10109.
10108.
10105.
10105.
10103.
10103.
10101.
10101.
10099.
10098.
10095.
10095.
10093.
10093.
10091.
10091.
10088.
10088.
10087.
10085.
10084.
10083.
10081.
10080.
10078.
10078.
10076.
10075.
10074.
10073.
10071.
10070.
10068.
10067.
10066.
10065.
10063.
10062.
10061.
10060.
10058.
10058.
10056.
10054.
10053.
10052.
10051.
10049.
10048.
10047.
10046.
10044.
10043.
10042.
10040.
10039.
10038.
10036.
10036.
10033.
10033.
10031.
10030.
10028.
10027.
10025.
10025.
10023.
10022.
10020.
10020.
10019.
10017.
10015.
10015.
10013.
10012.
10010.
10009.
10008.
10007.
10005.
10003.
10002.
10001.
9999.
9998.
9997.
9996.
9994.
9993.
9992.
9990.
9988.
9989.
9986.
9985.
9983.
9983.
9981.
9979.
9977.
9978.
9975.
9974.
9972.
9971.
9970.
9968.
9967.
9965.
9964.
9963.
9962.
9960.
9959.
9959.
9957.
9955.
9954.
9953.
9951.
9949.
9949.
9947.
9945.
9944.
9943.
9941.
9941.
9940.
9937.
9936.
9935.
9934.
9932.
9930.
9929.
9928.
9926.
9924.
9924.
9922.
9921.
9920.
9917.
9915.
9915.
9914.
9912.
9910.
9909.
9907.
9906.
9905.
9904.
9902.
9900.
9898.
9898.
9896.
9894.
9893.
9892.
9891.
9888.
9887.
9885.
9884.
9883.
9881.
9879.
9878.
9876.
9875.
9874.
9873.
9870.
9869.
9869.
9866.
9865.
9863.
9861.
9861.
9859.
9857.
9856.
9854.
9853.
9851.
9850.
9848.
9846.
9846.
9844.
9842.
9841.
9839.
9838.
9836.
9834.
9833.
9832.
9830.
9828.
9828.
9826.
9824.
9822.
9821.
9820.
9818.
9816.
9816.
9813.
9812.
9810.
9809.
9807.
9807.
9804.
9803.
9801.
9799.
9798.
9798.
9795.
9793.
9793.
9792.
9790.
9788.
9787.
9786.
9784.
9782.
9781.
9779.
9778.
9777.
9775.
9774.
9773.
9770.
9770.
9769.
9766.
9765.
9764.
9763.
9761.
9759.
9758.
9758.
9756.
9754.
9753.
9751.
9751.
9749.
9747.
9745.
9745.
9743.
9742.
9740.
9739.
9737.
9736.
9734.
9734.
9732.
9730.
9729.
9729.
9727.
9726.
9724.
9722.
9721.
9719.
9718.
9717.
9715.
9715.
9713.
9711.
9710.
9708.
9707.
9707.
9705.
9703.
9702.
9700.
9700.
9699.
9697.
9695.
9695.
9694.
9692.
9690.
9689.
9688.
9686.
9685.
9684.
9682.
9681.
9679.
9679.
9678.
9676.
9674.
9673.
9672.
9670.
9669.
9668.
9667.
9665.
9664.
9663.
9661.
9660.
9659.
9658.
9656.
9656.
9654.
9653.
9651.
9650.
9649.
9647.
9645.
9646.
9644.
9642.
9641.
9640.
9638.
9637.
9636.
9634.
9633.
9631.
9630.
9629.
9627.
9626.
9624.
9624.
9622.
9620.
9619.
9618.
9617.
9615.
9615.
9613.
9612.
9611.
9609.
9608.
9606.
9604.
9603.
9602.
9601.
9598.
9598.
9596.
9595.
9593.
9592.
9590.
9590.
9588.
9586.
9584.
9583.
9581.
9580.
9578.
9578.
9577.
9575.
9573.
9572.
9570.
9569.
9567.
9565.
9564.
9563.
9561.
9559.
9558.
9557.
9555.
9554.
9553.
9551.
9549.
9547.
9546.
9544.
9543.
9542.
9540.
9537.
9536.
9535.
9534.
9531.
9530.
9528.
9527.
9524.
9524.
9522.
9520.
9518.
9517.
9516.
9514.
9512.
9511.
9508.
9508.
9506.
9504.
9502.
9501.
9499.
9497.
9496.
9494.
9493.
9491.
9490.
9488.
9486.
9484.
9482.
9481.
9479.
9477.
9476.
9474.
9472.
9471.
9469.
9467.
9466.
9464.
9463.
9460.
9459.
9457.
9456.
9454.
9452.
9451.
9449.
9448.
9445.
9443.
9442.
9440.
9438.
9436.
9435.
9434.
9432.
9430.
9428.
9426.
9425.
9422.
9422.
9421.
9418.
9416.
9415.
9412.
9411.
9410.
9408.
9407.
9405.
9403.
9401.
9399.
9398.
9396.
9394.
9391.
9390.
9389.
9388.
9386.
9384.
9382.
9380.
9379.
9377.
9375.
9374.
9372.
9370.
9368.
9367.
9365.
9364.
9362.
9360.
9358.
9356.
9355.
9353.
9351.
9350.
9348.
9346.
9345.
9342.
9341.
9340.
9338.
9336.
9334.
9333.
9331.
9329.
9328.
9327.
9324.
9322.
9321.
9319.
9317.
9315.
9314.
9312.
9310.
9308.
9307.
9304.
9304.
9302.
9300.
9298.
9297.
9296.
9293.
9291.
9291.
9289.
9287.
9285.
9283.
9281.
9281.
9279.
9277.
9274.
9274.
9272.
9271.
9268.
9266.
9265.
9264.
9262.
9260.
9259.
9256.
9254.
9254.
9252.
9250.
9248.
9247.
9245.
9243.
9241.
9239.
9237.
9237.
9235.
9234.
9231.
9230.
9228.
9228.
9225.
9223.
9222.
9220.
9219.
9217.
9215.
9213.
9212.
9209.
9209.
9207.
9205.
9203.
9203.
9201.
9199.
9197.
9196.
9195.
9193.
9190.
9190.
9188.
9187.
9185.
9183.
9182.
9180.
9179.
9176.
9175.
9174.
9173.
9171.
9170.
9168.
9166.
9165.
9163.
9162.
9160.
9158.
9157.
9155.
9154.
9153.
9151.
9150.
9148.
9147.
9145.
9143.
9142.
9141.
9140.
9137.
9136.
9136.
9133.
9131.
9131.
9130.
9127.
9126.
9125.
9123.
9122.
9121.
9119.
9117.
9117.
9115.
9114.
9111.
9110.
9109.
9108.
9106.
9106.
9103.
9103.
9101.
9100.
9099.
9097.
9096.
9094.
9092.
9093.
9091.
9089.
9087.
9087.
9085.
9084.
9083.
9083.
9081.
9079.
9078.
9076.
9075.
9074.
9073.
9071.
9070.
9070.
9068.
9066.
9065.
9064.
9063.
9061.
9060.
9058.
9057.
9056.
9055.
9054.
9052.
9051.
9050.
9049.
9047.
9046.
9045.
9043.
9043.
9042.
9040.
9039.
9038.
9036.
9035.
9033.
9032.
9031.
9031.
9029.
9029.
9027.
9026.
9024.
9024.
9022.
9022.
9020.
9019.
9018.
9017.
9015.
9014.
9013.
9012.
9011.
9009.
9008.
9007.
9005.
9005.
9003.
9002.
9001.
9000.
8999.
8998.
8996.
8995.
8994.
8993.
8992.
8991.
8990.
8988.
8987.
8987.
8985.
8983.
8983.
8982.
8981.
8979.
8978.
8977.
8976.
8974.
8974.
8972.
8971.
8970.
8969.
8968.
8967.
8965.
8964.
8963.
8961.
8960.
8959.
8958.
8957.
8955.
8955.
8954.
8952.
8951.
8950.
8948.
8948.
8946.
8945.
8944.
8942.
8940.
8939.
8938.
8938.
8936.
8935.
8933.
8933.
8931.
8930.
8928.
8928.
8926.
8925.
8923.
8923.
8921.
8920.
8918.
8917.
8916.
8915.
8913.
8912.
8910.
8909.
8908.
8907.
8906.
8904.
8903.
8902.
8900.
8899.
8898.
8896.
8895.
8893.
8892.
8890.
8889.
8888.
8886.
8884.
8884.
8883.
8881.
8880.
8878.
8877.
8876.
8874.
8873.
8871.
8870.
8868.
8868.
8866.
8865.
8863.
8862.
8860.
8859.
8857.
8856.
8854.
8853.
8851.
8851.
8849.
8848.
8846.
8845.
8843.
8842.
8840.
8839.
8838.
8835.
8834.
8833.
8832.
8830.
8829.
8827.
8826.
8824.
8823.
8821.
8820.
8819.
8817.
8815.
8814.
8813.
8812.
8809.
8808.
8807.
8806.
8804.
8803.
8801.
8800.
8798.
8797.
8796.
8794.
8792.
8791.
8789.
8789.
8787.
8786.
8784.
8783.
8780.
8780.
8779.
8777.
8775.
8774.
8772.
8771.
8770.
8768.
8767.
8766.
8764.
8762.
8761.
8761.
8759.
8758.
8756.
8755.
8753.
8753.
8751.
8750.
8748.
8746.
8745.
8744.
8743.
8741.
8740.
8739.
8737.
8736.
8735.
8734.
8733.
8731.
8730.
8728.
8728.
8727.
8725.
8724.
8723.
8721.
8721.
8718.
8718.
8716.
8716.
8714.
8713.
8712.
8711.
8710.
8708.
8706.
8706.
8704.
8703.
8701.
8700.
8700.
8699.
8697.
8697.
8696.
8694.
8693.
8692.
8690.
8690.
8687.
8687.
8686.
8686.
8685.
8683.
8681.
8681.
8680.
8679.
8678.
8676.
8675.
8675.
8673.
8672.
8671.
8669.
8669.
8667.
8666.
8665.
8665.
8663.
8663.
8662.
8661.
8660.
8659.
8657.
8656.
8654.
8653.
8653.
8652.
8650.
8649.
8648.
8648.
8646.
8646.
8644.
8644.
8643.
8642.
8641.
8640.
8638.
8638.
8635.
8635.
8634.
8633.
8632.
8631.
8629.
8628.
8627.
8627.
8625.
8624.
8623.
8622.
8620.
8620.
8619.
8618.
8617.
8616.
8615.
8614.
8612.
8611.
8609.
8609.
8608.
8607.
8606.
8605.
8604.
8603.
8602.
8600.
8599.
8599.
8598.
8598.
8596.
8594.
8594.
8592.
8591.
8590.
8590.
8588.
8588.
8587.
8586.
8584.
8583.
8583.
8582.
8580.
8580.
8578.
8578.
8576.
8576.
8573.
8573.
8571.
8571.
8570.
8569.
8567.
8566.
8566.
8565.
8564.
8563.
8562.
8561.
8559.
8558.
8558.
8557.
8555.
8555.
8554.
8553.
8552.
8551.
8550.
8550.
8548.
8546.
8546.
8545.
8544.
8542.
8542.
8541.
8539.
8538.
8538.
8537.
8536.
8534.
8533.
8533.
8532.
8530.
8530.
8528.
8528.
8526.
8526.
8525.
8524.
8521.
8521.
8520.
8519.
8518.
8518.
8516.
8516.
8515.
8513.
8512.
8512.
8509.
8509.
8508.
8508.
8505.
8505.
8503.
8503.
8501.
8500.
8500.
8499.
8498.
8496.
8495.
8494.
8494.
8493.
8491.
8491.
8490.
8489.
8488.
8486.
8485.
8484.
8483.
8483.
8481.
8479.
8478.
8477.
8477.
8476.
8475.
8474.
8472.
8471.
8470.
8469.
8468.
8466.
8466.
8464.
8464.
8462.
8461.
8459.
8459.
8457.
8457.
8455.
8455.
8453.
8453.
8451.
8451.
8450.
8448.
8446.
8446.
8444.
8444.
8442.
8441.
8440.
8439.
8437.
8437.
8435.
8434.
8432.
8431.
8430.
8430.
8428.
8427.
8425.
8426.
8424.
8422.
8421.
8421.
8418.
8417.
8416.
8415.
8413.
8412.
8411.
8410.
8409.
8407.
8406.
8405.
8405.
8403.
8402.
8400.
8399.
8397.
8396.
8395.
8393.
8391.
8391.
8390.
8389.
8386.
8386.
8385.
8384.
8381.
8381.
8379.
8378.
8376.
8376.
8375.
8373.
8371.
8371.
8369.
8368.
8365.
8365.
8364.
8362.
8360.
8360.
8358.
8357.
8355.
8354.
8352.
8352.
8350.
8349.
8347.
8347.
8345.
8344.
8342.
8341.
8339.
8338.
8336.
8336.
8334.
8332.
8331.
8331.
8328.
8327.
8326.
8323.
8323.
8321.
8320.
8318.
8317.
8316.
8315.
8313.
8312.
8310.
8309.
8308.
8306.
8304.
8303.
8301.
8300.
8299.
8297.
8295.
8295.
8293.
8291.
8290.
8289.
8288.
8286.
8284.
8283.
8282.
8280.
8279.
8277.
8275.
8274.
8273.
8271.
8269.
8268.
8266.
8266.
8263.
8262.
8261.
8260.
8258.
8257.
8255.
8254.
8252.
8251.
8249.
8247.
8245.
8244.
8243.
8242.
8240.
8238.
8236.
8235.
8234.
8232.
8231.
8229.
8229.
8227.
8225.
8223.
8222.
8221.
8219.
8217.
8216.
8214.
8213.
8212.
8210.
8207.
8208.
8206.
8204.
8202.
8202.
8200.
8198.
8196.
8196.
8194.
8192.
8191.
8189.
8187.
8186.
8184.
8183.
8181.
8180.
8178.
8177.
8175.
8174.
8173.
8171.
8169.
8168.
8167.
8164.
8163.
8162.
8160.
8158.
8156.
8155.
8154.
8152.
8150.
8149.
8147.
8146.
8145.
8143.
8142.
8139.
8138.
8137.
8135.
8134.
8132.
8130.
8129.
8127.
8126.
8124.
8123.
8120.
8119.
8118.
8116.
8114.
8114.
8112.
8111.
8109.
8107.
8106.
8104.
8103.
8101.
8099.
8098.
8097.
8095.
8093.
8092.
8090.
8089.
8087.
8086.
8085.
8083.
8082.
8080.
8079.
8078.
8076.
8074.
8073.
8072.
8070.
8068.
8067.
8065.
8064.
8063.
8061.
8060.
8058.
8057.
8056.
8054.
8053.
8051.
8050.
8049.
8047.
8046.
8045.
8042.
8042.
8041.
8039.
8037.
8036.
8035.
8034.
8033.
8031.
8029.
8029.
8027.
8026.
8025.
8023.
8021.
8021.
8018.
8018.
8017.
8015.
8014.
8012.
8011.
8010.
8008.
8007.
8006.
8005.
8003.
8002.
8000.
8000.
7998.
7997.
7995.
7994.
7993.
7992.
7990.
7990.
7989.
7987.
7985.
7984.
7983.
7982.
7981.
7980.
7978.
7977.
7976.
7974.
7973.
7972.
7971.
7970.
7968.
7967.
7966.
7965.
7964.
7962.
7961.
7959.
7959.
7957.
7956.
7955.
7953.
7952.
7951.
7950.
7948.
7947.
7946.
7945.
7943.
7942.
7941.
7940.