7291.
7291.
7291.
7291.
7291.
7291.
7291.
7291.
7291.
7292.
7291.
7290.
7291.
7291.
7291.
7290.
7291.
7291.
7291.
7291.
7291.
7292.
7290.
7290.
7291.
7291.
7291.
7291.
7291.
7291.
7291.
7291.
7291.
7291.
7291.
7291.
7290.
7291.
7291.
7290.
7292.
7291.
7291.
7291.
7291.
7291.
7290.
7291.
7291.
7291.
7291.
7291.
7291.
7291.
7291.
7291.
7290.
7291.
7291.
7291.
7291.
7291.
7290.
7290.
7290.
7291.
7291.
7291.
7291.
7291.
7291.
7291.
7291.
7291.
7291.
7291.
7291.
7291.
7291.
7291.
7291.
7291.
7291.
7291.
7291.
7291.
7290.
7291.
7292.
7291.
7291.
7291.
7291.
7291.
7291.
7291.
7292.
7291.
7291.
7291.
7291.
7291.
7291.
7290.
7291.
7291.
7291.
7291.
7291.
7291.
7291.
7291.
7291.
7291.
7291.
7291.
7291.
7292.
7291.
7290.
7291.
7290.
7291.
7291.
7291.
7292.
7291.
7291.
7291.
7291.
7291.
7291.
7291.
7292.
7291.
7291.
7291.
7291.
7291.
7290.
7291.
7291.
7291.
7291.
7291.
7292.
7291.
7290.
7291.
7291.
7291.
7292.
7291.
7291.
7291.
7291.
7292.
7292.
7291.
7291.
7292.
7292.
7291.
7291.
7291.
7291.
7292.
7291.
7291.
7291.
7292.
7291.
7292.
7292.
7291.
7291.
7291.
7291.
7292.
7291.
7292.
7292.
7291.
7291.
7292.
7292.
7291.
7291.
7291.
7292.
7291.
7291.
7292.
7291.
7292.
7291.
7291.
7291.
7292.
7292.
7293.
7291.
7291.
7291.
7291.
7292.
7292.
7292.
7292.
7292.
7293.
7291.
7291.
7292.
7293.
7292.
7292.
7292.
7292.
7293.
7293.
7292.
7293.
7293.
7293.
7292.
7292.
7293.
7293.
7293.
7293.
7292.
7293.
7292.
7293.
7293.
7293.
7293.
7293.
7293.
7293.
7294.
7293.
7293.
7294.
7294.
7293.
7293.
7293.
7294.
7293.
7294.
7294.
7294.
7294.
7295.
7294.
7294.
7295.
7295.
7295.
7295.
7295.
7296.
7296.
7296.
7296.
7295.
7296.
7296.
7296.
7296.
7297.
7297.
7297.
7298.
7297.
7297.
7297.
7297.
7298.
7298.
7299.
7299.
7299.
7300.
7300.
7300.
7301.
7301.
7302.
7302.
7302.
7303.
7303.
7303.
7304.
7304.
7305.
7305.
7305.
7306.
7306.
7307.
7307.
7308.
7309.
7309.
7310.
7310.
7311.
7311.
7312.
7313.
7313.
7314.
7314.
7315.
7316.
7316.
7316.
7318.
7318.
7319.
7319.
7320.
7320.
7322.
7322.
7323.
7324.
7324.
7325.
7326.
7326.
7327.
7327.
7329.
7329.
7331.
7331.
7332.
7333.
7334.
7334.
7335.
7335.
7337.
7337.
7339.
7339.
7341.
7341.
7342.
7343.
7343.
7344.
7345.
7345.
7347.
7348.
7349.
7349.
7350.
7351.
7352.
7352.
7353.
7354.
7356.
7356.
7357.
7357.
7359.
7359.
7361.
7361.
7362.
7363.
7364.
7365.
7365.
7367.
7367.
7368.
7369.
7370.
7370.
7372.
7372.
7373.
7374.
7375.
7376.
7377.
7377.
7379.
7379.
7381.
7381.
7382.
7382.
7384.
7384.
7385.
7386.
7387.
7387.
7389.
7389.
7391.
7391.
7392.
7393.
7394.
7394.
7396.
7397.
7398.
7399.
7400.
7401.
7402.
7403.
7404.
7405.
7405.
7406.
7408.
7408.
7409.
7411.
7411.
7412.
7414.
7414.
7415.
7417.
7418.
7419.
7420.
7421.
7421.
7423.
7424.
7425.
7426.
7427.
7428.
7430.
7431.
7433.
7433.
7434.
7435.
7437.
7438.
7440.
7440.
7442.
7442.
7444.
7445.
7446.
7448.
7450.
7450.
7452.
7453.
7455.
7456.
7457.
7458.
7460.
7461.
7463.
7464.
7465.
7466.
7468.
7469.
7471.
7472.
7474.
7475.
7477.
7478.
7479.
7481.
7483.
7483.
7485.
7487.
7488.
7489.
7490.
7492.
7494.
7495.
7496.
7498.
7500.
7500.
7502.
7503.
7505.
7506.
7508.
7509.
7510.
7512.
7513.
7515.
7516.
7518.
7519.
7521.
7522.
7524.
7525.
7526.
7527.
7529.
7530.
7532.
7533.
7535.
7535.
7537.
7538.
7540.
7541.
7542.
7544.
7545.
7547.
7548.
7549.
7552.
7552.
7553.
7555.
7557.
7558.
7559.
7560.
7562.
7563.
7565.
7566.
7568.
7569.
7571.
7572.
7573.
7575.
7577.
7577.
7579.
7581.
7582.
7583.
7584.
7586.
7587.
7588.
7590.
7592.
7593.
7594.
7596.
7596.
7598.
7601.
7601.
7603.
7604.
7606.
7607.
7610.
7610.
7611.
7613.
7615.
7616.
7618.
7619.
7621.
7622.
7624.
7624.
7626.
7627.
7629.
7630.
7632.
7633.
7635.
7636.
7638.
7639.
7641.
7642.
7644.
7645.
7647.
7648.
7650.
7651.
7652.
7654.
7656.
7657.
7659.
7660.
7662.
7663.
7664.
7667.
7669.
7670.
7671.
7672.
7674.
7675.
7677.
7678.
7680.
7681.
7683.
7684.
7686.
7688.
7689.
7690.
7692.
7694.
7696.
7698.
7699.
7700.
7702.
7704.
7705.
7706.
7708.
7710.
7711.
7713.
7714.
7717.
7717.
7719.
7720.
7723.
7724.
7725.
7727.
7728.
7730.
7732.
7733.
7735.
7736.
7738.
7739.
7741.
7742.
7745.
7745.
7747.
7748.
7750.
7752.
7754.
7755.
7756.
7758.
7760.
7761.
7763.
7764.
7766.
7767.
7769.
7771.
7772.
7774.
7775.
7777.
7778.
7780.
7783.
7783.
7785.
7787.
7788.
7790.
7791.
7793.
7795.
7796.
7797.
7799.
7801.
7802.
7804.
7805.
7807.
7809.
7810.
7812.
7813.
7816.
7817.
7819.
7820.
7821.
7823.
7825.
7826.
7828.
7829.
7831.
7832.
7834.
7836.
7838.
7839.
7841.
7842.
7844.
7845.
7847.
7848.
7850.
7851.
7853.
7854.
7856.
7858.
7860.
7861.
7863.
7864.
7866.
7868.
7870.
7871.
7873.
7875.
7877.
7877.
7880.
7880.
7883.
7884.
7886.
7887.
7889.
7891.
7893.
7894.
7896.
7897.
7899.
7901.
7903.
7905.
7907.
7909.
7910.
7911.
7914.
7915.
7917.
7919.
7920.
7922.
7924.
7926.
7928.
7929.
7931.
7933.
7935.
7937.
7939.
7940.
7942.
7944.
7946.
7948.
7950.
7952.
7954.
7955.
7958.
7960.
7961.
7963.
7966.
7968.
7969.
7971.
7973.
7975.
7977.
7980.
7981.
7983.
7985.
7987.
7989.
7991.
7993.
7995.
7997.
7999.
8001.
8003.
8006.
8008.
8010.
8012.
8014.
8016.
8018.
8020.
8023.
8025.
8027.
8029.
8031.
8033.
8035.
8037.
8039.
8042.
8045.
8046.
8049.
8051.
8054.
8055.
8057.
8059.
8062.
8064.
8066.
8069.
8071.
8073.
8076.
8078.
8080.
8082.
8085.
8087.
8089.
8091.
8094.
8096.
8098.
8101.
8103.
8106.
8108.
8111.
8113.
8115.
8118.
8120.
8122.
8125.
8128.
8130.
8132.
8135.
8137.
8140.
8142.
8144.
8147.
8150.
8152.
8155.
8157.
8160.
8162.
8165.
8167.
8170.
8172.
8175.
8177.
8180.
8182.
8185.
8188.
8191.
8192.
8196.
8198.
8201.
8203.
8206.
8209.
8211.
8214.
8217.
8219.
8222.
8225.
8227.
8230.
8232.
8235.
8238.
8241.
8243.
8246.
8249.
8252.
8254.
8257.
8260.
8263.
8265.
8268.
8271.
8274.
8277.
8280.
8282.
8286.
8288.
8291.
8293.
8297.
8299.
8302.
8305.
8308.
8311.
8314.
8317.
8320.
8322.
8325.
8328.
8331.
8334.
8337.
8340.
8343.
8346.
8349.
8351.
8355.
8357.
8361.
8363.
8367.
8370.
8373.
8376.
8379.
8381.
8385.
8388.
8392.
8394.
8397.
8400.
8403.
8406.
8409.
8412.
8416.
8419.
8421.
8425.
8428.
8431.
8434.
8437.
8440.
8444.
8446.
8450.
8453.
8456.
8459.
8463.
8466.
8469.
8472.
8475.
8478.
8482.
8485.
8489.
8491.
8495.
8498.
8501.
8504.
8508.
8511.
8515.
8518.
8521.
8524.
8527.
8531.
8534.
8537.
8541.
8544.
8548.
8551.
8555.
8557.
8561.
8564.
8568.
8571.
8575.
8578.
8582.
8585.
8588.
8591.
8595.
8599.
8603.
8605.
8609.
8613.
8616.
8619.
8623.
8627.
8631.
8633.
8637.
8641.
8644.
8647.
8651.
8655.
8659.
8662.
8666.
8670.
8673.
8676.
8679.
8683.
8687.
8691.
8694.
8698.
8701.
8705.
8708.
8713.
8716.
8720.
8723.
8727.
8730.
8733.
8737.
8742.
8745.
8748.
8752.
8756.
8759.
8762.
8766.
8771.
8774.
8778.
8781.
8784.
8788.
8792.
8795.
8799.
8803.
8807.
8810.
8814.
8818.
8821.
8824.
8829.
8832.
8836.
8839.
8843.
8847.
8851.
8854.
8858.
8861.
8865.
8868.
8873.
8876.
8880.
8883.
8887.
8891.
8894.
8897.
8901.
8905.
8909.
8912.
8916.
8920.
8924.
8927.
8931.
8935.
8938.
8941.
8945.
8950.
8953.
8956.
8960.
8965.
8968.
8971.
8975.
8979.
8982.
8986.
8990.
8994.
8997.
9001.
9004.
9009.
9011.
9015.
9019.
9023.
9026.
9030.
9034.
9038.
9041.
9045.
9049.
9053.
9055.
9059.
9063.
9067.
9071.
9074.
9078.
9082.
9085.
9089.
9093.
9097.
9100.
9104.
9108.
9112.
9115.
9118.
9123.
9127.
9130.
9134.
9137.
9142.
9145.
9148.
9152.
9156.
9159.
9163.
9167.
9171.
9174.
9178.
9182.
9186.
9190.
9193.
9196.
9201.
9204.
9208.
9212.
9216.
9219.
9222.
9226.
9230.
9234.
9237.
9241.
9245.
9249.
9252.
9256.
9260.
9263.
9266.
9270.
9275.
9279.
9281.
9286.
9289.
9293.
9296.
9300.
9304.
9308.
9311.
9315.
9319.
9323.
9325.
9330.
9333.
9337.
9340.
9344.
9348.
9352.
9354.
9358.
9362.
9366.
9369.
9373.
9377.
9381.
9384.
9388.
9391.
9395.
9398.
9402.
9406.
9410.
9413.
9417.
9421.
9425.
9427.
9431.
9435.
9439.
9443.
9446.
9449.
9453.
9456.
9460.
9464.
9467.
9470.
9474.
9478.
9482.
9485.
9488.
9493.
9496.
9499.
9503.
9507.
9510.
9513.
9517.
9521.
9524.
9528.
9531.
9535.
9538.
9542.
9545.
9549.
9552.
9556.
9559.
9563.
9566.
9570.
9573.
9577.
9580.
9583.
9586.
9590.
9594.
9597.
9600.
9604.
9607.
9611.
9613.
9617.
9621.
9624.
9627.
9631.
9635.
9638.
9641.
9644.
9648.
9651.
9654.
9657.
9661.
9664.
9667.
9671.
9674.
9677.
9680.
9684.
9687.
9690.
9693.
9697.
9699.
9702.
9706.
9709.
9712.
9715.
9718.
9722.
9725.
9728.
9731.
9734.
9738.
9741.
9744.
9746.
9750.
9753.
9756.
9759.
9762.
9765.
9768.
9770.
9774.
9777.
9780.
9783.
9787.
9789.
9792.
9795.
9798.
9801.
9804.
9807.
9810.
9813.
9816.
9818.
9822.
9825.
9828.
9830.
9833.
9836.
9839.
9841.
9845.
9847.
9851.
9853.
9856.
9859.
9862.
9864.
9868.
9870.
9873.
9875.
9879.
9881.
9884.
9887.
9890.
9893.
9895.
9898.
9902.
9904.
9906.
9909.
9912.
9915.
9917.
9920.
9923.
9926.
9928.
9931.
9934.
9936.
9939.
9941.
9945.
9947.
9950.
9952.
9955.
9958.
9961.
9963.
9967.
9968.
9971.
9974.
9977.
9979.
9981.
9984.
9987.
9990.
9992.
9995.
9997.
10000.
10002.
10005.
10008.
10010.
10012.
10015.
10018.
10021.
10023.
10025.
10027.
10031.
10033.
10036.
10038.
10041.
10044.
10045.
10048.
10052.
10054.
10056.
10058.
10061.
10063.
10066.
10068.
10072.
10073.
10076.
10078.
10081.
10083.
10086.
10088.
10091.
10093.
10095.
10098.
10101.
10104.
10106.
10109.
10111.
10113.
10115.
10118.
10121.
10123.
10126.
10128.
10131.
10133.
10135.
10139.
10141.
10143.
10145.
10148.
10150.
10153.
10155.
10158.
10160.
10163.
10165.
10168.
10170.
10173.
10175.
10178.
10181.
10182.
10184.
10188.
10190.
10193.
10194.
10198.
10200.
10202.
10205.
10208.
10210.
10213.
10215.
10218.
10220.
10223.
10225.
10229.
10231.
10233.
10235.
10238.
10241.
10242.
10245.
10248.
10251.
10253.
10255.
10258.
10260.
10263.
10265.
10268.
10270.
10274.
10276.
10278.
10281.
10283.
10286.
10288.
10291.
10293.
10295.
10298.
10301.
10303.
10305.
10308.
10311.
10313.
10316.
10318.
10321.
10323.
10325.
10328.
10331.
10333.
10336.
10338.
10341.
10343.
10346.
10348.
10351.
10353.
10356.
10358.
10361.
10363.
10366.
10368.
10371.
10374.
10376.
10378.
10381.
10383.
10386.
10388.
10391.
10393.
10396.
10398.
10401.
10404.
10406.
10408.
10411.
10413.
10416.
10418.
10421.
10423.
10425.
10428.
10431.
10433.
10435.
10438.
10440.
10443.
10445.
10448.
10450.
10453.
10455.
10458.
10461.
10463.
10464.
10467.
10470.
10472.
10474.
10477.
10479.
10482.
10484.
10487.
10489.
10492.
10495.
10497.
10499.
10502.
10504.
10507.
10509.
10512.
10513.
10517.
10519.
10521.
10523.
10526.
10528.
10531.
10533.
10536.
10539.
10541.
10543.
10546.
10548.
10551.
10552.
10556.
10558.
10560.
10562.
10566.
10568.
10570.
10572.
10575.
10578.
10580.
10582.
10585.
10587.
10590.
10592.
10595.
10597.
10600.
10602.
10604.
10607.
10609.
10611.
10614.
10616.
10618.
10621.
10623.
10626.
10629.
10631.
10633.
10636.
10639.
10640.
10642.
10645.
10647.
10650.
10652.
10655.
10658.
10659.
10662.
10664.
10666.
10668.
10671.
10673.
10676.
10678.
10681.
10683.
10685.
10688.
10690.
10693.
10695.
10697.
10699.
10702.
10705.
10706.
10708.
10711.
10713.
10715.
10718.
10720.
10722.
10725.
10727.
10729.
10731.
10734.
10736.
10738.
10741.
10743.
10745.
10748.
10750.
10751.
10753.
10757.
10759.
10760.
10763.
10765.
10767.
10769.
10771.
10774.
10776.
10778.
10780.
10783.
10785.
10786.
10788.
10791.
10793.
10795.
10797.
10799.
10802.
10804.
10805.
10808.
10810.
10812.
10814.
10815.
10818.
10820.
10822.
10824.
10826.
10828.
10831.
10833.
10834.
10836.
10838.
10841.
10842.
10844.
10846.
10848.
10850.
10851.
10854.
10856.
10858.
10859.
10862.
10864.
10866.
10868.
10869.
10871.
10873.
10875.
10876.
10878.
10880.
10882.
10884.
10885.
10887.
10889.
10891.
10893.
10895.
10897.
10899.
10901.
10902.
10904.
10906.
10908.
10909.
10911.
10913.
10914.
10916.
10918.
10919.
10921.
10923.
10925.
10926.
10928.
10930.
10931.
10933.
10934.
10937.
10938.
10939.
10941.
10943.
10944.
10946.
10948.
10950.
10951.
10953.
10954.
10956.
10957.
10959.
10961.
10962.
10963.
10965.
10967.
10969.
10970.
10972.
10973.
10975.
10976.
10978.
10979.
10981.
10982.
10984.
10985.
10988.
10988.
10990.
10991.
10992.
10994.
10995.
10997.
10999.
11000.
11002.
11003.
11005.
11006.
11007.
11009.
11011.
11012.
11013.
11014.
11016.
11018.
11019.
11020.
11022.
11022.
11024.
11026.
11027.
11029.
11030.
11031.
11033.
11034.
11036.
11037.
11039.
11041.
11041.
11042.
11044.
11045.
11047.
11048.
11050.
11051.
11053.
11054.
11055.
11058.
11059.
11060.
11061.
11063.
11064.
11065.
11067.
11069.
11070.
11071.
11072.
11074.
11075.
11077.
11078.
11079.
11080.
11082.
11083.
11084.
11086.
11087.
11089.
11091.
11092.
11093.
11094.
11096.
11097.
11099.
11100.
11101.
11102.
11104.
11105.
11107.
11108.
11109.
11111.
11112.
11113.
11115.
11116.
11118.
11118.
11120.
11122.
11123.
11125.
11126.
11127.
11128.
11129.
11131.
11132.
11134.
11135.
11136.
11138.
11139.
11141.
11142.
11143.
11144.
11146.
11147.
11149.
11150.
11152.
11152.
11153.
11155.
11157.
11158.
11159.
11160.
11162.
11162.
11164.
11165.
11167.
11167.
11169.
11169.
11172.
11172.
11173.
11175.
11177.
11177.
11179.
11179.
11181.
11182.
11183.
11184.
11185.
11187.
11189.
11189.
11191.
11192.
11192.
11193.
11195.
11196.
11197.
11198.
11199.
11200.
11202.
11202.
11203.
11204.
11206.
11207.
11207.
11208.
11209.
11210.
11211.
11212.
11213.
11214.
11215.
11216.
11218.
11218.
11219.
11220.
11220.
11222.
11223.
11223.
11224.
11225.
11225.
11226.
11227.
11228.
11229.
11229.
11229.
11230.
11230.
11232.
11233.
11233.
11234.
11234.
11234.
11236.
11236.
11236.
11236.
11238.
11238.
11239.
11239.
11239.
11239.
11241.
11241.
11241.
11241.
11242.
11242.
11243.
11243.
11243.
11243.
11244.
11244.
11244.
11245.
11245.
11245.
11246.
11246.
11245.
11246.
11245.
11246.
11246.
11246.
11246.
11247.
11246.
11246.
11246.
11246.
11246.
11246.
11246.
11246.
11246.
11246.
11246.
11246.
11247.
11246.
11246.
11247.
11247.
11246.
11246.
11246.
11246.
11246.
11246.
11246.
11246.
11246.
11246.
11246.
11247.
11245.
11245.
11246.
11246.
11246.
11246.
11246.
11247.
11246.
11245.
11246.
11246.
11246.
11246.
11245.
11246.
11246.
11246.
11246.
11246.
11246.
11246.
11246.
11246.
11246.
11246.
11246.
11246.
11246.
11246.
11245.
11246.
11245.
11246.
11246.
11246.
11246.
11246.
11245.
11245.
11245.
11246.
11246.
11245.
11246.
11246.
11246.
11246.
11246.
11245.
11245.
11246.
11246.
11246.
11247.
11245.
11245.
11245.
11245.
11245.
11246.
11245.
11245.
11245.
11246.
11244.
11244.
11244.
11244.
11243.
11243.
11243.
11243.
11242.
11242.
11242.
11241.
11241.
11241.
11240.
11240.
11240.
11239.
11239.
11239.
11238.
11238.
11237.
11237.
11236.
11235.
11236.
11234.
11233.
11233.
11233.
11233.
11231.
11230.
11230.
11229.
11228.
11227.
11227.
11227.
11226.
11225.
11224.
11223.
11223.
11222.
11221.
11219.
11218.
11217.
11217.
11215.
11216.
11214.
11213.
11211.
11210.
11210.
11208.
11207.
11207.
11205.
11205.
11203.
11201.
11199.
11199.
11197.
11196.
11195.
11194.
11192.
11192.
11190.
11188.
11187.
11187.
11185.
11184.
11182.
11180.
11178.
11178.
11176.
11174.
11172.
11170.
11169.
11168.
11167.
11165.
11164.
11161.
11160.
11159.
11157.
11155.
11153.
11151.
11150.
11148.
11146.
11144.
11143.
11141.
11139.
11137.
11136.
11134.
11132.
11130.
11128.
11127.
11124.
11122.
11121.
11119.
11117.
11115.
11113.
11110.
11109.
11108.
11105.
11103.
11102.
11099.
11097.
11095.
11094.
11092.
11090.
11088.
11085.
11084.
11082.
11079.
11077.
11075.
11074.
11071.
11070.
11067.
11065.
11063.
11060.
11059.
11057.
11054.
11053.
11051.
11049.
11047.
11045.
11043.
11041.
11038.
11036.
11034.
11033.
11030.
11029.
11026.
11024.
11022.
11020.
11019.
11016.
11014.
11012.
11010.
11008.
11006.
11004.
11001.
11000.
10998.
10996.
10994.
10991.
10990.
10988.
10986.
10984.
10982.
10980.
10978.
10975.
10974.
10972.
10970.
10968.
10965.
10964.
10961.
10960.
10957.
10955.
10953.
10951.
10949.
10947.
10944.
10943.
10941.
10939.
10936.
10935.
10932.
10931.
10929.
10927.
10924.
10922.
10920.
10918.
10916.
10914.
10912.
10910.
10907.
10906.
10904.
10902.
10900.
10897.
10896.
10893.
10891.
10889.
10887.
10885.
10882.
10880.
10878.
10876.
10874.
10872.
10870.
10868.
10866.
10864.
10861.
10859.
10857.
10855.
10853.
10851.
10849.
10846.
10844.
10842.
10840.
10838.
10836.
10833.
10831.
10829.
10827.
10824.
10822.
10820.
10818.
10815.
10813.
10811.
10809.
10806.
10804.
10802.
10800.
10797.
10795.
10793.
10791.
10788.
10786.
10784.
10782.
10779.
10777.
10775.
10772.
10770.
10768.
10766.
10763.
10761.
10758.
10756.
10754.
10751.
10748.
10747.
10744.
10742.
10739.
10737.
10735.
10732.
10730.
10727.
10725.
10723.
10720.
10718.
10715.
10713.
10710.
10708.
10705.
10703.
10701.
10699.
10696.
10694.
10691.
10689.
10686.
10684.
10682.
10679.
10676.
10674.
10671.
10669.
10666.
10664.
10661.
10659.
10656.
10654.
10650.
10649.
10647.
10644.
10641.
10639.
10637.
10634.
10631.
10628.
10626.
10624.
10621.
10618.
10616.
10613.
10610.
10608.
10606.
10603.
10601.
10598.
10596.
10592.
10589.
10588.
10585.
10582.
10580.
10577.
10575.
10572.
10569.
10566.
10564.
10561.
10558.
10555.
10553.
10551.
10548.
10546.
10543.
10540.
10537.
10535.
10532.
10529.
10526.
10524.
10521.
10519.
10516.
10514.
10510.
10507.
10505.
10502.
10500.
10497.
10494.
10492.
10489.
10486.
10484.
10481.
10478.
10476.
10472.
10470.
10467.
10464.
10461.
10458.
10456.
10453.
10451.
10448.
10445.
10443.
10440.
10438.
10434.
10433.
10429.
10426.
10423.
10421.
10418.
10416.
10412.
10409.
10406.
10404.
10401.
10399.
10396.
10393.
10391.
10388.
10384.
10382.
10380.
10377.
10374.
10372.
10369.
10366.
10364.
10361.
10358.
10355.
10353.
10350.
10347.
10345.
10341.
10339.
10337.
10334.
10332.
10328.
10326.
10323.
10320.
10317.
10315.
10312.
10309.
10306.
10304.
10301.
10299.
10296.
10294.
10291.
10288.
10285.
10283.
10280.
10277.
10275.
10273.
10269.
10266.
10263.
10261.
10258.
10256.
10252.
10250.
10247.
10245.
10243.
10240.
10237.
10234.
10231.
10229.
10227.
10224.
10220.
10218.
10215.
10212.
10210.
10208.
10205.
10202.
10199.
10197.
10195.
10192.
10189.
10187.
10184.
10181.
10179.
10176.
10173.
10170.
10168.
10165.
10163.
10160.
10158.
10155.
10153.
10150.
10148.
10144.
10142.
10140.
10138.
10134.
10132.
10130.
10127.
10124.
10121.
10119.
10116.
10113.
10111.
10109.
10107.
10104.
10102.
10098.
10096.
10094.
10092.
10088.
10086.
10083.
10081.
10079.
10076.
10073.
10071.
10068.
10066.
10063.
10061.
10058.
10056.
10054.
10051.
10049.
10046.
10044.
10042.
10039.
10036.
10035.
10031.
10029.
10026.
10024.
10022.
10019.
10016.
10014.
10012.
10009.
10007.
10005.
10003.
10001.
9998.
9995.
9993.
9991.
9988.
9986.
9983.
9982.
9978.
9976.
9974.
9971.
9969.
9966.
9965.
9963.
9960.
9958.
9955.
9953.
9950.
9948.
9946.
9944.
9941.
9939.
9937.
9935.
9932.
9930.
9928.
9926.
9924.
9921.
9919.
9916.
9914.
9912.
9909.
9907.
9906.
9903.
9900.
9898.
9896.
9894.
9892.
9889.
9887.
9885.
9884.
9880.
9879.
9876.
9875.
9872.
9869.
9868.
9866.
9863.
9861.
9858.
9857.
9855.
9852.
9851.
9848.
9846.
9844.
9841.
9839.
9837.
9835.
9833.
9831.
9828.
9826.
9824.
9821.
9821.
9818.
9816.
9814.
9812.
9810.
9807.
9805.
9802.
9800.
9799.
9796.
9794.
9792.
9789.
9788.
9786.
9784.
9782.
9780.
9777.
9775.
9773.
9771.
9769.
9766.
9764.
9762.
9761.
9758.
9757.
9754.
9753.
9750.
9748.
9745.
9744.
9741.
9739.
9737.
9735.
9733.
9730.
9729.
9727.
9725.
9723.
9720.
9718.
9716.
9714.
9712.
9710.
9707.
9705.
9703.
9701.
9699.
9698.
9695.
9692.
9691.
9689.
9686.
9685.
9682.
9680.
9678.
9676.
9673.
9671.
9670.
9668.
9665.
9663.
9662.
9659.
9656.
9655.
9653.
9651.
9648.
9646.
9644.
9642.
9640.
9638.
9637.
9634.
9631.
9629.
9628.
9625.
9623.
9621.
9619.
9617.
9614.
9612.
9611.
9608.
9606.
9604.
9602.
9600.
9598.
9595.
9593.
9591.
9589.
9586.
9584.
9582.
9581.
9578.
9576.
9574.
9572.
9569.
9567.
9564.
9562.
9561.
9559.
9556.
9554.
9552.
9550.
9548.
9546.
9543.
9541.
9539.
9537.
9534.
9532.
9530.
9528.
9525.
9523.
9522.
9519.
9517.
9515.
9512.
9510.
9507.
9506.
9503.
9501.
9499.
9497.
9495.
9493.
9490.
9488.
9486.
9484.
9481.
9479.
9477.
9474.
9472.
9470.
9467.
9466.
9464.
9461.
9459.
9457.
9455.
9452.
9450.
9448.
9445.
9443.
9441.
9439.
9436.
9435.
9432.
9429.
9427.
9425.
9423.
9421.
9419.
9416.
9414.
9412.
9409.
9407.
9405.
9403.
9400.
9397.
9395.
9393.
9391.
9388.
9386.
9384.
9381.
9379.
9377.
9375.
9372.
9370.
9368.
9365.
9363.
9360.
9358.
9356.
9354.
9351.
9348.
9347.
9344.
9342.
9339.
9337.
9335.
9332.
9330.
9327.
9325.
9323.
9320.
9318.
9316.
9313.
9311.
9309.
9306.
9304.
9301.
9299.
9296.
9294.
9291.
9289.
9287.
9285.
9282.
9279.
9277.
9275.
9272.
9270.
9268.
9265.
9263.
9260.
9258.
9256.
9252.
9250.
9247.
9246.
9243.
9240.
9238.
9236.
9233.
9230.
9229.
9226.
9224.
9221.
9218.
9216.
9213.
9211.
9209.
9206.
9204.
9201.
9199.
9197.
9194.
9192.
9190.
9186.
9184.
9181.
9178.
9176.
9174.
9171.
9169.
9167.
9164.
9162.
9160.
9157.
9155.
9151.
9149.
9147.
9144.
9142.
9140.
9137.
9135.
9133.
9130.
9128.
9125.
9123.
9120.
9118.
9115.
9112.
9110.
9108.
9105.
9103.
9100.
9097.
9095.
9093.
9091.
9088.
9085.
9084.
9081.
9078.
9076.
9073.
9072.
9069.
9066.
9064.
9062.
9060.
9057.
9054.
9052.
9050.
9047.
9046.
9042.
9040.
9038.
9036.
9033.
9031.
9028.
9025.
9024.
9021.
9019.
9016.
9014.
9012.
9009.
9007.
9005.
9003.
9000.
8998.
8995.
8993.
8991.
8988.
8987.
8984.
8981.
8979.
8977.
8974.
8971.
8969.
8966.
8965.
8963.
8960.
8957.
8956.
8953.
8951.
8948.
8947.
8943.
8942.
8939.
8937.
8936.
8932.
8930.
8928.
8926.
8923.
8921.
8919.
8916.
8914.
8912.
8909.
8907.
8904.
8903.
8900.
8897.
8895.
8893.
8890.
8888.
8885.
8883.
8881.
8879.
8876.
8874.
8872.
8869.
8867.
8865.
8862.
8860.
8858.
8855.
8853.
8850.
8848.
8846.
8843.
8841.
8839.
8836.
8834.
8832.
8829.
8827.
8824.
8822.
8820.
8818.
8815.
8812.
8810.
8808.
8807.
8803.
8801.
8799.
8797.
8793.
8791.
8789.
8787.
8784.
8782.
8779.
8778.
8775.
8772.
8770.
8767.
8765.
8762.
8760.
8758.
8756.
8754.
8750.
8748.
8745.
8743.
8741.
8738.
8736.
8734.
8731.
8729.
8727.
8724.
8722.
8719.
8717.
8714.
8712.
8709.
8707.
8704.
8702.
8700.
8697.
8695.
8692.
8690.
8686.
8684.
8683.
8680.
8678.
8675.
8672.
8669.
8667.
8665.
8663.
8660.
8657.
8654.
8652.
8649.
8647.
8645.
8643.
8640.
8637.
8634.
8632.
8630.
8627.
8624.
8622.
8619.
8617.
8614.
8611.
8610.
8607.
8604.
8602.
8599.
8597.
8593.
8591.
8589.
8585.
8583.
8581.
8578.
8575.
8572.
8570.
8567.
8565.
8563.
8560.
8557.
8554.
8552.
8550.
8547.
8544.
8542.
8539.
8536.
8533.
8531.
8528.
8526.
8523.
8521.
8518.
8515.
8513.
8510.
8507.
8504.
8502.
8499.
8496.
8495.
8491.
8489.
8486.
8484.
8481.
8478.
8475.
8473.
8470.
8467.
8465.
8463.
8459.
8457.
8454.
8452.
8449.
8446.
8444.
8441.
8438.
8436.
8433.
8431.
8428.
8425.
8422.
8420.
8418.
8415.
8412.
8410.
8407.
8404.
8401.
8399.
8397.
8393.
8391.
8388.
8386.
8383.
8380.
8378.
8376.
8373.
8369.
8367.
8364.
8362.
8359.
8356.
8354.
8351.
8350.
8346.
8344.
8341.
8338.
8335.
8333.
8329.
8327.
8324.
8321.
8319.
8317.
8313.
8311.
8308.
8306.
8302.
8300.
8297.
8295.
8291.
8289.
8287.
8284.
8281.
8278.
8275.
8273.
8269.
8266.
8264.
8261.
8259.
8256.
8252.
8250.
8247.
8244.
8241.
8238.
8236.
8233.
8230.
8227.
8224.
8222.
8219.
8216.
8213.
8210.
8207.
8204.
8201.
8199.
8196.
8193.
8191.
8187.
8184.
8181.
8178.
8175.
8173.
8170.
8168.
8164.
8161.
8157.
8155.
8151.
8149.
8146.
8144.
8140.
8138.
8134.
8132.
8128.
8125.
8122.
8120.
8116.
8114.
8110.
8108.
8104.
8102.
8099.
8095.
8092.
8089.
8086.
8083.
8080.
8077.
8074.
8072.
8068.
8066.
8062.
8059.
8056.
8053.
8050.
8047.
8044.
8041.
8038.
8034.
8032.
8029.
8026.
8022.
8019.
8016.
8014.
8011.
8008.
8004.
8001.
7997.
7995.
7991.
7989.
7986.
7982.
7979.
7975.
7973.
7970.
7967.
7964.
7961.
7958.
7954.
7952.
7948.
7945.
7942.
7939.
7936.
7933.
7929.
7927.
7924.
7920.
7916.
7914.
7911.
7908.
7904.
7902.
7898.
7896.
7892.
7889.
7886.
7882.
7880.
7877.
7874.
7870.
7867.
7863.
7861.
7857.
7854.
7852.
7849.
7846.
7842.
7838.
7836.
7833.
7830.
7826.
7824.
7821.
7818.
7814.
7811.
7807.
7805.
7802.
7800.
7795.
7793.
7790.
7787.
7783.
7781.
7777.
7774.
7771.
7769.
7765.
7763.
7759.
7757.
7754.
7751.
7747.
7744.
7740.
7738.
7735.
7733.
7729.
7726.
7723.
7721.
7717.
7715.
7712.
7709.
7706.
7703.
7700.
7697.
7694.
7691.
7687.
7686.
7682.
7680.
7677.
7674.
7671.
7668.
7666.
7663.
7660.
7657.
7654.
7651.
7649.
7646.
7644.
7640.
7638.
7634.
7632.
7629.
7627.
7624.
7621.
7617.
7615.
7612.
7609.
7607.
7605.
7601.
7599.
7596.
7594.
7591.
7588.
7586.
7583.
7580.
7577.
7574.
7572.
7569.
7567.
7563.
7561.
7558.
7556.
7553.
7551.
7549.
7546.
7544.
7541.
7538.
7535.
7533.
7530.
7527.
7525.
7523.
7520.
7518.
7515.
7512.
7509.
7507.
7504.
7502.
7499.
7497.
7494.
7492.
7489.
7487.
7484.
7481.
7479.
7477.
7474.
7471.
7469.
7467.
7464.
7462.
7459.
7456.
7454.
7451.
7449.
7447.
7444.
7442.
7439.
7437.
7435.
7432.
7430.
7428.
7425.
7422.
7420.
7417.
7415.
7412.
7410.
7408.
7406.
7403.
7401.
7398.
7397.
7394.
7391.
7389.
7387.
7384.
7382.
7380.
7378.
7375.
7373.
7370.
7368.
7366.
7364.
7361.
7358.
7357.
7354.
7352.
7350.
7347.
7345.
7343.
7341.
7338.
7336.
7334.
7331.
7329.
7327.
7325.
7322.
7320.
7318.
7316.
7314.
7311.
7308.
7307.
7305.
7302.
7299.
7298.
7296.
7293.
7291.
7289.
7286.
7284.
7282.
7280.
7277.
7275.
7273.
7270.
7267.
7266.
7264.
7261.
7259.
7257.
7254.
7252.
7249.
7248.
7245.
7242.
7240.
7238.
7235.
7234.
7231.
7228.
7226.
7225.
7222.
7220.
7217.
7216.
7212.
7210.
7207.
7205.
7203.
7201.
7198.
7196.
7193.
7190.
7189.
7187.
7183.
7180.
7180.
7177.
7175.
7172.
7170.
7168.
7165.
7163.
7160.
7158.
7155.
7152.
7151.
7149.
7146.
7144.
7142.
7140.
7137.
7135.
7133.
7130.
7127.
7125.
7124.
7120.
7118.
7116.
7114.
7112.
7109.
7107.
7105.
7103.
7101.
7098.
7096.
7093.
7091.
7088.
7087.
7085.
7082.
7080.
7078.
7076.
7072.
7071.
7070.
7067.
7065.
7062.
7060.
7058.
7056.
7054.
7052.
7049.
7047.
7045.
7043.
7041.
7039.
7037.
7034.
7032.
7030.
7028.
7026.
7024.
7022.
7019.
7017.
7014.
7013.
7010.
7008.
7007.
7005.
7003.
7001.
6999.
6997.
6995.
6993.
6991.
6988.
6986.
6984.
6983.
6980.
6979.
6976.
6973.
6972.
6970.
6969.
6966.
6965.
6963.
6960.
6959.
6956.
6955.
6952.
6951.
6948.
6946.
6945.
6942.
6941.
6938.
6937.
6935.
6933.
6931.
6929.
6927.
6926.
6924.
6922.
6920.
6918.
6916.
6914.
6912.
6911.
6909.
6907.
6906.
6904.
6902.
6900.
6898.
6898.
6896.
6894.
6892.
6891.
6889.
6887.
6885.
6885.
6882.
6881.
6880.
6878.
6876.
6874.
6873.
6871.
6870.
6868.
6867.
6865.
6864.
6863.
6861.
6859.
6858.
6856.
6855.
6853.
6852.
6851.
6849.
6847.
6847.
6845.
6844.
6842.
6841.
6839.
6838.
6836.
6835.
6834.
6832.
6831.
6829.
6827.
6827.
6825.
6825.
6823.
6822.
6820.
6819.
6818.
6817.
6815.
6814.
6813.
6811.
6810.
6809.
6808.
6806.
6804.
6803.
6802.
6802.
6800.
6799.
6798.
6797.
6796.
6794.
6793.
6792.
6791.
6791.
6789.
6788.
6787.
6786.
6784.
6783.
6782.
6781.
6780.
6779.
6778.
6777.
6776.
6775.
6774.
6772.
6772.
6770.
6770.
6769.
6768.
6766.
6766.
6765.
6765.
6763.
6763.
6760.
6760.
6759.
6759.
6758.
6757.
6755.
6755.
6754.
6753.
6751.
6751.
6750.
6749.
6747.
6746.
6746.
6746.
6744.
6743.
6742.
6741.
6739.
6738.
6738.
6737.
6736.
6735.
6735.
6734.
6733.
6732.
6731.
6730.
6729.
6728.
6727.
6727.
6725.
6724.
6722.
6722.
6722.
6720.
6720.
6719.
6718.
6718.
6716.
6715.
6715.
6713.
6713.
6712.
6712.
6710.
6709.
6709.
6709.
6707.
6707.
6706.
6706.
6704.
6704.
6703.
6703.
6702.
6702.
6700.
6700.
6699.
6698.
6698.
6698.
6696.
6695.
6695.
6695.
6693.
6693.
6693.
6692.
6691.
6691.
6689.
6689.
6689.
6689.
6688.
6687.
6686.
6686.
6686.
6685.
6684.
6684.
6683.
6683.
6682.
6682.
6682.
6681.
6680.
6680.
6680.
6679.
6678.
6678.
6678.
6678.
6678.
6677.
6677.
6677.
6677.
6676.
6676.
6676.
6676.
6675.
6675.
6676.
6676.
6675.
6675.
6675.
6675.
6675.
6676.
6676.
6676.
6676.
6676.
6676.
6676.
6676.
6676.
6677.
6677.
6676.
6677.
6677.
6677.
6677.
6677.
6677.
6677.
6678.
6678.
6678.
6678.
6679.
6679.
6679.
6679.
6680.
6680.
6681.
6681.
6682.
6682.
6681.
6682.
6682.
6683.
6683.
6684.
6684.
6685.
6686.
6686.
6686.
6687.
6688.
6688.
6688.
6689.
6690.
6691.
6692.
6692.
6693.
6693.
6694.
6695.
6695.
6697.
6698.
6698.
6699.
6700.
6701.
6701.
6702.
6703.
6704.
6705.
6706.
6706.
6707.
6708.
6709.
6710.
6711.
6713.
6713.
6715.
6716.
6717.
6718.
6719.
6720.
6721.
6722.
6723.
6725.
6726.
6727.
6728.
6729.
6730.
6732.
6733.
6734.
6735.
6737.
6737.
6739.
6740.
6741.
6742.
6744.
6745.
6747.
6747.
6749.
6750.
6752.
6753.
6754.
6755.
6757.
6758.
6760.
6760.
6762.
6763.
6765.
6766.
6767.
6769.
6771.
6771.
6773.
6775.
6776.
6777.
6779.
6780.
6782.
6783.
6785.
6786.
6787.
6789.
6791.
6793.
6794.
6795.
6796.
6798.
6800.
6802.
6803.
6804.
6806.
6807.
6809.
6811.
6812.
6814.
6816.
6817.
6819.
6821.
6822.
6823.
6825.
6826.
6828.
6830.
6831.
6833.
6835.
6837.
6838.
6840.
6841.
6843.
6844.
6846.
6847.
6850.
6850.
6853.
6854.
6856.
6857.
6859.
6860.
6862.
6864.
6866.
6867.
6869.
6871.
6872.
6874.
6876.
6878.
6880.
6881.
6882.
6884.
6886.
6888.
6890.
6891.
6893.
6895.
6897.
6898.
6900.
6902.
6904.
6906.
6908.
6910.
6911.
6913.
6915.
6916.
6918.
6921.
6923.
6924.
6926.
6928.
6930.
6933.
6935.
6936.
6938.
6941.
6942.
6944.
6946.
6949.
6950.
6951.
6954.
6956.
6958.
6959.
6962.
6964.
6965.
6967.
6969.
6972.
6973.
6975.
6977.
6979.
6981.
6982.
6985.
6987.
6989.
6991.
6993.
6995.
6997.
6999.
7001.
7003.
7004.
7007.
7008.
7010.
7013.
7015.
7017.
7019.
7021.
7023.
7025.
7028.
7029.
7031.
7033.
7036.
7037.
7039.
7041.
7043.
7046.
7048.
7050.
7052.
7055.
7056.
7059.
7061.
7062.
7065.
7067.
7069.
7071.
7074.
7076.
7078.
7080.
7083.
7085.
7087.
7089.
7091.
7093.
7096.
7098.
7100.
7102.
7105.
7107.
7109.
7112.
7114.
7116.
7118.
7120.
7123.
7125.
7128.
7130.
7132.
7134.
7137.
7139.
7142.
7144.
7146.
7149.
7151.
7153.
7156.
7158.
7161.
7163.
7165.
7168.
7171.
7173.
7175.
7177.
7180.
7182.
7185.
7187.
7190.
7192.
7195.
7197.
7200.
7202.
7205.
7206.
7209.
7211.
7214.
7216.
7220.
7222.
7224.
7227.
7230.
7232.
7234.
7237.
7240.
7242.
7245.
7247.
7249.
7252.
7255.
7258.
7261.
7262.
7264.
7267.
7270.
7272.
7274.
7277.
7280.
7282.
7285.
7288.
7290.
7293.
7295.
7298.
7300.
7303.
7305.
7308.
7310.
7313.
7315.
7318.
7320.
7323.
7325.
7328.
7330.
7333.
7336.
7338.
7340.
7343.
7345.
7348.
7351.
7353.
7356.
7358.
7360.
7363.
7366.
7368.
7371.
7374.
7376.
7378.
7381.
7383.
7385.
7388.
7390.
7393.
7395.
7398.
7400.
7403.
7405.
7408.
7410.
7412.
7415.
7417.
7420.
7422.
7425.
7427.
7429.
7432.
7434.
7437.
7440.
7441.
7444.
7446.
7449.
7451.
7454.
7456.
7458.
7461.
7464.
7466.
7469.
7471.
7473.
7475.
7478.
7480.
7482.
7484.
7488.
7490.
7492.
7494.
7498.
7499.
7502.
7504.
7507.
7509.
7512.
7514.
7517.
7519.
7522.
7524.
7526.
7528.
7531.
7533.
7536.
7538.
7541.
7544.
7547.
7549.
7551.
7554.
7557.
7558.
7562.
7564.
7567.
7569.
7572.
7574.
7577.
7579.
7582.
7584.
7587.
7589.
7592.
7594.
7597.
7600.
7602.
7605.
7607.
7610.
7613.
7615.
7617.
7620.
7623.
7625.
7628.
7630.
7633.
7636.
7638.
7641.
7644.
7646.
7648.
7651.
7653.
7656.
7659.
7662.
7665.
7667.
7669.
7672.
7674.
7677.
7680.
7683.
7685.
7688.
7690.
7693.
7696.
7698.
7700.
7704.
7705.
7708.
7710.
7714.
7716.
7719.
7721.
7724.
7726.
7729.
7732.
7734.
7736.
7739.
7742.
7745.
7747.
7750.
7752.
7755.
7758.
7760.
7763.
7765.
7768.
7771.
7773.
7776.
7779.
7781.
7784.
7786.
7789.
7792.
7794.
7797.
7799.
7802.
7805.
7807.
7810.
7812.
7815.
7817.
7820.
7822.
7825.
7828.
7830.
7833.
7836.
7838.
7841.
7843.
7846.
7848.
7851.
7853.
7856.
7859.
7862.
7864.
7867.
7869.
7872.
7874.
7877.
7879.
7882.
7885.
7887.
7889.
7893.
7894.
7897.
7900.
7903.
7905.
7908.
7910.
7912.
7915.
7918.
7920.
7923.
7926.
7929.
7931.
7934.
7936.
7938.
7941.
7944.
7946.
7949.
7952.
7954.
7956.
7959.
7962.
7965.
7967.
7969.
7972.
7975.
7977.
7980.
7983.
7986.
7988.
7990.
7993.
7996.
7998.
8001.
8004.
8006.
8009.
8011.
8014.
8017.
8019.
8022.
8025.
8027.
8030.
8032.
8036.
8038.
8041.
8043.
8047.
8049.
8051.
8054.
8056.
8059.
8062.
8064.
8067.
8070.
8073.
8076.
8078.
8080.
8083.
8085.
8089.
8091.
8094.
8096.
8100.
8102.
8105.
8107.
8111.
8113.
8116.
8118.
8121.
8124.
8127.
8129.
8132.
8135.
8138.
8141.
8143.
8146.
8148.
8151.
8154.
8157.
8159.
8162.
8165.
8168.
8170.
8173.
8176.
8178.
8181.
8184.
8186.
8190.
8192.
8195.
8197.
8201.
8203.
8206.
8208.
8211.
8214.
8217.
8220.
8222.
8224.
8228.
8230.
8233.
8236.
8239.
8241.
8244.
8247.
8250.
8252.
8255.
8257.
8261.
8263.
8266.
8268.
8271.
8274.
8278.
8280.
8283.
8285.
8289.
8291.
8293.
8296.
8299.
8302.
8304.
8307.
8310.
8313.
8316.
8318.
8321.
8323.
8326.
8329.
8332.
8335.
8337.
8340.
8343.
8345.
8348.
8351.
8354.
8356.
8359.
8362.
8365.
8368.
8370.
8373.
8375.
8378.
8380.
8384.
8386.
8389.
8391.
8395.
8397.
8400.
8402.
8406.
8407.
8411.
8413.
8416.
8418.
8421.
8424.
8427.
8429.
8432.
8435.
8438.
8440.
8443.
8445.
8448.
8450.
8454.
8456.
8459.
8461.
8465.
8467.
8469.
8472.
8476.
8478.
8480.
8483.
8486.
8488.
8491.
8494.
8496.
8498.
8501.
8505.
8507.
8510.
8512.
8515.
8518.
8520.
8523.
8526.
8528.
8531.
8534.
8537.
8539.
8542.
8545.
8547.
8550.
8552.
8555.
8558.
8560.
8563.
8565.
8569.
8571.
8574.
8576.
8579.
8582.
8584.
8587.
8590.
8592.
8595.
8597.
8601.
8603.
8606.
8608.
8612.
8614.
8616.
8619.
8622.
8624.
8627.
8629.
8633.
8635.
8638.
8640.
8643.
8645.
8648.
8650.
8654.
8657.
8659.
8661.
8665.
8668.
8670.
8672.
8676.
8678.
8680.
8683.
8686.
8689.
8692.
8694.
8697.
8700.
8703.
8705.
8708.
8711.
8713.
8716.
8719.
8722.
8725.
8727.
8730.
8733.
8736.
8738.
8741.
8744.
8747.
8749.
8753.
8756.
8758.
8760.
8763.
8767.
8769.
8772.
8775.
8778.
8780.
8783.
8786.
8790.
8792.
8795.
8797.
8801.
8804.
8806.
8809.
8812.
8814.
8818.
8820.
8823.
8826.
8829.
8831.
8835.
8838.
8840.
8843.
8846.
8848.
8852.
8854.
8858.
8860.
8863.
8866.
8869.
8872.
8875.
8878.
8881.
8884.
8886.
8889.
8893.
8895.
8898.
8901.
8905.
8907.
8910.
8913.
8916.
8919.
8921.
8924.
8928.
8931.
8933.
8936.
8939.
8942.
8945.
8948.
8951.
8954.
8957.
8960.
8963.
8966.
8968.
8972.
8975.
8978.
8980.
8983.
8987.
8990.
8992.
8995.
8998.
9001.
9003.
9007.
9010.
9013.
9016.
9019.
9022.
9025.
9027.
9031.
9034.
9037.
9040.
9044.
9046.
9049.
9051.
9055.
9057.
9061.
9063.
9067.
9070.
9073.
9076.
9079.
9082.
9085.
9087.
9091.
9094.
9097.
9099.
9103.
9106.
9109.
9112.
9115.
9118.
9121.
9124.
9127.
9130.
9133.
9136.
9139.
9142.
9145.
9148.
9151.
9154.
9156.
9159.
9163.
9167.
9169.
9171.
9174.
9178.
9181.
9184.
9187.
9191.
9193.
9196.
9199.
9202.
9205.
9208.
9211.
9215.
9217.
9220.
9223.
9227.
9230.
9233.
9235.
9239.
9241.
9245.
9247.
9251.
9254.
9257.
9259.
9263.
9266.
9269.
9272.
9276.
9279.
9282.
9284.
9288.
9290.
9293.
9296.
9300.
9302.
9305.
9309.
9312.
9315.
9318.
9321.
9325.
9328.
9330.
9333.
9337.
9340.
9343.
9346.
9349.
9352.
9355.
9358.
9361.
9365.
9367.
9371.
9374.
9377.
9379.
9383.
9386.
9389.
9392.
9395.
9398.
9402.
9404.
9407.
9411.
9414.
9417.
9420.
9423.
9426.
9429.
9432.
9435.
9439.
9442.
9445.
9448.
9451.
9454.
9457.
9460.
9464.
9466.
9469.
9472.
9476.
9478.
9482.
9485.
9488.
9491.
9494.
9496.
9500.
9503.
9506.
9509.
9513.
9515.
9519.
9522.
9525.
9528.
9531.
9534.
9537.
9540.
9543.
9546.
9550.
9553.
9555.
9559.
9562.
9565.
9568.
9572.
9575.
9578.
9581.
9584.
9588.
9590.
9593.
9596.
9600.
9603.
9605.
9609.
9613.
9616.
9618.
9622.
9625.
9628.
9631.
9634.
9638.
9641.
9644.
9647.
9650.
9654.
9656.
9660.
9663.
9666.
9669.
9672.
9676.
9679.
9682.
9685.
9688.
9692.
9695.
9698.
9701.
9705.
9707.
9711.
9714.
9718.
9720.
9724.
9727.
9730.
9733.
9736.
9740.
9743.
9746.
9749.
9753.
9756.
9759.
9762.
9765.
9769.
9772.
9775.
9778.
9782.
9785.
9788.
9791.
9794.
9797.
9801.
9804.
9807.
9810.
9814.
9817.
9820.
9823.
9826.
9830.
9833.
9836.
9839.
9843.
9846.
9849.
9852.
9856.
9859.
9862.
9865.
9869.
9872.
9875.
9877.
9882.
9884.
9887.
9890.
9894.
9897.
9900.
9903.
9907.
9909.
9912.
9916.
9920.
9922.
9926.
9929.
9932.
9935.
9938.
9940.
9945.
9948.
9951.
9954.
9958.
9961.
9964.
9966.
9971.
9973.
9976.
9979.
9983.
9986.
9989.
9991.
9994.
9997.
10000.
10004.
10008.
10011.
10013.
10016.
10020.
10022.
10025.
10028.
10032.
10035.
10037.
10040.
10044.
10047.
10049.
10052.
10056.
10059.
10062.
10065.
10067.
10071.
10073.
10076.
10080.
10082.
10085.
10088.
10090.
10095.
10097.
10100.
10103.
10107.
10109.
10112.
10115.
10118.
10121.
10123.
10126.
10130.
10132.
10135.
10138.
10142.
10144.
10146.
10150.
10153.
10155.
10158.
10161.
10164.
10166.
10169.
10172.
10175.
10178.
10180.
10183.
10186.
10189.
10192.
10194.
10197.
10200.
10202.
10206.
10208.
10211.
10214.
10217.
10220.
10222.
10224.
10228.
10230.
10233.
10235.
10238.
10241.
10244.
10246.
10249.
10252.
10254.
10257.
10260.
10262.
10265.
10267.
10270.
10273.
10275.
10277.
10281.
10283.
10286.
10288.
10291.
10293.
10296.
10298.
10301.
10304.
10306.
10309.
10312.
10314.
10316.
10318.
10321.
10324.
10327.
10329.
10332.
10334.
10337.
10339.
10343.
10345.
10347.
10349.
10353.
10355.
10357.
10359.
10363.
10365.
10368.
10370.
10373.
10375.
10377.
10379.
10383.
10385.
10388.
10390.
10393.
10395.
10398.
10400.
10403.
10405.
10407.
10410.
10412.
10415.
10417.
10419.
10423.
10425.
10427.
10430.
10432.
10435.
10437.
10440.
10442.
10445.
10447.
10450.
10452.
10455.
10457.
10460.
10462.
10465.
10467.
10469.
10472.
10475.
10477.
10480.
10482.
10485.
10487.
10490.
10492.
10495.
10497.
10499.
10502.
10505.
10508.
10510.
10512.
10515.
10518.
10520.
10522.
10525.
10528.
10530.
10532.
10536.
10538.
10541.
10543.
10546.
10549.
10551.
10553.
10556.
10559.
10561.
10564.
10567.
10569.
10571.
10574.
10578.
10580.
10582.
10585.
10587.
10590.