10634.
10635.
10635.
10635.
10635.
10635.
10635.
10635.
10635.
10635.
10635.
10634.
10634.
10635.
10635.
10635.
10635.
10635.
10635.
10635.
10635.
10635.
10635.
10635.
10636.
10635.
10635.
10636.
10635.
10635.
10635.
10636.
10636.
10635.
10636.
10635.
10635.
10635.
10635.
10635.
10635.
10635.
10635.
10635.
10635.
10634.
10635.
10634.
10635.
10635.
10635.
10634.
10635.
10635.
10635.
10635.
10634.
10635.
10635.
10635.
10635.
10636.
10635.
10635.
10635.
10635.
10635.
10635.
10635.
10636.
10635.
10636.
10635.
10635.
10635.
10635.
10636.
10636.
10636.
10636.
10635.
10635.
10635.
10635.
10635.
10636.
10636.
10636.
10635.
10635.
10636.
10636.
10635.
10635.
10636.
10636.
10636.
10636.
10635.
10635.
10635.
10635.
10636.
10635.
10635.
10635.
10636.
10635.
10636.
10635.
10636.
10636.
10636.
10636.
10635.
10635.
10635.
10636.
10636.
10635.
10636.
10636.
10636.
10635.
10635.
10636.
10635.
10636.
10635.
10635.
10635.
10636.
10635.
10636.
10636.
10636.
10635.
10636.
10636.
10636.
10636.
10636.
10636.
10636.
10636.
10636.
10636.
10636.
10636.
10636.
10636.
10636.
10636.
10636.
10636.
10637.
10636.
10637.
10637.
10637.
10636.
10637.
10637.
10636.
10636.
10637.
10637.
10636.
10636.
10636.
10637.
10636.
10636.
10636.
10637.
10636.
10637.
10636.
10636.
10635.
10636.
10635.
10637.
10637.
10636.
10637.
10636.
10635.
10636.
10636.
10637.
10637.
10636.
10636.
10636.
10636.
10636.
10637.
10635.
10635.
10637.
10637.
10636.
10636.
10636.
10637.
10636.
10636.
10636.
10635.
10636.
10636.
10636.
10637.
10636.
10636.
10636.
10636.
10636.
10636.
10636.
10637.
10636.
10636.
10636.
10636.
10636.
10636.
10636.
10637.
10636.
10636.
10636.
10636.
10636.
10636.
10636.
10636.
10636.
10636.
10637.
10637.
10636.
10636.
10636.
10636.
10636.
10636.
10636.
10636.
10637.
10636.
10636.
10637.
10637.
10636.
10637.
10636.
10636.
10637.
10637.
10637.
10636.
10636.
10636.
10636.
10636.
10636.
10637.
10637.
10637.
10636.
10636.
10637.
10637.
10636.
10636.
10637.
10637.
10636.
10636.
10636.
10636.
10637.
10637.
10636.
10636.
10636.
10637.
10636.
10636.
10636.
10636.
10636.
10637.
10637.
10636.
10636.
10637.
10636.
10636.
10637.
10637.
10636.
10637.
10636.
10636.
10636.
10636.
10636.
10637.
10636.
10636.
10636.
10637.
10637.
10637.
10637.
10637.
10637.
10637.
10637.
10637.
10638.
10637.
10637.
10637.
10637.
10637.
10637.
10637.
10637.
10637.
10637.
10637.
10637.
10636.
10636.
10637.
10636.
10637.
10637.
10637.
10637.
10636.
10637.
10637.
10637.
10637.
10636.
10637.
10636.
10637.
10636.
10637.
10637.
10637.
10637.
10637.
10637.
10637.
10637.
10637.
10637.
10636.
10637.
10637.
10637.
10636.
10637.
10636.
10636.
10637.
10637.
10638.
10636.
10636.
10637.
10637.
10637.
10637.
10637.
10636.
10636.
10637.
10637.
10637.
10637.
10637.
10637.
10636.
10637.
10637.
10637.
10637.
10637.
10637.
10637.
10637.
10637.
10637.
10636.
10636.
10637.
10637.
10637.
10637.
10636.
10636.
10636.
10637.
10636.
10637.
10637.
10637.
10637.
10637.
10637.
10637.
10636.
10637.
10636.
10637.
10637.
10637.
10637.
10637.
10636.
10637.
10637.
10637.
10637.
10637.
10636.
10637.
10636.
10637.
10636.
10637.
10637.
10636.
10637.
10636.
10636.
10636.
10636.
10637.
10636.
10637.
10637.
10636.
10636.
10637.
10637.
10637.
10637.
10637.
10637.
10636.
10636.
10637.
10637.
10637.
10637.
10636.
10636.
10637.
10637.
10636.
10636.
10636.
10636.
10636.
10637.
10635.
10635.
10636.
10635.
10635.
10635.
10635.
10635.
10635.
10635.
10634.
10634.
10634.
10633.
10634.
10633.
10633.
10632.
10631.
10631.
10632.
10631.
10630.
10630.
10629.
10628.
10628.
10627.
10627.
10626.
10626.
10625.
10624.
10623.
10623.
10621.
10621.
10620.
10620.
10618.
10618.
10616.
10616.
10614.
10614.
10612.
10611.
10609.
10609.
10607.
10607.
10605.
10605.
10603.
10602.
10601.
10600.
10598.
10596.
10595.
10595.
10593.
10591.
10590.
10588.
10587.
10586.
10584.
10582.
10581.
10579.
10577.
10577.
10574.
10572.
10571.
10568.
10567.
10566.
10563.
10561.
10559.
10557.
10555.
10553.
10551.
10549.
10547.
10545.
10542.
10541.
10538.
10535.
10533.
10531.
10528.
10525.
10523.
10522.
10519.
10517.
10513.
10511.
10508.
10506.
10503.
10500.
10497.
10495.
10491.
10489.
10487.
10484.
10480.
10478.
10475.
10472.
10468.
10465.
10462.
10460.
10457.
10453.
10449.
10447.
10443.
10441.
10437.
10434.
10431.
10427.
10424.
10420.
10417.
10414.
10410.
10406.
10403.
10399.
10396.
10392.
10389.
10384.
10381.
10377.
10374.
10370.
10367.
10363.
10359.
10354.
10351.
10347.
10344.
10340.
10335.
10331.
10328.
10324.
10319.
10316.
10311.
10307.
10303.
10299.
10294.
10290.
10286.
10282.
10277.
10273.
10269.
10265.
10260.
10256.
10251.
10247.
10243.
10238.
10233.
10229.
10225.
10220.
10215.
10211.
10207.
10202.
10197.
10193.
10188.
10183.
10179.
10174.
10169.
10164.
10159.
10155.
10150.
10145.
10140.
10135.
10131.
10125.
10120.
10115.
10110.
10105.
10100.
10095.
10090.
10085.
10080.
10075.
10069.
10064.
10059.
10054.
10049.
10044.
10039.
10033.
10028.
10022.
10017.
10012.
10006.
10000.
9996.
9990.
9985.
9979.
9974.
9968.
9963.
9957.
9951.
9946.
9941.
9935.
9929.
9924.
9919.
9913.
9906.
9901.
9895.
9890.
9885.
9879.
9873.
9867.
9861.
9856.
9849.
9845.
9838.
9833.
9826.
9821.
9815.
9810.
9804.
9798.
9792.
9786.
9781.
9774.
9768.
9763.
9757.
9750.
9744.
9738.
9732.
9727.
9720.
9715.
9709.
9703.
9697.
9691.
9685.
9679.
9673.
9667.
9661.
9654.
9649.
9643.
9637.
9631.
9625.
9618.
9612.
9607.
9600.
9594.
9588.
9582.
9576.
9569.
9564.
9557.
9552.
9546.
9539.
9533.
9527.
9522.
9515.
9509.
9503.
9497.
9490.
9484.
9478.
9471.
9466.
9460.
9453.
9447.
9441.
9435.
9430.
9423.
9417.
9411.
9405.
9399.
9392.
9386.
9379.
9374.
9368.
9361.
9355.
9349.
9343.
9337.
9331.
9324.
9318.
9312.
9306.
9300.
9294.
9288.
9281.
9275.
9269.
9263.
9256.
9250.
9244.
9238.
9232.
9226.
9219.
9213.
9207.
9200.
9195.
9188.
9181.
9175.
9169.
9162.
9156.
9150.
9144.
9137.
9132.
9124.
9117.
9112.
9106.
9100.
9093.
9087.
9081.
9074.
9067.
9062.
9055.
9048.
9042.
9036.
9030.
9024.
9017.
9011.
9005.
8998.
8992.
8986.
8979.
8973.
8967.
8960.
8954.
8948.
8942.
8936.
8929.
8922.
8916.
8910.
8904.
8898.
8891.
8885.
8878.
8872.
8866.
8860.
8854.
8848.
8842.
8835.
8829.
8822.
8817.
8811.
8804.
8798.
8792.
8786.
8780.
8773.
8767.
8761.
8755.
8749.
8743.
8736.
8730.
8724.
8718.
8712.
8706.
8700.
8694.
8688.
8681.
8675.
8670.
8664.
8657.
8651.
8645.
8639.
8634.
8627.
8621.
8615.
8609.
8603.
8597.
8591.
8586.
8579.
8573.
8567.
8561.
8555.
8549.
8543.
8536.
8531.
8525.
8519.
8513.
8507.
8501.
8495.
8488.
8483.
8477.
8471.
8464.
8459.
8452.
8447.
8441.
8435.
8429.
8423.
8417.
8411.
8405.
8399.
8393.
8387.
8381.
8376.
8370.
8364.
8358.
8352.
8346.
8341.
8334.
8328.
8322.
8317.
8311.
8304.
8299.
8293.
8287.
8282.
8276.
8270.
8264.
8258.
8253.
8247.
8240.
8234.
8230.
8223.
8218.
8212.
8207.
8201.
8196.
8190.
8185.
8178.
8173.
8167.
8162.
8155.
8150.
8144.
8139.
8133.
8128.
8121.
8116.
8110.
8105.
8099.
8094.
8088.
8082.
8076.
8071.
8065.
8059.
8054.
8049.
8043.
8037.
8032.
8027.
8021.
8015.
8010.
8004.
7998.
7993.
7987.
7982.
7977.
7970.
7965.
7959.
7954.
7948.
7943.
7937.
7931.
7925.
7921.
7915.
7909.
7903.
7898.
7893.
7887.
7881.
7876.
7870.
7865.
7859.
7854.
7848.
7843.
7837.
7832.
7827.
7822.
7816.
7811.
7805.
7801.
7795.
7790.
7784.
7779.
7773.
7768.
7763.
7757.
7752.
7747.
7742.
7736.
7731.
7726.
7721.
7715.
7710.
7705.
7701.
7695.
7690.
7685.
7680.
7674.
7670.
7665.
7660.
7655.
7649.
7645.
7640.
7635.
7630.
7624.
7620.
7614.
7609.
7604.
7600.
7594.
7590.
7584.
7580.
7574.
7570.
7564.
7560.
7555.
7550.
7544.
7540.
7535.
7530.
7525.
7520.
7515.
7510.
7505.
7501.
7496.
7491.
7486.
7481.
7476.
7471.
7466.
7461.
7456.
7451.
7446.
7441.
7436.
7431.
7426.
7421.
7416.
7411.
7406.
7400.
7396.
7391.
7386.
7381.
7376.
7371.
7366.
7360.
7356.
7351.
7346.
7340.
7336.
7330.
7326.
7321.
7316.
7311.
7306.
7301.
7297.
7291.
7286.
7281.
7276.
7270.
7265.
7261.
7256.
7250.
7245.
7240.
7235.
7230.
7225.
7220.
7215.
7210.
7205.
7199.
7194.
7189.
7184.
7179.
7175.
7169.
7164.
7159.
7154.
7149.
7144.
7139.
7134.
7129.
7123.
7119.
7113.
7109.
7103.
7098.
7093.
7088.
7083.
7078.
7073.
7068.
7062.
7058.
7052.
7048.
7042.
7037.
7032.
7028.
7022.
7018.
7012.
7007.
7002.
6998.
6992.
6988.
6982.
6978.
6972.
6967.
6962.
6957.
6952.
6947.
6942.
6937.
6932.
6926.
6922.
6917.
6912.
6906.
6901.
6897.
6892.
6886.
6882.
6876.
6872.
6866.
6862.
6856.
6852.
6847.
6842.
6837.
6832.
6827.
6823.
6817.
6813.
6808.
6804.
6799.
6794.
6789.
6785.
6780.
6775.
6770.
6766.
6761.
6757.
6751.
6747.
6742.
6738.
6734.
6729.
6724.
6720.
6715.
6711.
6706.
6702.
6698.
6694.
6689.
6685.
6680.
6676.
6672.
6668.
6664.
6660.
6655.
6652.
6647.
6644.
6639.
6636.
6632.
6628.
6624.
6620.
6616.
6613.
6610.
6605.
6601.
6598.
6594.
6591.
6587.
6584.
6580.
6577.
6573.
6570.
6566.
6563.
6559.
6557.
6553.
6550.
6546.
6544.
6541.
6538.
6534.
6531.
6528.
6526.
6521.
6519.
6516.
6513.
6510.
6507.
6504.
6501.
6498.
6495.
6493.
6490.
6486.
6484.
6481.
6478.
6475.
6472.
6470.
6467.
6464.
6461.
6459.
6456.
6452.
6450.
6447.
6444.
6442.
6439.
6437.
6434.
6432.
6429.
6426.
6424.
6421.
6418.
6416.
6414.
6412.
6410.
6407.
6405.
6403.
6400.
6398.
6395.
6393.
6391.
6389.
6386.
6385.
6382.
6380.
6378.
6377.
6374.
6372.
6371.
6368.
6367.
6365.
6363.
6361.
6360.
6359.
6356.
6354.
6354.
6352.
6350.
6349.
6348.
6346.
6346.
6344.
6342.
6340.
6340.
6339.
6337.
6336.
6335.
6334.
6333.
6332.
6331.
6330.
6329.
6328.
6327.
6326.
6325.
6324.
6324.
6322.
6322.
6321.
6320.
6320.
6319.
6319.
6317.
6317.
6316.
6316.
6315.
6315.
6313.
6313.
6313.
6312.
6312.
6313.
6311.
6311.
6312.
6311.
6311.
6311.
6309.
6309.
6309.
6309.
6309.
6309.
6310.
6310.
6309.
6309.
6309.
6310.
6310.
6310.
6310.
6310.
6309.
6310.
6309.
6309.
6309.
6309.
6310.
6309.
6310.
6310.
6309.
6310.
6310.
6310.
6309.
6310.
6310.
6310.
6310.
6309.
6310.
6310.
6311.
6310.
6311.
6310.
6309.
6310.
6310.
6310.
6311.
6310.
6309.
6310.
6310.
6310.
6310.
6310.
6311.
6310.
6310.
6310.
6310.
6310.
6310.
6310.
6310.
6310.
6310.
6310.
6310.
6310.
6310.
6311.
6311.
6310.
6310.
6311.
6310.
6310.
6310.
6311.
6310.
6311.
6310.
6311.
6311.
6310.
6310.
6311.
6310.
6310.
6310.
6311.
6310.
6309.
6310.
6311.
6311.
6310.
6310.
6311.
6310.
6311.
6310.
6309.
6310.
6310.
6311.
6310.
6310.
6310.
6310.
6311.
6310.
6310.
6310.
6310.
6311.
6311.
6310.
6311.
6311.
6310.
6310.
6311.
6310.
6311.
6311.
6311.
6310.
6310.
6310.
6310.
6311.
6310.
6311.
6311.
6311.
6310.
6311.
6311.
6311.
6311.
6310.
6311.
6311.
6311.
6311.
6311.
6311.
6310.
6311.
6311.
6311.
6311.
6310.
6311.
6311.
6311.
6311.
6311.
6312.
6311.
6310.
6311.
6310.
6311.
6310.
6311.
6311.
6311.
6312.
6311.
6311.
6311.
6311.
6311.
6311.
6311.
6311.
6311.
6312.
6311.
6311.
6312.
6312.
6312.
6311.
6312.
6312.
6313.
6313.
6313.
6313.
6313.
6313.
6314.
6314.
6313.
6313.
6313.
6314.
6314.
6314.
6315.
6314.
6315.
6315.
6314.
6314.
6314.
6315.
6315.
6315.
6314.
6315.
6314.
6316.
6316.
6315.
6315.
6315.
6314.
6315.
6314.
6315.
6314.
6315.
6315.
6315.
6315.
6314.
6316.
6315.
6314.
6315.
6315.
6315.
6316.
6315.
6314.
6315.
6314.
6315.
6315.
6315.
6315.
6315.
6314.
6315.
6315.
6314.
6314.
6315.
6315.
6315.
6316.
6315.
6315.
6315.
6315.
6315.
6316.
6314.
6315.
6315.
6314.
6315.
6315.
6314.
6314.
6315.
6315.
6315.
6315.
6315.
6315.
6316.
6315.
6314.
6315.
6314.
6315.
6315.
6315.
6315.
6315.
6314.
6315.
6316.
6315.
6314.
6315.
6316.
6315.
6315.
6315.
6315.
6315.
6315.
6315.
6315.
6316.
6315.
6315.
6315.
6315.
6315.
6314.
6314.
6315.
6315.
6315.
6316.
6315.
6315.
6315.
6315.
6315.
6315.
6316.
6315.
6315.
6316.
6314.
6315.
6315.
6315.
6315.
6315.
6315.
6316.
6316.
6316.
6316.
6316.
6316.
6316.
6317.
6317.
6318.
6318.
6318.
6318.
6318.
6318.
6318.
6319.
6319.
6320.
6320.
6321.
6320.
6321.
6321.
6322.
6322.
6323.
6323.
6324.
6324.
6324.
6324.
6326.
6325.
6327.
6327.
6328.
6328.
6329.
6330.
6330.
6331.
6332.
6332.
6334.
6334.
6335.
6335.
6337.
6338.
6339.
6339.
6340.
6341.
6342.
6343.
6345.
6345.
6347.
6347.
6348.
6349.
6351.
6352.
6353.
6354.
6355.
6356.
6358.
6358.
6360.
6362.
6363.
6364.
6365.
6367.
6369.
6370.
6371.
6372.
6374.
6375.
6377.
6378.
6380.
6382.
6383.
6384.
6386.
6388.
6389.
6391.
6392.
6394.
6395.
6397.
6399.
6402.
6402.
6404.
6406.
6409.
6410.
6412.
6413.
6416.
6417.
6419.
6421.
6423.
6425.
6427.
6428.
6430.
6433.
6435.
6436.
6439.
6442.
6443.
6445.
6447.
6450.
6452.
6454.
6456.
6458.
6461.
6463.
6465.
6468.
6470.
6472.
6474.
6477.
6479.
6482.
6484.
6486.
6489.
6491.
6494.
6497.
6499.
6502.
6505.
6506.
6509.
6512.
6515.
6518.
6520.
6523.
6526.
6529.
6532.
6534.
6538.
6540.
6543.
6546.
6550.
6552.
6555.
6558.
6561.
6564.
6567.
6570.
6574.
6577.
6580.
6583.
6588.
6590.
6593.
6596.
6601.
6603.
6606.
6610.
6615.
6618.
6621.
6624.
6629.
6632.
6636.
6639.
6643.
6647.
6651.
6654.
6658.
6662.
6666.
6671.
6675.
6678.
6682.
6686.
6690.
6694.
6699.
6703.
6707.
6711.
6715.
6719.
6724.
6729.
6733.
6737.
6741.
6746.
6751.
6755.
6760.
6764.
6769.
6773.
6778.
6783.
6787.
6791.
6796.
6801.
6806.
6810.
6815.
6821.
6825.
6830.
6835.
6840.
6844.
6849.
6854.
6859.
6864.
6869.
6875.
6880.
6884.
6889.
6894.
6899.
6904.
6909.
6915.
6919.
6925.
6930.
6936.
6940.
6946.
6950.
6956.
6961.
6967.
6972.
6978.
6983.
6989.
6994.
6999.
7004.
7010.
7016.
7021.
7026.
7031.
7038.
7043.
7048.
7054.
7059.
7065.
7070.
7076.
7082.
7088.
7092.
7098.
7104.
7110.
7115.
7121.
7126.
7132.
7138.
7144.
7149.
7155.
7161.
7167.
7173.
7178.
7183.
7189.
7196.
7201.
7206.
7213.
7219.
7225.
7230.
7236.
7243.
7248.
7253.
7260.
7265.
7271.
7278.
7283.
7290.
7295.
7301.
7308.
7313.
7319.
7326.
7331.
7337.
7343.
7349.
7355.
7361.
7367.
7373.
7380.
7385.
7391.
7398.
7404.
7409.
7416.
7422.
7428.
7434.
7440.
7446.
7452.
7459.
7464.
7470.
7477.
7484.
7488.
7495.
7501.
7507.
7513.
7519.
7526.
7532.
7538.
7544.
7551.
7557.
7563.
7569.
7575.
7581.
7587.
7594.
7600.
7607.
7612.
7619.
7624.
7632.
7637.
7643.
7651.
7657.
7663.
7669.
7676.
7682.
7688.
7695.
7701.
7707.
7714.
7720.
7726.
7733.
7738.
7745.
7752.
7758.
7765.
7771.
7778.
7784.
7791.
7797.
7803.
7810.
7816.
7822.
7829.
7836.
7841.
7849.
7856.
7861.
7868.
7875.
7880.
7887.
7893.
7901.
7908.
7913.
7920.
7926.
7932.
7939.
7946.
7952.
7959.
7965.
7972.
7978.
7985.
7992.
7998.
8005.
8010.
8018.
8024.
8031.
8037.
8044.
8051.
8057.
8063.
8071.
8077.
8084.
8090.
8097.
8103.
8111.
8117.
8124.
8130.
8137.
8143.
8151.
8157.
8164.
8171.
8177.
8184.
8192.
8198.
8204.
8211.
8218.
8225.
8232.
8238.
8245.
8252.
8259.
8265.
8273.
8279.
8286.
8293.
8300.
8307.
8314.
8320.
8327.
8334.
8341.
8349.
8355.
8362.
8370.
8376.
8382.
8390.
8397.
8404.
8410.
8418.
8425.
8432.
8439.
8446.
8453.
8460.
8467.
8475.
8481.
8489.
8495.
8502.
8509.
8517.
8523.
8532.
8539.
8545.
8552.
8560.
8566.
8574.
8581.
8588.
8596.
8602.
8608.
8616.
8623.
8631.
8638.
8645.
8651.
8658.
8666.
8673.
8680.
8688.
8695.
8702.
8708.
8715.
8722.
8730.
8737.
8744.
8751.
8759.
8765.
8772.
8780.
8787.
8794.
8802.
8808.
8815.
8822.
8830.
8837.
8844.
8850.
8858.
8865.
8872.
8879.
8886.
8893.
8900.
8907.
8913.
8921.
8928.
8935.
8942.
8949.
8956.
8963.
8969.
8977.
8984.
8992.
8998.
9005.
9012.
9019.
9025.
9033.
9040.
9047.
9054.
9061.
9068.
9075.
9081.
9088.
9095.
9103.
9110.
9115.
9123.
9130.
9136.
9143.
9149.
9157.
9164.
9171.
9177.
9185.
9192.
9198.
9205.
9212.
9217.
9225.
9230.
9238.
9245.
9252.
9258.
9266.
9272.
9279.
9286.
9292.
9298.
9306.
9313.
9319.
9325.
9332.
9338.
9346.
9352.
9359.
9365.
9372.
9378.
9385.
9391.
9397.
9404.
9412.
9418.
9423.
9430.
9436.
9443.
9450.
9456.
9462.
9469.
9476.
9481.
9488.
9494.
9500.
9507.
9513.
9520.
9526.
9532.
9538.
9545.
9551.
9557.
9563.
9569.
9576.
9582.
9588.
9594.
9601.
9607.
9612.
9619.
9625.
9630.
9636.
9642.
9648.
9655.
9661.
9667.
9673.
9678.
9684.
9690.
9697.
9702.
9709.
9713.
9720.
9725.
9731.
9736.
9742.
9748.
9754.
9760.
9766.
9771.
9777.
9783.
9788.
9793.
9799.
9804.
9810.
9816.
9821.
9826.
9833.
9837.
9843.
9849.
9854.
9860.
9865.
9870.
9876.
9881.
9886.
9892.
9898.
9903.
9907.
9912.
9918.
9923.
9928.
9934.
9938.
9943.
9948.
9954.
9959.
9964.
9969.
9974.
9979.
9984.
9989.
9993.
9998.
10003.
10008.
10013.
10017.
10022.
10028.
10032.
10037.
10042.
10046.
10051.
10054.
10060.
10065.
10069.
10073.
10078.
10083.
10087.
10091.
10096.
10099.
10105.
10109.
10114.
10118.
10122.
10126.
10130.
10134.
10140.
10143.
10148.
10152.
10156.
10160.
10165.
10169.
10172.
10177.
10180.
10185.
10189.
10193.
10196.
10200.
10205.
10209.
10212.
10216.
10221.
10225.
10228.
10231.
10236.
10239.
10243.
10247.
10251.
10254.
10257.
10261.
10266.
10269.
10271.
10276.
10280.
10283.
10286.
10289.
10294.
10297.
10300.
10304.
10308.
10311.
10314.
10316.
10321.
10324.
10327.
10330.
10334.
10337.
10340.
10343.
10347.
10349.
10352.
10355.
10359.
10362.
10365.
10367.
10372.
10375.
10377.
10380.
10383.
10385.
10388.
10390.
10395.
10397.
10400.
10403.
10406.
10408.
10411.
10413.
10417.
10419.
10421.
10424.
10427.
10429.
10431.
10434.
10437.
10439.
10441.
10444.
10447.
10449.
10451.
10454.
10457.
10459.
10461.
10463.
10465.
10468.
10469.
10471.
10473.
10476.
10478.
10480.
10482.
10484.
10486.
10488.
10490.
10492.
10494.
10496.
10497.
10500.
10502.
10503.
10505.
10507.
10509.
10510.
10512.
10514.
10517.
10517.
10519.
10521.
10522.
10524.
10525.
10527.
10529.
10529.
10531.
10533.
10534.
10536.
10538.
10539.
10540.
10542.
10544.
10545.
10546.
10547.
10548.
10549.
10551.
10552.
10553.
10554.
10556.
10556.
10558.
10558.
10560.
10561.
10562.
10563.
10565.
10566.
10567.
10568.
10569.
10570.
10570.
10571.
10571.
10573.
10573.
10575.
10576.
10576.
10576.
10578.
10578.
10579.
10580.
10580.
10582.
10581.
10582.
10583.
10583.
10584.
10584.
10585.
10585.
10585.
10585.
10587.
10587.
10587.
10587.
10588.
10587.
10588.
10588.
10589.
10588.
10590.
10590.
10589.
10590.
10590.
10590.
10590.
10590.
10590.
10591.
10590.
10590.
10590.
10590.
10590.
10590.
10590.
10590.
10590.
10590.
10590.
10590.
10591.
10590.
10589.
10590.
10590.
10590.
10591.
10590.
10590.
10590.
10589.
10590.
10590.
10590.
10590.
10590.
10590.
10589.
10589.
10590.
10589.
10589.
10590.
10590.
10590.
10589.
10589.
10590.
10589.
10590.
10590.
10590.
10590.
10590.
10589.
10590.
10589.
10590.
10590.
10590.
10590.
10589.
10589.
10590.
10589.
10590.
10590.
10589.
10590.
10589.
10589.
10590.
10590.
10589.
10590.
10589.
10589.
10590.
10590.
10589.
10589.
10590.
10589.
10589.
10589.
10589.
10589.
10589.
10589.
10590.
10589.
10589.
10589.
10590.
10589.
10589.
10589.
10589.
10589.
10588.
10589.
10589.
10589.
10589.
10589.
10590.
10589.
10589.
10589.
10589.
10589.
10589.
10590.
10589.
10589.
10589.
10589.
10590.
10589.
10588.
10589.
10589.
10589.
10589.
10589.
10589.
10589.
10589.
10589.
10590.
10589.
10589.
10590.
10590.
10589.
10589.
10590.
10589.
10589.
10589.
10589.
10589.
10589.
10589.
10589.
10589.
10589.
10589.
10589.
10589.
10588.
10589.
10589.
10589.
10589.
10589.
10589.
10589.
10589.
10589.
10590.
10589.
10588.
10589.
10589.
10589.
10589.
10589.
10588.
10589.
10588.
10589.
10588.
10589.
10589.
10588.
10589.
10589.
10589.
10589.
10589.
10589.
10589.
10589.
10589.
10589.
10589.
10588.
10589.
10589.
10589.
10589.
10589.
10589.
10589.
10588.
10588.
10589.
10588.
10589.
10589.
10588.
10588.
10588.
10588.
10588.
10588.
10588.
10588.
10588.
10588.
10587.
10588.
10587.
10588.
10587.
10587.
10587.
10587.
10587.
10587.
10587.
10587.
10588.
10587.
10587.
10587.
10586.
10587.
10587.
10587.
10588.
10587.
10586.
10587.
10586.
10587.
10586.
10586.
10586.
10586.
10587.
10586.
10586.
10586.
10586.
10586.
10586.
10586.
10587.
10586.
10586.
10586.
10585.
10586.
10585.
10585.
10586.
10585.
10585.
10585.
10585.
10584.
10584.
10584.
10584.
10583.
10583.
10583.
10583.
10583.
10583.
10583.
10582.
10583.
10582.
10582.
10582.
10582.
10582.
10581.
10581.
10581.
10581.
10581.
10581.
10580.
10580.
10579.
10579.
10579.
10578.
10578.
10578.
10576.
10576.
10576.
10576.
10576.
10575.
10574.
10574.
10573.
10572.
10572.
10571.
10571.
10570.
10570.
10569.
10568.
10568.
10567.
10566.
10566.
10564.
10565.
10563.
10563.
10560.
10560.
10560.
10559.
10556.
10556.
10556.
10555.
10553.
10552.
10551.
10550.
10549.
10548.
10547.
10546.
10544.
10543.
10542.
10540.
10539.
10539.
10537.
10535.
10533.
10533.
10530.
10528.
10527.
10526.
10524.
10522.
10521.
10519.
10518.
10515.
10514.
10512.
10511.
10509.
10506.
10504.
10503.
10502.
10499.
10496.
10495.
10494.
10491.
10490.
10487.
10484.
10483.
10481.
10479.
10477.
10474.
10472.
10470.
10468.
10465.
10463.
10460.
10458.
10456.
10454.
10451.
10449.
10446.
10444.
10441.
10439.
10435.
10433.
10431.
10428.
10426.
10423.
10420.
10418.
10414.
10412.
10410.
10406.
10404.
10401.
10398.
10395.
10392.
10389.
10387.
10383.
10381.
10378.
10375.
10372.
10369.
10366.
10363.
10360.
10357.
10353.
10351.
10347.
10345.
10341.
10337.
10335.
10332.
10329.
10325.
10321.
10318.
10315.
10312.
10308.
10305.
10301.
10299.
10295.
10291.
10287.
10285.
10281.
10277.
10273.
10270.
10266.
10262.
10258.
10256.
10251.
10248.
10244.
10240.
10236.
10232.
10228.
10224.
10221.
10217.
10213.
10209.
10205.
10201.
10197.
10194.
10189.
10185.
10182.
10178.
10173.
10168.
10165.
10161.
10156.
10152.
10148.
10144.
10140.
10136.
10131.
10127.
10122.
10118.
10114.
10110.
10106.
10101.
10096.
10092.
10088.
10084.
10079.
10075.
10070.
10065.
10061.
10057.
10052.
10048.
10042.
10038.
10033.
10028.
10024.
10020.
10015.
10010.
10005.
10000.
9995.
9990.
9985.
9981.
9976.
9970.
9965.
9961.
9956.
9950.
9946.
9940.
9936.
9931.
9926.
9920.
9915.
9910.
9905.
9900.
9895.
9889.
9884.
9878.
9874.
9868.
9863.
9857.
9852.
9846.
9841.
9835.
9830.
9824.
9819.
9813.
9808.
9802.
9797.
9790.
9786.
9779.
9774.
9768.
9763.
9757.
9752.
9746.
9739.
9733.
9728.
9722.
9716.
9710.
9704.
9699.
9692.
9686.
9680.
9674.
9668.
9662.
9655.
9650.
9644.
9638.
9632.
9626.
9619.
9613.
9607.
9601.
9594.
9588.
9582.
9575.
9569.
9563.
9557.
9550.
9544.
9538.
9532.
9525.
9519.
9512.
9506.
9500.
9494.
9486.
9480.
9473.
9467.
9460.
9454.
9448.
9441.
9434.
9428.
9422.
9415.
9408.
9402.
9396.
9389.
9381.
9376.
9368.
9362.
9356.
9349.
9341.
9335.
9329.
9322.
9317.
9309.
9302.
9295.
9289.
9282.
9276.
9269.
9262.
9256.
9249.
9242.
9235.
9229.
9222.
9215.
9208.
9201.
9195.
9188.
9181.
9174.
9169.
9161.
9154.
9147.
9141.
9134.
9127.
9120.
9113.
9106.
9099.
9093.
9086.
9080.
9073.
9066.
9059.
9051.
9045.
9039.
9031.
9025.
9018.
9010.
9004.
8997.
8990.
8983.
8976.
8970.
8963.
8956.
8949.
8942.
8936.
8929.
8922.
8916.
8908.
8902.
8894.
8888.
8881.
8875.
8867.
8860.
8854.
8847.
8840.
8834.
8826.
8820.
8813.
8806.
8799.
8792.
8785.
8779.
8771.
8765.
8758.
8751.
8744.
8738.
8731.
8724.
8718.
8711.
8703.
8697.
8690.
8683.
8676.
8670.
8663.
8656.
8649.
8643.
8636.
8629.
8622.
8616.
8610.
8603.
8595.
8589.
8583.
8575.
8568.
8561.
8555.
8548.
8542.
8535.
8528.
8521.
8514.
8508.
8502.
8495.
8489.
8481.
8474.
8467.
8461.
8454.
8448.
8441.
8434.
8428.
8421.
8414.
8408.
8402.
8395.
8388.
8382.
8375.
8368.
8362.
8355.
8349.
8342.
8336.
8329.
8322.
8316.
8310.
8303.
8296.
8290.
8284.
8277.
8271.
8264.
8258.
8251.
8245.
8239.
8233.
8225.
8219.
8213.
8207.
8200.
8194.
8187.
8180.
8175.
8169.
8162.
8155.
8150.
8144.
8137.
8131.
8124.
8117.
8112.
8105.
8099.
8093.
8086.
8080.
8074.
8068.
8061.
8055.
8049.
8042.
8036.
8030.
8025.
8018.
8012.
8005.
7999.
7993.
7987.
7981.
7974.
7968.
7963.
7956.
7950.
7944.
7939.
7932.
7925.
7920.
7914.
7907.
7901.
7895.
7889.
7883.
7877.
7871.
7865.
7859.
7853.
7847.
7841.
7835.
7828.
7823.
7817.
7811.
7805.
7799.
7793.
7788.
7782.
7776.
7770.
7765.
7758.
7753.
7747.
7741.
7735.
7730.
7724.
7718.
7712.
7706.
7701.
7696.
7689.
7684.
7678.
7673.
7667.
7661.
7655.
7650.
7645.
7639.
7633.
7628.
7622.
7617.
7612.
7606.
7600.
7595.
7589.
7584.
7579.
7573.
7568.
7562.
7557.
7552.
7547.
7541.
7536.
7530.
7525.
7520.
7515.
7510.
7505.
7499.
7494.
7488.
7484.
7478.
7473.
7468.
7463.
7458.
7453.
7447.
7442.
7437.
7432.
7427.
7422.
7417.
7412.
7407.
7402.
7397.
7392.
7386.
7381.
7377.
7371.
7367.
7362.
7357.
7352.
7347.
7342.
7337.
7332.
7327.
7323.
7318.
7313.
7308.
7303.
7298.
7293.
7289.
7284.
7279.
7274.
7270.
7264.
7260.
7255.
7250.
7245.
7241.
7236.
7233.
7227.
7222.
7217.
7213.
7208.
7204.
7199.
7195.
7189.
7185.
7180.
7176.
7171.
7166.
7161.
7157.
7152.
7147.
7143.
7140.
7134.
7130.
7125.
7120.
7116.
7112.
7107.
7102.
7098.
7093.
7089.
7085.
7081.
7076.
7072.
7067.
7062.
7058.
7054.
7049.
7045.
7041.
7036.
7032.
7029.
7024.
7020.
7015.
7012.
7007.
7003.
6999.
6995.
6991.
6987.
6982.
6978.
6975.
6970.
6966.
6962.
6959.
6954.
6950.
6946.
6943.
6939.
6935.
6931.
6927.
6924.
6920.
6916.
6912.
6908.
6906.
6902.
6898.
6894.
6890.
6887.
6884.
6881.
6877.
6874.
6870.
6867.
6863.
6860.
6856.
6853.
6850.
6847.
6843.
6840.
6836.
6834.
6830.
6827.
6824.
6821.
6818.
6815.
6812.
6809.
6805.
6803.
6800.
6798.
6794.
6792.
6789.
6787.
6783.
6780.
6777.
6775.
6772.
6769.
6766.
6764.
6761.
6759.
6756.
6753.
6751.
6748.
6745.
6743.
6741.
6738.
6735.
6733.
6731.
6728.
6726.
6723.
6722.
6719.
6716.
6714.
6712.
6709.
6707.
6705.
6702.
6700.
6698.
6696.
6693.
6691.
6689.
6687.
6685.
6682.
6681.
6678.
6677.
6674.
6672.
6670.
6668.
6666.
6663.
6662.
6659.
6658.
6656.
6655.
6653.
6651.
6648.
6648.
6645.
6645.
6643.
6641.
6638.
6638.
6636.
6634.
6633.
6632.
6630.
6628.
6627.
6625.
6623.
6622.
6621.
6619.
6618.
6618.
6616.
6614.
6612.
6611.
6610.
6608.
6608.
6606.
6605.
6604.
6603.
6602.
6601.
6599.
6598.
6597.
6597.
6596.
6595.
6595.
6593.
6592.
6592.
6590.
6590.
6589.
6588.
6588.
6588.
6587.
6587.
6586.
6585.
6585.
6585.
6584.
6584.
6584.
6583.
6583.
6583.
6582.
6582.
6582.
6582.
6582.
6583.
6581.
6581.
6582.
6582.
6582.
6582.
6581.
6582.
6582.
6582.
6582.
6582.
6581.
6582.
6582.
6582.
6582.
6582.
6582.
6582.
6583.
6582.
6582.
6582.
6583.
6582.
6582.
6582.
6583.
6582.
6581.
6582.
6581.
6582.
6583.
6582.
6581.
6583.
6582.
6583.
6583.
6582.
6583.
6582.
6582.
6582.
6582.
6582.
6583.
6582.
6583.
6582.
6582.
6583.
6582.
6583.
6582.
6582.
6582.
6583.
6583.
6583.
6583.
6582.
6582.
6582.
6582.
6582.
6583.
6582.
6582.
6582.
6582.
6582.
6582.
6582.
6582.
6582.
6582.
6582.
6583.
6583.
6583.
6582.
6583.
6583.
6583.
6582.
6583.
6583.
6582.
6583.
6583.
6583.
6583.
6582.
6583.
6582.
6583.
6583.
6582.
6582.
6583.
6583.
6583.
6583.
6583.
6582.
6583.
6582.
6583.
6583.
6583.
6583.
6583.
6584.
6583.
6582.
6583.
6583.
6583.
6583.
6583.
6583.
6583.
6583.
6583.
6584.
6583.
6583.
6583.
6583.
6583.
6583.
6584.
6583.
6584.
6584.
6583.
6583.
6583.
6583.
6583.
6583.
6583.
6583.
6583.
6583.
6583.
6583.
6584.
6583.
6583.
6583.
6583.
6583.
6583.
6583.
6582.
6583.
6582.
6583.
6583.
6583.
6583.
6583.
6583.
6583.
6583.
6583.
6584.
6583.
6583.
6583.
6583.
6583.
6583.
6583.
6583.
6583.
6583.
6583.
6582.
6583.
6583.
6583.
6584.
6583.
6583.
6583.
6583.
6583.
6584.
6583.
6583.
6583.
6584.
6584.
6584.
6583.
6583.
6584.
6583.
6584.
6584.
6583.
6583.
6584.
6583.
6583.
6584.
6583.
6583.
6583.
6584.
6584.
6584.
6584.
6585.
6584.
6584.
6584.
6584.
6585.
6585.
6586.
6585.
6586.
6586.
6586.
6586.
6586.
6587.
6587.
6587.
6588.
6587.
6587.
6587.
6587.
6588.
6587.
6588.
6589.
6588.
6588.
6589.
6589.
6589.
6589.
6589.
6589.
6589.
6589.
6589.
6589.
6589.
6590.
6589.
6589.
6589.
6589.
6589.
6589.
6589.
6589.
6590.
6589.
6590.
6589.
6590.
6590.
6590.
6589.
6589.
6589.
6589.
6589.
6589.
6589.
6589.
6589.
6590.
6589.
6589.
6589.
6589.
6590.
6590.
6589.
6590.
6589.
6589.
6589.
6590.
6590.
6590.
6590.
6589.
6589.
6590.
6589.
6590.
6589.
6589.
6590.
6589.
6589.
6590.
6589.
6589.
6590.
6589.
6589.
6589.
6590.
6590.
6589.
6589.
6589.
6590.
6590.
6590.
6590.
6591.
6589.
6590.
6590.
6590.
6591.
6591.
6592.
6592.
6592.
6592.
6592.
6593.
6593.
6594.
6593.
6594.
6594.
6595.
6596.
6596.
6597.
6597.
6598.
6598.
6598.
6599.
6599.
6601.
6602.
6602.
6604.
6604.
6605.
6606.
6607.
6607.
6608.
6609.
6610.
6611.
6612.
6613.
6615.
6615.
6616.
6617.
6618.
6620.
6620.
6622.
6623.
6625.
6625.
6627.
6628.
6629.
6630.
6632.
6633.
6636.
6637.
6638.
6639.
6641.
6642.
6644.
6646.
6647.
6648.
6650.
6653.
6654.
6656.
6657.
6659.
6661.
6663.
6665.
6666.
6668.
6670.
6672.
6675.
6676.
6678.
6680.
6682.
6684.
6687.
6689.
6690.
6693.
6695.
6698.
6700.
6702.
6704.
6706.
6709.
6711.
6713.
6716.
6718.
6721.
6723.
6726.
6728.
6731.
6734.
6736.
6739.
6741.
6743.
6747.
6749.
6753.
6755.
6758.
6761.
6764.
6766.
6769.
6772.
6776.
6778.
6781.
6783.
6788.
6790.
6793.
6796.
6800.
6803.
6806.
6809.
6813.
6816.
6820.
6822.
6826.
6830.
6834.
6837.
6841.
6844.
6848.
6851.
6855.
6859.
6863.
6866.
6871.
6875.
6878.
6882.
6886.
6891.
6895.
6898.
6903.
6908.
6911.
6915.
6920.
6925.
6929.
6933.
6938.
6942.
6946.
6951.
6955.
6960.
6965.
6969.
6974.
6979.
6983.
6988.
6993.
6998.
7003.
7007.
7013.
7018.
7023.
7027.
7033.
7037.
7043.
7048.
7054.
7058.
7064.
7069.
7075.
7080.
7086.
7091.
7097.
7102.
7108.
7113.
7119.
7124.
7130.
7135.
7142.
7146.
7153.
7158.
7164.
7170.
7176.
7182.
7188.
7193.
7199.
7207.
7212.
7219.
7225.
7231.
7237.
7244.
7250.
7256.
7262.
7269.
7276.
7281.
7288.
7295.
7301.
7308.
7315.
7321.
7328.
7335.
7342.
7349.
7355.
7362.
7369.
7376.
7382.
7390.
7396.
7404.
7410.
7417.
7425.
7431.
7438.
7446.
7453.
7460.
7467.
7474.
7482.
7488.
7496.
7503.
7511.
7518.
7525.
7531.
7540.
7546.
7554.
7560.
7569.
7575.
7584.
7590.
7599.
7606.
7613.
7621.
7629.
7636.
7644.
7651.
7658.
7666.
7674.
7680.
7688.
7697.
7704.
7712.
7720.
7727.
7735.
7743.
7750.
7758.
7766.
7774.
7781.
7789.
7798.
7805.
7813.
7821.
7828.
7836.
7845.
7852.
7859.
7868.
7876.
7883.
7891.
7899.
7907.
7915.
7924.
7931.
7939.
7947.
7955.
7963.
7970.
7979.
7987.
7994.
8003.
8011.
8019.
8027.
8035.
8043.
8051.
8059.
8067.
8074.
8083.
8091.
8099.
8107.
8115.
8122.
8131.
8139.
8147.
8154.
8163.
8171.
8179.
8187.
8195.
8203.
8211.
8220.
8227.
8235.
8243.
8251.
8259.
8268.
8275.
8283.
8291.
8299.
8307.
8315.
8323.
8331.
8340.
8348.
8355.
8363.
8372.
8381.
8388.
8396.
8404.
8412.
8420.
8429.
8436.
8444.
8451.
8459.
8467.
8475.
8483.
8491.
8499.
8507.
8515.
8523.
8531.
8539.
8547.
8555.
8563.
8571.
8578.
8586.
8595.
8603.
8609.
8617.
8626.
8633.
8641.
8649.
8657.
8665.
8672.
8680.
8689.
8696.
8703.
8711.
8720.
8727.
8735.
8743.
8751.
8759.
8766.
8773.
8781.
8789.
8797.
8804.
8811.
8820.
8828.
8835.
8842.
8850.
8857.
8865.
8873.
8880.
8888.
8895.
8903.
8910.
8918.
8926.
8934.
8941.
8948.
8955.
8964.
8971.
8978.
8985.
8994.
9001.
9008.
9016.
9024.
9030.
9038.
9044.
9053.
9059.
9068.
9075.
9083.
9089.
9097.
9104.
9112.
9119.
9127.
9133.
9141.
9148.
9156.
9162.
9170.
9177.
9186.
9192.
9200.
9206.
9214.
9220.
9228.
9235.
9242.
9249.
9257.
9264.
9272.
9278.
9286.
9293.
9301.
9308.
9315.
9322.
9329.
9336.
9344.
9351.
9357.
9365.
9372.
9379.
9386.
9393.
9400.
9407.
9414.
9420.
9428.
9435.
9443.
9450.
9456.
9464.
9470.
9478.
9485.
9492.
9499.
9506.
9513.
9520.
9526.
9533.
9540.
9548.
9554.
9562.
9568.
9576.
9582.
9589.
9596.
9603.
9609.
9617.
9624.
9631.
9637.
9644.
9651.
9658.
9664.
9671.
9678.
9686.
9692.
9700.
9706.
9712.
9720.
9727.
9732.
9740.
9746.
9754.
9760.
9767.
9773.
9781.
9787.
9794.
9801.
9807.
9814.
9821.
9828.
9834.
9841.
9848.
9854.
9861.
9867.
9874.
9880.
9887.
9894.
9901.
9907.
9913.
9919.
9926.
9933.
9940.
9945.
9952.
9959.
9966.
9971.
9977.
9984.
9990.
9998.
10004.
10010.
10017.
10022.
10029.
10035.
10042.
10048.
10054.
10060.
10066.
10074.
10080.
10085.
10092.
10098.
10104.
10110.
10116.
10123.
10129.
10134.
10140.
10146.
10153.
10159.
10165.
10170.
10177.
10182.
10188.
10195.
10201.
10206.
10213.
10218.
10224.
10229.
10236.
10241.
10248.
10253.
10259.
10264.
10270.
10276.
10282.
10287.
10293.
10298.
10304.
10310.
10316.
10320.
10326.
10332.
10337.
10342.
10348.
10353.
10358.
10364.
10369.
10374.
10380.
10385.
10391.
10396.
10401.
10406.
10411.
10417.
10422.
10428.
10432.
10437.
10443.
10448.
10453.
10459.
10463.
10468.
10473.
10478.
10483.
10488.
10492.
10498.
10502.
10507.
10512.
10517.
10521.
10527.
10531.
10536.
10541.
10546.
10550.
10555.
10559.
10564.
10569.
10574.
10578.
10583.
10588.
10592.
10597.
10601.
10605.
10610.
10614.
10618.
10622.
10628.
10632.
10635.
10640.
10645.
10649.
10653.
10658.
10662.
10666.
10669.
10674.
10679.
10683.
10686.
10691.
10695.
10699.
10702.
10707.
10712.
10716.
10718.
10723.
10728.
10731.
10734.
10738.
10742.
10746.
10749.
10754.
10758.
10761.
10765.
10768.
10772.
10776.
10780.
10783.
10787.
10790.
10794.
10797.
10801.
10804.
10808.
10811.
10815.
10818.
10821.
10824.
10828.
10832.
10835.
10837.
10841.
10844.
10847.
10850.
10854.
10857.
10860.
10863.
10867.
10870.
10873.
10875.
10879.
10881.
10885.
10887.
10891.
10894.
10896.
10899.
10902.
10905.
10908.
10910.
10913.
10916.
10918.
10921.
10924.
10927.
10930.
10932.
10934.
10937.
10940.
10942.
10945.
10947.
10950.
10952.
10955.
10957.
10959.
10961.
10964.
10966.
10968.
10971.
10973.
10975.
10978.
10980.
10982.
10984.
10986.
10988.
10990.
10992.
10994.
10996.
10998.
10999.
11001.
11003.
11005.
11007.
11009.
11010.
11012.
11013.
11015.
11016.
11018.
11019.
11021.
11022.
11024.
11025.
11027.
11027.
11029.
11030.
11032.
11033.
11034.
11035.
11037.
11037.
11039.
11040.
11040.
11041.
11043.
11044.
11044.
11045.
11046.
11047.
11047.
11048.
11049.
11049.
11050.
11050.
11051.
11051.
11051.
11052.
11053.
11053.
11054.
11054.
11054.
11055.
11055.
11055.
11056.
11056.
11056.
11055.
11055.
11056.
11055.
11056.
11056.
11056.
11057.
11056.
11056.
11055.
11056.
11056.
11055.
11056.
11056.
11055.
11055.
11055.
11056.
11055.
11055.
11056.
11056.
11055.
11055.
11055.
11056.
11055.
11055.
11056.
11056.
11056.
11056.
11055.
11055.
11056.
11056.
11055.
11056.
11056.
11056.
11055.
11055.
11056.
11055.
11055.
11056.
11055.
11055.
11055.
11055.
11055.
11055.
11055.
11056.
11056.
11055.
11055.
11056.
11055.
11055.
11056.
11055.
11055.
11055.
11055.
11055.
11054.
11055.
11055.
11055.
11055.
11055.
11055.
11055.
11056.
11055.
11054.
11055.
11055.
11055.
11055.
11054.
11055.
11054.
11054.
11056.
11055.
11055.
11055.
11055.
11055.
11054.
11054.
11055.
11055.
11054.
11054.
11055.
11055.
11055.
11055.
11054.
11054.
11054.
11054.
11055.
11055.
11054.
11054.
11055.
11054.
11054.
11054.
11054.
11055.
11054.
11054.
11055.
11055.
11054.
11054.
11053.
11054.
11054.
11054.
11054.
11054.
11053.
11054.
11053.
11054.
11054.
11053.
11053.
11054.
11053.
11053.
11054.
11053.
11053.
11053.
11053.
11053.
11053.
11053.
11053.
11053.
11052.
11053.
11054.
11053.
11052.
11053.
11053.
11053.
11053.
11053.
11053.
11053.
11053.
11053.
11053.
11053.
11053.
11053.
11053.
11053.
11053.
11052.
11052.
11053.
11053.
11053.
11053.
11052.
11052.
11052.
11052.
11052.
11052.
11051.
11052.
11052.
11052.
11051.
11052.
11052.
11051.
11051.
11051.
11051.
11050.
11050.
11051.
11050.
11050.
11050.
11050.
11049.
11050.
11049.
11049.
11049.
11049.
11049.
11048.
11048.
11048.
11047.
11047.
11047.
11046.
11045.
11046.
11046.
11044.
11044.
11044.
11044.
11043.
11043.
11042.
11043.
11041.
11041.
11040.
11040.
11039.
11039.
11038.
11038.
11037.
11036.
11036.
11037.
11035.
11034.
11033.
11032.
11032.
11031.
11030.
11029.
11029.
11028.
11027.
11027.
11025.
11025.
11024.
11024.
11023.
11022.
11021.
11020.
11020.
11018.
11017.
11016.
11015.
11013.
11012.
11011.
11011.
11009.
11009.
11007.
11007.
11005.
11004.
11002.
11002.
11001.
10999.
10997.
10996.
10994.
10994.
10992.
10991.
10990.
10988.
10987.
10986.
10985.
10983.
10981.
10980.
10978.
10977.
10975.
10974.
10972.
10970.
10968.
10967.
10965.
10963.
10961.
10960.
10958.
10956.
10954.
10953.
10951.
10949.
10947.
10945.
10943.
10941.
10939.
10937.
10935.
10933.
10931.
10929.
10927.
10925.
10923.
10920.
10919.
10916.
10914.
10912.
10910.
10908.
10905.
10903.
10901.
10898.
10895.
10893.
10891.
10888.
10886.
10883.
10882.
10879.
10876.
10875.
10872.
10870.
10866.
10864.
10861.
10859.
10857.
10854.
10851.
10849.
10846.
10844.
10841.
10839.
10836.
10833.
10831.
10828.
10825.
10822.
10819.
10816.
10814.
10811.
10808.
10805.
10802.
10799.
10797.
10794.
10791.
10787.
10785.
10781.
10779.
10776.
10772.
10769.
10766.
10762.
10760.
10757.
10754.
10750.
10747.
10744.
10741.
10736.
10734.
10730.
10727.
10724.
10720.
10716.
10714.
10710.
10706.
10702.
10699.
10695.
10692.
10688.
10685.
10681.
10677.
10674.
10669.
10666.
10662.
10658.
10654.
10650.
10647.
10643.
10639.
10635.
10631.
10627.
10623.
10619.
10615.
10611.
10607.
10603.
10599.
10595.
10591.
10586.
10582.
10578.
10574.
10569.
10564.
10561.
10557.
10552.
10548.
10543.
10539.
10533.
10529.
10526.
10521.
10516.
10511.
10507.
10503.
10498.
10493.
10488.
10484.
10479.
10475.
10470.
10465.
10460.
10455.
10450.
10446.
10440.
10436.
10431.
10426.
10421.
10416.
10411.
10406.
10401.
10396.
10391.
10385.
10380.
10375.
10370.
10365.
10359.
10354.
10348.
10342.
10338.
10332.
10326.
10321.
10316.
10310.
10305.
10299.
10293.
10287.
10282.
10276.
10270.
10264.
10259.
10253.
10247.
10242.
10235.
10229.
10224.
10218.
10212.
10205.
10200.
10194.
10187.
10182.
10175.
10169.
10163.
10157.
10150.
10144.
10139.
10132.
10125.
10119.
10112.
10106.
10100.
10093.
10086.
10080.
10074.
10067.
10060.
10054.
10048.
10041.
10034.
10028.
10021.
10014.
10007.
10000.
9994.
9987.
9980.
9972.
9966.
9959.
9952.
9945.
9938.
9931.
9924.
9917.
9911.
9903.
9896.
9888.
9881.
9874.
9868.
9861.
9853.
9845.
9839.
9831.
9824.
9817.
9810.
9801.
9794.
9787.
9780.
9772.
9765.
9757.
9750.
9742.
9734.
9728.
9720.
9712.
9705.
9697.
9689.
9682.
9674.
9667.
9659.
9651.
9644.
9636.
9629.
9620.
9612.
9605.
9597.
9590.
9581.
9574.
9566.
9558.
9551.
9543.
9535.
9526.
9518.
9511.
9503.
9495.
9487.
9479.
9472.
9464.
9456.
9448.
9439.
9432.
9424.
9416.
9409.
9400.
9392.
9384.
9376.
9368.
9359.
9352.
9344.
9336.
9327.
9320.
9312.
9303.
9295.
9287.
9279.
9271.
9263.
9255.
9247.
9240.
9231.
9223.
9215.
9207.
9199.
9191.
9183.
9175.
9167.
9159.
9151.
9143.
9135.
9127.
9119.
9112.
9103.
9095.
9087.
9079.
9071.
9063.
9056.
9049.
9040.
9032.
9024.
9016.
9008.
9000.
8993.
8985.
8976.
8968.
8961.
8953.
8945.
8937.
8930.
8921.
8913.