10542.
10543.
10543.
10543.
10542.
10543.
10543.
10543.
10543.
10543.
10543.
10543.
10543.
10543.
10543.
10543.
10543.
10543.
10543.
10543.
10543.
10543.
10543.
10542.
10542.
10543.
10544.
10542.
10542.
10543.
10543.
10542.
10543.
10543.
10543.
10543.
10544.
10542.
10542.
10543.
10543.
10543.
10542.
10543.
10543.
10543.
10542.
10543.
10543.
10543.
10543.
10543.
10544.
10543.
10543.
10543.
10543.
10542.
10543.
10542.
10543.
10543.
10543.
10542.
10543.
10543.
10543.
10543.
10543.
10542.
10543.
10542.
10543.
10543.
10542.
10542.
10543.
10543.
10543.
10543.
10543.
10543.
10543.
10543.
10543.
10543.
10543.
10543.
10543.
10543.
10543.
10543.
10543.
10544.
10543.
10542.
10543.
10543.
10543.
10542.
10543.
10543.
10543.
10543.
10543.
10544.
10542.
10542.
10543.
10543.
10543.
10543.
10542.
10543.
10543.
10543.
10543.
10543.
10543.
10543.
10543.
10543.
10543.
10542.
10543.
10543.
10542.
10543.
10542.
10543.
10542.
10543.
10542.
10543.
10543.
10543.
10543.
10543.
10543.
10542.
10543.
10543.
10543.
10543.
10543.
10543.
10543.
10542.
10543.
10542.
10543.
10543.
10542.
10543.
10542.
10543.
10543.
10543.
10543.
10543.
10543.
10543.
10542.
10543.
10542.
10543.
10543.
10542.
10543.
10542.
10542.
10543.
10543.
10543.
10543.
10543.
10544.
10543.
10543.
10542.
10542.
10543.
10543.
10543.
10543.
10542.
10543.
10543.
10543.
10543.
10543.
10542.
10543.
10543.
10543.
10543.
10542.
10543.
10543.
10543.
10543.
10543.
10542.
10542.
10543.
10543.
10543.
10542.
10543.
10544.
10542.
10542.
10542.
10542.
10543.
10543.
10543.
10544.
10542.
10542.
10543.
10544.
10542.
10542.
10542.
10542.
10543.
10543.
10542.
10543.
10543.
10543.
10543.
10543.
10543.
10543.
10543.
10543.
10543.
10543.
10543.
10542.
10542.
10542.
10542.
10542.
10542.
10542.
10542.
10542.
10541.
10541.
10540.
10541.
10541.
10541.
10540.
10540.
10539.
10539.
10538.
10539.
10538.
10537.
10538.
10537.
10537.
10536.
10535.
10535.
10535.
10534.
10533.
10533.
10532.
10531.
10531.
10530.
10530.
10528.
10528.
10527.
10528.
10527.
10526.
10525.
10524.
10523.
10523.
10521.
10521.
10519.
10519.
10517.
10517.
10516.
10515.
10514.
10513.
10510.
10510.
10509.
10508.
10506.
10506.
10504.
10504.
10502.
10501.
10500.
10499.
10497.
10496.
10495.
10494.
10492.
10490.
10489.
10487.
10486.
10485.
10483.
10481.
10480.
10479.
10477.
10474.
10473.
10472.
10470.
10468.
10467.
10465.
10463.
10461.
10460.
10458.
10456.
10454.
10453.
10451.
10449.
10447.
10445.
10442.
10441.
10439.
10437.
10435.
10433.
10430.
10429.
10427.
10424.
10422.
10420.
10418.
10415.
10413.
10411.
10409.
10406.
10404.
10402.
10400.
10397.
10394.
10392.
10389.
10387.
10384.
10383.
10380.
10377.
10375.
10372.
10370.
10368.
10365.
10363.
10360.
10357.
10354.
10353.
10349.
10346.
10345.
10342.
10339.
10337.
10334.
10331.
10329.
10327.
10323.
10321.
10318.
10316.
10313.
10310.
10307.
10305.
10302.
10299.
10296.
10294.
10291.
10289.
10286.
10284.
10280.
10279.
10275.
10273.
10269.
10267.
10264.
10262.
10258.
10256.
10253.
10250.
10248.
10245.
10242.
10239.
10235.
10233.
10230.
10228.
10224.
10222.
10218.
10215.
10212.
10209.
10207.
10203.
10200.
10197.
10195.
10192.
10189.
10185.
10182.
10179.
10176.
10172.
10169.
10166.
10163.
10160.
10157.
10153.
10151.
10147.
10144.
10140.
10137.
10134.
10131.
10127.
10124.
10120.
10117.
10113.
10110.
10106.
10104.
10100.
10097.
10092.
10090.
10086.
10083.
10080.
10076.
10073.
10068.
10065.
10062.
10058.
10054.
10051.
10048.
10044.
10040.
10036.
10033.
10029.
10025.
10021.
10018.
10014.
10010.
10007.
10003.
9999.
9995.
9991.
9987.
9984.
9979.
9976.
9973.
9968.
9964.
9960.
9956.
9952.
9948.
9944.
9941.
9936.
9932.
9928.
9925.
9920.
9916.
9911.
9907.
9904.
9900.
9895.
9891.
9887.
9883.
9878.
9874.
9871.
9866.
9862.
9858.
9852.
9848.
9845.
9840.
9835.
9831.
9827.
9822.
9817.
9813.
9809.
9805.
9800.
9796.
9791.
9786.
9782.
9777.
9772.
9768.
9763.
9758.
9753.
9749.
9744.
9740.
9736.
9730.
9726.
9721.
9717.
9711.
9707.
9701.
9697.
9692.
9687.
9682.
9678.
9673.
9668.
9662.
9658.
9652.
9648.
9642.
9638.
9633.
9628.
9622.
9617.
9612.
9607.
9601.
9597.
9591.
9586.
9581.
9577.
9571.
9567.
9561.
9556.
9551.
9545.
9540.
9535.
9529.
9525.
9520.
9514.
9509.
9504.
9498.
9493.
9488.
9482.
9477.
9471.
9466.
9460.
9455.
9449.
9445.
9439.
9434.
9428.
9423.
9417.
9412.
9406.
9401.
9395.
9390.
9384.
9379.
9373.
9368.
9362.
9357.
9352.
9347.
9341.
9335.
9330.
9324.
9318.
9314.
9308.
9302.
9296.
9291.
9286.
9279.
9274.
9269.
9263.
9257.
9252.
9246.
9241.
9235.
9230.
9225.
9219.
9213.
9207.
9201.
9196.
9190.
9185.
9179.
9174.
9168.
9163.
9156.
9151.
9145.
9140.
9134.
9129.
9123.
9118.
9112.
9106.
9101.
9096.
9089.
9084.
9078.
9073.
9067.
9061.
9055.
9050.
9044.
9039.
9033.
9028.
9022.
9017.
9011.
9005.
9000.
8994.
8988.
8983.
8977.
8971.
8966.
8961.
8955.
8949.
8944.
8938.
8933.
8927.
8921.
8915.
8910.
8904.
8898.
8892.
8887.
8881.
8876.
8870.
8865.
8859.
8853.
8848.
8842.
8836.
8831.
8824.
8819.
8813.
8808.
8802.
8797.
8791.
8786.
8780.
8775.
8769.
8763.
8757.
8752.
8746.
8741.
8735.
8730.
8724.
8718.
8712.
8707.
8701.
8696.
8690.
8685.
8679.
8673.
8668.
8662.
8656.
8651.
8645.
8640.
8634.
8629.
8623.
8618.
8612.
8606.
8601.
8596.
8591.
8585.
8579.
8574.
8568.
8562.
8557.
8552.
8547.
8540.
8535.
8530.
8524.
8518.
8514.
8508.
8503.
8497.
8492.
8486.
8481.
8475.
8470.
8465.
8460.
8454.
8449.
8443.
8439.
8433.
8428.
8422.
8417.
8412.
8407.
8401.
8396.
8391.
8385.
8380.
8375.
8369.
8365.
8359.
8354.
8349.
8344.
8339.
8334.
8328.
8323.
8318.
8312.
8307.
8302.
8297.
8292.
8287.
8281.
8277.
8271.
8266.
8261.
8256.
8251.
8246.
8240.
8236.
8231.
8226.
8220.
8215.
8210.
8205.
8200.
8195.
8189.
8184.
8179.
8174.
8169.
8164.
8159.
8153.
8148.
8143.
8137.
8132.
8127.
8123.
8117.
8113.
8107.
8102.
8096.
8092.
8087.
8081.
8076.
8071.
8066.
8061.
8056.
8051.
8045.
8041.
8035.
8030.
8026.
8020.
8015.
8009.
8004.
7998.
7994.
7988.
7984.
7978.
7973.
7968.
7963.
7958.
7952.
7947.
7942.
7937.
7932.
7926.
7922.
7916.
7911.
7906.
7902.
7896.
7891.
7885.
7880.
7875.
7870.
7865.
7860.
7853.
7849.
7843.
7838.
7833.
7828.
7822.
7818.
7811.
7806.
7801.
7796.
7791.
7786.
7780.
7775.
7770.
7764.
7759.
7753.
7749.
7743.
7738.
7733.
7727.
7722.
7717.
7711.
7706.
7700.
7696.
7690.
7685.
7679.
7674.
7669.
7664.
7658.
7653.
7647.
7642.
7637.
7632.
7626.
7620.
7615.
7610.
7604.
7599.
7593.
7588.
7582.
7577.
7572.
7566.
7561.
7556.
7550.
7545.
7539.
7534.
7529.
7524.
7518.
7512.
7507.
7501.
7496.
7491.
7485.
7480.
7474.
7469.
7463.
7458.
7452.
7446.
7441.
7436.
7431.
7425.
7420.
7414.
7409.
7403.
7398.
7392.
7388.
7382.
7377.
7371.
7366.
7359.
7354.
7349.
7344.
7338.
7333.
7327.
7322.
7316.
7311.
7305.
7300.
7294.
7290.
7284.
7279.
7273.
7268.
7263.
7257.
7251.
7246.
7241.
7236.
7231.
7225.
7219.
7214.
7209.
7204.
7199.
7194.
7188.
7183.
7178.
7173.
7168.
7162.
7157.
7151.
7146.
7141.
7136.
7131.
7126.
7120.
7116.
7110.
7105.
7099.
7094.
7089.
7084.
7079.
7074.
7068.
7064.
7058.
7054.
7048.
7043.
7038.
7033.
7028.
7024.
7018.
7013.
7008.
7003.
6999.
6994.
6988.
6984.
6978.
6974.
6969.
6964.
6958.
6954.
6949.
6944.
6940.
6935.
6929.
6924.
6919.
6915.
6911.
6906.
6901.
6896.
6891.
6886.
6882.
6877.
6873.
6867.
6863.
6857.
6853.
6848.
6844.
6839.
6833.
6830.
6825.
6820.
6816.
6810.
6806.
6801.
6797.
6791.
6787.
6782.
6778.
6773.
6769.
6764.
6760.
6754.
6750.
6745.
6741.
6735.
6732.
6727.
6722.
6717.
6713.
6708.
6704.
6700.
6695.
6690.
6685.
6681.
6677.
6673.
6668.
6664.
6659.
6654.
6650.
6646.
6642.
6638.
6633.
6629.
6624.
6620.
6616.
6611.
6607.
6603.
6599.
6595.
6590.
6586.
6582.
6578.
6574.
6570.
6565.
6561.
6558.
6554.
6550.
6546.
6542.
6537.
6533.
6530.
6526.
6522.
6519.
6515.
6510.
6506.
6503.
6499.
6495.
6492.
6488.
6484.
6481.
6477.
6472.
6469.
6466.
6462.
6458.
6455.
6451.
6447.
6444.
6441.
6437.
6433.
6430.
6426.
6424.
6420.
6417.
6413.
6409.
6406.
6403.
6399.
6396.
6393.
6389.
6386.
6383.
6379.
6375.
6373.
6369.
6366.
6363.
6359.
6356.
6353.
6349.
6346.
6343.
6340.
6337.
6334.
6330.
6327.
6324.
6321.
6317.
6314.
6311.
6308.
6305.
6303.
6299.
6296.
6293.
6290.
6287.
6284.
6281.
6279.
6275.
6272.
6270.
6267.
6264.
6261.
6259.
6256.
6253.
6250.
6247.
6245.
6242.
6240.
6237.
6235.
6232.
6230.
6228.
6224.
6222.
6219.
6217.
6215.
6213.
6210.
6208.
6206.
6204.
6201.
6199.
6197.
6195.
6192.
6190.
6187.
6186.
6183.
6181.
6178.
6177.
6174.
6172.
6171.
6168.
6166.
6165.
6162.
6160.
6158.
6156.
6154.
6152.
6150.
6148.
6146.
6145.
6143.
6142.
6140.
6138.
6136.
6134.
6133.
6131.
6130.
6128.
6126.
6125.
6123.
6122.
6120.
6119.
6117.
6116.
6114.
6113.
6112.
6111.
6109.
6108.
6106.
6105.
6104.
6103.
6101.
6101.
6099.
6098.
6095.
6095.
6093.
6093.
6091.
6091.
6090.
6089.
6087.
6087.
6085.
6085.
6083.
6083.
6082.
6081.
6079.
6078.
6077.
6077.
6074.
6074.
6073.
6073.
6071.
6070.
6070.
6069.
6068.
6067.
6066.
6065.
6064.
6063.
6063.
6062.
6061.
6060.
6060.
6060.
6059.
6058.
6057.
6056.
6054.
6055.
6055.
6053.
6052.
6052.
6052.
6051.
6051.
6049.
6049.
6049.
6048.
6047.
6046.
6046.
6046.
6045.
6044.
6044.
6044.
6043.
6043.
6041.
6041.
6041.
6040.
6040.
6040.
6040.
6039.
6039.
6040.
6038.
6039.
6037.
6038.
6038.
6037.
6038.
6038.
6037.
6037.
6037.
6037.
6036.
6036.
6036.
6037.
6037.
6037.
6037.
6037.
6036.
6037.
6037.
6037.
6038.
6037.
6037.
6037.
6036.
6037.
6036.
6037.
6037.
6037.
6036.
6038.
6038.
6037.
6036.
6037.
6036.
6037.
6037.
6037.
6036.
6037.
6036.
6037.
6036.
6037.
6037.
6037.
6038.
6037.
6037.
6038.
6037.
6037.
6037.
6037.
6037.
6037.
6037.
6037.
6037.
6037.
6037.
6038.
6037.
6038.
6038.
6037.
6037.
6038.
6037.
6037.
6037.
6038.
6037.
6038.
6038.
6038.
6038.
6039.
6039.
6039.
6039.
6041.
6041.
6040.
6041.
6041.
6042.
6043.
6043.
6043.
6044.
6043.
6044.
6045.
6046.
6046.
6047.
6046.
6048.
6047.
6049.
6049.
6050.
6050.
6051.
6051.
6052.
6052.
6054.
6054.
6055.
6055.
6056.
6056.
6058.
6058.
6059.
6059.
6060.
6060.
6062.
6062.
6063.
6064.
6065.
6066.
6068.
6068.
6069.
6069.
6071.
6071.
6074.
6074.
6075.
6076.
6077.
6078.
6079.
6080.
6081.
6083.
6084.
6086.
6087.
6088.
6089.
6090.
6092.
6093.
6094.
6096.
6097.
6099.
6100.
6101.
6102.
6104.
6106.
6107.
6109.
6110.
6112.
6114.
6115.
6117.
6118.
6120.
6122.
6124.
6125.
6127.
6129.
6131.
6132.
6134.
6137.
6139.
6140.
6143.
6144.
6146.
6148.
6150.
6152.
6154.
6156.
6159.
6160.
6163.
6165.
6167.
6169.
6171.
6174.
6176.
6178.
6179.
6183.
6184.
6186.
6189.
6191.
6194.
6196.
6198.
6201.
6203.
6207.
6208.
6211.
6213.
6216.
6218.
6221.
6224.
6226.
6229.
6232.
6234.
6236.
6239.
6242.
6245.
6246.
6250.
6253.
6256.
6259.
6262.
6264.
6267.
6269.
6272.
6276.
6279.
6281.
6284.
6288.
6291.
6293.
6296.
6299.
6303.
6306.
6309.
6312.
6316.
6318.
6322.
6325.
6329.
6332.
6336.
6339.
6343.
6345.
6350.
6353.
6356.
6359.
6363.
6367.
6372.
6374.
6378.
6382.
6386.
6389.
6393.
6396.
6400.
6404.
6408.
6412.
6416.
6420.
6424.
6428.
6432.
6436.
6440.
6445.
6449.
6452.
6456.
6461.
6465.
6469.
6473.
6477.
6482.
6486.
6491.
6495.
6500.
6504.
6508.
6513.
6517.
6521.
6526.
6530.
6535.
6540.
6544.
6549.
6553.
6557.
6562.
6566.
6572.
6576.
6581.
6586.
6590.
6595.
6599.
6604.
6608.
6613.
6618.
6622.
6628.
6632.
6637.
6642.
6646.
6651.
6655.
6660.
6665.
6670.
6674.
6679.
6684.
6689.
6693.
6698.
6704.
6708.
6713.
6718.
6723.
6727.
6733.
6737.
6742.
6746.
6752.
6757.
6762.
6767.
6771.
6776.
6782.
6786.
6791.
6795.
6800.
6805.
6811.
6816.
6822.
6826.
6830.
6836.
6841.
6846.
6850.
6856.
6861.
6866.
6871.
6876.
6882.
6886.
6891.
6896.
6901.
6906.
6911.
6917.
6922.
6927.
6932.
6938.
6942.
6948.
6952.
6958.
6962.
6968.
6973.
6979.
6984.
6989.
6994.
6999.
7004.
7011.
7016.
7021.
7026.
7032.
7036.
7042.
7047.
7053.
7058.
7063.
7069.
7075.
7079.
7085.
7090.
7097.
7101.
7107.
7113.
7118.
7123.
7129.
7134.
7140.
7145.
7151.
7155.
7161.
7166.
7172.
7177.
7183.
7189.
7195.
7200.
7205.
7211.
7217.
7222.
7228.
7233.
7238.
7244.
7250.
7255.
7261.
7267.
7272.
7278.
7284.
7290.
7295.
7301.
7306.
7312.
7317.
7323.
7329.
7334.
7340.
7346.
7352.
7357.
7364.
7369.
7375.
7381.
7386.
7393.
7398.
7404.
7410.
7414.
7422.
7428.
7433.
7439.
7445.
7452.
7457.
7463.
7469.
7475.
7481.
7487.
7493.
7499.
7504.
7511.
7517.
7523.
7528.
7535.
7541.
7547.
7553.
7559.
7565.
7571.
7578.
7584.
7590.
7596.
7602.
7609.
7615.
7621.
7627.
7633.
7640.
7646.
7652.
7659.
7665.
7672.
7678.
7684.
7690.
7696.
7702.
7709.
7715.
7722.
7729.
7735.
7742.
7748.
7754.
7761.
7767.
7773.
7780.
7787.
7792.
7799.
7806.
7813.
7819.
7825.
7832.
7839.
7846.
7852.
7858.
7865.
7871.
7879.
7885.
7891.
7898.
7905.
7910.
7918.
7924.
7932.
7939.
7945.
7951.
7959.
7966.
7972.
7978.
7985.
7992.
7999.
8006.
8013.
8019.
8027.
8032.
8040.
8046.
8054.
8060.
8067.
8073.
8081.
8087.
8094.
8100.
8108.
8115.
8122.
8129.
8135.
8142.
8149.
8156.
8163.
8170.
8176.
8183.
8190.
8197.
8204.
8210.
8219.
8225.
8232.
8238.
8246.
8253.
8259.
8266.
8274.
8280.
8286.
8293.
8301.
8308.
8315.
8321.
8329.
8336.
8342.
8350.
8357.
8364.
8370.
8378.
8384.
8392.
8398.
8405.
8412.
8419.
8426.
8433.
8440.
8447.
8454.
8461.
8468.
8475.
8482.
8489.
8496.
8503.
8510.
8516.
8523.
8530.
8537.
8544.
8551.
8559.
8566.
8573.
8579.
8587.
8593.
8601.
8607.
8614.
8620.
8629.
8636.
8643.
8649.
8657.
8664.
8671.
8676.
8684.
8690.
8698.
8704.
8712.
8718.
8726.
8732.
8740.
8746.
8754.
8760.
8768.
8774.
8782.
8788.
8795.
8802.
8809.
8816.
8822.
8830.
8836.
8843.
8851.
8857.
8865.
8871.
8878.
8884.
8892.
8898.
8904.
8911.
8918.
8925.
8932.
8939.
8945.
8952.
8960.
8966.
8972.
8979.
8986.
8993.
9000.
9006.
9013.
9020.
9026.
9033.
9039.
9046.
9053.
9059.
9066.
9073.
9081.
9086.
9093.
9099.
9106.
9113.
9120.
9126.
9132.
9140.
9146.
9152.
9159.
9166.
9173.
9179.
9185.
9192.
9199.
9205.
9212.
9218.
9224.
9232.
9238.
9244.
9250.
9258.
9264.
9270.
9277.
9283.
9290.
9296.
9301.
9309.
9315.
9322.
9328.
9335.
9341.
9348.
9354.
9360.
9367.
9374.
9379.
9386.
9392.
9398.
9404.
9411.
9417.
9424.
9430.
9435.
9442.
9449.
9455.
9461.
9468.
9472.
9479.
9486.
9492.
9499.
9504.
9510.
9517.
9523.
9529.
9535.
9542.
9547.
9554.
9559.
9566.
9572.
9578.
9584.
9590.
9597.
9602.
9608.
9615.
9621.
9626.
9632.
9639.
9644.
9651.
9657.
9663.
9669.
9674.
9681.
9687.
9693.
9698.
9705.
9711.
9717.
9722.
9728.
9734.
9740.
9746.
9753.
9758.
9763.
9770.
9776.
9782.
9788.
9794.
9800.
9805.
9811.
9817.
9823.
9829.
9835.
9840.
9846.
9852.
9858.
9864.
9870.
9875.
9881.
9887.
9893.
9899.
9904.
9910.
9916.
9921.
9927.
9934.
9939.
9944.
9950.
9956.
9962.
9966.
9972.
9979.
9984.
9990.
9995.
10001.
10007.
10013.
10018.
10024.
10029.
10035.
10040.
10046.
10051.
10057.
10062.
10068.
10073.
10079.
10084.
10090.
10095.
10101.
10106.
10112.
10117.
10122.
10127.
10133.
10138.
10143.
10149.
10155.
10160.
10166.
10169.
10175.
10180.
10186.
10191.
10197.
10201.
10207.
10211.
10218.
10222.
10228.
10232.
10238.
10242.
10248.
10253.
10258.
10262.
10268.
10273.
10279.
10283.
10287.
10292.
10297.
10302.
10307.
10312.
10317.
10322.
10326.
10331.
10336.
10341.
10346.
10350.
10356.
10360.
10364.
10369.
10375.
10379.
10383.
10388.
10393.
10398.
10402.
10406.
10412.
10416.
10421.
10425.
10430.
10434.
10438.
10443.
10447.
10452.
10456.
10460.
10464.
10470.
10474.
10478.
10482.
10487.
10491.
10495.
10499.
10504.
10509.
10512.
10516.
10521.
10525.
10528.
10533.
10537.
10542.
10544.
10549.
10554.
10558.
10561.
10565.
10570.
10574.
10578.
10581.
10585.
10590.
10593.
10597.
10602.
10606.
10609.
10613.
10617.
10621.
10624.
10628.
10632.
10636.
10639.
10643.
10647.
10651.
10654.
10658.
10662.
10666.
10668.
10672.
10676.
10679.
10682.
10686.
10691.
10694.
10697.
10700.
10704.
10707.
10710.
10714.
10718.
10721.
10724.
10727.
10731.
10734.
10737.
10740.
10744.
10747.
10750.
10753.
10757.
10760.
10763.
10765.
10769.
10772.
10775.
10778.
10781.
10784.
10787.
10790.
10793.
10796.
10799.
10801.
10805.
10807.
10810.
10813.
10816.
10819.
10821.
10824.
10827.
10830.
10833.
10835.
10838.
10840.
10843.
10845.
10849.
10851.
10853.
10856.
10859.
10861.
10863.
10865.
10868.
10870.
10873.
10875.
10877.
10879.
10882.
10884.
10886.
10888.
10889.
10892.
10895.
10896.
10899.
10900.
10902.
10904.
10906.
10908.
10910.
10911.
10913.
10915.
10917.
10919.
10920.
10922.
10924.
10925.
10927.
10928.
10930.
10931.
10933.
10933.
10935.
10936.
10938.
10939.
10941.
10941.
10943.
10944.
10945.
10946.
10948.
10948.
10950.
10951.
10952.
10952.
10953.
10954.
10956.
10956.
10957.
10957.
10958.
10959.
10959.
10960.
10961.
10961.
10961.
10962.
10962.
10962.
10962.
10963.
10964.
10965.
10964.
10965.
10965.
10965.
10966.
10965.
10966.
10966.
10967.
10966.
10966.
10966.
10966.
10966.
10966.
10966.
10966.
10966.
10965.
10966.
10966.
10966.
10965.
10966.
10966.
10966.
10966.
10965.
10965.
10966.
10966.
10966.
10966.
10965.
10966.
10966.
10966.
10965.
10965.
10966.
10965.
10966.
10966.
10965.
10965.
10966.
10966.
10965.
10965.
10966.
10965.
10965.
10965.
10965.
10965.
10966.
10965.
10966.
10965.
10965.
10965.
10966.
10965.
10965.
10965.
10966.
10966.
10966.
10965.
10966.
10965.
10965.
10965.
10964.
10965.
10966.
10965.
10965.
10965.
10965.
10965.
10965.
10965.
10965.
10965.
10965.
10965.
10965.
10965.
10964.
10965.
10966.
10965.
10965.
10965.
10966.
10965.
10966.
10964.
10964.
10965.
10965.
10965.
10966.
10965.
10965.
10964.
10964.
10964.
10964.
10964.
10964.
10964.
10964.
10964.
10964.
10963.
10963.
10964.
10964.
10963.
10963.
10963.
10963.
10963.
10962.
10962.
10962.
10963.
10962.
10962.
10961.
10962.
10961.
10962.
10961.
10961.
10960.
10960.
10960.
10960.
10959.
10959.
10958.
10959.
10958.
10958.
10957.
10956.
10956.
10955.
10955.
10954.
10954.
10954.
10953.
10953.
10951.
10951.
10950.
10950.
10948.
10948.
10948.
10947.
10945.
10945.
10945.
10944.
10942.
10943.
10941.
10941.
10939.
10939.
10937.
10937.
10934.
10933.
10933.
10932.
10931.
10930.
10929.
10927.
10925.
10925.
10923.
10923.
10921.
10920.
10918.
10917.
10915.
10914.
10912.
10912.
10910.
10908.
10907.
10906.
10903.
10902.
10900.
10899.
10897.
10896.
10893.
10892.
10890.
10888.
10886.
10884.
10882.
10880.
10879.
10876.
10874.
10872.
10871.
10869.
10867.
10865.
10863.
10861.
10858.
10857.
10854.
10852.
10850.
10848.
10845.
10844.
10841.
10839.
10837.
10835.
10832.
10830.
10828.
10825.
10823.
10821.
10818.
10816.
10814.
10812.
10809.
10807.
10803.
10801.
10798.
10796.
10794.
10791.
10789.
10786.
10783.
10781.
10779.
10776.
10773.
10771.
10769.
10765.
10762.
10760.
10758.
10755.
10753.
10750.
10748.
10744.
10742.
10739.
10736.
10733.
10731.
10728.
10726.
10723.
10721.
10717.
10715.
10712.
10710.
10706.
10704.
10701.
10698.
10695.
10693.
10690.
10688.
10684.
10682.
10678.
10676.
10673.
10671.
10669.
10666.
10662.
10660.
10656.
10653.
10650.
10648.
10645.
10642.
10639.
10636.
10632.
10630.
10627.
10624.
10622.
10618.
10616.
10613.
10610.
10607.
10604.
10600.
10598.
10594.
10591.
10588.
10585.
10582.
10579.
10575.
10572.
10569.
10566.
10563.
10560.
10555.
10552.
10550.
10547.
10543.
10540.
10537.
10533.
10530.
10527.
10523.
10521.
10517.
10514.
10510.
10507.
10503.
10500.
10496.
10492.
10489.
10486.
10482.
10478.
10475.
10472.
10468.
10465.
10461.
10458.
10454.
10450.
10446.
10442.
10439.
10435.
10432.
10428.
10424.
10420.
10416.
10413.
10409.
10405.
10401.
10397.
10394.
10390.
10385.
10381.
10378.
10374.
10370.
10366.
10362.
10358.
10354.
10350.
10346.
10342.
10338.
10334.
10330.
10325.
10321.
10317.
10313.
10308.
10304.
10299.
10295.
10291.
10287.
10283.
10279.
10274.
10269.
10265.
10261.
10256.
10251.
10247.
10242.
10238.
10233.
10228.
10225.
10220.
10215.
10210.
10206.
10200.
10196.
10191.
10186.
10181.
10176.
10171.
10167.
10162.
10157.
10152.
10147.
10141.
10138.
10132.
10127.
10122.
10117.
10111.
10107.
10101.
10096.
10091.
10086.
10080.
10076.
10070.
10065.
10059.
10055.
10049.
10044.
10038.
10033.
10027.
10022.
10017.
10011.
10005.
10000.
9994.
9989.
9984.
9978.
9972.
9967.
9961.
9956.
9950.
9944.
9938.
9934.
9928.
9923.
9917.
9911.
9905.
9900.
9894.
9888.
9882.
9876.
9871.
9866.
9859.
9853.
9848.
9842.
9836.
9830.
9825.
9819.
9813.
9807.
9801.
9795.
9789.
9784.
9777.
9772.
9765.
9759.
9754.
9747.
9742.
9736.
9730.
9724.
9718.
9712.
9706.
9700.
9694.
9688.
9681.
9675.
9669.
9663.
9657.
9651.
9644.
9638.
9633.
9626.
9620.
9614.
9609.
9602.
9596.
9589.
9582.
9577.
9571.
9565.
9558.
9553.
9546.
9540.
9533.
9527.
9522.
9514.
9508.
9502.
9496.
9489.
9483.
9477.
9471.
9464.
9458.
9452.
9445.
9438.
9432.
9426.
9420.
9413.
9406.
9401.
9394.
9388.
9382.
9375.
9368.
9361.
9355.
9349.
9343.
9336.
9330.
9323.
9317.
9311.
9304.
9297.
9291.
9285.
9278.
9272.
9265.
9259.
9252.
9246.
9239.
9233.
9226.
9220.
9213.
9206.
9200.
9193.
9187.
9180.
9174.
9168.
9161.
9155.
9147.
9142.
9135.
9129.
9122.
9116.
9109.
9103.
9095.
9089.
9083.
9076.
9070.
9063.
9056.
9050.
9043.
9037.
9031.
9024.
9017.
9011.
9004.
8998.
8992.
8985.
8978.
8972.
8966.
8959.
8952.
8946.
8938.
8933.
8926.
8919.
8914.
8907.
8900.
8893.
8887.
8880.
8874.
8867.
8860.
8854.
8847.
8841.
8835.
8828.
8821.
8816.
8809.
8802.
8796.
8789.
8783.
8776.
8769.
8763.
8757.
8750.
8744.
8737.
8731.
8724.
8717.
8711.
8704.
8699.
8692.
8685.
8678.
8673.
8666.
8659.
8653.
8646.
8640.
8633.
8627.
8621.
8614.
8608.
8601.
8594.
8588.
8582.
8575.
8569.
8562.
8555.
8550.
8544.
8536.
8530.
8523.
8517.
8510.
8504.
8498.
8491.
8485.
8478.
8471.
8466.
8459.
8453.
8446.
8439.
8433.
8427.
8420.
8414.
8407.
8401.
8394.
8388.
8381.
8375.
8369.
8362.
8356.
8350.
8343.
8336.
8330.
8323.
8317.
8310.
8304.
8297.
8291.
8285.
8278.
8272.
8265.
8259.
8252.
8246.
8240.
8233.
8227.
8220.
8214.
8207.
8201.
8194.
8188.
8182.
8175.
8169.
8163.
8157.
8150.
8144.
8137.
8131.
8125.
8119.
8113.
8106.
8100.
8092.
8087.
8081.
8074.
8068.
8061.
8055.
8048.
8042.
8036.
8030.
8024.
8018.
8011.
8005.
7999.
7993.
7986.
7980.
7974.
7968.
7962.
7955.
7949.
7942.
7937.
7930.
7924.
7918.
7912.
7906.
7899.
7893.
7887.
7880.
7875.
7869.
7862.
7856.
7850.
7844.
7838.
7832.
7826.
7820.
7813.
7807.
7801.
7794.
7790.
7783.
7777.
7770.
7765.
7759.
7753.
7747.
7740.
7734.
7729.
7722.
7717.
7711.
7704.
7698.
7692.
7686.
7680.
7674.
7668.
7662.
7656.
7650.
7644.
7638.
7631.
7625.
7619.
7614.
7608.
7602.
7596.
7590.
7584.
7578.
7572.
7566.
7560.
7555.
7549.
7542.
7536.
7531.
7525.
7519.
7513.
7507.
7501.
7496.
7490.
7484.
7478.
7472.
7466.
7460.
7454.
7448.
7442.
7437.
7430.
7425.
7419.
7413.
7408.
7402.
7396.
7390.
7384.
7379.
7373.
7367.
7362.
7356.
7350.
7344.
7338.
7333.
7327.
7321.
7316.
7310.
7304.
7298.
7293.
7287.
7281.
7275.
7270.
7264.
7258.
7253.
7247.
7242.
7236.
7230.
7225.
7219.
7213.
7207.
7202.
7196.
7191.
7185.
7180.
7174.
7168.
7162.
7157.
7152.
7146.
7140.
7135.
7129.
7124.
7118.
7113.
7107.
7101.
7096.
7090.
7085.
7080.
7074.
7069.
7064.
7058.
7052.
7047.
7042.
7036.
7031.
7025.
7021.
7015.
7010.
7005.
7000.
6994.
6989.
6983.
6979.
6973.
6969.
6963.
6958.
6952.
6948.
6942.
6938.
6932.
6928.
6922.
6917.
6911.
6907.
6901.
6897.
6891.
6887.
6882.
6877.
6871.
6867.
6861.
6856.
6851.
6847.
6841.
6837.
6831.
6827.
6822.
6817.
6812.
6807.
6802.
6798.
6793.
6788.
6783.
6779.
6774.
6768.
6764.
6760.
6755.
6750.
6745.
6740.
6735.
6731.
6727.
6722.
6717.
6712.
6707.
6702.
6698.
6693.
6689.
6684.
6679.
6675.
6670.
6665.
6661.
6656.
6652.
6647.
6643.
6639.
6635.
6630.
6625.
6621.
6618.
6612.
6608.
6604.
6599.
6595.
6590.
6586.
6582.
6578.
6573.
6568.
6565.
6561.
6557.
6552.
6548.
6544.
6539.
6535.
6531.
6528.
6524.
6519.
6515.
6511.
6507.
6503.
6499.
6496.
6491.
6488.
6483.
6479.
6475.
6471.
6468.
6464.
6460.
6456.
6452.
6448.
6445.
6441.
6437.
6434.
6430.
6426.
6422.
6419.
6415.
6411.
6408.
6404.
6400.
6397.
6394.
6390.
6387.
6383.
6380.
6376.
6372.
6369.
6366.
6363.
6358.
6354.
6352.
6348.
6345.
6342.
6339.
6335.
6332.
6329.
6325.
6322.
6319.
6316.
6313.
6310.
6306.
6303.
6299.
6296.
6293.
6290.
6287.
6284.
6281.
6278.
6275.
6273.
6269.
6267.
6263.
6261.
6258.
6255.
6252.
6249.
6245.
6243.
6240.
6237.
6234.
6232.
6228.
6226.
6223.
6221.
6217.
6215.
6212.
6209.
6206.
6204.
6200.
6198.
6195.
6193.
6190.
6187.
6184.
6182.
6179.
6177.
6174.
6171.
6169.
6166.
6164.
6161.
6159.
6156.
6154.
6151.
6149.
6147.
6144.
6142.
6140.
6137.
6135.
6133.
6131.
6128.
6127.
6123.
6122.
6119.
6117.
6116.
6113.
6111.
6109.
6107.
6105.
6103.
6101.
6099.
6097.
6096.
6094.
6092.
6089.
6089.
6087.
6085.
6083.
6082.
6081.
6078.
6077.
6075.
6073.
6073.
6071.
6069.
6068.
6066.
6065.
6063.
6062.
6061.
6059.
6058.
6056.
6056.
6054.
6053.
6051.
6050.
6049.
6048.
6047.
6046.
6044.
6044.
6042.
6041.
6040.
6040.
6038.
6037.
6036.
6036.
6035.
6033.
6033.
6032.
6031.
6030.
6030.
6028.
6028.
6027.
6027.
6026.
6025.
6024.
6025.
6024.
6023.
6022.
6022.
6020.
6020.
6019.
6018.
6018.
6017.
6017.
6017.
6016.
6016.
6015.
6015.
6014.
6014.
6014.
6013.
6014.
6012.
6013.
6013.
6012.
6012.
6011.
6012.
6010.
6011.
6011.
6011.
6010.
6010.
6010.
6010.
6010.
6010.
6010.
6010.
6009.
6009.
6010.
6009.
6008.
6009.
6009.
6009.
6009.
6009.
6010.
6009.
6009.
6010.
6010.
6009.
6009.
6010.
6010.
6009.
6009.
6009.
6009.
6010.
6010.
6009.
6009.
6010.
6010.
6009.
6010.
6010.
6009.
6010.
6010.
6010.
6010.
6009.
6010.
6010.
6010.
6010.
6010.
6010.
6010.
6010.
6010.
6010.
6010.
6010.
6010.
6010.
6010.
6010.
6010.
6010.
6010.
6009.
6010.
6010.
6010.
6010.
6010.
6010.
6010.
6010.
6010.
6010.
6010.
6009.
6010.
6010.
6010.
6009.
6010.
6010.
6010.
6010.
6010.
6009.
6010.
6010.
6010.
6011.
6010.
6010.
6010.
6011.
6010.
6010.
6010.
6010.
6010.
6011.
6010.
6010.
6010.
6011.
6010.
6010.
6010.
6010.
6010.
6010.
6010.
6010.
6010.
6010.
6011.
6011.
6010.
6010.
6010.
6011.
6011.
6010.
6010.
6010.
6010.
6010.
6011.
6011.
6010.
6010.
6010.
6010.
6011.
6011.
6010.
6011.
6011.
6011.
6010.
6011.
6010.
6011.
6011.
6011.
6011.
6011.
6011.
6011.
6011.
6011.
6012.
6012.
6013.
6013.
6014.
6013.
6013.
6014.
6014.
6014.
6015.
6015.
6016.
6016.
6016.
6017.
6018.
6018.
6019.
6019.
6020.
6020.
6021.
6022.
6022.
6023.
6023.
6024.
6025.
6027.
6027.
6028.
6028.
6029.
6030.
6030.
6031.
6032.
6033.
6034.
6035.
6036.
6037.
6038.
6039.
6040.
6041.
6042.
6043.
6045.
6045.
6047.
6047.
6049.
6050.
6050.
6052.
6052.
6054.
6055.
6056.
6057.
6059.
6059.
6061.
6062.
6063.
6064.
6066.
6067.
6069.
6070.
6071.
6072.
6074.
6075.
6077.
6078.
6080.
6081.
6083.
6084.
6086.
6087.
6089.
6090.
6092.
6093.
6095.
6097.
6099.
6100.
6102.
6104.
6106.
6107.
6109.
6112.
6114.
6115.
6117.
6119.
6121.
6123.
6125.
6127.
6129.
6131.
6133.
6136.
6138.
6140.
6143.
6145.
6147.
6149.
6152.
6154.
6157.
6159.
6161.
6164.
6167.
6169.
6172.
6174.
6177.
6179.
6182.
6184.
6187.
6190.
6193.
6196.
6198.
6201.
6205.
6206.
6209.
6212.
6216.
6218.
6221.
6224.
6228.
6231.
6234.
6236.
6240.
6243.
6246.
6249.
6253.
6256.
6259.
6262.
6266.
6269.
6272.
6275.
6280.
6283.
6286.
6289.
6294.
6296.
6301.
6303.
6307.
6311.
6314.
6318.
6322.
6326.
6329.
6333.
6337.
6341.
6345.
6348.
6353.
6357.
6360.
6364.
6368.
6373.
6376.
6380.
6385.
6389.
6392.
6396.
6402.
6406.
6410.
6414.
6419.
6424.
6427.
6432.
6436.
6441.
6445.
6449.
6454.
6459.
6463.
6467.
6473.
6478.
6482.
6486.
6492.
6497.
6501.
6506.
6512.
6517.
6520.
6525.
6531.
6535.
6541.
6546.
6551.
6555.
6561.
6565.
6571.
6576.
6582.
6587.
6592.
6597.
6603.
6608.
6614.
6618.
6624.
6629.
6635.
6640.
6646.
6650.
6657.
6662.
6667.
6674.
6679.
6685.
6690.
6696.
6702.
6707.
6713.
6719.
6725.
6730.
6736.
6741.
6748.
6754.
6760.
6765.
6771.
6777.
6783.
6790.
6795.
6802.
6808.
6814.
6820.
6826.
6832.
6838.
6845.
6851.
6856.
6863.
6869.
6875.
6882.
6888.
6895.
6902.
6907.
6913.
6920.
6925.
6933.
6940.
6945.
6951.
6958.
6965.
6971.
6978.
6984.
6990.
6997.
7004.
7010.
7017.
7023.
7029.
7037.
7043.
7050.
7057.
7062.
7068.
7076.
7083.
7089.
7096.
7102.
7108.
7116.
7122.
7129.
7136.
7142.
7148.
7156.
7162.
7169.
7175.
7183.
7189.
7196.
7202.
7210.
7216.
7223.
7230.
7237.
7242.
7250.
7258.
7264.
7271.
7278.
7284.
7291.
7298.
7305.
7313.
7320.
7326.
7334.
7340.
7347.
7354.
7361.
7368.
7376.
7382.
7389.
7397.
7403.
7410.
7418.
7425.
7431.
7439.
7445.
7453.
7460.
7467.
7473.
7481.
7488.
7496.
7503.
7510.
7516.
7524.
7531.
7538.
7545.
7553.
7559.
7567.
7574.
7581.
7587.
7595.
7602.
7609.
7616.
7623.
7631.
7639.
7645.
7653.
7659.
7667.
7674.
7682.
7689.
7696.
7703.
7710.
7717.
7725.
7732.
7739.
7746.
7753.
7760.
7767.
7775.
7782.
7789.
7797.
7803.
7810.
7818.
7825.
7832.
7839.
7846.
7854.
7861.
7869.
7876.
7883.
7889.
7897.
7904.
7912.
7919.
7926.
7932.
7940.
7947.
7955.
7962.
7969.
7976.
7983.
7991.
7997.
8004.
8011.
8019.
8027.
8033.
8040.
8047.
8055.
8062.
8069.
8076.
8083.
8090.
8097.
8105.
8112.
8119.
8126.
8134.
8141.
8147.
8154.
8162.
8169.
8176.
8183.
8191.
8198.
8205.
8212.
8220.
8226.
8234.
8240.
8247.
8255.
8262.
8269.
8277.
8284.
8291.
8298.
8307.
8313.
8320.
8327.
8335.
8341.
8349.
8356.
8364.
8371.
8378.
8385.
8392.
8398.
8406.
8413.
8420.
8428.
8436.
8442.
8449.
8456.
8464.
8470.
8478.
8486.
8493.
8500.
8507.
8514.
8521.
8528.
8536.
8543.
8550.
8557.
8565.
8572.
8579.
8585.
8593.
8600.
8608.
8614.
8621.
8629.
8636.
8643.
8649.
8656.
8664.
8672.
8679.
8686.
8692.
8700.
8707.
8714.
8721.
8728.
8734.
8742.
8748.
8756.
8762.
8770.
8778.
8784.
8790.
8798.
8804.
8812.
8819.
8825.
8831.
8840.
8847.
8853.
8859.
8867.
8873.
8881.
8888.
8894.
8901.
8908.
8914.
8922.
8929.
8935.
8942.
8949.
8956.
8962.
8968.
8976.
8983.
8990.
8996.
9003.
9009.
9016.
9022.
9030.
9036.
9043.
9049.
9057.
9063.
9070.
9076.
9083.
9088.
9096.
9103.
9109.
9116.
9123.
9129.
9135.
9142.
9149.
9155.
9162.
9168.
9174.
9181.
9187.
9194.
9201.
9207.
9214.
9220.
9227.
9232.
9238.
9245.
9252.
9258.
9265.
9271.
9277.
9284.
9290.
9297.
9302.
9309.
9315.
9322.
9329.
9334.
9341.
9347.
9352.
9360.
9366.
9372.
9378.
9384.
9390.
9397.
9403.
9409.
9415.
9421.
9427.
9434.
9440.
9445.
9452.
9458.
9464.
9470.
9476.
9482.
9488.
9494.
9500.
9506.
9512.
9518.
9524.
9530.
9536.
9542.
9549.
9554.
9560.
9566.
9572.
9578.
9583.
9590.
9595.
9601.
9607.
9612.
9618.
9625.
9630.
9637.
9642.
9648.
9653.
9660.
9665.
9671.
9676.
9682.
9688.
9694.
9699.
9706.
9711.
9717.
9722.
9728.
9733.
9739.
9744.
9750.
9755.
9761.
9767.
9773.
9778.
9784.
9789.
9795.
9800.
9806.
9811.
9817.
9822.
9828.
9833.
9839.
9844.
9850.
9854.
9861.
9866.
9872.
9876.
9882.
9887.
9893.
9897.
9904.
9908.
9913.
9918.
9924.
9929.
9935.
9939.
9946.
9951.
9955.
9960.
9965.
9970.
9976.
9981.
9987.
9992.
9996.
10002.
10007.
10012.
10018.
10022.
10028.
10032.
10037.
10042.
10047.
10052.
10057.
10061.
10067.
10072.
10076.
10081.
10087.
10092.
10095.
10101.
10106.
10111.
10115.
10120.
10125.
10130.
10135.
10139.
10144.
10149.
10153.
10158.
10163.
10168.
10171.
10177.
10182.
10186.
10191.
10194.
10199.
10204.
10209.
10212.
10216.
10222.
10226.
10230.
10234.
10239.
10243.
10247.
10252.
10256.
10260.
10264.
10268.
10273.
10277.
10280.
10284.
10289.
10292.
10296.
10300.
10305.
10309.
10312.
10316.
10319.
10324.
10326.
10330.
10335.
10338.
10341.
10345.
10349.
10352.
10355.
10359.
10363.
10366.
10369.
10372.
10376.
10379.
10382.
10385.
10389.
10392.
10395.
10398.
10402.
10404.
10407.
10410.
10414.
10416.
10419.
10422.
10425.
10428.
10431.
10433.
10436.
10439.
10441.
10444.
10447.
10449.
10452.
10454.
10457.
10459.
10462.
10464.
10466.
10469.
10471.
10473.
10476.
10478.
10479.
10482.
10484.
10486.
10489.
10491.
10492.
10494.
10496.
10498.
10500.
10501.
10503.
10505.
10507.
10509.
10510.
10512.
10513.
10516.
10516.
10518.
10519.
10521.
10522.
10524.
10524.
10526.
10528.
10530.
10530.
10532.
10533.
10535.
10536.
10537.
10538.
10539.
10540.
10541.
10542.
10543.
10544.
10544.
10546.
10546.
10547.
10548.
10549.
10551.
10550.
10551.
10552.
10552.
10553.
10553.
10554.
10555.
10555.
10555.
10557.
10556.
10558.
10558.
10559.
10559.
10559.
10560.
10560.
10560.
10560.
10560.
10561.
10561.
10562.
10562.
10562.
10563.
10563.
10563.
10563.
10563.
10563.
10563.
10563.
10563.
10563.
10563.
10563.
10563.
10564.
10563.
10562.
10562.
10563.
10563.
10562.
10563.
10562.
10562.
10562.
10563.
10562.
10563.
10562.
10563.
10563.
10562.
10562.
10563.
10563.
10562.
10562.
10563.
10562.
10563.
10562.
10563.
10562.
10562.
10562.
10563.
10563.
10562.
10563.
10562.
10563.
10562.
10562.
10563.
10563.
10562.
10562.
10562.
10563.
10562.
10562.
10562.
10562.
10562.
10562.
10562.
10562.
10562.
10562.
10562.
10562.
10562.
10562.
10562.
10563.
10561.
10562.
10562.
10561.
10561.
10562.
10561.
10561.
10561.
10561.
10561.
10560.
10560.
10561.
10560.
10560.
10560.
10560.
10560.
10559.
10559.
10559.
10558.
10559.
10559.
10558.
10558.
10557.
10557.
10557.
10557.
10557.
10557.
10556.
10557.
10556.
10556.
10555.
10555.
10554.
10554.
10553.
10552.
10552.
10552.
10551.
10551.
10551.
10551.
10549.
10550.
10549.
10549.
10547.
10547.
10547.
10547.
10545.
10545.
10544.
10544.
10543.
10542.
10541.
10541.
10540.
10539.
10539.
10539.
10537.
10536.
10536.
10534.
10533.
10533.
10532.
10532.
10531.
10529.
10527.
10526.
10526.
10525.
10523.
10522.
10522.
10520.
10520.
10518.
10517.
10516.
10514.
10513.
10512.
10510.
10509.
10508.
10507.
10505.
10505.
10503.
10502.
10501.
10499.
10497.
10496.
10495.
10493.
10492.
10489.
10488.
10487.
10486.
10483.
10482.
10480.
10478.
10477.
10475.
10473.
10471.
10470.
10468.
10466.
10464.
10463.
10461.
10459.
10457.
10454.
10453.
10452.
10450.
10448.
10446.
10444.
10442.
10439.
10438.
10435.
10433.
10431.
10429.
10428.
10425.
10423.
10420.
10419.
10416.
10414.
10411.
10408.
10407.
10405.
10403.
10401.
10398.
10397.
10393.
10391.
10389.
10386.
10384.
10381.
10379.
10377.
10374.
10373.
10369.
10367.
10364.
10362.
10359.
10357.
10354.
10352.
10349.
10346.
10345.
10342.
10338.
10336.
10333.
10331.
10328.
10326.
10324.
10320.
10318.
10316.
10313.
10310.
10308.
10305.
10302.
10299.
10297.
10294.
10291.
10288.
10285.
10283.
10279.
10276.
10274.
10270.
10268.
10265.
10263.
10260.
10257.
10253.
10251.
10248.
10245.
10241.
10239.
10235.
10233.
10229.
10226.
10223.
10220.
10216.
10214.
10210.
10208.
10203.
10201.
10198.
10195.
10191.
10188.
10184.
10181.
10177.
10175.
10171.
10168.
10164.
10161.
10157.
10154.
10151.
10146.
10143.
10140.
10136.
10132.
10129.
10125.
10122.
10118.
10114.
10110.
10107.
10103.
10100.
10095.
10091.
10087.
10084.
10080.
10076.
10072.
10069.
10065.
10060.
10056.
10052.
10049.
10044.
10041.
10035.
10031.
10027.
10023.
10019.
10015.
10010.
10006.
10002.
9998.
9993.
9988.
9985.
9981.
9975.
9971.
9966.
9963.
9957.
9953.
9948.
9944.
9938.
9934.
9930.
9925.
9921.
9916.
9910.
9906.
9901.
9896.
9892.
9887.
9881.
9876.
9871.
9867.
9862.
9857.
9852.
9846.
9841.
9836.
9831.
9826.
9821.
9816.
9811.
9805.
9800.
9795.
9790.
9784.
9779.
9773.
9768.
9762.
9757.
9751.
9746.
9740.
9735.
9729.
9724.
9717.
9712.
9706.
9701.
9694.
9689.
9683.
9678.
9671.
9666.
9660.
9654.
9648.
9642.
9636.
9630.
9623.
9618.
9611.
9605.
9599.
9593.
9587.
9581.
9574.
9568.
9562.
9555.
9549.
9542.
9536.
9531.
9523.
9517.
9511.
9504.
9497.
9491.
9484.
9478.
9472.
9465.
9458.
9451.
9444.
9438.
9431.
9424.
9417.
9410.
9404.
9397.
9390.
9384.
9377.
9370.
9363.
9356.
9349.
9343.
9335.
9328.
9321.
9314.
9307.
9300.
9293.
9286.
9279.
9272.
9264.
9258.
9251.
9243.
9235.
9229.
9222.
9214.
9207.
9199.
9192.
9185.
9178.
9170.
9163.
9155.
9148.
9140.
9133.
9126.
9118.
9110.
9103.
9096.
9088.
9081.
9074.
9066.
9058.
9050.
9043.
9036.
9028.
9020.
9013.
9005.
8997.
8990.
8982.
8975.
8967.
8959.
8952.
8943.
8936.
8928.
8921.
8913.
8905.
8898.
8890.
8882.
8875.
8867.
8859.
8851.
8843.
8835.
8828.
8820.
8812.
8804.
8797.
8789.
8780.
8773.
8765.
8757.
8750.
8742.
8734.
8726.
8718.
8710.
8702.
8694.
8686.
8679.
8671.
8663.
8655.
8647.
8639.
8632.
8624.
8615.
8608.
8600.
8593.
8584.
8576.
8569.
8561.
8553.
8546.
8537.
8529.
8521.
8514.
8505.
8498.
8491.
8483.
8475.
8467.
8460.
8452.
8445.
8436.
8429.
8421.
8413.
8406.
8399.
8390.
8383.
8375.
8367.
8360.
8352.
8344.
8336.
8330.
8321.
8315.
8308.
8300.
8292.
8285.
8277.
8270.
8262.
8255.
8247.
8240.
8232.
8226.
8218.
8211.
8203.
8196.
8188.
8182.
8173.
8167.
8159.
8152.
8144.
8137.
8130.
8123.
8115.
8109.
8101.
8094.
8087.
8080.
8072.
8065.
8058.
8051.
8045.
8037.
8030.
8023.
8016.
8008.
8001.
7994.
7988.
7980.
7974.
7966.
7960.
7952.
7945.
7939.
7932.
7925.
7918.
7910.
7904.
7897.
7891.
7883.
7876.
7870.
7863.
7855.
7849.
7844.
7836.
7829.
7823.
7815.
7809.
7802.
7796.
7789.
7782.
7776.
7769.
7762.
7755.
7750.
7743.
7736.
7729.
7722.
7716.
7710.
7703.
7696.
7691.
7684.
7677.
7672.
7665.
7659.
7652.
7645.
7639.
7633.
7627.
7620.
7614.
7608.
7602.
7596.
7589.
7583.
7577.
7571.
7565.
7559.
7553.
7547.
7540.
7534.
7528.
7522.
7516.
7510.
7505.
7498.
7493.
7487.
7481.
7475.
7470.
7464.
7457.
7452.
7447.
7441.
7435.
7430.
7423.
7418.
7413.
7407.
7401.
7395.
7390.
7384.
7378.
7373.
7367.
7362.
7356.
7351.
7344.
7340.
7333.
7328.
7322.
7318.
7313.
7307.
7300.
7296.
7290.
7285.
7278.
7274.
7268.
7263.
7257.
7252.
7246.
7241.
7235.
7230.
7225.
7220.
7214.
7209.
7204.
7199.
7193.
7188.
7182.
7178.
7172.
7167.
7162.
7157.
7151.
7146.
7141.
7136.
7130.
7125.
7120.
7116.
7110.
7105.
7100.
7095.
7090.
7085.
7080.
7075.
7070.
7065.
7060.
7055.
7050.
7045.
7040.
7035.
7031.
7026.
7022.
7016.
7011.
7006.
7002.
6997.
6992.
6987.
6983.
6978.
6973.
6968.
6964.
6959.
6954.
6949.
6945.
6940.
6936.
6931.
6927.
6922.
6918.
6913.
6910.
6904.
6900.
6895.
6891.
6887.
6882.
6878.
6873.
6869.
6864.
6860.
6856.
6852.
6847.
6842.
6838.
6834.
6830.
6825.
6821.
6817.
6813.
6808.
6804.
6801.
6796.
6792.
6788.
6784.
6779.
6775.
6771.
6767.
6763.
6759.
6755.
6751.
6746.
6742.
6738.
6735.
6730.
6726.
6721.
6717.
6714.
6710.