10532.
10532.
10533.
10533.
10532.
10533.
10532.
10532.
10532.
10533.
10533.
10532.
10532.
10532.
10532.
10532.
10532.
10533.
10532.
10532.
10532.
10532.
10533.
10533.
10531.
10532.
10532.
10532.
10532.
10532.
10532.
10532.
10532.
10532.
10532.
10532.
10532.
10532.
10532.
10532.
10532.
10532.
10532.
10532.
10531.
10532.
10532.
10532.
10532.
10532.
10532.
10531.
10532.
10531.
10532.
10531.
10531.
10531.
10531.
10531.
10531.
10531.
10531.
10531.
10531.
10531.
10531.
10531.
10531.
10531.
10530.
10530.
10530.
10531.
10531.
10530.
10530.
10530.
10530.
10530.
10530.
10530.
10530.
10530.
10530.
10529.
10529.
10529.
10529.
10529.
10529.
10529.
10528.
10529.
10529.
10529.
10529.
10528.
10528.
10528.
10528.
10527.
10527.
10527.
10527.
10527.
10527.
10527.
10527.
10526.
10526.
10525.
10525.
10525.
10525.
10525.
10524.
10524.
10524.
10523.
10523.
10523.
10522.
10522.
10522.
10521.
10521.
10521.
10520.
10520.
10520.
10519.
10518.
10519.
10518.
10518.
10517.
10517.
10516.
10516.
10514.
10514.
10512.
10512.
10511.
10511.
10510.
10509.
10509.
10508.
10507.
10507.
10505.
10504.
10503.
10502.
10501.
10501.
10499.
10498.
10495.
10495.
10494.
10493.
10491.
10490.
10489.
10487.
10485.
10484.
10482.
10480.
10478.
10477.
10474.
10472.
10470.
10468.
10466.
10464.
10462.
10461.
10457.
10455.
10452.
10450.
10447.
10445.
10442.
10439.
10437.
10434.
10431.
10429.
10425.
10423.
10419.
10417.
10413.
10409.
10405.
10403.
10399.
10396.
10392.
10388.
10384.
10381.
10377.
10373.
10369.
10366.
10361.
10357.
10353.
10349.
10345.
10340.
10336.
10331.
10327.
10323.
10318.
10314.
10310.
10305.
10300.
10295.
10290.
10286.
10281.
10276.
10271.
10266.
10260.
10256.
10250.
10245.
10240.
10235.
10229.
10224.
10218.
10214.
10208.
10202.
10197.
10191.
10185.
10180.
10174.
10168.
10162.
10156.
10150.
10145.
10138.
10133.
10127.
10120.
10114.
10107.
10101.
10095.
10089.
10081.
10075.
10068.
10062.
10055.
10048.
10041.
10035.
10028.
10021.
10014.
10007.
9999.
9993.
9986.
9979.
9971.
9964.
9957.
9949.
9942.
9935.
9927.
9919.
9912.
9904.
9897.
9889.
9881.
9873.
9865.
9857.
9849.
9841.
9833.
9826.
9816.
9808.
9800.
9792.
9784.
9776.
9766.
9758.
9750.
9741.
9732.
9724.
9715.
9707.
9698.
9690.
9680.
9672.
9662.
9653.
9644.
9636.
9626.
9617.
9608.
9599.
9589.
9579.
9570.
9561.
9552.
9542.
9533.
9523.
9514.
9504.
9494.
9485.
9475.
9465.
9456.
9445.
9435.
9425.
9416.
9407.
9396.
9387.
9376.
9365.
9356.
9346.
9335.
9325.
9314.
9304.
9294.
9284.
9273.
9263.
9252.
9242.
9232.
9222.
9210.
9199.
9188.
9179.
9167.
9157.
9147.
9135.
9125.
9114.
9103.
9092.
9081.
9070.
9059.
9048.
9037.
9026.
9016.
9004.
8994.
8983.
8971.
8959.
8948.
8936.
8926.
8914.
8903.
8891.
8881.
8869.
8859.
8847.
8836.
8825.
8813.
8801.
8790.
8779.
8767.
8755.
8744.
8732.
8721.
8709.
8698.
8686.
8674.
8663.
8651.
8640.
8628.
8616.
8605.
8593.
8582.
8570.
8558.
8547.
8534.
8523.
8512.
8499.
8487.
8476.
8464.
8453.
8440.
8429.
8416.
8405.
8393.
8381.
8369.
8358.
8347.
8334.
8322.
8311.
8298.
8287.
8274.
8263.
8250.
8240.
8227.
8216.
8204.
8192.
8180.
8169.
8156.
8145.
8133.
8120.
8108.
8097.
8085.
8073.
8060.
8049.
8037.
8025.
8013.
8001.
7990.
7977.
7966.
7953.
7942.
7929.
7918.
7906.
7894.
7882.
7870.
7858.
7846.
7834.
7822.
7810.
7799.
7787.
7774.
7763.
7751.
7739.
7728.
7716.
7704.
7692.
7680.
7669.
7655.
7644.
7632.
7620.
7608.
7597.
7585.
7573.
7562.
7550.
7537.
7526.
7515.
7503.
7491.
7480.
7468.
7456.
7444.
7433.
7420.
7410.
7397.
7386.
7374.
7364.
7352.
7341.
7329.
7318.
7305.
7295.
7283.
7272.
7260.
7249.
7237.
7227.
7214.
7204.
7192.
7181.
7169.
7158.
7147.
7137.
7125.
7114.
7104.
7093.
7082.
7071.
7060.
7049.
7039.
7028.
7018.
7006.
6997.
6985.
6976.
6964.
6955.
6944.
6934.
6923.
6914.
6903.
6892.
6883.
6873.
6863.
6853.
6843.
6833.
6823.
6813.
6803.
6793.
6784.
6774.
6765.
6754.
6746.
6736.
6727.
6717.
6709.
6699.
6689.
6679.
6671.
6661.
6653.
6644.
6635.
6625.
6617.
6608.
6600.
6590.
6582.
6573.
6565.
6557.
6548.
6539.
6531.
6523.
6515.
6507.
6498.
6490.
6482.
6474.
6467.
6458.
6450.
6442.
6435.
6426.
6420.
6412.
6405.
6397.
6390.
6382.
6375.
6367.
6360.
6353.
6346.
6338.
6331.
6324.
6317.
6310.
6304.
6297.
6290.
6283.
6277.
6270.
6263.
6256.
6251.
6245.
6238.
6232.
6225.
6219.
6213.
6207.
6201.
6195.
6188.
6183.
6177.
6171.
6166.
6160.
6154.
6148.
6143.
6137.
6132.
6126.
6121.
6116.
6110.
6105.
6100.
6095.
6090.
6084.
6080.
6074.
6070.
6064.
6060.
6055.
6051.
6045.
6041.
6036.
6032.
6027.
6024.
6018.
6014.
6010.
6006.
6002.
5998.
5994.
5990.
5985.
5982.
5978.
5974.
5971.
5967.
5964.
5960.
5955.
5953.
5949.
5946.
5943.
5940.
5936.
5933.
5930.
5927.
5924.
5921.
5918.
5916.
5913.
5911.
5908.
5905.
5903.
5901.
5898.
5896.
5894.
5892.
5889.
5888.
5885.
5884.
5882.
5881.
5878.
5876.
5875.
5874.
5873.
5871.
5870.
5869.
5868.
5866.
5866.
5864.
5863.
5862.
5862.
5861.
5861.
5860.
5860.
5860.
5859.
5858.
5859.
5859.
5859.
5859.
5859.
5860.
5860.
5858.
5859.
5860.
5860.
5859.
5859.
5860.
5860.
5859.
5859.
5860.
5859.
5860.
5859.
5860.
5859.
5859.
5860.
5859.
5860.
5859.
5860.
5860.
5860.
5860.
5860.
5860.
5860.
5860.
5860.
5860.
5860.
5859.
5860.
5859.
5860.
5860.
5860.
5860.
5860.
5860.
5860.
5860.
5860.
5861.
5859.
5860.
5860.
5860.
5860.
5861.
5860.
5860.
5860.
5860.
5860.
5861.
5860.
5860.
5860.
5861.
5860.
5860.
5860.
5861.
5860.
5860.
5861.
5860.
5860.
5860.
5861.
5861.
5860.
5861.
5861.
5860.
5861.
5861.
5860.
5861.
5861.
5861.
5862.
5861.
5860.
5861.
5861.
5860.
5860.
5861.
5861.
5861.
5862.
5861.
5861.
5861.
5861.
5861.
5862.
5861.
5861.
5861.
5862.
5861.
5861.
5861.
5861.
5861.
5862.
5861.
5861.
5861.
5861.
5861.
5861.
5861.
5861.
5861.
5862.
5861.
5861.
5861.
5861.
5862.
5861.
5862.
5862.
5861.
5861.
5861.
5861.
5861.
5861.
5861.
5861.
5862.
5861.
5862.
5861.
5862.
5861.
5861.
5861.
5862.
5861.
5862.
5861.
5861.
5861.
5861.
5861.
5862.
5861.
5861.
5861.
5861.
5861.
5862.
5862.
5862.
5861.
5862.
5862.
5861.
5861.
5861.
5862.
5862.
5862.
5862.
5862.
5862.
5862.
5862.
5862.
5863.
5862.
5862.
5863.
5863.
5862.
5862.
5862.
5862.
5862.
5862.
5863.
5862.
5862.
5862.
5862.
5862.
5862.
5862.
5862.
5862.
5862.
5862.
5863.
5862.
5862.
5863.
5863.
5863.
5862.
5862.
5863.
5863.
5863.
5862.
5863.
5863.
5863.
5863.
5863.
5863.
5863.
5863.
5863.
5863.
5863.
5863.
5864.
5863.
5863.
5864.
5863.
5864.
5864.
5865.
5865.
5866.
5866.
5868.
5868.
5869.
5869.
5871.
5872.
5874.
5875.
5876.
5877.
5879.
5880.
5882.
5883.
5885.
5887.
5889.
5891.
5893.
5896.
5898.
5901.
5903.
5906.
5909.
5912.
5914.
5917.
5921.
5924.
5927.
5930.
5934.
5937.
5940.
5944.
5949.
5952.
5955.
5960.
5965.
5969.
5972.
5977.
5982.
5986.
5990.
5996.
6001.
6005.
6010.
6015.
6020.
6026.
6031.
6036.
6041.
6047.
6052.
6059.
6063.
6069.
6075.
6082.
6087.
6093.
6099.
6105.
6111.
6118.
6124.
6131.
6137.
6144.
6149.
6156.
6163.
6169.
6177.
6183.
6190.
6196.
6204.
6210.
6218.
6225.
6234.
6240.
6248.
6255.
6263.
6270.
6278.
6285.
6292.
6301.
6309.
6316.
6324.
6332.
6340.
6349.
6357.
6364.
6373.
6382.
6390.
6398.
6407.
6415.
6424.
6433.
6442.
6450.
6459.
6467.
6477.
6485.
6495.
6504.
6513.
6522.
6531.
6540.
6550.
6559.
6568.
6578.
6587.
6596.
6605.
6615.
6625.
6634.
6644.
6653.
6664.
6673.
6683.
6693.
6703.
6712.
6723.
6733.
6742.
6752.
6762.
6772.
6783.
6793.
6803.
6813.
6824.
6833.
6844.
6854.
6865.
6875.
6885.
6895.
6906.
6916.
6927.
6938.
6948.
6958.
6969.
6980.
6991.
7001.
7011.
7022.
7032.
7044.
7054.
7065.
7076.
7088.
7098.
7109.
7119.
7130.
7141.
7152.
7162.
7173.
7184.
7196.
7206.
7217.
7228.
7240.
7250.
7262.
7272.
7284.
7295.
7306.
7317.
7328.
7340.
7351.
7362.
7373.
7385.
7396.
7407.
7418.
7430.
7441.
7452.
7464.
7475.
7486.
7498.
7509.
7520.
7532.
7543.
7554.
7565.
7576.
7588.
7599.
7611.
7621.
7633.
7645.
7656.
7667.
7678.
7690.
7702.
7713.
7724.
7735.
7747.
7758.
7770.
7781.
7793.
7803.
7815.
7826.
7838.
7849.
7860.
7871.
7883.
7893.
7905.
7916.
7928.
7939.
7950.
7961.
7973.
7984.
7996.
8006.
8018.
8029.
8040.
8051.
8063.
8074.
8086.
8096.
8108.
8119.
8131.
8142.
8153.
8164.
8175.
8185.
8197.
8208.
8220.
8230.
8241.
8252.
8263.
8274.
8286.
8296.
8307.
8318.
8329.
8340.
8351.
8361.
8373.
8383.
8394.
8405.
8416.
8427.
8438.
8448.
8459.
8469.
8480.
8491.
8501.
8512.
8523.
8533.
8544.
8554.
8565.
8575.
8585.
8596.
8606.
8616.
8626.
8637.
8647.
8658.
8668.
8678.
8689.
8699.
8709.
8719.
8730.
8739.
8749.
8759.
8769.
8779.
8789.
8799.
8809.
8819.
8828.
8838.
8848.
8858.
8869.
8878.
8887.
8898.
8907.
8917.
8927.
8936.
8946.
8956.
8966.
8975.
8985.
8994.
9004.
9013.
9023.
9032.
9042.
9051.
9061.
9070.
9080.
9088.
9098.
9108.
9117.
9126.
9135.
9144.
9154.
9163.
9172.
9181.
9190.
9199.
9208.
9217.
9227.
9235.
9245.
9254.
9262.
9271.
9280.
9288.
9297.
9305.
9314.
9322.
9331.
9340.
9349.
9358.
9366.
9374.
9383.
9391.
9399.
9407.
9416.
9425.
9433.
9441.
9450.
9457.
9465.
9473.
9481.
9490.
9497.
9506.
9512.
9521.
9529.
9537.
9545.
9553.
9560.
9567.
9575.
9582.
9589.
9598.
9606.
9613.
9620.
9627.
9635.
9642.
9649.
9656.
9664.
9671.
9678.
9685.
9692.
9699.
9706.
9713.
9720.
9726.
9734.
9741.
9747.
9753.
9760.
9768.
9773.
9779.
9786.
9793.
9799.
9805.
9812.
9818.
9824.
9830.
9837.
9843.
9848.
9855.
9860.
9866.
9872.
9878.
9884.
9889.
9896.
9901.
9907.
9913.
9918.
9925.
9930.
9935.
9940.
9946.
9951.
9957.
9962.
9967.
9971.
9977.
9982.
9988.
9992.
9997.
10002.
10008.
10012.
10018.
10022.
10027.
10032.
10037.
10041.
10046.
10051.
10055.
10060.
10063.
10069.
10073.
10078.
10082.
10086.
10091.
10094.
10098.
10103.
10107.
10111.
10115.
10119.
10123.
10127.
10130.
10135.
10139.
10142.
10145.
10150.
10154.
10156.
10160.
10164.
10168.
10171.
10174.
10178.
10182.
10184.
10188.
10192.
10196.
10198.
10201.
10204.
10208.
10211.
10213.
10216.
10220.
10223.
10226.
10228.
10232.
10234.
10237.
10240.
10243.
10246.
10248.
10251.
10254.
10256.
10258.
10261.
10264.
10266.
10269.
10271.
10274.
10276.
10277.
10280.
10283.
10285.
10287.
10289.
10292.
10294.
10296.
10298.
10300.
10302.
10304.
10306.
10308.
10310.
10312.
10314.
10315.
10317.
10319.
10321.
10322.
10324.
10326.
10328.
10330.
10331.
10333.
10335.
10336.
10337.
10340.
10341.
10343.
10343.
10345.
10346.
10348.
10349.
10351.
10352.
10353.
10354.
10356.
10357.
10359.
10360.
10361.
10362.
10363.
10363.
10364.
10365.
10367.
10368.
10369.
10370.
10371.
10372.
10374.
10374.
10375.
10375.
10377.
10377.
10377.
10379.
10380.
10380.
10381.
10382.
10383.
10383.
10383.
10385.
10385.
10386.
10386.
10387.
10388.
10388.
10388.
10389.
10389.
10390.
10390.
10391.
10391.
10392.
10392.
10392.
10392.
10393.
10393.
10394.
10394.
10394.
10394.
10394.
10394.
10395.
10396.
10395.
10396.
10396.
10396.
10396.
10396.
10396.
10395.
10396.
10396.
10396.
10396.
10396.
10396.
10395.
10395.
10396.
10396.
10396.
10395.
10396.
10395.
10395.
10395.
10394.
10394.
10394.
10394.
10394.
10394.
10394.
10394.
10394.
10393.
10392.
10393.
10393.
10393.
10393.
10392.
10393.
10393.
10393.
10392.
10392.
10393.
10392.
10392.
10393.
10392.
10391.
10392.
10392.
10392.
10392.
10391.
10392.
10392.
10392.
10392.
10391.
10392.
10392.
10392.
10392.
10392.
10393.
10392.
10392.
10392.
10393.
10392.
10392.
10392.
10392.
10392.
10392.
10392.
10393.
10391.
10392.
10392.
10392.
10392.
10392.
10392.
10393.
10392.
10392.
10392.
10392.
10392.
10392.
10391.
10391.
10391.
10392.
10391.
10391.
10391.
10392.
10392.
10392.
10391.
10391.
10391.
10391.
10391.
10391.
10391.
10391.
10391.
10391.
10392.
10391.
10390.
10391.
10391.
10391.
10391.
10391.
10392.
10391.
10391.
10391.
10392.
10391.
10391.
10391.
10391.
10391.
10391.
10391.
10392.
10390.
10390.
10390.
10390.
10390.
10390.
10391.
10391.
10390.
10390.
10391.
10391.
10390.
10390.
10390.
10390.
10390.
10389.
10390.
10389.
10389.
10389.
10389.
10389.
10388.
10388.
10389.
10388.
10387.
10387.
10387.
10387.
10386.
10386.
10385.
10385.
10384.
10383.
10383.
10383.
10382.
10380.
10380.
10379.
10378.
10376.
10375.
10374.
10374.
10372.
10372.
10371.
10368.
10367.
10366.
10364.
10362.
10360.
10360.
10358.
10356.
10353.
10353.
10351.
10348.
10346.
10344.
10342.
10340.
10337.
10334.
10332.
10330.
10327.
10324.
10322.
10319.
10316.
10313.
10310.
10307.
10303.
10299.
10297.
10294.
10290.
10287.
10284.
10280.
10277.
10273.
10268.
10265.
10261.
10257.
10253.
10250.
10245.
10241.
10237.
10233.
10229.
10224.
10218.
10214.
10210.
10205.
10200.
10196.
10192.
10186.
10182.
10176.
10172.
10166.
10162.
10156.
10152.
10146.
10141.
10136.
10130.
10124.
10119.
10113.
10109.
10103.
10097.
10092.
10085.
10079.
10074.
10068.
10062.
10056.
10051.
10044.
10037.
10031.
10025.
10019.
10012.
10006.
9999.
9993.
9987.
9980.
9974.
9967.
9960.
9953.
9946.
9939.
9933.
9925.
9918.
9911.
9904.
9897.
9889.
9881.
9875.
9867.
9860.
9853.
9845.
9837.
9830.
9822.
9815.
9806.
9798.
9790.
9783.
9775.
9767.
9759.
9751.
9744.
9734.
9727.
9718.
9710.
9701.
9693.
9685.
9676.
9669.
9660.
9651.
9642.
9634.
9625.
9616.
9608.
9599.
9591.
9582.
9574.
9564.
9555.
9546.
9537.
9529.
9519.
9510.
9501.
9493.
9483.
9474.
9465.
9456.
9447.
9437.
9427.
9419.
9409.
9400.
9389.
9380.
9371.
9362.
9352.
9343.
9332.
9324.
9314.
9304.
9294.
9285.
9275.
9266.
9256.
9246.
9237.
9227.
9217.
9207.
9197.
9188.
9177.
9167.
9157.
9147.
9137.
9128.
9117.
9107.
9097.
9087.
9077.
9067.
9056.
9047.
9036.
9025.
9016.
9006.
8995.
8985.
8974.
8964.
8954.
8943.
8933.
8923.
8912.
8901.
8891.
8880.
8870.
8860.
8849.
8838.
8827.
8817.
8807.
8795.
8785.
8775.
8763.
8753.
8742.
8731.
8720.
8709.
8699.
8688.
8678.
8666.
8654.
8644.
8634.
8622.
8612.
8601.
8590.
8579.
8568.
8557.
8546.
8535.
8525.
8513.
8503.
8491.
8481.
8469.
8459.
8447.
8436.
8424.
8414.
8402.
8391.
8380.
8369.
8358.
8347.
8335.
8325.
8313.
8302.
8291.
8280.
8268.
8257.
8246.
8234.
8223.
8212.
8201.
8189.
8178.
8167.
8155.
8144.
8132.
8121.
8110.
8099.
8088.
8076.
8064.
8053.
8041.
8030.
8019.
8007.
7997.
7985.
7974.
7962.
7951.
7939.
7928.
7916.
7905.
7893.
7882.
7871.
7859.
7848.
7836.
7824.
7814.
7801.
7790.
7778.
7767.
7756.
7745.
7733.
7722.
7710.
7699.
7687.
7675.
7664.
7653.
7642.
7630.
7619.
7607.
7596.
7584.
7573.
7562.
7551.
7539.
7528.
7516.
7505.
7494.
7483.
7472.
7461.
7449.
7438.
7426.
7415.
7404.
7393.
7382.
7372.
7360.
7350.
7338.
7327.
7315.
7304.
7293.
7283.
7271.
7261.
7250.
7239.
7228.
7217.
7206.
7196.
7184.
7174.
7163.
7152.
7142.
7130.
7121.
7110.
7099.
7088.
7078.
7067.
7057.
7046.
7037.
7026.
7015.
7005.
6994.
6984.
6974.
6964.
6953.
6944.
6934.
6923.
6913.
6904.
6893.
6884.
6873.
6864.
6854.
6845.
6834.
6826.
6816.
6806.
6795.
6787.
6777.
6767.
6757.
6748.
6739.
6731.
6721.
6712.
6702.
6692.
6683.
6674.
6664.
6655.
6647.
6638.
6628.
6619.
6611.
6602.
6593.
6584.
6575.
6566.
6558.
6549.
6540.
6532.
6524.
6514.
6505.
6497.
6488.
6480.
6472.
6464.
6455.
6446.
6438.
6431.
6422.
6414.
6406.
6398.
6390.
6381.
6373.
6366.
6357.
6350.
6343.
6333.
6326.
6318.
6310.
6303.
6295.
6288.
6280.
6273.
6266.
6257.
6250.
6243.
6236.
6228.
6221.
6214.
6207.
6200.
6194.
6186.
6180.
6173.
6167.
6159.
6152.
6146.
6140.
6133.
6127.
6120.
6114.
6108.
6102.
6096.
6090.
6084.
6078.
6072.
6066.
6060.
6054.
6049.
6043.
6038.
6032.
6028.
6022.
6017.
6012.
6007.
6002.
5998.
5992.
5987.
5983.
5979.
5974.
5970.
5965.
5961.
5958.
5953.
5949.
5945.
5940.
5937.
5934.
5930.
5925.
5922.
5919.
5916.
5913.
5910.
5906.
5903.
5900.
5897.
5894.
5892.
5888.
5886.
5884.
5882.
5879.
5877.
5874.
5873.
5870.
5869.
5866.
5864.
5862.
5859.
5859.
5857.
5856.
5855.
5855.
5853.
5851.
5850.
5849.
5847.
5847.
5846.
5845.
5845.
5844.
5844.
5844.
5842.
5842.
5842.
5842.
5843.
5842.
5843.
5843.
5842.
5843.
5843.
5843.
5843.
5843.
5843.
5843.
5843.
5843.
5842.
5843.
5842.
5843.
5843.
5843.
5843.
5843.
5843.
5843.
5844.
5843.
5844.
5843.
5843.
5843.
5843.
5843.
5844.
5843.
5843.
5843.
5844.
5843.
5843.
5844.
5844.
5843.
5843.
5844.
5844.
5843.
5844.
5844.
5843.
5844.
5843.
5844.
5844.
5844.
5844.
5844.
5844.
5844.
5844.
5844.
5844.
5844.
5844.
5844.
5844.
5844.
5844.
5844.
5845.
5844.
5844.
5844.
5845.
5845.
5845.
5844.
5845.
5845.
5845.
5845.
5845.
5845.
5845.
5845.
5844.
5844.
5845.
5845.
5845.
5845.
5845.
5846.
5845.
5844.
5845.
5844.
5845.
5844.
5845.
5845.
5845.
5845.
5845.
5846.
5845.
5844.
5845.
5845.
5845.
5845.
5845.
5845.
5845.
5845.
5845.
5845.
5845.
5845.
5845.
5845.
5846.
5845.
5845.
5845.
5845.
5845.
5845.
5845.
5846.
5846.
5845.
5846.
5845.
5845.
5845.
5846.
5846.
5846.
5845.
5845.
5846.
5845.
5846.
5846.
5846.
5845.
5846.
5846.
5846.
5845.
5846.
5846.
5847.
5845.
5845.
5846.
5846.
5846.
5847.
5846.
5846.
5846.
5845.
5846.
5846.
5845.
5845.
5846.
5846.
5846.
5846.
5846.
5846.
5846.
5846.
5846.
5847.
5846.
5847.
5846.
5846.
5846.
5846.
5847.
5846.
5847.
5847.
5846.
5846.
5846.
5847.
5847.
5847.
5847.
5847.
5846.
5847.
5846.
5847.
5847.
5848.
5848.
5849.
5850.
5849.
5850.
5852.
5852.
5853.
5854.
5855.
5856.
5857.
5859.
5860.
5862.
5863.
5865.
5868.
5869.
5872.
5873.
5875.
5878.
5880.
5883.
5884.
5887.
5889.
5893.
5896.
5898.
5901.
5905.
5908.
5912.
5914.
5918.
5921.
5925.
5927.
5932.
5936.
5940.
5943.
5947.
5951.
5955.
5959.
5963.
5969.
5972.
5976.
5981.
5987.
5991.
5995.
6000.
6005.
6009.
6015.
6019.
6024.
6029.
6034.
6039.
6045.
6050.
6056.
6060.
6065.
6070.
6076.
6082.
6087.
6093.
6098.
6104.
6109.
6115.
6120.
6126.
6132.
6138.
6143.
6149.
6155.
6161.
6167.
6173.
6179.
6185.
6190.
6197.
6204.
6210.
6216.
6222.
6229.
6235.
6241.
6248.
6255.
6261.
6267.
6274.
6281.
6287.
6295.
6301.
6309.
6315.
6323.
6330.
6337.
6343.
6351.
6358.
6365.
6372.
6381.
6387.
6395.
6401.
6410.
6417.
6425.
6433.
6441.
6447.
6456.
6464.
6472.
6480.
6488.
6496.
6504.
6514.
6522.
6530.
6538.
6546.
6555.
6565.
6573.
6582.
6590.
6599.
6608.
6617.
6626.
6635.
6644.
6653.
6663.
6672.
6682.
6691.
6701.
6710.
6720.
6730.
6740.
6749.
6759.
6769.
6779.
6789.
6799.
6810.
6820.
6830.
6840.
6851.
6861.
6872.
6883.
6893.
6904.
6915.
6925.
6937.
6948.
6958.
6969.
6980.
6991.
7003.
7014.
7025.
7035.
7047.
7058.
7070.
7081.
7093.
7104.
7116.
7127.
7139.
7150.
7162.
7174.
7185.
7196.
7208.
7220.
7233.
7244.
7256.
7268.
7280.
7292.
7304.
7316.
7328.
7339.
7352.
7363.
7376.
7387.
7400.
7411.
7424.
7435.
7447.
7459.
7472.
7484.
7496.
7508.
7520.
7532.
7544.
7556.
7568.
7580.
7592.
7604.
7616.
7628.
7640.
7652.
7664.
7675.
7687.
7699.
7711.
7723.
7734.
7747.
7759.
7770.
7782.
7793.
7805.
7817.
7829.
7841.
7852.
7864.
7876.
7888.
7899.
7911.
7922.
7934.
7946.
7958.
7969.
7981.
7992.
8004.
8015.
8027.
8038.
8050.
8061.
8073.
8084.
8095.
8106.
8118.
8129.
8141.
8151.
8164.
8174.
8186.
8197.
8208.
8219.
8231.
8242.
8253.
8264.
8276.
8286.
8298.
8309.
8320.
8331.
8343.
8353.
8365.
8376.
8387.
8398.
8409.
8420.
8432.
8442.
8454.
8465.
8476.
8486.
8498.
8508.
8520.
8530.
8541.
8552.
8564.
8574.
8585.
8596.
8608.
8617.
8629.
8640.
8651.
8661.
8673.
8683.
8694.
8704.
8715.
8726.
8736.
8746.
8758.
8768.
8778.
8789.
8800.
8810.
8821.
8831.
8842.
8852.
8863.
8873.
8883.
8894.
8905.
8915.
8925.
8935.
8945.
8956.
8966.
8976.
8986.
8996.
9006.
9017.
9027.
9037.
9047.
9057.
9068.
9077.
9087.
9097.
9106.
9116.
9126.
9136.
9145.
9156.
9166.
9175.
9185.
9195.
9205.
9214.
9224.
9233.
9243.
9252.
9262.
9271.
9281.
9289.
9299.
9308.
9318.
9327.
9337.
9346.
9355.
9364.
9374.
9382.
9392.
9400.
9410.
9418.
9428.
9437.
9445.
9454.
9463.
9472.
9481.
9489.
9498.
9507.
9516.
9523.
9533.
9542.
9550.
9559.
9567.
9576.
9584.
9592.
9601.
9610.
9618.
9626.
9635.
9643.
9652.
9660.
9667.
9676.
9684.
9692.
9700.
9708.
9717.
9725.
9733.
9741.
9749.
9756.
9764.
9772.
9780.
9788.
9795.
9803.
9811.
9818.
9826.
9834.
9841.
9849.
9856.
9864.
9871.
9878.
9885.
9893.
9900.
9908.
9915.
9921.
9929.
9935.
9942.
9950.
9957.
9963.
9970.
9976.
9984.
9991.
9997.
10003.
10010.
10017.
10023.
10030.
10036.
10043.
10049.
10055.
10061.
10067.
10073.
10079.
10085.
10090.
10097.
10104.
10109.
10115.
10120.
10126.
10132.
10138.
10142.
10148.
10154.
10160.
10165.
10170.
10175.
10180.
10186.
10191.
10196.
10201.
10206.
10212.
10216.
10221.
10226.
10231.
10236.
10239.
10244.
10250.
10254.
10258.
10262.
10268.
10271.
10276.
10280.
10285.
10288.
10291.
10297.
10301.
10305.
10308.
10313.
10317.
10321.
10324.
10328.
10333.
10336.
10339.
10343.
10347.
10350.
10354.
10357.
10361.
10365.
10368.
10371.
10375.
10378.
10380.
10383.
10387.
10389.
10392.
10395.
10399.
10401.
10404.
10406.
10410.
10412.
10415.
10417.
10420.
10422.
10425.
10427.
10430.
10432.
10433.
10436.
10437.
10440.
10442.
10444.
10446.
10448.
10449.
10451.
10454.
10455.
10456.
10458.
10459.
10461.
10462.
10464.
10465.
10467.
10468.
10470.
10471.
10471.
10472.
10474.
10474.
10476.
10477.
10477.
10478.
10479.
10480.
10480.
10481.
10481.
10482.
10482.
10483.
10484.
10484.
10484.
10485.
10484.
10485.
10485.
10485.
10486.
10486.
10486.
10486.
10486.
10486.
10486.
10485.
10485.
10485.
10484.
10484.
10484.
10483.
10483.
10483.
10483.
10483.
10483.
10482.
10482.
10481.
10481.
10481.
10481.
10479.
10480.
10479.
10479.
10477.
10477.
10477.
10477.
10476.
10476.
10475.
10475.
10473.
10472.
10472.
10472.
10471.
10470.
10469.
10469.
10468.
10468.
10467.
10466.
10465.
10465.
10464.
10463.
10463.
10462.
10460.
10460.
10460.
10459.
10457.
10456.
10456.
10455.
10454.
10453.
10453.
10452.
10451.
10450.
10449.
10448.
10447.
10446.
10446.
10444.
10444.
10443.
10441.
10440.
10439.
10439.
10438.
10436.
10436.
10434.
10434.
10433.
10433.
10431.
10430.
10429.
10429.
10427.
10427.
10426.
10425.
10423.
10424.
10422.
10420.
10419.
10419.
10417.
10416.
10415.
10415.
10414.
10413.
10412.
10412.
10411.
10409.
10408.
10408.
10406.
10405.
10405.
10404.
10403.
10402.
10402.
10401.
10400.
10399.
10398.
10397.
10396.
10395.
10395.
10393.
10393.
10392.
10392.
10391.
10390.
10388.
10387.
10386.
10386.
10386.
10385.
10384.
10383.
10382.
10382.
10380.
10380.
10379.
10380.
10378.
10378.
10376.
10377.
10376.
10375.
10374.
10374.
10373.
10373.
10371.
10371.
10371.
10371.
10370.
10369.
10368.
10367.
10367.
10366.
10365.
10365.
10364.
10364.
10363.
10362.
10362.
10361.
10360.
10360.
10359.
10358.
10358.
10357.
10356.
10356.
10355.
10354.
10354.
10353.
10353.
10351.
10351.
10349.
10349.
10348.
10347.
10346.
10345.
10344.
10344.
10342.
10342.
10341.
10339.
10338.
10338.
10336.
10335.
10333.
10333.
10332.
10330.
10328.
10328.
10327.
10325.
10323.
10321.
10320.
10319.
10318.
10316.
10315.
10312.
10311.
10310.
10308.
10306.
10304.
10303.
10301.
10298.
10297.
10294.
10292.
10290.
10288.
10286.
10284.
10282.
10279.
10277.
10274.
10272.
10269.
10267.
10264.
10261.
10258.
10255.
10253.
10250.
10248.
10245.
10242.
10238.
10235.
10232.
10228.
10226.
10222.
10219.
10215.
10212.
10208.
10204.
10200.
10197.
10193.
10189.
10185.
10181.
10177.
10172.
10168.
10164.
10159.
10155.
10150.
10145.
10141.
10136.
10131.
10126.
10121.
10116.
10112.
10106.
10100.
10095.
10091.
10085.
10079.
10074.
10068.
10062.
10056.
10051.
10045.
10039.
10032.
10026.
10020.
10014.
10008.
10000.
9994.
9988.
9982.
9974.
9968.
9961.
9954.
9947.
9941.
9933.
9926.
9918.
9912.
9905.
9897.
9890.
9882.
9874.
9867.
9859.
9852.
9844.
9836.
9829.
9819.
9812.
9804.
9795.
9788.
9779.
9771.
9763.
9754.
9745.
9737.
9729.
9720.
9711.
9703.
9694.
9684.
9675.
9667.
9658.
9649.
9639.
9631.
9622.
9612.
9602.
9594.
9584.
9574.
9564.
9555.
9545.
9536.
9526.
9516.
9506.
9496.
9486.
9476.
9466.
9456.
9446.
9435.
9425.
9415.
9405.
9394.
9383.
9372.
9362.
9352.
9342.
9330.
9320.
9309.
9298.
9288.
9277.
9266.
9255.
9244.
9233.
9222.
9210.
9199.
9188.
9177.
9166.
9155.
9144.
9133.
9121.
9110.
9098.
9087.
9075.
9064.
9053.
9041.
9029.
9019.
9007.
8995.
8984.
8971.
8960.
8949.
8936.
8925.
8913.
8901.
8889.
8878.
8866.
8855.
8843.
8831.
8819.
8807.
8795.
8784.
8772.
8760.
8748.
8736.
8724.
8712.
8700.
8688.
8676.
8664.
8653.
8641.
8629.
8617.
8605.
8592.
8581.
8570.
8557.
8546.
8533.
8521.
8510.
8498.
8485.
8473.
8462.
8450.
8438.
8426.
8414.
8402.
8390.
8379.
8367.
8356.
8344.
8332.
8320.
8308.
8296.
8285.
8272.
8261.
8249.
8237.
8225.
8214.
8202.
8190.
8179.
8168.
8155.
8144.
8132.
8121.
8110.
8098.
8085.
8074.
8063.
8051.
8039.
8028.
8016.
8005.
7995.
7982.
7970.
7960.
7948.
7937.
7925.
7914.
7902.
7891.
7880.
7868.
7857.
7847.
7835.
7824.
7813.
7802.
7790.
7780.
7768.
7758.
7746.
7736.
7724.
7713.
7703.
7692.
7681.
7670.
7659.
7648.
7637.
7627.
7616.
7606.
7595.
7585.
7574.
7563.
7554.
7542.
7531.
7521.
7510.
7500.
7490.
7480.
7469.
7459.
7449.
7439.
7428.
7418.
7408.
7398.
7388.
7378.
7367.
7358.
7349.
7339.
7328.
7319.
7309.
7299.
7290.
7280.
7270.
7261.
7252.
7243.
7234.
7224.
7214.
7205.
7196.
7186.
7177.
7168.
7160.
7150.
7141.
7132.
7123.
7115.
7107.
7098.
7089.
7080.
7072.
7063.
7055.
7046.
7039.
7030.
7022.
7014.
7006.
6997.
6990.
6982.
6973.
6966.
6958.
6951.
6942.
6936.
6928.
6921.
6913.
6906.
6899.
6892.
6883.
6877.
6869.
6863.
6855.
6849.
6842.
6834.
6828.
6821.
6815.
6808.
6801.
6794.
6789.
6782.
6776.
6769.
6763.
6758.
6752.
6744.
6738.
6733.
6727.
6721.
6715.
6709.
6704.
6698.
6692.
6687.
6681.
6676.
6670.
6665.
6659.
6655.
6649.
6645.
6639.
6634.
6629.
6624.
6619.
6614.
6609.
6605.
6599.
6595.
6590.
6586.
6581.
6577.
6573.
6569.
6564.
6560.
6555.
6551.
6547.
6543.
6539.
6535.
6531.
6528.
6524.
6521.
6517.
6513.
6510.
6506.
6503.
6500.
6497.
6493.
6489.
6487.
6484.
6481.
6477.
6474.
6471.
6469.
6466.
6464.
6460.
6459.
6455.
6453.
6450.
6449.
6446.
6444.
6442.
6441.
6438.
6436.
6434.
6431.
6430.
6427.
6427.
6426.
6423.
6421.
6421.
6419.
6417.
6416.
6415.
6413.
6413.
6412.
6411.
6409.
6408.
6408.
6407.
6407.
6406.
6405.
6405.
6404.
6404.
6403.
6403.
6403.
6403.
6403.
6403.
6404.
6403.
6403.
6403.
6403.
6403.
6403.
6403.
6403.
6403.
6404.
6403.
6404.
6403.
6403.
6403.
6403.
6404.
6404.
6404.
6404.
6403.
6404.
6403.
6403.
6403.
6403.
6404.
6403.
6404.
6404.
6404.
6404.
6404.
6404.
6404.
6405.
6404.
6404.
6404.
6404.
6404.
6404.
6404.
6404.
6404.
6404.
6404.
6404.
6404.
6404.
6404.
6404.
6404.
6404.
6404.
6404.
6404.
6404.
6404.
6404.
6405.
6404.
6404.
6404.
6405.
6404.
6405.
6405.
6405.
6405.
6404.
6405.
6404.
6405.
6405.
6404.
6405.
6404.
6404.
6405.
6404.
6405.
6405.
6405.
6405.
6404.
6404.
6405.
6404.
6404.
6405.
6405.
6404.
6405.
6405.
6405.
6404.
6405.
6404.
6405.
6406.
6404.
6404.
6405.
6405.
6405.
6405.
6405.
6405.
6405.
6405.
6405.
6405.
6405.
6405.
6406.
6405.
6405.
6405.
6405.
6405.
6405.
6405.
6405.
6405.
6405.
6405.
6405.
6405.
6406.
6406.
6405.
6405.
6405.
6406.
6406.
6405.
6406.
6405.
6405.
6405.
6405.
6405.
6406.
6405.
6405.
6405.
6405.
6405.
6405.
6406.
6405.
6405.
6406.
6405.
6405.
6406.
6406.
6406.
6406.
6406.
6405.
6406.
6406.
6406.
6405.
6406.
6407.
6405.
6406.
6405.
6406.
6406.
6406.
6406.
6406.
6406.
6406.
6406.
6406.
6406.
6406.
6406.
6406.
6406.
6406.
6405.
6406.
6406.
6406.
6406.
6406.
6407.
6406.
6405.
6406.
6405.
6406.
6406.
6406.
6406.
6406.
6406.
6406.
6405.
6406.
6407.
6406.
6406.
6406.
6406.
6406.
6406.
6406.
6406.
6406.
6406.
6406.
6406.
6406.
6406.
6407.
6407.
6405.
6406.
6407.
6407.
6407.
6407.
6406.
6406.
6407.
6407.
6406.
6406.
6407.
6406.
6407.
6407.
6406.
6407.
6407.
6407.
6407.
6407.
6407.
6407.
6408.
6407.
6407.
6407.
6408.
6407.
6408.
6408.
6409.
6409.
6409.
6410.
6411.
6412.
6412.
6413.
6414.
6415.
6416.
6417.
6418.
6419.
6421.
6422.
6424.
6425.
6427.
6429.
6430.
6432.
6435.
6437.
6438.
6440.
6443.
6444.
6448.
6450.
6453.
6455.
6458.
6460.
6463.
6466.
6469.
6472.
6475.
6479.
6482.
6485.
6489.
6493.
6496.
6499.
6503.
6507.
6511.
6514.
6518.
6523.
6528.
6531.
6535.
6540.
6544.
6548.
6553.
6558.
6562.
6567.
6572.
6577.
6582.
6586.
6591.
6596.
6602.
6606.
6612.
6617.
6622.
6628.
6633.
6638.
6644.
6649.
6655.
6660.
6665.
6672.
6678.
6683.
6690.
6695.
6701.
6707.
6713.
6719.
6726.
6731.
6737.
6744.
6750.
6756.
6762.
6769.
6775.
6782.
6789.
6795.
6802.
6809.
6814.
6822.
6829.
6836.
6843.
6850.
6856.
6864.
6871.
6879.
6884.
6892.
6900.
6908.
6914.
6922.
6931.
6938.
6944.
6952.
6960.
6968.
6976.
6984.
6991.
6999.
7007.
7015.
7024.
7031.
7040.
7048.
7056.
7064.
7072.
7081.
7088.
7097.
7106.
7114.
7122.
7131.
7139.
7148.
7156.
7165.
7173.
7182.
7191.
7200.
7209.
7218.
7227.
7235.
7244.
7254.
7263.
7272.
7281.
7290.
7299.
7309.
7318.
7327.
7336.
7346.
7355.
7365.
7374.
7384.
7393.
7403.
7412.
7422.
7431.
7441.
7450.
7461.
7470.
7480.
7489.
7499.
7509.
7518.
7528.
7539.
7548.
7557.
7567.
7578.
7588.
7598.
7607.
7617.
7627.
7638.
7647.
7657.
7668.
7678.
7687.
7698.
7707.
7717.
7729.
7739.
7749.
7759.
7769.
7780.
7789.
7800.
7811.
7821.
7831.
7842.
7852.
7862.
7872.
7882.
7893.
7904.
7914.
7924.
7935.
7945.
7956.
7967.
7976.
7987.
7997.
8008.
8018.
8028.
8039.
8050.
8060.
8071.
8081.
8092.
8102.
8112.
8123.
8134.
8144.
8155.
8165.
8175.
8186.
8196.
8206.
8217.
8228.
8238.
8249.
8259.
8268.
8279.
8290.
8300.
8310.
8321.
8331.
8341.
8351.
8362.
8373.
8382.
8393.
8403.
8413.
8424.
8434.
8444.
8454.
8464.
8474.
8485.
8495.
8504.
8515.
8525.
8535.
8545.
8555.
8565.
8575.
8584.
8595.
8604.
8614.
8624.
8634.
8643.
8654.
8663.
8673.
8683.
8693.
8702.
8713.
8722.
8732.
8741.
8751.
8760.
8770.
8779.
8789.
8798.
8808.
8817.
8827.
8836.
8847.
8855.
8865.
8874.
8883.
8892.
8902.
8910.
8920.
8929.
8939.
8947.
8956.
8966.
8974.
8984.
8993.
9001.
9010.
9019.
9028.
9037.
9046.
9054.
9063.
9072.
9081.
9090.
9099.
9107.
9116.
9124.
9133.
9141.
9149.
9158.
9166.
9175.
9183.
9192.
9200.
9208.
9217.
9225.
9233.
9241.
9250.
9258.
9265.
9274.
9282.
9291.
9299.
9306.
9314.
9323.
9331.
9338.
9346.
9354.
9363.
9369.
9377.
9385.
9394.
9401.
9408.
9416.
9425.
9432.
9440.
9446.
9454.
9461.
9470.
9476.
9485.
9491.
9499.
9506.
9514.
9521.
9529.
9536.
9543.
9550.
9558.
9565.
9572.
9578.
9586.
9592.
9601.
9608.
9614.
9622.
9629.
9635.
9643.
9649.
9657.
9663.
9670.
9676.
9684.
9691.
9697.
9703.
9711.
9717.
9724.
9730.
9738.
9744.
9750.
9758.
9764.
9771.
9777.
9784.
9789.
9796.
9802.
9809.
9816.
9822.
9829.
9835.
9842.
9847.
9853.
9860.
9866.
9873.
9879.
9885.
9891.
9897.
9903.
9909.
9916.
9922.
9928.
9934.
9940.
9945.
9952.
9957.
9964.
9968.
9975.
9981.
9987.
9992.
9998.
10003.
10009.
10015.
10020.
10026.
10032.
10038.
10044.
10049.
10054.
10059.
10065.
10071.
10077.
10081.
10087.
10091.
10097.
10102.
10107.
10112.
10118.
10123.
10129.
10134.
10139.
10143.
10148.
10153.
10159.
10163.
10169.
10173.
10177.
10182.
10188.
10192.
10197.
10200.
10205.
10210.
10215.
10219.
10224.
10228.
10232.
10237.
10242.
10246.
10249.
10254.
10258.
10262.
10267.
10270.
10274.
10279.
10283.
10286.
10289.
10294.
10298.
10301.
10304.
10309.
10313.
10316.
10319.
10323.
10327.
10329.
10333.
10337.
10341.
10343.
10346.
10349.
10352.
10355.
10359.
10362.
10365.
10367.
10371.
10374.
10376.
10379.
10382.
10385.
10387.
10390.
10393.
10395.
10398.
10400.
10403.
10405.
10407.
10409.
10411.
10414.
10416.
10418.
10420.
10422.
10424.
10426.
10428.
10430.
10431.
10433.
10435.
10436.
10438.
10440.
10441.
10443.
10445.
10446.
10447.
10449.
10450.
10452.
10453.
10454.
10455.
10456.
10457.
10458.
10460.
10460.
10462.
10463.
10463.
10463.
10465.
10466.
10466.
10466.
10468.
10468.
10469.
10469.
10470.
10469.
10470.
10470.
10471.
10472.
10472.
10471.
10472.
10472.
10472.
10472.
10472.
10472.
10472.
10473.
10471.
10471.
10471.
10471.
10470.
10470.
10471.
10471.
10471.
10471.
10469.
10470.
10468.
10468.
10469.
10468.
10468.
10467.
10468.
10468.
10466.
10467.
10467.
10466.
10465.
10465.
10464.
10464.
10464.
10463.
10463.
10462.
10462.
10462.
10462.
10462.
10462.
10460.
10459.
10459.
10459.
10458.
10459.
10457.
10457.
10456.
10457.
10456.
10456.
10455.
10454.
10454.
10453.
10453.
10453.
10452.
10452.
10450.
10450.
10450.
10449.
10448.
10449.
10447.
10448.
10446.
10445.
10445.
10444.
10444.
10444.
10443.
10443.
10441.
10441.
10441.
10440.
10439.
10439.
10438.
10438.
10437.
10437.
10435.
10435.
10434.
10434.
10433.
10433.
10433.
10433.
10432.
10431.
10430.
10429.
10430.
10429.
10429.
10428.
10427.
10427.
10427.
10426.
10425.
10424.
10424.
10423.
10422.
10422.
10422.
10421.
10420.
10420.
10420.
10418.
10418.
10417.
10417.
10416.
10416.
10416.
10416.
10415.
10415.
10413.
10412.
10412.
10412.
10410.
10410.
10410.
10409.
10409.
10409.
10407.
10406.
10406.
10405.
10405.
10404.
10404.
10403.
10403.
10402.
10401.
10401.
10400.
10400.
10399.
10398.
10398.
10398.
10397.
10395.
10394.
10394.
10394.
10392.
10392.
10391.
10391.
10390.
10389.
10388.
10387.
10385.
10385.
10384.
10383.
10381.
10380.
10378.
10378.
10377.
10376.
10375.
10373.
10371.
10371.
10370.
10368.
10366.
10365.
10364.
10362.
10360.
10358.
10356.
10356.
10353.
10351.
10349.
10347.
10345.
10343.
10341.
10340.
10337.
10336.
10333.
10331.
10328.
10327.
10324.
10322.
10319.
10317.
10315.
10313.
10310.
10307.
10304.
10302.
10299.
10296.
10294.
10291.
10288.
10286.
10282.
10280.
10277.
10274.
10271.
10268.
10265.
10262.
10258.
10256.
10252.
10249.
10245.
10242.
10239.
10236.
10233.
10229.
10226.
10222.
10218.
10215.
10211.
10208.
10204.
10200.
10196.
10193.
10189.
10184.
10180.
10177.
10173.
10169.
10164.
10160.
10156.
10152.
10148.
10143.
10139.
10135.
10130.
10126.
10121.
10117.
10112.
10108.
10102.
10098.
10093.
10088.
10082.
10078.
10073.
10068.
10063.
10058.
10052.
10048.
10042.
10037.
10031.
10026.
10020.
10015.
10008.
10003.
9998.
9992.
9986.
9980.
9973.
9968.
9962.
9956.
9950.
9944.
9938.
9932.
9925.
9918.
9912.
9906.
9899.
9893.
9886.
9879.
9873.
9866.
9859.
9852.
9846.
9839.
9832.
9825.
9818.
9811.
9803.
9796.
9789.
9782.
9774.
9766.
9759.
9752.
9744.
9737.
9730.
9722.
9714.
9706.
9699.
9691.
9684.
9675.
9667.
9659.
9650.
9643.
9635.
9626.
9619.
9610.
9601.
9593.
9584.
9576.
9567.
9559.
9550.
9542.
9534.
9524.
9516.
9508.
9498.
9489.
9480.
9472.
9463.
9454.
9445.
9436.
9427.
9418.
9408.
9399.
9390.
9380.
9371.
9361.
9352.
9343.
9333.
9324.
9315.
9305.
9295.
9286.
9276.
9266.
9256.
9247.
9237.
9227.
9216.
9207.
9197.
9188.
9178.
9168.
9158.
9147.
9137.
9127.
9116.
9107.
9096.
9086.
9076.
9066.
9055.
9045.
9035.
9024.
9013.
9003.
8993.
8982.
8972.
8962.
8950.
8939.
8929.
8918.
8908.
8897.
8886.
8876.
8865.
8854.
8843.
8834.
8821.
8810.
8800.
8790.
8779.
8767.
8756.
8746.
8735.
8724.
8713.
8702.
8691.
8681.
8669.
8658.
8647.
8637.
8626.
8615.
8603.
8593.
8582.
8571.
8559.
8549.
8537.
8526.
8516.
8505.
8494.
8482.
8472.
8461.
8450.
8439.
8428.
8417.
8406.
8395.
8383.
8373.
8361.
8350.
8340.
8329.
8318.
8306.
8296.
8284.
8274.
8262.
8252.
8240.
8231.
8219.
8208.
8197.
8187.
8175.
8165.
8154.
8143.
8132.
8121.
8111.
8100.
8088.
8078.
8067.
8056.
8046.
8036.
8024.
8014.
8003.
7992.
7982.
7972.
7961.
7950.
7940.
7929.
7919.
7909.
7898.
7888.
7877.
7867.
7856.
7846.
7837.
7826.
7816.
7805.
7795.
7785.
7774.
7765.
7755.
7745.
7735.
7724.
7713.
7705.
7695.
7685.
7674.
7665.
7655.
7645.
7636.
7626.
7616.
7607.
7596.
7588.
7578.
7568.
7557.
7549.
7539.
7531.
7521.
7511.
7502.
7493.
7482.
7474.
7465.
7456.
7446.
7437.
7428.
7419.
7410.
7402.
7393.
7383.
7374.
7365.
7357.
7348.
7339.
7330.
7322.
7313.
7304.
7295.
7287.
7279.
7271.
7262.
7253.
7245.
7236.
7228.
7220.
7212.
7204.
7195.
7186.
7178.
7170.
7162.
7154.
7146.
7138.
7130.
7121.
7114.
7106.
7099.
7091.
7083.
7075.
7067.
7060.
7052.
7045.
7036.
7030.
7022.
7015.
7007.
7000.
6993.
6986.
6979.
6972.
6964.
6958.
6949.
6943.
6935.
6928.
6922.
6915.
6908.
6902.
6895.
6888.
6881.
6875.
6868.
6862.
6856.
6850.
6843.
6837.
6830.
6824.
6818.
6812.
6806.
6800.
6794.
6788.
6783.
6776.
6770.
6765.
6759.
6753.
6748.
6742.
6736.
6731.
6725.
6720.
6714.
6709.
6704.
6699.
6694.
6688.
6683.
6678.
6673.
6668.
6662.
6658.
6652.
6648.
6643.
6639.
6633.
6629.
6624.
6620.
6615.
6611.
6606.
6602.
6597.
6593.
6589.
6585.
6581.
6576.
6573.
6569.
6564.
6560.
6556.
6552.
6549.
6545.
6541.
6537.
6534.
6530.
6527.
6523.
6520.
6516.
6513.
6509.
6506.
6503.
6500.
6497.
6493.
6490.
6487.
6484.
6481.
6478.
6475.
6472.
6470.
6467.
6464.
6463.
6459.
6457.
6454.
6452.
6450.
6448.
6445.
6444.
6441.
6440.
6437.
6436.
6433.
6432.
6430.
6428.
6426.
6424.
6423.
6422.
6420.
6417.
6417.
6416.
6414.
6413.
6413.
6412.
6410.
6408.
6408.
6406.
6406.
6405.
6405.
6403.
6402.
6402.
6402.
6401.
6401.
6399.
6399.
6399.
6399.
6399.
6398.
6398.
6398.
6398.
6398.
6399.
6399.
6399.
6399.
6398.
6399.
6399.
6399.
6398.
6399.
6399.
6399.
6399.
6399.
6399.
6399.
6400.
6399.
6398.
6399.
6398.
6399.
6399.
6399.
6400.
6398.
6399.
6399.
6398.
6399.
6398.
6399.
6399.
6399.
6400.
6399.
6399.
6399.
6400.
6399.
6399.
6399.
6400.
6399.
6399.
6399.
6400.
6399.
6399.
6400.
6400.
6399.
6399.
6400.
6400.
6399.
6399.
6399.
6399.
6399.
6399.
6399.
6400.
6399.
6400.
6400.
6400.
6400.
6400.
6399.
6400.
6399.
6399.
6400.
6400.
6400.
6400.
6400.
6400.
6400.
6400.
6400.
6400.
6400.
6400.
6400.
6400.
6399.
6400.
6400.
6400.
6400.
6400.
6401.
6400.
6399.
6400.
6400.
6400.
6400.
6400.
6400.
6400.
6400.
6400.
6401.
6400.
6400.
6401.
6401.
6399.
6400.
6400.
6399.
6401.
6401.
6400.
6400.
6400.
6400.
6400.
6400.
6401.
6401.
6400.
6400.
6400.
6400.
6401.
6401.
6401.
6400.
6401.
6401.
6400.
6400.
6401.
6401.
6400.
6401.
6401.
6400.
6401.
6400.
6401.
6400.
6400.
6401.
6401.
6400.
6400.
6401.
6400.
6401.
6400.
6401.
6400.
6401.
6401.
6401.
6402.
6401.
6401.
6401.
6401.
6402.
6402.
6402.
6402.
6403.
6403.
6404.
6404.
6405.
6406.
6407.
6407.
6408.
6409.
6410.
6411.
6413.
6413.
6415.
6416.
6417.
6418.
6420.
6421.
6422.
6424.
6426.
6428.
6430.
6431.
6433.
6435.
6437.
6439.
6441.
6444.
6446.
6448.
6451.
6453.
6455.