6288.
6287.
6288.
6288.
6287.
6288.
6288.
6287.
6288.
6287.
6288.
6287.
6288.
6288.
6288.
6288.
6288.
6288.
6288.
6289.
6287.
6287.
6288.
6288.
6288.
6289.
6287.
6287.
6288.
6288.
6288.
6288.
6288.
6288.
6288.
6288.
6288.
6288.
6287.
6288.
6288.
6288.
6288.
6288.
6288.
6288.
6289.
6288.
6288.
6288.
6288.
6288.
6288.
6288.
6288.
6288.
6288.
6288.
6289.
6288.
6288.
6288.
6288.
6288.
6289.
6288.
6288.
6288.
6288.
6288.
6288.
6288.
6288.
6288.
6288.
6288.
6288.
6288.
6288.
6288.
6289.
6288.
6288.
6289.
6289.
6287.
6287.
6288.
6288.
6287.
6288.
6288.
6288.
6288.
6288.
6288.
6288.
6288.
6288.
6288.
6288.
6288.
6288.
6288.
6288.
6289.
6288.
6287.
6288.
6288.
6288.
6288.
6288.
6288.
6288.
6288.
6288.
6288.
6288.
6288.
6288.
6288.
6288.
6288.
6288.
6288.
6288.
6289.
6288.
6287.
6289.
6288.
6288.
6289.
6288.
6289.
6288.
6288.
6288.
6288.
6288.
6289.
6288.
6288.
6288.
6288.
6288.
6288.
6288.
6288.
6288.
6288.
6288.
6287.
6288.
6288.
6288.
6288.
6288.
6288.
6288.
6288.
6288.
6288.
6288.
6288.
6288.
6288.
6288.
6288.
6287.
6288.
6288.
6288.
6287.
6288.
6287.
6287.
6288.
6288.
6288.
6288.
6288.
6288.
6287.
6288.
6289.
6288.
6287.
6288.
6288.
6288.
6289.
6289.
6288.
6288.
6288.
6288.
6288.
6288.
6287.
6288.
6289.
6288.
6287.
6288.
6288.
6288.
6288.
6288.
6289.
6288.
6288.
6289.
6289.
6288.
6288.
6288.
6288.
6288.
6288.
6288.
6288.
6288.
6288.
6288.
6289.
6288.
6288.
6288.
6288.
6288.
6289.
6288.
6288.
6289.
6288.
6288.
6288.
6289.
6288.
6288.
6288.
6288.
6288.
6289.
6289.
6288.
6288.
6288.
6288.
6287.
6288.
6289.
6288.
6287.
6288.
6289.
6288.
6288.
6288.
6289.
6288.
6288.
6288.
6288.
6288.
6289.
6288.
6287.
6288.
6288.
6288.
6288.
6288.
6288.
6288.
6288.
6288.
6288.
6288.
6288.
6288.
6288.
6288.
6288.
6288.
6288.
6288.
6288.
6288.
6288.
6288.
6289.
6288.
6289.
6288.
6289.
6289.
6290.
6290.
6290.
6290.
6291.
6291.
6292.
6292.
6293.
6293.
6294.
6294.
6295.
6295.
6296.
6297.
6297.
6297.
6299.
6300.
6301.
6301.
6301.
6302.
6304.
6305.
6306.
6307.
6308.
6308.
6310.
6311.
6313.
6313.
6315.
6317.
6318.
6318.
6320.
6321.
6323.
6324.
6325.
6326.
6328.
6329.
6331.
6332.
6334.
6336.
6338.
6339.
6341.
6343.
6344.
6346.
6348.
6350.
6352.
6353.
6355.
6357.
6359.
6361.
6363.
6365.
6367.
6369.
6371.
6373.
6375.
6377.
6379.
6381.
6383.
6384.
6387.
6389.
6391.
6394.
6396.
6398.
6400.
6403.
6404.
6406.
6409.
6411.
6413.
6415.
6418.
6421.
6422.
6425.
6428.
6430.
6432.
6434.
6437.
6439.
6442.
6444.
6447.
6449.
6452.
6454.
6456.
6458.
6461.
6463.
6466.
6469.
6471.
6473.
6476.
6479.
6482.
6484.
6486.
6489.
6493.
6495.
6497.
6499.
6502.
6505.
6507.
6509.
6512.
6515.
6517.
6520.
6523.
6525.
6528.
6530.
6534.
6536.
6538.
6541.
6544.
6546.
6549.
6552.
6555.
6557.
6560.
6563.
6566.
6568.
6571.
6574.
6577.
6580.
6582.
6586.
6588.
6591.
6594.
6598.
6599.
6603.
6606.
6610.
6612.
6615.
6618.
6622.
6624.
6628.
6630.
6634.
6637.
6641.
6643.
6647.
6649.
6653.
6656.
6660.
6663.
6667.
6669.
6673.
6677.
6680.
6683.
6687.
6690.
6694.
6698.
6702.
6705.
6708.
6712.
6715.
6719.
6722.
6726.
6730.
6734.
6737.
6740.
6744.
6749.
6752.
6756.
6760.
6765.
6768.
6772.
6776.
6781.
6784.
6788.
6792.
6796.
6800.
6805.
6809.
6813.
6817.
6821.
6825.
6830.
6833.
6837.
6843.
6847.
6851.
6856.
6860.
6865.
6869.
6874.
6878.
6882.
6887.
6891.
6896.
6901.
6905.
6909.
6914.
6920.
6924.
6928.
6933.
6938.
6943.
6947.
6952.
6957.
6962.
6966.
6972.
6976.
6981.
6986.
6992.
6997.
7001.
7006.
7011.
7016.
7021.
7026.
7031.
7036.
7042.
7047.
7052.
7057.
7062.
7067.
7073.
7077.
7083.
7087.
7093.
7098.
7104.
7109.
7114.
7119.
7125.
7130.
7136.
7140.
7146.
7152.
7157.
7163.
7168.
7174.
7179.
7184.
7191.
7196.
7202.
7207.
7212.
7219.
7224.
7230.
7236.
7241.
7247.
7253.
7259.
7264.
7270.
7277.
7283.
7289.
7294.
7301.
7306.
7313.
7319.
7324.
7330.
7336.
7343.
7349.
7355.
7361.
7367.
7373.
7380.
7387.
7392.
7398.
7405.
7410.
7417.
7423.
7429.
7436.
7441.
7447.
7455.
7461.
7467.
7473.
7480.
7487.
7492.
7498.
7506.
7512.
7518.
7524.
7531.
7537.
7544.
7550.
7557.
7563.
7570.
7576.
7583.
7589.
7596.
7602.
7608.
7615.
7621.
7628.
7635.
7641.
7647.
7653.
7660.
7667.
7673.
7680.
7687.
7693.
7699.
7706.
7713.
7719.
7725.
7731.
7738.
7745.
7752.
7758.
7765.
7771.
7777.
7784.
7791.
7797.
7804.
7810.
7817.
7823.
7830.
7836.
7843.
7850.
7856.
7862.
7868.
7876.
7881.
7889.
7895.
7902.
7908.
7914.
7921.
7928.
7933.
7940.
7947.
7953.
7959.
7966.
7972.
7979.
7985.
7992.
7998.
8005.
8011.
8017.
8023.
8031.
8037.
8043.
8050.
8056.
8062.
8068.
8075.
8081.
8087.
8093.
8100.
8106.
8112.
8119.
8125.
8131.
8138.
8144.
8150.
8156.
8163.
8168.
8175.
8181.
8187.
8194.
8200.
8206.
8212.
8219.
8224.
8230.
8236.
8242.
8248.
8254.
8261.
8266.
8273.
8279.
8285.
8291.
8296.
8303.
8308.
8314.
8320.
8326.
8332.
8338.
8344.
8350.
8355.
8361.
8367.
8372.
8379.
8385.
8390.
8397.
8401.
8407.
8413.
8418.
8424.
8430.
8435.
8441.
8446.
8452.
8458.
8464.
8468.
8474.
8480.
8486.
8491.
8496.
8502.
8508.
8513.
8518.
8524.
8529.
8534.
8540.
8545.
8551.
8555.
8561.
8566.
8572.
8577.
8583.
8587.
8592.
8597.
8603.
8608.
8614.
8619.
8623.
8629.
8634.
8639.
8644.
8650.
8655.
8660.
8665.
8670.
8675.
8680.
8685.
8690.
8696.
8701.
8705.
8710.
8716.
8720.
8725.
8731.
8735.
8741.
8746.
8751.
8755.
8761.
8766.
8771.
8775.
8781.
8786.
8791.
8795.
8801.
8806.
8811.
8815.
8821.
8826.
8830.
8835.
8841.
8846.
8851.
8856.
8860.
8865.
8870.
8875.
8880.
8884.
8890.
8895.
8900.
8904.
8909.
8914.
8920.
8925.
8930.
8934.
8939.
8944.
8950.
8955.
8959.
8964.
8969.
8973.
8979.
8984.
8988.
8993.
8999.
9003.
9008.
9013.
9018.
9023.
9028.
9033.
9037.
9043.
9047.
9053.
9057.
9062.
9066.
9072.
9077.
9082.
9087.
9092.
9096.
9102.
9106.
9112.
9116.
9121.
9126.
9131.
9136.
9141.
9145.
9151.
9156.
9161.
9165.
9171.
9175.
9180.
9184.
9190.
9195.
9201.
9204.
9210.
9216.
9220.
9224.
9230.
9234.
9240.
9244.
9250.
9255.
9259.
9264.
9270.
9275.
9280.
9284.
9290.
9295.
9300.
9304.
9310.
9315.
9319.
9324.
9329.
9334.
9339.
9344.
9350.
9355.
9360.
9363.
9369.
9374.
9380.
9385.
9390.
9395.
9400.
9405.
9410.
9414.
9420.
9426.
9430.
9435.
9441.
9446.
9450.
9456.
9461.
9466.
9471.
9476.
9481.
9486.
9491.
9496.
9501.
9506.
9511.
9516.
9522.
9527.
9532.
9537.
9542.
9548.
9553.
9558.
9563.
9568.
9573.
9578.
9583.
9589.
9593.
9599.
9604.
9609.
9613.
9619.
9624.
9630.
9634.
9640.
9644.
9650.
9655.
9660.
9665.
9670.
9674.
9679.
9685.
9691.
9695.
9700.
9705.
9711.
9716.
9721.
9726.
9731.
9735.
9741.
9746.
9751.
9756.
9761.
9766.
9771.
9775.
9781.
9786.
9790.
9796.
9801.
9806.
9810.
9816.
9821.
9825.
9830.
9835.
9840.
9846.
9850.
9855.
9859.
9864.
9870.
9874.
9878.
9884.
9888.
9894.
9897.
9903.
9908.
9912.
9917.
9922.
9927.
9932.
9936.
9941.
9946.
9951.
9955.
9961.
9965.
9970.
9975.
9979.
9984.
9988.
9992.
9998.
10003.
10007.
10011.
10016.
10021.
10024.
10029.
10034.
10039.
10043.
10047.
10052.
10057.
10060.
10065.
10070.
10074.
10078.
10082.
10088.
10092.
10095.
10100.
10105.
10110.
10115.
10118.
10123.
10127.
10131.
10135.
10140.
10144.
10147.
10152.
10157.
10161.
10164.
10169.
10173.
10177.
10181.
10185.
10190.
10193.
10197.
10201.
10206.
10210.
10213.
10217.
10222.
10226.
10229.
10233.
10238.
10241.
10245.
10248.
10252.
10257.
10260.
10264.
10268.
10271.
10275.
10278.
10283.
10287.
10291.
10293.
10297.
10301.
10305.
10308.
10311.
10316.
10319.
10322.
10327.
10330.
10334.
10336.
10340.
10343.
10347.
10349.
10353.
10357.
10361.
10363.
10367.
10371.
10374.
10376.
10380.
10384.
10387.
10389.
10393.
10397.
10400.
10402.
10406.
10409.
10412.
10415.
10418.
10422.
10425.
10428.
10431.
10434.
10437.
10439.
10442.
10446.
10449.
10451.
10454.
10458.
10460.
10463.
10466.
10469.
10471.
10474.
10477.
10480.
10483.
10485.
10488.
10491.
10493.
10496.
10499.
10502.
10504.
10507.
10509.
10513.
10515.
10518.
10521.
10524.
10526.
10529.
10531.
10534.
10536.
10539.
10541.
10544.
10547.
10549.
10551.
10555.
10557.
10559.
10561.
10565.
10567.
10568.
10571.
10574.
10576.
10578.
10580.
10584.
10586.
10588.
10590.
10593.
10596.
10598.
10600.
10602.
10605.
10607.
10609.
10612.
10614.
10616.
10618.
10621.
10623.
10625.
10628.
10630.
10633.
10635.
10637.
10639.
10641.
10643.
10646.
10649.
10651.
10653.
10656.
10658.
10660.
10662.
10665.
10667.
10670.
10671.
10674.
10676.
10678.
10680.
10683.
10686.
10688.
10690.
10693.
10695.
10697.
10699.
10702.
10704.
10706.
10708.
10711.
10713.
10716.
10718.
10720.
10722.
10725.
10727.
10730.
10732.
10734.
10736.
10739.
10741.
10744.
10746.
10749.
10751.
10752.
10755.
10757.
10760.
10762.
10764.
10767.
10769.
10772.
10774.
10776.
10779.
10782.
10783.
10785.
10788.
10790.
10792.
10795.
10797.
10799.
10801.
10804.
10806.
10808.
10811.
10813.
10815.
10817.
10820.
10822.
10824.
10826.
10828.
10830.
10833.
10835.
10837.
10839.
10842.
10844.
10845.
10847.
10850.
10852.
10854.
10856.
10858.
10860.
10862.
10865.
10866.
10868.
10870.
10872.
10874.
10876.
10877.
10879.
10881.
10883.
10885.
10886.
10888.
10890.
10892.
10894.
10895.
10897.
10899.
10900.
10902.
10903.
10904.
10906.
10908.
10909.
10910.
10912.
10914.
10915.
10917.
10918.
10920.
10921.
10922.
10923.
10925.
10926.
10928.
10929.
10930.
10931.
10932.
10933.
10934.
10935.
10937.
10936.
10937.
10939.
10940.
10941.
10942.
10942.
10943.
10944.
10945.
10945.
10947.
10947.
10948.
10948.
10949.
10950.
10950.
10950.
10951.
10952.
10952.
10953.
10952.
10952.
10953.
10952.
10953.
10954.
10953.
10953.
10954.
10953.
10954.
10953.
10953.
10953.
10953.
10953.
10953.
10952.
10953.
10952.
10951.
10952.
10952.
10952.
10952.
10952.
10951.
10951.
10950.
10950.
10950.
10949.
10950.
10949.
10948.
10948.
10947.
10948.
10948.
10948.
10947.
10947.
10947.
10946.
10946.
10946.
10946.
10945.
10945.
10944.
10944.
10943.
10944.
10943.
10942.
10942.
10942.
10941.
10941.
10941.
10941.
10939.
10939.
10939.
10939.
10937.
10937.
10937.
10937.
10936.
10936.
10935.
10935.
10934.
10934.
10933.
10933.
10932.
10932.
10931.
10931.
10930.
10930.
10929.
10929.
10927.
10927.
10926.
10926.
10924.
10923.
10923.
10923.
10922.
10921.
10920.
10919.
10918.
10917.
10916.
10915.
10914.
10914.
10913.
10912.
10911.
10910.
10909.
10908.
10907.
10905.
10905.
10904.
10903.
10901.
10901.
10899.
10899.
10897.
10896.
10894.
10894.
10892.
10890.
10889.
10888.
10886.
10885.
10883.
10883.
10881.
10879.
10878.
10877.
10875.
10873.
10871.
10870.
10869.
10866.
10864.
10864.
10861.
10860.
10858.
10857.
10855.
10852.
10851.
10849.
10847.
10846.
10844.
10841.
10840.
10837.
10836.
10834.
10831.
10830.
10828.
10826.
10824.
10822.
10819.
10817.
10816.
10813.
10811.
10808.
10807.
10805.
10802.
10800.
10798.
10796.
10793.
10791.
10789.
10786.
10784.
10782.
10779.
10777.
10774.
10773.
10769.
10767.
10765.
10763.
10760.
10758.
10755.
10753.
10750.
10748.
10745.
10743.
10740.
10738.
10735.
10732.
10729.
10727.
10724.
10722.
10720.
10717.
10714.
10711.
10708.
10706.
10703.
10700.
10697.
10695.
10693.
10690.
10688.
10685.
10682.
10679.
10677.
10674.
10671.
10668.
10666.
10663.
10660.
10658.
10656.
10652.
10650.
10647.
10644.
10641.
10639.
10635.
10633.
10630.
10627.
10624.
10621.
10618.
10616.
10612.
10609.
10606.
10604.
10601.
10598.
10595.
10592.
10588.
10585.
10582.
10580.
10576.
10574.
10570.
10567.
10564.
10561.
10559.
10555.
10552.
10549.
10546.
10543.
10540.
10536.
10533.
10529.
10527.
10523.
10521.
10517.
10514.
10510.
10507.
10503.
10500.
10496.
10494.
10490.
10487.
10483.
10481.
10477.
10473.
10470.
10466.
10463.
10460.
10456.
10453.
10449.
10446.
10442.
10438.
10435.
10431.
10427.
10424.
10420.
10417.
10414.
10410.
10406.
10403.
10399.
10395.
10392.
10388.
10384.
10380.
10377.
10372.
10368.
10366.
10362.
10358.
10354.
10349.
10346.
10343.
10339.
10335.
10331.
10328.
10323.
10319.
10316.
10313.
10308.
10304.
10300.
10297.
10292.
10288.
10285.
10281.
10276.
10272.
10268.
10264.
10261.
10257.
10252.
10248.
10244.
10241.
10236.
10232.
10228.
10224.
10219.
10215.
10211.
10207.
10203.
10199.
10194.
10191.
10186.
10182.
10178.
10174.
10169.
10165.
10162.
10157.
10152.
10148.
10143.
10139.
10135.
10131.
10127.
10122.
10118.
10114.
10108.
10104.
10101.
10096.
10092.
10087.
10082.
10078.
10074.
10069.
10066.
10061.
10057.
10052.
10047.
10043.
10038.
10034.
10029.
10024.
10020.
10016.
10012.
10007.
10002.
9998.
9993.
9988.
9984.
9980.
9976.
9970.
9966.
9961.
9958.
9953.
9948.
9943.
9939.
9934.
9930.
9925.
9920.
9915.
9911.
9906.
9902.
9896.
9892.
9888.
9883.
9878.
9874.
9869.
9864.
9859.
9854.
9849.
9845.
9840.
9835.
9831.
9826.
9822.
9817.
9812.
9807.
9803.
9797.
9793.
9788.
9784.
9779.
9774.
9769.
9765.
9759.
9755.
9750.
9745.
9740.
9736.
9730.
9726.
9720.
9716.
9711.
9707.
9701.
9697.
9692.
9688.
9683.
9678.
9673.
9669.
9663.
9659.
9654.
9650.
9645.
9640.
9635.
9631.
9626.
9621.
9616.
9612.
9607.
9602.
9597.
9592.
9587.
9583.
9579.
9573.
9569.
9564.
9559.
9554.
9550.
9545.
9540.
9535.
9530.
9526.
9522.
9517.
9512.
9507.
9502.
9498.
9494.
9488.
9484.
9479.
9475.
9470.
9466.
9461.
9457.
9452.
9447.
9442.
9438.
9433.
9429.
9424.
9419.
9414.
9410.
9405.
9400.
9396.
9391.
9386.
9381.
9377.
9373.
9368.
9363.
9359.
9354.
9350.
9345.
9340.
9336.
9332.
9327.
9322.
9318.
9314.
9309.
9305.
9300.
9295.
9290.
9286.
9281.
9276.
9272.
9268.
9263.
9259.
9254.
9249.
9245.
9241.
9236.
9231.
9227.
9223.
9218.
9213.
9209.
9205.
9200.
9195.
9191.
9186.
9182.
9178.
9173.
9169.
9164.
9159.
9155.
9150.
9146.
9142.
9137.
9133.
9127.
9123.
9120.
9115.
9111.
9106.
9102.
9097.
9093.
9088.
9084.
9080.
9075.
9071.
9067.
9062.
9058.
9054.
9049.
9045.
9041.
9037.
9033.
9028.
9024.
9019.
9015.
9011.
9006.
9002.
8999.
8994.
8989.
8986.
8981.
8977.
8973.
8968.
8964.
8960.
8956.
8951.
8947.
8943.
8939.
8935.
8931.
8928.
8923.
8919.
8915.
8911.
8907.
8903.
8899.
8895.
8890.
8887.
8883.
8878.
8874.
8871.
8866.
8863.
8859.
8855.
8851.
8847.
8843.
8839.
8835.
8831.
8827.
8823.
8820.
8817.
8812.
8808.
8804.
8800.
8797.
8792.
8790.
8785.
8781.
8777.
8775.
8770.
8766.
8762.
8759.
8755.
8752.
8748.
8744.
8740.
8736.
8732.
8729.
8726.
8721.
8717.
8714.
8711.
8707.
8703.
8699.
8696.
8692.
8688.
8685.
8681.
8677.
8674.
8671.
8667.
8662.
8659.
8656.
8652.
8648.
8645.
8641.
8638.
8634.
8631.
8627.
8623.
8620.
8616.
8612.
8610.
8605.
8603.
8598.
8595.
8592.
8588.
8584.
8582.
8578.
8574.
8570.
8568.
8564.
8560.
8556.
8554.
8549.
8547.
8543.
8540.
8536.
8533.
8530.
8526.
8521.
8519.
8515.
8512.
8508.
8504.
8501.
8498.
8494.
8491.
8487.
8484.
8480.
8476.
8473.
8470.
8466.
8463.
8460.
8456.
8452.
8449.
8446.
8442.
8439.
8435.
8432.
8428.
8425.
8422.
8418.
8415.
8411.
8408.
8405.
8400.
8398.
8394.
8391.
8387.
8384.
8380.
8377.
8373.
8370.
8366.
8363.
8360.
8356.
8353.
8349.
8346.
8343.
8339.
8336.
8332.
8328.
8325.
8322.
8319.
8315.
8311.
8308.
8304.
8301.
8298.
8294.
8290.
8287.
8284.
8280.
8277.
8274.
8270.
8266.
8263.
8259.
8256.
8252.
8249.
8245.
8242.
8238.
8235.
8231.
8228.
8225.
8221.
8216.
8214.
8210.
8206.
8202.
8200.
8196.
8192.
8188.
8185.
8181.
8178.
8174.
8170.
8167.
8163.
8159.
8156.
8153.
8149.
8144.
8142.
8138.
8135.
8130.
8127.
8123.
8120.
8115.
8113.
8109.
8106.
8102.
8098.
8094.
8090.
8087.
8084.
8080.
8076.
8072.
8069.
8065.
8062.
8058.
8055.
8050.
8046.
8043.
8039.
8035.
8031.
8028.
8024.
8021.
8016.
8013.
8008.
8005.
8002.
7998.
7995.
7991.
7986.
7983.
7979.
7975.
7972.
7968.
7965.
7960.
7956.
7953.
7949.
7945.
7941.
7938.
7933.
7930.
7926.
7922.
7918.
7915.
7911.
7906.
7902.
7899.
7895.
7891.
7887.
7883.
7880.
7875.
7871.
7868.
7864.
7860.
7856.
7852.
7848.
7844.
7840.
7835.
7832.
7828.
7824.
7821.
7816.
7813.
7808.
7804.
7800.
7796.
7792.
7789.
7784.
7780.
7777.
7773.
7768.
7764.
7760.
7757.
7753.
7749.
7744.
7740.
7737.
7733.
7729.
7725.
7720.
7716.
7712.
7708.
7705.
7701.
7697.
7693.
7688.
7684.
7680.
7676.
7673.
7669.
7663.
7660.
7656.
7652.
7647.
7643.
7639.
7635.
7632.
7627.
7622.
7619.
7615.
7611.
7606.
7603.
7599.
7594.
7590.
7586.
7581.
7578.
7574.
7570.
7566.
7561.
7557.
7553.
7550.
7545.
7541.
7537.
7532.
7528.
7525.
7520.
7515.
7512.
7508.
7503.
7500.
7496.
7492.
7487.
7483.
7478.
7475.
7470.
7467.
7462.
7458.
7454.
7450.
7445.
7441.
7438.
7434.
7429.
7425.
7420.
7417.
7413.
7408.
7403.
7399.
7396.
7391.
7387.
7383.
7380.
7375.
7370.
7366.
7362.
7358.
7354.
7350.
7346.
7341.
7337.
7333.
7329.
7324.
7321.
7316.
7312.
7308.
7303.
7299.
7295.
7290.
7286.
7282.
7278.
7274.
7270.
7265.
7261.
7257.
7253.
7248.
7244.
7240.
7236.
7231.
7227.
7223.
7219.
7215.
7210.
7206.
7202.
7198.
7193.
7189.
7185.
7180.
7176.
7173.
7168.
7164.
7159.
7155.
7151.
7147.
7143.
7138.
7134.
7131.
7126.
7122.
7118.
7114.
7110.
7106.
7101.
7097.
7093.
7088.
7085.
7081.
7077.
7073.
7069.
7065.
7060.
7057.
7053.
7049.
7045.
7041.
7037.
7033.
7029.
7025.
7021.
7017.
7013.
7009.
7006.
7002.
6999.
6995.
6991.
6988.
6983.
6979.
6976.
6972.
6969.
6965.
6961.
6958.
6953.
6949.
6946.
6943.
6939.
6936.
6931.
6928.
6925.
6921.
6918.
6914.
6910.
6908.
6904.
6901.
6896.
6894.
6890.
6887.
6883.
6881.
6878.
6874.
6870.
6868.
6864.
6861.
6857.
6855.
6851.
6848.
6845.
6842.
6838.
6836.
6833.
6830.
6826.
6823.
6821.
6818.
6815.
6812.
6809.
6806.
6803.
6801.
6797.
6794.
6792.
6789.
6786.
6784.
6780.
6778.
6775.
6772.
6770.
6768.
6764.
6762.
6759.
6757.
6754.
6751.
6749.
6746.
6744.
6741.
6738.
6736.
6733.
6731.
6729.
6726.
6724.
6722.
6719.
6717.
6714.
6712.
6710.
6707.
6705.
6703.
6700.
6698.
6695.
6694.
6692.
6689.
6687.
6685.
6682.
6680.
6678.
6676.
6674.
6671.
6670.
6667.
6664.
6664.
6662.
6659.
6657.
6655.
6653.
6651.
6649.
6647.
6645.
6644.
6641.
6639.
6638.
6636.
6634.
6631.
6630.
6629.
6627.
6624.
6622.
6621.
6619.
6617.
6616.
6615.
6613.
6611.
6610.
6608.
6606.
6605.
6603.
6602.
6600.
6599.
6598.
6596.
6595.
6593.
6592.
6591.
6589.
6588.
6587.
6585.
6585.
6584.
6582.
6579.
6579.
6578.
6576.
6575.
6575.
6573.
6573.
6571.
6570.
6569.
6569.
6568.
6568.
6566.
6565.
6565.
6564.
6562.
6562.
6561.
6561.
6561.
6560.
6559.
6559.
6559.
6559.
6557.
6557.
6557.
6557.
6557.
6557.
6557.
6556.
6555.
6556.
6555.
6556.
6557.
6556.
6556.
6556.
6557.
6556.
6556.
6556.
6556.
6556.
6556.
6556.
6556.
6556.
6556.
6556.
6556.
6557.
6557.
6556.
6556.
6556.
6556.
6556.
6556.
6557.
6557.
6557.
6557.
6557.
6557.
6557.
6558.
6557.
6557.
6558.
6558.
6559.
6559.
6559.
6559.
6560.
6560.
6561.
6561.
6560.
6561.
6561.
6562.
6562.
6563.
6563.
6564.
6566.
6566.
6566.
6567.
6569.
6569.
6570.
6570.
6571.
6572.
6573.
6574.
6575.
6576.
6577.
6578.
6579.
6581.
6582.
6584.
6585.
6587.
6588.
6589.
6590.
6592.
6593.
6596.
6597.
6600.
6601.
6603.
6605.
6607.
6609.
6611.
6613.
6615.
6618.
6619.
6622.
6624.
6627.
6629.
6632.
6634.
6638.
6640.
6642.
6644.
6647.
6650.
6653.
6656.
6659.
6661.
6664.
6667.
6672.
6674.
6677.
6680.
6683.
6686.
6689.
6693.
6696.
6699.
6703.
6706.
6709.
6713.
6716.
6719.
6724.
6727.
6730.
6734.
6738.
6741.
6744.
6748.
6752.
6756.
6759.
6763.
6767.
6772.
6775.
6779.
6783.
6787.
6790.
6794.
6798.
6803.
6806.
6810.
6814.
6818.
6822.
6826.
6831.
6835.
6839.
6843.
6847.
6852.
6855.
6860.
6864.
6869.
6872.
6876.
6882.
6886.
6889.
6893.
6899.
6903.
6908.
6912.
6917.
6921.
6924.
6929.
6935.
6939.
6943.
6947.
6952.
6957.
6961.
6966.
6971.
6975.
6979.
6984.
6989.
6994.
6999.
7003.
7008.
7012.
7018.
7022.
7027.
7031.
7036.
7041.
7045.
7051.
7055.
7060.
7064.
7069.
7074.
7079.
7085.
7089.
7093.
7099.
7103.
7108.
7113.
7118.
7122.
7128.
7133.
7138.
7142.
7148.
7152.
7158.
7162.
7168.
7173.
7177.
7182.
7188.
7192.
7198.
7203.
7208.
7212.
7218.
7223.
7229.
7233.
7238.
7244.
7250.
7255.
7261.
7265.
7271.
7276.
7282.
7286.
7292.
7297.
7303.
7308.
7314.
7319.
7324.
7329.
7335.
7340.
7346.
7351.
7357.
7363.
7368.
7373.
7379.
7384.
7390.
7395.
7401.
7406.
7412.
7418.
7424.
7429.
7434.
7440.
7445.
7450.
7456.
7462.
7467.
7473.
7478.
7484.
7489.
7496.
7500.
7507.
7512.
7518.
7523.
7529.
7534.
7540.
7545.
7551.
7557.
7563.
7568.
7573.
7579.
7585.
7590.
7596.
7601.
7608.
7612.
7618.
7624.
7630.
7635.
7641.
7646.
7652.
7657.
7664.
7669.
7675.
7680.
7686.
7691.
7698.
7703.
7708.
7714.
7719.
7725.
7731.
7736.
7743.
7748.
7754.
7759.
7764.
7770.
7776.
7782.
7788.
7793.
7799.
7805.
7811.
7816.
7821.
7828.
7834.
7839.
7845.
7850.
7856.
7862.
7868.
7873.
7879.
7885.
7890.
7896.
7902.
7908.
7913.
7919.
7925.
7931.
7937.
7942.
7948.
7954.
7959.
7966.
7971.
7978.
7982.
7989.
7994.
7999.
8005.
8010.
8017.
8023.
8029.
8035.
8041.
8047.
8052.
8058.
8064.
8070.
8075.
8081.
8087.
8093.
8099.
8105.
8110.
8116.
8122.
8127.
8134.
8140.
8145.
8151.
8157.
8163.
8168.
8174.
8179.
8186.
8191.
8197.
8203.
8209.
8214.
8220.
8225.
8231.
8237.
8243.
8248.
8254.
8259.
8265.
8271.
8277.
8281.
8287.
8293.
8299.
8304.
8310.
8316.
8321.
8326.
8332.
8338.
8344.
8349.
8354.
8360.
8365.
8371.
8376.
8382.
8387.
8392.
8398.
8404.
8409.
8414.
8419.
8425.
8430.
8436.
8441.
8447.
8452.
8457.
8462.
8467.
8472.
8478.
8482.
8488.
8493.
8499.
8504.
8509.
8514.
8519.
8524.
8530.
8535.
8540.
8545.
8550.
8554.
8559.
8565.
8570.
8574.
8579.
8584.
8589.
8594.
8600.
8604.
8609.
8613.
8618.
8623.
8629.
8634.
8637.
8642.
8647.
8652.
8656.
8661.
8666.
8670.
8675.
8680.
8685.
8689.
8694.
8698.
8703.
8708.
8712.
8717.
8721.
8726.
8730.
8735.
8739.
8744.
8749.
8753.
8757.
8762.
8766.
8770.
8775.
8779.
8784.
8788.
8793.
8797.
8800.
8805.
8809.
8814.
8819.
8822.
8826.
8831.
8835.
8839.
8844.
8848.
8852.
8855.
8859.
8864.
8869.
8872.
8876.
8880.
8885.
8888.
8892.
8897.
8901.
8904.
8908.
8913.
8918.
8921.
8925.
8929.
8934.
8936.
8940.
8945.
8949.
8952.
8956.
8961.
8965.
8968.
8972.
8976.
8980.
8983.
8987.
8992.
8995.
8998.
9003.
9007.
9011.
9014.
9018.
9022.
9026.
9029.
9033.
9037.
9041.
9044.
9048.
9053.
9056.
9059.
9063.
9067.
9071.
9075.
9078.
9081.
9085.
9089.
9093.
9097.
9100.
9104.
9107.
9112.
9115.
9119.
9122.
9126.
9129.
9134.
9137.
9140.
9144.
9148.
9151.
9156.
9159.
9164.
9166.
9170.
9174.
9178.
9181.
9185.
9188.
9193.
9196.
9200.
9203.
9207.
9210.
9214.
9218.
9222.
9225.
9229.
9232.
9236.
9240.
9244.
9248.
9251.
9254.
9258.
9262.
9266.
9268.
9273.
9277.
9281.
9283.
9288.
9291.
9295.
9298.
9302.
9306.
9310.
9313.
9317.
9321.
9324.
9327.
9331.
9335.
9339.
9342.
9346.
9351.
9354.
9357.
9360.
9365.
9369.
9372.
9375.
9379.
9382.
9385.
9389.
9393.
9397.
9401.
9404.
9409.
9412.
9415.
9419.
9423.
9426.
9430.
9433.
9437.
9440.
9444.
9447.
9451.
9455.
9458.
9462.
9466.
9469.
9473.
9476.
9480.
9484.
9487.
9490.
9494.
9498.
9501.
9505.
9509.
9512.
9516.
9519.
9523.
9526.
9530.
9533.
9537.
9540.
9544.
9547.
9551.
9554.
9558.
9561.
9565.
9568.
9571.
9575.
9578.
9582.
9585.
9588.
9592.
9596.
9598.
9602.
9606.
9610.
9613.
9616.
9620.
9623.
9626.
9630.
9633.
9637.
9640.
9643.
9646.
9650.
9653.
9657.
9660.
9664.
9666.
9670.
9673.
9677.
9680.
9684.
9687.
9691.
9694.
9697.
9700.
9704.
9707.
9711.
9714.
9718.
9721.
9724.
9727.
9731.
9734.
9737.
9740.
9744.
9747.
9751.
9754.
9758.
9761.
9764.
9767.
9771.
9774.
9777.
9780.
9785.
9787.
9790.
9794.
9798.
9800.
9804.
9807.
9811.
9814.
9817.
9820.
9824.
9827.
9830.
9834.
9837.
9841.
9843.
9847.
9850.
9853.
9857.
9860.
9863.
9867.
9870.
9873.
9877.
9880.
9883.
9887.
9890.
9893.
9896.
9900.
9903.
9906.
9909.
9913.
9916.
9919.
9922.
9925.
9929.
9932.
9935.
9939.
9942.
9945.
9948.
9951.
9955.
9959.
9961.
9965.
9967.
9971.
9974.
9977.
9981.
9984.
9987.
9990.
9994.
9997.
10000.
10003.
10007.
10010.
10013.
10016.
10020.
10023.
10026.
10029.
10032.
10036.
10039.
10042.
10045.
10049.
10052.
10054.
10058.
10061.
10064.
10067.
10071.
10073.
10077.
10080.
10083.
10086.
10089.
10092.
10095.
10099.
10102.
10105.
10109.
10111.
10114.
10117.
10121.
10124.
10127.
10130.
10133.
10136.
10139.
10141.
10145.
10148.
10152.
10154.
10158.
10160.
10164.
10166.
10170.
10172.
10176.
10178.
10182.
10185.
10188.
10191.
10194.
10197.
10200.
10202.
10206.
10209.
10212.
10214.
10218.
10221.
10224.
10227.
10230.
10233.
10236.
10238.
10242.
10244.
10247.
10250.
10254.
10256.
10258.
10261.
10264.
10268.
10270.
10273.
10276.
10279.
10281.
10284.
10288.
10290.
10292.
10295.
10298.
10301.
10303.
10306.
10309.
10312.
10314.
10317.
10320.
10323.
10325.
10327.
10330.
10333.
10335.
10338.
10340.
10344.
10346.
10348.
10351.
10354.
10356.
10359.
10361.
10364.
10366.
10369.
10371.
10374.
10376.
10378.
10381.
10383.
10385.
10388.
10390.
10393.
10395.
10397.
10400.
10403.
10404.
10406.
10408.
10411.
10414.
10415.
10418.
10420.
10422.
10424.
10426.
10429.
10431.
10433.
10435.
10437.
10439.
10441.
10444.
10445.
10448.
10450.
10452.
10453.
10456.
10458.
10460.
10462.
10463.
10465.
10467.
10469.
10471.
10473.
10475.
10476.
10478.
10480.
10482.
10485.
10486.
10488.
10489.
10491.
10492.
10495.
10496.
10498.
10499.
10501.
10503.
10505.
10506.
10508.
10509.
10511.
10512.
10514.
10515.
10517.
10518.
10520.
10521.
10522.
10524.
10526.
10526.
10528.
10529.
10530.
10532.
10534.
10534.
10536.
10537.
10539.
10540.
10541.
10543.
10544.
10545.
10547.
10548.
10549.
10550.
10551.
10552.
10553.
10555.
10556.
10558.
10558.
10559.
10560.
10561.
10562.
10564.
10565.
10566.
10567.
10569.
10569.
10570.
10572.
10572.
10573.
10574.
10575.
10576.
10576.
10578.
10578.
10580.
10581.
10582.
10582.
10583.
10584.
10585.
10585.
10587.
10588.
10588.
10589.
10590.
10590.
10592.
10592.
10593.
10594.
10595.
10595.
10597.
10597.
10598.
10598.
10599.
10599.
10601.
10601.
10602.
10603.
10603.
10603.
10603.
10604.
10605.
10605.
10605.
10606.
10607.
10607.
10607.
10608.
10608.
10608.
10608.
10609.
10609.
10609.
10609.
10610.
10609.
10610.
10610.
10610.
10611.
10611.
10610.
10611.
10610.
10611.
10610.
10611.
10610.
10611.
10610.
10611.
10611.
10610.
10610.
10610.
10610.
10610.
10609.
10610.
10610.
10610.
10610.
10609.
10609.
10609.
10609.
10609.
10608.
10608.
10608.
10607.
10607.
10607.
10607.
10606.
10606.
10606.
10606.
10605.
10606.
10604.
10605.
10605.
10605.
10604.
10604.
10604.
10604.
10603.
10603.
10603.
10602.
10602.
10601.
10601.
10601.
10601.
10600.
10599.
10599.
10599.
10598.
10597.
10597.
10596.
10596.
10596.
10595.
10595.
10594.
10594.
10593.
10593.
10592.
10592.
10590.
10589.
10589.
10588.
10588.
10588.
10586.
10585.
10583.
10583.
10582.
10582.
10580.
10580.
10579.
10578.
10576.
10575.
10575.
10573.
10571.
10570.
10569.
10568.
10566.
10566.
10564.
10562.
10560.
10560.
10558.
10557.
10555.
10553.
10552.
10550.
10549.
10547.
10545.
10543.
10542.
10539.
10538.
10536.
10534.
10531.
10530.
10528.
10526.
10525.
10522.
10521.
10518.
10515.
10514.
10512.
10509.
10507.
10504.
10503.
10499.
10497.
10495.
10492.
10490.
10487.
10485.
10483.
10479.
10477.
10474.
10471.
10468.
10465.
10463.
10461.
10458.
10455.
10452.
10449.
10446.
10444.
10440.
10438.
10435.
10431.
10428.
10425.
10422.
10419.
10416.
10413.
10409.
10406.
10403.
10400.
10396.
10392.
10389.
10386.
10383.
10379.
10375.
10372.
10369.
10365.
10362.
10358.
10355.
10351.
10348.
10345.
10341.
10338.
10334.
10329.
10326.
10323.
10319.
10315.
10312.
10308.
10304.
10301.
10296.
10292.
10289.
10285.
10281.
10277.
10273.
10269.
10265.
10261.
10257.
10253.
10250.
10246.
10241.
10237.
10233.
10228.
10224.
10220.
10216.
10211.
10207.
10203.
10198.
10194.
10190.
10186.
10182.
10177.
10172.
10168.
10163.
10159.
10155.
10150.
10146.
10141.
10137.
10132.
10128.
10123.
10118.
10113.
10110.
10104.
10100.
10094.
10090.
10085.
10080.
10076.
10071.
10066.
10061.
10056.
10052.
10046.
10042.
10037.
10032.
10027.
10023.
10017.
10013.
10007.
10002.
9997.
9992.
9987.
9982.
9977.
9972.
9966.
9962.
9955.
9951.
9946.
9940.
9935.
9930.
9925.
9920.
9914.
9909.
9905.
9899.
9893.
9888.
9883.
9877.
9873.
9867.
9862.
9857.
9852.
9846.
9841.
9835.
9830.
9824.
9819.
9813.
9808.
9802.
9798.
9792.
9787.
9781.
9776.
9770.
9765.
9759.
9753.
9748.
9743.
9737.
9731.
9726.
9721.
9715.
9710.
9704.
9699.
9694.
9688.
9683.
9676.
9671.
9666.
9660.
9654.
9648.
9642.
9638.
9632.
9626.
9621.
9616.
9611.
9604.
9598.
9593.
9587.
9582.
9577.
9571.
9565.
9559.
9553.
9549.
9543.
9537.
9530.
9526.
9520.
9515.
9509.
9503.
9498.
9492.
9486.
9481.
9474.
9470.
9463.
9458.
9452.
9447.
9440.
9435.
9430.
9424.
9418.
9412.
9406.
9401.
9395.
9389.
9384.
9377.
9372.
9366.
9360.
9355.
9349.
9343.
9338.
9332.
9326.
9320.
9315.
9309.
9303.
9298.
9292.
9287.
9281.
9275.
9269.
9263.
9258.
9252.
9246.
9240.
9235.
9229.
9224.
9218.
9212.
9205.
9201.
9195.
9189.
9183.
9177.
9171.
9166.
9161.
9154.
9148.
9143.
9137.
9132.
9125.
9120.
9114.
9109.
9103.
9097.
9091.
9086.
9080.
9074.
9068.
9062.
9057.
9051.
9045.
9039.
9033.
9027.
9022.
9016.
9010.
9004.
8999.
8994.
8988.
8981.
8975.
8970.
8964.
8958.
8953.
8947.
8941.
8936.
8930.
8924.
8919.
8913.
8907.
8901.
8896.
8890.
8884.
8878.
8873.
8867.
8862.
8855.
8850.
8844.
8839.
8833.
8827.
8821.
8816.
8810.
8805.
8798.
8793.
8787.
8783.
8776.
8770.
8764.
8759.
8753.
8748.
8742.
8737.
8731.
8725.
8720.
8714.
8708.
8703.
8698.
8692.
8686.
8680.
8675.
8670.
8664.
8658.
8653.
8647.
8642.
8636.
8631.
8625.
8620.
8614.
8608.
8603.
8597.
8591.
8586.
8580.
8575.
8570.
8564.
8558.
8553.
8548.
8542.
8536.
8531.
8526.
8521.
8515.
8509.
8503.
8498.
8493.
8488.
8482.
8477.
8471.
8466.
8460.
8455.
8449.
8444.
8438.
8433.
8428.
8423.
8417.
8412.
8406.
8401.
8396.
8390.
8385.
8379.
8375.
8369.
8364.
8359.
8354.
8348.
8343.
8337.
8333.
8327.
8322.
8317.
8312.
8306.
8301.
8295.
8291.
8285.
8281.
8275.
8270.
8264.
8260.
8254.
8249.
8243.
8239.
8233.
8229.
8223.
8218.
8212.
8208.
8202.
8197.
8191.
8187.
8182.
8177.
8172.
8167.
8162.
8156.
8150.
8146.
8142.
8136.
8131.
8126.
8121.
8116.
8111.
8106.
8101.
8096.
8091.
8085.
8080.
8076.
8071.
8065.
8061.
8056.
8051.
8046.
8041.
8036.
8031.
8026.
8022.
8016.
8012.
8006.
8002.
7997.
7992.
7987.
7983.
7977.
7973.
7968.
7963.
7958.
7953.
7948.
7943.
7938.
7934.
7928.
7923.
7918.
7913.
7909.
7904.
7900.
7894.
7890.
7885.
7880.
7875.
7870.
7865.
7861.
7855.
7851.
7846.
7841.
7836.
7832.
7827.
7822.
7817.
7813.
7808.
7803.
7798.
7793.
7789.
7785.
7779.
7774.
7769.
7765.
7760.
7756.
7750.
7746.
7740.
7736.
7731.
7726.
7721.
7717.
7711.
7707.
7702.
7698.
7692.
7688.
7683.
7678.
7674.
7670.
7664.
7660.
7655.
7650.
7645.
7641.
7636.
7631.
7626.
7622.
7616.
7612.
7607.
7602.
7598.
7593.
7588.
7583.
7579.
7574.
7569.
7564.
7560.
7555.
7551.
7546.
7541.
7536.
7531.
7526.
7522.
7518.
7513.
7507.
7503.
7498.
7494.
7489.
7485.
7479.
7475.
7469.
7465.
7460.
7456.
7451.
7446.
7441.
7437.
7432.
7428.
7422.
7417.
7413.
7408.
7403.
7399.
7394.
7389.
7384.
7380.
7375.
7370.
7366.
7361.
7356.
7351.
7347.
7342.
7337.
7332.
7328.
7323.
7319.
7314.
7309.
7304.
7299.
7294.
7291.
7285.
7281.
7276.
7271.
7266.
7262.
7257.
7253.
7247.
7243.
7238.
7234.
7228.
7224.
7219.
7215.
7209.
7205.
7201.
7196.
7191.
7187.
7182.
7177.
7172.
7168.
7163.
7159.
7153.
7149.
7144.
7140.
7134.
7130.
7126.
7121.
7116.
7112.
7107.
7102.
7098.
7093.
7089.
7084.
7080.
7075.
7070.
7065.
7061.
7057.
7053.
7048.
7044.
7039.
7034.
7030.
7025.
7021.
7016.
7012.
7007.
7003.
6998.
6995.
6990.
6985.
6981.
6976.
6972.
6968.
6964.
6959.
6955.
6950.
6946.
6942.
6938.
6933.
6929.
6925.
6921.
6916.
6912.
6908.
6904.
6900.
6896.
6891.
6886.
6882.
6879.
6875.
6871.
6866.
6862.
6858.
6854.
6851.
6846.
6842.
6838.
6833.
6830.
6826.
6822.
6818.
6814.
6810.
6806.
6803.
6798.
6794.
6791.
6786.
6783.
6779.
6775.
6771.
6768.
6764.
6760.
6756.
6752.
6748.
6745.
6741.
6737.
6733.
6730.
6726.
6722.
6718.
6715.
6711.
6708.
6704.
6700.
6696.
6693.
6689.
6686.
6682.
6678.
6675.
6671.
6667.
6664.
6660.
6656.
6653.
6649.
6646.
6642.
6639.
6635.
6631.
6628.
6625.
6622.
6618.
6613.
6611.
6607.
6604.
6600.
6597.
6593.
6589.
6586.
6583.
6579.
6576.
6573.
6568.
6565.
6562.
6559.
6555.
6552.
6549.
6545.
6542.
6538.
6535.
6531.
6529.
6525.
6522.
6518.
6515.
6511.
6509.
6505.
6502.
6499.
6496.
6493.
6489.
6486.
6483.
6479.
6476.
6473.
6470.
6467.
6464.
6461.
6457.
6454.
6451.
6447.
6445.
6442.
6439.
6435.
6432.
6430.
6426.
6423.
6420.
6418.
6414.
6412.
6409.
6406.
6403.
6400.
6397.
6394.
6391.
6389.
6386.
6383.
6380.
6378.
6374.
6372.
6369.
6367.
6364.
6361.
6358.
6355.
6353.
6351.
6348.
6345.
6343.
6341.
6339.
6336.
6333.
6331.
6329.
6327.
6324.
6322.
6320.
6318.
6315.
6313.
6311.
6309.
6307.
6305.
6303.
6301.
6299.
6297.
6295.
6293.
6293.
6290.
6289.
6287.
6285.
6283.
6282.
6280.
6279.
6278.
6276.
6275.
6273.
6272.
6271.
6270.
6268.
6267.
6266.
6265.
6264.
6264.
6263.
6262.
6260.
6259.
6259.
6259.
6258.
6258.
6257.
6257.
6256.
6256.
6255.
6256.
6254.
6254.
6255.
6255.
6254.
6254.
6254.
6254.
6255.
6254.
6254.
6255.
6255.
6255.
6255.
6256.
6256.
6256.
6256.
6256.
6256.
6256.
6256.
6257.
6257.
6258.
6257.
6258.
6258.
6258.
6259.
6259.
6259.
6260.
6261.
6260.
6260.
6261.
6262.
6262.
6262.
6263.
6263.
6264.
6264.
6265.
6266.
6266.
6266.
6268.
6267.
6269.
6270.
6270.
6271.
6272.
6274.
6274.
6274.
6276.
6276.
6277.
6278.
6279.
6280.
6281.
6283.
6284.
6285.
6286.
6287.
6290.
6290.
6292.
6293.
6294.
6295.
6297.
6298.
6300.
6302.
6303.
6305.
6306.
6308.
6309.
6312.
6313.
6316.
6317.
6319.
6321.
6323.
6325.
6326.
6329.
6331.
6333.
6335.
6337.
6339.
6341.
6344.
6346.
6349.
6351.
6354.
6356.
6358.
6360.
6363.
6366.
6368.
6371.
6374.
6376.
6378.
6381.
6383.
6387.
6389.
6392.
6395.
6398.
6400.
6404.
6406.
6410.
6412.
6415.
6418.
6422.
6424.
6427.
6430.
6434.
6436.
6440.
6442.
6446.
6449.
6452.
6455.
6459.
6461.
6465.
6468.
6472.
6474.
6478.
6481.
6484.
6487.
6490.
6494.
6497.
6501.
6504.
6507.
6510.
6514.
6517.
6521.
6524.
6528.
6530.
6534.
6537.
6541.
6544.
6549.
6553.
6556.
6559.
6563.
6566.
6569.
6573.
6578.
6581.
6584.
6588.
6592.
6596.
6600.
6603.
6606.
6611.
6615.
6618.
6622.
6626.
6630.
6633.
6637.
6641.
6646.
6648.
6653.
6657.
6661.
6664.
6669.
6673.
6677.
6680.
6684.
6690.
6694.
6697.
6702.
6705.
6709.
6713.
6718.
6723.
6727.
6730.
6735.
6740.
6743.
6748.
6752.
6757.
6762.
6765.
6769.
6774.
6778.
6783.
6787.
6792.
6796.
6800.
6805.
6809.
6814.
6819.
6823.
6828.
6832.
6836.
6841.
6847.
6851.
6855.
6860.
6865.
6870.
6874.
6879.
6884.
6889.
6893.
6898.
6903.
6908.
6913.
6917.
6922.
6927.
6932.
6938.
6942.
6947.
6951.
6957.
6961.
6967.
6971.
6977.
6981.
6987.
6992.
6998.
7001.
7008.
7013.
7018.
7022.
7028.
7032.
7038.
7043.
7048.
7054.
7059.
7063.
7070.
7074.
7080.
7086.
7090.
7095.
7101.
7106.
7111.
7117.
7122.
7128.
7134.
7139.
7145.
7149.
7155.
7161.
7167.
7172.
7177.
7183.
7188.
7194.
7199.
7205.
7211.
7217.
7222.
7229.
7234.
7240.
7246.
7251.
7257.
7263.
7269.
7276.
7281.
7287.
7293.
7298.
7304.
7311.
7317.
7323.
7328.
7334.
7341.
7347.
7353.
7359.
7365.
7372.
7377.
7384.
7389.
7395.
7402.
7408.
7414.
7420.
7426.
7431.
7438.
7445.
7451.
7457.
7463.
7469.
7475.
7481.
7487.
7494.
7500.
7506.
7512.
7519.
7525.
7531.
7537.
7543.
7550.
7556.
7563.
7569.
7575.
7582.
7588.
7594.
7600.
7606.
7613.
7619.
7625.
7631.
7638.
7644.
7649.
7656.
7662.
7669.
7675.
7681.
7688.
7694.
7700.
7705.
7712.
7718.
7724.
7730.
7737.
7743.
7750.
7755.
7762.
7767.
7774.
7779.
7786.
7792.
7798.
7804.
7809.
7816.
7822.
7827.
7833.
7840.
7845.
7851.
7858.
7863.
7870.
7875.
7881.
7886.
7892.
7898.
7904.
7909.
7916.
7921.
7927.
7932.
7937.
7944.
7950.
7955.
7960.
7966.
7972.
7977.
7984.
7988.
7995.
7999.
8005.
8010.
8016.
8021.
8027.
8031.
8037.
8042.
8048.
8053.
8058.
8063.
8069.
8074.
8080.
8085.
8090.
8095.
8100.
8105.
8111.
8115.
8120.
8126.
8131.
8135.
8140.
8146.
8151.
8156.
8161.
8166.
8172.
8176.
8181.
8186.
8192.
8196.
8201.
8206.
8211.
8216.
8220.
8226.
8231.
8236.
8240.
8246.
8250.
8256.
8261.
8265.
8271.
8275.
8279.
8285.
8290.
8294.
8299.
8305.
8310.
8314.
8318.
8324.
8329.
8333.
8338.
8343.
8348.
8352.
8357.
8362.
8366.
8372.
8376.
8381.
8386.
8391.
8395.
8400.
8406.
8409.
8414.
8419.
8424.
8429.
8433.
8438.
8442.
8448.
8452.
8457.
8462.
8467.
8471.
8475.
8480.
8485.
8490.
8495.
8500.
8504.
8508.
8513.
8518.
8523.
8527.
8532.
8537.
8541.
8546.
8550.
8555.
8561.
8565.
8570.
8575.
8579.
8584.
8588.
8593.
8598.
8603.
8608.
8613.
8617.
8622.
8626.
8632.
8637.
8641.
8645.
8651.
8656.
8660.
8666.
8670.
8674.
8680.
8685.
8689.
8694.
8699.
8703.
8708.
8713.
8718.
8722.
8728.
8733.
8737.
8741.
8747.
8752.
8756.
8761.
8766.
8770.
8776.
8780.
8786.
8790.
8794.
8800.
8805.
8810.
8814.
8819.
8825.
8830.
8833.
8839.
8844.
8848.
8853.
8858.
8863.
8867.
8873.
8877.
8882.
8887.
8892.
8896.
8902.
8907.
8911.
8916.
8922.
8926.
8930.
8936.
8941.
8946.
8950.
8955.
8960.
8965.
8970.
8975.
8980.
8985.
8989.
8995.
8999.
9004.
9009.
9014.
9019.
9024.
9029.
9033.
9038.
9043.
9048.
9053.
9058.
9063.
9067.
9073.
9077.
9083.
9087.
9092.
9097.
9102.
9106.
9112.
9117.
9121.
9126.
9131.
9136.
9141.
9145.
9151.
9156.
9161.
9165.
9170.
9175.
9180.
9185.
9190.
9195.
9199.
9204.
9209.
9214.
9219.
9224.
9229.
9234.
9238.
9243.
9249.
9253.
9258.
9262.
9267.
9272.
9277.
9282.
9286.
9291.
9296.
9301.
9306.
9311.
9316.
9320.
9325.
9330.
9335.
9340.
9345.
9349.
9354.
9358.
9362.
9368.
9373.
9377.
9382.
9387.
9391.
9396.
9401.
9406.
9411.
9415.
9420.
9425.
9429.
9434.
9437.
9443.
9448.
9452.
9456.
9461.
9465.
9470.
9475.
9480.
9485.
9489.
9494.
9499.
9503.
9508.
9512.
9517.
9521.
9526.
9531.
9535.
9539.
9545.
9549.
9554.
9558.
9563.
9567.
9571.
9576.
9582.
9585.
9590.
9594.
9599.