9751.
9751.
9752.
9751.
9751.
9751.
9751.
9751.
9751.
9751.
9751.
9751.
9751.
9751.
9752.
9751.
9751.
9752.
9752.
9751.
9751.
9751.
9751.
9751.
9751.
9752.
9752.
9751.
9751.
9751.
9751.
9751.
9751.
9751.
9751.
9751.
9751.
9751.
9751.
9751.
9751.
9752.
9751.
9751.
9751.
9752.
9752.
9751.
9752.
9751.
9752.
9751.
9752.
9751.
9751.
9752.
9751.
9751.
9751.
9751.
9751.
9752.
9751.
9752.
9751.
9751.
9751.
9751.
9751.
9752.
9751.
9751.
9751.
9752.
9751.
9751.
9751.
9751.
9752.
9752.
9751.
9751.
9751.
9751.
9751.
9751.
9752.
9752.
9751.
9751.
9751.
9752.
9751.
9751.
9752.
9751.
9752.
9752.
9751.
9751.
9752.
9752.
9751.
9751.
9752.
9752.
9751.
9751.
9752.
9751.
9751.
9751.
9751.
9751.
9751.
9751.
9752.
9751.
9751.
9751.
9751.
9751.
9751.
9751.
9751.
9752.
9751.
9751.
9751.
9752.
9751.
9751.
9751.
9751.
9751.
9751.
9751.
9751.
9751.
9751.
9753.
9751.
9751.
9751.
9751.
9751.
9751.
9751.
9751.
9751.
9751.
9751.
9751.
9752.
9752.
9751.
9751.
9751.
9751.
9751.
9751.
9751.
9752.
9752.
9752.
9751.
9751.
9752.
9751.
9752.
9751.
9752.
9752.
9751.
9751.
9751.
9751.
9751.
9751.
9752.
9751.
9751.
9751.
9751.
9751.
9752.
9751.
9752.
9752.
9752.
9751.
9751.
9751.
9752.
9751.
9751.
9751.
9752.
9751.
9751.
9752.
9752.
9752.
9752.
9752.
9753.
9752.
9752.
9752.
9752.
9752.
9752.
9752.
9752.
9752.
9752.
9752.
9752.
9752.
9752.
9752.
9752.
9752.
9752.
9752.
9752.
9752.
9752.
9752.
9752.
9752.
9752.
9752.
9752.
9752.
9752.
9752.
9752.
9752.
9752.
9751.
9752.
9752.
9752.
9751.
9753.
9753.
9752.
9752.
9752.
9753.
9752.
9752.
9752.
9752.
9752.
9752.
9752.
9752.
9752.
9752.
9752.
9752.
9752.
9752.
9752.
9752.
9752.
9753.
9752.
9752.
9752.
9752.
9753.
9753.
9752.
9752.
9752.
9752.
9752.
9752.
9752.
9752.
9752.
9752.
9752.
9752.
9752.
9752.
9752.
9752.
9752.
9753.
9752.
9752.
9752.
9752.
9753.
9752.
9752.
9752.
9752.
9752.
9753.
9752.
9752.
9752.
9752.
9752.
9753.
9752.
9751.
9752.
9752.
9752.
9752.
9752.
9753.
9752.
9752.
9752.
9753.
9752.
9752.
9752.
9752.
9751.
9751.
9752.
9752.
9752.
9752.
9753.
9752.
9752.
9753.
9752.
9752.
9752.
9752.
9752.
9752.
9752.
9752.
9752.
9753.
9752.
9752.
9751.
9752.
9752.
9752.
9752.
9752.
9752.
9752.
9752.
9752.
9752.
9752.
9752.
9752.
9752.
9752.
9753.
9752.
9752.
9752.
9752.
9752.
9752.
9752.
9752.
9752.
9753.
9753.
9753.
9752.
9751.
9752.
9751.
9752.
9752.
9752.
9752.
9752.
9752.
9752.
9752.
9752.
9752.
9752.
9752.
9752.
9752.
9752.
9752.
9753.
9752.
9753.
9753.
9752.
9752.
9752.
9752.
9752.
9752.
9752.
9752.
9752.
9752.
9751.
9752.
9752.
9752.
9751.
9752.
9752.
9752.
9751.
9751.
9752.
9752.
9752.
9752.
9752.
9752.
9751.
9751.
9752.
9751.
9751.
9751.
9752.
9751.
9751.
9750.
9751.
9750.
9749.
9750.
9750.
9750.
9749.
9749.
9750.
9749.
9749.
9748.
9749.
9748.
9747.
9747.
9747.
9746.
9746.
9745.
9746.
9745.
9744.
9742.
9741.
9740.
9741.
9740.
9738.
9736.
9736.
9735.
9733.
9731.
9730.
9729.
9728.
9727.
9724.
9722.
9721.
9718.
9717.
9714.
9713.
9709.
9707.
9705.
9702.
9699.
9697.
9693.
9691.
9688.
9685.
9681.
9678.
9675.
9670.
9666.
9663.
9660.
9655.
9650.
9647.
9643.
9638.
9634.
9629.
9624.
9619.
9614.
9609.
9604.
9599.
9593.
9588.
9582.
9576.
9571.
9565.
9558.
9552.
9546.
9540.
9532.
9526.
9519.
9513.
9505.
9499.
9491.
9484.
9476.
9469.
9462.
9453.
9445.
9437.
9429.
9421.
9413.
9405.
9397.
9387.
9378.
9370.
9361.
9351.
9342.
9333.
9324.
9315.
9305.
9295.
9286.
9276.
9265.
9255.
9246.
9234.
9224.
9214.
9203.
9193.
9182.
9171.
9160.
9148.
9137.
9125.
9114.
9102.
9091.
9079.
9068.
9055.
9044.
9031.
9019.
9007.
8994.
8982.
8969.
8956.
8943.
8931.
8918.
8905.
8892.
8878.
8864.
8851.
8838.
8823.
8810.
8796.
8782.
8768.
8755.
8740.
8726.
8711.
8698.
8684.
8669.
8653.
8639.
8625.
8610.
8595.
8579.
8565.
8550.
8535.
8519.
8505.
8489.
8474.
8458.
8443.
8428.
8413.
8397.
8381.
8366.
8350.
8334.
8319.
8302.
8287.
8272.
8256.
8240.
8225.
8210.
8193.
8178.
8163.
8147.
8131.
8116.
8099.
8085.
8069.
8054.
8038.
8023.
8007.
7992.
7976.
7961.
7945.
7931.
7914.
7900.
7884.
7870.
7854.
7839.
7825.
7811.
7795.
7781.
7765.
7751.
7736.
7722.
7706.
7693.
7678.
7664.
7649.
7635.
7621.
7607.
7592.
7579.
7564.
7551.
7537.
7523.
7509.
7496.
7481.
7469.
7455.
7441.
7427.
7413.
7400.
7386.
7373.
7360.
7346.
7333.
7320.
7307.
7293.
7281.
7268.
7255.
7241.
7229.
7216.
7203.
7190.
7177.
7164.
7152.
7140.
7127.
7114.
7102.
7090.
7078.
7066.
7054.
7041.
7029.
7018.
7006.
6994.
6982.
6971.
6960.
6948.
6938.
6925.
6915.
6904.
6893.
6882.
6872.
6861.
6851.
6840.
6830.
6820.
6810.
6800.
6790.
6781.
6770.
6762.
6751.
6742.
6734.
6725.
6716.
6708.
6698.
6690.
6682.
6673.
6666.
6658.
6650.
6643.
6635.
6627.
6619.
6612.
6605.
6598.
6591.
6584.
6577.
6570.
6563.
6557.
6551.
6544.
6538.
6531.
6526.
6520.
6514.
6508.
6502.
6497.
6491.
6486.
6481.
6475.
6470.
6465.
6461.
6455.
6451.
6446.
6442.
6437.
6433.
6428.
6424.
6421.
6417.
6412.
6408.
6405.
6401.
6397.
6394.
6391.
6387.
6384.
6380.
6378.
6373.
6371.
6368.
6366.
6362.
6360.
6357.
6354.
6352.
6350.
6346.
6345.
6342.
6340.
6337.
6335.
6334.
6331.
6329.
6327.
6325.
6323.
6321.
6320.
6318.
6316.
6314.
6312.
6310.
6308.
6306.
6305.
6305.
6303.
6301.
6300.
6298.
6297.
6295.
6295.
6294.
6292.
6291.
6291.
6290.
6289.
6287.
6287.
6286.
6285.
6284.
6284.
6282.
6282.
6281.
6281.
6279.
6279.
6278.
6278.
6277.
6277.
6277.
6276.
6275.
6275.
6275.
6275.
6274.
6274.
6274.
6274.
6275.
6274.
6274.
6274.
6275.
6274.
6274.
6274.
6274.
6274.
6275.
6275.
6275.
6275.
6274.
6274.
6274.
6274.
6275.
6274.
6275.
6274.
6275.
6274.
6274.
6275.
6275.
6275.
6275.
6274.
6276.
6274.
6274.
6274.
6274.
6275.
6275.
6275.
6275.
6275.
6275.
6275.
6276.
6275.
6275.
6275.
6275.
6275.
6275.
6275.
6275.
6275.
6275.
6275.
6275.
6275.
6275.
6274.
6275.
6275.
6275.
6275.
6275.
6275.
6275.
6275.
6275.
6276.
6275.
6275.
6275.
6275.
6276.
6276.
6275.
6276.
6275.
6275.
6275.
6275.
6275.
6276.
6275.
6275.
6275.
6275.
6276.
6276.
6275.
6277.
6275.
6275.
6276.
6276.
6276.
6275.
6276.
6276.
6276.
6276.
6275.
6275.
6276.
6276.
6276.
6276.
6276.
6276.
6276.
6276.
6276.
6276.
6276.
6277.
6275.
6275.
6276.
6276.
6277.
6277.
6276.
6276.
6277.
6276.
6276.
6276.
6277.
6276.
6277.
6277.
6276.
6276.
6276.
6276.
6277.
6276.
6277.
6277.
6276.
6276.
6277.
6276.
6277.
6276.
6277.
6276.
6277.
6276.
6277.
6276.
6276.
6276.
6276.
6277.
6277.
6276.
6276.
6276.
6276.
6277.
6276.
6277.
6277.
6276.
6276.
6276.
6276.
6277.
6277.
6276.
6276.
6277.
6276.
6276.
6276.
6277.
6276.
6277.
6277.
6277.
6276.
6277.
6277.
6277.
6276.
6277.
6278.
6277.
6277.
6276.
6277.
6277.
6276.
6277.
6277.
6277.
6277.
6277.
6277.
6277.
6277.
6277.
6277.
6277.
6277.
6277.
6277.
6277.
6277.
6277.
6277.
6278.
6277.
6276.
6277.
6277.
6277.
6277.
6278.
6277.
6277.
6276.
6277.
6277.
6277.
6277.
6277.
6277.
6277.
6277.
6277.
6277.
6277.
6277.
6277.
6277.
6277.
6277.
6277.
6277.
6278.
6278.
6277.
6277.
6277.
6277.
6277.
6277.
6278.
6278.
6278.
6278.
6276.
6277.
6277.
6277.
6277.
6277.
6277.
6277.
6278.
6277.
6276.
6277.
6277.
6277.
6277.
6277.
6277.
6277.
6278.
6277.
6277.
6277.
6277.
6277.
6278.
6277.
6276.
6277.
6277.
6277.
6277.
6277.
6277.
6277.
6277.
6278.
6277.
6277.
6277.
6278.
6278.
6278.
6278.
6278.
6278.
6278.
6278.
6278.
6279.
6277.
6277.
6278.
6277.
6278.
6278.
6278.
6278.
6279.
6279.
6279.
6280.
6279.
6280.
6279.
6280.
6280.
6281.
6281.
6282.
6282.
6282.
6283.
6283.
6283.
6283.
6283.
6284.
6283.
6284.
6284.
6284.
6284.
6285.
6286.
6286.
6285.
6286.
6286.
6287.
6287.
6287.
6288.
6287.
6287.
6288.
6287.
6288.
6288.
6288.
6288.
6289.
6288.
6288.
6289.
6288.
6288.
6290.
6290.
6290.
6291.
6290.
6290.
6291.
6292.
6292.
6292.
6292.
6292.
6293.
6293.
6293.
6294.
6294.
6294.
6295.
6295.
6296.
6297.
6297.
6298.
6298.
6299.
6300.
6300.
6302.
6303.
6304.
6305.
6306.
6307.
6308.
6309.
6310.
6312.
6313.
6314.
6315.
6317.
6318.
6320.
6321.
6323.
6325.
6327.
6329.
6331.
6333.
6335.
6337.
6340.
6342.
6344.
6347.
6350.
6352.
6354.
6358.
6360.
6363.
6366.
6370.
6373.
6376.
6379.
6383.
6387.
6391.
6394.
6398.
6402.
6407.
6410.
6415.
6420.
6424.
6428.
6433.
6438.
6443.
6448.
6453.
6459.
6463.
6469.
6475.
6481.
6486.
6493.
6499.
6505.
6511.
6517.
6525.
6531.
6537.
6545.
6552.
6559.
6566.
6573.
6581.
6589.
6597.
6604.
6613.
6620.
6629.
6638.
6646.
6655.
6664.
6673.
6682.
6691.
6701.
6710.
6720.
6730.
6740.
6751.
6761.
6770.
6781.
6793.
6803.
6815.
6825.
6837.
6848.
6859.
6871.
6883.
6894.
6907.
6919.
6932.
6943.
6956.
6969.
6981.
6995.
7008.
7021.
7034.
7048.
7060.
7075.
7088.
7101.
7116.
7131.
7144.
7158.
7173.
7187.
7204.
7218.
7234.
7248.
7264.
7277.
7293.
7310.
7326.
7341.
7357.
7373.
7389.
7405.
7422.
7438.
7454.
7471.
7488.
7505.
7521.
7538.
7555.
7573.
7589.
7607.
7623.
7641.
7658.
7676.
7692.
7710.
7728.
7747.
7764.
7782.
7800.
7817.
7835.
7853.
7871.
7889.
7908.
7926.
7943.
7962.
7981.
7998.
8018.
8036.
8054.
8072.
8090.
8109.
8128.
8146.
8165.
8184.
8203.
8221.
8240.
8259.
8277.
8296.
8315.
8334.
8353.
8371.
8391.
8409.
8428.
8447.
8467.
8486.
8505.
8524.
8543.
8562.
8581.
8600.
8618.
8638.
8656.
8675.
8694.
8713.
8732.
8751.
8769.
8789.
8808.
8826.
8845.
8864.
8882.
8901.
8920.
8938.
8957.
8975.
8994.
9011.
9029.
9048.
9066.
9085.
9102.
9121.
9140.
9157.
9175.
9193.
9212.
9229.
9247.
9264.
9282.
9299.
9317.
9334.
9352.
9370.
9387.
9405.
9422.
9438.
9456.
9473.
9490.
9507.
9524.
9541.
9557.
9573.
9591.
9608.
9624.
9640.
9656.
9672.
9688.
9705.
9720.
9736.
9751.
9768.
9783.
9799.
9814.
9828.
9843.
9859.
9874.
9888.
9903.
9917.
9932.
9946.
9960.
9974.
9989.
10002.
10016.
10029.
10043.
10055.
10070.
10082.
10096.
10109.
10122.
10135.
10146.
10159.
10171.
10184.
10195.
10207.
10219.
10231.
10242.
10254.
10264.
10276.
10286.
10298.
10308.
10319.
10329.
10340.
10349.
10359.
10369.
10379.
10389.
10397.
10407.
10416.
10425.
10433.
10443.
10452.
10459.
10467.
10475.
10483.
10492.
10499.
10505.
10514.
10521.
10528.
10535.
10543.
10549.
10555.
10561.
10568.
10573.
10579.
10584.
10589.
10596.
10601.
10607.
10611.
10615.
10621.
10626.
10630.
10634.
10638.
10642.
10647.
10650.
10655.
10659.
10662.
10665.
10668.
10672.
10675.
10678.
10680.
10684.
10686.
10689.
10691.
10693.
10695.
10697.
10698.
10700.
10702.
10703.
10705.
10706.
10708.
10709.
10711.
10711.
10712.
10713.
10713.
10713.
10714.
10715.
10714.
10714.
10715.
10715.
10714.
10714.
10714.
10714.
10713.
10713.
10713.
10712.
10711.
10711.
10711.
10710.
10710.
10709.
10709.
10708.
10708.
10709.
10708.
10707.
10707.
10705.
10705.
10705.
10705.
10704.
10703.
10702.
10702.
10701.
10700.
10700.
10700.
10699.
10699.
10698.
10698.
10697.
10696.
10696.
10697.
10695.
10695.
10694.
10695.
10694.
10692.
10692.
10692.
10690.
10690.
10690.
10690.
10689.
10689.
10687.
10687.
10687.
10687.
10685.
10685.
10685.
10685.
10684.
10684.
10683.
10683.
10682.
10682.
10681.
10681.
10682.
10681.
10680.
10680.
10681.
10680.
10679.
10679.
10679.
10679.
10678.
10678.
10679.
10678.
10678.
10678.
10677.
10678.
10677.
10678.
10678.
10678.
10679.
10678.
10678.
10678.
10678.
10678.
10679.
10678.
10677.
10678.
10678.
10677.
10678.
10677.
10677.
10677.
10677.
10677.
10677.
10678.
10678.
10677.
10677.
10678.
10677.
10678.
10678.
10677.
10677.
10677.
10677.
10678.
10677.
10678.
10678.
10677.
10677.
10678.
10677.
10677.
10677.
10677.
10677.
10678.
10677.
10677.
10678.
10677.
10677.
10677.
10677.
10677.
10677.
10677.
10677.
10677.
10677.
10677.
10677.
10677.
10677.
10677.
10677.
10677.
10677.
10677.
10677.
10677.
10677.
10677.
10677.
10676.
10677.
10677.
10676.
10676.
10677.
10676.
10677.
10677.
10677.
10676.
10677.
10677.
10677.
10677.
10677.
10677.
10677.
10676.
10677.
10677.
10676.
10676.
10677.
10677.
10676.
10676.
10676.
10676.
10677.
10677.
10676.
10677.
10676.
10677.
10676.
10676.
10676.
10676.
10676.
10676.
10677.
10677.
10676.
10676.
10676.
10676.
10676.
10676.
10677.
10676.
10676.
10676.
10676.
10676.
10677.
10676.
10676.
10676.
10676.
10677.
10677.
10676.
10677.
10676.
10676.
10676.
10676.
10676.
10676.
10676.
10676.
10676.
10676.
10676.
10676.
10676.
10676.
10676.
10677.
10676.
10676.
10676.
10676.
10676.
10675.
10676.
10676.
10675.
10675.
10676.
10676.
10676.
10676.
10676.
10676.
10675.
10676.
10676.
10676.
10675.
10676.
10676.
10676.
10675.
10676.
10676.
10676.
10675.
10676.
10675.
10676.
10676.
10676.
10676.
10675.
10675.
10676.
10675.
10676.
10676.
10676.
10675.
10675.
10675.
10676.
10676.
10676.
10676.
10676.
10677.
10675.
10675.
10676.
10676.
10676.
10676.
10675.
10675.
10675.
10675.
10675.
10675.
10675.
10676.
10675.
10675.
10676.
10676.
10675.
10675.
10676.
10676.
10675.
10675.
10676.
10676.
10675.
10675.
10676.
10676.
10676.
10675.
10675.
10676.
10675.
10675.
10675.
10675.
10676.
10675.
10675.
10675.
10675.
10675.
10675.
10675.
10675.
10675.
10675.
10675.
10675.
10675.
10675.
10675.
10675.
10675.
10675.
10675.
10675.
10675.
10676.
10675.
10675.
10675.
10675.
10675.
10675.
10675.
10675.
10675.
10675.
10675.
10675.
10675.
10675.
10675.
10676.
10674.
10674.
10675.
10675.
10675.
10675.
10674.
10675.
10674.
10674.
10675.
10675.
10675.
10675.
10674.
10674.
10674.
10674.
10673.
10673.
10673.
10672.
10672.
10672.
10672.
10670.
10670.
10669.
10670.
10668.
10668.
10667.
10667.
10665.
10664.
10664.
10663.
10662.
10661.
10661.
10659.
10657.
10657.
10656.
10654.
10653.
10651.
10649.
10648.
10647.
10645.
10643.
10641.
10639.
10638.
10636.
10633.
10631.
10628.
10627.
10623.
10621.
10619.
10616.
10614.
10611.
10608.
10605.
10602.
10599.
10595.
10593.
10589.
10586.
10582.
10579.
10575.
10571.
10567.
10564.
10560.
10555.
10551.
10546.
10542.
10537.
10533.
10528.
10523.
10518.
10513.
10509.
10503.
10498.
10492.
10487.
10481.
10476.
10469.
10464.
10458.
10451.
10445.
10438.
10432.
10426.
10419.
10412.
10405.
10398.
10391.
10384.
10376.
10369.
10361.
10353.
10345.
10337.
10329.
10320.
10312.
10304.
10294.
10286.
10277.
10268.
10259.
10250.
10240.
10231.
10221.
10210.
10200.
10191.
10180.
10169.
10159.
10147.
10137.
10127.
10115.
10104.
10093.
10081.
10069.
10058.
10047.
10035.
10023.
10010.
9998.
9985.
9973.
9960.
9947.
9934.
9922.
9908.
9895.
9881.
9869.
9854.
9841.
9827.
9813.
9798.
9785.
9771.
9756.
9741.
9727.
9712.
9697.
9682.
9667.
9652.
9637.
9621.
9606.
9591.
9576.
9560.
9544.
9528.
9513.
9497.
9480.
9464.
9448.
9432.
9415.
9399.
9382.
9367.
9350.
9333.
9316.
9299.
9282.
9266.
9249.
9232.
9215.
9198.
9181.
9165.
9147.
9129.
9111.
9094.
9077.
9060.
9042.
9025.
9007.
8991.
8972.
8954.
8936.
8919.
8902.
8884.
8867.
8848.
8831.
8813.
8796.
8778.
8760.
8743.
8726.
8707.
8690.
8672.
8654.
8637.
8620.
8602.
8584.
8566.
8549.
8531.
8515.
8496.
8479.
8462.
8445.
8427.
8410.
8393.
8376.
8358.
8341.
8324.
8307.
8290.
8273.
8256.
8239.
8224.
8206.
8189.
8173.
8156.
8141.
8125.
8108.
8092.
8076.
8059.
8044.
8027.
8011.
7995.
7980.
7964.
7948.
7932.
7917.
7901.
7886.
7871.
7856.
7840.
7825.
7809.
7795.
7779.
7764.
7750.
7735.
7720.
7705.
7691.
7676.
7661.
7647.
7632.
7617.
7603.
7589.
7574.
7560.
7546.
7531.
7517.
7503.
7488.
7474.
7460.
7445.
7432.
7418.
7404.
7389.
7375.
7362.
7348.
7334.
7320.
7307.
7292.
7279.
7265.
7252.
7238.
7225.
7211.
7198.
7184.
7171.
7157.
7145.
7132.
7119.
7106.
7093.
7080.
7067.
7056.
7043.
7030.
7018.
7006.
6994.
6982.
6970.
6959.
6947.
6935.
6924.
6913.
6902.
6890.
6880.
6869.
6858.
6848.
6838.
6828.
6818.
6808.
6798.
6789.
6778.
6768.
6760.
6751.
6742.
6734.
6724.
6716.
6708.
6700.
6692.
6684.
6676.
6668.
6661.
6653.
6647.
6639.
6633.
6625.
6619.
6613.
6606.
6599.
6594.
6588.
6582.
6576.
6571.
6565.
6560.
6554.
6549.
6544.
6539.
6534.
6530.
6525.
6520.
6516.
6511.
6507.
6503.
6499.
6495.
6491.
6488.
6484.
6480.
6477.
6472.
6471.
6467.
6464.
6460.
6458.
6455.
6453.
6450.
6447.
6445.
6443.
6440.
6437.
6436.
6434.
6432.
6430.
6428.
6426.
6424.
6422.
6421.
6418.
6418.
6417.
6416.
6415.
6413.
6413.
6412.
6411.
6410.
6410.
6409.
6408.
6408.
6408.
6407.
6407.
6406.
6406.
6406.
6406.
6406.
6406.
6406.
6406.
6406.
6406.
6407.
6406.
6407.
6407.
6407.
6407.
6408.
6408.
6408.
6409.
6408.
6409.
6409.
6409.
6409.
6409.
6410.
6410.
6410.
6411.
6412.
6412.
6412.
6412.
6413.
6413.
6413.
6413.
6413.
6413.
6413.
6414.
6414.
6414.
6414.
6414.
6415.
6414.
6415.
6415.
6414.
6414.
6414.
6415.
6414.
6415.
6414.
6415.
6415.
6415.
6415.
6415.
6415.
6415.
6415.
6415.
6415.
6415.
6414.
6415.
6415.
6415.
6415.
6415.
6415.
6415.
6415.
6415.
6414.
6415.
6416.
6415.
6415.
6415.
6415.
6415.
6416.
6415.
6415.
6415.
6415.
6415.
6416.
6415.
6416.
6415.
6415.
6416.
6415.
6416.
6416.
6416.
6416.
6416.
6416.
6416.
6416.
6415.
6416.
6416.
6416.
6415.
6415.
6416.
6416.
6416.
6416.
6416.
6416.
6416.
6416.
6417.
6416.
6415.
6416.
6416.
6416.
6416.
6416.
6417.
6416.
6417.
6416.
6417.
6416.
6416.
6416.
6416.
6416.
6417.
6417.
6416.
6416.
6416.
6416.
6416.
6416.
6416.
6416.
6417.
6416.
6416.
6416.
6417.
6416.
6417.
6416.
6416.
6416.
6416.
6416.
6416.
6416.
6416.
6416.
6416.
6416.
6416.
6416.
6416.
6416.
6416.
6416.
6417.
6416.
6416.
6416.
6417.
6417.
6417.
6416.
6417.
6416.
6417.
6416.
6417.
6416.
6416.
6416.
6417.
6416.
6416.
6417.
6417.
6417.
6417.
6417.
6417.
6418.
6417.
6417.
6417.
6417.
6417.
6416.
6417.
6417.
6417.
6417.
6417.
6417.
6417.
6417.
6417.
6417.
6417.
6417.
6417.
6417.
6417.
6418.
6417.
6417.
6418.
6417.
6417.
6417.
6418.
6418.
6417.
6417.
6417.
6417.
6417.
6417.
6418.
6417.
6417.
6417.
6417.
6417.
6417.
6417.
6417.
6417.
6418.
6417.
6417.
6417.
6418.
6418.
6417.
6417.
6417.
6417.
6417.
6417.
6418.
6417.
6418.
6418.
6417.
6417.
6417.
6417.
6418.
6417.
6417.
6417.
6417.
6418.
6418.
6417.
6418.
6418.
6418.
6417.
6417.
6418.
6418.
6418.
6419.
6418.
6418.
6418.
6418.
6418.
6417.
6418.
6418.
6418.
6418.
6417.
6418.
6417.
6418.
6418.
6418.
6418.
6417.
6418.
6418.
6417.
6418.
6418.
6418.
6417.
6417.
6418.
6418.
6418.
6418.
6417.
6418.
6417.
6418.
6418.
6418.
6418.
6418.
6417.
6418.
6418.
6418.
6418.
6418.
6418.
6418.
6417.
6418.
6417.
6418.
6418.
6418.
6418.
6418.
6418.
6418.
6418.
6418.
6418.
6418.
6418.
6418.
6419.
6418.
6418.
6418.
6419.
6418.
6418.
6418.
6419.
6418.
6418.
6418.
6419.
6418.
6418.
6418.
6418.
6418.
6418.
6417.
6418.
6419.
6418.
6419.
6418.
6419.
6419.
6420.
6420.
6419.
6420.
6420.
6421.
6422.
6422.
6422.
6422.
6422.
6424.
6424.
6425.
6427.
6427.
6427.
6429.
6429.
6431.
6432.
6433.
6434.
6436.
6437.
6438.
6440.
6442.
6443.
6445.
6447.
6450.
6451.
6453.
6455.
6458.
6461.
6463.
6465.
6468.
6471.
6474.
6477.
6479.
6483.
6486.
6490.
6493.
6496.
6500.
6505.
6508.
6512.
6516.
6520.
6525.
6530.
6534.
6539.
6544.
6548.
6554.
6559.
6565.
6570.
6576.
6582.
6587.
6594.
6600.
6605.
6612.
6618.
6625.
6632.
6638.
6646.
6652.
6659.
6667.
6674.
6682.
6690.
6697.
6706.
6714.
6722.
6731.
6739.
6748.
6757.
6765.
6775.
6784.
6794.
6804.
6815.
6824.
6834.
6845.
6855.
6866.
6877.
6888.
6899.
6911.
6922.
6934.
6946.
6959.
6970.
6982.
6996.
7008.
7022.
7034.
7048.
7061.
7076.
7089.
7103.
7117.
7132.
7146.
7161.
7175.
7190.
7206.
7221.
7236.
7251.
7267.
7282.
7299.
7314.
7330.
7348.
7365.
7380.
7397.
7414.
7431.
7448.
7465.
7482.
7499.
7517.
7535.
7553.
7569.
7587.
7605.
7624.
7641.
7659.
7678.
7696.
7714.
7732.
7751.
7770.
7788.
7807.
7827.
7845.
7864.
7883.
7903.
7922.
7940.
7959.
7979.
7998.
8018.
8036.
8057.
8076.
8096.
8115.
8135.
8154.
8174.
8193.
8212.
8232.
8252.
8270.
8291.
8311.
8330.
8350.
8370.
8389.
8409.
8429.
8449.
8468.
8488.
8507.
8526.
8546.
8565.
8584.
8604.
8624.
8643.
8663.
8682.
8701.
8719.
8738.
8757.
8777.
8797.
8815.
8834.
8853.
8871.
8890.
8909.
8928.
8947.
8965.
8984.
9002.
9021.
9039.
9056.
9075.
9093.
9111.
9129.
9147.
9165.
9183.
9200.
9218.
9235.
9253.
9271.
9288.
9305.
9321.
9339.
9356.
9373.
9390.
9406.
9424.
9440.
9455.
9472.
9489.
9505.
9522.
9537.
9553.
9569.
9584.
9600.
9616.
9632.
9647.
9662.
9678.
9692.
9707.
9723.
9737.
9752.
9766.
9781.
9795.
9810.
9823.
9838.
9851.
9865.
9879.
9892.
9906.
9920.
9933.
9947.
9960.
9973.
9985.
9998.
10011.
10024.
10037.
10048.
10061.
10073.
10085.
10097.
10109.
10120.
10132.
10143.
10155.
10166.
10177.
10188.
10199.
10210.
10220.
10230.
10240.
10251.
10261.
10271.
10280.
10290.
10300.
10309.
10318.
10327.
10336.
10345.
10353.
10363.
10371.
10380.
10388.
10396.
10404.
10410.
10418.
10427.
10434.
10441.
10448.
10455.
10463.
10469.
10475.
10482.
10488.
10494.
10501.
10507.
10513.
10518.
10524.
10530.
10535.
10540.
10546.
10550.
10555.
10560.
10565.
10569.
10573.
10577.
10581.
10585.
10589.
10593.
10597.
10600.
10603.
10606.
10609.
10612.
10614.
10618.
10620.
10623.
10625.
10627.
10629.
10632.
10633.
10636.
10637.
10638.
10639.
10640.
10643.
10643.
10645.
10645.
10646.
10646.
10648.
10648.
10649.
10649.
10650.
10650.
10649.
10649.
10650.
10650.
10649.
10649.
10649.
10649.
10648.
10648.
10648.
10647.
10646.
10646.
10646.
10646.
10645.
10645.
10644.
10644.
10643.
10643.
10643.
10643.
10642.
10641.
10641.
10641.
10639.
10639.
10639.
10639.
10639.
10638.
10638.
10638.
10637.
10636.
10635.
10635.
10635.
10634.
10633.
10633.
10633.
10632.
10631.
10631.
10630.
10630.
10630.
10630.
10630.
10628.
10627.
10628.
10627.
10626.
10626.
10625.
10625.
10625.
10624.
10624.
10623.
10623.
10623.
10622.
10622.
10621.
10621.
10621.
10621.
10620.
10620.
10620.
10619.
10619.
10619.
10618.
10618.
10618.
10618.
10617.
10617.
10617.
10617.
10617.
10617.
10616.
10616.
10617.
10616.
10615.
10616.
10616.
10615.
10616.
10615.
10615.
10615.
10615.
10615.
10615.
10615.
10615.
10615.
10615.
10614.
10615.
10614.
10615.
10614.
10615.
10614.
10615.
10614.
10614.
10614.
10614.
10614.
10614.
10614.
10614.
10614.
10615.
10614.
10614.
10614.
10615.
10614.
10614.
10614.
10614.
10614.
10614.
10613.
10614.
10614.
10614.
10614.
10614.
10614.
10614.
10614.
10614.
10613.
10614.
10614.
10614.
10614.
10614.
10613.
10614.
10614.
10614.
10613.
10614.
10614.
10614.
10613.
10613.
10614.
10614.
10614.
10613.
10614.
10613.
10614.
10613.
10614.
10613.
10613.
10614.
10615.
10613.
10613.
10613.
10614.
10613.
10614.
10613.
10613.
10613.
10613.
10613.
10613.
10614.
10613.
10613.
10613.
10613.
10614.
10613.
10613.
10613.
10613.
10614.
10614.
10613.
10613.
10613.
10613.
10613.
10612.
10613.
10613.
10613.
10613.
10614.
10613.
10613.
10613.
10612.
10613.
10613.
10613.
10613.
10613.
10613.
10612.
10613.
10613.
10612.
10612.
10613.
10613.
10613.
10612.
10612.
10612.
10613.
10613.
10613.
10613.
10613.
10613.
10613.
10613.
10612.
10613.
10613.
10613.
10612.
10613.
10613.
10612.
10612.
10613.
10613.
10613.
10613.
10612.
10613.
10613.
10613.
10612.
10613.
10612.
10612.
10613.
10613.
10612.
10612.
10612.
10612.
10612.
10612.
10613.
10613.
10612.
10612.
10613.
10612.
10612.
10612.
10612.
10612.
10611.
10612.
10613.
10612.
10612.
10612.
10611.
10612.
10613.
10612.
10613.
10613.
10612.
10612.
10611.
10613.
10612.
10612.
10613.
10612.
10612.
10612.
10612.
10612.
10612.
10612.
10613.
10612.
10612.
10612.
10612.
10612.
10612.
10612.
10612.
10612.
10612.
10612.
10612.
10612.
10612.
10611.
10611.
10611.
10612.
10611.
10611.
10611.
10610.
10611.
10610.
10610.
10610.
10609.
10609.
10610.
10609.
10608.
10608.
10608.
10608.
10607.
10607.
10607.
10607.
10607.
10606.
10606.
10605.
10604.
10604.
10603.
10603.
10603.
10602.
10601.
10601.
10601.
10600.
10600.
10599.
10599.
10598.
10598.
10596.
10596.
10595.
10594.
10594.
10593.
10593.
10593.
10591.
10591.
10590.
10589.
10588.
10588.
10586.
10586.
10585.
10585.
10583.
10583.
10582.
10582.
10580.
10580.
10579.
10579.
10577.
10577.
10576.
10575.
10574.
10574.
10572.
10572.
10571.
10571.
10569.
10568.
10567.
10567.
10565.
10564.
10563.
10562.
10561.
10560.
10559.
10558.
10557.
10557.
10555.
10554.
10553.
10551.
10551.
10549.
10549.
10548.
10547.
10545.
10544.
10543.
10542.
10540.
10541.
10539.
10537.
10537.
10535.
10534.
10533.
10531.
10531.
10530.
10527.
10526.
10525.
10524.
10523.
10521.
10520.
10518.
10518.
10516.
10514.
10513.
10511.
10509.
10508.
10507.
10504.
10502.
10502.
10500.
10497.
10495.
10494.
10492.
10490.
10488.
10487.
10484.
10482.
10480.
10478.
10476.
10474.
10471.
10468.
10466.
10464.
10461.
10459.
10455.
10454.
10450.
10448.
10444.
10442.
10438.
10435.
10433.
10430.
10426.
10422.
10418.
10415.
10411.
10407.
10403.
10400.
10396.
10391.
10387.
10382.
10378.
10373.
10368.
10363.
10359.
10353.
10348.
10343.
10337.
10332.
10327.
10321.
10315.
10309.
10302.
10296.
10289.
10284.
10276.
10269.
10263.
10256.
10249.
10242.
10234.
10227.
10219.
10212.
10203.
10196.
10187.
10179.
10170.
10162.
10153.
10145.
10135.
10127.
10117.
10109.
10099.
10090.
10080.
10070.
10060.
10050.
10040.
10030.
10019.
10009.
9998.
9988.
9977.
9965.
9955.
9943.
9932.
9920.
9908.
9897.
9885.
9873.
9861.
9848.
9836.
9824.
9811.
9797.
9785.
9772.
9759.
9745.
9732.
9719.
9706.
9692.
9677.
9663.
9649.
9634.
9620.
9606.
9591.
9576.
9561.
9546.
9531.
9516.
9500.
9486.
9469.
9454.
9438.
9422.
9406.
9390.
9374.
9357.
9340.
9324.
9307.
9290.
9274.
9255.
9239.
9222.
9205.
9188.
9171.
9152.
9135.
9117.
9100.
9082.
9063.
9045.
9027.
9009.
8992.
8972.
8954.
8936.
8918.
8898.
8880.
8861.
8843.
8824.
8806.
8786.
8767.
8749.
8731.
8711.
8692.
8673.
8654.
8635.
8616.
8597.
8578.
8560.
8541.
8522.
8503.
8485.
8466.
8446.
8428.
8408.
8390.
8371.
8353.
8333.
8315.
8295.
8277.
8258.
8240.
8222.
8203.
8184.
8166.
8147.
8129.
8111.
8092.
8074.
8056.
8038.
8020.
8001.
7984.
7966.
7949.
7930.
7912.
7895.
7879.
7860.
7844.
7827.
7809.
7792.
7775.
7759.
7743.
7725.
7709.
7693.
7676.
7660.
7644.
7629.
7613.
7597.
7582.
7566.
7551.
7535.
7521.
7505.
7490.
7475.
7461.
7446.
7432.
7417.
7403.
7390.
7375.
7362.
7348.
7334.
7320.
7308.
7293.
7281.
7267.
7254.
7241.
7229.
7216.
7203.
7191.
7179.
7166.
7154.
7142.
7130.
7118.
7106.
7095.
7084.
7072.
7061.
7050.
7040.
7029.
7019.
7007.
6997.
6987.
6977.
6967.
6957.
6948.
6937.
6929.
6919.
6911.
6902.
6893.
6883.
6875.
6867.
6858.
6850.
6842.
6834.
6826.
6819.
6811.
6804.
6796.
6789.
6782.
6775.
6767.
6761.
6754.
6747.
6741.
6735.
6728.
6722.
6715.
6710.
6704.
6698.
6692.
6687.
6681.
6676.
6671.
6665.
6660.
6655.
6650.
6646.
6641.
6636.
6632.
6628.
6623.
6619.
6616.
6613.
6608.
6604.
6602.
6598.
6595.
6591.
6588.
6585.
6582.
6579.
6577.
6573.
6571.
6568.
6566.
6563.
6561.
6559.
6557.
6554.
6552.
6550.
6548.
6546.
6544.
6542.
6540.
6539.
6537.
6535.
6533.
6533.
6531.
6530.
6528.
6528.
6527.
6526.
6524.
6524.
6524.
6522.
6522.
6522.
6522.
6521.
6521.
6521.
6521.
6521.
6521.
6521.
6521.
6521.
6521.
6521.
6521.
6521.
6522.
6522.
6523.
6523.
6523.
6523.
6525.
6524.
6523.
6525.
6525.
6525.
6525.
6526.
6526.
6527.
6527.
6528.
6529.
6528.
6528.
6528.
6529.
6529.
6530.
6530.
6531.
6530.
6530.
6531.
6531.
6532.
6532.
6532.
6533.
6533.
6533.
6533.
6534.
6534.
6535.
6535.
6536.
6535.
6536.
6537.
6537.
6537.
6537.
6539.
6539.
6538.
6539.
6539.
6540.
6540.
6540.
6540.
6541.
6541.
6541.
6542.
6541.
6541.
6542.
6541.
6542.
6542.
6542.
6542.
6542.
6542.
6543.
6542.
6543.
6542.
6543.
6543.
6543.
6543.
6543.
6543.
6543.
6543.
6543.
6543.
6543.
6543.
6543.
6543.
6543.
6544.
6542.
6543.
6543.
6543.
6543.
6543.
6543.
6543.
6542.
6543.
6543.
6543.
6544.
6543.
6544.
6544.
6543.
6543.
6543.
6543.
6543.
6543.
6544.
6543.
6544.
6543.
6544.
6544.
6543.
6544.
6543.
6544.
6543.
6544.
6544.
6544.
6544.
6544.
6544.
6543.
6544.
6544.
6545.
6543.
6543.
6544.
6544.
6544.
6544.
6544.
6545.
6543.
6543.
6544.
6544.
6544.
6544.
6544.
6544.
6544.
6544.
6544.
6544.
6544.
6544.
6544.
6544.
6543.
6543.
6544.
6544.
6543.
6544.
6544.
6544.
6544.
6544.
6544.
6544.
6543.
6544.
6544.
6544.
6544.
6544.
6545.
6544.
6544.
6544.
6544.
6545.
6544.
6544.
6544.
6544.
6544.
6544.
6544.
6545.
6545.
6544.
6544.
6545.
6545.
6544.
6545.
6544.
6543.
6545.
6545.
6545.
6545.
6545.
6545.
6545.
6545.
6544.
6545.
6545.
6545.
6544.
6544.
6545.
6545.
6544.
6545.
6545.
6544.
6545.
6545.
6544.
6544.
6545.
6545.
6544.
6544.
6545.
6545.
6545.
6545.
6544.
6545.
6544.
6545.
6544.
6545.
6545.
6545.
6545.
6545.
6545.
6544.
6544.
6545.
6545.
6545.
6544.
6545.
6544.
6545.
6544.
6545.
6545.
6545.
6545.
6545.
6544.
6545.
6545.
6545.
6546.
6545.
6545.
6545.
6545.
6545.
6544.
6545.
6544.
6545.
6544.
6545.
6545.
6545.
6544.
6545.
6545.
6545.
6545.
6545.
6545.
6545.
6545.
6546.
6546.
6545.
6545.
6545.
6545.
6545.
6545.
6545.
6545.
6545.
6545.
6545.
6545.
6545.
6545.
6545.
6545.
6545.
6545.
6545.
6545.
6546.
6546.
6545.
6545.
6544.
6545.
6545.
6546.
6546.
6545.
6545.
6546.
6546.
6545.
6545.
6545.
6546.
6545.
6546.
6545.
6545.
6545.
6546.
6546.
6546.
6545.
6545.
6545.
6545.
6545.
6546.
6545.
6545.
6545.
6545.
6546.
6545.
6545.
6545.
6545.
6545.
6545.
6545.
6546.
6545.
6546.
6546.
6545.
6545.
6545.
6546.
6545.
6545.
6545.
6545.
6545.
6545.
6545.
6545.
6545.
6545.
6545.
6545.
6545.
6545.
6545.
6546.
6546.
6545.
6545.
6546.
6546.
6545.
6546.
6545.
6545.
6546.
6546.
6545.
6546.
6546.
6546.
6546.
6547.
6546.
6546.
6547.
6546.
6547.
6546.
6548.
6548.
6548.
6549.
6549.
6549.
6550.
6551.
6551.
6551.
6552.
6551.
6553.
6553.
6554.
6555.
6555.
6556.
6557.
6557.
6559.
6559.
6561.
6561.
6563.
6564.
6565.
6566.
6567.
6568.
6569.
6570.
6572.
6574.
6575.
6576.
6578.
6579.
6581.
6584.
6585.
6587.
6588.
6590.
6592.
6594.
6596.
6599.
6600.
6602.
6605.
6607.
6610.
6612.
6615.
6618.
6620.
6622.
6626.
6628.
6632.
6634.
6638.
6641.
6645.
6648.
6652.
6655.
6659.
6664.
6668.
6672.
6677.
6681.
6686.
6691.
6695.
6701.
6705.
6711.
6716.
6722.
6727.
6734.
6740.
6746.
6753.
6759.
6766.
6772.
6779.
6787.
6794.
6801.
6808.
6817.
6824.
6833.
6841.
6849.
6858.
6866.
6876.
6885.
6895.
6904.
6913.
6923.
6933.
6943.
6954.
6964.
6974.
6985.
6996.
7008.
7019.
7030.
7042.
7054.
7065.
7077.
7090.
7103.
7115.
7128.
7141.
7153.
7167.
7180.
7194.
7208.
7221.
7235.
7250.
7264.
7278.
7293.
7307.
7322.
7337.
7353.
7368.
7383.
7399.
7414.
7430.
7446.
7463.
7479.
7495.
7511.
7529.
7545.
7562.
7579.
7595.
7612.
7630.
7647.
7665.
7682.
7701.
7718.
7736.
7754.
7772.
7790.
7808.
7827.
7845.
7864.
7882.
7900.
7919.
7938.
7956.
7975.
7994.
8013.
8031.
8052.
8070.
8089.
8109.
8128.
8146.
8166.
8184.
8204.
8224.
8243.
8262.
8282.
8302.
8321.
8341.
8360.
8380.
8400.
8418.
8438.
8457.
8477.
8496.
8515.
8535.
8554.
8573.
8593.
8612.
8632.
8651.
8671.
8689.
8708.
8727.
8745.
8765.
8784.
8802.
8821.
8840.
8859.
8877.
8897.
8915.
8933.
8951.
8969.
8988.
9006.
9024.
9041.
9059.
9077.
9096.
9113.
9131.
9148.
9165.
9182.
9200.
9217.
9234.
9251.
9267.
9284.
9300.
9317.
9333.
9350.
9365.
9381.
9398.
9414.
9429.
9444.
9460.
9476.
9491.
9505.
9520.
9535.
9551.
9565.
9579.
9593.
9608.
9622.
9636.
9650.
9663.
9677.
9691.
9703.
9716.
9730.
9743.
9756.
9768.
9780.
9792.
9805.
9817.
9828.
9841.
9852.
9864.
9875.
9886.
9898.
9909.
9919.
9930.
9941.
9952.
9962.
9971.
9981.
9992.
10001.
10010.
10020.
10029.
10039.
10047.
10057.
10065.
10074.
10083.
10091.
10099.
10107.
10115.
10123.
10131.
10137.
10145.
10152.
10160.
10168.
10174.
10181.
10187.
10194.
10201.
10207.
10213.
10219.
10224.
10231.
10236.
10242.
10247.
10253.
10258.
10264.
10268.
10274.
10278.
10284.
10289.
10293.
10297.
10302.
10307.
10310.
10314.
10318.
10323.
10326.
10330.
10333.
10337.
10340.
10343.
10347.
10350.
10353.
10356.
10359.
10362.
10365.
10368.
10371.
10373.
10375.
10377.
10380.
10382.
10384.
10386.
10388.
10390.
10392.
10393.
10395.
10396.
10398.
10400.
10401.
10403.
10403.
10404.
10406.
10407.
10408.
10409.
10410.
10411.
10412.
10413.
10414.
10414.
10414.
10415.
10415.
10415.
10415.
10416.
10416.
10416.
10416.
10415.
10415.
10416.
10416.
10415.
10415.
10415.
10415.
10414.
10414.
10414.
10414.
10413.
10413.
10413.
10413.
10412.
10412.
10412.
10412.
10412.
10412.
10411.
10411.
10412.
10411.
10410.
10410.
10410.
10410.
10411.
10410.
10410.
10410.
10409.
10409.
10410.
10409.
10408.
10409.
10409.
10409.
10409.
10409.
10410.
10409.
10408.
10409.
10408.
10409.
10409.
10408.
10408.
10409.
10408.
10409.
10409.
10408.
10408.
10409.
10408.
10409.
10409.
10408.
10408.
10408.
10408.
10408.
10408.
10408.
10408.
10408.
10408.
10409.
10409.
10408.
10408.
10409.
10408.
10407.
10408.
10408.
10408.
10409.
10408.
10408.
10408.
10408.
10408.
10408.
10408.
10408.
10408.
10408.
10408.
10407.
10408.
10408.
10408.
10408.
10408.
10408.
10408.
10408.
10408.
10408.
10407.
10407.
10408.
10408.
10407.
10408.
10408.
10409.
10408.
10408.
10408.
10408.
10408.
10408.
10408.
10408.
10408.
10408.
10407.
10408.
10407.
10408.
10407.
10407.
10407.
10407.
10408.
10408.
10407.
10407.
10407.
10407.
10407.
10407.
10407.
10407.
10407.
10408.
10408.
10407.
10406.
10407.
10407.
10407.
10407.
10407.
10408.
10407.
10407.
10407.
10407.
10407.
10407.
10407.
10408.
10408.
10406.
10407.
10407.
10407.
10406.
10407.
10406.
10407.
10407.
10407.
10408.
10407.
10407.
10407.
10408.
10407.
10407.
10407.
10408.
10407.
10407.
10407.
10406.
10407.
10406.
10407.
10408.
10407.
10408.
10406.
10407.
10407.
10407.
10406.
10407.
10407.
10406.
10407.
10407.
10407.
10407.
10406.
10406.
10406.
10406.
10406.
10407.
10407.
10406.
10406.
10407.
10407.
10407.
10406.
10406.
10406.
10407.
10406.
10407.
10407.
10406.
10406.
10406.
10407.
10406.
10407.
10406.
10407.
10406.
10406.
10407.
10407.
10406.
10407.
10406.
10407.
10406.
10407.
10406.
10406.
10406.
10406.
10406.
10406.
10407.
10407.
10406.
10406.
10406.
10406.
10406.
10406.
10406.
10406.
10407.
10406.
10406.
10406.
10407.
10407.
10405.
10406.
10406.
10406.
10406.
10406.
10406.
10407.
10406.
10406.
10406.
10406.
10406.
10406.
10406.
10406.
10406.
10406.
10406.
10406.
10406.
10406.
10407.
10406.
10406.
10406.
10407.
10406.
10405.
10406.
10407.
10406.
10405.
10406.
10406.
10406.
10405.
10407.
10407.
10406.
10405.
10406.
10405.
10406.
10405.
10406.
10406.
10406.
10406.
10406.
10406.
10406.
10406.
10406.
10406.
10406.
10406.
10405.
10406.
10406.
10405.
10405.
10406.
10406.
10406.
10405.
10406.
10406.
10405.
10405.
10406.
10406.
10405.
10405.
10405.
10405.
10406.
10406.
10405.
10406.
10406.
10405.
10405.
10406.
10406.
10405.
10405.
10405.
10406.
10405.
10406.
10406.
10405.
10405.
10406.
10406.
10406.
10405.
10406.
10406.
10405.
10405.
10406.
10405.
10406.
10406.
10406.
10406.
10405.
10405.
10406.
10406.
10405.
10405.
10406.
10406.
10406.
10406.
10405.
10405.
10405.
10405.
10405.
10405.
10405.
10405.
10406.
10406.
10405.
10405.
10406.
10405.
10405.
10405.
10405.
10405.
10405.
10406.
10405.
10405.
10405.
10405.
10405.
10405.
10405.
10405.
10405.
10405.
10405.
10405.
10404.
10405.
10404.
10404.
10404.
10404.
10404.
10404.
10403.
10403.
10404.
10403.
10402.
10403.
10403.
10402.
10401.
10401.
10400.
10399.
10400.
10398.
10397.
10397.
10397.
10396.
10396.
10394.
10393.
10392.
10391.
10390.
10390.
10389.
10387.
10385.
10385.
10384.
10382.
10380.
10380.
10378.
10376.
10374.
10374.
10372.
10370.
10368.
10366.
10365.
10364.
10361.
10359.
10357.
10355.
10353.
10350.
10348.
10345.
10343.
10341.
10338.
10335.
10332.
10330.
10326.
10323.
10320.
10317.
10315.
10312.
10308.
10305.
10302.
10298.
10294.
10290.
10287.
10283.
10279.
10276.
10271.
10266.
10262.
10259.
10255.
10249.
10245.
10240.
10236.
10230.
10226.
10221.
10216.
10210.
10205.
10200.
10195.
10189.
10184.
10177.
10173.
10167.
10160.
10154.
10148.
10142.
10136.
10129.
10123.
10117.
10110.
10103.
10097.
10089.
10082.
10075.
10069.
10060.
10053.
10046.
10038.
10031.
10023.
10015.
10007.
9999.
9990.
9982.
9973.
9965.
9957.
9949.
9939.
9930.
9920.
9911.
9901.
9892.
9883.
9874.
9864.
9854.
9844.
9834.
9823.
9814.
9803.
9792.
9782.
9770.
9759.
9749.
9738.
9726.
9715.
9703.
9692.
9680.
9669.
9657.
9644.
9632.
9620.
9607.
9595.
9582.
9569.
9556.
9543.
9530.
9517.
9503.
9490.
9477.
9463.
9449.
9436.
9422.
9407.
9393.
9378.
9364.
9350.
9336.
9320.
9305.
9291.
9276.
9261.
9245.
9229.
9215.
9199.
9184.
9168.
9153.
9137.
9121.
9105.
9088.
9072.
9056.
9040.
9023.
9006.
8990.
8973.
8956.
8940.
8923.
8906.
8888.
8872.
8855.
8838.
8822.
8804.
8787.
8769.
8752.
8734.
8717.
8699.
8682.
8664.
8647.
8629.
8612.
8593.
8576.
8558.
8542.
8524.
8505.
8487.
8470.
8452.
8433.
8415.
8398.
8380.
8362.
8344.
8327.
8308.
8290.
8272.
8255.
8236.
8219.
8202.
8184.
8167.
8148.
8131.
8113.
8096.
8077.
8060.
8043.
8026.
8007.
7991.
7972.
7955.
7939.
7921.
7903.
7887.
7869.
7853.
7835.
7819.
7801.
7785.
7768.
7752.
7735.
7718.
7703.
7686.
7669.
7653.
7637.
7621.
7605.
7590.
7574.
7558.
7542.
7527.
7511.
7497.
7481.
7467.
7451.
7437.
7421.
7407.
7393.
7379.
7364.
7350.
7336.
7322.
7309.
7294.
7281.
7267.
7255.
7241.
7229.
7216.
7204.
7191.
7179.
7167.
7154.
7143.
7130.
7118.
7107.
7095.
7083.
7072.
7061.
7051.
7039.
7029.
7019.
7008.
6999.
6988.
6977.
6968.
6958.
6949.
6940.
6930.
6920.
6911.
6901.
6893.
6883.
6875.
6867.
6859.
6850.
6842.
6834.
6826.
6819.
6811.
6804.
6797.
6791.
6782.
6776.
6769.
6763.
6757.
6751.
6745.
6739.
6733.
6727.
6722.
6717.
6711.
6706.
6701.
6696.
6691.
6686.
6681.
6677.
6673.
6668.
6664.
6659.
6655.
6652.
6647.
6643.
6640.
6636.
6632.
6628.
6625.
6620.
6618.
6614.
6611.
6607.
6605.
6602.
6599.
6595.
6593.
6589.
6586.
6583.
6580.
6578.
6576.
6573.
6571.
6568.
6566.
6563.
6561.
6559.
6557.
6555.
6553.
6550.
6549.
6548.
6546.
6543.
6542.
6540.
6538.
6537.
6535.
6534.
6532.
6531.
6530.
6529.
6528.
6527.
6526.
6524.
6524.
6523.
6522.
6522.
6521.
6521.
6520.
6520.
6520.
6520.
6520.
6520.
6519.
6520.
6520.
6520.
6521.
6521.
6521.
6521.
6521.
6521.
6522.
6521.
6521.
6522.
6522.
6522.
6523.
6523.
6523.
6524.
6524.
6524.
6525.
6525.
6526.
6525.
6526.
6526.
6526.
6527.
6527.
6528.
6528.
6528.
6528.
6529.
6529.
6530.
6530.
6530.
6530.
6531.
6531.
6531.
6532.
6532.
6532.
6532.
6533.
6533.
6533.
6533.
6534.
6534.
6535.
6536.
6535.
6535.
6536.
6535.
6536.
6536.
6536.
6536.
6537.
6537.
6537.
6537.
6538.
6538.
6538.
6538.
6538.
6539.
6538.
6538.
6538.
6538.
6538.
6538.
6538.
6538.
6538.
6538.
6539.
6539.
6538.
6538.