10351.
10351.
10350.
10351.
10351.
10351.
10351.
10351.
10351.
10351.
10351.
10352.
10352.
10351.
10350.
10351.
10351.
10351.
10351.
10351.
10350.
10351.
10351.
10351.
10350.
10351.
10351.
10351.
10350.
10351.
10351.
10351.
10351.
10351.
10352.
10351.
10350.
10351.
10352.
10350.
10351.
10351.
10352.
10351.
10351.
10351.
10352.
10351.
10351.
10351.
10351.
10351.
10351.
10351.
10351.
10351.
10351.
10352.
10351.
10351.
10351.
10351.
10351.
10351.
10351.
10351.
10351.
10350.
10351.
10352.
10351.
10351.
10351.
10351.
10351.
10350.
10351.
10351.
10351.
10351.
10351.
10351.
10352.
10351.
10351.
10352.
10351.
10350.
10351.
10351.
10351.
10352.
10351.
10350.
10351.
10351.
10351.
10351.
10351.
10352.
10351.
10350.
10351.
10351.
10351.
10352.
10351.
10351.
10351.
10351.
10351.
10351.
10351.
10352.
10351.
10351.
10351.
10351.
10351.
10352.
10351.
10351.
10351.
10351.
10351.
10351.
10351.
10351.
10351.
10351.
10350.
10351.
10351.
10351.
10352.
10351.
10350.
10351.
10351.
10351.
10351.
10351.
10351.
10351.
10351.
10351.
10351.
10351.
10352.
10351.
10351.
10351.
10351.
10351.
10352.
10351.
10351.
10351.
10350.
10351.
10351.
10351.
10351.
10351.
10351.
10351.
10351.
10351.
10352.
10351.
10351.
10351.
10351.
10351.
10351.
10351.
10351.
10351.
10351.
10350.
10351.
10351.
10351.
10351.
10351.
10351.
10351.
10352.
10352.
10350.
10351.
10350.
10351.
10351.
10351.
10351.
10351.
10352.
10351.
10350.
10351.
10351.
10351.
10352.
10351.
10350.
10351.
10351.
10351.
10351.
10351.
10351.
10351.
10351.
10351.
10351.
10351.
10351.
10351.
10351.
10351.
10351.
10351.
10352.
10351.
10351.
10351.
10351.
10351.
10351.
10351.
10352.
10351.
10351.
10351.
10351.
10351.
10351.
10351.
10351.
10351.
10351.
10351.
10351.
10351.
10352.
10351.
10351.
10351.
10351.
10350.
10351.
10351.
10351.
10351.
10351.
10351.
10351.
10350.
10351.
10351.
10351.
10351.
10351.
10352.
10351.
10351.
10351.
10351.
10351.
10350.
10351.
10351.
10351.
10351.
10351.
10352.
10351.
10351.
10351.
10351.
10351.
10351.
10351.
10351.
10351.
10350.
10351.
10351.
10350.
10350.
10350.
10351.
10350.
10350.
10350.
10350.
10350.
10350.
10350.
10351.
10350.
10350.
10350.
10350.
10350.
10350.
10350.
10350.
10350.
10350.
10350.
10350.
10350.
10350.
10350.
10350.
10350.
10350.
10350.
10350.
10351.
10351.
10349.
10350.
10350.
10350.
10350.
10350.
10351.
10351.
10351.
10350.
10349.
10350.
10351.
10350.
10350.
10350.
10351.
10350.
10350.
10351.
10350.
10350.
10350.
10350.
10350.
10350.
10350.
10350.
10350.
10350.
10350.
10350.
10351.
10350.
10350.
10350.
10350.
10350.
10350.
10350.
10350.
10350.
10350.
10350.
10350.
10349.
10349.
10349.
10349.
10349.
10349.
10349.
10349.
10349.
10349.
10349.
10349.
10349.
10349.
10348.
10349.
10349.
10349.
10348.
10349.
10348.
10349.
10349.
10349.
10348.
10348.
10348.
10349.
10349.
10348.
10349.
10348.
10348.
10348.
10348.
10348.
10348.
10348.
10349.
10348.
10348.
10347.
10347.
10347.
10348.
10347.
10347.
10347.
10346.
10347.
10346.
10346.
10347.
10346.
10346.
10345.
10345.
10345.
10345.
10345.
10345.
10344.
10344.
10344.
10343.
10343.
10343.
10342.
10342.
10342.
10343.
10341.
10341.
10341.
10340.
10340.
10340.
10340.
10339.
10339.
10338.
10338.
10339.
10337.
10337.
10336.
10336.
10336.
10335.
10335.
10334.
10334.
10333.
10333.
10332.
10332.
10331.
10331.
10330.
10330.
10329.
10329.
10328.
10328.
10327.
10326.
10325.
10325.
10325.
10324.
10323.
10324.
10322.
10322.
10321.
10321.
10319.
10320.
10318.
10317.
10317.
10317.
10316.
10316.
10314.
10315.
10313.
10313.
10312.
10311.
10311.
10311.
10309.
10309.
10307.
10307.
10306.
10306.
10305.
10304.
10302.
10302.
10302.
10301.
10299.
10299.
10299.
10297.
10297.
10296.
10296.
10295.
10294.
10293.
10293.
10291.
10291.
10290.
10290.
10288.
10287.
10287.
10287.
10286.
10284.
10284.
10284.
10282.
10282.
10280.
10280.
10278.
10278.
10279.
10277.
10275.
10276.
10274.
10275.
10273.
10273.
10271.
10271.
10270.
10270.
10268.
10268.
10267.
10266.
10264.
10264.
10264.
10263.
10262.
10262.
10260.
10260.
10258.
10259.
10257.
10256.
10255.
10255.
10254.
10253.
10253.
10252.
10250.
10250.
10250.
10249.
10248.
10248.
10247.
10246.
10245.
10244.
10243.
10243.
10242.
10241.
10240.
10239.
10239.
10238.
10237.
10236.
10235.
10234.
10234.
10232.
10232.
10231.
10230.
10228.
10228.
10227.
10227.
10226.
10225.
10223.
10223.
10221.
10221.
10218.
10219.
10218.
10216.
10214.
10214.
10213.
10213.
10211.
10210.
10208.
10208.
10206.
10205.
10204.
10203.
10202.
10200.
10198.
10198.
10196.
10195.
10194.
10193.
10192.
10190.
10189.
10188.
10186.
10186.
10184.
10183.
10181.
10179.
10179.
10178.
10176.
10174.
10173.
10172.
10170.
10169.
10168.
10166.
10165.
10163.
10162.
10160.
10159.
10157.
10157.
10155.
10153.
10150.
10150.
10149.
10147.
10145.
10144.
10142.
10140.
10139.
10137.
10135.
10135.
10133.
10131.
10129.
10128.
10125.
10124.
10123.
10121.
10119.
10117.
10116.
10114.
10112.
10110.
10109.
10108.
10106.
10104.
10102.
10100.
10098.
10097.
10095.
10093.
10091.
10090.
10088.
10085.
10083.
10082.
10081.
10079.
10077.
10074.
10073.
10070.
10069.
10068.
10066.
10064.
10062.
10060.
10058.
10056.
10054.
10052.
10050.
10047.
10047.
10045.
10043.
10042.
10039.
10036.
10035.
10033.
10031.
10029.
10027.
10024.
10023.
10021.
10019.
10017.
10015.
10013.
10011.
10008.
10008.
10005.
10002.
10000.
9999.
9997.
9995.
9993.
9990.
9988.
9986.
9984.
9982.
9980.
9977.
9975.
9973.
9971.
9969.
9967.
9965.
9963.
9961.
9958.
9956.
9954.
9952.
9949.
9947.
9945.
9943.
9941.
9938.
9936.
9933.
9932.
9930.
9927.
9925.
9922.
9920.
9918.
9916.
9913.
9911.
9908.
9906.
9904.
9902.
9900.
9898.
9895.
9892.
9891.
9889.
9885.
9883.
9881.
9879.
9876.
9874.
9872.
9870.
9867.
9865.
9862.
9860.
9858.
9855.
9853.
9850.
9848.
9846.
9843.
9841.
9838.
9836.
9833.
9831.
9827.
9825.
9823.
9821.
9818.
9816.
9813.
9811.
9809.
9806.
9804.
9801.
9798.
9796.
9794.
9791.
9788.
9786.
9784.
9781.
9779.
9776.
9774.
9771.
9768.
9765.
9763.
9760.
9758.
9756.
9753.
9751.
9748.
9746.
9743.
9740.
9737.
9735.
9733.
9730.
9727.
9725.
9722.
9719.
9717.
9714.
9711.
9709.
9706.
9704.
9701.
9699.
9696.
9694.
9691.
9689.
9685.
9682.
9680.
9678.
9675.
9672.
9670.
9668.
9664.
9663.
9660.
9657.
9654.
9652.
9649.
9647.
9643.
9641.
9638.
9636.
9633.
9631.
9628.
9626.
9623.
9620.
9618.
9615.
9612.
9610.
9607.
9604.
9601.
9599.
9596.
9594.
9591.
9588.
9585.
9583.
9580.
9578.
9576.
9573.
9570.
9567.
9564.
9562.
9558.
9556.
9554.
9551.
9549.
9546.
9543.
9540.
9537.
9535.
9532.
9529.
9527.
9524.
9522.
9518.
9516.
9513.
9510.
9508.
9506.
9502.
9500.
9497.
9495.
9492.
9489.
9487.
9484.
9481.
9479.
9476.
9473.
9470.
9468.
9465.
9463.
9460.
9458.
9454.
9451.
9449.
9447.
9443.
9441.
9438.
9435.
9433.
9430.
9428.
9425.
9422.
9420.
9417.
9414.
9411.
9409.
9406.
9404.
9400.
9398.
9395.
9393.
9390.
9387.
9384.
9382.
9379.
9376.
9374.
9372.
9369.
9366.
9363.
9360.
9358.
9354.
9352.
9349.
9347.
9344.
9341.
9338.
9336.
9333.
9331.
9328.
9325.
9322.
9319.
9317.
9314.
9311.
9308.
9306.
9303.
9300.
9298.
9295.
9292.
9289.
9287.
9284.
9282.
9278.
9276.
9273.
9271.
9267.
9265.
9261.
9259.
9257.
9255.
9251.
9249.
9246.
9243.
9241.
9238.
9235.
9233.
9230.
9227.
9224.
9222.
9220.
9216.
9214.
9211.
9208.
9206.
9203.
9200.
9198.
9195.
9192.
9189.
9187.
9184.
9182.
9178.
9176.
9172.
9170.
9167.
9165.
9162.
9159.
9156.
9154.
9151.
9148.
9145.
9142.
9139.
9136.
9134.
9132.
9129.
9126.
9123.
9120.
9118.
9115.
9112.
9110.
9107.
9104.
9100.
9098.
9096.
9093.
9090.
9087.
9084.
9081.
9079.
9076.
9073.
9070.
9068.
9065.
9061.
9059.
9056.
9054.
9051.
9048.
9046.
9042.
9041.
9037.
9035.
9032.
9030.
9026.
9024.
9021.
9019.
9016.
9013.
9010.
9008.
9004.
9002.
8999.
8996.
8994.
8991.
8988.
8986.
8983.
8980.
8978.
8975.
8972.
8970.
8967.
8965.
8962.
8960.
8956.
8954.
8952.
8949.
8945.
8943.
8940.
8938.
8935.
8932.
8930.
8927.
8925.
8922.
8919.
8917.
8914.
8912.
8908.
8906.
8903.
8901.
8898.
8895.
8893.
8890.
8887.
8884.
8883.
8879.
8877.
8874.
8872.
8869.
8867.
8863.
8861.
8858.
8856.
8853.
8850.
8848.
8846.
8842.
8840.
8837.
8834.
8832.
8830.
8826.
8824.
8821.
8819.
8816.
8814.
8810.
8808.
8806.
8803.
8800.
8797.
8795.
8792.
8790.
8787.
8785.
8782.
8779.
8777.
8774.
8771.
8769.
8766.
8764.
8760.
8758.
8755.
8753.
8750.
8748.
8745.
8743.
8739.
8737.
8734.
8731.
8729.
8727.
8724.
8722.
8719.
8716.
8713.
8712.
8708.
8706.
8703.
8701.
8698.
8696.
8693.
8691.
8687.
8685.
8682.
8679.
8676.
8674.
8672.
8670.
8666.
8663.
8661.
8659.
8656.
8653.
8650.
8647.
8645.
8643.
8640.
8637.
8635.
8632.
8630.
8627.
8624.
8622.
8618.
8616.
8614.
8611.
8608.
8606.
8603.
8600.
8598.
8595.
8593.
8590.
8587.
8584.
8582.
8579.
8578.
8574.
8571.
8568.
8567.
8563.
8560.
8558.
8556.
8553.
8551.
8548.
8545.
8543.
8541.
8537.
8535.
8532.
8529.
8527.
8524.
8522.
8519.
8516.
8513.
8511.
8509.
8506.
8504.
8501.
8499.
8496.
8494.
8491.
8488.
8485.
8483.
8480.
8478.
8475.
8472.
8470.
8468.
8465.
8463.
8460.
8458.
8455.
8452.
8451.
8447.
8444.
8442.
8439.
8437.
8436.
8432.
8430.
8427.
8424.
8422.
8420.
8417.
8415.
8411.
8410.
8407.
8403.
8401.
8400.
8396.
8395.
8391.
8389.
8386.
8384.
8381.
8379.
8376.
8374.
8372.
8369.
8366.
8364.
8361.
8359.
8356.
8353.
8351.
8349.
8346.
8344.
8341.
8338.
8335.
8333.
8330.
8328.
8324.
8323.
8320.
8318.
8314.
8312.
8310.
8307.
8305.
8302.
8300.
8297.
8294.
8292.
8290.
8287.
8285.
8282.
8279.
8277.
8274.
8271.
8268.
8266.
8264.
8260.
8259.
8255.
8253.
8250.
8247.
8245.
8242.
8239.
8238.
8234.
8231.
8229.
8227.
8223.
8221.
8218.
8215.
8213.
8210.
8207.
8205.
8202.
8200.
8197.
8194.
8191.
8189.
8186.
8184.
8180.
8177.
8175.
8173.
8170.
8167.
8164.
8162.
8159.
8156.
8153.
8150.
8148.
8144.
8142.
8139.
8136.
8133.
8130.
8128.
8125.
8122.
8119.
8116.
8114.
8111.
8109.
8105.
8103.
8099.
8097.
8093.
8091.
8087.
8085.
8082.
8079.
8076.
8074.
8070.
8067.
8064.
8062.
8058.
8056.
8052.
8050.
8047.
8045.
8041.
8038.
8035.
8032.
8028.
8026.
8023.
8020.
8016.
8014.
8011.
8008.
8005.
8002.
7999.
7996.
7992.
7989.
7986.
7983.
7980.
7977.
7974.
7971.
7968.
7965.
7962.
7958.
7955.
7951.
7948.
7945.
7942.
7939.
7937.
7932.
7930.
7926.
7924.
7921.
7917.
7913.
7911.
7907.
7904.
7901.
7898.
7894.
7891.
7887.
7885.
7881.
7878.
7874.
7872.
7868.
7865.
7862.
7859.
7855.
7852.
7849.
7845.
7842.
7839.
7835.
7833.
7829.
7826.
7822.
7820.
7816.
7813.
7810.
7806.
7803.
7799.
7796.
7793.
7790.
7786.
7783.
7780.
7777.
7773.
7770.
7766.
7764.
7760.
7757.
7754.
7750.
7747.
7744.
7741.
7737.
7733.
7730.
7727.
7724.
7720.
7717.
7714.
7711.
7708.
7705.
7702.
7698.
7695.
7692.
7688.
7685.
7681.
7679.
7675.
7672.
7669.
7666.
7662.
7659.
7655.
7652.
7649.
7645.
7641.
7639.
7635.
7633.
7629.
7626.
7622.
7619.
7616.
7613.
7609.
7605.
7602.
7599.
7596.
7592.
7589.
7586.
7582.
7579.
7576.
7573.
7570.
7567.
7563.
7560.
7557.
7553.
7550.
7547.
7544.
7539.
7537.
7534.
7530.
7527.
7523.
7520.
7517.
7514.
7511.
7507.
7505.
7502.
7498.
7494.
7492.
7488.
7486.
7482.
7479.
7476.
7473.
7469.
7466.
7463.
7460.
7456.
7454.
7450.
7447.
7443.
7441.
7437.
7434.
7431.
7428.
7424.
7421.
7418.
7415.
7413.
7410.
7406.
7404.
7400.
7396.
7394.
7391.
7388.
7384.
7382.
7378.
7375.
7372.
7369.
7366.
7364.
7361.
7358.
7354.
7352.
7348.
7346.
7342.
7339.
7336.
7333.
7330.
7327.
7324.
7322.
7318.
7316.
7312.
7310.
7307.
7305.
7301.
7298.
7295.
7293.
7289.
7286.
7284.
7281.
7278.
7275.
7273.
7270.
7267.
7264.
7261.
7258.
7255.
7253.
7249.
7247.
7243.
7241.
7239.
7236.
7233.
7230.
7228.
7225.
7223.
7219.
7217.
7214.
7212.
7208.
7205.
7203.
7201.
7198.
7195.
7193.
7191.
7187.
7185.
7182.
7179.
7176.
7174.
7172.
7169.
7166.
7164.
7161.
7158.
7156.
7154.
7151.
7148.
7146.
7144.
7141.
7139.
7136.
7134.
7130.
7128.
7125.
7123.
7121.
7118.
7116.
7114.
7112.
7109.
7107.
7104.
7101.
7099.
7097.
7094.
7092.
7089.
7088.
7085.
7084.
7080.
7078.
7076.
7073.
7071.
7069.
7066.
7064.
7062.
7061.
7058.
7056.
7053.
7052.
7049.
7047.
7044.
7043.
7040.
7038.
7036.
7033.
7032.
7030.
7027.
7025.
7023.
7022.
7019.
7017.
7015.
7013.
7011.
7009.
7007.
7005.
7002.
7000.
6998.
6996.
6994.
6992.
6990.
6988.
6985.
6983.
6982.
6980.
6978.
6976.
6974.
6973.
6970.
6968.
6966.
6964.
6963.
6960.
6958.
6956.
6955.
6952.
6951.
6948.
6946.
6944.
6942.
6940.
6939.
6936.
6935.
6933.
6931.
6928.
6926.
6925.
6922.
6920.
6918.
6917.
6915.
6913.
6911.
6909.
6907.
6905.
6903.
6900.
6898.
6896.
6894.
6893.
6891.
6888.
6886.
6885.
6882.
6881.
6879.
6877.
6874.
6873.
6870.
6869.
6866.
6865.
6862.
6860.
6858.
6856.
6854.
6853.
6850.
6847.
6846.
6844.
6842.
6839.
6837.
6836.
6833.
6832.
6829.
6828.
6825.
6823.
6821.
6819.
6817.
6815.
6813.
6811.
6809.
6807.
6805.
6803.
6800.
6798.
6796.
6793.
6792.
6790.
6788.
6786.
6784.
6782.
6779.
6777.
6776.
6773.
6771.
6768.
6767.
6765.
6762.
6760.
6757.
6755.
6754.
6752.
6749.
6747.
6744.
6742.
6740.
6738.
6736.
6734.
6731.
6729.
6726.
6724.
6723.
6719.
6718.
6715.
6712.
6710.
6707.
6705.
6703.
6701.
6698.
6696.
6693.
6691.
6688.
6686.
6683.
6681.
6678.
6676.
6674.
6671.
6669.
6665.
6663.
6660.
6658.
6656.
6653.
6650.
6649.
6646.
6643.
6640.
6638.
6635.
6633.
6630.
6628.
6625.
6622.
6619.
6618.
6615.
6612.
6610.
6607.
6604.
6602.
6600.
6597.
6595.
6592.
6589.
6586.
6584.
6582.
6579.
6576.
6575.
6571.
6568.
6567.
6563.
6561.
6558.
6556.
6553.
6551.
6548.
6546.
6544.
6540.
6539.
6535.
6533.
6530.
6528.
6526.
6524.
6520.
6518.
6515.
6513.
6510.
6507.
6505.
6503.
6500.
6497.
6495.
6492.
6490.
6487.
6485.
6482.
6479.
6477.
6474.
6472.
6469.
6467.
6464.
6462.
6459.
6457.
6453.
6452.
6448.
6446.
6443.
6441.
6438.
6436.
6434.
6431.
6429.
6426.
6423.
6421.
6417.
6415.
6413.
6411.
6408.
6405.
6404.
6400.
6398.
6395.
6393.
6389.
6386.
6385.
6383.
6380.
6377.
6374.
6372.
6369.
6367.
6364.
6362.
6359.
6357.
6354.
6351.
6349.
6347.
6344.
6342.
6340.
6337.
6334.
6332.
6330.
6327.
6325.
6323.
6320.
6318.
6315.
6313.
6310.
6308.
6305.
6303.
6301.
6298.
6297.
6294.
6293.
6290.
6288.
6285.
6283.
6280.
6278.
6276.
6274.
6271.
6269.
6267.
6265.
6262.
6259.
6258.
6256.
6253.
6251.
6248.
6246.
6244.
6241.
6239.
6237.
6235.
6232.
6230.
6227.
6225.
6224.
6221.
6219.
6216.
6214.
6212.
6209.
6207.
6204.
6203.
6201.
6198.
6196.
6194.
6192.
6189.
6186.
6185.
6183.
6180.
6178.
6175.
6173.
6171.
6169.
6167.
6165.
6162.
6161.
6157.
6155.
6153.
6151.
6149.
6147.
6145.
6142.
6141.
6138.
6136.
6133.
6131.
6129.
6127.
6124.
6123.
6120.
6118.
6117.
6114.
6112.
6109.
6108.
6106.
6103.
6101.
6099.
6096.
6095.
6093.
6090.
6089.
6087.
6085.
6082.
6079.
6079.
6076.
6074.
6072.
6069.
6068.
6065.
6063.
6061.
6059.
6057.
6055.
6053.
6051.
6049.
6047.
6044.
6043.
6040.
6038.
6037.
6034.
6032.
6030.
6027.
6025.
6024.
6021.
6019.
6017.
6015.
6012.
6010.
6008.
6006.
6003.
6002.
5999.
5997.
5995.
5993.
5991.
5988.
5986.
5984.
5982.
5980.
5977.
5975.
5973.
5971.
5968.
5966.
5964.
5962.
5959.
5957.
5955.
5953.
5950.
5948.
5945.
5943.
5941.
5939.
5937.
5935.
5932.
5930.
5928.
5926.
5923.
5922.
5919.
5917.
5914.
5913.
5910.
5908.
5906.
5904.
5901.
5899.
5896.
5895.
5893.
5890.
5887.
5885.
5884.
5882.
5880.
5877.
5875.
5873.
5871.
5869.
5867.
5864.
5863.
5860.
5857.
5856.
5855.
5852.
5850.
5847.
5846.
5843.
5841.
5839.
5838.
5834.
5833.
5831.
5829.
5827.
5825.
5823.
5821.
5819.
5815.
5814.
5813.
5811.
5809.
5806.
5804.
5802.
5800.
5799.
5797.
5794.
5793.
5791.
5789.
5787.
5785.
5782.
5781.
5779.
5776.
5774.
5772.
5771.
5769.
5767.
5765.
5764.
5761.
5760.
5758.
5755.
5753.
5752.
5750.
5748.
5746.
5745.
5743.
5741.
5739.
5737.
5736.
5733.
5732.
5731.
5729.
5727.
5726.
5723.
5722.
5719.
5719.
5717.
5715.
5712.
5712.
5710.
5708.
5707.
5705.
5704.
5702.
5701.
5698.
5696.
5696.
5694.
5692.
5689.
5689.
5688.
5685.
5683.
5682.
5680.
5679.
5678.
5676.
5675.
5673.
5671.
5670.
5668.
5666.
5665.
5664.
5663.
5660.
5659.
5658.
5656.
5655.
5653.
5653.
5650.
5649.
5648.
5647.
5645.
5643.
5642.
5641.
5639.
5637.
5636.
5634.
5633.
5631.
5631.
5629.
5627.
5626.
5625.
5623.
5622.
5619.
5620.
5618.
5616.
5615.
5614.
5612.
5611.
5608.
5607.
5606.
5605.
5603.
5603.
5601.
5599.
5598.
5597.
5595.
5595.
5593.
5591.
5590.
5589.
5588.
5586.
5584.
5584.
5583.
5581.
5580.
5579.
5577.
5576.
5575.
5574.
5572.
5571.
5569.
5568.
5566.
5565.
5564.
5563.
5561.
5559.
5559.
5557.
5555.
5554.
5553.
5552.
5551.
5549.
5548.
5546.
5545.
5543.
5542.
5541.
5540.
5539.
5538.
5536.
5536.
5534.
5533.
5532.
5531.
5529.
5529.
5528.
5526.
5524.
5524.
5523.
5521.
5520.
5519.
5518.
5517.
5516.
5515.
5513.
5512.
5511.
5511.
5509.
5508.
5507.
5506.
5504.
5503.
5502.
5501.
5500.
5499.
5498.
5496.
5495.
5494.
5492.
5491.
5490.
5489.
5487.
5486.
5485.
5484.
5483.
5481.
5481.
5479.
5478.
5476.
5476.
5474.
5473.
5472.
5471.
5469.
5469.
5466.
5467.
5465.
5463.
5462.
5462.
5460.
5459.
5457.
5457.
5455.
5455.
5454.
5453.
5451.
5450.
5449.
5448.
5446.
5446.
5444.
5445.
5443.
5442.
5440.
5440.
5439.
5437.
5436.
5436.
5434.
5433.
5432.
5431.
5430.
5430.
5428.
5427.
5426.
5425.
5424.
5423.
5422.
5421.
5420.
5419.
5418.
5417.
5417.
5415.
5415.
5414.
5413.
5412.
5411.
5410.
5410.
5409.
5409.
5407.
5407.
5406.
5406.
5404.
5404.
5403.
5402.
5401.
5402.
5400.
5399.
5399.
5399.
5397.
5397.
5397.
5396.
5395.
5394.
5395.
5394.
5393.
5393.
5391.
5391.
5391.
5390.
5390.
5390.
5389.
5389.
5389.
5388.
5388.
5388.
5387.
5387.
5387.
5387.
5387.
5387.
5387.
5386.
5386.
5387.
5387.
5386.
5387.
5386.
5386.
5387.
5387.
5387.
5386.
5387.
5387.
5387.
5387.
5387.
5387.
5387.
5387.
5387.
5387.
5387.
5387.
5387.
5388.
5387.
5386.
5387.
5387.
5387.
5387.
5387.
5387.
5387.
5387.
5386.
5386.
5387.
5388.
5386.
5387.
5387.
5387.
5386.
5387.
5387.
5387.
5386.
5387.
5387.
5387.
5386.
5387.
5388.
5388.
5388.
5387.
5386.
5387.
5388.
5387.
5386.
5387.
5386.
5387.
5387.
5387.
5388.
5387.
5386.
5387.
5388.
5387.
5386.
5387.
5386.
5387.
5387.
5387.
5387.
5387.
5388.
5387.
5387.
5387.
5388.
5387.
5387.
5387.
5388.
5388.
5388.
5388.
5389.
5389.
5390.
5389.
5389.
5390.
5390.
5392.
5391.
5392.
5392.
5392.
5393.
5394.
5394.
5395.
5395.
5396.
5396.
5397.
5397.
5397.
5398.
5399.
5400.
5399.
5401.
5401.
5402.
5402.
5403.
5404.
5404.
5405.
5405.
5406.
5407.
5407.
5408.
5409.
5409.
5410.
5411.
5411.
5413.
5414.
5414.
5414.
5415.
5416.
5416.
5417.
5418.
5418.
5420.
5420.
5421.
5422.
5423.
5424.
5424.
5425.
5426.
5426.
5428.
5428.
5429.
5429.
5430.
5430.
5432.
5432.
5434.
5433.
5435.
5435.
5437.
5437.
5438.
5438.
5440.
5441.
5442.
5442.
5442.
5444.
5445.
5445.
5446.
5446.
5447.
5449.
5449.
5450.
5451.
5452.
5453.
5454.
5455.
5456.
5457.
5458.
5458.
5459.
5460.
5461.
5461.
5462.
5463.
5465.
5465.
5466.
5468.
5468.
5468.
5470.
5471.
5471.
5471.
5473.
5473.
5475.
5474.
5476.
5477.
5478.
5479.
5479.
5481.
5481.
5482.
5483.
5483.
5484.
5484.
5485.
5487.
5488.
5488.
5489.
5490.
5492.
5492.
5494.
5494.
5495.
5495.
5496.
5497.
5498.
5499.
5500.
5501.
5502.
5502.
5504.
5504.
5505.
5505.
5506.
5507.
5508.
5509.
5510.
5511.
5511.
5512.
5513.
5515.
5515.
5516.
5517.
5518.
5518.
5519.
5520.
5521.
5521.
5523.
5523.
5524.
5524.
5525.
5526.
5527.
5527.
5529.
5530.
5531.
5532.
5532.
5532.
5534.
5534.
5535.
5535.
5537.
5537.
5539.
5539.
5540.
5540.
5542.
5542.
5544.
5544.
5546.
5547.
5548.
5548.
5549.
5549.
5551.
5551.
5552.
5553.
5554.
5555.
5556.
5557.
5558.
5559.
5559.
5561.
5561.
5563.
5563.
5564.
5565.
5566.
5567.
5568.
5569.
5569.
5571.
5572.
5573.
5574.
5574.
5576.
5578.
5578.
5579.
5580.
5581.
5582.
5582.
5583.
5584.
5585.
5586.
5587.
5588.
5590.
5591.
5592.
5593.
5593.
5593.
5595.
5595.
5597.
5597.
5599.
5599.
5601.
5601.
5602.
5603.
5604.
5604.
5606.
5606.
5607.
5608.
5609.
5610.
5611.
5611.
5613.
5613.
5614.
5615.
5616.
5617.
5618.
5619.
5620.
5620.
5622.
5622.
5623.
5624.
5624.
5625.
5626.
5627.
5628.
5629.
5630.
5631.
5632.
5633.
5634.
5635.
5636.
5636.
5637.
5638.
5639.
5640.
5640.
5642.
5642.
5643.
5644.
5645.
5646.
5647.
5647.
5648.
5649.
5650.
5651.
5652.
5653.
5653.
5654.
5655.
5656.
5657.
5659.
5659.
5660.
5661.
5661.
5663.
5663.
5664.
5665.
5667.
5667.
5668.
5669.
5670.
5670.
5672.
5672.
5673.
5674.
5675.
5675.
5677.
5678.
5679.
5680.
5680.
5681.
5682.
5683.
5684.
5685.
5686.
5686.
5687.
5689.
5690.
5691.
5691.
5693.
5694.
5694.
5696.
5697.
5697.
5698.
5699.
5701.
5701.
5703.
5703.
5705.
5706.
5707.
5707.
5709.
5709.
5711.
5711.
5713.
5713.
5715.
5715.
5717.
5717.
5719.
5720.
5721.
5722.
5723.
5724.
5726.
5726.
5728.
5728.
5730.
5731.
5732.
5733.
5734.
5735.
5737.
5738.
5738.
5739.
5741.
5742.
5744.
5744.
5745.
5746.
5747.
5748.
5749.
5751.
5752.
5753.
5754.
5755.
5756.
5757.
5758.
5760.
5761.
5762.
5763.
5765.
5766.
5767.
5767.
5769.
5769.
5771.
5772.
5774.
5774.
5776.
5777.
5779.
5780.
5781.
5781.
5783.
5785.
5785.
5786.
5788.
5788.
5790.
5791.
5793.
5794.
5796.
5796.
5798.
5799.
5800.
5801.
5803.
5803.
5805.
5806.
5808.
5808.
5810.
5811.
5813.
5814.
5815.
5816.
5818.
5820.
5821.
5822.
5824.
5825.
5826.
5827.
5829.
5830.
5832.
5833.
5834.
5836.
5837.
5839.
5840.
5842.
5843.
5844.
5846.
5847.
5848.
5850.
5851.
5853.
5854.
5855.
5856.
5858.
5859.
5861.
5862.
5864.
5865.
5868.
5868.
5870.
5871.
5873.
5874.
5876.
5876.
5878.
5880.
5882.
5883.
5884.
5885.
5887.
5888.
5891.
5892.
5893.
5895.
5897.
5897.
5900.
5901.
5903.
5904.
5906.
5908.
5909.
5911.
5913.
5914.
5915.
5917.
5919.
5921.
5922.
5924.
5925.
5927.
5929.
5930.
5932.
5933.
5935.
5937.
5938.
5940.
5942.
5943.
5945.
5947.
5949.
5950.
5952.
5953.
5955.
5957.
5958.
5960.
5962.
5964.
5966.
5968.
5969.
5971.
5972.
5974.
5976.
5978.
5979.
5981.
5983.
5985.
5986.
5988.
5990.
5992.
5993.
5995.
5997.
5999.
6000.
6002.
6004.
6006.
6007.
6009.
6011.
6013.
6014.
6016.
6018.
6020.
6022.
6024.
6025.
6027.
6029.
6031.
6032.
6034.
6035.
6038.
6040.
6042.
6043.
6045.
6047.
6049.
6052.
6053.
6055.
6057.
6059.
6060.
6062.
6064.
6066.
6068.
6070.
6071.
6073.
6075.
6077.
6079.
6081.
6083.
6085.
6087.
6089.
6090.
6092.
6094.
6096.
6098.
6100.
6102.
6103.
6106.
6108.
6110.
6112.
6114.
6116.
6117.
6119.
6120.
6123.
6124.
6126.
6128.
6131.
6132.
6133.
6136.
6138.
6139.
6141.
6144.
6146.
6147.
6149.
6151.
6153.
6156.
6158.
6159.
6161.
6163.
6165.
6167.
6169.
6171.
6173.
6174.
6177.
6179.
6180.
6182.
6184.
6186.
6188.
6190.
6192.
6194.
6196.
6198.
6200.
6202.
6204.
6205.
6207.
6209.
6211.
6213.
6215.
6217.
6219.
6220.
6223.
6224.
6227.
6229.
6231.
6233.
6235.
6236.
6238.
6240.
6242.
6244.
6246.
6248.
6249.
6251.
6254.
6256.
6257.
6259.
6260.
6262.
6265.
6266.
6268.
6270.
6272.
6274.
6276.
6278.
6280.
6281.
6283.
6285.
6287.
6289.
6291.
6293.
6294.
6296.
6298.
6300.
6302.
6304.
6306.
6308.
6309.
6311.
6314.
6315.
6317.
6319.
6321.
6323.
6324.
6326.
6329.
6330.
6333.
6334.
6337.
6338.
6341.
6342.
6344.
6346.
6348.
6350.
6352.
6353.
6355.
6357.
6359.
6361.
6364.
6366.
6368.
6369.
6371.
6373.
6376.
6377.
6379.
6382.
6384.
6385.
6388.
6389.
6391.
6393.
6395.
6397.
6399.
6401.
6403.
6404.
6407.
6409.
6411.
6413.
6415.
6416.
6418.
6421.
6423.
6424.
6426.
6429.
6430.
6432.
6434.
6436.
6438.
6440.
6442.
6445.
6446.
6448.
6450.
6452.
6454.
6456.
6458.
6460.
6462.
6464.
6466.
6468.
6470.
6472.
6474.
6476.
6478.
6481.
6482.
6484.
6486.
6488.
6490.
6491.
6494.
6496.
6498.
6500.
6502.
6504.
6505.
6508.
6510.
6512.
6513.
6516.
6517.
6520.
6522.
6524.
6526.
6528.
6530.
6533.
6533.
6535.
6538.
6540.
6542.
6544.
6546.
6548.
6551.
6553.
6555.
6557.
6559.
6561.
6563.
6565.
6567.
6569.
6572.
6574.
6576.
6578.
6580.
6582.
6584.
6586.
6588.
6590.
6593.
6594.
6596.
6598.
6601.
6603.
6605.
6607.
6609.
6611.
6613.
6615.
6617.
6619.
6621.
6623.
6625.
6627.
6629.
6631.
6633.
6636.
6638.
6639.
6641.
6644.
6645.
6648.
6650.
6652.
6654.
6656.
6658.
6660.
6662.
6664.
6666.
6668.
6670.
6672.
6675.
6676.
6678.
6679.
6681.
6684.
6685.
6688.
6690.
6692.
6694.
6696.
6698.
6700.
6702.
6704.
6706.
6708.
6710.
6712.
6714.
6715.
6717.
6719.
6721.
6724.
6725.
6727.
6729.
6731.
6733.
6735.
6737.
6739.
6740.
6742.
6744.
6747.
6749.
6751.
6752.
6754.
6756.
6758.
6760.
6762.
6763.
6765.
6766.
6768.
6771.
6772.
6774.
6776.
6778.
6779.
6781.
6783.
6785.
6787.
6789.
6791.
6792.
6794.
6796.
6799.
6799.
6801.
6803.
6805.
6807.
6808.
6810.
6812.
6814.
6816.
6818.
6820.
6822.
6823.
6824.
6826.
6828.
6830.
6832.
6833.
6835.
6837.
6839.
6841.
6843.
6844.
6846.
6848.
6851.
6852.
6853.
6855.
6857.
6859.
6860.
6862.
6864.
6866.
6868.
6869.
6872.
6873.
6875.
6877.
6879.
6880.
6882.
6884.
6886.
6887.
6889.
6891.
6893.
6894.
6896.
6898.
6900.
6902.
6903.
6906.
6908.
6909.
6910.
6912.
6914.
6916.
6918.
6919.
6921.
6923.
6925.
6926.
6929.
6929.
6932.
6934.
6936.
6937.
6939.
6941.
6942.
6944.
6946.
6947.
6950.
6951.
6953.
6954.
6956.
6958.
6960.
6963.
6964.
6965.
6967.
6969.
6970.
6973.
6974.
6976.
6977.
6979.
6981.
6984.
6985.
6986.
6988.
6990.
6992.
6994.
6996.
6998.
6999.
7001.
7002.
7005.
7006.
7008.
7010.
7012.
7013.
7015.
7017.
7019.
7020.
7022.
7024.
7026.
7028.
7030.
7031.
7034.
7035.
7037.
7039.
7041.
7042.
7044.
7047.
7049.
7050.
7052.
7054.
7056.
7057.
7059.
7061.
7063.
7065.
7067.
7069.
7071.
7073.
7075.
7076.
7078.
7081.
7083.
7084.
7087.
7088.
7090.
7092.
7094.
7097.
7098.
7100.
7102.
7105.
7106.
7109.
7110.
7112.
7114.
7117.
7118.
7120.
7122.
7124.
7127.
7129.
7130.
7133.
7135.
7138.
7139.
7141.
7144.
7146.
7147.
7149.
7152.
7154.
7156.
7158.
7161.
7163.
7165.
7167.
7169.
7171.
7173.
7175.
7178.
7181.
7182.
7184.
7187.
7189.
7191.
7194.
7196.
7198.
7201.
7203.
7205.
7207.
7210.
7212.
7214.
7216.
7220.
7222.
7224.
7227.
7228.
7231.
7234.
7236.
7238.
7241.
7243.
7246.
7248.
7250.
7253.
7256.
7258.
7260.
7263.
7265.
7267.
7270.
7273.
7275.
7277.
7280.
7283.
7286.
7287.
7291.
7293.
7296.
7299.
7301.
7303.
7307.
7309.
7311.
7314.
7317.
7320.
7322.
7324.
7327.
7329.
7332.
7335.
7338.
7340.
7343.
7345.
7349.
7351.
7354.
7356.
7359.
7362.
7365.
7367.
7370.
7372.
7375.
7378.
7381.
7383.
7386.
7389.
7392.
7394.
7397.
7400.
7403.
7405.
7408.
7410.
7414.
7416.
7419.
7422.
7425.
7428.
7431.
7433.
7436.
7439.
7441.
7443.
7447.
7450.
7453.
7456.
7458.
7462.
7464.
7467.
7469.
7473.
7475.
7478.
7481.
7484.
7487.
7489.
7492.
7496.
7498.
7501.
7504.
7507.
7509.
7512.
7515.
7518.
7520.
7523.
7526.
7529.
7531.
7535.
7537.
7541.
7543.
7546.
7548.
7552.
7554.
7557.
7560.
7563.
7565.
7568.
7571.
7574.
7577.
7580.
7583.
7585.
7588.
7590.
7593.
7597.
7599.
7602.
7605.
7608.
7610.
7613.
7616.
7619.
7621.
7624.
7627.
7630.
7633.
7636.
7638.
7641.
7644.
7647.
7650.
7652.
7655.
7658.
7661.
7664.
7666.
7669.
7672.
7674.
7677.
7680.
7684.
7686.
7689.
7691.
7695.
7697.
7700.
7703.
7706.
7708.
7711.
7714.
7718.
7720.
7723.
7726.
7729.
7731.
7734.
7737.
7740.
7742.
7746.
7749.
7752.
7754.
7758.
7760.
7763.
7766.
7769.
7772.
7775.
7777.
7781.
7783.
7787.
7789.
7792.
7794.
7798.
7800.
7804.
7805.
7809.
7812.
7815.
7818.
7821.
7824.
7827.
7830.
7833.
7835.
7839.
7841.
7844.
7847.
7850.
7852.
7856.
7859.
7861.
7864.
7867.
7870.
7873.
7876.
7879.
7882.
7885.
7887.
7890.
7893.
7896.
7899.
7902.
7905.
7908.
7910.
7913.
7917.
7919.
7922.
7925.
7929.
7931.
7934.
7937.
7940.
7942.
7945.
7948.
7952.
7954.
7957.
7960.
7964.
7966.
7969.
7972.
7976.
7978.
7981.
7983.
7988.
7990.
7993.
7996.
7999.
8001.
8004.
8007.
8011.
8013.
8016.
8019.
8023.
8025.
8028.
8030.
8034.
8036.
8039.
8042.
8045.
8048.
8051.
8054.
8057.
8059.
8062.
8066.
8068.
8072.
8074.
8077.
8081.
8084.
8086.
8089.
8091.
8095.
8098.
8101.
8103.
8107.
8109.
8113.
8115.
8118.
8121.
8124.
8127.
8130.
8132.
8136.
8138.
8142.
8144.
8147.
8150.
8154.
8156.
8159.
8162.
8165.
8168.
8171.
8173.
8177.
8179.
8182.
8185.
8188.
8191.
8194.
8197.
8200.
8203.
8205.
8208.
8211.
8214.
8217.
8219.
8224.
8226.
8229.
8231.
8234.
8237.
8240.
8243.
8246.
8249.
8252.
8255.
8258.
8261.
8263.
8266.
8269.
8272.
8275.
8278.
8281.
8284.
8286.
8289.
8292.
8295.
8298.
8301.
8304.
8307.
8309.
8312.
8316.
8319.
8321.
8324.
8327.
8330.
8332.
8336.
8338.
8342.
8344.
8348.
8350.
8353.
8356.
8359.
8362.
8365.
8367.
8371.
8373.
8377.
8379.
8383.
8385.
8389.
8392.
8395.
8397.
8401.
8404.
8407.
8409.
8412.
8415.
8418.
8421.
8424.
8427.
8430.
8433.
8436.
8438.
8441.
8444.
8447.
8450.
8453.
8456.
8459.
8462.
8465.
8468.
8471.
8473.
8476.
8480.
8482.
8485.
8488.
8492.
8494.
8496.
8499.
8503.
8505.
8508.
8511.
8515.
8517.
8520.
8523.
8526.
8528.
8531.
8534.
8538.
8540.
8543.
8545.
8550.
8552.
8555.
8557.
8561.
8563.
8566.
8568.
8573.
8575.
8578.
8580.
8584.
8586.
8589.
8591.
8595.
8598.
8601.
8603.
8606.
8609.
8612.
8614.
8618.
8620.
8623.
8625.
8629.
8631.
8634.
8636.
8640.
8642.
8644.
8647.
8650.
8653.
8656.
8658.
8662.
8664.
8667.
8669.
8672.
8675.
8677.
8680.
8682.
8686.
8688.
8691.
8693.
8696.
8699.
8701.
8704.
8707.
8709.
8712.
8715.
8717.
8720.
8723.
8725.
8728.
8731.
8733.
8736.
8739.
8741.
8744.
8746.
8749.
8752.
8754.
8757.
8760.
8762.
8765.
8767.
8770.
8773.
8775.
8778.
8781.
8783.
8786.
8788.
8791.
8793.
8796.
8798.
8802.
8804.
8806.
8809.
8812.
8815.
8817.
8819.
8822.
8824.
8827.
8829.
8832.
8835.
8837.
8839.
8843.
8845.
8848.
8850.
8852.
8855.
8858.
8860.
8863.
8865.
8867.
8871.
8873.
8876.
8878.
8881.
8883.
8886.
8888.
8891.
8894.
8896.
8899.
8902.
8905.
8907.
8909.
8912.
8914.
8917.
8919.
8923.
8925.
8927.
8930.
8933.
8935.
8938.
8940.
8943.
8945.
8948.
8950.
8954.
8956.
8959.
8961.
8964.
8966.
8969.
8971.
8974.
8977.
8980.
8981.
8985.
8987.
8990.
8992.
8995.
8997.
8999.
9001.
9005.
9007.
9010.
9012.
9015.
9018.
9021.
9023.
9026.
9028.
9030.
9033.
9036.
9039.
9042.
9044.
9046.
9049.
9051.
9054.
9057.
9059.
9061.
9064.
9067.
9070.
9072.
9075.
9077.
9080.
9082.
9085.
9087.
9090.
9093.
9095.
9097.
9101.
9103.
9105.
9108.
9110.
9113.
9115.
9117.
9121.
9123.
9126.
9128.
9131.
9133.
9136.
9138.
9141.
9143.
9146.
9148.
9152.
9154.
9156.
9159.
9162.
9164.
9166.
9168.
9172.
9174.
9176.
9179.
9181.
9184.
9187.
9189.
9192.
9194.
9196.
9199.
9202.
9204.
9206.
9209.
9212.
9214.
9216.
9219.
9222.
9224.
9226.
9229.
9231.
9234.
9236.
9239.
9241.
9244.
9247.
9249.
9252.
9254.
9256.
9259.
9261.
9263.
9265.
9268.
9271.
9273.
9276.
9278.
9280.
9283.
9285.
9288.
9290.
9293.
9295.
9297.
9300.
9302.
9305.
9307.
9309.
9312.
9314.
9317.
9319.
9321.
9323.
9326.
9328.
9331.
9332.
9335.
9338.
9340.
9342.
9345.
9347.
9350.
9352.
9354.
9356.
9359.
9361.
9364.
9366.
9368.
9370.
9373.
9375.
9377.
9379.
9381.
9384.
9385.
9388.
9391.
9393.
9396.
9397.
9399.
9402.
9404.
9406.
9408.
9411.
9413.
9415.
9418.
9420.
9422.
9424.
9425.
9429.
9431.
9432.
9435.
9437.
9439.
9441.
9444.
9445.
9447.
9449.
9452.
9454.
9456.
9458.
9460.
9462.
9464.
9466.
9468.
9470.
9473.
9475.
9477.
9479.
9481.
9483.
9485.
9487.
9489.
9491.
9493.
9495.
9497.
9499.
9501.
9503.
9505.
9507.
9509.
9511.
9514.
9515.
9517.
9519.
9521.
9522.
9524.
9527.
9529.
9530.
9533.
9535.
9536.
9538.
9540.
9542.
9544.
9545.
9547.
9549.
9551.
9553.
9554.
9557.
9558.
9560.
9562.
9564.
9566.
9568.
9570.
9572.
9573.
9575.
9577.
9578.
9581.
9582.
9584.
9586.
9588.
9590.
9591.
9593.
9594.
9596.
9598.
9600.
9601.
9603.
9605.
9607.
9608.
9610.
9612.
9614.
9615.
9617.
9619.
9621.
9622.
9624.
9626.
9628.
9629.
9631.
9632.
9634.
9636.
9637.
9639.
9640.
9642.
9644.
9645.
9646.
9649.
9650.
9651.
9653.
9654.
9656.
9659.
9660.
9662.
9663.
9664.
9666.
9667.
9669.
9670.
9672.
9673.
9675.
9677.
9678.
9681.
9681.
9683.
9684.
9686.
9687.
9689.
9690.
9693.
9693.
9695.
9696.
9698.
9699.
9701.
9702.
9704.
9705.
9706.
9707.
9710.
9711.
9713.
9713.
9715.
9716.
9718.
9719.
9721.
9722.
9723.
9726.
9726.
9728.
9729.
9730.
9732.
9732.
9734.
9735.
9737.
9738.
9740.
9741.
9743.
9744.
9745.
9746.
9748.
9749.
9750.
9751.
9753.
9754.
9756.
9756.
9758.
9759.
9760.
9762.
9764.
9764.
9766.
9768.
9768.
9770.
9770.
9772.
9773.
9775.
9776.
9778.
9778.
9779.
9780.
9782.
9783.
9785.
9786.
9787.
9788.
9790.
9790.
9792.
9793.
9794.
9795.
9797.
9798.
9799.
9800.
9802.
9802.
9804.
9805.
9807.
9807.
9809.
9809.
9811.
9811.
9813.
9814.
9816.
9817.
9817.
9818.
9820.
9821.
9822.
9822.
9824.
9825.
9826.
9827.
9828.
9829.
9830.
9831.
9832.
9834.
9835.
9836.
9837.
9838.
9839.
9841.
9841.
9842.
9843.
9845.
9845.
9846.
9847.
9849.
9849.
9850.
9851.
9852.
9853.
9855.
9855.
9857.
9857.
9859.
9859.
9861.
9862.
9864.
9865.
9866.
9866.
9868.
9868.
9869.
9870.
9872.
9872.
9873.
9875.
9876.
9876.
9878.
9878.
9880.
9881.
9882.
9882.
9883.
9885.
9886.
9886.
9888.
9888.
9890.
9891.
9892.
9893.
9894.
9895.
9896.
9897.
9898.
9899.
9899.
9901.
9901.
9903.
9904.
9905.
9906.
9907.
9907.
9908.
9909.
9910.
9911.
9912.
9913.
9914.
9915.
9916.
9917.
9918.
9920.
9920.
9921.
9922.
9923.
9924.
9924.
9926.
9926.
9928.
9929.
9930.
9930.
9932.
9931.
9933.
9933.
9935.
9936.
9937.
9937.
9938.
9939.
9941.
9942.
9942.
9943.
9945.
9945.
9946.
9947.
9948.
9949.
9949.
9950.
9951.
9952.
9953.
9954.
9955.
9956.
9957.
9958.
9958.
9960.
9960.
9961.
9962.
9963.
9964.
9965.
9965.
9966.
9968.
9968.
9969.
9970.
9971.
9972.
9973.
9974.
9974.
9975.
9976.
9977.
9977.
9979.
9979.
9980.
9981.
9982.
9983.
9984.
9984.
9985.
9986.
9988.
9989.
9989.
9990.
9990.
9990.
9992.
9992.
9994.
9994.
9995.
9995.
9997.
9998.
9998.
9999.
10000.
10000.
10001.
10001.
10003.
10003.
10004.
10005.
10005.
10006.
10007.
10008.
10008.
10009.
10011.
10011.
10013.
10012.
10014.
10014.
10015.
10015.
10016.
10017.
10017.
10019.
10020.
10020.
10020.
10021.
10021.
10022.
10024.
10024.
10024.
10025.
10026.
10027.
10027.
10029.
10029.
10030.
10031.
10031.
10031.
10032.
10032.
10034.
10035.
10035.
10035.
10037.
10037.
10038.
10038.
10039.
10039.
10041.
10041.
10042.
10042.
10044.
10044.
10045.
10046.
10046.
10047.
10047.
10048.
10049.
10049.
10050.
10050.
10051.
10052.
10052.
10053.
10053.
10054.
10055.
10055.
10056.
10056.
10057.
10058.
10058.
10059.
10059.
10060.
10060.
10062.
10062.
10063.
10063.
10064.
10064.
10065.
10065.
10066.
10067.
10068.
10068.
10069.
10069.
10070.
10070.
10071.
10072.
10072.
10073.
10073.
10074.
10075.
10075.
10076.
10076.
10077.
10077.
10078.
10079.
10080.
10080.
10081.
10081.
10082.
10082.
10083.
10084.
10085.
10085.
10086.
10086.
10087.
10087.
10089.
10089.
10090.
10090.
10091.
10091.
10093.
10093.
10093.
10094.
10095.
10095.
10096.
10097.
10097.
10098.
10099.
10099.
10100.
10101.
10101.
10102.
10103.
10103.
10105.
10105.
10106.
10105.
10105.
10107.
10107.
10108.
10108.
10109.
10109.
10110.
10111.
10111.
10111.
10112.
10113.
10113.
10114.
10114.
10114.
10115.
10115.
10116.
10116.
10116.
10117.
10118.
10117.
10119.
10119.
10120.
10120.
10120.
10120.
10121.
10121.
10123.
10122.
10123.
10123.
10123.
10124.
10125.
10125.
10125.
10125.
10126.
10126.
10126.
10127.
10126.
10128.
10128.
10129.
10129.
10129.
10129.
10129.
10130.
10130.
10130.
10130.
10131.
10131.
10131.
10131.
10132.
10132.
10131.
10132.
10133.
10132.
10132.
10133.
10133.
10133.
10133.
10134.
10134.
10133.
10134.
10133.
10133.
10134.
10133.
10134.
10134.
10133.
10133.
10133.
10133.
10133.
10133.
10133.
10133.
10133.
10134.
10133.
10133.
10134.
10133.
10134.
10134.
10134.
10134.
10133.
10133.
10134.
10134.
10133.
10133.
10133.
10133.
10133.
10133.
10133.
10133.
10133.
10134.
10133.
10133.
10134.
10133.
10133.
10133.
10133.
10133.
10134.
10134.
10133.
10133.
10133.
10134.
10133.
10134.
10134.
10134.
10134.
10133.
10133.
10134.
10134.
10133.
10132.
10133.
10134.
10133.
10134.
10133.
10133.
10133.
10132.
10134.
10134.
10133.
10134.
10132.
10133.
10133.
10134.
10133.
10133.
10133.
10133.
10133.
10133.
10134.
10134.
10133.
10133.
10134.
10134.
10133.
10133.
10134.
10134.
10133.
10133.
10133.
10133.
10134.
10134.
10134.
10133.
10133.
10133.
10133.
10133.
10133.
10133.
10133.
10133.
10134.
10134.
10133.
10133.
10133.
10133.
10134.
10133.
10134.
10133.
10134.
10133.
10133.
10133.
10133.
10133.
10133.
10133.
10134.
10133.
10133.
10133.
10133.
10133.
10134.
10133.
10133.
10133.
10133.
10134.
10133.
10133.
10134.
10133.
10133.
10133.
10133.
10133.
10134.
10133.
10133.
10133.
10133.
10134.
10134.
10133.
10133.
10133.
10133.
10133.
10133.
10133.
10133.
10134.
10133.
10132.
10133.
10133.
10133.
10132.
10133.
10133.
10133.
10133.
10133.
10134.
10133.
10133.
10133.
10133.
10133.
10133.
10133.
10133.
10133.
10133.
10133.
10133.
10133.
10132.
10132.
10132.
10133.
10132.
10133.
10132.
10133.
10133.
10132.
10132.
10132.
10132.
10132.
10133.
10132.
10132.
10132.
10132.
10132.
10132.
10133.
10133.
10132.
10132.
10132.
10132.
10132.
10132.
10132.
10132.
10131.
10132.
10132.
10132.
10132.
10132.
10132.
10132.
10131.
10132.
10133.
10132.
10132.
10132.
10133.
10132.
10133.
10132.
10131.
10132.
10132.
10132.
10132.
10132.
10132.
10132.
10131.
10132.
10133.
10132.
10132.
10132.
10132.
10132.
10132.
10132.
10133.
10132.
10133.
10132.
10131.
10132.
10133.
10132.
10132.
10132.
10133.
10131.
10132.
10132.
10132.
10132.
10132.
10133.
10132.
10132.
10133.
10132.
10133.
10131.
10132.
10133.
10132.
10132.
10132.
10132.
10132.
10133.
10132.
10132.
10132.
10132.
10132.
10132.
10132.
10132.
10132.
10132.
10132.
10133.
10132.
10132.
10132.
10132.
10132.
10132.
10132.
10132.
10132.
10132.
10132.
10131.
10132.
10132.
10132.
10133.
10132.
10131.
10132.
10131.
10132.
10132.
10132.
10132.
10132.
10132.
10132.
10131.
10132.
10133.
10132.
10132.