10597.
10597.
10597.
10597.
10597.
10597.
10597.
10598.
10597.
10597.
10597.
10597.
10597.
10597.
10597.
10597.
10597.
10598.
10597.
10598.
10597.
10598.
10597.
10597.
10598.
10597.
10598.
10598.
10597.
10597.
10597.
10597.
10598.
10598.
10597.
10597.
10596.
10597.
10597.
10597.
10598.
10597.
10598.
10597.
10596.
10597.
10596.
10597.
10597.
10597.
10598.
10597.
10596.
10597.
10597.
10597.
10598.
10598.
10597.
10597.
10597.
10597.
10597.
10597.
10597.
10598.
10598.
10597.
10597.
10597.
10598.
10597.
10597.
10597.
10597.
10598.
10598.
10597.
10597.
10597.
10597.
10597.
10597.
10597.
10597.
10597.
10597.
10597.
10597.
10597.
10597.
10597.
10597.
10596.
10597.
10596.
10596.
10597.
10596.
10596.
10596.
10597.
10597.
10596.
10596.
10596.
10596.
10595.
10596.
10595.
10596.
10595.
10596.
10596.
10595.
10596.
10595.
10595.
10595.
10596.
10595.
10595.
10595.
10595.
10595.
10594.
10595.
10594.
10595.
10596.
10595.
10595.
10594.
10594.
10595.
10595.
10594.
10595.
10594.
10594.
10594.
10594.
10594.
10595.
10594.
10595.
10594.
10594.
10594.
10594.
10594.
10594.
10594.
10594.
10595.
10595.
10594.
10595.
10594.
10594.
10594.
10594.
10594.
10594.
10594.
10594.
10595.
10594.
10593.
10594.
10594.
10594.
10594.
10594.
10593.
10595.
10595.
10594.
10593.
10594.
10595.
10594.
10593.
10594.
10595.
10594.
10594.
10594.
10594.
10594.
10595.
10594.
10594.
10594.
10594.
10594.
10593.
10594.
10594.
10594.
10594.
10594.
10594.
10594.
10594.
10594.
10594.
10594.
10594.
10594.
10594.
10594.
10594.
10593.
10593.
10593.
10593.
10593.
10593.
10593.
10593.
10593.
10592.
10593.
10592.
10591.
10591.
10591.
10590.
10591.
10590.
10590.
10590.
10590.
10589.
10588.
10589.
10589.
10588.
10588.
10587.
10586.
10586.
10586.
10584.
10585.
10583.
10583.
10582.
10582.
10580.
10580.
10579.
10579.
10577.
10577.
10576.
10576.
10574.
10574.
10571.
10571.
10568.
10568.
10567.
10566.
10564.
10564.
10562.
10560.
10558.
10558.
10556.
10553.
10551.
10550.
10549.
10546.
10545.
10544.
10541.
10539.
10536.
10535.
10532.
10529.
10527.
10525.
10522.
10520.
10517.
10514.
10510.
10508.
10505.
10502.
10498.
10495.
10492.
10488.
10485.
10481.
10478.
10474.
10469.
10466.
10462.
10458.
10453.
10449.
10446.
10440.
10435.
10431.
10427.
10422.
10417.
10411.
10406.
10402.
10396.
10391.
10386.
10380.
10375.
10369.
10364.
10358.
10351.
10346.
10341.
10334.
10327.
10321.
10315.
10309.
10302.
10295.
10289.
10282.
10275.
10268.
10261.
10254.
10248.
10240.
10233.
10225.
10218.
10210.
10203.
10195.
10188.
10180.
10172.
10165.
10156.
10148.
10140.
10131.
10123.
10114.
10106.
10098.
10088.
10080.
10071.
10062.
10052.
10045.
10034.
10025.
10015.
10006.
9996.
9988.
9978.
9967.
9958.
9948.
9938.
9929.
9918.
9908.
9898.
9888.
9876.
9866.
9855.
9845.
9834.
9823.
9813.
9801.
9790.
9780.
9768.
9757.
9746.
9735.
9723.
9712.
9700.
9688.
9675.
9665.
9653.
9641.
9629.
9617.
9604.
9593.
9581.
9568.
9556.
9543.
9530.
9519.
9506.
9492.
9480.
9466.
9454.
9441.
9429.
9415.
9403.
9389.
9376.
9362.
9349.
9336.
9322.
9308.
9296.
9282.
9268.
9255.
9240.
9227.
9213.
9200.
9185.
9172.
9157.
9144.
9129.
9116.
9101.
9087.
9072.
9058.
9043.
9029.
9014.
9000.
8986.
8972.
8957.
8942.
8927.
8912.
8898.
8883.
8869.
8854.
8839.
8824.
8809.
8794.
8779.
8764.
8749.
8734.
8719.
8703.
8689.
8675.
8660.
8644.
8629.
8614.
8599.
8584.
8568.
8553.
8537.
8523.
8507.
8492.
8476.
8462.
8446.
8431.
8415.
8400.
8384.
8370.
8354.
8339.
8323.
8308.
8292.
8277.
8262.
8247.
8231.
8216.
8201.
8185.
8170.
8156.
8140.
8124.
8109.
8094.
8078.
8063.
8048.
8033.
8018.
8002.
7988.
7972.
7957.
7941.
7927.
7911.
7896.
7882.
7867.
7851.
7836.
7821.
7807.
7792.
7777.
7762.
7748.
7732.
7718.
7702.
7688.
7673.
7658.
7643.
7629.
7615.
7600.
7585.
7570.
7556.
7541.
7526.
7512.
7497.
7483.
7469.
7454.
7440.
7426.
7411.
7397.
7382.
7368.
7354.
7340.
7327.
7312.
7298.
7284.
7270.
7257.
7242.
7229.
7215.
7202.
7188.
7175.
7161.
7148.
7134.
7120.
7107.
7094.
7080.
7067.
7054.
7041.
7027.
7015.
7002.
6989.
6976.
6963.
6950.
6938.
6925.
6914.
6902.
6889.
6877.
6865.
6853.
6840.
6828.
6816.
6805.
6793.
6781.
6769.
6757.
6746.
6734.
6723.
6711.
6700.
6688.
6677.
6666.
6655.
6644.
6633.
6622.
6611.
6600.
6590.
6579.
6568.
6557.
6547.
6537.
6527.
6517.
6506.
6496.
6485.
6477.
6467.
6457.
6447.
6437.
6427.
6418.
6409.
6399.
6390.
6381.
6371.
6362.
6354.
6345.
6335.
6327.
6319.
6310.
6301.
6293.
6286.
6277.
6268.
6261.
6252.
6245.
6236.
6230.
6223.
6214.
6207.
6200.
6192.
6186.
6178.
6171.
6164.
6157.
6150.
6144.
6137.
6130.
6125.
6119.
6112.
6106.
6099.
6093.
6089.
6083.
6078.
6071.
6066.
6060.
6055.
6050.
6045.
6040.
6035.
6031.
6026.
6021.
6016.
6012.
6007.
6003.
5999.
5995.
5990.
5986.
5982.
5978.
5975.
5972.
5968.
5964.
5961.
5958.
5954.
5950.
5947.
5944.
5942.
5939.
5937.
5933.
5931.
5928.
5926.
5923.
5921.
5919.
5917.
5915.
5913.
5911.
5910.
5907.
5905.
5905.
5903.
5901.
5900.
5898.
5897.
5897.
5895.
5893.
5892.
5892.
5891.
5891.
5889.
5889.
5887.
5888.
5888.
5888.
5887.
5888.
5886.
5887.
5887.
5887.
5888.
5888.
5888.
5888.
5888.
5888.
5887.
5888.
5887.
5888.
5888.
5888.
5887.
5888.
5888.
5888.
5888.
5888.
5888.
5888.
5888.
5888.
5888.
5888.
5888.
5888.
5888.
5888.
5889.
5889.
5889.
5888.
5888.
5889.
5888.
5889.
5888.
5889.
5889.
5888.
5888.
5889.
5888.
5888.
5888.
5888.
5888.
5889.
5889.
5888.
5888.
5888.
5889.
5889.
5888.
5889.
5889.
5889.
5889.
5889.
5889.
5889.
5888.
5890.
5889.
5889.
5888.
5889.
5889.
5888.
5889.
5888.
5889.
5889.
5889.
5890.
5889.
5889.
5889.
5889.
5889.
5889.
5890.
5890.
5889.
5889.
5889.
5890.
5889.
5889.
5889.
5890.
5890.
5890.
5889.
5889.
5890.
5890.
5889.
5889.
5890.
5891.
5889.
5889.
5890.
5890.
5890.
5889.
5890.
5890.
5890.
5890.
5890.
5890.
5890.
5890.
5889.
5890.
5889.
5890.
5890.
5890.
5889.
5890.
5891.
5890.
5890.
5890.
5891.
5890.
5890.
5890.
5890.
5891.
5890.
5890.
5890.
5891.
5890.
5890.
5890.
5890.
5891.
5891.
5891.
5890.
5891.
5890.
5891.
5891.
5891.
5890.
5891.
5891.
5891.
5891.
5891.
5891.
5891.
5892.
5892.
5892.
5892.
5893.
5894.
5894.
5894.
5895.
5896.
5897.
5897.
5898.
5898.
5900.
5901.
5903.
5904.
5906.
5907.
5909.
5910.
5912.
5914.
5916.
5918.
5920.
5922.
5925.
5926.
5929.
5932.
5935.
5937.
5940.
5942.
5946.
5948.
5951.
5954.
5958.
5961.
5964.
5968.
5972.
5975.
5978.
5983.
5987.
5990.
5995.
5999.
6003.
6007.
6011.
6016.
6022.
6026.
6030.
6035.
6039.
6045.
6049.
6055.
6059.
6065.
6070.
6076.
6081.
6087.
6092.
6098.
6103.
6110.
6115.
6121.
6127.
6133.
6139.
6145.
6152.
6158.
6165.
6171.
6178.
6184.
6191.
6197.
6205.
6211.
6218.
6224.
6232.
6238.
6246.
6253.
6260.
6267.
6275.
6282.
6289.
6296.
6304.
6312.
6320.
6327.
6335.
6342.
6351.
6358.
6366.
6374.
6383.
6391.
6399.
6408.
6416.
6424.
6433.
6441.
6450.
6458.
6467.
6476.
6484.
6493.
6502.
6510.
6520.
6528.
6537.
6546.
6556.
6564.
6574.
6583.
6593.
6602.
6612.
6621.
6631.
6639.
6650.
6659.
6669.
6678.
6688.
6697.
6707.
6717.
6727.
6737.
6747.
6757.
6767.
6777.
6788.
6797.
6808.
6818.
6829.
6839.
6850.
6859.
6870.
6881.
6891.
6902.
6912.
6923.
6934.
6945.
6955.
6967.
6977.
6988.
6999.
7010.
7021.
7032.
7043.
7054.
7065.
7077.
7087.
7098.
7110.
7121.
7132.
7143.
7154.
7166.
7177.
7188.
7200.
7211.
7222.
7234.
7245.
7257.
7269.
7280.
7292.
7304.
7315.
7327.
7339.
7351.
7363.
7374.
7386.
7398.
7410.
7421.
7434.
7445.
7458.
7469.
7481.
7494.
7506.
7518.
7529.
7542.
7554.
7566.
7578.
7590.
7603.
7615.
7627.
7639.
7651.
7664.
7677.
7689.
7701.
7714.
7727.
7739.
7751.
7763.
7775.
7789.
7802.
7814.
7826.
7839.
7851.
7864.
7877.
7889.
7902.
7914.
7928.
7940.
7953.
7965.
7978.
7991.
8003.
8016.
8028.
8042.
8055.
8067.
8080.
8093.
8106.
8118.
8132.
8144.
8156.
8170.
8183.
8195.
8208.
8221.
8234.
8247.
8260.
8273.
8286.
8297.
8310.
8324.
8336.
8350.
8362.
8374.
8387.
8401.
8413.
8426.
8438.
8452.
8465.
8476.
8489.
8502.
8515.
8527.
8540.
8554.
8566.
8578.
8591.
8604.
8616.
8629.
8642.
8654.
8667.
8680.
8692.
8704.
8717.
8730.
8742.
8756.
8768.
8779.
8792.
8805.
8818.
8829.
8842.
8855.
8867.
8880.
8892.
8905.
8916.
8929.
8941.
8953.
8965.
8977.
8990.
9002.
9014.
9026.
9039.
9051.
9063.
9075.
9087.
9100.
9112.
9124.
9135.
9147.
9160.
9172.
9183.
9195.
9207.
9219.
9230.
9242.
9254.
9266.
9277.
9289.
9300.
9312.
9324.
9336.
9347.
9359.
9370.
9382.
9392.
9405.
9415.
9428.
9438.
9450.
9461.
9473.
9483.
9495.
9505.
9517.
9528.
9539.
9550.
9561.
9572.
9583.
9593.
9605.
9615.
9625.
9636.
9647.
9658.
9669.
9678.
9690.
9700.
9710.
9720.
9731.
9741.
9752.
9762.
9772.
9782.
9791.
9802.
9813.
9822.
9832.
9842.
9852.
9862.
9871.
9881.
9891.
9901.
9910.
9920.
9930.
9939.
9949.
9958.
9967.
9976.
9986.
9995.
10004.
10013.
10022.
10031.
10040.
10049.
10058.
10068.
10076.
10085.
10093.
10102.
10111.
10120.
10128.
10137.
10145.
10153.
10161.
10170.
10178.
10186.
10195.
10203.
10211.
10220.
10227.
10234.
10243.
10252.
10259.
10267.
10275.
10283.
10290.
10298.
10305.
10314.
10320.
10328.
10335.
10343.
10350.
10357.
10364.
10372.
10378.
10386.
10394.
10401.
10407.
10414.
10421.
10429.
10435.
10442.
10448.
10456.
10462.
10469.
10476.
10483.
10489.
10496.
10502.
10509.
10515.
10521.
10528.
10534.
10541.
10546.
10553.
10560.
10565.
10572.
10578.
10583.
10590.
10595.
10602.
10607.
10613.
10620.
10625.
10630.
10636.
10642.
10647.
10654.
10659.
10665.
10670.
10674.
10680.
10687.
10692.
10697.
10702.
10708.
10713.
10718.
10722.
10728.
10732.
10737.
10742.
10747.
10752.
10757.
10761.
10766.
10771.
10775.
10779.
10784.
10789.
10792.
10797.
10801.
10806.
10809.
10813.
10818.
10822.
10826.
10830.
10834.
10838.
10842.
10845.
10848.
10852.
10856.
10859.
10863.
10867.
10870.
10874.
10876.
10880.
10883.
10886.
10889.
10892.
10895.
10898.
10901.
10904.
10907.
10909.
10912.
10915.
10918.
10920.
10922.
10925.
10928.
10930.
10932.
10934.
10936.
10938.
10940.
10942.
10944.
10946.
10949.
10951.
10952.
10954.
10955.
10957.
10958.
10961.
10961.
10962.
10964.
10966.
10967.
10969.
10969.
10971.
10972.
10973.
10974.
10975.
10976.
10977.
10978.
10979.
10979.
10981.
10982.
10981.
10982.
10983.
10983.
10984.
10984.
10984.
10984.
10985.
10985.
10985.
10985.
10985.
10985.
10985.
10985.
10985.
10985.
10985.
10985.
10984.
10985.
10984.
10984.
10984.
10983.
10984.
10983.
10984.
10983.
10983.
10982.
10982.
10982.
10982.
10981.
10980.
10981.
10981.
10980.
10979.
10980.
10979.
10979.
10978.
10978.
10978.
10977.
10978.
10977.
10976.
10976.
10976.
10975.
10975.
10975.
10975.
10974.
10973.
10973.
10972.
10971.
10971.
10971.
10970.
10970.
10969.
10970.
10969.
10969.
10969.
10967.
10967.
10967.
10967.
10966.
10967.
10966.
10965.
10963.
10963.
10963.
10962.
10962.
10962.
10960.
10960.
10960.
10960.
10960.
10960.
10958.
10958.
10958.
10957.
10956.
10956.
10956.
10955.
10954.
10954.
10953.
10952.
10952.
10951.
10952.
10951.
10950.
10950.
10950.
10948.
10948.
10947.
10946.
10946.
10946.
10945.
10944.
10943.
10943.
10942.
10941.
10940.
10941.
10940.
10939.
10937.
10937.
10935.
10935.
10935.
10934.
10932.
10933.
10931.
10930.
10929.
10929.
10927.
10927.
10925.
10924.
10922.
10922.
10920.
10919.
10916.
10916.
10915.
10913.
10911.
10910.
10908.
10907.
10905.
10903.
10902.
10900.
10898.
10897.
10894.
10892.
10890.
10888.
10885.
10884.
10881.
10878.
10876.
10873.
10871.
10868.
10866.
10864.
10860.
10858.
10854.
10851.
10849.
10845.
10842.
10839.
10836.
10833.
10830.
10825.
10821.
10819.
10815.
10812.
10807.
10804.
10799.
10796.
10792.
10787.
10783.
10778.
10773.
10770.
10765.
10760.
10755.
10750.
10746.
10740.
10736.
10730.
10725.
10720.
10715.
10709.
10704.
10698.
10692.
10686.
10680.
10675.
10668.
10662.
10656.
10650.
10644.
10637.
10630.
10624.
10617.
10610.
10604.
10596.
10589.
10581.
10575.
10567.
10560.
10553.
10545.
10537.
10530.
10522.
10514.
10506.
10498.
10490.
10481.
10473.
10464.
10457.
10446.
10438.
10430.
10422.
10412.
10404.
10393.
10385.
10376.
10366.
10356.
10348.
10338.
10328.
10318.
10310.
10299.
10290.
10279.
10269.
10259.
10249.
10238.
10228.
10218.
10207.
10197.
10187.
10175.
10165.
10154.
10142.
10132.
10121.
10109.
10099.
10087.
10076.
10064.
10054.
10043.
10030.
10018.
10007.
9995.
9984.
9971.
9960.
9948.
9935.
9923.
9912.
9899.
9887.
9876.
9862.
9850.
9838.
9826.
9812.
9800.
9788.
9775.
9763.
9750.
9737.
9724.
9712.
9698.
9686.
9673.
9661.
9648.
9635.
9621.
9609.
9595.
9582.
9568.
9556.
9542.
9529.
9516.
9504.
9490.
9476.
9463.
9450.
9437.
9424.
9411.
9398.
9384.
9372.
9357.
9345.
9331.
9318.
9304.
9292.
9278.
9265.
9251.
9238.
9225.
9212.
9199.
9185.
9171.
9158.
9144.
9131.
9118.
9104.
9091.
9077.
9065.
9051.
9037.
9024.
9010.
8996.
8984.
8970.
8957.
8944.
8931.
8917.
8904.
8890.
8877.
8863.
8850.
8837.
8824.
8810.
8797.
8784.
8771.
8758.
8744.
8731.
8718.
8704.
8691.
8679.
8665.
8653.
8640.
8626.
8613.
8601.
8587.
8575.
8561.
8548.
8535.
8523.
8510.
8497.
8484.
8472.
8458.
8445.
8433.
8420.
8408.
8396.
8383.
8371.
8357.
8346.
8333.
8321.
8307.
8295.
8282.
8270.
8258.
8245.
8233.
8221.
8208.
8196.
8184.
8173.
8159.
8147.
8136.
8124.
8112.
8099.
8086.
8075.
8063.
8051.
8039.
8027.
8015.
8003.
7991.
7980.
7968.
7956.
7944.
7932.
7920.
7909.
7898.
7886.
7874.
7862.
7850.
7840.
7827.
7816.
7804.
7793.
7781.
7770.
7758.
7747.
7735.
7724.
7713.
7702.
7689.
7679.
7667.
7656.
7644.
7633.
7622.
7611.
7599.
7589.
7577.
7566.
7555.
7544.
7533.
7523.
7511.
7500.
7490.
7478.
7469.
7457.
7446.
7436.
7426.
7414.
7404.
7393.
7382.
7373.
7363.
7352.
7341.
7331.
7321.
7310.
7299.
7290.
7280.
7270.
7260.
7250.
7239.
7231.
7220.
7210.
7200.
7191.
7181.
7171.
7161.
7152.
7142.
7132.
7123.
7114.
7104.
7096.
7086.
7077.
7068.
7059.
7049.
7040.
7031.
7023.
7013.
7005.
6996.
6988.
6980.
6970.
6961.
6953.
6945.
6937.
6929.
6921.
6912.
6905.
6897.
6889.
6881.
6873.
6865.
6858.
6850.
6843.
6836.
6828.
6820.
6814.
6806.
6799.
6791.
6785.
6778.
6771.
6764.
6757.
6750.
6743.
6737.
6731.
6724.
6718.
6711.
6705.
6699.
6693.
6687.
6680.
6675.
6669.
6663.
6658.
6651.
6647.
6641.
6635.
6630.
6625.
6619.
6615.
6609.
6604.
6599.
6594.
6589.
6585.
6580.
6576.
6570.
6566.
6561.
6558.
6553.
6549.
6545.
6541.
6537.
6533.
6529.
6526.
6522.
6518.
6514.
6510.
6507.
6504.
6501.
6497.
6494.
6491.
6488.
6485.
6482.
6478.
6476.
6474.
6471.
6468.
6466.
6463.
6461.
6458.
6455.
6455.
6451.
6450.
6447.
6446.
6443.
6442.
6440.
6438.
6437.
6435.
6434.
6433.
6431.
6429.
6428.
6427.
6426.
6424.
6424.
6423.
6421.
6420.
6420.
6419.
6418.
6417.
6418.
6416.
6416.
6415.
6415.
6416.
6415.
6415.
6415.
6415.
6415.
6415.
6416.
6416.
6416.
6415.
6416.
6416.
6415.
6415.
6415.
6416.
6415.
6415.
6415.
6415.
6416.
6415.
6416.
6416.
6416.
6416.
6416.
6415.
6416.
6415.
6416.
6416.
6416.
6416.
6416.
6416.
6416.
6416.
6416.
6415.
6416.
6416.
6416.
6417.
6416.
6416.
6416.
6416.
6416.
6416.
6416.
6416.
6416.
6416.
6416.
6416.
6416.
6416.
6417.
6416.
6416.
6416.
6417.
6416.
6416.
6416.
6416.
6416.
6417.
6418.
6416.
6416.
6417.
6416.
6417.
6418.
6417.
6417.
6417.
6417.
6417.
6417.
6418.
6418.
6417.
6418.
6418.
6418.
6418.
6417.
6419.
6418.
6418.
6418.
6418.
6418.
6419.
6418.
6419.
6418.
6417.
6418.
6418.
6418.
6418.
6418.
6418.
6418.
6419.
6418.
6419.
6419.
6419.
6419.
6420.
6420.
6421.
6421.
6422.
6422.
6423.
6424.
6424.
6426.
6426.
6428.
6428.
6430.
6430.
6432.
6434.
6435.
6436.
6438.
6440.
6442.
6443.
6445.
6448.
6450.
6451.
6453.
6456.
6458.
6461.
6463.
6466.
6468.
6471.
6473.
6476.
6479.
6482.
6485.
6488.
6491.
6494.
6497.
6501.
6504.
6507.
6511.
6515.
6518.
6522.
6527.
6530.
6533.
6537.
6542.
6547.
6550.
6554.
6559.
6564.
6567.
6572.
6577.
6582.
6587.
6591.
6595.
6601.
6607.
6611.
6616.
6622.
6626.
6633.
6637.
6643.
6648.
6655.
6660.
6666.
6671.
6677.
6683.
6688.
6696.
6703.
6708.
6714.
6721.
6728.
6734.
6740.
6747.
6754.
6761.
6768.
6775.
6782.
6789.
6796.
6804.
6811.
6819.
6825.
6833.
6842.
6850.
6857.
6865.
6873.
6882.
6890.
6898.
6907.
6915.
6924.
6932.
6941.
6950.
6958.
6967.
6976.
6986.
6995.
7004.
7014.
7023.
7033.
7043.
7052.
7061.
7072.
7083.
7092.
7102.
7113.
7123.
7133.
7143.
7153.
7164.
7175.
7186.
7197.
7207.
7218.
7229.
7240.
7251.
7263.
7275.
7285.
7296.
7308.
7320.
7331.
7343.
7355.
7367.
7379.
7391.
7403.
7415.
7427.
7440.
7452.
7464.
7476.
7490.
7502.
7515.
7527.
7540.
7553.
7565.
7578.
7591.
7604.
7618.
7630.
7645.
7657.
7671.
7683.
7697.
7710.
7724.
7737.
7751.
7764.
7778.
7792.
7805.
7819.
7833.
7847.
7860.
7875.
7889.
7902.
7915.
7931.
7945.
7958.
7973.
7987.
8001.
8015.
8030.
8044.
8058.
8072.
8087.
8101.
8115.
8130.
8144.
8158.
8172.
8187.
8201.
8215.
8229.
8244.
8258.
8273.
8287.
8300.
8315.
8328.
8343.
8356.
8371.
8385.
8400.
8413.
8428.
8442.
8456.
8470.
8484.
8498.
8512.
8526.
8541.
8554.
8569.
8582.
8597.
8610.
8625.
8639.
8653.
8667.
8680.
8695.
8708.
8722.
8736.
8751.
8764.
8778.
8792.
8806.
8819.
8834.
8848.
8862.
8876.
8889.
8904.
8917.
8931.
8945.
8958.
8973.
8987.
9000.
9014.
9027.
9041.
9054.
9068.
9082.
9095.
9110.
9123.
9136.
9149.
9163.
9176.
9190.
9203.
9217.
9230.
9243.
9256.
9269.
9283.
9296.
9308.
9321.
9335.
9347.
9359.
9373.
9385.
9398.
9410.
9424.
9436.
9448.
9461.
9473.
9485.
9498.
9511.
9523.
9534.
9547.
9559.
9571.
9583.
9595.
9607.
9618.
9630.
9642.
9654.
9666.
9677.
9688.
9701.
9712.
9723.
9734.
9746.
9757.
9769.
9780.
9791.
9802.
9814.
9824.
9835.
9846.
9857.
9868.
9878.
9889.
9900.
9910.
9921.
9932.
9941.
9952.
9963.
9972.
9982.
9993.
10004.
10013.
10023.
10033.
10043.
10052.
10062.
10072.
10081.
10091.
10101.
10110.
10120.
10129.
10138.
10147.
10157.
10166.
10175.
10183.
10193.
10201.
10210.
10219.
10228.
10237.
10245.
10252.
10262.
10271.
10278.
10285.
10294.
10303.
10310.
10318.
10325.
10334.
10341.
10349.
10356.
10365.
10372.
10379.
10387.
10394.
10402.
10407.
10415.
10422.
10428.
10436.
10442.
10450.
10457.
10463.
10469.
10476.
10482.
10488.
10494.
10501.
10507.
10513.
10519.
10525.
10531.
10536.
10542.
10547.
10553.
10558.
10563.
10569.
10575.
10580.
10585.
10590.
10595.
10600.
10606.
10610.
10614.
10619.
10624.
10629.
10633.
10638.
10641.
10646.
10651.
10654.
10658.
10663.
10667.
10670.
10673.
10678.
10683.
10685.
10689.
10693.
10697.
10699.
10703.
10707.
10710.
10712.
10716.
10719.
10722.
10725.
10728.
10731.
10735.
10737.
10739.
10742.
10745.
10747.
10749.
10752.
10754.
10756.
10758.
10760.
10762.
10764.
10767.
10768.
10771.
10773.
10774.
10776.
10777.
10780.
10781.
10783.
10784.
10785.
10786.
10787.
10789.
10790.
10790.
10792.
10792.
10794.
10795.
10796.
10797.
10797.
10798.
10798.
10799.
10800.
10801.
10802.
10802.
10803.
10803.
10803.
10803.
10804.
10804.
10804.
10804.
10805.
10804.
10804.
10805.
10805.
10805.
10804.
10804.
10805.
10804.
10803.
10804.
10804.
10803.
10803.
10802.
10802.
10802.
10802.
10801.
10800.
10801.
10801.
10800.
10800.
10799.
10800.
10798.
10798.
10797.
10797.
10797.
10796.
10795.
10795.
10794.
10794.
10794.
10793.
10792.
10792.
10790.
10790.
10789.
10789.
10787.
10787.
10787.
10786.
10785.
10785.
10783.
10783.
10783.
10782.
10781.
10781.
10780.
10779.
10777.
10777.
10776.
10775.
10774.
10773.
10773.
10772.
10771.
10770.
10770.
10768.
10767.
10766.
10765.
10764.
10763.
10762.
10762.
10759.
10759.
10758.
10758.
10756.
10756.
10755.
10754.
10753.
10753.
10751.
10751.
10749.
10749.
10747.
10746.
10746.
10744.
10743.
10742.
10740.
10740.
10739.
10739.
10737.
10736.
10735.
10735.
10733.
10732.
10730.
10730.
10730.
10729.
10727.
10727.
10726.
10725.
10723.
10723.
10722.
10721.
10720.
10719.
10719.
10717.
10717.
10716.
10715.
10714.
10714.
10713.
10712.
10711.
10711.
10710.
10709.
10708.
10707.
10706.
10705.
10704.
10704.
10702.
10702.
10702.
10701.
10700.
10699.
10698.
10699.
10697.
10697.
10696.
10695.
10695.
10695.
10693.
10694.
10692.
10691.
10691.
10691.
10690.
10689.
10689.
10688.
10688.
10688.
10687.
10686.
10685.
10685.
10685.
10684.
10684.
10683.
10683.
10682.
10682.
10681.
10681.
10680.
10679.
10679.
10678.
10677.
10676.
10676.
10676.
10675.
10676.
10674.
10673.
10673.
10672.
10672.
10671.
10670.
10669.
10669.
10669.
10668.
10668.
10667.
10666.
10664.
10664.
10663.
10662.
10660.
10659.
10658.
10658.
10656.
10656.
10654.
10653.
10651.
10651.
10649.
10647.
10645.
10645.
10642.
10642.
10640.
10638.
10636.
10634.
10633.
10630.
10628.
10626.
10624.
10621.
10619.
10617.
10614.
10612.
10609.
10608.
10605.
10602.
10599.
10596.
10593.
10590.
10586.
10584.
10580.
10578.
10574.
10571.
10567.
10564.
10560.
10556.
10551.
10548.
10544.
10540.
10536.
10532.
10528.
10523.
10519.
10515.
10510.
10505.
10501.
10495.
10491.
10486.
10481.
10476.
10471.
10464.
10460.
10454.
10448.
10442.
10436.
10431.
10425.
10418.
10412.
10406.
10399.
10393.
10386.
10380.
10372.
10365.
10358.
10351.
10344.
10337.
10329.
10322.
10314.
10305.
10298.
10291.
10282.
10274.
10265.
10257.
10249.
10241.
10231.
10223.
10214.
10206.
10196.
10187.
10177.
10169.
10159.
10150.
10140.
10130.
10119.
10111.
10101.
10090.
10080.
10070.
10058.
10049.
10039.
10027.
10017.
10006.
9995.
9983.
9973.
9962.
9951.
9939.
9928.
9916.
9905.
9893.
9881.
9869.
9856.
9844.
9832.
9820.
9807.
9795.
9783.
9769.
9757.
9744.
9731.
9718.
9706.
9692.
9679.
9666.
9652.
9639.
9626.
9611.
9598.
9584.
9570.
9556.
9542.
9528.
9514.
9500.
9485.
9470.
9457.
9442.
9428.
9413.
9399.
9384.
9370.
9355.
9340.
9325.
9310.
9295.
9279.
9265.
9250.
9235.
9220.
9205.
9190.
9174.
9159.
9143.
9128.
9112.
9097.
9082.
9066.
9050.
9035.
9019.
9004.
8989.
8972.
8957.
8941.
8924.
8909.
8893.
8877.
8861.
8845.
8829.
8813.
8797.
8781.
8765.
8748.
8732.
8717.
8700.
8684.
8668.
8651.
8635.
8619.
8603.
8587.
8570.
8555.
8538.
8522.
8505.
8489.
8472.
8456.
8440.
8424.
8408.
8392.
8375.
8358.
8343.
8326.
8310.
8295.
8278.
8261.
8245.
8229.
8213.
8196.
8180.
8164.
8148.
8132.
8116.
8100.
8085.
8068.
8052.
8036.
8020.
8004.
7989.
7973.
7957.
7941.
7926.
7909.
7894.
7878.
7863.
7847.
7831.
7816.
7800.
7785.
7769.
7754.
7738.
7723.
7708.
7693.
7677.
7662.
7647.
7632.
7617.
7603.
7588.
7573.
7559.
7544.
7529.
7515.
7501.
7486.
7472.
7458.
7444.
7429.
7416.
7401.
7387.
7374.
7359.
7346.
7333.
7319.
7305.
7292.
7278.
7265.
7251.
7238.
7224.
7211.
7199.
7186.
7172.
7160.
7147.
7134.
7121.
7109.
7097.
7085.
7072.
7060.
7048.
7036.
7025.
7012.
7001.
6989.
6978.
6967.
6957.
6945.
6935.
6924.
6913.
6902.
6891.
6881.
6870.
6861.
6851.
6841.
6831.
6820.
6811.
6802.
6792.
6783.
6774.
6765.
6755.
6746.
6738.
6729.
6720.
6712.
6704.
6696.
6688.
6679.
6671.
6664.
6655.
6648.
6640.
6634.
6627.
6619.
6612.
6605.
6598.
6592.
6585.
6579.
6571.
6565.
6559.
6553.
6547.
6541.
6535.
6530.
6525.
6519.
6514.
6508.
6503.
6498.
6493.
6488.
6483.
6479.
6474.
6470.
6466.
6462.
6458.
6453.
6450.
6447.
6442.
6439.
6436.
6432.
6429.
6426.
6423.
6419.
6417.
6414.
6413.
6409.
6407.
6405.
6402.
6400.
6398.
6397.
6395.
6393.
6391.
6390.
6387.
6388.
6386.
6384.
6383.
6382.
6381.
6381.
6380.
6380.
6378.
6378.
6378.
6378.
6378.
6377.
6378.
6378.
6378.
6378.
6378.
6378.
6378.
6378.
6378.
6378.
6379.
6380.
6379.
6379.
6380.
6380.
6380.
6381.
6381.
6381.
6381.
6382.
6383.
6383.
6384.
6384.
6385.
6385.
6387.
6386.
6386.
6387.
6387.
6389.
6390.
6390.
6391.
6392.
6392.
6393.
6394.
6395.
6396.
6397.
6398.
6399.
6399.
6400.
6401.
6402.
6402.
6404.
6404.
6405.
6407.
6408.
6409.
6410.
6411.
6413.
6413.
6415.
6416.
6417.
6417.
6419.
6420.
6421.
6422.
6423.
6424.
6426.
6426.
6428.
6429.
6431.
6432.
6433.
6435.
6436.
6437.
6438.
6440.
6441.
6441.
6443.
6444.
6445.
6446.
6448.
6449.
6451.
6452.
6453.
6455.
6455.
6457.
6457.
6459.
6460.
6461.
6462.
6464.
6464.
6466.
6467.
6469.
6469.
6471.
6471.
6473.
6474.
6475.
6476.
6478.
6478.
6480.
6480.
6482.
6482.
6484.
6484.
6486.
6487.
6488.
6488.
6490.
6490.
6492.
6492.
6494.
6494.
6495.
6495.
6497.
6497.
6498.
6499.
6500.
6501.
6501.
6502.
6503.
6503.
6504.
6504.
6505.
6506.
6506.
6507.
6507.
6508.
6509.
6509.
6509.
6510.
6511.
6510.
6511.
6511.
6511.
6512.
6512.
6512.
6512.
6513.
6512.
6513.
6513.
6513.
6513.
6513.
6513.
6513.
6513.
6513.
6513.
6513.
6513.
6513.
6513.
6513.
6513.
6514.
6513.
6513.
6514.
6513.
6513.
6513.
6513.
6513.
6513.
6513.
6513.
6513.
6513.
6514.
6514.
6513.
6513.
6514.
6513.
6513.
6513.
6513.
6513.
6514.
6514.
6513.
6513.
6513.
6513.
6513.
6513.
6514.
6513.
6514.
6513.
6514.
6514.
6512.
6513.
6513.
6513.
6513.
6513.
6513.
6513.
6514.
6513.
6513.
6514.
6513.
6514.
6514.
6514.
6514.
6514.
6515.
6513.
6513.
6514.
6513.
6514.
6514.
6514.
6514.
6514.
6514.
6514.
6514.
6514.
6514.
6514.
6514.
6514.
6514.
6514.
6514.
6513.
6513.
6514.
6514.
6514.
6514.
6514.
6514.
6514.
6514.
6513.
6514.
6513.
6513.
6513.
6514.
6513.
6514.
6513.
6514.
6514.
6514.
6515.
6514.
6514.
6514.
6515.
6514.
6514.
6514.
6515.
6514.
6515.
6514.
6515.
6514.
6515.
6514.
6515.
6515.
6514.
6514.
6514.
6515.
6514.
6515.
6515.
6515.
6515.
6515.
6516.
6516.
6517.
6517.
6518.
6518.
6519.
6520.
6521.
6522.
6523.
6525.
6525.
6527.
6528.
6529.
6531.
6533.
6534.
6536.
6539.
6541.
6542.
6544.
6547.
6549.
6551.
6554.
6556.
6559.
6562.
6564.
6567.
6571.
6573.
6576.
6580.
6583.
6586.
6590.
6593.
6597.
6600.
6603.
6608.
6612.
6615.
6619.
6624.
6628.
6632.
6636.
6641.
6645.
6650.
6655.
6660.
6665.
6669.
6674.
6679.
6684.
6690.
6694.
6700.
6705.
6711.
6716.
6721.
6728.
6734.
6739.
6746.
6751.
6757.
6764.
6769.
6776.
6783.
6789.
6795.
6802.
6809.
6816.
6822.
6829.
6836.
6843.
6850.
6858.
6865.
6872.
6880.
6887.
6894.
6902.
6910.
6917.
6925.
6933.
6941.
6949.
6957.
6965.
6974.
6982.
6990.
6999.
7007.
7016.
7024.
7033.
7042.
7051.
7059.
7068.
7078.
7087.
7096.
7106.
7114.
7124.
7133.
7144.
7153.
7163.
7172.
7181.
7192.
7201.
7212.
7222.
7232.
7242.
7253.
7264.
7274.
7285.
7295.
7306.
7318.
7328.
7340.
7351.
7362.
7372.
7384.
7395.
7407.
7418.
7430.
7441.
7454.
7465.
7477.
7489.
7501.
7513.
7526.
7537.
7549.
7562.
7575.
7587.
7600.
7612.
7625.
7638.
7650.
7664.
7676.
7689.
7702.
7715.
7728.
7742.
7755.
7768.
7781.
7794.
7808.
7821.
7835.
7849.
7862.
7876.
7889.
7904.
7917.
7931.
7944.
7958.
7972.
7986.
8000.
8014.
8027.
8042.
8056.
8071.
8085.
8098.
8113.
8127.
8141.
8155.
8170.
8184.
8198.
8212.
8227.
8241.
8256.
8269.
8284.
8298.
8313.
8327.
8342.
8355.
8371.
8384.
8400.
8413.
8428.
8442.
8457.
8471.
8486.
8500.
8514.
8528.
8543.
8557.
8570.
8585.
8601.
8614.
8628.
8642.
8657.
8670.
8685.
8699.
8713.
8727.
8741.
8756.
8770.
8784.
8797.
8812.
8826.
8840.
8853.
8868.
8881.
8895.
8908.
8923.
8937.
8950.
8965.
8978.
8992.
9005.
9019.
9033.
9047.
9059.
9073.
9086.
9100.
9114.
9127.
9141.
9153.
9165.
9179.
9193.
9205.
9218.
9231.
9244.
9257.
9269.
9282.
9295.
9308.
9320.
9333.
9345.
9358.
9371.
9382.
9395.
9407.
9419.
9432.
9445.
9456.
9468.
9480.
9493.
9504.
9516.
9527.
9540.
9551.
9563.
9574.
9586.
9597.
9609.
9620.
9632.
9643.
9654.
9665.
9676.
9687.
9699.
9709.
9721.
9732.
9742.
9753.
9763.
9774.
9785.
9795.
9806.
9817.
9826.
9837.
9846.
9857.
9867.
9877.
9887.
9897.
9907.
9917.
9926.
9936.
9945.
9955.
9965.
9974.
9983.
9993.
10002.
10011.
10021.
10030.
10039.
10047.
10056.
10066.
10075.
10083.
10092.
10101.
10109.
10118.
10126.
10134.
10143.
10151.
10159.
10167.
10175.
10184.
10191.
10198.
10207.
10216.
10223.
10231.
10238.
10246.
10254.
10261.
10269.
10276.
10283.
10291.
10298.
10305.
10311.
10318.
10325.
10333.
10339.
10346.
10353.
10360.
10365.
10373.
10380.
10386.
10392.
10399.
10405.
10411.
10417.
10423.
10430.
10435.
10441.
10448.
10454.
10459.
10464.
10470.
10476.
10482.
10487.
10492.
10498.
10503.
10508.
10514.
10520.
10524.
10529.
10534.
10539.
10544.
10549.
10553.
10559.
10563.
10567.
10572.
10577.
10581.
10585.
10589.
10594.
10598.
10602.
10606.
10610.
10613.
10617.
10621.
10625.
10628.
10632.
10636.
10640.
10643.
10645.
10649.
10653.
10656.
10659.
10662.
10666.
10668.
10672.
10674.
10677.
10680.
10682.
10685.
10688.
10691.
10693.
10695.
10697.
10700.
10702.
10704.
10706.
10708.
10711.
10713.
10714.
10716.
10718.
10720.
10722.
10724.
10725.
10727.
10728.
10730.
10731.
10733.
10734.
10735.
10737.
10739.
10740.
10741.
10742.
10743.
10743.
10745.
10746.
10746.
10747.
10748.
10749.
10749.
10750.
10750.
10752.
10752.
10752.
10753.
10753.
10754.
10754.
10755.
10755.
10755.
10755.
10755.
10755.
10756.
10755.
10754.
10755.
10756.
10754.
10754.
10754.
10755.
10754.
10754.
10754.
10755.
10753.
10753.
10752.
10752.
10752.
10752.
10750.
10750.
10750.
10750.
10749.
10750.
10748.
10748.
10749.
10748.
10747.
10747.
10746.
10746.
10745.
10745.
10744.
10744.
10744.
10743.
10742.
10742.
10741.
10741.
10740.
10740.
10739.
10739.
10738.
10738.
10736.
10736.
10736.
10736.
10735.
10734.
10733.
10733.
10731.
10731.
10731.
10730.
10729.
10729.
10728.
10727.
10727.
10726.
10726.
10725.
10725.
10724.
10724.
10722.
10722.
10720.
10720.
10720.
10719.
10718.
10718.
10716.
10716.
10714.
10714.
10713.
10712.
10712.
10712.
10711.
10710.
10709.
10708.
10708.
10707.
10706.
10706.
10705.
10705.
10703.
10703.
10702.
10702.
10702.
10700.
10698.
10698.
10698.
10697.
10697.
10696.
10695.
10695.
10695.
10694.
10694.
10693.
10691.
10691.
10692.
10690.
10689.
10689.
10689.
10688.
10688.
10686.
10685.
10686.
10686.
10685.
10684.
10683.
10683.
10682.
10682.
10681.
10681.
10680.
10679.
10678.
10678.
10678.
10678.
10677.
10677.
10676.
10676.
10675.
10675.
10675.
10675.
10674.
10674.
10673.
10673.
10672.
10672.
10672.
10672.
10670.
10671.
10670.
10670.
10669.
10669.
10670.
10669.
10668.
10668.
10668.
10668.
10668.
10667.
10667.
10667.
10667.
10667.
10667.
10666.
10667.
10667.
10666.
10666.
10665.
10666.
10665.
10665.
10665.
10665.
10665.
10665.
10665.
10665.
10664.
10664.
10665.
10665.
10665.
10664.
10664.
10664.
10663.
10663.
10664.
10662.
10663.
10662.
10662.
10662.
10662.
10661.
10661.
10660.
10660.
10659.
10659.
10659.
10658.
10657.
10657.
10656.
10656.
10655.
10655.
10653.
10652.
10651.
10651.
10650.
10648.
10647.
10646.
10645.
10643.
10642.
10641.
10639.
10637.
10636.
10633.
10632.
10629.
10627.
10626.
10623.
10621.
10618.
10616.
10613.
10610.
10608.
10606.
10602.
10600.
10596.
10594.
10589.
10587.
10583.
10580.
10576.
10573.
10569.
10565.
10561.
10556.
10552.
10548.
10544.
10539.
10535.
10530.
10526.
10521.
10516.
10511.
10506.
10500.
10496.
10490.
10484.
10478.
10473.
10467.
10461.
10455.
10449.
10442.
10437.
10430.
10423.
10417.
10410.
10403.
10396.
10389.
10382.
10375.
10369.
10360.
10353.
10347.
10338.
10330.
10323.
10315.
10307.
10298.
10291.
10283.
10274.
10267.
10257.
10249.
10240.
10231.
10221.
10212.
10203.
10195.
10184.
10176.
10166.
10157.
10147.
10137.
10127.
10118.
10108.
10097.
10086.
10077.
10066.
10055.
10045.
10035.
10024.
10013.
10002.
9991.
9980.
9968.
9957.
9946.
9935.
9924.
9912.
9900.
9888.
9877.
9865.
9853.
9841.
9828.
9816.
9804.
9791.
9779.
9767.
9755.
9742.
9728.
9717.
9702.
9690.
9677.
9665.
9651.
9638.
9625.
9612.
9597.
9584.
9570.
9556.
9543.
9530.
9516.
9502.
9488.
9474.
9460.
9446.
9432.
9417.
9403.
9389.
9375.
9361.
9346.
9331.
9316.
9302.
9287.
9272.
9257.
9242.
9228.
9213.
9198.
9183.
9167.
9152.
9137.
9122.
9106.
9092.
9077.
9060.
9045.
9030.
9014.
8999.
8983.
8967.
8952.
8937.
8920.
8905.
8889.
8873.
8856.
8841.
8825.
8809.
8793.
8776.
8761.
8744.
8729.
8712.
8696.
8680.
8663.
8647.
8631.
8614.
8599.
8583.
8566.
8549.
8533.
8517.
8500.
8484.
8467.
8451.
8435.
8418.
8403.
8386.
8370.
8353.
8335.
8319.
8303.
8287.
8270.
8254.
8238.
8221.
8205.
8189.
8172.
8156.
8139.
8123.
8106.
8090.
8073.
8057.
8041.
8025.
8009.
7992.
7975.
7960.
7943.
7927.
7911.
7895.
7878.
7863.
7846.
7831.
7814.
7799.
7782.
7767.
7750.
7735.
7719.
7704.
7687.
7672.
7656.
7640.
7624.
7609.
7592.
7577.
7561.
7547.
7531.
7516.
7501.
7485.
7470.
7455.
7440.
7425.
7410.
7395.
7380.
7366.
7350.
7337.
7322.
7308.
7294.
7278.
7264.
7250.
7236.
7222.
7208.
7194.
7180.
7167.
7152.
7139.
7126.
7112.
7099.
7086.
7072.
7059.
7046.
7033.
7021.
7008.
6996.
6984.
6971.
6959.
6947.
6935.
6923.
6912.
6901.
6889.
6877.
6866.
6854.
6844.
6832.
6821.
6811.
6801.
6790.
6780.
6769.
6759.
6749.
6739.
6730.
6720.
6710.
6701.
6692.
6683.
6673.
6664.
6656.
6646.
6638.
6630.
6621.
6613.
6605.
6597.
6589.
6581.
6573.
6566.
6558.
6551.
6543.
6537.
6529.
6522.
6516.
6509.
6502.
6496.
6489.
6483.
6477.
6471.
6466.
6460.
6454.
6448.
6443.
6438.
6432.
6427.
6422.
6417.
6412.
6407.
6402.
6398.
6393.
6389.
6384.
6381.
6376.
6372.
6369.
6365.
6361.
6357.
6354.
6351.
6348.
6344.
6341.
6338.
6336.
6332.
6330.
6326.
6324.
6322.
6319.
6317.
6315.
6312.
6311.
6308.
6306.
6305.
6303.
6302.
6300.
6299.
6297.
6297.
6295.
6294.
6293.
6292.
6290.
6290.
6290.
6289.
6288.
6287.
6287.
6287.
6287.
6286.
6287.
6286.
6286.
6286.
6286.
6287.
6287.
6287.
6287.
6287.
6288.
6288.
6288.
6288.
6288.
6288.
6288.
6288.
6288.
6289.
6289.
6289.
6289.
6290.
6291.
6291.
6291.
6292.
6292.
6292.
6292.
6293.
6293.
6294.
6294.
6295.
6295.
6296.
6296.
6297.
6298.
6298.
6299.
6300.
6301.
6302.
6302.
6302.
6304.
6305.
6305.
6306.
6307.
6308.
6309.
6310.
6310.
6312.
6313.
6314.
6315.
6316.
6316.
6317.
6319.
6320.
6321.
6321.
6323.
6323.
6325.
6326.
6327.
6328.
6329.
6330.
6331.
6332.
6334.
6335.
6336.
6337.
6339.
6339.
6341.
6342.
6344.
6344.
6346.
6346.
6348.
6349.
6351.
6352.
6353.
6354.
6356.
6356.
6358.
6359.
6360.
6361.
6363.
6363.
6365.
6366.
6367.
6368.
6370.
6370.
6372.
6373.
6375.
6376.
6377.
6378.
6380.
6380.
6381.
6383.
6383.
6384.
6385.
6387.
6388.
6388.
6389.
6390.
6391.
6392.
6393.
6395.
6396.
6396.
6397.
6398.
6399.
6400.
6401.
6401.
6402.
6403.
6403.
6405.
6405.
6406.
6406.
6407.
6408.
6408.
6408.
6409.
6410.
6410.
6411.
6411.
6411.
6412.
6412.
6413.
6413.
6414.
6414.
6414.
6414.
6415.
6415.
6415.
6415.
6415.
6415.
6416.
6416.
6416.
6416.
6417.
6417.
6416.
6416.
6416.
6416.
6416.
6416.
6416.
6416.
6416.
6416.
6415.
6416.
6417.
6417.
6415.
6416.
6417.
6416.
6416.
6416.
6416.
6416.
6416.
6416.
6417.
6416.
6416.
6416.
6416.
6416.
6417.
6416.
6417.
6416.
6416.
6417.
6416.
6416.
6417.
6416.
6417.
6416.
6415.
6417.
6417.
6416.
6416.
6416.
6416.
6416.
6416.
6416.
6416.
6416.
6416.
6416.
6416.
6416.
6416.
6416.
6417.
6416.
6416.
6417.
6417.
6416.
6417.
6417.
6417.
6417.
6417.
6416.
6417.
6416.
6416.
6417.
6417.
6416.
6416.
6417.
6416.
6417.
6417.
6417.
6417.
6417.
6416.
6417.
6417.
6417.
6417.
6417.
6416.
6417.
6417.
6418.
6417.
6417.
6417.
6417.
6417.
6418.
6417.
6417.
6417.
6418.
6417.
6417.
6417.
6417.
6417.
6417.
6417.
6417.
6417.
6418.
6417.
6418.
6417.
6417.
6418.
6418.
6418.
6418.
6417.
6417.
6418.
6418.
6418.
6418.
6419.
6419.
6419.
6420.
6420.
6421.
6421.
6422.
6423.
6424.
6425.
6426.
6427.
6428.
6429.
6430.
6432.
6434.
6435.
6436.
6439.
6441.
6442.
6444.
6447.
6449.
6451.
6453.
6456.
6458.
6461.
6463.
6467.
6469.
6472.
6475.
6478.
6481.
6485.
6487.
6491.
6494.
6499.
6501.
6505.
6509.
6513.
6515.
6519.
6524.
6528.
6531.
6536.
6541.
6545.
6549.
6554.
6559.
6563.
6567.
6572.
6577.
6582.
6587.
6591.
6597.
6602.
6608.
6613.
6618.
6624.
6630.
6635.
6640.
6647.
6652.
6657.
6664.
6669.
6676.
6683.
6689.
6696.
6701.
6708.
6714.
6721.
6728.
6734.
6741.
6747.
6754.
6762.
6769.
6775.
6783.
6791.
6798.
6805.
6813.
6820.
6828.
6835.
6844.
6851.
6859.
6866.
6874.
6883.
6891.
6899.
6907.
6915.
6924.
6933.
6941.
6950.
6959.
6967.
6975.
6984.
6993.
7002.
7011.
7021.
7029.
7039.
7047.
7058.
7066.
7076.
7085.
7095.
7104.
7114.
7123.
7133.
7143.
7153.
7163.
7174.
7182.
7192.
7203.
7213.
7224.
7234.
7244.
7255.
7266.
7276.
7287.
7297.
7309.
7319.
7331.
7341.
7352.
7363.
7375.
7386.
7397.
7408.
7419.
7430.
7442.
7454.
7466.
7478.
7489.
7501.
7513.
7524.
7535.
7547.
7559.
7571.
7583.
7595.
7607.
7620.
7631.
7643.
7656.
7668.
7680.
7692.
7705.
7718.
7730.
7742.
7755.
7767.
7780.
7793.
7805.
7818.
7830.
7844.
7856.
7868.
7881.
7893.
7907.
7920.
7933.
7945.
7959.
7971.
7985.
7998.
8011.
8024.
8037.
8050.
8063.
8077.
8090.
8102.
8116.
8129.
8143.
8155.
8169.
8181.
8196.
8208.
8222.
8236.
8249.
8261.
8275.
8289.
8302.
8315.
8329.
8343.
8356.
8369.
8383.
8396.
8410.
8423.
8437.
8450.
8463.
8476.
8490.
8503.
8517.
8530.
8544.
8557.
8571.
8584.
8597.
8610.
8624.
8637.
8650.
8663.
8677.
8690.
8703.
8717.
8730.
8743.
8756.
8769.
8783.
8795.
8810.
8822.
8836.
8848.
8862.
8875.
8888.
8901.
8914.
8926.
8940.
8953.
8966.
8979.
8992.
9004.
9018.
9030.
9044.
9056.
9068.
9082.
9094.
9108.
9120.
9132.
9145.
9158.
9171.
9183.
9196.
9208.
9221.
9233.
9246.
9259.
9271.
9283.
9295.
9308.
9320.
9332.
9345.
9357.
9370.
9381.
9393.
9404.
9416.
9429.
9440.
9452.
9465.
9476.
9488.
9499.
9511.
9522.
9534.
9545.
9557.
9569.
9580.
9590.
9602.
9613.
9624.
9635.
9647.
9657.
9669.
9679.
9690.
9701.
9711.
9722.
9733.
9743.
9754.
9764.
9774.
9784.
9795.
9805.
9816.
9825.
9835.
9846.
9855.
9865.
9875.
9884.
9894.
9904.
9913.
9923.
9932.
9941.
9950.
9960.
9969.
9978.
9986.
9996.
10005.
10014.
10022.
10031.
10039.
10047.
10056.
10065.
10073.
10082.
10089.
10098.
10106.
10113.
10121.
10129.
10137.
10144.
10153.
10160.
10168.
10175.
10182.
10190.
10197.
10204.
10211.
10218.
10225.
10232.
10239.
10245.
10252.
10258.
10265.
10272.
10278.
10284.
10291.
10297.
10304.
10309.
10315.
10321.
10326.
10333.
10339.
10344.
10351.
10355.
10361.
10367.
10372.
10377.
10382.
10388.
10394.
10399.
10404.
10408.
10414.
10418.
10424.
10429.
10433.
10438.
10443.
10447.
10452.
10457.
10461.
10465.
10470.
10475.
10478.
10482.
10487.
10491.
10494.
10499.
10503.
10507.
10510.
10514.
10519.
10523.
10525.
10529.
10534.
10537.
10540.
10543.
10548.
10551.
10554.
10557.
10561.
10564.
10567.
10570.
10574.
10577.
10579.
10582.
10586.
10588.
10591.
10594.
10597.
10599.
10602.
10605.
10608.
10610.
10613.
10616.
10618.
10620.
10623.
10625.
10627.
10630.
10632.
10633.
10636.
10638.
10640.
10642.
10644.
10646.
10648.
10650.
10652.
10654.
10655.
10657.
10658.
10660.
10662.
10664.
10665.
10667.
10668.
10669.
10670.
10672.
10673.
10675.
10676.
10677.
10678.
10679.
10680.
10681.
10682.
10683.
10684.
10685.
10685.
10687.
10687.
10688.
10689.
10689.
10690.
10690.
10691.
10691.