7441.
7441.
7442.
7442.
7441.
7441.
7442.
7442.
7442.
7442.
7441.
7442.
7442.
7441.
7442.
7442.
7442.
7442.
7442.
7442.
7442.
7442.
7442.
7441.
7441.
7442.
7442.
7441.
7441.
7442.
7442.
7441.
7441.
7441.
7442.
7442.
7442.
7441.
7441.
7442.
7441.
7442.
7441.
7442.
7442.
7442.
7442.
7442.
7442.
7442.
7442.
7441.
7441.
7442.
7442.
7441.
7441.
7441.
7441.
7441.
7441.
7442.
7442.
7441.
7441.
7442.
7442.
7441.
7442.
7442.
7441.
7442.
7442.
7441.
7442.
7441.
7442.
7442.
7442.
7441.
7441.
7441.
7442.
7442.
7442.
7442.
7442.
7441.
7442.
7442.
7442.
7442.
7441.
7441.
7442.
7442.
7442.
7443.
7442.
7441.
7442.
7442.
7442.
7443.
7442.
7442.
7442.
7442.
7442.
7442.
7442.
7442.
7442.
7441.
7442.
7442.
7442.
7442.
7442.
7442.
7442.
7442.
7442.
7442.
7442.
7442.
7442.
7442.
7441.
7442.
7443.
7442.
7442.
7442.
7442.
7442.
7442.
7442.
7442.
7442.
7443.
7442.
7442.
7442.
7443.
7442.
7441.
7442.
7442.
7442.
7442.
7442.
7443.
7442.
7442.
7442.
7442.
7442.
7441.
7442.
7442.
7442.
7442.
7442.
7442.
7442.
7442.
7442.
7442.
7442.
7442.
7442.
7443.
7442.
7443.
7442.
7442.
7442.
7442.
7442.
7442.
7442.
7442.
7442.
7442.
7442.
7442.
7442.
7442.
7442.
7442.
7442.
7442.
7442.
7443.
7442.
7442.
7443.
7442.
7442.
7442.
7442.
7442.
7442.
7442.
7442.
7442.
7442.
7442.
7442.
7442.
7442.
7442.
7442.
7442.
7443.
7442.
7441.
7442.
7441.
7443.
7443.
7442.
7442.
7442.
7442.
7443.
7443.
7442.
7443.
7442.
7442.
7442.
7442.
7442.
7442.
7442.
7442.
7442.
7442.
7442.
7443.
7442.
7442.
7442.
7442.
7442.
7442.
7442.
7442.
7442.
7442.
7441.
7442.
7443.
7442.
7442.
7442.
7443.
7442.
7442.
7442.
7442.
7442.
7443.
7442.
7441.
7442.
7442.
7442.
7441.
7442.
7443.
7442.
7441.
7442.
7442.
7442.
7442.
7442.
7441.
7442.
7442.
7442.
7443.
7442.
7441.
7442.
7442.
7442.
7442.
7442.
7442.
7442.
7442.
7442.
7442.
7442.
7442.
7442.
7442.
7442.
7442.
7442.
7442.
7441.
7442.
7442.
7442.
7442.
7442.
7442.
7442.
7442.
7442.
7442.
7442.
7441.
7442.
7442.
7442.
7443.
7442.
7442.
7442.
7442.
7442.
7441.
7442.
7442.
7442.
7442.
7442.
7441.
7442.
7442.
7442.
7443.
7442.
7441.
7442.
7441.
7442.
7442.
7442.
7443.
7442.
7442.
7442.
7442.
7442.
7442.
7442.
7443.
7442.
7442.
7442.
7442.
7442.
7442.
7442.
7442.
7442.
7442.
7442.
7443.
7441.
7442.
7443.
7442.
7441.
7442.
7442.
7442.
7442.
7442.
7442.
7442.
7441.
7442.
7442.
7442.
7441.
7442.
7442.
7442.
7442.
7442.
7441.
7442.
7441.
7442.
7442.
7442.
7442.
7442.
7442.
7442.
7442.
7442.
7441.
7442.
7442.
7442.
7442.
7442.
7442.
7443.
7443.
7443.
7443.
7442.
7442.
7442.
7442.
7443.
7444.
7442.
7442.
7443.
7444.
7443.
7443.
7443.
7444.
7444.
7444.
7444.
7444.
7444.
7445.
7444.
7444.
7445.
7445.
7446.
7445.
7445.
7445.
7445.
7446.
7445.
7445.
7446.
7446.
7446.
7446.
7446.
7447.
7448.
7447.
7448.
7448.
7447.
7448.
7448.
7448.
7449.
7449.
7449.
7450.
7450.
7451.
7452.
7451.
7451.
7452.
7453.
7453.
7452.
7454.
7453.
7454.
7454.
7455.
7455.
7456.
7456.
7458.
7457.
7459.
7459.
7460.
7460.
7461.
7462.
7462.
7462.
7463.
7464.
7465.
7466.
7467.
7467.
7468.
7468.
7470.
7470.
7471.
7471.
7473.
7473.
7475.
7475.
7476.
7476.
7478.
7478.
7480.
7480.
7481.
7482.
7483.
7484.
7485.
7486.
7488.
7488.
7490.
7491.
7491.
7492.
7494.
7495.
7495.
7496.
7498.
7499.
7499.
7501.
7502.
7503.
7504.
7505.
7506.
7508.
7508.
7510.
7510.
7512.
7513.
7514.
7515.
7516.
7517.
7519.
7520.
7521.
7522.
7524.
7524.
7525.
7526.
7528.
7529.
7530.
7531.
7532.
7533.
7535.
7535.
7537.
7538.
7539.
7540.
7542.
7542.
7543.
7544.
7545.
7546.
7547.
7548.
7549.
7551.
7551.
7552.
7553.
7554.
7556.
7556.
7557.
7558.
7559.
7559.
7560.
7561.
7563.
7564.
7564.
7565.
7566.
7567.
7568.
7569.
7570.
7571.
7572.
7573.
7574.
7575.
7575.
7576.
7577.
7578.
7578.
7580.
7580.
7582.
7583.
7584.
7585.
7586.
7587.
7588.
7588.
7589.
7589.
7591.
7591.
7593.
7593.
7595.
7596.
7597.
7597.
7599.
7600.
7601.
7602.
7604.
7604.
7605.
7606.
7607.
7608.
7610.
7610.
7612.
7612.
7613.
7614.
7615.
7616.
7617.
7619.
7620.
7621.
7622.
7623.
7624.
7626.
7627.
7629.
7629.
7630.
7632.
7633.
7634.
7636.
7637.
7638.
7639.
7641.
7642.
7643.
7644.
7646.
7647.
7649.
7650.
7651.
7652.
7654.
7655.
7656.
7658.
7660.
7661.
7662.
7663.
7665.
7666.
7668.
7669.
7671.
7672.
7674.
7674.
7676.
7678.
7679.
7681.
7683.
7683.
7685.
7686.
7688.
7689.
7691.
7693.
7694.
7696.
7697.
7699.
7701.
7702.
7704.
7705.
7706.
7708.
7709.
7711.
7713.
7715.
7716.
7718.
7720.
7721.
7722.
7723.
7726.
7728.
7729.
7731.
7733.
7734.
7736.
7738.
7739.
7741.
7742.
7744.
7746.
7748.
7749.
7751.
7753.
7754.
7756.
7758.
7760.
7761.
7763.
7765.
7766.
7768.
7770.
7772.
7773.
7775.
7776.
7778.
7780.
7783.
7783.
7785.
7787.
7789.
7790.
7792.
7793.
7796.
7797.
7798.
7801.
7803.
7805.
7807.
7807.
7810.
7811.
7813.
7815.
7816.
7818.
7820.
7822.
7824.
7825.
7827.
7828.
7830.
7832.
7834.
7835.
7837.
7839.
7840.
7842.
7844.
7846.
7847.
7849.
7851.
7853.
7854.
7856.
7858.
7860.
7861.
7863.
7865.
7866.
7868.
7870.
7871.
7873.
7874.
7876.
7878.
7880.
7881.
7882.
7885.
7886.
7887.
7889.
7891.
7893.
7894.
7896.
7898.
7900.
7901.
7904.
7904.
7906.
7908.
7910.
7911.
7912.
7914.
7916.
7917.
7919.
7921.
7923.
7924.
7926.
7928.
7929.
7932.
7933.
7934.
7936.
7938.
7939.
7940.
7942.
7944.
7945.
7947.
7949.
7951.
7953.
7954.
7955.
7957.
7959.
7961.
7962.
7964.
7966.
7968.
7969.
7970.
7972.
7973.
7976.
7978.
7979.
7981.
7983.
7984.
7986.
7988.
7989.
7991.
7993.
7995.
7996.
7998.
8000.
8002.
8003.
8005.
8007.
8008.
8010.
8012.
8014.
8015.
8017.
8019.
8021.
8023.
8025.
8027.
8027.
8029.
8031.
8033.
8034.
8036.
8038.
8040.
8042.
8043.
8045.
8047.
8049.
8051.
8052.
8055.
8056.
8058.
8060.
8062.
8064.
8065.
8067.
8069.
8071.
8073.
8074.
8076.
8078.
8080.
8082.
8084.
8085.
8087.
8089.
8091.
8092.
8094.
8096.
8098.
8100.
8102.
8104.
8105.
8108.
8109.
8111.
8113.
8115.
8116.
8118.
8120.
8122.
8123.
8125.
8127.
8129.
8131.
8134.
8135.
8137.
8139.
8141.
8142.
8144.
8147.
8149.
8150.
8152.
8154.
8156.
8158.
8160.
8161.
8163.
8166.
8167.
8170.
8171.
8173.
8175.
8176.
8178.
8181.
8182.
8184.
8186.
8189.
8190.
8192.
8194.
8197.
8198.
8200.
8202.
8204.
8206.
8208.
8210.
8212.
8214.
8216.
8218.
8220.
8222.
8224.
8226.
8229.
8230.
8232.
8234.
8236.
8238.
8240.
8242.
8244.
8246.
8248.
8250.
8252.
8254.
8256.
8259.
8261.
8262.
8264.
8266.
8268.
8271.
8273.
8275.
8276.
8279.
8281.
8283.
8285.
8287.
8289.
8291.
8293.
8296.
8297.
8300.
8302.
8304.
8306.
8308.
8310.
8312.
8314.
8317.
8319.
8320.
8322.
8324.
8326.
8329.
8331.
8333.
8335.
8337.
8339.
8342.
8344.
8345.
8348.
8350.
8351.
8353.
8356.
8358.
8360.
8362.
8364.
8366.
8369.
8371.
8372.
8374.
8377.
8379.
8381.
8382.
8385.
8387.
8389.
8391.
8393.
8395.
8398.
8400.
8402.
8404.
8406.
8408.
8410.
8412.
8414.
8416.
8418.
8420.
8423.
8424.
8427.
8429.
8431.
8433.
8435.
8437.
8440.
8441.
8443.
8445.
8448.
8450.
8452.
8453.
8456.
8458.
8460.
8462.
8464.
8466.
8468.
8470.
8472.
8475.
8477.
8479.
8481.
8483.
8485.
8487.
8490.
8491.
8493.
8496.
8497.
8499.
8501.
8504.
8506.
8508.
8510.
8512.
8514.
8517.
8519.
8521.
8523.
8525.
8527.
8529.
8531.
8534.
8536.
8538.
8540.
8542.
8544.
8547.
8548.
8551.
8553.
8555.
8557.
8559.
8561.
8564.
8566.
8568.
8570.
8573.
8575.
8576.
8579.
8581.
8583.
8585.
8587.
8590.
8592.
8594.
8596.
8598.
8601.
8603.
8605.
8608.
8609.
8611.
8614.
8616.
8618.
8620.
8622.
8624.
8627.
8629.
8631.
8633.
8636.
8639.
8640.
8642.
8644.
8646.
8648.
8650.
8653.
8655.
8657.
8659.
8662.
8663.
8666.
8668.
8670.
8673.
8674.
8677.
8679.
8681.
8684.
8685.
8688.
8690.
8692.
8694.
8696.
8698.
8701.
8703.
8706.
8708.
8710.
8711.
8715.
8717.
8718.
8720.
8724.
8725.
8728.
8730.
8731.
8733.
8736.
8737.
8740.
8743.
8745.
8747.
8749.
8751.
8753.
8755.
8759.
8761.
8763.
8765.
8767.
8769.
8771.
8773.
8776.
8778.
8781.
8783.
8785.
8787.
8789.
8791.
8794.
8796.
8798.
8800.
8803.
8805.
8807.
8810.
8812.
8814.
8816.
8818.
8820.
8823.
8825.
8828.
8829.
8832.
8834.
8837.
8839.
8841.
8843.
8846.
8848.
8850.
8852.
8854.
8856.
8859.
8862.
8863.
8866.
8868.
8870.
8873.
8875.
8877.
8880.
8881.
8883.
8886.
8888.
8890.
8892.
8895.
8897.
8899.
8901.
8904.
8906.
8908.
8910.
8913.
8915.
8917.
8919.
8922.
8924.
8926.
8928.
8931.
8933.
8935.
8937.
8940.
8941.
8944.
8946.
8948.
8950.
8952.
8955.
8957.
8959.
8961.
8964.
8965.
8967.
8969.
8972.
8974.
8976.
8978.
8981.
8983.
8985.
8987.
8989.
8991.
8994.
8995.
8998.
9000.
9002.
9004.
9006.
9009.
9011.
9013.
9016.
9018.
9019.
9022.
9023.
9025.
9028.
9030.
9032.
9034.
9037.
9038.
9041.
9042.
9045.
9047.
9049.
9051.
9053.
9055.
9057.
9059.
9061.
9063.
9066.
9068.
9069.
9072.
9074.
9076.
9078.
9080.
9083.
9085.
9087.
9088.
9091.
9093.
9094.
9097.
9100.
9101.
9103.
9106.
9108.
9110.
9112.
9113.
9115.
9118.
9120.
9122.
9123.
9126.
9128.
9130.
9132.
9134.
9137.
9139.
9141.
9143.
9145.
9147.
9149.
9151.
9153.
9155.
9157.
9160.
9162.
9163.
9166.
9168.
9170.
9171.
9174.
9177.
9179.
9180.
9182.
9185.
9187.
9188.
9191.
9193.
9195.
9197.
9199.
9202.
9203.
9205.
9208.
9209.
9212.
9213.
9216.
9219.
9220.
9222.
9224.
9227.
9229.
9230.
9233.
9235.
9237.
9238.
9241.
9244.
9245.
9248.
9250.
9252.
9254.
9257.
9258.
9260.
9262.
9264.
9267.
9269.
9271.
9273.
9275.
9277.
9280.
9281.
9284.
9287.
9288.
9290.
9293.
9295.
9297.
9299.
9301.
9303.
9306.
9308.
9310.
9312.
9314.
9316.
9319.
9321.
9323.
9325.
9328.
9330.
9332.
9334.
9337.
9339.
9341.
9343.
9346.
9348.
9350.
9352.
9354.
9357.
9359.
9361.
9363.
9366.
9368.
9370.
9372.
9375.
9378.
9379.
9381.
9384.
9386.
9388.
9390.
9393.
9396.
9397.
9399.
9402.
9405.
9407.
9409.
9411.
9413.
9416.
9418.
9420.
9422.
9425.
9428.
9429.
9432.
9434.
9436.
9439.
9441.
9443.
9446.
9448.
9450.
9453.
9455.
9457.
9459.
9461.
9464.
9466.
9468.
9470.
9473.
9476.
9478.
9480.
9482.
9485.
9487.
9489.
9491.
9494.
9496.
9498.
9501.
9503.
9505.
9507.
9509.
9513.
9515.
9516.
9518.
9522.
9523.
9525.
9528.
9531.
9532.
9535.
9537.
9539.
9542.
9544.
9546.
9548.
9551.
9553.
9555.
9558.
9560.
9562.
9565.
9567.
9570.
9572.
9574.
9576.
9579.
9581.
9583.
9585.
9587.
9589.
9592.
9594.
9596.
9598.
9601.
9603.
9606.
9608.
9610.
9612.
9615.
9617.
9619.
9621.
9624.
9626.
9628.
9630.
9633.
9635.
9637.
9640.
9642.
9644.
9646.
9648.
9651.
9653.
9655.
9657.
9660.
9662.
9664.
9667.
9669.
9671.
9672.
9675.
9677.
9679.
9682.
9684.
9687.
9689.
9691.
9694.
9695.
9698.
9700.
9702.
9704.
9706.
9708.
9711.
9713.
9715.
9717.
9720.
9723.
9725.
9727.
9729.
9731.
9733.
9735.
9738.
9740.
9742.
9744.
9747.
9749.
9751.
9754.
9756.
9757.
9760.
9762.
9765.
9767.
9768.
9770.
9773.
9776.
9777.
9779.
9782.
9784.
9786.
9788.
9790.
9792.
9795.
9797.
9799.
9802.
9803.
9805.
9808.
9810.
9812.
9814.
9816.
9818.
9821.
9823.
9825.
9828.
9829.
9831.
9834.
9836.
9838.
9840.
9842.
9845.
9847.
9848.
9850.
9853.
9854.
9857.
9859.
9861.
9863.
9865.
9868.
9869.
9871.
9873.
9875.
9877.
9879.
9881.
9883.
9886.
9888.
9889.
9891.
9894.
9896.
9898.
9900.
9903.
9905.
9906.
9908.
9910.
9912.
9914.
9916.
9917.
9919.
9922.
9924.
9926.
9928.
9930.
9932.
9933.
9935.
9937.
9939.
9941.
9943.
9945.
9947.
9949.
9951.
9953.
9954.
9957.
9959.
9960.
9962.
9964.
9966.
9968.
9970.
9971.
9973.
9976.
9978.
9978.
9981.
9983.
9984.
9985.
9988.
9990.
9991.
9993.
9995.
9997.
9998.
10000.
10002.
10004.
10005.
10007.
10009.
10011.
10012.
10014.
10016.
10018.
10019.
10021.
10022.
10024.
10025.
10028.
10029.
10031.
10032.
10034.
10036.
10037.
10039.
10041.
10043.
10044.
10046.
10047.
10049.
10051.
10052.
10054.
10055.
10057.
10058.
10060.
10061.
10063.
10064.
10066.
10067.
10069.
10071.
10072.
10074.
10076.
10077.
10079.
10080.
10082.
10084.
10085.
10086.
10088.
10089.
10091.
10092.
10094.
10095.
10097.
10099.
10100.
10101.
10103.
10105.
10106.
10108.
10109.
10110.
10111.
10113.
10115.
10116.
10118.
10120.
10120.
10122.
10123.
10125.
10127.
10129.
10129.
10132.
10132.
10134.
10135.
10138.
10138.
10140.
10141.
10143.
10144.
10145.
10147.
10149.
10150.
10151.
10153.
10154.
10156.
10158.
10159.
10161.
10162.
10164.
10165.
10167.
10168.
10169.
10171.
10173.
10174.
10175.
10177.
10179.
10180.
10181.
10182.
10184.
10186.
10187.
10188.
10190.
10192.
10193.
10194.
10196.
10198.
10199.
10200.
10201.
10203.
10204.
10206.
10208.
10210.
10211.
10212.
10214.
10215.
10217.
10218.
10220.
10222.
10222.
10225.
10225.
10227.
10228.
10229.
10231.
10232.
10234.
10236.
10237.
10239.
10240.
10241.
10243.
10245.
10246.
10248.
10248.
10250.
10252.
10253.
10255.
10257.
10257.
10260.
10260.
10262.
10263.
10265.
10266.
10268.
10269.
10271.
10272.
10274.
10275.
10277.
10278.
10279.
10281.
10283.
10284.
10285.
10286.
10288.
10289.
10291.
10292.
10294.
10296.
10297.
10298.
10299.
10301.
10303.
10304.
10305.
10307.
10308.
10310.
10311.
10312.
10314.
10316.
10316.
10318.
10319.
10322.
10322.
10324.
10325.
10326.
10328.
10329.
10331.
10333.
10333.
10335.
10337.
10339.
10340.
10342.
10343.
10345.
10345.
10347.
10348.
10349.
10351.
10352.
10354.
10355.
10356.
10358.
10359.
10361.
10362.
10364.
10365.
10367.
10368.
10370.
10371.
10372.
10373.
10375.
10377.
10378.
10379.
10381.
10382.
10383.
10385.
10387.
10387.
10389.
10391.
10392.
10394.
10395.
10396.
10398.
10400.
10401.
10402.
10404.
10405.
10406.
10408.
10409.
10412.
10412.
10414.
10415.
10417.
10418.
10420.
10421.
10422.
10424.
10426.
10427.
10429.
10430.
10432.
10433.
10434.
10435.
10437.
10438.
10440.
10442.
10443.
10444.
10446.
10447.
10449.
10450.
10453.
10453.
10455.
10456.
10459.
10459.
10461.
10463.
10463.
10465.
10466.
10467.
10469.
10471.
10473.
10474.
10476.
10477.
10478.
10481.
10482.
10483.
10485.
10486.
10488.
10489.
10491.
10492.
10494.
10496.
10497.
10498.
10499.
10501.
10502.
10504.
10505.
10507.
10508.
10511.
10511.
10513.
10515.
10516.
10518.
10519.
10520.
10521.
10524.
10526.
10527.
10528.
10530.
10532.
10533.
10535.
10536.
10538.
10539.
10541.
10542.
10544.
10545.
10547.
10549.
10551.
10551.
10553.
10555.
10557.
10557.
10559.
10561.
10563.
10564.
10566.
10567.
10568.
10570.
10572.
10573.
10575.
10576.
10578.
10580.
10581.
10582.
10584.
10585.
10587.
10589.
10590.
10592.
10593.
10595.
10596.
10598.
10599.
10601.
10602.
10604.
10605.
10608.
10609.
10611.
10611.
10613.
10614.
10616.
10617.
10619.
10620.
10622.
10623.
10625.
10627.
10628.
10629.
10631.
10632.
10635.
10635.
10637.
10639.
10640.
10641.
10643.
10644.
10646.
10647.
10648.
10650.
10652.
10653.
10654.
10656.
10658.
10659.
10661.
10661.
10663.
10664.
10666.
10667.
10669.
10670.
10671.
10673.
10674.
10675.
10677.
10678.
10680.
10681.
10683.
10684.
10685.
10687.
10688.
10690.
10691.
10692.
10693.
10695.
10696.
10697.
10699.
10701.
10702.
10704.
10705.
10707.
10708.
10709.
10710.
10711.
10712.
10713.
10715.
10717.
10718.
10720.
10720.
10722.
10723.
10725.
10725.
10727.
10728.
10729.
10730.
10732.
10733.
10734.
10735.
10737.
10738.
10739.
10740.
10742.
10743.
10744.
10745.
10747.
10748.
10749.
10750.
10752.
10753.
10754.
10755.
10756.
10757.
10758.
10760.
10761.
10762.
10764.
10765.
10765.
10767.
10768.
10769.
10770.
10771.
10773.
10774.
10774.
10775.
10776.
10778.
10778.
10779.
10781.
10783.
10784.
10785.
10786.
10786.
10787.
10788.
10789.
10791.
10791.
10793.
10794.
10795.
10796.
10797.
10798.
10800.
10800.
10802.
10804.
10804.
10804.
10806.
10806.
10808.
10808.
10810.
10811.
10813.
10813.
10815.
10815.
10816.
10817.
10818.
10819.
10820.
10821.
10822.
10823.
10824.
10825.
10826.
10827.
10829.
10830.
10831.
10832.
10833.
10833.
10835.
10835.
10836.
10837.
10838.
10840.
10840.
10842.
10842.
10843.
10844.
10845.
10846.
10847.
10847.
10849.
10850.
10851.
10852.
10853.
10855.
10855.
10856.
10857.
10858.
10859.
10860.
10861.
10862.
10863.
10865.
10866.
10867.
10867.
10868.
10869.
10870.
10872.
10873.
10873.
10874.
10875.
10875.
10877.
10878.
10879.
10880.
10881.
10882.
10884.
10885.
10885.
10886.
10888.
10889.
10890.
10890.
10892.
10893.
10894.
10895.
10896.
10897.
10898.
10899.
10900.
10901.
10902.
10903.
10904.
10905.
10906.
10907.
10908.
10908.
10909.
10910.
10912.
10913.
10915.
10916.
10917.
10918.
10919.
10920.
10920.
10922.
10923.
10923.
10925.
10926.
10927.
10928.
10929.
10930.
10931.
10933.
10933.
10935.
10936.
10937.
10937.
10939.
10940.
10941.
10941.
10943.
10944.
10945.
10946.
10948.
10949.
10950.
10951.
10953.
10953.
10955.
10956.
10957.
10957.
10959.
10960.
10961.
10962.
10963.
10963.
10965.
10966.
10967.
10968.
10969.
10970.
10971.
10973.
10974.
10975.
10976.
10977.
10978.
10980.
10981.
10982.
10983.
10984.
10986.
10986.
10988.
10989.
10991.
10991.
10992.
10993.
10994.
10996.
10997.
10998.
10999.
11000.
11001.
11003.
11004.
11006.
11007.
11009.
11009.
11011.
11011.
11013.
11014.
11016.
11016.
11018.
11018.
11020.
11021.
11023.
11023.
11025.
11026.
11028.
11029.
11029.
11030.
11032.
11034.
11034.
11035.
11037.
11038.
11039.
11041.
11042.
11043.
11045.
11045.
11047.
11048.
11050.
11050.
11052.
11053.
11054.
11055.
11057.
11058.
11059.
11060.
11061.
11062.
11063.
11065.
11066.
11068.
11069.
11071.
11071.
11072.
11074.
11076.
11077.
11078.
11079.
11080.
11081.
11084.
11084.
11086.
11087.
11088.
11089.
11091.
11092.
11093.
11094.
11097.
11097.
11098.
11100.
11101.
11102.
11103.
11105.
11107.
11107.
11109.
11110.
11112.
11113.
11114.
11116.
11117.
11119.
11120.
11121.
11123.
11124.
11126.
11127.
11128.
11130.
11131.
11132.
11134.
11135.
11136.
11138.
11139.
11140.
11142.
11142.
11144.
11146.
11147.
11148.
11150.
11152.
11153.
11154.
11156.
11157.
11159.
11160.
11162.
11163.
11165.
11167.
11167.
11169.
11170.
11171.
11173.
11175.
11176.
11177.
11179.
11181.
11182.
11183.
11185.
11187.
11188.
11190.
11191.
11193.
11194.
11196.
11197.
11199.
11200.
11202.
11203.
11205.
11206.
11209.
11209.
11211.
11213.
11215.
11215.
11217.
11219.
11220.
11221.
11223.
11224.
11226.
11228.
11230.
11230.
11232.
11233.
11235.
11237.
11239.
11240.
11241.
11243.
11244.
11246.
11247.
11248.
11251.
11253.
11255.
11255.
11256.
11257.
11259.
11261.
11262.
11263.
11265.
11267.
11268.
11270.
11271.
11273.
11274.
11276.
11277.
11279.
11280.
11281.
11283.
11285.
11285.
11287.
11289.
11290.
11291.
11293.
11294.
11296.
11296.
11298.
11300.
11301.
11302.
11304.
11305.
11307.
11308.
11310.
11310.
11312.
11313.
11315.
11315.
11317.
11318.
11320.
11321.
11322.
11324.
11325.
11326.
11328.
11329.
11331.
11331.
11333.
11334.
11335.
11336.
11338.
11338.
11340.
11341.
11343.
11344.
11346.
11346.
11347.
11348.
11349.
11351.
11352.
11353.
11354.
11355.
11356.
11358.
11359.
11360.
11361.
11363.
11363.
11364.
11365.
11367.
11368.
11369.
11370.
11371.
11372.
11374.
11374.
11376.
11376.
11378.
11379.
11380.
11381.
11382.
11382.
11384.
11384.
11386.
11386.
11387.
11388.
11389.
11390.
11392.
11392.
11394.
11395.
11395.
11396.
11398.
11398.
11399.
11400.
11401.
11402.
11403.
11404.
11406.
11406.
11406.
11408.
11408.
11410.
11410.
11411.
11412.
11413.
11414.
11415.
11415.
11417.
11417.
11419.
11419.
11420.
11421.
11422.
11422.
11423.
11425.
11426.
11426.
11427.
11428.
11429.
11430.
11431.
11431.
11432.
11433.
11435.
11436.
11436.
11437.
11439.
11439.
11440.
11442.
11442.
11442.
11444.
11444.
11446.
11446.
11447.
11448.
11449.
11450.
11451.
11452.
11453.
11454.
11455.
11456.
11456.
11457.
11458.
11459.
11460.
11461.
11462.
11462.
11464.
11464.
11466.
11466.
11468.
11468.
11469.
11470.
11471.
11472.
11474.
11474.
11475.
11476.
11476.
11477.
11478.
11479.
11480.
11481.
11482.
11483.
11484.
11485.
11486.
11487.
11487.
11489.
11489.
11490.
11490.
11492.
11492.
11494.
11495.
11496.
11496.
11498.
11498.
11499.
11499.
11501.
11501.
11502.
11503.
11504.
11505.
11506.
11507.
11508.
11508.
11509.
11510.
11511.
11512.
11513.
11514.
11514.
11514.
11516.
11517.
11518.
11518.
11520.
11520.
11521.
11521.
11523.
11524.
11525.
11525.
11526.
11527.
11527.
11528.
11529.
11529.
11530.
11531.
11533.
11533.
11534.
11534.
11535.
11536.
11537.
11537.
11538.
11539.
11540.
11540.
11541.
11542.
11542.
11544.
11544.
11545.
11545.
11546.
11546.
11548.
11548.
11549.
11549.
11550.
11550.
11552.
11552.
11553.
11553.
11555.
11555.
11555.
11555.
11557.
11557.
11559.
11559.
11560.
11560.
11561.
11562.
11562.
11563.
11563.
11564.
11565.
11566.
11566.
11566.
11567.
11567.
11568.
11569.
11570.
11570.
11570.
11570.
11572.
11572.
11573.
11573.
11574.
11574.
11574.
11574.
11575.
11575.
11576.
11577.
11577.
11577.
11578.
11578.
11579.
11579.
11578.
11579.
11580.
11580.
11580.
11580.
11581.
11581.
11581.
11581.
11582.
11582.
11582.
11582.
11582.
11582.
11582.
11582.
11582.
11582.
11582.
11583.
11583.
11583.
11583.
11582.
11582.
11583.
11583.
11582.
11582.
11583.
11583.
11582.
11582.
11583.
11582.
11583.
11583.
11583.
11583.
11582.
11582.
11582.
11583.
11582.
11582.
11583.
11583.
11582.
11582.
11582.
11583.
11583.
11583.
11582.
11582.
11583.
11583.
11583.
11583.
11582.
11582.
11583.
11583.
11583.
11582.
11582.
11583.
11582.
11583.
11582.
11582.
11582.
11582.
11582.
11583.
11583.
11582.
11583.
11582.
11583.
11582.
11582.
11583.
11583.
11582.
11582.
11582.
11582.
11582.
11582.
11582.
11581.
11582.
11582.
11581.
11581.
11581.
11582.
11580.
11581.
11581.
11580.
11581.
11580.
11580.
11580.
11580.
11579.
11579.
11579.
11579.
11578.
11577.
11578.
11578.
11577.
11576.
11576.
11576.
11575.
11575.
11574.
11574.
11573.
11573.
11572.
11573.
11572.
11572.
11570.
11569.
11569.
11569.
11568.
11567.
11566.
11566.
11565.
11565.
11564.
11563.
11562.
11561.
11560.
11560.
11558.
11558.
11556.
11555.
11554.
11554.
11551.
11552.
11550.
11549.
11547.
11546.
11546.
11545.
11543.
11542.
11540.
11540.
11538.
11537.
11536.
11534.
11532.
11531.
11530.
11528.
11526.
11525.
11524.
11523.
11520.
11519.
11517.
11516.
11514.
11512.
11511.
11509.
11508.
11506.
11504.
11502.
11501.
11498.
11497.
11495.
11494.
11492.
11490.
11489.
11487.
11485.
11484.
11481.
11480.
11478.
11477.
11475.
11473.
11470.
11469.
11467.
11466.
11464.
11462.
11459.
11459.
11456.
11455.
11453.
11451.
11449.
11447.
11446.
11444.
11443.
11440.
11438.
11437.
11435.
11433.
11432.
11431.
11429.
11426.
11425.
11424.
11421.
11420.
11418.
11416.
11415.
11412.
11412.
11409.
11407.
11406.
11404.
11402.
11401.
11399.
11398.
11397.
11394.
11392.
11391.
11389.
11388.
11386.
11385.
11383.
11382.
11380.
11378.
11377.
11375.
11373.
11372.
11370.
11369.
11367.
11366.
11365.
11362.
11361.
11360.
11358.
11358.
11356.
11355.
11353.
11352.
11351.
11349.
11348.
11346.
11345.
11345.
11343.
11342.
11340.
11340.
11338.
11336.
11335.
11334.
11332.
11332.
11331.
11329.
11328.
11327.
11326.
11324.
11323.
11322.
11321.
11320.
11319.
11318.
11316.
11315.
11315.
11313.
11312.
11311.
11311.
11309.
11309.
11307.
11306.
11304.
11304.
11303.
11303.
11301.
11301.
11299.
11298.
11297.
11297.
11295.
11295.
11294.
11294.
11291.
11290.
11290.
11290.
11288.
11287.
11286.
11285.
11285.
11284.
11284.
11283.
11281.
11281.
11280.
11279.
11278.
11278.
11276.
11276.
11275.
11274.
11273.
11273.
11271.
11271.
11270.
11270.
11270.
11268.
11267.
11266.
11266.
11266.
11264.
11263.
11262.
11261.
11261.
11261.
11260.
11259.
11258.
11257.
11256.
11256.
11256.
11255.
11255.
11253.
11253.
11252.
11251.
11250.
11250.
11249.
11249.
11247.
11248.
11246.
11246.
11244.
11245.
11243.
11244.
11241.
11241.
11241.
11241.
11239.
11239.
11238.
11237.
11237.
11237.
11235.
11235.
11234.
11234.
11232.
11232.
11232.
11232.
11231.
11229.
11228.
11228.
11227.
11227.
11226.
11225.
11225.
11225.
11223.
11223.
11222.
11221.
11221.
11220.
11219.
11218.
11217.
11217.
11216.
11215.
11215.
11214.
11213.
11213.
11212.
11211.
11211.
11210.
11210.
11209.
11208.
11206.
11206.
11205.
11204.
11204.
11203.
11202.
11201.
11201.
11200.
11199.
11199.
11197.
11198.
11196.
11196.
11196.
11194.
11194.
11193.
11192.
11192.
11190.
11190.
11189.
11189.
11187.
11187.
11186.
11185.
11184.
11184.
11183.
11181.
11180.
11180.
11179.
11179.
11178.
11177.
11175.
11175.
11174.
11173.
11173.
11171.
11170.
11169.
11169.
11167.
11167.
11166.
11165.
11164.
11164.
11163.
11162.
11161.
11161.
11159.
11158.
11157.
11156.
11156.
11155.
11153.
11153.
11153.
11151.
11150.
11150.
11148.
11148.
11147.
11147.
11146.
11144.
11143.
11142.
11141.
11142.
11140.
11138.
11137.
11136.
11135.
11134.
11134.
11133.
11131.
11131.
11129.
11129.
11127.
11127.
11125.
11124.
11123.
11123.
11122.
11121.
11120.
11119.
11118.
11116.
11116.
11114.
11113.
11112.
11111.
11110.
11109.
11108.
11108.
11106.
11105.
11104.
11103.
11101.
11101.
11099.
11099.
11097.
11097.
11096.
11095.
11093.
11092.
11090.
11089.
11088.
11088.
11087.
11085.
11083.
11082.
11081.
11081.
11079.
11078.
11076.
11076.
11074.
11073.
11072.
11071.
11070.
11069.
11068.
11066.
11064.
11063.
11062.
11062.
11060.
11059.
11057.
11056.
11055.
11054.
11052.
11051.
11050.
11049.
11048.
11046.
11045.
11044.
11042.
11042.
11040.
11038.
11037.
11035.
11035.
11034.
11032.
11031.
11029.
11028.
11027.
11025.
11025.
11023.
11022.
11020.
11019.
11018.
11016.
11014.
11014.
11012.
11011.
11009.
11008.
11006.
11006.
11004.
11002.
11001.
11000.
10998.
10997.
10995.
10995.
10993.
10992.
10990.
10989.
10987.
10987.
10985.
10983.
10981.
10981.
10979.
10978.
10976.
10974.
10973.
10972.
10970.
10969.
10967.
10966.
10964.
10963.
10962.
10961.
10959.
10958.
10956.
10955.
10953.
10952.
10951.
10949.
10947.
10946.
10945.
10944.
10941.
10940.
10939.
10937.
10936.
10934.
10933.
10932.
10930.
10928.
10928.
10926.
10924.
10922.
10922.
10920.
10919.
10917.
10916.
10914.
10912.
10910.
10909.
10908.
10907.
10905.
10903.
10902.
10900.
10899.
10897.
10896.
10895.
10893.
10891.
10890.
10888.
10886.
10886.
10884.
10882.
10880.
10879.
10877.
10875.
10874.
10873.
10872.
10869.
10868.
10867.
10865.
10863.
10862.
10860.
10859.
10857.
10856.
10854.
10853.
10851.
10849.
10848.
10846.
10844.
10843.
10841.
10840.
10838.
10837.
10835.
10833.
10831.
10830.
10828.
10826.
10824.
10823.
10822.
10820.
10817.
10817.
10815.
10813.
10811.
10811.
10809.
10806.
10805.
10803.
10801.
10800.
10798.
10797.
10795.
10793.
10791.
10789.
10787.
10786.
10785.
10782.
10781.
10779.
10777.
10776.
10773.
10773.
10770.
10768.
10766.
10765.
10762.
10760.
10759.
10758.
10755.
10754.
10752.
10751.
10748.
10746.
10744.
10742.
10741.
10740.
10737.
10735.
10734.
10732.
10730.
10728.
10726.
10724.
10723.
10721.
10719.
10717.
10715.
10713.
10711.
10709.
10708.
10705.
10703.
10702.
10699.
10698.
10696.
10694.
10692.
10690.
10688.
10687.
10684.
10682.
10681.
10679.
10676.
10675.
10674.
10671.
10669.
10668.
10665.
10664.
10662.
10660.
10657.
10656.
10654.
10653.
10650.
10649.
10647.
10645.
10643.
10641.
10638.
10637.
10636.
10633.
10631.
10630.
10628.
10626.
10624.
10622.
10620.
10618.
10617.
10614.
10612.
10611.
10609.
10607.
10605.
10603.
10601.
10600.
10597.
10596.
10594.
10592.
10590.
10587.
10586.
10583.
10581.
10580.
10579.
10576.
10574.
10572.
10570.
10569.
10567.
10564.
10562.
10562.
10559.
10557.
10555.
10554.
10552.
10550.
10548.
10547.
10544.
10543.
10541.
10540.
10537.
10535.
10534.
10531.
10529.
10528.
10526.
10524.
10522.
10521.
10519.
10517.
10515.
10512.
10512.
10510.
10508.
10505.
10505.
10503.
10500.
10498.
10497.
10495.
10494.
10492.
10490.
10488.
10486.
10485.
10483.
10480.
10480.
10478.
10475.
10474.
10473.
10470.
10468.
10466.
10466.
10463.
10462.
10460.
10458.
10456.
10455.
10453.
10451.
10449.
10448.
10446.
10444.
10442.
10441.
10439.
10438.
10435.
10433.
10432.
10431.
10429.
10428.
10426.
10424.
10422.
10421.
10419.
10418.
10416.
10414.
10413.
10411.
10409.
10407.
10406.
10405.
10403.
10401.
10400.
10397.
10396.
10394.
10394.
10392.
10391.
10389.
10387.
10386.
10384.
10381.
10381.
10379.
10378.
10376.
10374.
10373.
10372.
10370.
10368.
10366.
10366.
10364.
10362.
10360.
10359.
10357.
10356.
10354.
10353.
10351.
10350.
10348.
10347.
10345.
10345.
10343.
10340.
10340.
10338.
10337.
10335.
10334.
10332.
10331.
10330.
10328.
10326.
10325.
10323.
10322.
10321.
10319.
10316.
10316.
10315.
10313.
10312.
10310.
10309.
10307.
10306.
10305.
10303.
10301.
10299.
10299.
10297.
10296.
10294.
10293.
10292.
10289.
10288.
10287.
10286.
10284.
10283.
10282.
10280.
10278.
10277.
10276.
10274.
10273.
10271.
10270.
10268.
10267.
10265.
10264.
10263.
10261.
10260.
10258.
10257.
10256.
10255.
10253.
10252.
10250.
10248.
10247.
10246.
10244.
10243.
10242.
10241.
10238.
10238.
10237.
10235.
10233.
10232.
10230.
10229.
10228.
10227.
10225.
10225.
10223.
10221.
10219.
10219.
10217.
10216.
10214.
10213.
10212.
10210.
10209.
10208.
10206.
10205.
10204.
10202.
10201.
10199.
10198.
10197.
10195.
10194.
10193.
10191.
10190.
10189.
10187.
10187.
10185.
10183.
10182.
10180.
10179.
10178.
10176.
10175.
10174.
10172.
10171.
10169.
10169.
10169.
10166.
10165.
10164.
10162.
10161.
10159.
10159.
10157.
10157.
10155.
10154.
10153.
10151.
10150.
10149.
10147.
10146.
10145.
10144.
10143.
10141.
10140.
10139.
10138.
10136.
10134.
10134.
10132.
10131.
10129.
10129.
10128.
10126.
10124.
10124.
10123.
10121.
10120.
10119.
10118.
10116.
10115.
10114.
10112.
10111.
10110.
10109.
10107.
10108.
10106.
10104.
10102.
10102.
10101.
10100.
10098.
10097.
10095.
10094.
10093.
10092.
10091.
10090.
10088.
10087.
10086.
10084.
10083.
10081.
10081.
10080.
10079.
10077.
10076.
10074.
10074.
10072.
10071.
10070.
10069.
10068.
10066.
10064.
10063.
10062.
10061.
10060.
10059.
10056.
10056.
10054.
10054.
10053.
10051.
10049.
10049.
10047.
10046.
10044.
10043.
10042.
10042.
10040.
10038.
10036.
10036.
10035.
10034.
10033.
10030.
10030.
10029.
10027.
10025.
10024.
10023.
10022.
10021.
10020.
10018.
10017.
10016.
10015.
10013.
10012.
10011.
10010.
10008.
10007.
10005.
10004.
10002.
10002.
10001.
9999.
9998.
9997.
9996.
9994.
9993.
9992.
9990.
9989.
9989.
9986.
9985.
9984.
9983.
9981.
9979.
9980.
9978.
9976.
9975.
9974.
9972.
9971.
9969.
9969.
9967.
9965.
9964.
9964.
9962.
9960.
9958.
9957.
9956.
9955.
9954.
9953.
9952.
9950.
9949.
9948.
9946.
9945.
9943.
9942.
9940.
9939.
9938.
9937.
9936.
9934.
9933.
9932.
9931.
9930.
9928.
9926.
9926.
9925.
9922.
9920.
9920.
9919.
9917.
9915.
9915.
9913.
9912.
9911.
9909.
9908.
9907.
9905.
9904.
9903.
9901.
9900.
9899.
9897.
9896.
9894.
9893.
9892.
9890.
9889.
9888.
9886.
9885.
9884.
9882.
9880.
9880.
9878.
9876.
9875.
9874.
9872.
9872.
9870.
9868.
9867.
9866.
9865.
9864.
9862.
9861.
9859.
9858.
9856.
9855.
9854.
9852.
9850.
9849.
9848.
9846.
9844.
9843.
9842.
9840.
9839.
9838.
9837.
9836.
9834.
9833.
9831.
9829.
9829.
9827.
9825.
9823.
9823.
9821.
9820.
9819.
9817.
9815.
9815.
9814.
9811.
9810.
9809.
9807.
9807.
9805.
9803.
9802.
9801.
9799.
9798.
9796.
9794.
9793.
9793.
9791.
9790.
9788.
9786.
9785.
9783.
9782.
9781.
9780.
9779.
9777.
9775.
9774.
9774.
9771.
9769.
9769.
9768.
9766.
9764.
9763.
9762.
9760.
9758.
9757.
9755.
9755.
9753.
9752.
9750.
9749.
9747.
9747.
9745.
9744.
9741.
9741.
9739.
9738.
9736.
9735.
9733.
9732.
9730.
9731.
9729.
9727.
9726.
9724.
9722.
9722.
9720.
9718.
9716.
9717.
9715.
9713.
9711.
9710.
9708.
9707.
9706.
9705.
9703.
9703.
9701.
9700.
9698.
9697.
9696.
9694.
9693.
9691.
9690.
9689.
9687.
9686.
9684.
9683.
9681.
9681.
9679.
9677.
9676.
9675.
9673.
9672.
9671.
9669.
9668.
9667.
9666.
9665.
9663.
9661.
9660.
9659.
9657.
9656.
9655.
9653.
9652.
9650.
9650.
9648.
9646.
9644.
9644.
9643.
9641.
9640.
9638.
9637.
9637.
9635.
9634.
9632.
9631.
9629.
9629.
9627.
9625.
9623.
9623.
9622.
9619.
9618.
9618.
9616.
9614.
9613.
9612.
9611.
9609.
9608.
9607.
9606.
9604.
9603.
9602.
9600.
9598.
9597.
9596.
9596.
9594.
9593.
9591.
9590.
9589.
9587.
9585.
9585.
9583.
9582.
9580.
9580.
9579.
9577.
9575.
9575.
9573.
9572.
9570.
9569.
9568.
9567.
9565.
9564.
9563.
9561.
9560.
9559.
9557.
9557.
9556.
9554.
9553.
9552.
9550.
9549.
9547.
9547.
9545.
9544.
9542.
9541.
9540.
9540.
9538.
9536.
9535.
9534.
9532.
9531.
9530.
9530.
9528.
9526.
9525.
9523.
9523.
9522.
9521.
9519.
9518.
9517.
9516.
9515.
9513.
9511.
9511.
9509.
9508.
9507.
9506.
9504.
9503.
9501.
9501.
9499.
9498.
9496.
9496.
9494.
9493.
9492.
9491.
9489.
9489.
9487.
9486.
9485.
9484.
9483.
9481.
9480.
9479.
9478.
9477.
9475.
9474.
9472.
9471.
9471.
9470.
9468.
9466.
9465.
9465.
9463.
9463.
9462.
9460.
9459.
9458.
9457.
9455.
9454.
9453.
9452.
9451.
9450.
9448.
9447.
9445.
9445.
9443.
9442.
9441.
9440.
9438.
9438.
9436.
9436.
9434.
9433.
9431.
9432.
9430.
9429.
9428.
9427.
9425.
9424.
9422.
9422.
9420.
9419.
9418.
9418.
9415.
9415.
9414.
9414.
9412.
9411.
9410.
9409.
9407.
9407.
9405.
9404.
9403.
9403.
9401.
9400.
9398.
9397.
9396.
9395.
9393.
9393.
9392.
9391.
9390.
9389.
9387.
9387.
9386.
9384.
9383.
9382.
9381.
9380.
9379.
9377.
9377.
9375.
9374.
9373.
9372.
9371.
9370.
9368.
9368.
9366.
9366.
9364.
9363.
9362.
9362.
9360.
9359.
9357.
9357.
9356.
9355.
9352.
9352.
9350.
9350.
9349.
9348.
9346.
9346.
9345.
9343.
9341.
9341.
9340.
9340.
9338.
9336.
9334.
9334.
9333.
9332.
9331.
9330.
9329.
9327.
9326.
9326.
9324.
9323.
9322.
9321.
9320.
9318.
9317.
9316.
9315.
9314.
9313.
9311.
9310.
9309.
9308.
9306.
9305.
9303.
9302.
9300.
9300.
9299.
9298.
9295.
9295.
9293.
9293.
9291.
9290.
9289.
9287.
9286.
9286.
9284.
9282.
9282.
9281.
9279.
9278.
9275.
9275.
9274.
9272.
9270.
9270.
9267.
9266.
9265.
9265.
9263.
9261.
9261.
9259.
9257.
9256.
9255.
9254.
9253.
9251.
9249.
9249.
9247.
9246.
9244.
9244.
9242.
9240.
9239.
9238.
9236.
9234.
9232.
9232.
9231.
9229.
9228.
9227.
9226.
9224.
9222.
9221.
9220.
9218.
9216.
9214.
9214.
9211.
9210.
9209.
9209.
9207.
9205.
9204.
9202.
9201.
9200.
9198.
9197.
9195.
9193.
9192.
9191.
9189.
9187.
9186.
9185.
9183.
9181.
9179.
9179.
9177.
9175.
9173.
9172.
9171.
9170.
9168.
9166.
9164.
9164.
9162.
9160.
9159.
9157.
9155.
9153.
9152.
9151.
9149.
9147.
9146.
9144.
9143.
9141.
9140.
9139.
9137.
9135.
9134.
9132.
9130.
9128.
9127.
9126.
9124.
9123.
9121.
9119.
9117.
9115.
9114.
9113.
9111.
9110.
9108.
9106.
9104.
9103.
9101.
9099.
9099.
9097.
9094.
9092.
9092.
9090.
9088.
9087.
9085.
9083.
9082.
9080.
9079.
9077.
9075.
9074.
9071.
9070.
9069.
9067.
9066.
9064.
9062.
9060.
9059.
9058.
9055.
9054.
9053.
9051.
9050.
9048.
9046.
9044.
9043.
9041.
9039.
9038.
9036.
9035.
9033.
9031.
9029.
9028.
9026.
9025.
9024.
9023.
9021.
9019.
9016.
9016.
9014.
9013.
9011.
9009.
9007.
9007.
9005.
9002.
9000.
8999.
8997.
8997.
8995.
8993.
8991.
8990.
8988.
8987.
8986.
8984.
8982.
8981.
8979.
8976.
8975.
8975.
8973.
8972.
8970.
8968.
8966.
8965.
8963.
8962.
8960.
8958.
8956.
8955.
8953.
8952.
8950.
8948.
8947.
8946.
8943.
8942.
8941.
8939.
8937.
8936.
8934.
8933.
8931.
8930.
8928.
8926.
8924.
8923.
8921.
8918.
8918.
8916.
8914.
8912.
8911.
8909.
8908.
8906.
8904.
8902.
8902.
8899.
8898.
8896.
8895.
8893.
8891.
8890.
8888.
8886.
8885.
8883.
8881.
8879.
8878.
8876.
8876.
8873.
8871.
8869.
8868.
8866.
8864.
8863.
8861.
8859.
8857.
8856.
8855.
8853.
8851.
8849.
8848.
8846.
8844.
8842.
8841.
8839.
8837.
8836.
8833.
8832.
8829.
8828.
8826.
8825.
8823.
8821.
8819.
8818.
8816.
8814.
8813.
8811.
8809.
8807.
8806.
8803.
8801.
8800.
8798.
8796.
8795.
8793.
8792.
8789.
8788.
8786.
8784.
8783.
8781.
8779.
8777.
8775.
8773.
8772.
8770.
8768.
8766.
8765.
8763.
8761.
8760.
8758.
8756.
8754.
8753.
8751.
8749.
8747.
8746.
8744.
8742.
8740.
8739.
8737.
8735.
8734.
8732.
8729.
8728.
8725.
8725.
8722.
8721.
8719.
8718.
8715.
8714.
8712.
8710.
8709.
8706.
8705.
8703.
8702.
8700.
8697.
8696.
8693.
8693.
8691.
8689.
8686.
8686.
8683.
8681.
8680.
8678.
8675.
8674.
8673.
8671.
8669.
8667.
8665.
8665.
8662.
8660.
8658.
8657.
8654.
8653.
8651.
8650.
8647.
8646.
8644.
8643.
8640.
8639.
8636.
8634.
8633.
8631.
8629.
8627.
8626.
8624.
8622.
8619.
8619.
8617.
8615.
8614.
8611.
8609.
8607.
8605.
8604.
8602.
8600.
8598.
8597.
8595.
8593.
8591.
8590.
8587.
8587.
8585.
8583.
8581.
8579.
8578.
8575.
8573.
8572.
8570.
8568.
8567.
8566.
8564.
8561.
8559.
8558.
8556.
8554.
8553.
8551.
8550.
8548.
8545.
8545.
8543.
8542.
8539.
8538.
8536.
8535.
8532.
8531.
8529.
8527.
8526.
8525.
8523.
8522.
8519.
8517.
8516.
8514.
8512.
8511.
8510.
8507.
8506.
8504.
8503.
8501.
8500.
8498.
8496.
8495.
8493.
8491.
8490.
8488.
8487.
8485.
8483.
8482.
8480.
8478.
8477.
8475.
8473.
8472.
8470.
8468.
8467.
8466.
8464.
8462.
8460.
8459.
8458.
8456.
8454.
8453.
8452.
8449.
8447.
8446.
8445.
8443.
8441.
8439.
8438.
8437.
8436.
8435.
8432.
8431.
8429.
8428.
8426.
8425.
8423.
8421.
8419.
8418.
8417.
8415.
8414.
8412.
8410.
8410.
8408.
8406.
8405.
8404.
8401.
8400.
8398.
8397.
8396.
8394.
8391.
8391.
8389.
8388.
8386.
8385.
8383.
8382.
8380.
8379.
8377.
8376.
8375.
8373.
8371.
8370.
8368.
8366.
8364.
8363.
8361.
8360.
8358.
8357.
8355.
8354.
8353.
8350.
8349.
8349.
8346.
8344.
8343.
8341.
8340.
8338.
8337.
8336.
8334.
8332.
8330.
8329.
8328.
8325.
8324.
8322.
8321.
8320.
8318.
8316.
8315.
8314.
8311.
8310.
8308.
8307.
8305.
8303.
8302.
8300.
8299.
8296.
8296.
8294.
8292.
8291.
8289.
8287.
8286.
8284.
8283.
8281.
8280.
8278.
8276.
8274.
8274.
8271.
8269.
8267.
8267.
8265.
8263.
8261.
8260.
8259.
8257.
8255.
8254.
8252.
8251.
8249.
8248.
8246.
8244.
8242.
8241.
8240.
8239.
8237.
8234.
8233.
8231.
8230.
8228.
8227.
8226.
8224.
8221.
8221.
8219.
8217.
8216.
8214.
8213.
8211.
8209.
8208.
8206.
8205.
8203.
8201.
8199.
8198.
8196.
8195.
8193.
8192.
8190.
8188.
8187.
8185.
8183.
8182.
8180.
8178.
8177.
8175.
8174.
8172.
8170.
8169.
8167.
8166.
8164.
8162.
8161.
8160.
8158.
8156.
8154.
8153.
8151.
8149.
8148.
8147.
8145.
8144.
8142.
8140.
8139.
8136.
8135.
8133.
8132.
8131.
8129.
8127.
8126.
8124.
8123.
8121.
8119.
8117.
8116.
8114.
8114.
8112.
8110.
8109.
8107.
8106.
8104.
8102.
8101.
8099.
8098.
8096.
8095.
8093.
8092.
8089.
8089.
8087.
8086.
8084.
8083.
8081.
8080.
8078.
8077.
8075.
8074.
8073.
8071.
8069.
8069.
8066.
8065.
8064.
8062.
8060.
8059.
8058.
8057.
8055.
8054.
8052.
8051.
8049.
8047.
8046.
8044.
8043.
8042.
8041.
8039.
8038.
8036.
8035.
8033.
8032.
8030.
8029.
8028.
8027.
8025.
8024.
8022.
8021.
8019.
8018.
8016.
8015.
8013.
8012.
8011.
8009.
8007.
8007.
8005.
8003.
8002.
8000.
7998.
7997.
7996.
7995.
7993.
7992.
7991.
7989.
7988.
7987.
7985.
7984.
7982.
7980.
7979.
7979.
7976.
7974.
7973.
7971.
7970.
7969.
7968.
7966.
7965.
7964.
7962.
7960.
7959.
7957.
7956.
7954.
7953.
7952.
7950.
7948.
7947.
7945.
7944.
7942.
7942.
7940.
7938.
7937.
7935.
7933.
7933.
7931.
7929.
7927.
7926.
7924.
7923.
7921.
7920.
7919.
7918.
7916.
7914.
7913.
7912.
7910.
7909.
7907.
7906.
7904.
7902.
7901.
7900.
7897.
7897.
7895.
7894.
7892.
7892.
7889.
7887.
7885.
7884.
7883.
7882.
7880.
7879.
7877.
7875.
7874.
7873.
7871.
7869.
7868.