10598.
10598.
10598.
10598.
10598.
10598.
10599.
10598.
10598.
10598.
10599.
10598.
10598.
10598.
10598.
10598.
10599.
10598.
10598.
10598.
10598.
10598.
10599.
10597.
10597.
10598.
10598.
10598.
10598.
10598.
10598.
10598.
10597.
10598.
10598.
10597.
10598.
10598.
10599.
10597.
10598.
10598.
10598.
10598.
10598.
10598.
10598.
10598.
10598.
10598.
10598.
10598.
10598.
10599.
10598.
10598.
10598.
10598.
10598.
10598.
10598.
10598.
10598.
10598.
10598.
10597.
10598.
10598.
10598.
10598.
10598.
10598.
10598.
10598.
10598.
10598.
10598.
10598.
10598.
10598.
10598.
10599.
10598.
10597.
10598.
10598.
10598.
10598.
10598.
10598.
10598.
10598.
10598.
10598.
10598.
10598.
10598.
10598.
10598.
10598.
10598.
10598.
10598.
10598.
10598.
10598.
10598.
10598.
10598.
10598.
10597.
10598.
10598.
10598.
10597.
10598.
10598.
10598.
10598.
10598.
10599.
10598.
10598.
10598.
10598.
10598.
10598.
10598.
10598.
10598.
10598.
10598.
10598.
10598.
10598.
10598.
10598.
10598.
10598.
10598.
10597.
10598.
10597.
10598.
10598.
10598.
10598.
10598.
10598.
10598.
10598.
10598.
10598.
10598.
10598.
10598.
10598.
10598.
10598.
10598.
10598.
10598.
10598.
10598.
10598.
10598.
10598.
10598.
10598.
10598.
10598.
10597.
10598.
10598.
10598.
10598.
10598.
10598.
10598.
10598.
10598.
10598.
10598.
10598.
10598.
10598.
10598.
10598.
10598.
10597.
10598.
10598.
10598.
10598.
10598.
10598.
10598.
10597.
10598.
10598.
10598.
10598.
10598.
10598.
10598.
10597.
10598.
10598.
10598.
10598.
10598.
10597.
10598.
10598.
10598.
10598.
10598.
10599.
10598.
10598.
10598.
10598.
10598.
10598.
10598.
10598.
10598.
10598.
10598.
10599.
10598.
10597.
10599.
10598.
10598.
10598.
10598.
10598.
10598.
10598.
10598.
10598.
10598.
10598.
10598.
10598.
10598.
10598.
10598.
10598.
10598.
10598.
10598.
10598.
10598.
10598.
10598.
10598.
10597.
10598.
10597.
10597.
10598.
10598.
10597.
10597.
10597.
10598.
10597.
10597.
10597.
10597.
10598.
10597.
10598.
10597.
10597.
10597.
10597.
10597.
10598.
10597.
10597.
10596.
10596.
10596.
10596.
10596.
10596.
10596.
10596.
10595.
10595.
10595.
10595.
10594.
10595.
10594.
10595.
10594.
10594.
10593.
10593.
10593.
10593.
10592.
10592.
10592.
10592.
10591.
10591.
10590.
10590.
10591.
10590.
10588.
10589.
10588.
10588.
10588.
10587.
10588.
10587.
10586.
10586.
10585.
10585.
10584.
10584.
10584.
10583.
10582.
10582.
10582.
10581.
10580.
10580.
10580.
10579.
10578.
10578.
10578.
10577.
10576.
10576.
10575.
10574.
10574.
10573.
10572.
10571.
10571.
10569.
10569.
10568.
10568.
10566.
10565.
10565.
10564.
10563.
10562.
10561.
10561.
10558.
10558.
10557.
10556.
10554.
10554.
10553.
10551.
10550.
10550.
10548.
10547.
10546.
10545.
10544.
10542.
10541.
10540.
10538.
10536.
10535.
10533.
10532.
10531.
10529.
10528.
10526.
10523.
10522.
10522.
10519.
10518.
10516.
10514.
10512.
10510.
10508.
10506.
10505.
10503.
10501.
10499.
10497.
10494.
10493.
10491.
10489.
10487.
10484.
10481.
10479.
10477.
10474.
10472.
10471.
10468.
10465.
10463.
10460.
10458.
10455.
10453.
10450.
10447.
10445.
10442.
10439.
10437.
10433.
10431.
10429.
10426.
10423.
10420.
10417.
10414.
10412.
10408.
10405.
10402.
10399.
10396.
10393.
10389.
10386.
10383.
10380.
10376.
10374.
10371.
10367.
10363.
10360.
10356.
10354.
10350.
10346.
10343.
10340.
10336.
10332.
10329.
10325.
10321.
10318.
10314.
10311.
10307.
10302.
10298.
10295.
10291.
10286.
10283.
10279.
10275.
10271.
10267.
10262.
10258.
10255.
10250.
10245.
10241.
10237.
10232.
10228.
10224.
10219.
10215.
10210.
10206.
10201.
10196.
10192.
10187.
10182.
10177.
10172.
10167.
10163.
10158.
10153.
10148.
10143.
10138.
10133.
10128.
10123.
10118.
10113.
10107.
10103.
10097.
10092.
10086.
10081.
10075.
10071.
10065.
10059.
10053.
10048.
10042.
10037.
10031.
10025.
10020.
10013.
10007.
10002.
9996.
9991.
9984.
9978.
9972.
9966.
9960.
9954.
9948.
9942.
9936.
9930.
9924.
9917.
9911.
9905.
9898.
9892.
9885.
9880.
9873.
9867.
9860.
9854.
9847.
9841.
9834.
9827.
9820.
9814.
9807.
9801.
9793.
9788.
9780.
9773.
9766.
9760.
9753.
9747.
9740.
9733.
9725.
9719.
9711.
9705.
9698.
9691.
9683.
9676.
9670.
9663.
9655.
9648.
9641.
9633.
9626.
9619.
9611.
9605.
9598.
9590.
9582.
9576.
9568.
9561.
9553.
9547.
9539.
9530.
9523.
9517.
9509.
9502.
9494.
9487.
9479.
9471.
9464.
9456.
9449.
9442.
9435.
9426.
9419.
9411.
9404.
9396.
9389.
9381.
9374.
9366.
9359.
9351.
9344.
9337.
9329.
9321.
9315.
9307.
9300.
9291.
9284.
9276.
9269.
9261.
9255.
9247.
9239.
9232.
9225.
9217.
9210.
9203.
9195.
9187.
9180.
9173.
9165.
9158.
9151.
9144.
9136.
9129.
9121.
9114.
9107.
9100.
9092.
9085.
9078.
9072.
9064.
9057.
9049.
9042.
9035.
9029.
9022.
9015.
9007.
9000.
8993.
8986.
8979.
8972.
8964.
8958.
8951.
8945.
8937.
8931.
8923.
8916.
8910.
8904.
8896.
8890.
8883.
8877.
8870.
8863.
8857.
8850.
8844.
8837.
8831.
8824.
8818.
8811.
8804.
8798.
8791.
8785.
8779.
8773.
8766.
8760.
8753.
8748.
8741.
8735.
8729.
8723.
8717.
8710.
8704.
8699.
8692.
8687.
8680.
8675.
8669.
8663.
8657.
8651.
8645.
8640.
8634.
8628.
8622.
8616.
8610.
8605.
8599.
8594.
8588.
8582.
8577.
8571.
8566.
8560.
8555.
8549.
8543.
8538.
8533.
8527.
8522.
8517.
8511.
8506.
8501.
8495.
8491.
8485.
8480.
8475.
8470.
8464.
8460.
8454.
8449.
8443.
8438.
8433.
8429.
8422.
8418.
8412.
8408.
8403.
8398.
8392.
8388.
8382.
8378.
8372.
8367.
8362.
8357.
8352.
8347.
8342.
8338.
8332.
8328.
8323.
8318.
8313.
8308.
8303.
8298.
8293.
8288.
8283.
8278.
8274.
8269.
8264.
8259.
8254.
8249.
8244.
8239.
8234.
8230.
8226.
8220.
8216.
8210.
8206.
8201.
8197.
8192.
8187.
8182.
8178.
8173.
8169.
8163.
8159.
8154.
8150.
8145.
8140.
8135.
8131.
8126.
8122.
8116.
8113.
8108.
8104.
8098.
8094.
8089.
8085.
8080.
8076.
8070.
8066.
8061.
8057.
8052.
8048.
8043.
8038.
8033.
8029.
8025.
8020.
8015.
8010.
8006.
8001.
7996.
7992.
7987.
7982.
7978.
7974.
7969.
7965.
7960.
7956.
7951.
7946.
7941.
7937.
7932.
7927.
7923.
7918.
7913.
7909.
7905.
7900.
7895.
7890.
7885.
7880.
7876.
7871.
7867.
7862.
7857.
7852.
7848.
7843.
7839.
7834.
7830.
7824.
7820.
7815.
7810.
7805.
7800.
7795.
7791.
7786.
7781.
7776.
7772.
7767.
7763.
7757.
7752.
7748.
7743.
7738.
7733.
7729.
7723.
7719.
7714.
7709.
7704.
7699.
7694.
7690.
7685.
7680.
7674.
7670.
7665.
7660.
7655.
7650.
7645.
7641.
7635.
7631.
7625.
7621.
7615.
7611.
7605.
7601.
7595.
7590.
7584.
7580.
7575.
7570.
7565.
7560.
7555.
7550.
7545.
7540.
7535.
7530.
7524.
7520.
7514.
7509.
7503.
7499.
7494.
7489.
7483.
7479.
7473.
7469.
7463.
7458.
7453.
7447.
7442.
7437.
7432.
7426.
7421.
7416.
7411.
7406.
7401.
7395.
7390.
7385.
7380.
7375.
7370.
7364.
7359.
7354.
7349.
7343.
7339.
7333.
7328.
7323.
7318.
7312.
7308.
7302.
7296.
7291.
7287.
7281.
7276.
7270.
7265.
7260.
7255.
7249.
7244.
7238.
7233.
7228.
7223.
7217.
7212.
7206.
7201.
7196.
7190.
7184.
7179.
7174.
7169.
7164.
7158.
7153.
7147.
7142.
7136.
7131.
7125.
7120.
7114.
7110.
7104.
7098.
7092.
7088.
7082.
7077.
7071.
7067.
7061.
7056.
7050.
7045.
7039.
7034.
7028.
7024.
7018.
7013.
7007.
7003.
6997.
6992.
6986.
6981.
6976.
6971.
6966.
6961.
6955.
6950.
6944.
6940.
6934.
6929.
6924.
6919.
6913.
6909.
6903.
6898.
6893.
6887.
6882.
6877.
6873.
6867.
6862.
6856.
6852.
6846.
6842.
6836.
6832.
6826.
6822.
6816.
6811.
6806.
6801.
6796.
6791.
6785.
6781.
6775.
6771.
6765.
6761.
6756.
6750.
6745.
6740.
6735.
6730.
6725.
6720.
6715.
6710.
6705.
6700.
6695.
6690.
6685.
6680.
6675.
6670.
6666.
6661.
6656.
6651.
6646.
6641.
6636.
6631.
6627.
6622.
6617.
6612.
6608.
6603.
6598.
6593.
6589.
6584.
6579.
6574.
6570.
6565.
6560.
6555.
6551.
6545.
6542.
6536.
6532.
6528.
6523.
6518.
6514.
6509.
6504.
6500.
6496.
6491.
6486.
6483.
6478.
6473.
6469.
6465.
6461.
6456.
6452.
6447.
6443.
6439.
6435.
6431.
6427.
6422.
6418.
6414.
6411.
6406.
6402.
6398.
6394.
6390.
6386.
6383.
6379.
6374.
6370.
6366.
6363.
6359.
6355.
6352.
6348.
6344.
6340.
6337.
6333.
6329.
6326.
6323.
6319.
6315.
6312.
6309.
6306.
6302.
6298.
6295.
6292.
6289.
6285.
6281.
6278.
6275.
6272.
6269.
6266.
6263.
6260.
6256.
6253.
6251.
6248.
6245.
6242.
6239.
6237.
6234.
6231.
6228.
6226.
6223.
6221.
6217.
6215.
6212.
6210.
6208.
6206.
6203.
6201.
6198.
6196.
6194.
6192.
6191.
6188.
6186.
6184.
6182.
6180.
6178.
6176.
6174.
6172.
6171.
6168.
6167.
6165.
6163.
6161.
6160.
6159.
6158.
6156.
6154.
6153.
6150.
6150.
6149.
6148.
6146.
6145.
6143.
6143.
6142.
6141.
6139.
6139.
6138.
6137.
6135.
6136.
6134.
6134.
6133.
6133.
6131.
6131.
6130.
6131.
6129.
6129.
6129.
6129.
6128.
6128.
6127.
6127.
6128.
6127.
6126.
6127.
6127.
6127.
6127.
6128.
6127.
6127.
6128.
6128.
6127.
6128.
6128.
6128.
6128.
6127.
6127.
6128.
6127.
6128.
6129.
6128.
6128.
6128.
6127.
6129.
6128.
6128.
6128.
6128.
6128.
6128.
6129.
6127.
6127.
6128.
6127.
6128.
6128.
6128.
6129.
6127.
6128.
6128.
6128.
6128.
6128.
6129.
6128.
6128.
6128.
6128.
6128.
6129.
6128.
6127.
6128.
6128.
6128.
6129.
6129.
6128.
6128.
6128.
6128.
6129.
6129.
6129.
6128.
6127.
6128.
6128.
6128.
6128.
6128.
6128.
6128.
6129.
6128.
6128.
6128.
6129.
6128.
6129.
6128.
6128.
6128.
6128.
6128.
6128.
6129.
6129.
6128.
6128.
6128.
6128.
6128.
6129.
6128.
6129.
6128.
6128.
6129.
6129.
6129.
6129.
6129.
6129.
6128.
6128.
6129.
6129.
6129.
6129.
6128.
6129.
6129.
6129.
6129.
6129.
6129.
6129.
6129.
6129.
6128.
6129.
6129.
6129.
6129.
6129.
6129.
6129.
6129.
6129.
6129.
6129.
6129.
6129.
6129.
6129.
6128.
6130.
6130.
6129.
6129.
6129.
6129.
6129.
6128.
6130.
6129.
6129.
6129.
6129.
6128.
6129.
6128.
6129.
6129.
6129.
6130.
6129.
6129.
6129.
6129.
6129.
6129.
6129.
6129.
6129.
6129.
6129.
6129.
6130.
6129.
6129.
6130.
6129.
6129.
6129.
6129.
6129.
6129.
6130.
6129.
6129.
6129.
6130.
6129.
6130.
6130.
6129.
6129.
6129.
6129.
6129.
6129.
6129.
6129.
6129.
6129.
6129.
6129.
6129.
6129.
6129.
6129.
6130.
6129.
6129.
6129.
6129.
6129.
6130.
6129.
6130.
6129.
6130.
6129.
6129.
6130.
6130.
6129.
6129.
6129.
6130.
6129.
6131.
6129.
6129.
6130.
6130.
6129.
6129.
6129.
6130.
6129.
6129.
6130.
6130.
6129.
6129.
6129.
6130.
6129.
6130.
6130.
6130.
6130.
6130.
6129.
6129.
6130.
6130.
6129.
6129.
6129.
6129.
6130.
6130.
6129.
6130.
6129.
6130.
6130.
6130.
6130.
6130.
6130.
6130.
6130.
6130.
6129.
6130.
6130.
6130.
6130.
6130.
6130.
6130.
6130.
6130.
6130.
6130.
6130.
6130.
6131.
6130.
6130.
6130.
6131.
6130.
6130.
6131.
6131.
6130.
6130.
6130.
6130.
6131.
6131.
6130.
6130.
6131.
6131.
6131.
6131.
6131.
6130.
6131.
6131.
6130.
6130.
6131.
6131.
6130.
6130.
6130.
6130.
6130.
6131.
6130.
6131.
6130.
6131.
6131.
6131.
6131.
6131.
6132.
6131.
6130.
6132.
6132.
6132.
6131.
6133.
6134.
6134.
6135.
6135.
6135.
6136.
6137.
6138.
6139.
6140.
6140.
6142.
6143.
6145.
6145.
6147.
6148.
6149.
6151.
6153.
6154.
6157.
6158.
6160.
6161.
6164.
6166.
6168.
6171.
6173.
6175.
6177.
6179.
6182.
6185.
6187.
6190.
6192.
6195.
6198.
6201.
6204.
6207.
6209.
6213.
6215.
6219.
6222.
6225.
6229.
6233.
6236.
6239.
6242.
6246.
6250.
6253.
6257.
6261.
6265.
6268.
6272.
6277.
6281.
6284.
6289.
6293.
6297.
6301.
6305.
6309.
6314.
6317.
6321.
6326.
6331.
6334.
6338.
6344.
6348.
6352.
6356.
6362.
6366.
6370.
6374.
6380.
6384.
6389.
6393.
6397.
6402.
6407.
6412.
6417.
6421.
6426.
6431.
6436.
6441.
6445.
6450.
6456.
6461.
6465.
6470.
6475.
6479.
6485.
6489.
6495.
6499.
6505.
6510.
6516.
6521.
6526.
6531.
6536.
6541.
6547.
6552.
6557.
6562.
6567.
6573.
6578.
6584.
6589.
6594.
6600.
6606.
6611.
6617.
6622.
6628.
6633.
6639.
6644.
6649.
6655.
6661.
6667.
6672.
6678.
6684.
6690.
6695.
6702.
6708.
6713.
6719.
6725.
6732.
6737.
6743.
6749.
6755.
6761.
6766.
6773.
6779.
6785.
6791.
6797.
6803.
6810.
6816.
6822.
6827.
6835.
6841.
6847.
6853.
6860.
6866.
6872.
6879.
6885.
6892.
6898.
6904.
6911.
6918.
6925.
6931.
6938.
6944.
6951.
6957.
6964.
6971.
6978.
6985.
6991.
6998.
7006.
7012.
7019.
7025.
7033.
7039.
7047.
7054.
7060.
7068.
7075.
7081.
7088.
7095.
7103.
7110.
7118.
7124.
7131.
7138.
7146.
7153.
7161.
7168.
7174.
7181.
7189.
7197.
7204.
7211.
7219.
7227.
7234.
7242.
7249.
7257.
7265.
7272.
7280.
7288.
7295.
7304.
7312.
7320.
7327.
7335.
7343.
7351.
7358.
7367.
7375.
7383.
7391.
7399.
7407.
7416.
7422.
7431.
7440.
7447.
7457.
7465.
7472.
7480.
7489.
7498.
7506.
7514.
7523.
7531.
7539.
7548.
7556.
7564.
7573.
7582.
7590.
7599.
7607.
7616.
7624.
7633.
7642.
7650.
7659.
7667.
7676.
7685.
7694.
7703.
7711.
7720.
7729.
7737.
7747.
7755.
7764.
7773.
7781.
7791.
7799.
7808.
7817.
7826.
7835.
7844.
7852.
7862.
7870.
7880.
7888.
7897.
7906.
7915.
7925.
7933.
7942.
7951.
7960.
7969.
7978.
7987.
7996.
8005.
8014.
8023.
8031.
8040.
8050.
8058.
8067.
8076.
8085.
8094.
8104.
8112.
8120.
8130.
8138.
8148.
8156.
8166.
8174.
8183.
8192.
8201.
8209.
8219.
8228.
8237.
8246.
8254.
8263.
8272.
8281.
8290.
8298.
8307.
8316.
8324.
8333.
8342.
8351.
8360.
8368.
8377.
8385.
8394.
8403.
8412.
8420.
8429.
8438.
8446.
8455.
8463.
8471.
8480.
8489.
8497.
8506.
8514.
8523.
8531.
8539.
8548.
8556.
8564.
8573.
8581.
8589.
8597.
8606.
8614.
8622.
8630.
8638.
8647.
8655.
8663.
8671.
8679.
8687.
8695.
8703.
8711.
8719.
8727.
8735.
8742.
8750.
8758.
8766.
8773.
8781.
8789.
8796.
8804.
8812.
8819.
8827.
8834.
8842.
8849.
8856.
8865.
8871.
8879.
8886.
8894.
8901.
8908.
8914.
8923.
8930.
8936.
8943.
8951.
8957.
8965.
8971.
8977.
8985.
8992.
8998.
9006.
9013.
9019.
9025.
9032.
9038.
9046.
9053.
9059.
9064.
9072.
9079.
9085.
9092.
9098.
9104.
9111.
9117.
9123.
9129.
9136.
9142.
9148.
9154.
9159.
9165.
9173.
9179.
9185.
9191.
9196.
9203.
9208.
9214.
9221.
9226.
9232.
9238.
9243.
9250.
9256.
9261.
9266.
9272.
9279.
9284.
9290.
9295.
9301.
9306.
9312.
9317.
9323.
9328.
9334.
9339.
9344.
9350.
9356.
9361.
9367.
9372.
9377.
9382.
9388.
9393.
9399.
9405.
9409.
9414.
9420.
9425.
9430.
9435.
9440.
9445.
9450.
9455.
9461.
9466.
9471.
9476.
9481.
9487.
9491.
9496.
9501.
9506.
9511.
9515.
9521.
9526.
9531.
9535.
9541.
9545.
9551.
9555.
9560.
9565.
9570.
9575.
9580.
9584.
9589.
9594.
9599.
9604.
9609.
9613.
9617.
9622.
9628.
9633.
9637.
9641.
9647.
9651.
9656.
9660.
9665.
9670.
9675.
9679.
9683.
9688.
9693.
9698.
9702.
9707.
9711.
9716.
9721.
9725.
9730.
9734.
9738.
9743.
9747.
9752.
9757.
9761.
9766.
9770.
9774.
9779.
9783.
9788.
9792.
9797.
9801.
9805.
9810.
9814.
9818.
9823.
9828.
9831.
9835.
9841.
9845.
9848.
9852.
9858.
9862.
9865.
9870.
9875.
9879.
9882.
9887.
9891.
9896.
9899.
9903.
9909.
9913.
9916.
9920.
9925.
9929.
9932.
9937.
9941.
9946.
9949.
9953.
9958.
9962.
9965.
9969.
9974.
9978.
9981.
9986.
9990.
9994.
9997.
10001.
10006.
10009.
10013.
10017.
10022.
10025.
10029.
10032.
10037.
10041.
10045.
10048.
10052.
10056.
10059.
10063.
10067.
10071.
10074.
10078.
10082.
10086.
10089.
10092.
10096.
10100.
10104.
10107.
10110.
10114.
10117.
10121.
10125.
10129.
10132.
10134.
10138.
10141.
10146.
10149.
10153.
10156.
10159.
10162.
10166.
10169.
10172.
10175.
10180.
10182.
10186.
10189.
10192.
10195.
10198.
10201.
10205.
10208.
10211.
10214.
10217.
10220.
10223.
10226.
10229.
10232.
10235.
10238.
10241.
10244.
10247.
10249.
10253.
10256.
10258.
10261.
10264.
10267.
10270.
10273.
10275.
10279.
10281.
10284.
10286.
10289.
10292.
10294.
10297.
10300.
10302.
10305.
10307.
10310.
10312.
10315.
10316.
10320.
10323.
10324.
10327.
10329.
10332.
10334.
10336.
10340.
10342.
10344.
10346.
10349.
10351.
10353.
10355.
10358.
10359.
10362.
10364.
10368.
10369.
10371.
10373.
10375.
10377.
10380.
10382.
10384.
10386.
10388.
10390.
10392.
10394.
10396.
10398.
10401.
10402.
10404.
10406.
10407.
10410.
10413.
10414.
10416.
10418.
10420.
10422.
10423.
10425.
10427.
10429.
10430.
10432.
10434.
10436.
10438.
10439.
10440.
10443.
10444.
10446.
10448.
10449.
10451.
10453.
10454.
10457.
10458.
10459.
10461.
10463.
10465.
10466.
10467.
10468.
10470.
10471.
10473.
10474.
10476.
10477.
10479.
10480.
10482.
10483.
10484.
10485.
10487.
10488.
10490.
10491.
10492.
10493.
10495.
10495.
10497.
10497.
10499.
10500.
10501.
10502.
10504.
10505.
10506.
10506.
10508.
10509.
10510.
10511.
10512.
10512.
10513.
10514.
10514.
10515.
10516.
10516.
10517.
10518.
10518.
10519.
10520.
10521.
10521.
10522.
10521.
10522.
10522.
10523.
10523.
10524.
10524.
10525.
10524.
10526.
10526.
10526.
10527.
10526.
10527.
10526.
10527.
10527.
10528.
10527.
10527.
10527.
10527.
10527.
10527.
10527.
10527.
10527.
10527.
10527.
10526.
10527.
10527.
10526.
10526.
10526.
10526.
10526.
10526.
10525.
10525.
10525.
10525.
10524.
10525.
10524.
10524.
10525.
10524.
10523.
10524.
10523.
10523.
10523.
10522.
10522.
10522.
10523.
10522.
10521.
10522.
10521.
10521.
10521.
10521.
10521.
10520.
10520.
10520.
10520.
10519.
10520.
10519.
10519.
10518.
10518.
10518.
10518.
10517.
10517.
10516.
10516.
10515.
10515.
10516.
10515.
10514.
10514.
10514.
10514.
10512.
10512.
10512.
10512.
10511.
10511.
10510.
10510.
10510.
10510.
10509.
10509.
10508.
10508.
10508.
10508.
10507.
10506.
10506.
10505.
10505.
10505.
10504.
10504.
10504.
10503.
10503.
10502.
10501.
10502.
10502.
10500.
10500.
10500.
10499.
10500.
10499.
10498.
10498.
10496.
10497.
10496.
10495.
10495.
10495.
10494.
10493.
10493.
10493.
10492.
10491.
10491.
10490.
10490.
10489.
10489.
10489.
10488.
10489.
10487.
10487.
10485.
10485.
10485.
10484.
10482.
10482.
10482.
10482.
10480.
10479.
10479.
10478.
10477.
10477.
10476.
10475.
10474.
10473.
10472.
10471.
10470.
10470.
10468.
10466.
10466.
10465.
10464.
10463.
10461.
10461.
10458.
10457.
10456.
10454.
10453.
10451.
10450.
10448.
10446.
10445.
10444.
10442.
10440.
10438.
10436.
10434.
10433.
10430.
10428.
10427.
10424.
10422.
10420.
10418.
10415.
10412.
10410.
10408.
10405.
10404.
10400.
10398.
10395.
10393.
10390.
10387.
10385.
10381.
10379.
10376.
10373.
10370.
10367.
10364.
10360.
10357.
10354.
10351.
10348.
10344.
10340.
10338.
10334.
10331.
10327.
10324.
10321.
10317.
10313.
10310.
10306.
10302.
10298.
10295.
10291.
10286.
10283.
10280.
10275.
10271.
10268.
10263.
10259.
10256.
10251.
10246.
10243.
10239.
10234.
10230.
10226.
10222.
10217.
10213.
10208.
10204.
10199.
10195.
10190.
10185.
10181.
10176.
10171.
10167.
10162.
10157.
10151.
10147.
10142.
10138.
10133.
10128.
10123.
10117.
10112.
10107.
10102.
10096.
10091.
10086.
10081.
10075.
10070.
10064.
10059.
10053.
10048.
10042.
10037.
10031.
10025.
10019.
10014.
10008.
10003.
9996.
9990.
9984.
9978.
9972.
9967.
9961.
9954.
9948.
9942.
9936.
9930.
9924.
9917.
9911.
9905.
9898.
9892.
9885.
9879.
9873.
9866.
9860.
9854.
9847.
9840.
9833.
9827.
9820.
9814.
9807.
9801.
9794.
9788.
9780.
9773.
9766.
9759.
9753.
9746.
9739.
9733.
9726.
9719.
9711.
9704.
9697.
9690.
9683.
9676.
9670.
9663.
9655.
9648.
9640.
9633.
9625.
9619.
9611.
9604.
9596.
9590.
9582.
9575.
9567.
9561.
9553.
9546.
9538.
9531.
9523.
9516.
9508.
9501.
9494.
9486.
9478.
9471.
9463.
9456.
9448.
9439.
9432.
9424.
9417.
9409.
9402.
9394.
9386.
9378.
9371.
9363.
9355.
9347.
9339.
9331.
9324.
9315.
9308.
9300.
9292.
9284.
9276.
9268.
9260.
9252.
9244.
9236.
9228.
9220.
9212.
9203.
9196.
9187.
9180.
9171.
9163.
9155.
9147.
9139.
9131.
9123.
9114.
9106.
9098.
9089.
9081.
9073.
9065.
9057.
9048.
9040.
9031.
9024.
9016.
9007.
9000.
8991.
8982.
8974.
8966.
8958.
8949.
8941.
8933.
8924.
8915.
8907.
8900.
8891.
8882.
8875.
8866.
8857.
8849.
8841.
8833.
8824.
8815.
8808.
8799.
8791.
8783.
8774.
8765.
8757.
8749.
8740.
8732.
8724.
8716.
8708.
8699.
8690.
8682.
8674.
8665.
8658.
8649.
8641.
8632.
8624.
8615.
8608.
8599.
8591.
8583.
8575.
8566.
8557.
8550.
8541.
8533.
8526.
8517.
8509.
8500.
8493.
8484.
8475.
8468.
8460.
8452.
8443.
8436.
8428.
8420.
8412.
8404.
8397.
8388.
8379.
8372.
8364.
8355.
8347.
8340.
8332.
8325.
8317.
8309.
8301.
8293.
8285.
8278.
8270.
8262.
8255.
8247.
8239.
8231.
8224.
8216.
8208.
8202.
8194.
8187.
8179.
8171.
8164.
8156.
8149.
8141.
8134.
8126.
8119.
8112.
8104.
8097.
8090.
8082.
8076.
8069.
8061.
8054.
8047.
8039.
8032.
8025.
8018.
8010.
8005.
7997.
7990.
7982.
7976.
7968.
7962.
7955.
7948.
7941.
7935.
7927.
7921.
7914.
7907.
7901.
7894.
7886.
7880.
7873.
7866.
7860.
7853.
7846.
7840.
7834.
7827.
7821.
7814.
7807.
7801.
7795.
7788.
7782.
7775.
7768.
7762.
7756.
7749.
7743.
7736.
7730.
7724.
7717.
7711.
7705.
7699.
7693.
7687.
7680.
7674.
7668.
7662.
7655.
7650.
7644.
7638.
7631.
7626.
7619.
7614.
7607.
7602.
7595.
7589.
7583.
7577.
7571.
7566.
7560.
7554.
7548.
7542.
7536.
7531.
7525.
7519.
7513.
7507.
7501.
7496.
7490.
7484.
7479.
7473.
7468.
7461.
7456.
7450.
7445.
7439.
7434.
7429.
7422.
7417.
7411.
7406.
7401.
7395.
7389.
7383.
7379.
7373.
7368.
7362.
7357.
7351.
7347.
7341.
7336.
7330.
7325.
7320.
7314.
7309.
7304.
7298.
7293.
7288.
7283.
7278.
7273.
7267.
7262.
7257.
7252.
7246.
7241.
7236.
7232.
7226.
7221.
7216.
7211.
7206.
7202.
7197.
7191.
7187.
7181.
7177.
7172.
7167.
7161.
7157.
7152.
7147.
7142.
7138.
7133.
7129.
7123.
7119.
7114.
7109.
7104.
7100.
7095.
7091.
7086.
7082.
7077.
7073.
7068.
7065.
7059.
7056.
7050.
7046.
7043.
7039.
7033.
7029.
7025.
7021.
7016.
7013.
7009.
7005.
7001.
6997.
6993.
6990.
6985.
6981.
6978.
6974.
6970.
6966.
6963.
6958.
6955.
6951.
6947.
6944.
6940.
6937.
6934.
6929.
6925.
6922.
6919.
6916.
6912.
6909.
6905.
6901.
6897.
6894.
6890.
6887.
6884.
6881.
6878.
6875.
6871.
6867.
6864.
6861.
6858.
6855.
6851.
6849.
6845.
6841.
6837.
6836.
6832.
6829.
6825.
6822.
6819.
6816.
6813.
6810.
6807.
6803.
6800.
6797.
6794.
6791.
6788.
6786.
6782.
6780.
6776.
6773.
6770.
6767.
6764.
6761.
6758.
6755.
6752.
6749.
6746.
6742.
6740.
6737.
6735.
6731.
6728.
6725.
6723.
6719.
6717.
6713.
6710.
6707.
6706.
6702.
6699.
6696.
6694.
6690.
6688.
6684.
6682.
6679.
6677.
6673.
6671.
6668.
6665.
6662.
6659.
6657.
6654.
6651.
6648.
6646.
6644.
6640.
6638.
6635.
6632.
6629.
6627.
6625.
6622.
6620.
6617.
6614.
6612.
6609.
6607.
6605.
6602.
6599.
6597.
6594.
6592.
6590.
6587.
6586.
6583.
6581.
6578.
6576.
6574.
6572.
6569.
6568.
6565.
6563.
6561.
6559.
6557.
6554.
6553.
6551.
6549.
6548.
6545.
6544.
6541.
6540.
6538.
6535.
6535.
6533.
6531.
6529.
6529.
6527.
6525.
6522.
6521.
6520.
6520.
6518.
6516.
6514.
6513.
6512.
6512.
6510.
6508.
6507.
6506.
6505.
6505.
6503.
6501.
6501.
6500.
6500.
6498.
6497.
6496.
6496.
6494.
6494.
6493.
6493.
6493.
6492.
6491.
6490.
6489.
6489.
6488.
6488.
6487.
6487.
6487.
6487.
6486.
6486.
6486.
6486.
6485.
6485.
6485.
6486.
6485.
6485.
6486.
6487.
6484.
6485.
6485.
6485.
6485.
6485.
6485.
6486.
6485.
6485.
6486.
6486.
6486.
6486.
6485.
6486.
6486.
6486.
6485.
6486.
6486.
6486.
6486.
6486.
6486.
6486.
6486.
6486.
6485.
6486.
6486.
6486.
6486.
6486.
6486.
6485.
6487.
6486.
6486.
6486.
6486.
6486.
6486.
6486.
6486.
6486.
6487.
6486.
6487.
6486.
6486.
6486.
6486.
6486.
6486.
6486.
6487.
6486.
6486.
6486.
6487.
6486.
6486.
6486.
6486.
6486.
6487.
6486.
6486.
6486.
6486.
6486.
6486.
6486.
6486.
6486.
6486.
6486.
6486.
6486.
6486.
6486.
6486.
6486.
6486.
6486.
6486.
6486.
6486.
6486.
6486.
6487.
6487.
6487.
6487.
6486.
6487.
6486.
6487.
6486.
6487.
6486.
6486.
6486.
6487.
6486.
6487.
6486.
6487.
6486.
6487.
6487.
6487.
6486.
6487.
6487.
6487.
6487.
6487.
6488.
6486.
6487.
6487.
6487.
6487.
6487.
6487.
6486.
6487.
6487.
6487.
6487.
6486.
6487.
6487.
6487.
6487.
6487.
6487.
6487.
6487.
6487.
6487.
6487.
6487.
6487.
6486.
6487.
6486.
6487.
6487.
6487.
6486.
6487.
6486.
6487.
6487.
6487.
6487.
6487.
6487.
6487.
6487.
6487.
6487.
6487.
6487.
6487.
6488.
6487.
6488.
6487.
6486.
6487.
6487.
6487.
6487.
6487.
6487.
6487.
6487.
6487.
6487.
6487.
6488.
6487.
6487.
6488.
6487.
6487.
6488.
6487.
6487.
6488.
6488.
6487.
6488.
6488.
6487.
6488.
6488.
6489.
6489.
6489.
6489.
6491.
6491.
6492.
6492.
6493.
6493.
6494.
6494.
6494.
6496.
6496.
6496.
6498.
6499.
6500.
6500.
6501.
6502.
6502.
6504.
6505.
6507.
6507.
6509.
6510.
6511.
6512.
6514.
6515.
6517.
6519.
6520.
6521.
6524.
6525.
6526.
6529.
6530.
6532.
6533.
6536.
6537.
6540.
6541.
6544.
6546.
6548.
6550.
6553.
6555.
6558.
6559.
6561.
6563.
6567.
6569.
6572.
6574.
6577.
6579.
6583.
6585.
6588.
6591.
6594.
6597.
6600.
6603.
6606.
6609.
6612.
6615.
6618.
6621.
6625.
6627.
6632.
6635.
6639.
6642.
6646.
6649.
6652.
6655.
6659.
6663.
6667.
6670.
6674.
6677.
6681.
6685.
6689.
6693.
6697.
6701.
6705.
6709.
6713.
6717.
6721.
6725.
6729.
6733.
6738.
6742.
6746.
6750.
6754.
6758.
6762.
6766.
6771.
6776.
6780.
6784.
6789.
6793.
6797.
6802.
6807.
6811.
6816.
6820.
6825.
6829.
6834.
6839.
6844.
6849.
6853.
6857.
6863.
6867.
6872.
6877.
6882.
6887.
6891.
6896.
6901.
6906.
6911.
6916.
6921.
6926.
6931.
6936.
6942.
6946.
6951.
6957.
6961.
6968.
6973.
6978.
6983.
6988.
6993.
6999.
7004.
7010.
7014.
7019.
7025.
7030.
7036.
7042.
7046.
7052.
7057.
7063.
7068.
7074.
7079.
7085.
7089.
7095.
7100.
7107.
7112.
7117.
7123.
7128.
7134.
7140.
7146.
7152.
7157.
7162.
7168.
7175.
7179.
7185.
7191.
7197.
7203.
7209.
7214.
7220.
7227.
7233.
7239.
7245.
7251.
7257.
7263.
7269.
7275.
7281.
7287.
7293.
7301.
7307.
7312.
7318.
7325.
7332.
7338.
7344.
7351.
7357.
7363.
7370.
7377.
7383.
7389.
7396.
7403.
7409.
7416.
7423.
7429.
7435.
7442.
7449.
7455.
7462.
7469.
7476.
7482.
7489.
7497.
7503.
7510.
7517.
7525.
7531.
7539.
7545.
7552.
7559.
7566.
7573.
7580.
7587.
7594.
7602.
7610.
7616.
7623.
7631.
7638.
7645.
7652.
7659.
7668.
7676.
7682.
7691.
7697.
7705.
7713.
7720.
7728.
7735.
7743.
7752.
7759.
7767.
7775.
7783.
7790.
7798.
7805.
7814.
7821.
7829.
7837.
7845.
7852.
7860.
7869.
7877.
7884.
7892.
7901.
7909.
7917.
7925.
7933.
7941.
7949.
7957.
7966.
7974.
7982.
7991.
7999.
8007.
8015.
8023.
8031.
8039.
8048.
8056.
8065.
8073.
8081.
8089.
8097.
8106.
8115.
8123.
8131.
8139.
8148.
8156.
8165.
8173.
8182.
8190.
8198.
8207.
8214.
8224.
8232.
8240.
8248.
8258.
8266.
8274.
8283.
8291.
8299.
8308.
8317.
8325.
8334.
8342.
8351.
8359.
8369.
8376.
8384.
8393.
8402.
8410.
8418.
8427.
8436.
8444.
8452.
8461.
8470.
8478.
8487.
8495.
8504.
8512.
8521.
8528.
8536.
8546.
8555.
8562.
8571.
8579.
8587.
8597.
8605.
8613.
8621.
8629.
8638.
8645.
8654.
8662.
8671.
8679.
8687.
8696.
8704.
8712.
8721.
8729.
8736.
8745.
8754.
8761.
8770.
8778.
8786.
8794.
8803.
8810.
8819.
8827.
8835.
8843.
8851.
8859.
8867.
8875.
8882.
8891.
8899.
8906.
8914.
8922.
8931.
8938.
8946.
8954.
8961.
8970.
8978.
8986.
8993.
9000.
9008.
9017.
9025.
9031.
9039.
9047.
9054.
9062.
9069.
9076.
9084.
9092.
9099.
9107.
9114.
9122.
9129.
9136.
9144.
9151.
9158.
9166.
9172.
9179.
9187.
9195.
9201.
9209.
9216.
9224.
9230.
9238.
9245.
9252.
9259.
9266.
9273.
9280.
9286.
9294.
9299.
9308.
9315.
9320.
9328.
9334.
9340.
9348.
9354.
9362.
9369.
9375.
9381.
9389.
9395.
9401.
9407.
9414.
9421.
9427.
9433.
9441.
9447.
9453.
9459.
9465.
9472.
9478.
9485.
9491.
9497.
9503.
9510.
9516.
9522.
9527.
9534.
9540.
9546.
9552.
9558.
9564.
9570.
9576.
9581.
9587.
9593.
9599.
9604.
9611.
9616.
9621.
9627.
9633.
9639.
9645.
9650.
9656.
9660.
9666.
9671.
9676.
9682.
9688.
9692.
9698.
9703.
9709.
9714.
9719.
9724.
9729.
9734.
9740.
9745.
9750.
9755.
9760.
9764.
9770.
9775.
9780.
9784.
9789.
9794.
9800.
9804.
9809.
9814.
9818.
9822.
9828.
9833.
9837.
9842.
9846.
9850.
9856.
9860.
9864.
9869.
9874.
9878.
9882.
9887.
9891.
9896.
9900.
9905.
9909.
9913.
9917.
9922.
9926.
9931.
9934.
9939.
9944.
9947.
9952.
9957.
9961.
9964.
9968.
9973.
9977.
9980.
9985.
9989.
9993.
9997.
10001.
10005.
10009.
10012.
10016.
10021.
10025.
10028.
10032.
10037.
10041.
10044.
10048.
10052.
10056.
10059.
10063.
10067.
10072.
10074.
10078.
10082.
10086.
10089.
10093.
10098.
10102.
10105.
10109.
10112.
10116.
10119.
10123.
10126.
10130.
10133.
10137.
10140.
10145.
10148.
10151.
10155.
10159.
10162.
10166.
10169.
10172.
10176.
10179.
10182.
10186.
10190.
10193.
10197.
10200.
10203.
10205.
10209.
10213.
10216.
10219.
10223.
10227.
10229.
10232.
10235.
10239.
10242.
10245.
10249.
10252.
10255.
10257.
10261.
10264.
10267.
10269.
10273.
10275.
10279.
10281.
10285.
10288.
10291.
10293.
10297.
10299.
10302.
10304.
10308.
10311.
10314.
10316.
10319.
10322.
10325.
10327.
10331.
10333.
10336.
10338.
10341.
10344.
10346.
10348.
10351.
10353.
10356.
10358.
10361.
10363.
10366.
10368.
10370.
10372.
10375.
10377.
10379.
10381.
10384.
10386.
10388.
10390.
10392.
10394.
10397.
10398.
10400.
10402.
10403.
10405.
10407.
10409.
10411.
10413.
10414.
10416.
10418.
10419.
10420.
10422.
10424.
10425.
10427.
10428.
10430.
10431.
10433.
10433.
10435.
10436.
10437.
10438.
10440.
10441.
10442.
10443.
10444.
10445.
10446.
10447.
10449.
10449.
10450.
10450.
10452.
10453.
10453.
10454.
10455.
10455.
10456.
10456.
10457.
10458.
10458.
10458.
10459.
10459.
10460.
10459.
10460.
10460.
10461.
10461.
10461.
10461.
10461.
10461.
10461.
10461.
10461.
10461.
10460.
10460.
10460.
10460.
10459.
10460.
10460.
10459.
10459.
10459.
10459.
10458.
10459.
10458.
10457.
10458.
10458.
10457.
10457.
10457.
10456.
10456.
10455.
10455.
10456.
10455.
10455.
10454.
10455.
10454.
10453.
10454.
10454.
10453.
10453.
10452.
10452.
10451.
10452.
10451.
10451.
10449.
10450.
10450.
10451.
10449.
10449.
10448.
10448.
10448.
10448.
10447.
10447.
10447.
10446.
10446.
10447.
10445.
10445.
10445.
10445.
10444.
10444.
10444.
10444.
10442.
10443.
10441.
10442.
10442.
10441.
10440.
10441.
10440.
10440.
10439.
10439.
10439.
10438.
10438.
10438.
10438.
10436.
10437.
10436.
10436.
10435.
10435.
10435.
10435.
10434.
10433.
10433.
10433.
10433.
10433.
10432.
10431.
10431.
10431.
10430.
10431.
10429.
10429.
10429.
10428.
10428.
10427.
10427.
10426.
10426.
10425.
10425.
10425.
10424.
10424.
10424.
10423.
10423.
10423.
10422.
10421.
10420.
10420.
10420.
10419.
10419.
10418.
10418.
10417.
10417.
10417.
10416.
10415.
10415.
10414.
10414.
10413.
10413.
10412.
10412.
10411.
10410.
10410.
10410.
10409.
10409.
10407.
10407.
10406.
10406.
10405.
10406.
10404.
10404.
10403.
10403.
10402.
10402.
10400.
10401.
10399.
10398.
10397.
10398.
10397.
10395.
10395.
10395.
10393.
10393.
10391.
10390.
10389.
10389.
10388.
10387.
10386.
10386.
10384.
10385.
10383.
10382.
10380.
10381.
10379.
10378.
10376.
10376.
10375.
10374.
10373.
10373.
10371.
10369.
10368.
10367.
10366.
10364.
10363.
10363.
10361.
10359.
10358.
10356.
10356.
10354.
10352.
10351.
10350.
10349.
10346.
10345.
10344.
10342.
10341.
10339.
10338.
10336.
10334.
10332.
10331.
10330.
10327.
10325.
10324.
10322.
10320.
10318.
10317.
10315.
10312.
10311.
10308.
10306.
10305.
10303.
10301.
10299.
10296.
10294.
10291.
10290.
10287.
10286.
10284.
10281.
10279.
10276.
10274.
10272.
10269.
10267.
10264.
10262.
10259.
10257.
10254.
10252.
10249.
10247.
10244.
10241.
10239.
10236.
10234.
10230.
10228.
10225.
10224.
10220.
10217.
10214.
10211.
10209.
10206.
10203.
10200.
10197.
10195.
10191.
10189.
10185.
10184.
10180.
10176.
10174.
10171.
10167.
10165.
10161.
10159.
10155.
10153.
10149.
10146.
10143.
10140.
10136.
10134.
10131.
10127.
10123.
10121.
10117.
10113.
10110.
10107.
10103.
10100.
10096.
10093.
10089.
10086.
10082.
10079.
10076.
10072.
10068.
10064.
10061.
10057.
10053.
10049.
10046.
10042.
10038.
10034.
10031.
10026.
10022.
10019.
10016.
10012.
10007.
10003.
9999.
9994.
9992.
9988.
9983.
9979.
9975.
9970.
9967.
9963.
9958.
9954.
9950.
9946.
9941.
9937.
9933.
9928.
9924.
9920.
9914.
9910.
9907.
9901.
9897.
9892.
9888.
9883.
9879.
9874.
9870.
9865.
9860.
9855.
9851.
9846.
9842.
9837.
9833.
9827.
9823.
9817.
9813.
9807.
9803.
9797.
9792.
9788.
9783.
9778.
9773.
9767.
9762.
9757.
9752.
9746.
9741.
9735.
9730.
9725.
9720.
9714.
9709.
9703.
9699.
9693.
9688.
9682.
9676.
9670.
9665.
9660.
9653.
9647.
9641.
9636.
9631.
9625.
9619.
9613.
9607.
9601.
9595.
9589.
9582.
9577.
9572.
9565.
9558.
9553.
9547.
9540.
9534.
9528.
9522.
9516.
9509.
9503.
9497.
9490.
9483.
9477.
9471.
9465.
9458.
9452.
9446.
9438.
9432.
9426.
9420.
9412.
9406.
9399.
9393.
9386.
9380.
9373.
9367.
9359.
9353.
9346.
9340.
9333.
9326.
9319.
9312.
9306.
9299.
9291.
9285.
9279.
9272.
9264.
9258.
9250.
9244.
9237.
9230.
9223.
9217.
9210.
9202.
9196.
9188.
9181.
9173.
9167.
9159.
9153.
9145.
9138.
9131.
9125.
9117.
9111.
9104.
9096.
9089.
9082.
9075.
9068.
9060.
9053.
9046.
9040.
9032.
9025.
9017.
9010.
9003.
8996.
8989.
8982.
8974.
8968.
8960.
8953.
8946.
8939.
8932.
8925.
8918.
8911.
8904.
8897.
8889.
8883.
8875.
8868.
8861.
8854.
8847.
8839.
8832.
8825.
8819.
8811.
8804.
8797.
8790.
8783.
8776.
8769.
8762.
8755.
8748.
8741.
8735.
8727.
8720.
8713.
8706.
8699.
8693.
8685.
8679.
8671.
8665.
8658.
8651.
8643.
8637.
8630.
8623.
8616.
8610.
8603.
8596.
8589.
8583.
8576.
8569.
8562.
8555.
8548.
8542.
8535.
8528.
8522.
8515.
8508.
8501.
8495.
8488.
8481.
8475.
8468.
8462.
8455.
8448.
8442.
8435.
8428.
8422.
8415.
8409.
8402.
8396.
8389.
8383.
8376.
8370.
8363.
8356.
8349.
8344.
8337.
8330.
8324.
8318.
8311.
8305.
8298.
8291.
8285.
8279.
8272.
8265.
8260.
8253.
8247.
8240.
8234.
8228.
8221.
8215.
8208.
8203.
8195.
8189.
8183.
8176.
8170.
8164.
8157.
8151.
8144.
8138.
8132.
8126.
8119.
8113.
8106.
8101.
8093.
8087.
8082.
8075.
8069.
8063.
8056.
8049.
8044.
8038.
8031.
8025.
8019.
8012.
8006.
8000.
7994.
7988.
7981.
7975.
7969.
7963.
7957.
7950.
7943.
7938.
7932.
7925.
7919.
7913.
7907.
7901.
7894.
7888.
7882.
7876.
7870.
7864.
7857.
7851.
7846.
7839.
7833.
7827.
7821.
7815.
7809.
7803.
7796.
7791.
7785.
7779.
7772.
7767.
7761.
7755.
7748.
7742.
7736.
7730.
7724.
7718.
7712.
7707.
7700.
7695.
7688.
7683.
7677.
7671.
7665.
7659.
7653.
7647.
7641.
7635.
7629.
7624.
7618.
7612.
7606.
7600.
7595.
7589.
7583.
7578.
7571.
7566.
7559.
7554.
7548.
7542.
7537.
7530.
7526.
7520.
7514.
7508.
7503.
7497.
7492.
7486.
7480.
7474.
7469.
7463.
7458.
7453.
7447.
7441.
7436.
7430.
7425.
7419.
7414.
7408.
7403.
7397.
7392.
7386.
7381.
7375.
7370.
7364.
7359.
7353.
7348.
7343.
7337.
7332.
7326.
7321.
7316.
7311.
7305.
7299.
7294.
7289.
7284.
7279.
7273.
7269.
7264.
7258.
7252.
7248.
7242.
7236.
7231.
7226.
7221.
7215.
7210.
7205.
7199.
7194.
7188.
7184.
7178.
7173.
7167.
7163.
7157.
7153.
7147.
7143.
7136.
7132.
7126.
7122.
7116.
7112.
7106.
7102.
7097.
7092.
7087.
7081.
7076.
7072.
7067.
7062.
7057.
7052.
7047.
7042.
7037.
7033.
7028.
7023.
7019.
7014.
7010.
7004.
6999.
6995.
6991.
6986.
6982.
6977.
6973.
6968.
6964.
6959.
6955.
6950.
6947.
6942.
6937.
6934.
6930.
6925.
6920.
6917.
6913.
6909.
6904.
6901.
6896.
6893.
6889.
6884.
6880.
6877.
6873.
6869.
6865.
6862.
6858.
6854.
6851.
6847.
6843.
6839.
6835.
6832.
6828.
6825.
6822.
6818.
6814.
6811.
6808.
6804.
6800.
6797.
6794.
6790.
6787.
6783.
6781.
6777.
6774.
6770.
6767.
6764.
6761.
6758.
6755.
6752.
6749.
6745.
6742.
6739.
6736.
6733.
6731.
6727.
6724.
6721.
6719.
6715.
6713.
6709.
6707.
6704.
6701.
6698.
6694.
6693.
6690.
6687.
6684.
6681.
6679.
6676.
6674.
6671.
6668.
6665.
6663.
6661.
6658.
6655.
6653.
6649.
6647.
6645.
6642.
6639.
6637.
6635.
6632.
6630.
6627.
6626.
6623.
6620.
6618.
6616.
6613.
6611.
6609.
6607.
6604.
6602.
6600.
6597.
6595.
6592.
6590.
6588.
6587.
6585.
6582.
6581.
6578.
6576.
6573.
6571.
6570.
6568.
6565.
6563.
6561.
6559.
6557.
6556.
6553.
6551.
6550.
6548.
6546.
6544.
6542.
6539.
6539.
6537.
6534.
6532.
6532.
6530.
6528.
6526.
6525.
6523.
6520.
6519.
6518.
6516.
6514.
6512.
6512.
6510.
6507.
6507.
6505.
6504.
6502.
6501.
6500.
6499.
6498.
6495.
6494.
6493.
6491.
6491.
6489.
6488.
6486.
6485.
6484.
6483.
6482.
6482.
6481.
6479.
6478.
6478.
6476.
6476.
6475.
6473.
6473.
6473.
6471.
6471.
6469.
6469.
6469.
6468.
6467.
6466.
6466.
6466.
6464.
6464.
6464.
6464.
6463.
6462.
6462.
6462.
6461.
6461.
6461.
6461.
6460.
6460.
6460.
6460.
6459.
6460.
6459.
6460.
6459.
6460.
6460.
6460.
6460.
6460.
6459.
6460.
6460.
6460.
6460.
6460.
6460.
6460.
6460.
6460.
6460.
6460.
6460.
6460.
6460.
6460.
6460.
6460.
6460.
6460.
6460.
6460.
6460.
6460.
6459.
6460.
6460.
6460.
6460.
6460.
6460.
6460.
6461.
6459.
6460.
6460.
6461.
6460.
6461.
6461.
6460.
6461.
6461.
6461.
6460.
6461.
6461.
6460.
6460.
6460.
6460.
6461.
6461.
6460.
6460.
6461.
6461.
6460.
6460.
6460.
6460.
6461.
6461.
6460.
6460.
6460.
6461.
6460.
6461.
6460.
6460.
6460.
6461.
6461.
6461.
6461.
6460.
6461.
6460.
6460.
6461.
6461.
6460.
6461.
6460.
6460.
6461.
6460.
6461.
6460.
6460.
6460.
6460.
6460.
6460.
6460.
6461.
6461.
6461.
6461.
6461.
6460.
6461.
6461.
6461.
6461.
6461.
6461.
6460.
6461.
6461.
6460.
6461.
6461.
6461.
6461.
6461.
6461.
6461.
6461.
6461.
6461.
6461.
6461.
6461.
6461.
6460.
6461.
6461.
6461.
6461.
6461.
6461.
6461.
6461.
6461.
6461.
6461.
6461.
6461.
6461.
6461.
6461.
6461.
6460.
6461.
6461.
6461.
6461.
6461.
6461.
6461.
6462.
6461.
6461.
6461.
6461.
6461.
6461.
6462.
6462.
6461.
6461.
6461.
6461.
6461.
6461.
6462.
6462.
6461.
6461.
6462.
6462.
6461.
6461.
6461.
6461.
6462.
6462.
6462.
6462.
6463.
6463.
6463.
6463.
6464.
6464.
6465.
6465.
6466.
6466.
6467.
6468.
6468.
6469.
6471.
6471.
6471.
6472.
6473.
6474.
6475.
6476.
6478.
6479.
6480.
6481.
6482.
6483.
6485.
6486.
6488.
6489.
6491.
6493.
6495.
6497.
6498.
6501.
6502.
6503.
6507.
6509.
6510.
6512.
6515.
6517.
6520.
6521.
6524.
6526.
6530.
6531.
6534.
6537.
6540.
6542.
6545.
6548.
6551.
6553.
6557.
6559.
6562.
6565.
6569.
6572.
6575.
6578.
6582.
6585.
6589.
6592.
6595.
6599.
6602.
6605.
6609.
6613.
6616.
6619.
6623.
6627.
6631.
6634.
6638.
6642.
6645.
6649.
6653.
6657.
6660.
6664.
6668.
6672.
6676.
6680.
6684.
6688.
6691.
6695.
6700.
6705.
6708.
6711.
6716.
6721.
6724.
6728.
6733.
6737.
6741.
6744.
6749.
6754.
6758.
6762.
6766.
6770.
6775.
6779.
6783.
6788.
6792.
6796.
6801.
6805.
6809.
6813.
6819.
6823.
6828.
6832.