10581.
10581.
10581.
10582.
10581.
10582.
10581.
10581.
10581.
10581.
10582.
10582.
10581.
10582.
10581.
10581.
10582.
10581.
10581.
10581.
10582.
10582.
10581.
10582.
10581.
10581.
10581.
10581.
10581.
10581.
10581.
10581.
10581.
10581.
10581.
10582.
10581.
10581.
10581.
10581.
10581.
10581.
10582.
10582.
10581.
10582.
10581.
10581.
10581.
10581.
10581.
10582.
10582.
10581.
10581.
10581.
10582.
10582.
10581.
10582.
10581.
10581.
10581.
10581.
10581.
10581.
10581.
10581.
10582.
10581.
10582.
10581.
10581.
10582.
10581.
10581.
10581.
10581.
10581.
10582.
10582.
10581.
10582.
10581.
10582.
10581.
10581.
10581.
10582.
10581.
10581.
10581.
10581.
10582.
10581.
10581.
10582.
10581.
10581.
10581.
10581.
10581.
10581.
10582.
10582.
10582.
10581.
10581.
10581.
10581.
10581.
10581.
10581.
10581.
10581.
10581.
10581.
10582.
10581.
10581.
10581.
10581.
10581.
10581.
10581.
10582.
10582.
10581.
10581.
10582.
10581.
10582.
10581.
10582.
10581.
10582.
10581.
10581.
10581.
10581.
10581.
10582.
10582.
10582.
10581.
10581.
10582.
10582.
10581.
10581.
10582.
10582.
10581.
10582.
10581.
10581.
10581.
10581.
10582.
10582.
10581.
10581.
10582.
10581.
10581.
10581.
10581.
10581.
10581.
10581.
10582.
10582.
10581.
10581.
10582.
10582.
10581.
10581.
10581.
10582.
10582.
10582.
10581.
10581.
10582.
10581.
10582.
10582.
10581.
10581.
10581.
10582.
10581.
10581.
10581.
10581.
10581.
10581.
10581.
10581.
10581.
10581.
10580.
10582.
10582.
10581.
10581.
10581.
10581.
10582.
10581.
10581.
10580.
10581.
10581.
10581.
10582.
10581.
10581.
10581.
10582.
10581.
10581.
10581.
10581.
10582.
10582.
10581.
10582.
10581.
10581.
10582.
10581.
10581.
10582.
10581.
10581.
10581.
10581.
10582.
10582.
10581.
10581.
10581.
10582.
10581.
10581.
10582.
10582.
10582.
10581.
10582.
10581.
10581.
10581.
10581.
10581.
10581.
10581.
10581.
10581.
10582.
10581.
10581.
10581.
10581.
10581.
10581.
10581.
10581.
10581.
10582.
10581.
10581.
10581.
10581.
10581.
10581.
10581.
10581.
10581.
10581.
10582.
10581.
10581.
10582.
10581.
10581.
10581.
10581.
10581.
10581.
10581.
10581.
10581.
10582.
10581.
10581.
10581.
10581.
10581.
10581.
10582.
10582.
10581.
10581.
10582.
10582.
10581.
10581.
10582.
10582.
10581.
10581.
10582.
10581.
10581.
10581.
10581.
10581.
10581.
10581.
10581.
10581.
10581.
10581.
10581.
10581.
10582.
10581.
10581.
10581.
10581.
10581.
10581.
10581.
10581.
10581.
10581.
10581.
10581.
10581.
10581.
10581.
10581.
10581.
10581.
10581.
10581.
10581.
10581.
10582.
10582.
10581.
10581.
10581.
10581.
10581.
10582.
10580.
10580.
10580.
10580.
10580.
10580.
10579.
10578.
10578.
10577.
10576.
10575.
10574.
10574.
10573.
10572.
10571.
10571.
10569.
10567.
10566.
10564.
10563.
10561.
10559.
10558.
10555.
10554.
10551.
10549.
10546.
10544.
10541.
10538.
10535.
10532.
10528.
10525.
10521.
10518.
10515.
10511.
10507.
10502.
10498.
10493.
10489.
10485.
10481.
10475.
10471.
10465.
10461.
10454.
10450.
10443.
10438.
10433.
10427.
10421.
10415.
10408.
10402.
10396.
10389.
10382.
10376.
10369.
10362.
10355.
10347.
10340.
10333.
10325.
10318.
10310.
10302.
10294.
10286.
10278.
10270.
10262.
10253.
10243.
10236.
10227.
10217.
10208.
10199.
10191.
10180.
10171.
10161.
10152.
10142.
10131.
10121.
10111.
10101.
10090.
10079.
10069.
10057.
10046.
10035.
10023.
10012.
10000.
9989.
9977.
9965.
9953.
9940.
9928.
9916.
9904.
9889.
9877.
9864.
9850.
9838.
9824.
9810.
9797.
9783.
9770.
9755.
9740.
9726.
9711.
9697.
9683.
9667.
9652.
9637.
9622.
9606.
9591.
9576.
9560.
9544.
9528.
9512.
9496.
9480.
9463.
9446.
9430.
9414.
9397.
9380.
9362.
9345.
9328.
9311.
9293.
9277.
9259.
9241.
9223.
9205.
9187.
9170.
9152.
9133.
9116.
9096.
9078.
9061.
9042.
9024.
9005.
8987.
8967.
8949.
8930.
8911.
8892.
8873.
8854.
8835.
8816.
8797.
8778.
8759.
8739.
8720.
8701.
8682.
8662.
8643.
8623.
8604.
8584.
8565.
8546.
8526.
8507.
8488.
8468.
8448.
8429.
8410.
8390.
8370.
8351.
8331.
8312.
8292.
8272.
8253.
8234.
8214.
8195.
8175.
8156.
8137.
8118.
8099.
8080.
8061.
8042.
8023.
8004.
7986.
7967.
7948.
7930.
7911.
7893.
7875.
7856.
7839.
7821.
7802.
7784.
7768.
7749.
7731.
7714.
7697.
7679.
7662.
7645.
7628.
7612.
7594.
7577.
7562.
7545.
7529.
7513.
7497.
7480.
7465.
7448.
7433.
7417.
7402.
7386.
7372.
7356.
7341.
7325.
7312.
7296.
7282.
7266.
7252.
7238.
7224.
7209.
7195.
7180.
7168.
7153.
7140.
7127.
7113.
7099.
7086.
7072.
7059.
7046.
7033.
7021.
7008.
6996.
6984.
6970.
6958.
6947.
6934.
6923.
6911.
6899.
6888.
6876.
6864.
6853.
6842.
6831.
6821.
6810.
6799.
6789.
6778.
6767.
6757.
6748.
6738.
6728.
6718.
6708.
6699.
6689.
6680.
6671.
6662.
6652.
6644.
6635.
6627.
6619.
6611.
6603.
6595.
6588.
6580.
6572.
6565.
6558.
6550.
6543.
6537.
6530.
6524.
6518.
6512.
6505.
6499.
6494.
6487.
6482.
6476.
6471.
6466.
6461.
6455.
6450.
6445.
6440.
6435.
6431.
6426.
6421.
6416.
6413.
6409.
6405.
6401.
6397.
6393.
6389.
6385.
6382.
6379.
6376.
6373.
6369.
6366.
6364.
6361.
6358.
6356.
6354.
6352.
6350.
6347.
6345.
6343.
6341.
6340.
6339.
6337.
6335.
6334.
6334.
6332.
6331.
6329.
6329.
6328.
6327.
6327.
6325.
6324.
6324.
6324.
6323.
6324.
6322.
6322.
6321.
6320.
6321.
6320.
6320.
6320.
6320.
6321.
6319.
6320.
6319.
6320.
6319.
6319.
6320.
6320.
6319.
6320.
6320.
6320.
6321.
6321.
6319.
6320.
6320.
6320.
6320.
6321.
6320.
6320.
6321.
6321.
6320.
6320.
6321.
6321.
6321.
6321.
6319.
6321.
6320.
6320.
6320.
6321.
6321.
6321.
6321.
6321.
6321.
6322.
6321.
6322.
6322.
6322.
6322.
6323.
6322.
6322.
6323.
6322.
6322.
6323.
6323.
6323.
6323.
6323.
6324.
6323.
6323.
6323.
6324.
6323.
6323.
6323.
6323.
6324.
6324.
6323.
6324.
6323.
6323.
6324.
6324.
6324.
6324.
6323.
6323.
6324.
6323.
6324.
6324.
6323.
6323.
6323.
6324.
6324.
6324.
6323.
6324.
6323.
6323.
6324.
6324.
6324.
6324.
6323.
6324.
6324.
6324.
6324.
6324.
6324.
6324.
6324.
6324.
6324.
6324.
6324.
6324.
6324.
6324.
6324.
6324.
6324.
6324.
6324.
6324.
6324.
6324.
6324.
6324.
6324.
6324.
6324.
6324.
6325.
6324.
6325.
6324.
6324.
6324.
6324.
6324.
6324.
6324.
6324.
6324.
6324.
6324.
6324.
6324.
6324.
6324.
6325.
6324.
6324.
6324.
6325.
6324.
6324.
6325.
6325.
6324.
6324.
6324.
6325.
6324.
6325.
6324.
6325.
6324.
6324.
6324.
6324.
6324.
6325.
6324.
6325.
6325.
6325.
6324.
6325.
6325.
6325.
6325.
6324.
6325.
6325.
6325.
6324.
6325.
6325.
6325.
6324.
6324.
6325.
6324.
6326.
6326.
6325.
6325.
6324.
6324.
6325.
6324.
6325.
6325.
6325.
6325.
6325.
6325.
6325.
6325.
6325.
6325.
6325.
6324.
6325.
6325.
6325.
6325.
6324.
6325.
6325.
6325.
6325.
6325.
6326.
6325.
6324.
6325.
6325.
6325.
6325.
6325.
6326.
6325.
6325.
6325.
6326.
6326.
6325.
6325.
6326.
6325.
6325.
6325.
6326.
6325.
6325.
6325.
6326.
6325.
6325.
6325.
6325.
6326.
6325.
6325.
6326.
6325.
6325.
6326.
6326.
6325.
6325.
6325.
6325.
6325.
6325.
6326.
6326.
6325.
6325.
6325.
6325.
6325.
6325.
6325.
6325.
6325.
6326.
6325.
6325.
6325.
6325.
6326.
6326.
6325.
6325.
6325.
6325.
6325.
6325.
6325.
6326.
6326.
6326.
6325.
6326.
6326.
6325.
6326.
6325.
6326.
6326.
6325.
6326.
6326.
6326.
6326.
6326.
6326.
6326.
6325.
6326.
6325.
6326.
6326.
6325.
6326.
6326.
6325.
6326.
6326.
6326.
6325.
6326.
6326.
6326.
6327.
6326.
6326.
6326.
6326.
6326.
6325.
6326.
6326.
6326.
6326.
6326.
6325.
6326.
6326.
6326.
6326.
6326.
6326.
6325.
6325.
6326.
6326.
6326.
6326.
6325.
6326.
6326.
6326.
6326.
6326.
6326.
6326.
6326.
6326.
6325.
6326.
6326.
6326.
6326.
6326.
6325.
6326.
6326.
6326.
6327.
6326.
6326.
6326.
6326.
6325.
6327.
6326.
6326.
6326.
6326.
6326.
6326.
6326.
6325.
6326.
6326.
6326.
6326.
6327.
6327.
6326.
6326.
6326.
6326.
6326.
6326.
6326.
6326.
6327.
6327.
6326.
6326.
6326.
6326.
6326.
6326.
6326.
6326.
6326.
6326.
6327.
6327.
6326.
6326.
6327.
6327.
6327.
6327.
6327.
6327.
6328.
6328.
6329.
6329.
6329.
6330.
6330.
6331.
6332.
6332.
6333.
6334.
6335.
6335.
6336.
6337.
6338.
6339.
6340.
6341.
6342.
6344.
6345.
6347.
6347.
6348.
6351.
6353.
6354.
6356.
6358.
6359.
6362.
6364.
6367.
6369.
6372.
6374.
6377.
6380.
6383.
6386.
6389.
6392.
6396.
6399.
6403.
6408.
6411.
6415.
6419.
6424.
6429.
6432.
6437.
6442.
6447.
6452.
6458.
6464.
6469.
6475.
6481.
6487.
6493.
6500.
6507.
6514.
6520.
6527.
6534.
6542.
6549.
6558.
6565.
6573.
6582.
6590.
6599.
6608.
6617.
6625.
6635.
6644.
6654.
6663.
6673.
6683.
6693.
6704.
6714.
6725.
6736.
6747.
6758.
6770.
6781.
6793.
6804.
6817.
6828.
6840.
6853.
6865.
6879.
6891.
6905.
6917.
6931.
6944.
6958.
6972.
6986.
7000.
7014.
7029.
7044.
7059.
7073.
7088.
7102.
7119.
7134.
7149.
7165.
7181.
7196.
7212.
7229.
7245.
7261.
7278.
7294.
7311.
7328.
7345.
7362.
7379.
7396.
7413.
7431.
7448.
7466.
7483.
7501.
7519.
7537.
7555.
7573.
7591.
7610.
7627.
7646.
7665.
7683.
7702.
7720.
7739.
7758.
7777.
7796.
7815.
7834.
7853.
7872.
7890.
7909.
7929.
7948.
7967.
7987.
8006.
8025.
8045.
8064.
8084.
8103.
8123.
8141.
8161.
8180.
8199.
8219.
8238.
8257.
8277.
8296.
8316.
8335.
8355.
8374.
8393.
8412.
8431.
8451.
8469.
8489.
8508.
8527.
8546.
8565.
8584.
8603.
8622.
8641.
8660.
8678.
8696.
8715.
8734.
8752.
8771.
8789.
8807.
8826.
8845.
8863.
8881.
8900.
8918.
8936.
8954.
8972.
8991.
9008.
9026.
9044.
9061.
9079.
9097.
9115.
9132.
9150.
9167.
9185.
9202.
9220.
9237.
9255.
9271.
9289.
9305.
9322.
9339.
9355.
9372.
9389.
9405.
9422.
9438.
9454.
9470.
9486.
9502.
9518.
9533.
9549.
9565.
9580.
9595.
9611.
9626.
9641.
9656.
9671.
9685.
9700.
9715.
9729.
9742.
9757.
9770.
9785.
9799.
9812.
9825.
9839.
9852.
9865.
9878.
9891.
9904.
9917.
9929.
9941.
9954.
9966.
9977.
9990.
10001.
10013.
10024.
10036.
10047.
10058.
10068.
10080.
10090.
10100.
10110.
10121.
10132.
10140.
10151.
10160.
10170.
10180.
10189.
10198.
10206.
10215.
10224.
10232.
10241.
10250.
10257.
10265.
10274.
10282.
10289.
10296.
10304.
10311.
10318.
10326.
10332.
10338.
10345.
10352.
10359.
10365.
10371.
10377.
10383.
10388.
10394.
10400.
10405.
10410.
10416.
10421.
10426.
10431.
10436.
10440.
10445.
10449.
10453.
10458.
10462.
10466.
10470.
10473.
10477.
10481.
10485.
10487.
10491.
10495.
10498.
10500.
10504.
10507.
10510.
10512.
10515.
10518.
10520.
10521.
10524.
10526.
10528.
10530.
10533.
10535.
10536.
10538.
10539.
10541.
10542.
10543.
10546.
10547.
10547.
10549.
10550.
10551.
10552.
10552.
10553.
10554.
10555.
10555.
10557.
10557.
10557.
10558.
10558.
10558.
10559.
10559.
10559.
10560.
10560.
10560.
10560.
10560.
10560.
10560.
10560.
10559.
10559.
10559.
10559.
10558.
10559.
10558.
10559.
10559.
10559.
10559.
10559.
10559.
10558.
10558.
10559.
10558.
10558.
10558.
10559.
10558.
10558.
10558.
10558.
10559.
10558.
10558.
10558.
10559.
10558.
10558.
10558.
10559.
10558.
10558.
10558.
10558.
10557.
10557.
10558.
10558.
10558.
10558.
10557.
10557.
10558.
10557.
10558.
10558.
10558.
10558.
10557.
10557.
10557.
10557.
10558.
10558.
10557.
10557.
10558.
10558.
10557.
10557.
10557.
10557.
10557.
10557.
10557.
10557.
10557.
10557.
10557.
10557.
10557.
10557.
10557.
10557.
10557.
10557.
10557.
10557.
10556.
10557.
10557.
10557.
10558.
10557.
10557.
10556.
10557.
10557.
10556.
10557.
10557.
10557.
10557.
10556.
10557.
10557.
10557.
10557.
10557.
10556.
10556.
10556.
10556.
10557.
10557.
10556.
10556.
10556.
10557.
10556.
10556.
10556.
10557.
10557.
10556.
10557.
10556.
10556.
10556.
10556.
10556.
10557.
10556.
10556.
10556.
10556.
10556.
10556.
10556.
10556.
10556.
10556.
10556.
10556.
10556.
10556.
10556.
10556.
10556.
10556.
10556.
10556.
10556.
10556.
10556.
10556.
10556.
10557.
10556.
10555.
10555.
10555.
10556.
10556.
10556.
10556.
10556.
10556.
10556.
10557.
10556.
10555.
10556.
10556.
10556.
10556.
10556.
10556.
10556.
10555.
10556.
10556.
10556.
10556.
10556.
10556.
10555.
10556.
10556.
10556.
10556.
10556.
10556.
10556.
10555.
10556.
10556.
10555.
10556.
10556.
10556.
10555.
10556.
10555.
10555.
10556.
10556.
10555.
10556.
10555.
10556.
10555.
10556.
10555.
10555.
10555.
10555.
10555.
10555.
10555.
10556.
10555.
10555.
10555.
10556.
10555.
10555.
10555.
10555.
10555.
10555.
10555.
10556.
10555.
10555.
10556.
10556.
10555.
10556.
10555.
10555.
10555.
10555.
10555.
10555.
10555.
10555.
10555.
10555.
10555.
10555.
10555.
10555.
10555.
10555.
10556.
10555.
10555.
10555.
10556.
10555.
10555.
10555.
10555.
10555.
10555.
10555.
10555.
10555.
10555.
10555.
10556.
10555.
10555.
10555.
10555.
10555.
10555.
10555.
10555.
10555.
10555.
10555.
10555.
10555.
10555.
10555.
10555.
10555.
10555.
10555.
10555.
10555.
10555.
10554.
10554.
10555.
10555.
10555.
10555.
10555.
10555.
10554.
10554.
10555.
10555.
10555.
10554.
10554.
10554.
10555.
10555.
10555.
10555.
10555.
10555.
10554.
10555.
10554.
10555.
10555.
10555.
10555.
10555.
10555.
10555.
10554.
10554.
10555.
10555.
10555.
10555.
10554.
10554.
10554.
10554.
10555.
10555.
10555.
10555.
10555.
10555.
10554.
10554.
10555.
10554.
10554.
10554.
10554.
10555.
10555.
10554.
10555.
10555.
10554.
10555.
10554.
10554.
10555.
10554.
10554.
10555.
10555.
10554.
10554.
10554.
10554.
10554.
10555.
10555.
10555.
10554.
10554.
10554.
10554.
10554.
10554.
10555.
10555.
10554.
10555.
10554.
10555.
10554.
10554.
10555.
10554.
10555.
10554.
10554.
10555.
10555.
10555.
10555.
10554.
10554.
10555.
10554.
10554.
10554.
10554.
10554.
10554.
10555.
10554.
10554.
10555.
10554.
10554.
10554.
10554.
10554.
10554.
10554.
10555.
10555.
10554.
10554.
10554.
10555.
10554.
10554.
10554.
10554.
10554.
10554.
10554.
10554.
10554.
10554.
10554.
10554.
10554.
10554.
10554.
10554.
10554.
10554.
10554.
10554.
10553.
10553.
10553.
10553.
10553.
10553.
10553.
10552.
10553.
10552.
10552.
10552.
10552.
10551.
10552.
10551.
10550.
10550.
10551.
10550.
10549.
10549.
10549.
10548.
10548.
10547.
10548.
10547.
10546.
10546.
10545.
10544.
10544.
10543.
10542.
10541.
10541.
10540.
10540.
10539.
10539.
10537.
10537.
10536.
10535.
10533.
10533.
10531.
10532.
10530.
10530.
10528.
10527.
10525.
10525.
10523.
10522.
10521.
10520.
10518.
10516.
10514.
10514.
10512.
10509.
10508.
10507.
10504.
10503.
10500.
10498.
10496.
10495.
10492.
10490.
10488.
10485.
10483.
10480.
10477.
10475.
10472.
10469.
10466.
10463.
10460.
10457.
10453.
10450.
10448.
10443.
10438.
10435.
10432.
10428.
10423.
10419.
10415.
10411.
10406.
10402.
10398.
10392.
10388.
10383.
10378.
10372.
10367.
10361.
10356.
10351.
10345.
10338.
10333.
10327.
10321.
10316.
10309.
10303.
10296.
10290.
10283.
10276.
10269.
10262.
10256.
10249.
10241.
10234.
10227.
10220.
10212.
10204.
10197.
10189.
10181.
10174.
10165.
10157.
10149.
10141.
10132.
10123.
10114.
10106.
10097.
10088.
10079.
10070.
10060.
10052.
10042.
10033.
10023.
10013.
10003.
9993.
9983.
9973.
9963.
9952.
9942.
9931.
9921.
9910.
9899.
9888.
9877.
9865.
9854.
9843.
9832.
9820.
9809.
9797.
9785.
9773.
9760.
9748.
9735.
9723.
9711.
9698.
9685.
9672.
9659.
9646.
9634.
9620.
9607.
9593.
9580.
9566.
9553.
9539.
9524.
9510.
9497.
9482.
9468.
9453.
9439.
9424.
9409.
9395.
9380.
9366.
9350.
9335.
9320.
9305.
9289.
9275.
9259.
9244.
9227.
9212.
9196.
9180.
9165.
9148.
9133.
9117.
9101.
9084.
9069.
9053.
9036.
9020.
9004.
8987.
8971.
8955.
8937.
8921.
8905.
8888.
8872.
8854.
8838.
8821.
8804.
8788.
8770.
8753.
8737.
8720.
8703.
8686.
8669.
8652.
8635.
8618.
8601.
8584.
8566.
8549.
8532.
8515.
8497.
8480.
8464.
8446.
8428.
8411.
8394.
8377.
8359.
8342.
8324.
8307.
8289.
8272.
8255.
8237.
8220.
8203.
8186.
8167.
8151.
8132.
8116.
8098.
8081.
8062.
8045.
8028.
8010.
7993.
7976.
7958.
7940.
7923.
7906.
7889.
7871.
7854.
7837.
7819.
7802.
7785.
7767.
7750.
7733.
7716.
7699.
7682.
7665.
7648.
7631.
7614.
7597.
7580.
7564.
7547.
7530.
7514.
7498.
7483.
7465.
7448.
7433.
7417.
7401.
7384.
7369.
7353.
7338.
7322.
7307.
7291.
7276.
7261.
7246.
7230.
7215.
7200.
7185.
7171.
7156.
7142.
7127.
7114.
7099.
7085.
7071.
7057.
7043.
7030.
7017.
7003.
6990.
6977.
6964.
6951.
6938.
6926.
6913.
6901.
6889.
6878.
6866.
6853.
6841.
6831.
6819.
6808.
6797.
6787.
6776.
6766.
6755.
6745.
6735.
6725.
6715.
6706.
6697.
6686.
6677.
6669.
6660.
6651.
6642.
6634.
6625.
6618.
6609.
6602.
6594.
6587.
6579.
6571.
6565.
6557.
6550.
6544.
6537.
6531.
6525.
6518.
6512.
6506.
6501.
6495.
6489.
6484.
6478.
6473.
6468.
6464.
6459.
6454.
6449.
6445.
6441.
6437.
6433.
6429.
6425.
6421.
6418.
6414.
6410.
6407.
6405.
6400.
6398.
6394.
6392.
6389.
6387.
6385.
6382.
6379.
6378.
6376.
6374.
6371.
6369.
6368.
6366.
6364.
6362.
6361.
6360.
6359.
6357.
6356.
6355.
6354.
6353.
6352.
6351.
6351.
6350.
6349.
6348.
6347.
6347.
6346.
6347.
6345.
6344.
6345.
6344.
6344.
6344.
6344.
6345.
6344.
6344.
6344.
6343.
6344.
6344.
6344.
6344.
6345.
6344.
6344.
6345.
6345.
6345.
6346.
6346.
6346.
6346.
6346.
6346.
6347.
6347.
6347.
6347.
6347.
6348.
6348.
6348.
6349.
6349.
6350.
6350.
6350.
6350.
6350.
6351.
6351.
6352.
6352.
6353.
6353.
6353.
6353.
6354.
6354.
6354.
6355.
6355.
6355.
6356.
6356.
6356.
6357.
6357.
6357.
6358.
6357.
6358.
6358.
6358.
6358.
6359.
6359.
6359.
6359.
6360.
6360.
6360.
6360.
6361.
6361.
6360.
6361.
6361.
6361.
6361.
6361.
6361.
6361.
6362.
6362.
6362.
6362.
6362.
6362.
6362.
6362.
6362.
6362.
6363.
6363.
6363.
6362.
6363.
6362.
6363.
6363.
6363.
6362.
6363.
6362.
6363.
6363.
6362.
6363.
6363.
6363.
6363.
6363.
6364.
6363.
6363.
6363.
6363.
6363.
6363.
6363.
6364.
6363.
6362.
6363.
6363.
6363.
6364.
6363.
6363.
6363.
6363.
6363.
6363.
6363.
6363.
6363.
6363.
6363.
6363.
6363.
6365.
6362.
6363.
6363.
6363.
6363.
6363.
6363.
6363.
6364.
6364.
6363.
6363.
6364.
6364.
6363.
6363.
6363.
6363.
6364.
6363.
6364.
6363.
6365.
6364.
6363.
6363.
6363.
6364.
6363.
6364.
6364.
6364.
6364.
6364.
6363.
6364.
6363.
6364.
6363.
6364.
6364.
6364.
6364.
6364.
6364.
6364.
6365.
6364.
6364.
6364.
6364.
6364.
6364.
6364.
6364.
6364.
6364.
6364.
6365.
6364.
6365.
6364.
6364.
6364.
6364.
6364.
6364.
6364.
6364.
6364.
6365.
6364.
6364.
6364.
6364.
6365.
6365.
6364.
6364.
6364.
6364.
6364.
6364.
6365.
6365.
6364.
6364.
6365.
6364.
6364.
6365.
6364.
6364.
6365.
6364.
6364.
6364.
6364.
6365.
6364.
6364.
6364.
6364.
6364.
6365.
6364.
6365.
6365.
6365.
6364.
6365.
6364.
6364.
6365.
6365.
6365.
6364.
6364.
6365.
6366.
6365.
6365.
6365.
6364.
6365.
6365.
6365.
6365.
6365.
6365.
6365.
6364.
6365.
6365.
6365.
6365.
6365.
6365.
6365.
6365.
6365.
6365.
6365.
6365.
6365.
6365.
6365.
6365.
6364.
6365.
6365.
6365.
6365.
6365.
6365.
6365.
6365.
6365.
6366.
6365.
6365.
6365.
6366.
6365.
6366.
6365.
6364.
6365.
6365.
6365.
6365.
6365.
6366.
6365.
6365.
6365.
6365.
6365.
6365.
6365.
6365.
6365.
6365.
6365.
6365.
6364.
6365.
6365.
6365.
6365.
6365.
6365.
6365.
6365.
6366.
6365.
6365.
6365.
6365.
6365.
6366.
6365.
6365.
6365.
6365.
6365.
6365.
6365.
6365.
6365.
6365.
6365.
6365.
6366.
6366.
6365.
6365.
6365.
6365.
6365.
6365.
6365.
6365.
6365.
6366.
6365.
6365.
6365.
6366.
6366.
6365.
6364.
6365.
6365.
6365.
6365.
6365.
6365.
6365.
6365.
6366.
6365.
6365.
6365.
6365.
6366.
6365.
6365.
6365.
6366.
6365.
6365.
6365.
6365.
6365.
6365.
6365.
6365.
6365.
6365.
6366.
6366.
6365.
6365.
6365.
6366.
6365.
6365.
6366.
6366.
6365.
6365.
6365.
6365.
6366.
6365.
6366.
6366.
6365.
6365.
6365.
6365.
6366.
6366.
6365.
6366.
6366.
6366.
6365.
6365.
6366.
6366.
6366.
6365.
6366.
6365.
6365.
6366.
6365.
6366.
6365.
6366.
6366.
6365.
6366.
6365.
6365.
6366.
6365.
6366.
6366.
6366.
6366.
6367.
6366.
6367.
6367.
6368.
6368.
6369.
6369.
6369.
6369.
6371.
6371.
6371.
6372.
6372.
6373.
6374.
6374.
6375.
6376.
6376.
6377.
6378.
6378.
6379.
6380.
6381.
6382.
6382.
6383.
6384.
6385.
6386.
6387.
6387.
6389.
6390.
6391.
6392.
6394.
6394.
6396.
6397.
6398.
6400.
6400.
6402.
6403.
6403.
6405.
6406.
6408.
6408.
6410.
6411.
6413.
6414.
6416.
6416.
6418.
6420.
6422.
6423.
6424.
6427.
6429.
6429.
6431.
6433.
6435.
6437.
6439.
6441.
6443.
6444.
6446.
6449.
6451.
6453.
6455.
6458.
6460.
6463.
6465.
6469.
6470.
6472.
6475.
6478.
6481.
6484.
6488.
6491.
6494.
6497.
6501.
6504.
6507.
6511.
6515.
6519.
6523.
6527.
6531.
6535.
6539.
6544.
6549.
6554.
6558.
6562.
6568.
6573.
6577.
6583.
6588.
6594.
6599.
6606.
6611.
6618.
6623.
6630.
6636.
6643.
6649.
6656.
6663.
6669.
6677.
6683.
6691.
6697.
6706.
6714.
6721.
6728.
6736.
6745.
6753.
6762.
6770.
6778.
6787.
6796.
6804.
6814.
6823.
6833.
6842.
6852.
6860.
6871.
6880.
6890.
6901.
6911.
6921.
6932.
6942.
6952.
6963.
6974.
6985.
6996.
7007.
7018.
7029.
7041.
7053.
7065.
7077.
7088.
7100.
7112.
7124.
7137.
7149.
7162.
7174.
7186.
7200.
7212.
7226.
7238.
7252.
7265.
7279.
7292.
7305.
7319.
7333.
7346.
7360.
7374.
7389.
7403.
7417.
7431.
7446.
7460.
7475.
7489.
7505.
7519.
7534.
7549.
7564.
7579.
7594.
7609.
7625.
7640.
7655.
7671.
7686.
7702.
7718.
7734.
7750.
7765.
7781.
7798.
7814.
7831.
7846.
7863.
7879.
7896.
7912.
7928.
7945.
7961.
7979.
7995.
8012.
8028.
8046.
8063.
8080.
8097.
8113.
8130.
8147.
8164.
8181.
8199.
8215.
8232.
8250.
8267.
8284.
8301.
8319.
8335.
8353.
8371.
8388.
8405.
8423.
8440.
8457.
8474.
8492.
8509.
8527.
8544.
8562.
8579.
8597.
8613.
8632.
8648.
8667.
8684.
8701.
8718.
8736.
8753.
8771.
8788.
8804.
8822.
8839.
8855.
8873.
8890.
8907.
8925.
8942.
8958.
8975.
8992.
9009.
9026.
9043.
9059.
9076.
9092.
9109.
9125.
9142.
9159.
9174.
9191.
9206.
9223.
9239.
9255.
9271.
9288.
9303.
9318.
9335.
9350.
9365.
9381.
9396.
9412.
9427.
9442.
9457.
9472.
9487.
9502.
9517.
9533.
9547.
9561.
9576.
9590.
9605.
9618.
9633.
9646.
9661.
9675.
9689.
9702.
9716.
9730.
9744.
9757.
9771.
9784.
9796.
9810.
9823.
9835.
9848.
9861.
9874.
9886.
9898.
9910.
9922.
9935.
9947.
9959.
9971.
9982.
9993.
10005.
10017.
10027.
10039.
10049.
10060.
10071.
10081.
10092.
10102.
10111.
10122.
10133.
10142.
10153.
10161.
10171.
10180.
10190.
10199.
10208.
10218.
10226.
10234.
10242.
10251.
10259.
10268.
10276.
10284.
10290.
10298.
10306.
10314.
10321.
10328.
10335.
10342.
10348.
10356.
10363.
10368.
10375.
10381.
10388.
10393.
10399.
10405.
10410.
10416.
10421.
10426.
10431.
10436.
10441.
10446.
10452.
10456.
10459.
10464.
10469.
10473.
10476.
10481.
10485.
10488.
10492.
10495.
10499.
10503.
10505.
10509.
10513.
10516.
10518.
10521.
10524.
10527.
10529.
10533.
10535.
10538.
10540.
10542.
10544.
10547.
10549.
10551.
10553.
10554.
10556.
10558.
10560.
10562.
10563.
10565.
10566.
10568.
10570.
10572.
10572.
10574.
10575.
10577.
10578.
10579.
10580.
10581.
10582.
10583.
10584.
10585.
10585.
10586.
10587.
10588.
10588.
10589.
10589.
10590.
10590.
10590.
10591.
10591.
10591.
10592.
10592.
10591.
10591.
10591.
10592.
10592.
10591.
10592.
10591.
10592.
10591.
10591.
10591.
10590.
10591.
10591.
10590.
10591.
10590.
10591.
10590.
10590.
10590.
10591.
10590.
10590.
10590.
10590.
10590.
10590.
10590.
10589.
10589.
10589.
10589.
10590.
10589.
10590.
10590.
10590.
10589.
10589.
10590.
10590.
10589.
10589.
10589.
10589.
10589.
10589.
10589.
10589.
10589.
10590.
10589.
10590.
10589.
10589.
10589.
10589.
10589.
10590.
10589.
10589.
10589.
10589.
10589.
10589.
10589.
10589.
10589.
10589.
10589.
10589.
10589.
10589.
10589.
10589.
10590.
10589.
10589.
10589.
10589.
10589.
10588.
10589.
10588.
10589.
10588.
10589.
10589.
10589.
10589.
10588.
10588.
10589.
10588.
10589.
10588.
10588.
10589.
10588.
10588.
10588.
10588.
10588.
10588.
10589.
10589.
10588.
10588.
10588.
10589.
10588.
10588.
10588.
10588.
10588.
10588.
10588.
10588.
10588.
10589.
10588.
10588.
10588.
10588.
10588.
10588.
10588.
10588.
10588.
10588.
10587.
10588.
10588.
10588.
10589.
10588.
10589.
10588.
10588.
10588.
10589.
10588.
10588.
10588.
10587.
10588.
10587.
10588.
10587.
10588.
10587.
10588.
10587.
10588.
10588.
10587.
10587.
10588.
10587.
10588.
10588.
10588.
10588.
10588.
10588.
10588.
10587.
10588.
10589.
10587.
10587.
10587.
10588.
10588.
10588.
10587.
10588.
10587.
10587.
10587.
10587.
10587.
10587.
10587.
10587.
10587.
10587.
10588.
10588.
10587.
10587.
10588.
10588.
10587.
10587.
10587.
10587.
10587.
10587.
10587.
10587.
10587.
10587.
10588.
10587.
10587.
10587.
10587.
10587.
10587.
10587.
10587.
10587.
10587.
10587.
10587.
10587.
10588.
10587.
10586.
10587.
10587.
10587.
10587.
10587.
10587.
10587.
10587.
10587.
10587.
10587.
10587.
10587.
10587.
10587.
10587.
10587.
10587.
10587.
10587.
10587.
10587.
10586.
10586.
10587.
10587.
10587.
10586.
10587.
10587.
10587.
10587.
10587.
10587.
10587.
10587.
10587.
10587.
10586.
10586.
10587.
10587.
10587.
10587.
10587.
10587.
10587.
10586.
10586.
10586.
10587.
10586.
10587.
10586.
10587.
10587.
10587.
10586.
10587.
10586.
10587.
10586.
10586.
10586.
10586.
10586.
10586.
10586.
10586.
10586.
10587.
10586.
10586.
10586.
10586.
10587.
10588.
10586.
10586.
10586.
10587.
10586.
10586.
10585.
10585.
10585.
10585.
10585.
10585.
10585.
10585.
10585.
10585.
10584.
10584.
10584.
10584.
10583.
10583.
10583.
10583.
10582.
10582.
10581.
10581.
10581.
10581.
10580.
10580.
10580.
10580.
10580.
10580.
10580.
10579.
10578.
10577.
10577.
10576.
10576.
10576.
10575.
10575.
10575.
10574.
10573.
10573.
10572.
10571.
10572.
10571.
10570.
10570.
10570.
10568.
10568.
10567.
10568.
10566.
10565.
10565.
10564.
10564.
10564.
10563.
10563.
10561.
10560.
10560.
10559.
10559.
10558.
10557.
10557.
10556.
10555.
10555.
10554.
10553.
10553.
10551.
10552.
10551.
10550.
10548.
10548.
10547.
10546.
10546.
10545.
10543.
10543.
10542.
10541.
10540.
10539.
10538.
10537.
10536.
10535.
10534.
10533.
10533.
10531.
10530.
10529.
10528.
10528.
10526.
10525.
10524.
10522.
10522.
10521.
10519.
10518.
10517.
10516.
10515.
10512.
10512.
10511.
10509.
10508.
10507.
10505.
10504.
10502.
10501.
10499.
10497.
10496.
10495.
10492.
10492.
10491.
10489.
10487.
10485.
10484.
10482.
10480.
10479.
10477.
10474.
10472.
10472.
10470.
10467.
10465.
10463.
10462.
10460.
10457.
10456.
10453.
10451.
10448.
10446.
10444.
10440.
10439.
10436.
10434.
10431.
10428.
10426.
10423.
10420.
10416.
10414.
10410.
10407.
10403.
10400.
10397.
10394.
10391.
10386.
10382.
10379.
10375.
10370.
10366.
10362.
10358.
10353.
10348.
10343.
10339.
10334.
10330.
10324.
10320.
10314.
10310.
10304.
10298.
10293.
10287.
10282.
10276.
10270.
10264.
10258.
10252.
10246.
10239.
10232.
10226.
10219.
10212.
10205.
10198.
10191.
10184.
10176.
10169.
10163.
10155.
10147.
10139.
10131.
10123.
10115.
10106.
10098.
10089.
10081.
10072.
10064.
10054.
10046.
10036.
10028.
10017.
10009.
10000.
9990.
9980.
9970.
9960.
9951.
9940.
9929.
9919.
9909.
9899.
9887.
9877.
9866.
9855.
9844.
9833.
9821.
9811.
9799.
9787.
9776.
9763.
9752.
9739.
9728.
9716.
9703.
9690.
9678.
9666.
9653.
9641.
9627.
9614.
9601.
9589.
9575.
9562.
9549.
9536.
9522.
9509.
9495.
9481.
9467.
9453.
9438.
9425.
9411.
9397.
9383.
9369.
9354.
9339.
9325.
9311.
9296.
9282.
9267.
9252.
9237.
9221.
9206.
9191.
9176.
9160.
9145.
9130.
9115.
9099.
9084.
9069.
9054.
9037.
9022.
9006.
8991.
8974.
8958.
8943.
8926.
8911.
8895.
8879.
8863.
8847.
8831.
8815.
8799.
8782.
8765.
8750.
8733.
8718.
8702.
8685.
8669.
8652.
8636.
8620.
8603.
8587.
8571.
8555.
8538.
8521.
8506.
8489.
8472.
8457.
8440.
8424.
8407.
8391.
8374.
8357.
8341.
8323.
8308.
8292.
8275.
8258.
8242.
8227.
8209.
8192.
8176.
8159.
8143.
8126.
8111.
8094.
8077.
8060.
8045.
8028.
8012.
7995.
7979.
7963.
7945.
7929.
7912.
7897.
7881.
7865.
7848.
7832.
7817.
7800.
7785.
7769.
7753.
7737.
7721.
7705.
7690.
7674.
7658.
7642.
7627.
7613.
7597.
7581.
7567.
7552.
7537.
7523.
7507.
7493.
7478.
7463.
7449.
7435.
7420.
7406.
7393.
7378.
7364.
7351.
7337.
7322.
7308.
7295.
7282.
7269.
7255.
7243.
7229.
7215.
7203.
7190.
7178.
7166.
7153.
7141.
7129.
7117.
7105.
7093.
7082.
7070.
7059.
7048.
7036.
7025.
7015.
7003.
6992.
6981.
6971.
6960.
6949.
6940.
6930.
6919.
6910.
6899.
6890.
6880.
6870.
6861.
6851.
6843.
6833.
6824.
6815.
6806.
6798.
6789.
6780.
6772.
6764.
6756.
6748.
6740.
6733.
6725.
6717.
6710.
6702.
6694.
6688.
6681.
6674.
6667.
6660.
6653.
6648.
6642.
6635.
6628.
6623.
6617.
6612.
6606.
6600.
6595.
6589.
6584.
6579.
6573.
6569.
6563.
6559.
6554.
6550.
6545.
6541.
6536.
6532.
6528.
6524.
6520.
6517.
6513.
6509.
6506.
6502.
6500.
6497.
6493.
6491.
6487.
6484.
6482.
6480.
6477.
6476.
6473.
6471.
6469.
6467.
6466.
6464.
6463.
6461.
6460.
6459.
6457.
6456.
6455.
6454.
6453.
6451.
6452.
6450.
6449.
6448.
6448.
6448.
6448.
6447.
6446.
6446.
6446.
6446.
6446.
6446.
6446.
6446.
6446.
6447.
6446.
6447.
6447.
6447.
6447.
6448.
6448.
6448.
6448.
6449.
6449.
6450.
6450.
6451.
6451.
6451.
6451.
6453.
6452.
6454.
6454.
6455.
6455.
6455.
6456.
6456.
6457.
6457.
6458.
6459.
6460.
6461.
6461.
6461.
6462.
6463.
6464.
6464.
6465.
6465.
6466.
6466.
6468.
6468.
6470.
6470.
6471.
6471.
6472.
6473.
6473.
6474.
6475.
6475.
6476.
6476.
6476.
6477.
6478.
6479.
6479.
6480.
6480.
6481.
6481.
6481.
6482.
6482.
6483.
6483.
6484.
6484.
6485.
6485.
6486.
6486.
6486.
6486.
6487.
6487.
6487.
6487.
6488.
6488.
6488.
6489.
6488.
6489.
6489.
6490.
6489.
6490.
6490.
6490.
6489.
6490.
6491.
6491.
6490.
6491.
6490.
6491.
6491.
6491.
6491.
6491.
6491.
6492.
6491.
6492.
6492.
6492.
6492.
6492.
6492.
6493.
6492.
6492.
6493.
6493.
6492.
6493.
6492.
6494.
6494.
6493.
6493.
6494.
6494.
6494.
6494.
6494.
6493.
6493.
6493.
6493.
6493.
6493.
6493.
6494.
6494.
6494.
6493.
6494.
6494.
6493.
6493.
6493.
6494.
6493.
6494.
6493.
6494.
6493.
6494.
6494.
6494.
6494.
6494.
6494.
6494.
6495.
6494.
6494.
6494.
6494.
6494.
6495.
6494.
6494.
6494.
6495.
6494.
6494.
6494.
6495.
6494.
6494.
6494.
6494.
6494.
6494.
6494.
6494.
6494.
6494.
6494.
6494.
6494.
6494.
6494.
6495.
6494.
6494.
6494.
6494.
6494.
6494.
6494.
6494.
6494.
6494.
6494.
6494.
6494.
6494.
6495.
6495.
6494.
6494.
6494.
6494.
6495.
6494.
6495.
6495.
6494.
6495.
6494.
6494.
6494.
6494.
6494.
6494.
6495.
6494.
6494.
6494.
6494.
6494.
6494.
6495.
6494.
6494.
6494.
6494.
6494.
6495.
6494.
6494.
6494.
6495.
6494.
6495.
6494.
6495.
6494.
6495.
6496.
6494.
6494.
6495.
6495.
6495.
6495.
6494.
6494.
6495.
6495.
6495.
6495.
6495.
6495.
6495.
6495.
6495.
6495.
6495.
6495.
6494.
6494.
6495.
6495.
6494.
6495.
6495.
6495.
6495.
6495.
6494.
6495.
6494.
6495.
6495.
6495.
6494.
6495.
6495.
6495.
6495.
6495.
6496.
6495.
6496.
6495.
6495.
6495.
6495.
6495.
6496.
6495.
6495.
6495.
6496.
6495.
6496.
6495.
6496.
6495.
6495.
6495.
6496.
6495.
6496.
6495.
6496.
6495.
6495.
6495.
6496.
6495.
6495.
6495.
6496.
6495.
6495.
6495.
6495.
6495.
6495.
6495.
6495.
6495.
6495.
6495.
6495.
6495.
6495.
6495.
6495.
6495.
6495.
6495.
6495.
6495.
6495.
6494.
6495.
6495.
6495.
6494.
6495.
6494.
6495.
6494.
6496.
6496.
6495.
6494.
6495.
6495.
6495.
6495.
6495.
6495.
6495.
6495.
6495.
6495.
6496.
6496.
6495.
6495.
6496.
6495.
6495.
6496.
6495.
6495.
6495.
6497.
6495.
6495.
6495.
6495.
6495.
6495.
6495.
6495.
6495.
6495.
6495.
6496.
6495.
6495.
6496.
6496.
6495.
6495.
6496.
6496.
6495.
6495.
6495.
6496.
6495.
6495.
6496.
6496.
6496.
6495.
6496.
6495.
6496.
6496.
6495.
6495.
6496.
6495.
6496.
6495.
6495.
6496.
6495.
6496.
6495.
6495.
6496.
6495.
6495.
6496.
6496.
6495.
6495.
6496.
6496.
6496.
6496.
6496.
6496.
6496.
6496.
6496.
6497.
6497.
6497.
6498.
6498.
6498.
6498.
6499.
6499.
6500.
6500.
6501.
6502.
6502.
6503.
6504.
6504.
6506.
6506.
6507.
6509.
6510.
6510.
6512.
6513.
6514.
6515.
6516.
6518.
6520.
6521.
6523.
6524.
6526.
6528.
6529.
6531.
6533.
6535.
6537.
6539.
6541.
6543.
6546.
6548.
6551.
6554.
6556.
6558.
6561.
6563.
6566.
6569.
6573.
6575.
6578.
6582.
6586.
6588.
6592.
6596.
6600.
6604.
6607.
6612.
6616.
6620.
6624.
6628.
6633.
6639.
6643.
6649.
6654.
6659.
6663.
6669.
6674.
6681.
6686.
6692.
6698.
6705.
6710.
6717.
6724.
6730.
6737.
6744.
6751.
6758.
6766.
6772.
6780.
6788.
6796.
6804.
6812.
6821.
6829.
6838.
6846.
6855.
6864.
6874.
6882.
6892.
6902.
6912.
6922.
6932.
6943.
6954.
6964.
6975.
6986.
6997.
7008.
7020.
7031.
7043.
7055.
7067.
7080.
7093.
7105.
7118.
7131.
7144.
7157.
7171.
7185.
7199.
7213.
7227.
7242.
7256.
7271.
7286.
7301.
7317.
7332.
7348.
7363.
7379.
7395.
7412.
7428.
7444.
7462.
7478.
7496.
7513.
7530.
7547.
7565.
7582.
7600.
7618.
7637.
7655.
7674.
7692.
7710.
7730.
7748.
7767.
7785.
7805.
7824.
7844.
7863.
7883.
7902.
7922.
7941.
7962.
7980.
8001.
8021.
8042.
8060.
8081.
8101.
8121.
8141.
8162.
8183.
8204.
8223.
8244.
8264.
8285.
8305.
8326.
8346.
8366.
8386.
8407.
8427.
8448.
8468.
8489.
8509.
8530.
8549.
8570.
8590.
8611.
8630.
8650.
8670.
8690.
8710.
8731.
8750.
8770.
8789.
8809.
8828.
8848.
8868.
8888.
8907.
8927.
8946.
8965.
8984.
9003.
9022.
9041.
9059.
9078.
9097.
9115.
9134.
9152.
9171.
9189.
9207.
9225.
9243.
9260.
9279.
9295.
9313.
9331.
9349.
9366.
9382.
9400.
9416.
9433.
9449.
9465.
9482.
9498.
9514.
9530.
9546.
9562.
9578.
9594.
9609.
9623.
9638.
9654.
9669.
9683.
9697.
9712.
9726.
9740.
9754.
9768.
9782.
9796.
9809.
9822.
9835.
9849.
9862.
9874.
9887.
9899.
9911.
9924.
9936.
9948.
9961.
9972.
9984.
9995.
10006.
10018.
10029.
10039.
10050.
10061.
10071.
10081.
10091.
10102.
10111.
10121.
10130.
10140.
10150.
10159.
10168.
10177.
10185.
10194.
10202.
10211.
10219.
10227.
10235.
10242.
10250.
10257.
10266.
10272.
10281.
10287.
10294.
10301.
10307.
10313.
10319.
10326.
10331.
10338.
10343.
10349.
10354.
10360.
10365.
10370.
10375.
10380.
10384.
10390.
10394.
10398.
10402.
10406.
10411.
10414.
10418.
10422.
10425.
10428.
10431.
10434.
10438.
10441.
10443.
10446.
10449.
10451.
10453.
10455.
10458.
10459.
10462.
10463.
10465.
10466.
10468.
10469.
10470.
10471.
10473.
10474.
10475.
10475.
10476.
10476.
10477.
10478.
10478.
10479.
10478.
10479.
10478.
10478.
10478.
10478.
10478.
10477.
10477.
10478.
10477.
10477.
10476.
10475.
10476.
10475.
10475.
10476.
10474.
10475.
10473.
10472.
10473.
10473.
10471.
10471.
10471.
10471.
10469.
10469.
10469.
10468.
10468.
10467.
10467.
10468.
10466.
10465.
10465.
10465.
10464.
10463.
10463.
10463.
10463.
10462.
10462.
10461.
10461.
10460.
10461.
10460.
10459.
10459.
10459.
10459.
10458.
10457.
10457.
10457.
10456.
10456.
10456.
10456.
10456.
10455.
10455.
10454.
10454.
10454.
10454.
10454.
10455.
10453.
10453.
10453.
10454.
10452.
10452.
10453.
10453.
10453.
10453.
10453.
10453.
10453.
10452.
10453.
10453.
10453.
10453.
10453.
10453.
10452.
10452.
10453.
10452.
10453.
10453.
10452.
10452.
10452.
10452.
10452.
10452.
10452.
10452.
10452.
10452.
10452.
10452.
10452.
10452.
10453.
10452.
10452.
10453.
10452.
10452.
10452.
10452.
10453.
10452.
10452.
10452.
10453.
10452.
10452.
10452.
10452.
10452.
10452.
10452.
10452.
10451.
10452.
10452.
10452.
10452.
10453.
10452.
10452.
10452.
10452.
10451.
10452.
10452.
10452.
10452.
10452.
10452.
10452.
10452.
10451.
10452.
10452.
10452.
10452.
10452.
10452.
10451.
10451.
10452.
10451.
10452.
10451.
10451.
10451.
10452.
10452.
10451.
10451.
10451.
10451.
10450.
10452.
10451.
10451.
10451.
10451.
10451.
10451.
10451.
10452.
10451.
10451.
10450.
10451.
10451.
10451.
10452.
10451.
10452.
10452.
10451.
10451.
10451.
10451.
10452.
10451.
10451.
10451.
10452.
10451.
10451.
10451.
10451.
10451.
10452.
10451.
10451.
10451.
10451.
10451.
10451.
10451.
10450.
10451.
10452.
10451.
10451.
10450.
10450.
10451.
10451.
10451.
10451.
10451.
10451.
10451.
10451.
10451.
10451.
10451.
10451.
10451.
10451.
10452.
10451.
10450.
10451.
10451.
10451.
10450.
10451.
10451.
10450.
10452.
10451.
10450.
10451.
10451.
10451.
10451.
10450.
10451.
10450.
10451.
10450.
10450.
10450.
10450.
10451.
10450.
10450.
10451.
10450.
10450.
10450.
10451.
10450.
10451.
10450.
10450.
10450.
10450.
10450.
10450.
10450.
10451.
10450.
10450.
10451.
10451.
10450.
10450.
10450.
10451.
10450.
10451.
10450.
10450.
10450.
10450.
10450.
10450.
10450.
10450.
10450.
10450.
10451.
10450.
10451.
10451.
10451.
10451.
10450.
10451.
10450.
10451.
10450.
10451.
10450.
10450.
10451.
10450.
10450.
10450.
10451.
10450.
10450.
10450.
10451.
10450.
10451.
10450.
10450.
10450.
10450.
10450.
10451.
10451.
10451.
10450.
10450.
10450.
10450.
10450.
10450.
10450.
10450.
10450.
10450.
10450.
10450.
10450.
10450.
10449.
10450.
10450.
10450.
10450.
10450.
10450.
10450.
10450.
10450.
10450.
10450.
10449.
10450.
10450.
10450.
10450.
10450.
10450.
10450.
10449.
10450.
10450.
10450.
10449.
10450.
10450.
10450.
10449.
10450.
10450.
10450.
10450.
10450.
10449.
10450.
10450.
10450.
10450.
10450.
10450.
10450.
10450.
10450.
10449.
10450.
10450.
10450.
10450.
10450.
10450.
10450.
10450.
10450.
10451.
10450.
10450.
10450.
10450.
10449.
10450.
10450.
10450.
10449.
10449.
10450.
10450.
10449.
10449.
10450.
10450.
10449.
10450.
10450.
10450.
10449.
10449.
10449.
10449.
10450.
10450.
10449.
10450.
10450.
10450.
10449.
10450.
10449.
10450.
10450.
10449.
10450.
10450.
10450.
10450.
10450.
10449.
10449.
10450.
10449.
10449.
10450.
10450.
10449.
10450.
10450.
10450.
10449.
10450.
10449.
10449.
10449.
10449.
10449.
10449.
10449.
10449.
10449.
10449.
10449.
10449.
10449.
10449.
10448.
10448.
10448.
10448.
10448.
10447.
10446.
10446.
10446.
10446.
10446.
10444.
10444.
10443.
10442.
10441.
10440.
10439.
10438.
10437.
10437.
10435.
10434.
10433.
10432.
10431.
10429.
10428.
10427.
10425.
10423.
10421.
10419.
10418.
10415.
10413.
10412.
10409.
10407.
10404.
10403.
10399.
10397.
10394.
10391.
10388.
10385.
10383.
10380.
10377.
10374.
10370.
10367.
10363.
10360.
10356.
10352.
10348.
10344.
10340.
10336.
10332.
10327.
10323.
10318.
10314.
10309.
10305.
10300.
10295.
10289.
10285.
10279.
10274.
10268.
10263.
10257.
10252.
10245.
10239.
10233.
10227.
10220.
10215.
10207.
10201.
10194.
10187.
10180.
10173.
10166.
10158.
10151.
10144.
10137.
10128.
10120.
10112.
10104.
10096.
10087.
10079.
10071.
10061.
10053.
10044.
10035.
10024.
10016.
10006.
9995.
9986.
9976.
9966.
9955.
9944.
9934.
9923.
9912.
9901.
9889.
9878.
9866.
9855.
9844.
9832.
9819.
9808.
9795.
9783.
9769.
9757.
9744.
9731.
9719.
9706.
9692.
9679.
9664.
9651.
9637.
9623.
9609.
9595.
9581.
9566.
9552.
9536.
9522.
9506.
9492.
9476.
9462.
9446.
9432.
9416.
9400.
9384.
9368.
9352.
9337.
9321.
9304.
9288.
9272.
9256.
9238.
9222.
9205.
9189.
9172.
9155.
9139.
9122.
9105.
9088.
9071.
9054.
9036.
9019.
9001.
8984.
8967.
8949.
8932.
8914.
8897.
8878.
8862.
8844.
8826.
8808.
8791.
8773.
8756.
8737.
8720.
8702.
8684.
8667.
8649.
8631.
8612.
8594.
8577.
8558.
8541.
8523.
8506.
8488.
8470.
8451.
8433.
8415.
8398.
8380.
8361.
8344.
8326.
8308.
8291.
8273.
8254.
8237.
8219.
8202.
8182.
8166.
8147.
8130.
8113.
8095.
8077.
8059.
8040.
8024.
8005.
7989.
7970.
7953.
7936.
7917.
7899.
7883.
7864.
7847.
7830.
7812.
7794.
7777.
7760.
7743.
7726.
7709.
7691.
7674.