6516.
6517.
6516.
6516.
6516.
6517.
6516.
6517.
6516.
6516.
6516.
6516.
6516.
6517.
6516.
6516.
6517.
6517.
6516.
6517.
6516.
6516.
6516.
6516.
6516.
6516.
6517.
6516.
6516.
6516.
6516.
6516.
6516.
6516.
6516.
6517.
6516.
6516.
6517.
6517.
6517.
6517.
6517.
6516.
6516.
6516.
6517.
6516.
6517.
6517.
6517.
6517.
6516.
6517.
6517.
6517.
6517.
6516.
6517.
6516.
6517.
6516.
6516.
6517.
6517.
6517.
6516.
6517.
6517.
6517.
6517.
6517.
6517.
6517.
6517.
6517.
6517.
6517.
6517.
6516.
6517.
6517.
6517.
6517.
6517.
6517.
6517.
6516.
6517.
6516.
6516.
6517.
6517.
6517.
6517.
6516.
6517.
6516.
6517.
6516.
6517.
6518.
6517.
6517.
6517.
6518.
6518.
6519.
6519.
6519.
6520.
6520.
6520.
6520.
6522.
6522.
6523.
6523.
6524.
6524.
6525.
6526.
6527.
6528.
6529.
6530.
6530.
6530.
6532.
6532.
6534.
6534.
6536.
6536.
6538.
6538.
6540.
6541.
6543.
6543.
6545.
6546.
6548.
6549.
6551.
6552.
6554.
6555.
6557.
6558.
6559.
6561.
6563.
6564.
6566.
6568.
6570.
6571.
6573.
6575.
6577.
6579.
6581.
6583.
6585.
6586.
6589.
6591.
6592.
6594.
6596.
6598.
6601.
6603.
6605.
6607.
6609.
6612.
6614.
6616.
6618.
6621.
6623.
6624.
6628.
6631.
6632.
6634.
6637.
6640.
6642.
6644.
6647.
6649.
6652.
6653.
6657.
6659.
6662.
6664.
6667.
6669.
6672.
6675.
6677.
6679.
6682.
6684.
6687.
6689.
6692.
6694.
6698.
6700.
6704.
6706.
6708.
6710.
6714.
6716.
6718.
6721.
6724.
6726.
6729.
6732.
6734.
6737.
6739.
6742.
6745.
6748.
6750.
6753.
6756.
6758.
6760.
6763.
6766.
6767.
6770.
6773.
6775.
6778.
6780.
6783.
6785.
6787.
6790.
6793.
6795.
6798.
6799.
6802.
6804.
6807.
6809.
6812.
6814.
6817.
6819.
6821.
6823.
6825.
6828.
6830.
6833.
6835.
6837.
6840.
6842.
6845.
6847.
6849.
6851.
6853.
6856.
6858.
6861.
6862.
6864.
6868.
6869.
6872.
6874.
6876.
6878.
6881.
6882.
6885.
6887.
6889.
6892.
6894.
6896.
6898.
6900.
6903.
6906.
6907.
6909.
6912.
6913.
6915.
6918.
6920.
6922.
6925.
6926.
6929.
6931.
6933.
6935.
6937.
6939.
6941.
6943.
6946.
6947.
6949.
6952.
6955.
6956.
6958.
6960.
6962.
6964.
6966.
6968.
6970.
6972.
6974.
6977.
6979.
6980.
6983.
6985.
6987.
6989.
6991.
6993.
6995.
6997.
6999.
7002.
7003.
7005.
7007.
7009.
7011.
7014.
7016.
7018.
7020.
7022.
7024.
7026.
7028.
7030.
7032.
7034.
7036.
7038.
7040.
7042.
7044.
7046.
7048.
7050.
7052.
7055.
7056.
7058.
7060.
7063.
7064.
7066.
7069.
7071.
7072.
7074.
7076.
7078.
7081.
7082.
7085.
7087.
7088.
7091.
7093.
7096.
7097.
7099.
7101.
7103.
7105.
7107.
7110.
7112.
7114.
7116.
7118.
7120.
7122.
7124.
7126.
7129.
7130.
7133.
7135.
7137.
7139.
7141.
7144.
7146.
7148.
7150.
7152.
7154.
7156.
7159.
7162.
7164.
7166.
7169.
7171.
7173.
7176.
7178.
7180.
7182.
7184.
7187.
7190.
7192.
7194.
7196.
7199.
7202.
7204.
7206.
7209.
7211.
7214.
7217.
7220.
7222.
7225.
7227.
7230.
7233.
7235.
7237.
7240.
7244.
7245.
7248.
7251.
7255.
7257.
7260.
7263.
7266.
7268.
7271.
7274.
7278.
7280.
7283.
7285.
7289.
7291.
7294.
7297.
7301.
7303.
7306.
7308.
7312.
7314.
7318.
7321.
7324.
7326.
7329.
7332.
7336.
7339.
7342.
7345.
7349.
7351.
7354.
7355.
7359.
7362.
7366.
7368.
7371.
7375.
7378.
7381.
7384.
7387.
7390.
7393.
7397.
7399.
7402.
7406.
7410.
7412.
7415.
7418.
7421.
7424.
7427.
7430.
7434.
7437.
7440.
7442.
7446.
7449.
7452.
7455.
7458.
7461.
7464.
7468.
7471.
7474.
7476.
7480.
7483.
7487.
7489.
7493.
7496.
7499.
7502.
7505.
7508.
7512.
7514.
7517.
7521.
7524.
7526.
7530.
7533.
7537.
7539.
7543.
7546.
7550.
7552.
7556.
7558.
7561.
7564.
7568.
7571.
7575.
7577.
7581.
7584.
7587.
7589.
7593.
7596.
7600.
7603.
7606.
7609.
7613.
7615.
7618.
7621.
7625.
7628.
7631.
7634.
7638.
7640.
7643.
7646.
7650.
7653.
7656.
7659.
7662.
7665.
7668.
7672.
7675.
7677.
7681.
7684.
7688.
7691.
7694.
7697.
7701.
7704.
7706.
7710.
7713.
7717.
7719.
7723.
7726.
7730.
7732.
7735.
7739.
7742.
7745.
7749.
7752.
7755.
7758.
7761.
7764.
7767.
7770.
7774.
7777.
7780.
7783.
7787.
7790.
7793.
7795.
7799.
7802.
7806.
7808.
7812.
7815.
7818.
7821.
7824.
7828.
7831.
7833.
7837.
7840.
7844.
7847.
7850.
7853.
7856.
7859.
7862.
7866.
7869.
7871.
7875.
7879.
7881.
7884.
7887.
7891.
7894.
7897.
7900.
7904.
7907.
7910.
7913.
7916.
7919.
7922.
7925.
7929.
7932.
7935.
7939.
7942.
7944.
7948.
7951.
7955.
7957.
7961.
7964.
7968.
7970.
7973.
7976.
7981.
7983.
7986.
7990.
7994.
7997.
8000.
8003.
8007.
8009.
8012.
8017.
8020.
8023.
8026.
8029.
8033.
8037.
8040.
8043.
8047.
8050.
8054.
8056.
8061.
8064.
8067.
8069.
8074.
8077.
8081.
8084.
8087.
8090.
8093.
8097.
8101.
8104.
8108.
8111.
8114.
8118.
8121.
8124.
8128.
8132.
8134.
8138.
8142.
8145.
8148.
8150.
8155.
8159.
8161.
8165.
8169.
8173.
8175.
8179.
8182.
8186.
8188.
8192.
8196.
8200.
8202.
8206.
8209.
8213.
8216.
8220.
8223.
8227.
8230.
8233.
8237.
8241.
8243.
8247.
8250.
8254.
8257.
8261.
8264.
8268.
8271.
8274.
8278.
8282.
8285.
8288.
8291.
8295.
8298.
8302.
8305.
8308.
8311.
8315.
8318.
8322.
8325.
8328.
8332.
8335.
8338.
8342.
8345.
8349.
8351.
8354.
8358.
8362.
8365.
8368.
8372.
8375.
8378.
8381.
8385.
8389.
8391.
8395.
8398.
8401.
8405.
8408.
8411.
8414.
8418.
8421.
8425.
8428.
8432.
8434.
8438.
8440.
8444.
8447.
8451.
8454.
8458.
8460.
8464.
8467.
8470.
8473.
8477.
8480.
8483.
8486.
8489.
8493.
8496.
8498.
8502.
8505.
8509.
8511.
8514.
8518.
8522.
8524.
8527.
8530.
8534.
8537.
8540.
8543.
8546.
8549.
8552.
8555.
8559.
8561.
8564.
8567.
8571.
8574.
8577.
8580.
8583.
8586.
8589.
8592.
8595.
8597.
8601.
8604.
8607.
8610.
8613.
8616.
8618.
8621.
8624.
8628.
8630.
8634.
8636.
8640.
8642.
8645.
8648.
8651.
8653.
8657.
8659.
8663.
8665.
8668.
8671.
8674.
8676.
8679.
8681.
8685.
8688.
8690.
8693.
8697.
8699.
8702.
8704.
8707.
8710.
8712.
8715.
8718.
8720.
8724.
8726.
8729.
8731.
8734.
8737.
8739.
8742.
8744.
8747.
8750.
8752.
8755.
8757.
8760.
8762.
8765.
8768.
8770.
8772.
8776.
8778.
8780.
8783.
8785.
8788.
8790.
8793.
8796.
8798.
8800.
8803.
8805.
8808.
8811.
8813.
8815.
8818.
8820.
8823.
8825.
8827.
8829.
8832.
8834.
8837.
8839.
8842.
8844.
8846.
8848.
8851.
8853.
8856.
8858.
8861.
8863.
8865.
8867.
8870.
8872.
8874.
8876.
8878.
8880.
8883.
8885.
8888.
8890.
8892.
8894.
8897.
8899.
8901.
8903.
8906.
8908.
8910.
8912.
8914.
8916.
8919.
8921.
8924.
8925.
8927.
8930.
8932.
8934.
8936.
8938.
8940.
8942.
8945.
8947.
8948.
8951.
8953.
8955.
8958.
8959.
8961.
8964.
8966.
8968.
8970.
8972.
8974.
8976.
8978.
8981.
8982.
8985.
8987.
8989.
8991.
8993.
8995.
8997.
8999.
9001.
9003.
9005.
9008.
9009.
9011.
9013.
9015.
9018.
9019.
9022.
9024.
9025.
9028.
9029.
9031.
9034.
9036.
9038.
9040.
9042.
9043.
9046.
9048.
9050.
9052.
9054.
9056.
9057.
9060.
9062.
9064.
9066.
9068.
9070.
9072.
9074.
9076.
9079.
9081.
9082.
9084.
9086.
9088.
9090.
9092.
9094.
9096.
9099.
9100.
9102.
9105.
9107.
9109.
9111.
9113.
9114.
9116.
9118.
9121.
9124.
9125.
9126.
9129.
9132.
9133.
9134.
9137.
9140.
9141.
9142.
9145.
9147.
9149.
9151.
9153.
9156.
9157.
9159.
9161.
9163.
9166.
9168.
9170.
9172.
9173.
9175.
9178.
9180.
9181.
9183.
9186.
9188.
9190.
9192.
9195.
9197.
9197.
9200.
9202.
9204.
9205.
9208.
9210.
9212.
9214.
9216.
9219.
9220.
9222.
9224.
9227.
9229.
9230.
9232.
9235.
9237.
9238.
9240.
9243.
9245.
9246.
9249.
9251.
9253.
9254.
9257.
9259.
9261.
9263.
9264.
9266.
9269.
9271.
9273.
9274.
9277.
9278.
9281.
9282.
9285.
9286.
9289.
9291.
9293.
9294.
9297.
9299.
9301.
9303.
9305.
9307.
9309.
9310.
9313.
9315.
9317.
9318.
9320.
9322.
9325.
9326.
9329.
9330.
9332.
9335.
9336.
9339.
9341.
9343.
9345.
9347.
9349.
9351.
9352.
9355.
9357.
9359.
9360.
9362.
9364.
9366.
9368.
9370.
9372.
9374.
9376.
9378.
9380.
9382.
9384.
9386.
9388.
9390.
9393.
9394.
9397.
9398.
9400.
9402.
9404.
9406.
9408.
9410.
9412.
9414.
9416.
9418.
9421.
9422.
9424.
9426.
9429.
9430.
9432.
9435.
9437.
9438.
9440.
9442.
9444.
9447.
9449.
9450.
9452.
9454.
9456.
9458.
9461.
9463.
9465.
9466.
9468.
9470.
9472.
9475.
9477.
9479.
9481.
9483.
9485.
9486.
9488.
9491.
9492.
9494.
9496.
9498.
9500.
9503.
9504.
9506.
9509.
9510.
9512.
9514.
9517.
9518.
9521.
9523.
9524.
9526.
9529.
9531.
9533.
9534.
9536.
9538.
9541.
9543.
9545.
9546.
9549.
9552.
9553.
9555.
9557.
9558.
9561.
9563.
9565.
9566.
9569.
9571.
9573.
9575.
9577.
9579.
9582.
9583.
9585.
9587.
9589.
9591.
9594.
9596.
9597.
9599.
9601.
9604.
9605.
9608.
9610.
9612.
9614.
9615.
9618.
9620.
9623.
9625.
9626.
9629.
9631.
9633.
9635.
9637.
9640.
9641.
9643.
9646.
9648.
9650.
9651.
9654.
9656.
9658.
9660.
9662.
9665.
9666.
9668.
9671.
9673.
9675.
9677.
9680.
9682.
9684.
9685.
9688.
9690.
9693.
9695.
9696.
9699.
9701.
9702.
9705.
9707.
9709.
9711.
9714.
9716.
9718.
9720.
9723.
9725.
9727.
9730.
9731.
9733.
9736.
9738.
9740.
9742.
9745.
9747.
9749.
9752.
9754.
9756.
9758.
9760.
9763.
9765.
9768.
9770.
9772.
9774.
9776.
9778.
9781.
9783.
9786.
9788.
9790.
9792.
9795.
9797.
9799.
9802.
9804.
9807.
9809.
9811.
9814.
9816.
9818.
9820.
9823.
9825.
9827.
9830.
9832.
9835.
9837.
9839.
9841.
9845.
9846.
9849.
9850.
9854.
9857.
9858.
9861.
9864.
9866.
9869.
9871.
9874.
9875.
9878.
9880.
9883.
9885.
9888.
9890.
9893.
9895.
9898.
9900.
9903.
9905.
9907.
9909.
9913.
9915.
9917.
9919.
9923.
9925.
9927.
9930.
9933.
9935.
9937.
9939.
9942.
9945.
9947.
9950.
9953.
9955.
9958.
9960.
9964.
9965.
9967.
9970.
9973.
9975.
9978.
9980.
9983.
9986.
9988.
9991.
9994.
9996.
9998.
10001.
10004.
10006.
10009.
10012.
10015.
10017.
10019.
10022.
10025.
10027.
10030.
10033.
10035.
10038.
10040.
10044.
10046.
10049.
10051.
10054.
10056.
10059.
10061.
10064.
10067.
10070.
10072.
10075.
10077.
10081.
10083.
10085.
10088.
10091.
10094.
10096.
10098.
10101.
10104.
10107.
10109.
10112.
10114.
10117.
10120.
10123.
10125.
10127.
10131.
10133.
10136.
10138.
10140.
10144.
10146.
10149.
10152.
10155.
10157.
10160.
10162.
10165.
10167.
10169.
10173.
10175.
10178.
10181.
10184.
10186.
10189.
10191.
10194.
10196.
10199.
10202.
10205.
10207.
10210.
10212.
10215.
10218.
10221.
10223.
10227.
10228.
10231.
10233.
10236.
10239.
10242.
10243.
10247.
10249.
10252.
10255.
10257.
10260.
10262.
10264.
10268.
10270.
10273.
10275.
10278.
10281.
10283.
10285.
10288.
10290.
10293.
10295.
10299.
10301.
10303.
10305.
10309.
10311.
10313.
10316.
10318.
10321.
10323.
10326.
10329.
10331.
10334.
10336.
10338.
10341.
10343.
10345.
10348.
10350.
10352.
10355.
10358.
10360.
10362.
10365.
10368.
10370.
10372.
10374.
10377.
10380.
10381.
10384.
10386.
10389.
10391.
10393.
10396.
10398.
10401.
10403.
10405.
10407.
10410.
10411.
10413.
10417.
10419.
10421.
10423.
10425.
10427.
10430.
10432.
10434.
10437.
10438.
10440.
10443.
10446.
10447.
10449.
10452.
10454.
10457.
10459.
10461.
10463.
10465.
10467.
10470.
10471.
10473.
10475.
10477.
10480.
10482.
10484.
10486.
10488.
10490.
10492.
10495.
10496.
10498.
10500.
10503.
10505.
10506.
10509.
10511.
10513.
10515.
10517.
10519.
10521.
10522.
10525.
10526.
10528.
10530.
10533.
10535.
10536.
10538.
10541.
10543.
10544.
10546.
10548.
10550.
10551.
10554.
10555.
10557.
10559.
10560.
10563.
10565.
10566.
10568.
10570.
10572.
10574.
10576.
10577.
10579.
10581.
10583.
10584.
10586.
10588.
10590.
10592.
10594.
10595.
10597.
10599.
10601.
10602.
10604.
10606.
10608.
10609.
10610.
10613.
10615.
10616.
10618.
10619.
10621.
10623.
10625.
10627.
10628.
10630.
10632.
10634.
10635.
10637.
10639.
10641.
10642.
10644.
10645.
10648.
10648.
10651.
10652.
10654.
10656.
10658.
10659.
10660.
10663.
10665.
10666.
10667.
10669.
10671.
10672.
10674.
10676.
10678.
10679.
10681.
10683.
10685.
10685.
10688.
10690.
10692.
10693.
10695.
10696.
10698.
10699.
10701.
10703.
10705.
10706.
10708.
10709.
10711.
10712.
10714.
10717.
10718.
10720.
10722.
10724.
10725.
10726.
10728.
10730.
10731.
10733.
10734.
10737.
10738.
10740.
10741.
10743.
10744.
10746.
10748.
10749.
10751.
10753.
10755.
10756.
10757.
10759.
10761.
10763.
10764.
10766.
10768.
10769.
10770.
10772.
10774.
10775.
10777.
10779.
10780.
10782.
10783.
10785.
10786.
10787.
10789.
10790.
10792.
10793.
10795.
10797.
10798.
10799.
10800.
10802.
10804.
10806.
10807.
10808.
10809.
10811.
10812.
10814.
10815.
10816.
10818.
10818.
10819.
10821.
10822.
10824.
10825.
10826.
10828.
10828.
10830.
10831.
10832.
10834.
10835.
10835.
10836.
10838.
10839.
10840.
10841.
10842.
10843.
10844.
10844.
10846.
10846.
10847.
10848.
10849.
10850.
10851.
10852.
10852.
10854.
10853.
10854.
10855.
10856.
10857.
10858.
10858.
10859.
10859.
10860.
10860.
10862.
10861.
10862.
10862.
10863.
10863.
10863.
10864.
10864.
10864.
10864.
10864.
10865.
10865.
10865.
10865.
10865.
10865.
10866.
10866.
10865.
10865.
10865.
10866.
10864.
10865.
10866.
10864.
10865.
10865.
10864.
10864.
10864.
10864.
10864.
10864.
10863.
10863.
10864.
10863.
10862.
10862.
10862.
10862.
10862.
10862.
10861.
10861.
10861.
10861.
10861.
10860.
10860.
10859.
10859.
10860.
10859.
10859.
10859.
10858.
10857.
10857.
10857.
10856.
10856.
10855.
10856.
10854.
10854.
10853.
10854.
10853.
10852.
10852.
10851.
10852.
10851.
10850.
10850.
10848.
10848.
10848.
10847.
10846.
10846.
10845.
10844.
10843.
10844.
10842.
10842.
10840.
10840.
10838.
10838.
10837.
10837.
10835.
10835.
10834.
10832.
10831.
10830.
10829.
10828.
10827.
10826.
10825.
10824.
10822.
10821.
10820.
10819.
10818.
10817.
10815.
10814.
10813.
10812.
10810.
10809.
10807.
10805.
10805.
10802.
10802.
10801.
10797.
10796.
10795.
10794.
10792.
10790.
10789.
10787.
10785.
10783.
10781.
10780.
10778.
10776.
10775.
10773.
10770.
10768.
10766.
10764.
10762.
10760.
10758.
10756.
10754.
10752.
10750.
10748.
10745.
10743.
10741.
10739.
10737.
10735.
10732.
10730.
10728.
10725.
10724.
10721.
10719.
10716.
10714.
10711.
10709.
10706.
10705.
10702.
10700.
10697.
10694.
10692.
10689.
10687.
10685.
10682.
10680.
10677.
10675.
10672.
10670.
10667.
10665.
10662.
10659.
10656.
10654.
10651.
10648.
10646.
10644.
10640.
10638.
10635.
10632.
10630.
10628.
10625.
10622.
10619.
10616.
10613.
10611.
10609.
10606.
10603.
10600.
10598.
10595.
10592.
10590.
10587.
10584.
10581.
10579.
10576.
10573.
10570.
10567.
10565.
10562.
10560.
10556.
10554.
10551.
10549.
10545.
10543.
10540.
10537.
10534.
10532.
10528.
10525.
10522.
10520.
10518.
10515.
10512.
10509.
10506.
10504.
10500.
10497.
10494.
10491.
10489.
10487.
10483.
10480.
10477.
10475.
10471.
10469.
10466.
10464.
10460.
10457.
10453.
10451.
10447.
10445.
10441.
10438.
10435.
10433.
10430.
10427.
10424.
10421.
10418.
10415.
10412.
10409.
10406.
10402.
10399.
10396.
10393.
10390.
10387.
10383.
10380.
10378.
10375.
10371.
10368.
10365.
10362.
10358.
10355.
10351.
10348.
10345.
10342.
10338.
10335.
10331.
10329.
10325.
10322.
10318.
10316.
10312.
10309.
10306.
10302.
10298.
10295.
10291.
10288.
10284.
10281.
10278.
10273.
10270.
10267.
10264.
10260.
10257.
10253.
10249.
10246.
10242.
10239.
10236.
10231.
10228.
10224.
10221.
10217.
10213.
10210.
10206.
10202.
10199.
10195.
10191.
10187.
10184.
10180.
10177.
10173.
10169.
10166.
10162.
10158.
10154.
10151.
10147.
10142.
10139.
10136.
10131.
10127.
10124.
10120.
10116.
10112.
10109.
10104.
10101.
10097.
10093.
10089.
10085.
10081.
10077.
10074.
10069.
10065.
10062.
10058.
10053.
10049.
10046.
10041.
10038.
10033.
10030.
10025.
10022.
10018.
10014.
10010.
10005.
10002.
9997.
9994.
9991.
9986.
9982.
9978.
9974.
9970.
9966.
9962.
9958.
9954.
9950.
9946.
9943.
9938.
9934.
9930.
9926.
9922.
9918.
9913.
9909.
9906.
9902.
9898.
9894.
9890.
9886.
9882.
9878.
9874.
9870.
9866.
9862.
9858.
9854.
9851.
9847.
9842.
9838.
9835.
9831.
9825.
9822.
9818.
9814.
9810.
9806.
9803.
9799.
9794.
9790.
9786.
9783.
9779.
9774.
9770.
9767.
9762.
9759.
9755.
9751.
9746.
9743.
9739.
9735.
9730.
9728.
9724.
9719.
9714.
9711.
9707.
9703.
9699.
9696.
9692.
9689.
9685.
9680.
9676.
9672.
9668.
9665.
9661.
9656.
9653.
9649.
9646.
9642.
9638.
9635.
9630.
9626.
9622.
9619.
9615.
9611.
9607.
9603.
9599.
9596.
9592.
9588.
9584.
9580.
9577.
9572.
9569.
9565.
9561.
9557.
9553.
9550.
9546.
9542.
9538.
9534.
9530.
9526.
9523.
9519.
9515.
9511.
9507.
9503.
9499.
9496.
9492.
9487.
9484.
9480.
9476.
9472.
9468.
9464.
9461.
9457.
9453.
9450.
9445.
9442.
9437.
9433.
9430.
9426.
9422.
9418.
9414.
9410.
9407.
9403.
9399.
9395.
9391.
9387.
9383.
9379.
9376.
9372.
9367.
9364.
9360.
9356.
9352.
9348.
9344.
9341.
9337.
9333.
9329.
9326.
9322.
9318.
9313.
9310.
9307.
9303.
9298.
9295.
9291.
9287.
9283.
9280.
9276.
9272.
9268.
9264.
9260.
9257.
9253.
9249.
9245.
9241.
9237.
9234.
9230.
9226.
9222.
9219.
9215.
9212.
9208.
9203.
9200.
9196.
9192.
9189.
9185.
9181.
9177.
9174.
9170.
9166.
9162.
9159.
9155.
9152.
9147.
9144.
9141.
9137.
9133.
9129.
9126.
9123.
9118.
9114.
9112.
9108.
9104.
9100.
9097.
9093.
9089.
9086.
9082.
9079.
9075.
9072.
9068.
9064.
9061.
9057.
9054.
9049.
9046.
9042.
9039.
9035.
9032.
9028.
9024.
9021.
9017.
9014.
9010.
9007.
9003.
8999.
8997.
8993.
8990.
8985.
8983.
8979.
8975.
8971.
8968.
8964.
8961.
8957.
8954.
8950.
8947.
8943.
8940.
8936.
8932.
8929.
8926.
8922.
8919.
8915.
8912.
8909.
8905.
8901.
8898.
8894.
8891.
8888.
8884.
8881.
8877.
8874.
8871.
8867.
8864.
8860.
8856.
8853.
8850.
8846.
8843.
8839.
8835.
8833.
8828.
8826.
8823.
8819.
8815.
8812.
8809.
8805.
8802.
8799.
8795.
8792.
8789.
8786.
8782.
8779.
8775.
8772.
8769.
8766.
8762.
8759.
8755.
8752.
8749.
8744.
8742.
8738.
8735.
8732.
8729.
8725.
8722.
8718.
8715.
8713.
8709.
8705.
8702.
8699.
8696.
8692.
8689.
8686.
8683.
8679.
8676.
8672.
8670.
8667.
8664.
8660.
8656.
8653.
8650.
8646.
8643.
8641.
8638.
8634.
8632.
8628.
8626.
8622.
8619.
8616.
8613.
8609.
8607.
8603.
8600.
8596.
8594.
8590.
8587.
8584.
8582.
8578.
8575.
8572.
8570.
8566.
8563.
8560.
8557.
8554.
8551.
8548.
8545.
8542.
8539.
8536.
8533.
8530.
8527.
8524.
8521.
8518.
8515.
8512.
8509.
8507.
8503.
8500.
8497.
8495.
8491.
8488.
8486.
8484.
8480.
8477.
8474.
8472.
8468.
8466.
8462.
8460.
8456.
8453.
8451.
8449.
8445.
8442.
8439.
8437.
8434.
8432.
8428.
8426.
8422.
8419.
8416.
8414.
8410.
8408.
8405.
8403.
8400.
8397.
8394.
8391.
8388.
8385.
8382.
8379.
8377.
8374.
8372.
8368.
8366.
8363.
8361.
8357.
8355.
8351.
8349.
8346.
8342.
8340.
8338.
8334.
8331.
8329.
8326.
8323.
8320.
8317.
8315.
8312.
8308.
8306.
8304.
8300.
8298.
8295.
8293.
8289.
8287.
8283.
8281.
8278.
8275.
8272.
8270.
8267.
8264.
8261.
8259.
8255.
8253.
8250.
8247.
8243.
8241.
8238.
8236.
8233.
8230.
8227.
8224.
8222.
8219.
8215.
8213.
8210.
8207.
8204.
8202.
8199.
8196.
8194.
8190.
8187.
8185.
8182.
8179.
8176.
8173.
8171.
8168.
8165.
8162.
8160.
8156.
8153.
8150.
8148.
8145.
8143.
8139.
8136.
8133.
8132.
8127.
8125.
8122.
8119.
8116.
8114.
8111.
8108.
8105.
8102.
8099.
8097.
8094.
8091.
8088.
8086.
8082.
8080.
8077.
8075.
8072.
8069.
8066.
8063.
8060.
8058.
8055.
8052.
8049.
8046.
8043.
8041.
8038.
8034.
8031.
8028.
8025.
8023.
8020.
8017.
8015.
8012.
8009.
8006.
8003.
8000.
7997.
7995.
7992.
7989.
7987.
7983.
7980.
7977.
7975.
7972.
7969.
7966.
7964.
7960.
7958.
7954.
7952.
7949.
7946.
7943.
7941.
7937.
7935.
7931.
7929.
7926.
7923.
7920.
7917.
7914.
7911.
7909.
7906.
7904.
7900.
7898.
7895.
7892.
7889.
7885.
7882.
7880.
7877.
7874.
7871.
7869.
7865.
7863.
7860.
7857.
7853.
7851.
7847.
7844.
7841.
7839.
7836.
7833.
7830.
7828.
7824.
7822.
7818.
7816.
7813.
7810.
7806.
7803.
7800.
7798.
7794.
7792.
7789.
7786.
7783.
7781.
7777.
7775.
7771.
7768.
7765.
7763.
7759.
7757.
7754.
7751.
7747.
7745.
7742.
7739.
7736.
7733.
7730.
7727.
7724.
7721.
7718.
7715.
7712.
7708.
7706.
7703.
7700.
7697.
7694.
7690.
7688.
7684.
7682.
7679.
7676.
7672.
7670.
7666.
7664.
7660.
7658.
7654.
7651.
7648.
7645.
7642.
7640.
7636.
7633.
7630.
7627.
7623.
7621.
7617.
7615.
7611.
7609.
7605.
7602.
7599.
7597.
7593.
7590.
7587.
7585.
7581.
7578.
7575.
7572.
7569.
7566.
7563.
7560.
7557.
7554.
7551.
7548.
7545.
7542.
7539.
7536.
7533.
7530.
7527.
7524.
7521.
7518.
7514.
7511.
7509.
7505.
7503.
7499.
7497.
7493.
7491.
7487.
7485.
7481.
7479.
7475.
7473.
7469.
7466.
7463.
7461.
7458.
7455.
7452.
7449.
7445.
7442.
7439.
7437.
7433.
7431.
7427.
7424.
7421.
7418.
7415.
7412.
7409.
7407.
7403.
7401.
7398.
7394.
7391.
7388.
7385.
7383.
7380.
7377.
7374.
7371.
7368.
7365.
7362.
7359.
7356.
7354.
7351.
7347.
7344.
7341.
7337.
7335.
7333.
7329.
7327.
7323.
7321.
7318.
7315.
7312.
7309.
7306.
7303.
7300.
7297.
7294.
7292.
7288.
7286.
7282.
7280.
7276.
7274.
7270.
7268.
7265.
7262.
7259.
7256.
7253.
7251.
7247.
7244.
7241.
7239.
7235.
7233.
7229.
7227.
7224.
7221.
7217.
7215.
7211.
7209.
7206.
7203.
7200.
7197.
7195.
7191.
7189.
7185.
7182.
7179.
7177.
7173.
7171.
7167.
7165.
7161.
7159.
7156.
7153.
7150.
7148.
7146.
7143.
7139.
7137.
7134.
7131.
7128.
7126.
7122.
7120.
7117.
7114.
7111.
7109.
7106.
7104.
7101.
7098.
7095.
7092.
7089.
7087.
7084.
7081.
7079.
7076.
7073.
7071.
7069.
7066.
7063.
7061.
7058.
7056.
7053.
7051.
7049.
7046.
7043.
7041.
7038.
7036.
7032.
7031.
7029.
7026.
7024.
7021.
7020.
7017.
7015.
7012.
7010.
7007.
7005.
7003.
7001.
6998.
6997.
6994.
6992.
6990.
6988.
6984.
6983.
6981.
6980.
6976.
6974.
6972.
6971.
6968.
6967.
6964.
6962.
6960.
6958.
6956.
6954.
6952.
6950.
6949.
6946.
6944.
6943.
6940.
6938.
6937.
6934.
6934.
6931.
6930.
6928.
6925.
6924.
6923.
6921.
6919.
6917.
6916.
6913.
6911.
6910.
6909.
6907.
6906.
6903.
6902.
6900.
6898.
6897.
6894.
6894.
6892.
6890.
6889.
6887.
6884.
6884.
6882.
6881.
6880.
6878.
6876.
6875.
6873.
6872.
6870.
6869.
6868.
6866.
6864.
6863.
6861.
6860.
6858.
6857.
6856.
6854.
6852.
6852.
6850.
6849.
6847.
6846.
6844.
6843.
6841.
6840.
6838.
6837.
6836.
6833.
6833.
6831.
6829.
6829.
6827.
6825.
6824.
6823.
6822.
6820.
6819.
6817.
6816.
6814.
6813.
6811.
6810.
6808.
6807.
6805.
6804.
6803.
6802.
6800.
6799.
6796.
6795.
6794.
6793.
6791.
6790.
6789.
6787.
6785.
6784.
6782.
6781.
6779.
6778.
6777.
6775.
6773.
6772.
6770.
6770.
6768.
6766.
6765.
6763.
6761.
6760.
6758.
6756.
6755.
6753.
6751.
6750.
6748.
6747.
6745.
6743.
6741.
6740.
6739.
6737.
6735.
6735.
6732.
6731.
6729.
6727.
6725.
6724.
6722.
6720.
6719.
6718.
6715.
6714.
6713.
6711.
6709.
6707.
6706.
6704.
6702.
6700.
6699.
6697.
6696.
6694.
6692.
6689.
6689.
6687.
6685.
6683.
6681.
6679.
6678.
6677.
6674.
6672.
6671.
6669.
6669.
6667.
6664.
6662.
6661.
6659.
6657.
6655.
6654.
6652.
6650.
6649.
6647.
6645.
6643.
6642.
6640.
6638.
6638.
6635.
6634.
6632.
6629.
6628.
6627.
6624.
6623.
6622.
6619.
6618.
6616.
6615.
6614.
6612.
6609.
6609.
6608.
6605.
6603.
6602.
6600.
6599.
6596.
6596.
6594.
6593.
6592.
6589.
6588.
6587.
6585.
6584.
6582.
6581.
6579.
6578.
6577.
6575.
6574.
6573.
6570.
6570.
6568.
6567.
6566.
6565.
6563.
6562.
6561.
6560.
6557.
6557.
6555.
6554.
6553.
6552.
6551.
6550.
6549.
6548.
6546.
6545.
6545.
6545.
6543.
6542.
6542.
6542.
6540.
6539.
6537.
6537.
6537.
6536.
6535.
6534.
6535.
6533.
6532.
6532.
6532.
6531.
6530.
6530.
6530.
6530.
6530.
6530.
6530.
6529.
6530.
6530.
6529.
6529.
6530.
6529.
6529.
6530.
6529.
6530.
6531.
6529.
6529.
6530.
6529.
6529.
6529.
6530.
6529.
6530.
6530.
6529.
6530.
6530.
6530.
6530.
6530.
6529.
6530.
6529.
6529.
6530.
6530.
6529.
6529.
6529.
6530.
6530.
6530.
6530.
6530.
6530.
6530.
6530.
6530.
6530.
6530.
6531.
6531.
6531.
6531.
6531.
6531.
6532.
6532.
6532.
6532.
6533.
6532.
6533.
6534.
6534.
6534.
6535.
6536.
6536.
6536.
6537.
6537.
6538.
6539.
6539.
6541.
6541.
6542.
6543.
6544.
6544.
6546.
6546.
6547.
6548.
6549.
6550.
6551.
6551.
6552.
6554.
6556.
6557.
6558.
6559.
6560.
6561.
6562.
6563.
6565.
6566.
6568.
6569.
6571.
6572.
6574.
6576.
6577.
6579.
6580.
6582.
6584.
6586.
6587.
6589.
6590.
6592.
6594.
6596.
6598.
6600.
6602.
6604.
6605.
6608.
6610.
6612.
6614.
6616.
6618.
6620.
6622.
6625.
6626.
6628.
6631.
6633.
6635.
6638.
6640.
6642.
6644.
6647.
6650.
6652.
6654.
6656.
6659.
6661.
6663.
6666.
6669.
6671.
6673.
6676.
6678.
6681.
6683.
6685.
6689.
6691.
6693.
6696.
6699.
6701.
6704.
6706.
6709.
6711.
6714.
6717.
6720.
6722.
6725.
6727.
6731.
6733.
6735.
6738.
6740.
6743.
6745.
6748.
6751.
6754.
6756.
6759.
6761.
6765.
6767.
6769.
6771.
6775.
6777.
6780.
6782.
6784.
6786.
6790.
6793.
6795.
6797.
6800.
6802.
6806.
6807.
6811.
6813.
6816.
6818.
6821.
6824.
6827.
6829.
6832.
6834.
6837.
6839.
6842.
6845.
6848.
6850.
6853.
6855.
6858.
6860.
6863.
6866.
6869.
6871.
6874.
6877.
6880.
6882.
6884.
6887.
6890.
6892.
6895.
6898.
6900.
6903.
6906.
6909.
6911.
6913.
6916.
6919.
6921.
6923.
6926.
6930.
6932.
6934.
6937.
6940.
6942.
6945.
6947.
6950.
6953.
6956.
6958.
6961.
6963.
6966.
6968.
6971.
6974.
6976.
6979.
6982.
6984.
6987.
6989.
6993.
6995.
6997.
6999.
7002.
7005.
7008.
7010.
7013.
7015.
7018.
7020.
7023.
7026.
7029.
7031.
7034.
7036.
7039.
7041.
7044.
7047.
7049.
7051.
7055.
7057.
7060.
7062.
7065.
7067.
7070.
7072.
7076.
7078.
7081.
7084.
7086.
7089.
7091.
7094.
7096.
7099.
7102.
7105.
7108.
7110.
7112.
7115.
7118.
7121.
7123.
7126.
7129.
7131.
7134.
7136.
7140.
7143.
7145.
7148.
7151.
7153.
7155.
7158.
7161.
7165.
7168.
7170.
7172.
7176.
7177.
7181.
7184.
7187.
7189.
7193.
7195.
7199.
7201.
7204.
7206.
7210.
7212.
7215.
7218.
7222.
7224.
7227.
7230.
7234.
7235.
7239.
7242.
7246.
7248.
7251.
7254.
7258.
7261.
7264.
7267.
7270.
7273.
7276.
7279.
7283.
7286.
7289.
7292.
7295.
7299.
7301.
7305.
7308.
7312.
7315.
7318.
7321.
7324.
7327.
7331.
7334.
7338.
7340.
7344.
7347.
7350.
7353.
7356.
7360.
7363.
7366.
7369.
7373.
7377.
7379.
7383.
7386.
7390.
7392.
7396.
7399.
7403.
7406.
7409.
7412.
7416.
7418.
7422.
7426.
7429.
7432.
7436.
7439.
7443.
7446.
7449.
7452.
7456.
7459.
7462.
7466.
7470.
7472.
7475.
7479.
7483.
7486.
7489.
7493.
7496.
7499.
7502.
7506.
7509.
7513.
7515.
7519.
7523.
7526.
7529.
7532.
7536.
7539.
7542.
7546.
7549.
7552.
7556.
7559.
7562.
7565.
7568.
7572.
7576.
7579.
7582.
7586.
7589.
7591.
7595.
7598.
7601.
7605.
7608.
7611.
7614.
7617.
7620.
7625.
7627.
7630.
7633.
7637.
7640.
7643.
7645.
7650.
7652.
7656.
7658.
7662.
7665.
7669.
7671.
7675.
7678.
7681.
7684.
7687.
7690.
7694.
7696.
7700.
7703.
7705.
7708.
7712.
7715.
7718.
7720.
7724.
7727.
7730.
7733.
7736.
7739.
7742.
7744.
7748.
7751.
7754.
7757.
7760.
7763.
7766.
7768.
7771.
7774.
7778.
7780.
7783.
7786.
7789.
7792.
7794.
7797.
7800.
7802.
7806.
7808.
7811.
7814.
7817.
7820.
7822.
7824.
7828.
7831.
7833.
7836.
7839.
7841.
7844.
7847.
7850.
7852.
7855.
7857.
7860.
7863.
7865.
7868.
7871.
7874.
7876.
7879.
7881.
7884.
7886.
7889.
7892.
7895.
7898.
7900.
7902.
7906.
7908.
7910.
7912.
7915.
7918.
7920.
7923.
7926.
7928.
7931.
7934.
7936.
7939.
7941.
7944.
7946.
7949.
7951.
7954.
7957.
7959.
7962.
7965.
7967.
7969.
7972.
7975.
7977.
7980.
7982.
7985.
7987.
7990.
7992.
7995.
7997.
8000.
8002.
8005.
8007.
8010.
8012.
8015.
8018.
8021.
8022.
8026.
8028.
8031.
8033.
8036.
8038.
8041.
8043.
8046.
8049.
8051.
8053.
8056.
8058.
8062.
8064.
8066.
8069.
8072.
8074.
8077.
8079.
8082.
8084.
8087.
8089.
8092.
8095.
8097.
8100.
8104.
8106.
8108.
8111.
8113.
8116.
8118.
8121.
8124.
8127.
8129.
8132.
8135.
8138.
8140.
8143.
8145.
8148.
8150.
8154.
8156.
8159.
8162.
8165.
8168.
8170.
8172.
8175.
8178.
8181.
8183.
8187.
8189.
8192.
8195.
8198.
8200.
8203.
8206.
8209.
8211.
8215.
8217.
8220.
8223.
8226.
8228.
8232.
8234.
8237.
8239.
8243.
8245.
8249.
8251.
8254.
8257.
8260.
8262.
8266.
8268.
8271.
8274.
8277.
8280.
8284.
8286.
8289.
8292.
8295.
8297.
8301.
8304.
8306.
8309.
8312.
8316.
8319.
8321.
8324.
8327.
8330.
8333.
8336.
8339.
8342.
8345.
8348.
8351.
8354.
8357.
8360.
8364.
8367.
8370.
8374.
8376.
8379.
8382.
8385.
8388.
8391.
8394.
8397.
8401.
8403.
8407.
8409.
8413.
8416.
8419.
8422.
8426.
8428.
8432.
8435.
8439.
8441.
8445.
8447.
8451.
8454.
8457.
8460.
8464.
8466.
8469.
8473.
8477.
8479.
8483.
8486.
8490.
8493.
8496.
8499.
8502.
8505.
8509.
8512.
8516.
8518.
8522.
8525.
8528.
8531.
8534.
8538.
8541.
8544.
8548.
8551.
8555.
8558.
8561.
8564.
8567.
8570.
8573.
8577.
8581.
8584.
8586.
8590.
8593.
8597.
8600.
8603.
8607.
8610.
8613.
8616.
8619.
8623.
8626.
8630.
8633.
8637.
8639.
8643.
8646.
8649.
8652.
8656.
8659.
8663.
8665.
8668.
8672.
8675.
8678.
8681.
8685.
8689.
8691.
8695.
8698.
8702.
8704.
8707.
8710.
8714.
8716.
8720.
8723.
8727.
8730.
8733.
8736.
8740.
8743.
8746.
8749.
8753.
8755.
8758.
8762.
8765.
8768.
8772.
8774.
8778.
8781.
8784.
8787.
8790.
8793.
8796.
8800.
8803.
8806.
8809.
8812.
8816.
8819.
8821.
8825.
8828.
8831.
8833.
8837.
8840.
8843.
8846.
8850.
8852.
8855.
8858.
8862.
8864.
8867.
8870.
8873.
8877.
8880.
8882.
8886.
8889.
8892.
8894.
8898.
8900.
8904.
8906.
8910.
8912.
8915.
8918.
8922.
8924.
8927.
8929.
8933.
8936.
8939.
8941.
8945.
8947.
8950.
8953.
8956.
8959.
8962.
8964.
8967.
8970.
8973.
8976.
8978.
8982.
8985.
8987.
8991.
8993.
8995.
8998.
9001.
9004.
9007.
9009.
9012.
9015.
9018.
9020.
9023.
9025.
9028.
9031.
9034.
9037.
9039.
9041.
9044.
9048.
9050.
9053.
9055.
9058.
9061.
9063.
9065.
9068.
9071.
9073.
9076.
9079.
9081.
9084.
9086.
9089.
9091.
9094.
9096.
9099.
9101.
9104.
9107.
9110.
9112.
9114.
9116.
9119.
9121.
9124.
9126.
9129.
9132.
9133.
9136.
9139.
9141.
9143.
9145.
9148.
9151.
9153.
9155.
9158.
9161.
9162.
9165.
9168.
9170.
9172.
9174.
9177.
9179.
9181.
9183.
9186.
9188.
9190.
9193.
9195.
9198.
9200.
9202.
9205.
9207.
9208.
9211.
9214.
9216.
9218.
9220.
9224.
9225.
9227.
9230.
9231.
9234.
9237.
9238.
9240.
9244.
9245.
9248.
9250.
9252.
9255.
9257.
9259.
9262.
9264.
9266.
9268.
9271.
9273.
9275.
9277.
9279.
9281.
9284.
9287.
9288.
9290.
9294.
9296.
9297.
9300.
9303.
9305.
9307.
9308.
9311.
9314.
9316.
9318.
9320.
9322.
9324.
9326.
9329.
9331.
9334.
9336.
9338.
9341.
9343.
9345.
9347.
9349.
9351.
9354.
9356.
9358.
9360.
9363.
9365.
9367.
9369.
9371.
9374.
9377.
9378.
9380.
9382.
9385.
9387.
9389.
9391.
9394.
9396.
9398.
9400.
9403.
9406.
9407.
9409.
9411.
9413.
9416.
9418.
9421.
9423.
9425.
9426.
9430.
9432.
9434.
9436.
9439.
9441.
9442.
9444.
9447.
9449.
9451.
9453.
9456.
9458.
9460.
9462.
9465.
9467.
9469.
9471.
9473.
9476.
9477.
9480.
9482.
9484.
9487.
9489.
9491.
9493.
9494.
9497.
9500.
9502.
9503.
9506.
9508.
9510.
9512.
9514.
9517.
9519.
9521.
9523.
9525.
9527.
9529.
9531.
9533.
9536.
9538.
9540.
9542.
9544.
9546.
9548.
9551.
9553.
9554.
9556.
9558.
9561.
9563.
9565.
9567.
9569.
9571.
9573.
9575.
9578.
9580.
9581.
9584.
9586.
9588.
9589.
9592.
9594.
9595.
9598.
9600.
9602.
9604.
9607.
9609.
9611.
9612.
9615.
9617.
9618.
9621.
9622.
9625.
9627.
9629.
9631.
9633.
9635.
9637.
9639.
9641.
9643.
9645.
9647.
9649.
9651.
9653.
9655.
9657.
9660.
9661.
9662.
9666.
9667.
9669.
9671.
9673.
9675.
9677.
9680.
9681.
9683.
9685.
9687.
9689.
9692.
9693.
9695.
9697.
9699.
9701.
9703.
9705.
9707.
9709.
9711.
9713.
9715.
9717.
9719.
9721.
9723.
9725.
9727.
9729.
9731.
9733.
9734.
9737.
9739.
9741.
9742.
9745.
9746.
9748.
9751.
9752.
9754.
9756.
9758.
9760.
9762.
9764.
9766.
9767.
9770.
9772.
9774.
9776.
9778.
9780.
9782.
9783.
9786.
9787.
9789.
9791.
9793.
9795.
9797.
9799.
9801.
9803.
9805.
9807.
9809.
9812.
9813.
9815.
9816.
9818.
9820.
9823.
9824.
9826.
9828.
9831.
9833.
9835.
9836.
9838.
9840.
9842.
9844.
9847.
9848.
9850.
9852.
9854.
9857.
9858.
9860.
9862.
9864.
9866.
9868.
9870.
9872.
9874.
9876.
9878.
9880.
9882.
9883.
9886.
9888.
9890.
9891.
9893.
9896.
9898.
9900.
9902.
9904.
9906.
9908.
9910.
9912.
9914.
9916.
9918.
9921.
9922.
9924.
9926.
9929.
9930.
9932.
9934.
9937.
9938.
9940.
9942.
9944.
9946.
9949.
9950.
9953.
9954.
9957.
9959.
9961.
9963.
9965.
9967.
9969.
9972.
9974.
9975.
9978.
9980.
9982.
9984.
9987.
9988.
9990.
9993.
9995.
9997.
9999.
10001.
10003.
10005.
10007.
10009.
10012.
10014.
10017.
10018.
10021.
10023.
10025.
10028.
10030.
10032.
10034.
10036.
10038.
10040.
10043.
10045.
10047.
10049.
10051.
10053.
10056.
10058.
10060.
10062.
10065.
10068.
10069.
10071.
10074.
10077.
10078.
10081.
10083.
10085.
10087.
10088.
10091.
10093.
10096.
10099.
10101.
10103.
10105.
10108.
10110.
10111.
10114.
10116.
10119.
10121.
10123.
10125.
10128.
10130.
10132.
10134.
10137.
10139.
10140.
10143.
10146.
10147.
10150.
10152.
10155.
10157.
10159.
10162.
10164.
10167.
10168.
10170.
10173.
10175.
10178.
10180.
10182.
10184.
10186.
10188.
10191.
10193.
10196.
10198.
10200.
10202.
10204.
10206.
10209.
10211.
10214.
10216.
10218.
10221.
10223.
10225.
10228.
10230.
10232.
10234.
10236.
10238.
10240.
10243.
10245.
10248.
10250.
10252.
10255.
10257.
10258.
10261.
10263.
10266.
10268.
10270.
10273.
10274.
10277.
10278.
10281.
10284.
10285.
10287.
10289.
10292.
10294.
10296.
10298.
10301.
10303.
10305.
10308.
10309.
10312.
10314.
10316.
10318.
10320.
10322.
10324.
10327.
10329.
10330.
10333.
10335.
10337.
10339.
10341.
10343.
10345.
10346.
10349.
10352.
10353.
10355.
10357.
10359.
10361.
10364.
10366.
10367.
10369.
10371.
10374.
10375.
10377.
10379.
10381.
10383.
10385.
10387.
10389.
10391.
10393.
10395.
10396.
10398.
10400.
10402.
10404.
10405.
10407.
10408.
10411.
10412.
10414.
10416.
10418.
10420.
10421.
10424.
10425.
10427.
10428.
10430.
10432.
10433.
10434.
10436.
10438.
10440.
10442.
10443.
10445.
10447.
10448.
10450.
10450.
10452.
10454.
10456.
10457.
10459.
10460.
10462.
10463.
10464.
10466.
10468.
10469.
10470.
10472.
10473.
10475.
10477.
10477.
10479.
10481.
10482.
10484.
10485.
10487.
10488.
10490.
10491.
10492.
10493.
10494.
10496.
10497.
10498.
10500.
10501.
10503.
10504.
10506.
10507.
10508.
10509.
10511.
10512.
10514.
10514.
10516.
10518.
10519.
10520.
10521.
10523.
10524.
10525.
10527.
10528.
10529.
10530.
10532.
10533.
10535.
10536.
10537.
10538.
10539.
10541.
10543.
10543.
10545.
10546.
10547.
10549.
10551.
10551.
10552.
10553.
10555.
10555.
10557.
10558.
10558.
10560.
10562.
10562.
10564.
10566.
10567.
10568.
10568.
10570.
10572.
10572.
10573.
10574.
10576.
10577.
10578.
10580.
10580.
10581.
10582.
10584.
10585.
10587.
10588.
10589.
10590.
10592.
10592.
10593.
10595.
10596.
10597.
10599.
10600.
10602.
10602.
10604.
10604.
10606.
10607.
10609.
10610.
10611.
10611.
10613.
10614.
10615.
10616.
10618.
10619.
10621.
10621.
10624.
10624.
10626.
10627.
10629.
10629.
10631.
10632.
10633.
10634.
10636.
10637.
10638.
10639.
10640.
10642.
10643.
10643.
10645.
10646.
10648.
10649.
10650.
10652.
10653.
10655.
10656.
10657.
10658.
10659.
10661.
10663.
10663.
10665.
10666.
10667.
10668.
10670.
10671.
10672.
10673.
10675.
10676.
10677.
10678.
10680.
10681.
10683.
10683.
10685.
10686.
10689.
10689.
10690.
10691.
10693.
10694.
10696.
10696.
10697.
10699.
10700.
10701.
10704.
10704.
10706.
10707.
10709.
10709.
10711.
10712.
10714.
10715.
10717.
10718.
10719.
10720.
10721.
10723.
10724.
10726.
10727.
10727.
10729.
10730.
10732.
10732.
10734.
10736.
10736.
10738.
10739.
10740.
10741.
10743.
10744.
10746.
10747.
10748.
10749.
10750.
10752.
10753.
10754.
10756.
10756.
10758.
10759.
10761.
10761.
10763.
10763.
10764.
10767.
10768.
10769.
10771.
10771.
10772.
10774.
10774.
10775.
10776.
10777.
10778.
10779.
10780.
10781.
10782.
10783.
10785.
10785.
10786.
10787.
10788.
10789.
10791.
10791.
10792.
10792.
10794.
10795.
10797.
10797.
10799.
10799.
10801.
10801.
10802.
10803.
10805.
10805.
10806.
10807.
10808.
10809.
10809.
10811.
10811.
10812.
10813.
10814.
10814.
10815.
10816.
10817.
10818.
10818.
10819.
10819.
10819.
10821.
10821.
10822.
10822.
10823.
10824.
10824.
10825.
10826.
10826.
10828.
10828.
10828.
10829.
10829.
10830.
10830.
10830.
10831.
10832.
10831.
10831.
10832.
10832.
10832.
10832.
10831.
10832.
10832.
10831.
10832.
10832.
10832.
10832.
10832.
10833.
10832.
10832.
10831.
10831.
10831.
10831.
10831.
10830.
10831.
10831.
10830.
10830.
10831.
10830.
10829.
10830.
10830.
10829.
10829.
10829.
10829.
10828.
10828.
10828.
10829.
10829.
10828.
10828.
10829.
10828.
10827.
10828.
10828.
10827.
10827.
10827.
10827.
10826.
10827.
10826.
10825.
10826.
10825.
10826.
10826.
10824.
10825.
10825.
10825.
10824.
10824.
10824.
10824.
10822.
10822.
10823.
10823.
10822.
10822.
10822.
10821.
10820.
10820.
10820.
10820.
10819.
10819.
10819.
10818.
10818.
10818.
10817.
10818.
10817.
10816.
10815.
10815.
10815.
10814.
10814.
10813.
10812.
10812.
10812.
10811.
10811.
10810.
10809.
10809.
10808.
10808.
10807.
10807.
10806.
10805.
10804.
10804.
10803.
10802.
10801.
10800.
10799.
10798.
10798.
10797.
10795.
10795.
10795.
10794.
10794.
10792.
10791.
10789.
10788.
10787.
10787.
10785.
10784.
10784.
10783.
10782.
10780.
10778.
10777.
10777.
10776.
10774.
10773.
10772.
10771.
10769.
10768.
10767.
10767.
10764.
10763.
10762.
10761.
10759.
10758.
10756.
10755.
10753.
10752.
10751.
10749.
10748.
10746.
10745.
10744.
10742.
10740.
10739.
10737.
10735.
10733.
10732.
10730.
10729.
10727.
10726.
10724.
10723.
10722.
10719.
10717.
10716.
10713.
10712.
10710.
10708.
10707.
10705.
10702.
10702.
10700.
10697.
10695.
10695.
10693.
10691.
10689.
10686.
10682.
10680.
10679.
10677.
10674.
10672.
10669.
10668.
10666.
10664.
10662.
10659.
10657.
10656.
10654.
10652.
10650.
10648.
10646.
10645.
10642.
10640.
10638.
10637.
10635.
10633.
10631.
10629.
10626.
10624.
10622.
10621.
10619.
10617.
10615.
10612.
10611.
10610.
10608.
10607.
10604.
10602.
10600.
10598.
10597.
10595.
10593.
10592.
10590.
10588.
10587.
10584.
10584.
10583.
10581.
10579.
10577.
10575.
10574.
10572.
10571.
10570.
10568.
10565.
10565.
10563.
10560.
10559.
10558.
10556.
10554.
10552.
10551.
10550.
10549.
10546.
10544.
10543.
10542.
10540.
10539.
10536.
10534.
10533.
10532.
10530.
10527.
10526.
10526.
10523.
10521.
10520.
10519.
10517.
10515.
10514.
10512.
10510.
10508.
10507.
10506.
10504.
10501.
10500.
10498.
10498.
10496.
10494.
10492.
10491.
10490.
10488.
10485.
10485.
10484.
10481.
10479.
10478.
10476.
10475.
10474.
10472.
10470.