6947.
6947.
6946.
6947.
6947.
6947.
6947.
6947.
6947.
6947.
6947.
6946.
6947.
6947.
6947.
6947.
6946.
6947.
6947.
6947.
6947.
6947.
6947.
6947.
6947.
6947.
6947.
6947.
6947.
6947.
6946.
6947.
6946.
6947.
6947.
6947.
6947.
6947.
6947.
6947.
6947.
6947.
6947.
6947.
6947.
6947.
6947.
6947.
6947.
6947.
6947.
6946.
6947.
6947.
6947.
6947.
6947.
6947.
6947.
6946.
6947.
6947.
6947.
6947.
6947.
6947.
6947.
6947.
6947.
6947.
6947.
6947.
6947.
6947.
6947.
6947.
6947.
6947.
6947.
6947.
6946.
6946.
6947.
6946.
6947.
6947.
6947.
6947.
6947.
6947.
6947.
6947.
6947.
6947.
6947.
6947.
6947.
6947.
6947.
6947.
6947.
6947.
6947.
6947.
6947.
6947.
6947.
6948.
6947.
6947.
6947.
6947.
6947.
6947.
6947.
6947.
6947.
6947.
6947.
6947.
6948.
6947.
6947.
6947.
6948.
6947.
6947.
6947.
6947.
6947.
6947.
6947.
6947.
6947.
6947.
6947.
6948.
6947.
6947.
6947.
6947.
6947.
6946.
6947.
6947.
6947.
6947.
6947.
6947.
6947.
6947.
6947.
6947.
6947.
6948.
6947.
6947.
6947.
6947.
6947.
6948.
6947.
6947.
6947.
6947.
6947.
6947.
6947.
6947.
6948.
6947.
6946.
6947.
6947.
6947.
6947.
6947.
6947.
6948.
6947.
6947.
6947.
6947.
6947.
6947.
6947.
6947.
6947.
6948.
6947.
6947.
6947.
6947.
6947.
6947.
6946.
6947.
6947.
6947.
6947.
6947.
6948.
6947.
6946.
6947.
6948.
6947.
6947.
6947.
6947.
6947.
6947.
6947.
6948.
6947.
6946.
6947.
6947.
6947.
6947.
6947.
6947.
6947.
6948.
6947.
6947.
6947.
6947.
6947.
6947.
6947.
6947.
6947.
6947.
6947.
6947.
6947.
6948.
6947.
6947.
6947.
6948.
6946.
6947.
6947.
6947.
6947.
6947.
6947.
6947.
6947.
6947.
6948.
6948.
6946.
6946.
6947.
6947.
6947.
6947.
6947.
6947.
6946.
6947.
6947.
6947.
6948.
6948.
6947.
6947.
6946.
6947.
6947.
6947.
6946.
6947.
6947.
6947.
6948.
6947.
6947.
6947.
6948.
6947.
6947.
6947.
6948.
6947.
6947.
6947.
6946.
6947.
6947.
6947.
6946.
6947.
6947.
6947.
6947.
6947.
6948.
6947.
6947.
6947.
6947.
6947.
6947.
6947.
6947.
6947.
6947.
6948.
6948.
6947.
6947.
6947.
6947.
6947.
6947.
6946.
6947.
6947.
6947.
6946.
6947.
6946.
6947.
6947.
6947.
6947.
6947.
6947.
6947.
6947.
6947.
6947.
6947.
6947.
6947.
6947.
6947.
6947.
6947.
6948.
6947.
6948.
6947.
6948.
6947.
6949.
6947.
6947.
6948.
6948.
6947.
6947.
6948.
6948.
6948.
6948.
6948.
6948.
6948.
6948.
6949.
6948.
6949.
6949.
6948.
6948.
6948.
6948.
6949.
6949.
6949.
6949.
6950.
6950.
6949.
6949.
6950.
6950.
6950.
6950.
6950.
6951.
6950.
6951.
6951.
6951.
6952.
6952.
6952.
6952.
6951.
6952.
6952.
6952.
6952.
6953.
6953.
6953.
6952.
6953.
6953.
6953.
6954.
6953.
6954.
6954.
6955.
6954.
6954.
6955.
6954.
6955.
6955.
6955.
6956.
6956.
6956.
6956.
6956.
6956.
6957.
6958.
6957.
6958.
6958.
6959.
6959.
6959.
6959.
6960.
6959.
6960.
6960.
6961.
6961.
6961.
6961.
6961.
6962.
6963.
6963.
6963.
6963.
6964.
6964.
6965.
6965.
6966.
6966.
6967.
6966.
6968.
6967.
6969.
6968.
6968.
6969.
6969.
6970.
6970.
6971.
6971.
6971.
6972.
6972.
6973.
6973.
6974.
6974.
6975.
6974.
6975.
6975.
6977.
6976.
6977.
6977.
6978.
6978.
6979.
6979.
6979.
6980.
6979.
6981.
6981.
6981.
6981.
6982.
6982.
6983.
6983.
6984.
6984.
6985.
6985.
6985.
6985.
6986.
6986.
6986.
6987.
6987.
6988.
6987.
6988.
6989.
6989.
6989.
6990.
6990.
6990.
6991.
6991.
6992.
6992.
6993.
6993.
6993.
6993.
6994.
6994.
6994.
6995.
6995.
6996.
6995.
6996.
6996.
6997.
6997.
6997.
6998.
6998.
6998.
6998.
6998.
6999.
6999.
6999.
6999.
7000.
7000.
7001.
7002.
7001.
7002.
7002.
7002.
7002.
7003.
7003.
7003.
7004.
7003.
7004.
7005.
7004.
7004.
7005.
7005.
7005.
7006.
7006.
7006.
7007.
7007.
7007.
7007.
7008.
7008.
7008.
7008.
7008.
7009.
7009.
7010.
7009.
7011.
7010.
7011.
7012.
7011.
7012.
7013.
7012.
7013.
7013.
7013.
7014.
7014.
7015.
7015.
7015.
7015.
7016.
7016.
7016.
7017.
7018.
7017.
7018.
7019.
7019.
7019.
7020.
7021.
7021.
7021.
7022.
7022.
7023.
7023.
7024.
7024.
7024.
7025.
7025.
7026.
7026.
7027.
7027.
7028.
7028.
7029.
7029.
7029.
7029.
7030.
7030.
7031.
7031.
7032.
7032.
7032.
7033.
7034.
7035.
7034.
7035.
7036.
7036.
7037.
7037.
7037.
7038.
7039.
7039.
7039.
7040.
7040.
7041.
7041.
7042.
7042.
7043.
7043.
7044.
7044.
7044.
7046.
7046.
7047.
7046.
7047.
7048.
7049.
7049.
7049.
7050.
7049.
7051.
7052.
7052.
7053.
7053.
7053.
7054.
7053.
7055.
7055.
7055.
7056.
7057.
7057.
7057.
7057.
7058.
7059.
7059.
7059.
7060.
7061.
7061.
7061.
7062.
7062.
7063.
7063.
7063.
7064.
7064.
7064.
7065.
7065.
7066.
7066.
7066.
7067.
7067.
7068.
7068.
7068.
7069.
7069.
7070.
7070.
7070.
7071.
7071.
7071.
7071.
7072.
7073.
7073.
7073.
7074.
7073.
7074.
7075.
7075.
7076.
7075.
7076.
7076.
7077.
7077.
7077.
7078.
7078.
7078.
7079.
7079.
7079.
7080.
7081.
7080.
7081.
7081.
7081.
7082.
7082.
7082.
7082.
7083.
7083.
7084.
7084.
7084.
7085.
7085.
7085.
7086.
7086.
7086.
7087.
7087.
7088.
7088.
7089.
7089.
7089.
7089.
7090.
7090.
7091.
7091.
7092.
7091.
7093.
7093.
7094.
7093.
7095.
7095.
7095.
7095.
7096.
7096.
7097.
7097.
7098.
7098.
7099.
7099.
7100.
7101.
7101.
7102.
7101.
7101.
7103.
7103.
7103.
7103.
7104.
7104.
7105.
7105.
7106.
7106.
7107.
7107.
7108.
7108.
7109.
7109.
7110.
7110.
7111.
7111.
7111.
7111.
7113.
7113.
7113.
7113.
7114.
7115.
7115.
7116.
7116.
7116.
7117.
7117.
7118.
7118.
7118.
7119.
7119.
7120.
7120.
7121.
7121.
7122.
7122.
7123.
7123.
7124.
7124.
7124.
7126.
7126.
7126.
7126.
7127.
7127.
7128.
7128.
7128.
7130.
7130.
7131.
7131.
7132.
7132.
7132.
7133.
7133.
7135.
7134.
7134.
7135.
7136.
7136.
7136.
7137.
7137.
7138.
7138.
7138.
7138.
7139.
7139.
7140.
7140.
7141.
7142.
7142.
7142.
7142.
7143.
7142.
7143.
7144.
7144.
7145.
7146.
7145.
7146.
7146.
7146.
7146.
7147.
7147.
7148.
7147.
7149.
7149.
7150.
7150.
7150.
7151.
7151.
7152.
7152.
7152.
7153.
7153.
7154.
7154.
7155.
7154.
7155.
7156.
7156.
7156.
7157.
7158.
7158.
7158.
7159.
7160.
7160.
7160.
7160.
7161.
7161.
7162.
7162.
7163.
7163.
7163.
7164.
7164.
7165.
7165.
7166.
7167.
7168.
7168.
7169.
7169.
7169.
7169.
7170.
7170.
7171.
7171.
7172.
7172.
7173.
7174.
7174.
7175.
7176.
7175.
7176.
7176.
7177.
7177.
7177.
7178.
7179.
7179.
7180.
7180.
7181.
7181.
7182.
7182.
7184.
7184.
7184.
7184.
7185.
7185.
7186.
7186.
7187.
7187.
7188.
7189.
7189.
7189.
7190.
7191.
7192.
7192.
7192.
7193.
7194.
7194.
7194.
7195.
7195.
7196.
7196.
7197.
7198.
7199.
7199.
7200.
7200.
7201.
7201.
7202.
7202.
7202.
7203.
7204.
7204.
7205.
7205.
7206.
7206.
7207.
7207.
7208.
7208.
7209.
7209.
7210.
7210.
7210.
7211.
7212.
7212.
7213.
7213.
7215.
7214.
7215.
7215.
7216.
7216.
7216.
7217.
7217.
7218.
7219.
7219.
7219.
7220.
7221.
7222.
7221.
7223.
7222.
7224.
7224.
7225.
7225.
7225.
7226.
7226.
7227.
7227.
7227.
7228.
7228.
7229.
7229.
7230.
7230.
7231.
7232.
7232.
7233.
7232.
7233.
7234.
7234.
7234.
7235.
7236.
7236.
7236.
7237.
7237.
7238.
7238.
7238.
7239.
7239.
7239.
7240.
7240.
7241.
7242.
7242.
7242.
7243.
7244.
7243.
7244.
7244.
7245.
7246.
7247.
7246.
7248.
7247.
7248.
7249.
7248.
7250.
7251.
7251.
7252.
7252.
7252.
7253.
7253.
7255.
7254.
7256.
7256.
7257.
7257.
7258.
7258.
7259.
7260.
7261.
7261.
7262.
7263.
7263.
7264.
7265.
7265.
7266.
7266.
7268.
7268.
7268.
7269.
7270.
7271.
7271.
7272.
7273.
7274.
7275.
7275.
7276.
7277.
7278.
7278.
7280.
7280.
7281.
7282.
7283.
7283.
7284.
7285.
7286.
7287.
7288.
7288.
7290.
7290.
7290.
7291.
7292.
7293.
7293.
7294.
7295.
7296.
7297.
7297.
7299.
7299.
7300.
7301.
7301.
7302.
7302.
7304.
7305.
7306.
7306.
7306.
7307.
7308.
7308.
7310.
7310.
7311.
7312.
7313.
7313.
7315.
7315.
7316.
7317.
7317.
7318.
7319.
7320.
7321.
7321.
7322.
7322.
7323.
7323.
7324.
7325.
7326.
7327.
7328.
7328.
7329.
7330.
7331.
7331.
7332.
7332.
7333.
7334.
7334.
7335.
7335.
7337.
7337.
7338.
7338.
7339.
7339.
7340.
7341.
7342.
7343.
7343.
7345.
7344.
7345.
7346.
7347.
7347.
7348.
7349.
7350.
7350.
7351.
7351.
7352.
7352.
7353.
7353.
7353.
7354.
7355.
7356.
7356.
7357.
7357.
7358.
7358.
7359.
7359.
7361.
7361.
7362.
7363.
7363.
7363.
7365.
7365.
7366.
7366.
7366.
7367.
7367.
7368.
7368.
7369.
7369.
7370.
7371.
7372.
7372.
7372.
7373.
7374.
7374.
7374.
7376.
7376.
7376.
7377.
7378.
7379.
7379.
7380.
7381.
7381.
7381.
7382.
7383.
7383.
7384.
7385.
7385.
7385.
7386.
7387.
7387.
7388.
7388.
7389.
7390.
7391.
7391.
7392.
7392.
7394.
7394.
7395.
7395.
7396.
7396.
7398.
7398.
7399.
7400.
7400.
7401.
7402.
7403.
7404.
7404.
7405.
7405.
7406.
7407.
7408.
7408.
7409.
7410.
7410.
7411.
7411.
7413.
7413.
7414.
7415.
7416.
7416.
7417.
7418.
7418.
7419.
7420.
7420.
7422.
7422.
7423.
7423.
7425.
7425.
7426.
7426.
7428.
7428.
7430.
7430.
7431.
7431.
7433.
7432.
7434.
7435.
7435.
7435.
7437.
7437.
7438.
7439.
7440.
7440.
7441.
7442.
7443.
7443.
7444.
7444.
7446.
7445.
7447.
7447.
7449.
7450.
7450.
7450.
7452.
7452.
7453.
7454.
7454.
7454.
7456.
7456.
7457.
7458.
7458.
7459.
7459.
7460.
7461.
7462.
7462.
7463.
7463.
7464.
7466.
7466.
7466.
7467.
7468.
7469.
7469.
7469.
7470.
7471.
7471.
7472.
7472.
7474.
7474.
7475.
7475.
7476.
7476.
7478.
7479.
7479.
7479.
7480.
7481.
7482.
7482.
7483.
7483.
7484.
7485.
7486.
7487.
7487.
7488.
7488.
7489.
7490.
7490.
7491.
7492.
7492.
7492.
7494.
7494.
7495.
7495.
7496.
7496.
7498.
7498.
7499.
7499.
7500.
7500.
7501.
7501.
7501.
7502.
7503.
7503.
7505.
7505.
7505.
7506.
7506.
7507.
7508.
7509.
7509.
7509.
7509.
7511.
7511.
7512.
7512.
7513.
7514.
7513.
7514.
7514.
7515.
7515.
7516.
7517.
7518.
7517.
7517.
7518.
7518.
7520.
7520.
7520.
7520.
7522.
7522.
7522.
7522.
7523.
7524.
7524.
7525.
7525.
7526.
7526.
7526.
7527.
7527.
7527.
7528.
7529.
7529.
7529.
7530.
7530.
7530.
7531.
7532.
7532.
7532.
7533.
7534.
7533.
7534.
7535.
7535.
7536.
7536.
7537.
7537.
7537.
7538.
7539.
7539.
7540.
7540.
7541.
7541.
7542.
7542.
7543.
7543.
7544.
7544.
7545.
7546.
7546.
7547.
7547.
7548.
7548.
7549.
7549.
7550.
7550.
7551.
7551.
7553.
7552.
7554.
7554.
7555.
7555.
7556.
7557.
7557.
7558.
7558.
7559.
7559.
7560.
7560.
7561.
7561.
7562.
7563.
7563.
7564.
7565.
7565.
7565.
7566.
7567.
7567.
7568.
7568.
7569.
7570.
7570.
7571.
7571.
7572.
7573.
7574.
7574.
7575.
7575.
7576.
7577.
7577.
7578.
7579.
7579.
7580.
7580.
7581.
7581.
7581.
7583.
7583.
7584.
7585.
7585.
7586.
7586.
7587.
7587.
7587.
7588.
7589.
7590.
7590.
7591.
7590.
7592.
7593.
7593.
7594.
7594.
7594.
7595.
7596.
7597.
7598.
7598.
7599.
7599.
7600.
7601.
7601.
7602.
7603.
7603.
7603.
7604.
7605.
7606.
7607.
7607.
7607.
7608.
7608.
7609.
7609.
7610.
7610.
7612.
7612.
7613.
7613.
7614.
7615.
7615.
7616.
7616.
7616.
7617.
7618.
7619.
7620.
7620.
7621.
7621.
7622.
7622.
7623.
7623.
7625.
7626.
7626.
7627.
7627.
7628.
7628.
7629.
7630.
7630.
7631.
7632.
7633.
7633.
7634.
7634.
7636.
7636.
7637.
7637.
7638.
7638.
7640.
7640.
7641.
7642.
7643.
7643.
7644.
7644.
7645.
7645.
7647.
7647.
7648.
7649.
7650.
7650.
7651.
7652.
7652.
7653.
7654.
7655.
7655.
7656.
7657.
7658.
7658.
7659.
7659.
7661.
7661.
7662.
7663.
7664.
7664.
7665.
7666.
7667.
7667.
7668.
7669.
7670.
7671.
7671.
7672.
7672.
7673.
7674.
7674.
7675.
7675.
7676.
7677.
7677.
7677.
7679.
7680.
7681.
7681.
7682.
7682.
7683.
7683.
7684.
7684.
7686.
7686.
7687.
7687.
7689.
7689.
7690.
7690.
7691.
7691.
7692.
7693.
7694.
7694.
7695.
7695.
7696.
7696.
7697.
7698.
7698.
7699.
7700.
7701.
7702.
7702.
7702.
7703.
7703.
7704.
7705.
7705.
7705.
7706.
7707.
7708.
7708.
7709.
7710.
7711.
7711.
7712.
7713.
7713.
7713.
7715.
7714.
7716.
7716.
7717.
7717.
7718.
7718.
7720.
7720.
7721.
7722.
7722.
7723.
7724.
7724.
7725.
7725.
7727.
7727.
7728.
7728.
7729.
7730.
7731.
7732.
7732.
7733.
7733.
7734.
7735.
7735.
7736.
7736.
7737.
7738.
7739.
7739.
7740.
7741.
7742.
7742.
7742.
7743.
7744.
7745.
7746.
7746.
7747.
7748.
7749.
7749.
7750.
7751.
7751.
7751.
7753.
7753.
7754.
7754.
7755.
7756.
7757.
7757.
7758.
7758.
7760.
7760.
7760.
7761.
7762.
7763.
7763.
7764.
7764.
7765.
7765.
7767.
7767.
7768.
7768.
7769.
7769.
7770.
7771.
7772.
7772.
7773.
7773.
7775.
7775.
7776.
7776.
7777.
7777.
7779.
7779.
7780.
7781.
7781.
7781.
7782.
7783.
7784.
7784.
7785.
7785.
7786.
7787.
7788.
7789.
7790.
7790.
7791.
7791.
7792.
7792.
7793.
7794.
7794.
7795.
7796.
7796.
7797.
7798.
7798.
7799.
7799.
7800.
7800.
7802.
7802.
7803.
7804.
7805.
7804.
7806.
7806.
7807.
7807.
7808.
7808.
7810.
7810.
7811.
7811.
7812.
7813.
7813.
7813.
7815.
7815.
7816.
7816.
7818.
7818.
7819.
7819.
7820.
7820.
7821.
7821.
7823.
7823.
7823.
7824.
7825.
7825.
7826.
7827.
7828.
7828.
7829.
7830.
7830.
7831.
7831.
7832.
7833.
7834.
7834.
7835.
7835.
7836.
7838.
7838.
7838.
7839.
7840.
7840.
7840.
7842.
7842.
7843.
7843.
7844.
7845.
7845.
7846.
7847.
7847.
7849.
7849.
7850.
7851.
7851.
7851.
7852.
7852.
7853.
7853.
7855.
7855.
7855.
7856.
7857.
7857.
7858.
7858.
7860.
7860.
7861.
7861.
7862.
7863.
7863.
7864.
7864.
7865.
7866.
7866.
7867.
7868.
7868.
7868.
7870.
7871.
7871.
7872.
7873.
7873.
7874.
7874.
7874.
7875.
7877.
7877.
7878.
7879.
7879.
7879.
7880.
7881.
7881.
7882.
7884.
7883.
7883.
7885.
7885.
7886.
7887.
7888.
7889.
7889.
7889.
7891.
7890.
7892.
7893.
7893.
7893.
7895.
7895.
7896.
7896.
7897.
7898.
7899.
7899.
7900.
7901.
7902.
7902.
7903.
7903.
7905.
7905.
7906.
7906.
7908.
7908.
7909.
7909.
7910.
7910.
7912.
7912.
7913.
7913.
7914.
7915.
7916.
7917.
7917.
7918.
7919.
7919.
7920.
7921.
7922.
7922.
7924.
7924.
7925.
7926.
7927.
7927.
7929.
7930.
7930.
7930.
7932.
7932.
7933.
7934.
7935.
7936.
7937.
7937.
7937.
7939.
7940.
7940.
7940.
7942.
7942.
7943.
7944.
7945.
7946.
7947.
7947.
7948.
7949.
7950.
7951.
7952.
7952.
7954.
7954.
7955.
7956.
7957.
7957.
7958.
7959.
7960.
7961.
7962.
7962.
7964.
7964.
7965.
7966.
7968.
7968.
7968.
7969.
7970.
7971.
7971.
7972.
7974.
7974.
7975.
7976.
7977.
7978.
7978.
7979.
7981.
7981.
7982.
7983.
7985.
7984.
7986.
7987.
7987.
7988.
7989.
7990.
7990.
7992.
7992.
7994.
7994.
7995.
7996.
7997.
7997.
7998.
7999.
8001.
8001.
8002.
8003.
8004.
8004.
8006.
8006.
8007.
8008.
8009.
8009.
8011.
8011.
8012.
8013.
8014.
8014.
8016.
8016.
8017.
8017.
8019.
8020.
8021.
8021.
8023.
8023.
8024.
8025.
8025.
8027.
8027.
8028.
8029.
8029.
8031.
8031.
8032.
8033.
8034.
8035.
8035.
8037.
8038.
8038.
8038.
8040.
8040.
8041.
8042.
8043.
8045.
8044.
8045.
8047.
8047.
8048.
8048.
8050.
8050.
8051.
8052.
8054.
8054.
8055.
8056.
8056.
8057.
8058.
8059.
8060.
8060.
8062.
8062.
8063.
8064.
8065.
8065.
8067.
8067.
8068.
8069.
8070.
8070.
8072.
8073.
8074.
8074.
8075.
8076.
8077.
8078.
8079.
8079.
8081.
8081.
8083.
8083.
8084.
8084.
8086.
8086.
8087.
8087.
8088.
8089.
8090.
8091.
8091.
8093.
8094.
8094.
8095.
8096.
8096.
8098.
8099.
8100.
8100.
8102.
8101.
8103.
8103.
8105.
8106.
8107.
8107.
8108.
8109.
8109.
8110.
8112.
8112.
8113.
8114.
8115.
8115.
8116.
8116.
8118.
8118.
8120.
8120.
8121.
8121.
8123.
8124.
8124.
8125.
8127.
8127.
8128.
8128.
8130.
8130.
8132.
8132.
8133.
8134.
8134.
8135.
8136.
8137.
8138.
8139.
8139.
8140.
8141.
8142.
8143.
8144.
8144.
8145.
8146.
8147.
8148.
8148.
8149.
8150.
8150.
8152.
8152.
8154.
8154.
8155.
8156.
8157.
8157.
8158.
8159.
8160.
8160.
8162.
8162.
8163.
8163.
8165.
8165.
8166.
8168.
8168.
8168.
8170.
8170.
8171.
8171.
8173.
8173.
8175.
8174.
8176.
8177.
8177.
8178.
8180.
8180.
8181.
8181.
8183.
8184.
8185.
8185.
8186.
8187.
8188.
8189.
8189.
8190.
8192.
8192.
8193.
8194.
8195.
8196.
8196.
8198.
8198.
8199.
8201.
8201.
8203.
8203.
8203.
8204.
8205.
8206.
8208.
8209.
8209.
8210.
8211.
8212.
8213.
8214.
8215.
8216.
8217.
8218.
8219.
8220.
8220.
8222.
8222.
8223.
8224.
8225.
8225.
8227.
8227.
8229.
8230.
8231.
8232.
8233.
8234.
8234.
8235.
8236.
8237.
8239.
8239.
8240.
8241.
8243.
8243.
8245.
8245.
8247.
8248.
8248.
8249.
8251.
8251.
8252.
8253.
8254.
8255.
8256.
8257.
8258.
8259.
8260.
8261.
8262.
8263.
8264.
8265.
8266.
8266.
8267.
8269.
8270.
8271.
8272.
8273.
8274.
8275.
8275.
8277.
8278.
8279.
8280.
8281.
8282.
8283.
8284.
8285.
8285.
8286.
8288.
8289.
8290.
8291.
8292.
8293.
8293.
8295.
8295.
8297.
8298.
8299.
8300.
8301.
8301.
8302.
8304.
8305.
8306.
8307.
8308.
8309.
8311.
8312.
8312.
8314.
8315.
8316.
8317.
8319.
8319.
8320.
8321.
8322.
8323.
8324.
8325.
8326.
8327.
8329.
8329.
8330.
8331.
8332.
8334.
8335.
8336.
8336.
8338.
8338.
8339.
8341.
8341.
8343.
8344.
8345.
8346.
8347.
8349.
8350.
8351.
8351.
8353.
8353.
8354.
8355.
8357.
8357.
8359.
8360.
8361.
8361.
8363.
8364.
8365.
8366.
8367.
8367.
8369.
8370.
8370.
8372.
8373.
8374.
8375.
8375.
8377.
8377.
8379.
8379.
8381.
8382.
8383.
8383.
8385.
8386.
8387.
8388.
8389.
8390.
8390.
8391.
8393.
8393.
8395.
8396.
8397.
8398.
8398.
8399.
8400.
8402.
8402.
8404.
8405.
8406.
8406.
8407.
8408.
8409.
8411.
8411.
8412.
8413.
8413.
8415.
8415.
8416.
8417.
8418.
8419.
8420.
8421.
8422.
8423.
8424.
8424.
8426.
8427.
8428.
8428.
8430.
8431.
8432.
8432.
8433.
8434.
8435.
8436.
8438.
8438.
8439.
8439.
8440.
8441.
8443.
8443.
8444.
8445.
8445.
8447.
8448.
8449.
8450.
8451.
8452.
8452.
8453.
8454.
8456.
8456.
8457.
8458.
8459.
8460.
8460.
8461.
8462.
8463.
8463.
8465.
8466.
8467.
8467.
8468.
8469.
8470.
8470.
8471.
8472.
8473.
8474.
8475.
8475.
8477.
8477.
8478.
8479.
8480.
8480.
8482.
8483.
8484.
8484.
8485.
8486.
8488.
8488.
8489.
8489.
8491.
8490.
8492.
8493.
8494.
8495.
8496.
8496.
8498.
8498.
8499.
8500.
8501.
8501.
8502.
8503.
8504.
8505.
8506.
8507.
8507.
8508.
8509.
8510.
8511.
8511.
8513.
8514.
8514.
8515.
8516.
8517.
8519.
8518.
8520.
8520.
8521.
8522.
8523.
8524.
8525.
8525.
8526.
8527.
8527.
8528.
8529.
8530.
8530.
8532.
8532.
8534.
8535.
8536.
8536.
8538.
8538.
8539.
8540.
8541.
8542.
8542.
8543.
8544.
8544.
8546.
8546.
8547.
8548.
8549.
8549.
8551.
8552.
8553.
8553.
8555.
8555.
8556.
8556.
8558.
8559.
8559.
8560.
8561.
8562.
8563.
8563.
8565.
8565.
8566.
8567.
8568.
8569.
8569.
8570.
8572.
8572.
8572.
8573.
8575.
8576.
8576.
8577.
8578.
8579.
8580.
8581.
8582.
8582.
8583.
8584.
8584.
8586.
8586.
8588.
8587.
8589.
8589.
8591.
8592.
8593.
8594.
8595.
8595.
8597.
8597.
8598.
8598.
8600.
8600.
8602.
8602.
8604.
8605.
8606.
8606.
8608.
8608.
8610.
8610.
8612.
8612.
8614.
8614.
8614.
8615.
8617.
8617.
8619.
8619.
8621.
8621.
8622.
8622.
8624.
8625.
8626.
8627.
8628.
8629.
8630.
8631.
8632.
8633.
8634.
8635.
8636.
8637.
8637.
8639.
8639.
8641.
8642.
8643.
8643.
8645.
8646.
8647.
8648.
8649.
8649.
8651.
8652.
8653.
8654.
8655.
8655.
8657.
8658.
8659.
8659.
8660.
8661.
8662.
8663.
8665.
8665.
8666.
8667.
8669.
8669.
8671.
8671.
8672.
8673.
8674.
8675.
8676.
8677.
8678.
8679.
8680.
8681.
8682.
8683.
8685.
8685.
8686.
8688.
8688.
8689.
8690.
8691.
8692.
8693.
8695.
8695.
8696.
8698.
8698.
8700.
8700.
8701.
8702.
8703.
8704.
8705.
8706.
8707.
8708.
8709.
8710.
8711.
8712.
8714.
8713.
8715.
8716.
8717.
8718.
8719.
8720.
8721.
8722.
8723.
8724.
8725.
8726.
8727.
8728.
8729.
8730.
8731.
8731.
8733.
8733.
8735.
8736.
8737.
8737.
8739.
8739.
8741.
8741.
8742.
8743.
8744.
8745.
8747.
8747.
8748.
8749.
8750.
8751.
8753.
8753.
8755.
8755.
8757.
8757.
8757.
8758.
8760.
8760.
8761.
8762.
8763.
8764.
8764.
8766.
8767.
8768.
8769.
8770.
8770.
8771.
8772.
8774.
8774.
8775.
8776.
8778.
8778.
8779.
8779.
8782.
8782.
8783.
8784.
8785.
8786.
8787.
8787.
8789.
8789.
8790.
8790.
8792.
8793.
8794.
8794.
8796.
8796.
8798.
8798.
8800.
8801.
8802.
8802.
8803.
8804.
8805.
8806.
8808.
8808.
8809.
8809.
8811.
8812.
8813.
8814.
8815.
8815.
8817.
8818.
8819.
8819.
8820.
8821.
8822.
8823.
8823.
8824.
8825.
8826.
8828.
8828.
8828.
8830.
8831.
8832.
8832.
8834.
8835.
8835.
8836.
8838.
8839.
8839.
8840.
8840.
8841.
8843.
8844.
8844.
8845.
8846.
8846.
8848.
8848.
8850.
8850.
8852.
8852.
8854.
8854.
8855.
8856.
8857.
8858.
8859.
8859.
8861.
8861.
8862.
8863.
8863.
8864.
8866.
8867.
8868.
8868.
8870.
8870.
8871.
8872.
8873.
8873.
8874.
8875.
8876.
8877.
8878.
8878.
8879.
8880.
8881.
8882.
8883.
8883.
8884.
8885.
8887.
8887.
8888.
8889.
8890.
8891.
8891.
8892.
8894.
8894.
8895.
8896.
8896.
8898.
8898.
8899.
8900.
8901.
8901.
8902.
8903.
8904.
8905.
8905.
8906.
8907.
8907.
8909.
8909.
8910.
8911.
8912.
8913.
8913.
8914.
8916.
8916.
8917.
8918.
8919.
8919.
8920.
8920.
8922.
8923.
8924.
8924.
8926.
8926.
8926.
8927.
8929.
8929.
8930.
8930.
8932.
8933.
8933.
8934.
8935.
8935.
8936.
8936.
8938.
8939.
8940.
8940.
8941.
8942.
8942.
8944.
8944.
8946.
8946.
8947.
8948.
8949.
8949.
8950.
8950.
8952.
8953.
8954.
8955.
8955.
8956.
8957.
8958.
8959.
8959.
8960.
8961.
8962.
8963.
8964.
8964.
8966.
8966.
8967.
8967.
8969.
8969.
8970.
8970.
8971.
8972.
8974.
8974.
8976.
8976.
8977.
8978.
8979.
8979.
8980.
8981.
8982.
8982.
8984.
8984.
8985.
8986.
8987.
8987.
8989.
8989.
8991.
8991.
8992.
8993.
8994.
8994.
8995.
8996.
8996.
8997.
8999.
9000.
9000.
9001.
9002.
9003.
9003.
9005.
9006.
9006.
9006.
9008.
9008.
9009.
9011.
9011.
9012.
9013.
9013.
9015.
9016.
9016.
9017.
9018.
9019.
9020.
9020.
9022.
9022.
9023.
9024.
9025.
9025.
9027.
9027.
9028.
9029.
9030.
9030.
9032.
9032.
9033.
9034.
9035.
9036.
9037.
9037.
9039.
9039.
9040.
9041.
9043.
9043.
9044.
9045.
9045.
9046.
9048.
9048.
9048.
9049.
9051.
9052.
9052.
9054.
9054.
9055.
9056.
9057.
9057.
9059.
9059.
9061.
9061.
9063.
9063.
9064.
9064.
9066.
9066.
9068.
9068.
9070.
9070.
9071.
9072.
9074.
9075.
9076.
9076.
9077.
9078.
9079.
9080.
9080.
9081.
9083.
9083.
9084.
9085.
9086.
9086.
9088.
9088.
9090.
9090.
9092.
9092.
9094.
9094.
9095.
9096.
9097.
9098.
9099.
9100.
9101.
9101.
9102.
9103.
9104.
9105.
9106.
9107.
9107.
9109.
9110.
9111.
9112.
9113.
9113.
9114.
9115.
9116.
9117.
9118.
9119.
9120.
9120.
9122.
9123.
9123.
9124.
9125.
9126.
9127.
9128.
9129.
9129.
9130.
9131.
9133.
9134.
9134.
9135.
9136.
9136.
9137.
9138.
9139.
9140.
9141.
9142.
9142.
9143.
9144.
9145.
9146.
9147.
9147.
9147.
9149.
9149.
9150.
9151.
9152.
9153.
9154.
9155.
9155.
9156.
9157.
9158.
9160.
9160.
9161.
9162.
9162.
9163.
9164.
9165.
9165.
9167.
9168.
9168.
9169.
9170.
9171.
9171.
9172.
9173.
9173.
9174.
9175.
9176.
9177.
9178.
9178.
9179.
9179.
9181.
9181.
9182.
9182.
9184.
9184.
9185.
9185.
9187.
9187.
9189.
9189.
9190.
9190.
9192.
9192.
9193.
9194.
9195.
9195.
9196.
9196.
9198.
9198.
9199.
9200.
9200.
9200.
9202.
9203.
9203.
9203.
9205.
9205.
9206.
9207.
9207.
9208.
9210.
9210.
9211.
9212.
9212.
9213.
9213.
9215.
9215.
9216.
9216.
9218.
9218.
9219.
9219.
9221.
9221.
9222.
9223.
9224.
9224.
9225.
9226.
9227.
9227.
9228.
9229.
9230.
9230.
9231.
9232.
9232.
9232.
9234.
9235.
9236.
9236.
9237.
9237.
9239.
9240.
9240.
9241.
9242.
9242.
9243.
9244.
9245.
9246.
9247.
9247.
9248.
9249.
9250.
9250.
9252.
9252.
9253.
9253.
9255.
9255.
9256.
9257.
9258.
9258.
9259.
9259.
9260.
9261.
9262.
9263.
9264.
9265.
9265.
9266.
9267.
9268.
9268.
9269.
9270.
9271.
9272.
9273.
9274.
9275.
9276.
9276.
9278.
9278.
9278.
9280.
9280.
9281.
9282.
9283.
9283.
9285.
9286.
9287.
9287.
9288.
9288.
9290.
9290.
9291.
9291.
9292.
9293.
9295.
9295.
9296.
9297.
9298.
9299.
9300.
9300.
9302.
9301.
9303.
9303.
9305.
9305.
9307.
9307.
9309.
9309.
9310.
9310.
9312.
9312.
9314.
9314.
9316.
9316.
9318.
9318.
9318.
9318.
9320.
9321.
9321.
9322.
9324.
9325.
9325.
9327.
9327.
9328.
9329.
9330.
9330.
9332.
9332.
9333.
9334.
9335.
9336.
9337.
9338.
9339.
9340.
9340.
9341.
9343.
9344.
9344.
9346.
9346.
9346.
9347.
9348.
9349.
9350.
9351.
9351.
9353.
9353.
9355.
9355.
9357.
9357.
9358.
9358.
9360.
9361.
9361.
9362.
9363.
9364.
9365.
9366.
9368.
9368.
9369.
9370.
9371.
9372.
9372.
9373.
9375.
9375.
9377.
9377.
9377.
9378.
9379.
9380.
9381.
9382.
9383.
9384.
9385.
9386.
9387.
9387.
9388.
9389.
9390.
9391.
9392.
9393.
9393.
9394.
9395.
9396.
9396.
9398.
9399.
9400.
9400.
9402.
9402.
9403.
9403.
9405.
9406.
9407.
9407.
9408.
9409.
9410.
9410.
9411.
9412.
9414.
9414.
9415.
9416.
9417.
9418.
9419.
9419.
9420.
9420.
9422.
9423.
9424.
9424.
9426.
9427.
9428.
9429.
9428.
9430.
9431.
9432.
9432.
9433.
9434.
9435.
9435.
9437.
9437.
9438.
9439.
9440.
9441.
9441.
9443.
9443.
9444.
9445.
9446.
9447.
9447.
9448.
9449.
9450.
9451.
9452.
9452.
9454.
9455.
9455.
9455.
9457.
9457.
9458.
9458.
9460.
9460.
9462.
9462.
9464.
9464.
9465.
9465.
9467.
9468.
9468.
9468.
9470.
9470.
9472.
9472.
9473.
9474.
9475.
9475.
9477.
9477.
9478.
9478.
9480.
9480.
9482.
9482.
9483.
9484.
9485.
9485.
9486.
9487.
9488.
9489.
9489.
9490.
9491.
9492.
9493.
9494.
9494.
9495.
9495.
9496.
9498.
9498.
9499.
9500.
9500.
9501.
9502.
9504.
9504.
9505.
9506.
9507.
9507.
9508.
9509.
9509.
9510.
9511.
9511.
9513.
9513.
9514.
9515.
9516.
9517.
9518.
9519.
9520.
9520.
9521.
9522.
9522.
9523.
9524.
9524.
9525.
9526.
9527.
9528.
9529.
9529.
9531.
9531.
9532.
9532.
9534.
9534.
9535.
9536.
9536.
9537.
9538.
9539.
9539.
9540.
9541.
9541.
9542.
9544.
9544.
9545.
9546.
9547.
9547.
9548.
9550.
9550.
9550.
9551.
9552.
9553.
9553.
9554.
9554.
9555.
9556.
9558.
9558.
9559.
9559.
9561.
9560.
9562.
9563.
9563.
9564.
9565.
9565.
9567.
9567.
9569.
9570.
9570.
9571.
9572.
9573.
9573.
9574.
9575.
9575.
9576.
9577.
9578.
9578.
9580.
9580.
9581.
9582.
9582.
9583.
9584.
9585.
9585.
9586.
9587.
9587.
9589.
9589.
9591.
9591.
9592.
9592.
9594.
9594.
9594.
9595.
9596.
9597.
9598.
9599.
9600.
9600.
9601.
9602.
9603.
9604.
9604.
9605.
9606.
9607.
9607.
9608.
9609.
9610.
9611.
9612.
9612.
9613.
9614.
9615.
9615.
9616.
9616.
9618.
9619.
9620.
9620.
9621.
9622.
9623.
9624.
9625.
9625.
9626.
9627.
9627.
9628.
9630.
9630.
9631.
9631.
9633.
9633.
9634.
9635.
9636.
9636.
9638.
9638.
9638.
9640.
9640.
9641.
9642.
9643.
9644.
9645.
9646.
9646.
9647.
9648.
9648.
9649.
9650.
9651.
9652.
9653.
9653.
9654.
9655.
9656.
9657.
9658.
9659.
9659.
9660.
9661.
9662.
9663.
9664.
9664.
9665.
9666.
9667.
9668.
9668.
9670.
9670.
9671.
9671.
9672.
9673.
9675.
9675.
9677.
9677.
9678.
9678.
9680.
9680.
9681.
9681.
9683.
9684.
9685.
9686.
9687.
9687.
9688.
9689.
9690.
9690.
9691.
9692.
9693.
9694.
9694.
9695.
9697.
9698.
9698.
9699.
9700.
9700.
9701.
9702.
9702.
9703.
9705.
9706.
9706.
9707.
9708.
9708.
9709.
9710.
9712.
9713.
9712.
9714.
9715.
9716.
9717.
9717.
9718.
9719.
9719.
9721.
9721.
9722.
9722.
9724.
9725.
9725.
9726.
9727.
9728.
9729.
9729.
9730.
9731.
9732.
9732.
9734.
9735.
9735.
9735.
9737.
9737.
9739.
9739.
9740.
9741.
9742.
9742.
9743.
9743.
9745.
9745.
9747.
9747.
9748.
9748.
9750.
9750.
9752.
9752.
9752.
9754.
9755.
9755.
9757.
9757.
9758.
9758.
9759.
9760.
9760.
9761.
9761.
9763.
9763.
9764.
9765.
9766.
9766.
9768.
9768.
9769.
9770.
9771.
9771.
9772.
9773.
9774.
9774.
9775.
9776.
9777.
9777.
9778.
9779.
9780.
9781.
9781.
9782.
9782.
9782.
9784.
9784.
9785.
9786.
9787.
9788.
9788.
9788.
9789.
9789.
9791.
9791.
9792.
9793.
9794.
9794.
9795.
9795.
9796.
9797.
9798.
9799.
9799.
9800.
9800.
9801.
9801.
9803.
9802.
9804.
9804.
9805.
9806.
9807.
9807.
9808.
9808.
9809.
9810.
9811.
9812.
9812.
9813.
9813.
9815.
9814.
9815.
9816.
9816.
9817.
9817.
9818.
9819.
9819.
9819.
9820.
9821.
9822.
9822.
9823.
9823.
9824.
9824.
9826.
9826.
9827.
9827.
9828.
9828.
9829.
9829.
9831.
9831.
9832.
9832.
9834.
9834.
9835.
9835.
9835.
9836.
9836.
9837.
9838.
9839.
9839.
9840.
9840.
9841.
9842.
9842.
9843.
9843.
9843.
9844.
9845.
9845.
9846.
9846.
9846.
9847.
9848.
9848.
9850.
9850.
9850.
9851.
9851.
9852.
9852.
9853.
9853.
9855.
9854.
9855.
9855.
9856.
9856.
9858.
9858.
9858.
9859.
9859.
9860.
9860.
9860.
9861.
9861.
9863.
9862.
9863.
9863.
9865.
9865.
9865.
9866.
9867.
9867.
9867.
9868.
9869.
9869.
9869.
9870.
9871.
9871.
9871.
9872.
9873.
9873.
9874.
9874.
9874.
9874.
9875.
9876.
9876.
9876.
9878.
9878.
9878.
9879.
9879.
9879.
9880.
9880.
9881.
9882.
9882.
9883.
9882.
9883.
9884.
9885.
9886.
9885.
9887.
9887.
9887.
9887.
9888.
9889.
9889.
9890.
9890.
9891.
9892.
9892.
9893.
9893.
9893.
9894.
9894.
9896.
9896.
9896.
9896.
9898.
9898.
9899.
9899.
9900.
9901.
9901.
9902.
9902.
9903.
9904.
9904.
9904.
9905.
9906.
9906.
9906.
9907.
9908.
9908.
9909.
9909.
9910.
9911.
9912.
9912.
9913.
9913.
9915.
9915.
9915.
9916.
9916.
9917.
9918.
9919.
9919.
9920.
9920.
9921.
9921.
9922.
9922.
9924.
9925.
9925.
9926.
9926.
9926.
9928.
9928.
9929.
9929.
9930.
9930.
9932.
9932.
9933.
9933.
9934.
9934.
9936.
9936.
9937.
9937.
9938.
9938.
9940.
9940.
9941.
9941.
9942.
9942.
9944.
9944.
9945.
9945.
9947.
9947.
9948.
9948.
9949.
9950.
9951.
9951.
9952.
9953.
9954.
9954.
9956.
9956.
9956.
9957.
9957.
9958.
9958.
9960.
9961.
9962.
9962.
9963.
9964.
9964.
9965.
9965.
9966.
9967.
9967.
9968.
9968.
9969.
9970.
9970.
9971.
9972.
9972.
9974.
9973.
9975.
9976.
9976.
9976.
9978.
9978.
9980.
9980.
9981.
9981.
9983.
9983.
9984.
9984.
9985.
9985.
9986.
9987.
9988.
9988.
9989.
9989.
9991.
9991.
9992.
9993.
9994.
9994.
9995.
9996.
9997.
9997.
9998.
9999.
9999.
10000.
10000.
10001.
10002.
10003.
10003.
10004.
10005.
10006.
10006.
10008.
10008.
10009.
10009.
10010.
10011.
10012.
10013.
10013.
10014.
10015.
10015.
10016.
10017.
10018.
10018.
10019.
10019.
10021.
10021.
10022.
10023.
10023.
10024.
10025.
10026.
10026.
10026.
10028.
10028.
10029.
10029.
10031.
10031.
10032.
10033.
10034.
10035.
10036.
10036.
10037.
10038.
10039.
10039.
10040.
10040.
10042.
10043.
10043.
10044.
10044.
10045.
10046.
10047.
10047.
10048.
10049.
10050.
10050.
10051.
10052.
10052.
10053.
10054.
10054.
10055.
10056.
10057.
10057.
10059.
10060.
10060.
10060.
10061.
10061.
10063.
10064.
10064.
10064.
10066.
10066.
10068.
10068.
10069.
10070.
10070.
10070.
10072.
10073.
10073.
10074.
10075.
10075.
10076.
10077.
10078.
10078.
10079.
10079.
10080.
10081.
10082.
10082.
10083.
10084.
10085.
10085.
10087.
10087.
10088.
10088.
10089.
10089.
10091.
10092.
10092.
10093.
10094.
10094.
10096.
10096.
10097.
10097.
10098.
10099.
10100.
10100.
10101.
10102.
10103.
10104.
10104.
10105.
10106.
10107.
10108.
10109.
10110.
10110.
10110.
10112.
10113.
10113.
10114.
10115.
10115.
10117.
10117.
10118.
10119.
10120.
10120.
10122.
10122.
10123.
10123.
10125.
10125.
10126.
10126.
10128.
10128.
10130.
10130.
10132.
10132.
10133.
10133.
10135.
10136.
10136.
10137.
10138.
10139.
10140.
10140.
10141.
10142.
10143.
10143.
10145.
10145.
10146.
10147.
10147.
10148.
10149.
10150.
10151.
10152.
10152.
10153.
10154.
10155.
10156.
10157.
10158.
10159.
10159.
10161.
10162.
10162.
10163.
10164.
10165.
10165.
10166.
10167.
10168.
10169.
10169.
10170.
10171.
10172.
10172.
10174.
10174.
10175.
10175.
10177.
10178.
10178.
10179.
10180.
10181.
10182.
10182.
10184.
10184.
10186.
10186.
10187.
10188.
10189.
10189.
10190.
10191.
10192.
10193.
10194.
10194.
10196.
10196.
10197.
10198.
10199.
10200.
10200.
10201.
10202.
10203.
10204.
10204.
10205.
10206.
10206.
10207.
10208.
10209.
10210.
10211.
10212.
10213.
10213.
10214.
10215.
10216.
10216.
10218.
10218.
10219.
10220.
10221.
10222.
10223.
10223.
10224.
10225.
10226.
10228.
10228.
10229.
10230.
10230.
10231.
10231.
10233.
10234.
10235.
10235.
10236.
10237.
10238.
10239.
10240.
10240.
10242.
10242.
10244.
10244.
10245.
10245.
10247.
10247.
10249.
10249.
10251.
10251.
10252.
10253.
10254.
10254.
10256.
10256.
10257.
10258.
10260.
10260.
10260.
10261.
10262.
10263.
10264.
10266.
10266.
10267.
10268.
10269.
10269.
10271.
10271.
10273.
10272.
10274.
10275.
10276.
10277.
10278.
10279.
10280.
10281.
10282.
10283.
10284.
10285.
10285.
10285.
10286.
10287.
10288.
10288.
10290.
10291.
10292.
10292.
10294.
10294.
10295.
10295.
10297.
10298.
10299.
10300.
10301.
10301.
10303.
10304.
10304.
10305.
10306.
10307.
10308.
10308.
10310.
10310.
10311.
10312.
10313.
10313.
10315.
10316.
10316.
10317.
10317.
10318.
10320.
10320.
10321.
10322.
10323.
10324.
10325.
10326.
10327.
10328.
10329.
10329.
10330.
10331.
10332.
10333.
10333.
10334.
10335.
10336.
10337.
10337.
10338.
10340.
10341.
10341.
10342.
10343.
10343.
10344.
10345.
10346.
10347.
10348.
10348.
10349.
10350.
10351.
10352.
10353.
10353.
10354.
10355.
10356.
10357.
10358.
10358.
10359.
10360.
10361.
10361.
10362.
10362.
10363.
10365.
10365.
10366.
10367.
10368.
10368.
10369.
10370.
10371.
10373.
10373.
10374.
10375.
10375.
10376.
10376.
10377.
10378.
10379.
10380.
10381.
10381.
10382.
10383.
10384.
10385.
10386.
10386.
10387.
10387.
10389.
10389.
10391.
10392.
10393.
10393.
10394.
10395.
10396.
10397.
10397.
10398.
10399.
10400.
10401.
10402.
10403.
10403.
10404.
10404.
10406.
10406.
10407.
10408.
10408.
10409.
10410.
10410.
10412.
10412.
10414.
10414.
10415.
10415.
10417.
10418.
10420.
10420.
10421.
10421.
10422.
10423.
10424.
10424.
10426.
10426.
10427.
10428.
10428.
10430.
10430.
10431.
10432.
10433.
10434.
10434.
10436.
10436.
10437.
10437.
10439.
10439.
10440.
10441.
10442.
10443.
10443.
10444.
10444.
10446.
10446.
10447.
10447.
10449.
10450.
10450.
10450.
10451.
10452.
10454.
10454.
10456.
10456.
10457.
10457.
10459.
10460.
10460.
10461.
10462.
10462.
10463.
10464.
10464.
10465.
10466.
10467.
10468.
10469.
10470.
10470.
10471.
10471.
10473.
10473.
10474.
10475.
10476.
10476.
10477.
10478.
10478.
10479.
10480.
10481.
10481.
10483.
10483.
10484.
10484.
10486.
10487.
10487.
10488.
10488.
10490.
10491.
10491.
10492.
10492.
10493.
10494.
10495.
10495.
10496.
10496.
10498.
10498.
10499.
10500.
10501.
10501.
10502.
10502.
10504.
10504.
10505.
10505.
10506.
10507.
10508.
10508.
10510.
10509.
10511.
10512.
10512.
10512.
10514.
10514.
10515.
10516.
10517.
10517.
10518.
10518.
10520.
10521.
10521.
10521.
10522.
10522.
10524.
10524.
10525.
10525.
10526.
10527.
10528.
10529.
10529.
10530.
10530.
10531.
10532.
10533.
10533.
10535.
10535.
10536.
10536.
10537.
10538.
10539.
10540.
10541.
10542.
10542.
10542.
10544.
10544.
10545.
10545.
10546.
10546.
10548.
10548.
10549.
10549.
10551.
10551.
10552.
10552.
10554.
10554.
10555.
10556.
10556.
10557.
10558.
10559.
10559.
10559.
10561.
10561.
10563.
10563.
10563.
10564.
10565.
10565.
10567.
10567.
10568.
10568.
10570.
10570.
10571.
10571.
10572.
10572.
10574.
10574.
10575.
10576.
10577.
10577.
10578.
10579.
10580.
10580.
10580.
10581.
10581.
10582.
10583.
10584.
10584.
10585.
10586.
10586.
10587.
10588.
10587.
10589.
10589.
10590.
10590.
10591.
10592.
10593.
10593.
10594.
10595.
10596.
10596.
10597.
10598.
10598.
10599.
10600.
10600.
10601.
10601.
10603.
10602.
10603.
10603.
10605.
10605.
10606.
10606.
10607.
10608.
10609.
10609.
10610.
10610.
10611.
10611.
10612.
10612.
10613.
10614.
10614.
10614.
10615.
10616.
10616.
10617.
10617.
10618.
10619.
10619.
10619.
10621.
10622.
10622.
10622.
10623.
10623.
10624.
10624.
10625.
10626.
10626.
10627.
10628.
10628.
10629.
10630.
10630.
10631.
10631.
10631.
10633.
10633.
10633.
10634.
10635.
10636.
10636.
10636.
10637.
10638.
10638.
10639.
10639.
10640.
10640.
10641.
10641.
10642.
10642.
10643.
10644.
10645.
10645.
10645.
10647.
10647.
10647.
10647.
10648.
10649.
10650.
10650.
10650.
10651.
10652.
10653.
10653.
10654.
10654.
10655.
10656.
10656.
10657.
10657.
10658.
10658.
10659.
10659.
10660.
10661.
10661.
10662.
10662.
10663.
10663.
10664.
10664.
10665.
10664.
10666.
10665.
10667.
10666.
10668.
10668.
10669.
10669.
10669.
10669.
10670.
10671.
10671.
10672.
10672.
10673.
10673.
10673.
10674.
10673.
10674.
10674.
10676.
10676.
10676.
10676.
10677.
10677.
10678.
10678.
10679.
10679.
10679.
10679.
10679.
10680.
10680.
10680.
10681.
10682.
10682.
10682.
10682.
10683.
10683.
10684.
10683.
10684.
10685.
10685.
10685.
10685.
10686.
10686.
10687.
10687.
10687.
10688.
10688.
10688.
10688.
10689.
10689.
10689.
10690.
10690.
10690.
10691.
10690.
10691.
10692.
10691.
10691.
10692.
10693.
10693.
10694.
10693.
10693.
10694.
10694.
10695.
10696.
10696.
10696.
10696.
10697.
10696.
10697.
10697.
10698.
10698.
10698.
10698.
10698.
10699.
10699.
10700.
10700.
10700.
10700.
10700.
10701.
10701.
10702.
10702.
10702.
10703.
10703.
10704.
10704.
10704.
10704.
10706.
10705.
10705.
10705.
10705.
10706.
10707.
10707.
10708.
10708.
10708.
10708.
10709.
10709.
10710.
10710.
10711.
10711.
10711.
10711.
10712.
10712.
10712.
10713.
10713.
10714.
10714.
10715.
10714.
10716.
10716.
10716.
10717.
10717.
10718.
10718.
10717.
10719.
10718.
10720.
10720.
10720.
10720.
10721.
10722.
10722.
10722.
10723.
10723.
10724.
10724.
10725.
10725.
10726.
10726.
10726.
10726.
10728.
10728.
10728.
10729.
10729.
10729.
10730.
10730.
10731.
10731.
10731.
10732.
10733.
10733.
10733.
10735.
10735.
10735.
10736.
10737.
10737.
10738.
10739.
10739.
10740.
10740.
10741.
10742.
10742.
10742.
10743.
10744.
10744.
10745.
10746.
10747.
10747.
10748.
10748.
10749.
10749.
10750.
10751.
10752.
10752.
10753.
10753.
10754.
10755.
10756.
10756.
10756.
10757.
10758.
10758.
10759.
10759.
10761.
10761.
10762.
10763.
10763.
10764.
10765.
10765.
10766.
10767.
10768.
10769.
10769.
10770.
10771.
10771.
10771.
10772.
10774.
10774.
10773.
10774.
10776.
10776.
10777.
10777.
10778.
10778.
10779.
10779.
10781.
10780.
10781.
10781.
10782.
10782.
10783.
10783.
10783.
10784.
10785.
10785.
10785.
10785.
10785.
10786.
10787.
10787.
10788.
10787.
10787.
10788.
10788.
10788.
10788.
10788.
10788.
10789.
10789.
10789.
10789.
10790.
10790.
10789.
10789.
10789.
10789.
10789.
10789.
10790.
10789.
10790.
10790.
10789.
10790.
10789.
10789.
10789.
10790.
10790.
10790.
10790.
10790.
10789.
10790.
10789.
10790.
10790.
10790.
10790.
10789.
10790.
10789.
10789.
10789.
10790.
10789.
10789.
10789.
10790.
10789.
10789.