10029.
10029.
10029.
10029.
10029.
10029.
10029.
10030.
10029.
10029.
10029.
10029.
10029.
10029.
10030.
10029.
10028.
10029.
10028.
10029.
10028.
10029.
10028.
10029.
10030.
10029.
10029.
10029.
10029.
10029.
10029.
10029.
10030.
10029.
10028.
10029.
10029.
10029.
10029.
10030.
10029.
10029.
10029.
10029.
10028.
10029.
10030.
10029.
10029.
10029.
10029.
10029.
10029.
10029.
10029.
10029.
10029.
10029.
10030.
10029.
10028.
10029.
10028.
10030.
10030.
10029.
10029.
10029.
10029.
10029.
10029.
10029.
10029.
10029.
10029.
10029.
10029.
10028.
10029.
10029.
10029.
10029.
10029.
10029.
10029.
10028.
10029.
10029.
10029.
10029.
10029.
10029.
10029.
10030.
10029.
10028.
10029.
10029.
10029.
10029.
10029.
10029.
10029.
10029.
10029.
10028.
10029.
10029.
10029.
10028.
10029.
10028.
10029.
10029.
10029.
10029.
10029.
10029.
10029.
10029.
10029.
10029.
10029.
10030.
10029.
10029.
10029.
10029.
10029.
10029.
10029.
10029.
10029.
10029.
10029.
10029.
10029.
10029.
10028.
10029.
10029.
10029.
10028.
10029.
10028.
10029.
10029.
10029.
10030.
10029.
10029.
10029.
10029.
10029.
10029.
10029.
10029.
10029.
10030.
10029.
10029.
10029.
10029.
10029.
10030.
10029.
10029.
10029.
10030.
10029.
10029.
10029.
10029.
10029.
10029.
10029.
10029.
10029.
10029.
10029.
10029.
10029.
10029.
10029.
10030.
10028.
10028.
10029.
10030.
10028.
10028.
10029.
10029.
10029.
10029.
10029.
10029.
10029.
10029.
10029.
10029.
10028.
10029.
10029.
10029.
10028.
10029.
10028.
10029.
10029.
10029.
10028.
10029.
10028.
10029.
10029.
10028.
10029.
10028.
10028.
10028.
10028.
10028.
10027.
10028.
10027.
10027.
10027.
10026.
10027.
10027.
10027.
10025.
10025.
10025.
10025.
10024.
10024.
10023.
10023.
10022.
10022.
10022.
10023.
10021.
10021.
10020.
10021.
10019.
10020.
10018.
10017.
10017.
10016.
10016.
10015.
10014.
10013.
10013.
10013.
10011.
10011.
10010.
10009.
10008.
10008.
10006.
10006.
10004.
10003.
10003.
10002.
10001.
10000.
9999.
9999.
9997.
9996.
9994.
9993.
9992.
9992.
9990.
9988.
9987.
9986.
9985.
9983.
9982.
9980.
9979.
9978.
9976.
9975.
9973.
9972.
9970.
9969.
9967.
9966.
9964.
9963.
9961.
9959.
9958.
9955.
9954.
9953.
9950.
9949.
9947.
9944.
9943.
9942.
9940.
9937.
9936.
9934.
9932.
9930.
9929.
9927.
9925.
9923.
9921.
9919.
9917.
9915.
9912.
9911.
9909.
9907.
9905.
9903.
9901.
9899.
9896.
9894.
9893.
9890.
9888.
9886.
9885.
9881.
9879.
9878.
9876.
9873.
9872.
9869.
9867.
9865.
9863.
9861.
9859.
9855.
9854.
9851.
9850.
9847.
9845.
9842.
9840.
9838.
9836.
9833.
9830.
9828.
9826.
9823.
9820.
9818.
9816.
9813.
9811.
9808.
9805.
9803.
9800.
9798.
9796.
9792.
9789.
9788.
9785.
9782.
9780.
9776.
9774.
9771.
9769.
9765.
9762.
9760.
9758.
9755.
9751.
9749.
9746.
9743.
9740.
9736.
9733.
9730.
9728.
9725.
9722.
9720.
9716.
9714.
9710.
9708.
9704.
9701.
9698.
9696.
9693.
9689.
9685.
9683.
9679.
9676.
9673.
9670.
9666.
9664.
9661.
9658.
9654.
9651.
9647.
9645.
9641.
9638.
9635.
9631.
9627.
9625.
9621.
9618.
9614.
9611.
9608.
9604.
9601.
9597.
9594.
9591.
9587.
9583.
9580.
9577.
9573.
9569.
9566.
9562.
9559.
9556.
9552.
9549.
9545.
9541.
9537.
9534.
9530.
9526.
9523.
9519.
9515.
9512.
9508.
9504.
9500.
9497.
9493.
9489.
9485.
9481.
9478.
9474.
9469.
9465.
9462.
9458.
9455.
9451.
9446.
9442.
9438.
9434.
9431.
9427.
9422.
9418.
9414.
9410.
9406.
9402.
9399.
9394.
9390.
9386.
9381.
9377.
9373.
9369.
9365.
9361.
9357.
9352.
9348.
9344.
9340.
9336.
9332.
9327.
9323.
9319.
9315.
9310.
9306.
9302.
9297.
9293.
9289.
9284.
9280.
9275.
9271.
9267.
9262.
9259.
9254.
9250.
9246.
9241.
9236.
9232.
9228.
9223.
9219.
9215.
9210.
9205.
9201.
9197.
9193.
9188.
9184.
9179.
9175.
9170.
9166.
9161.
9157.
9152.
9147.
9143.
9139.
9134.
9130.
9125.
9121.
9116.
9112.
9107.
9103.
9098.
9093.
9089.
9084.
9080.
9075.
9071.
9066.
9062.
9057.
9053.
9048.
9044.
9039.
9034.
9030.
9025.
9021.
9016.
9011.
9007.
9002.
8998.
8993.
8989.
8983.
8979.
8974.
8970.
8965.
8961.
8956.
8951.
8946.
8942.
8937.
8933.
8928.
8923.
8919.
8914.
8909.
8905.
8901.
8896.
8891.
8886.
8882.
8878.
8872.
8868.
8863.
8859.
8854.
8849.
8845.
8840.
8835.
8830.
8825.
8821.
8817.
8812.
8808.
8803.
8799.
8794.
8790.
8785.
8781.
8775.
8771.
8766.
8762.
8758.
8754.
8748.
8743.
8739.
8735.
8731.
8726.
8722.
8717.
8713.
8709.
8703.
8700.
8695.
8691.
8685.
8681.
8677.
8672.
8669.
8664.
8659.
8655.
8650.
8646.
8642.
8638.
8633.
8629.
8624.
8619.
8615.
8611.
8607.
8602.
8597.
8593.
8590.
8585.
8580.
8576.
8572.
8568.
8564.
8559.
8555.
8550.
8546.
8542.
8538.
8534.
8529.
8525.
8521.
8516.
8513.
8508.
8504.
8500.
8496.
8491.
8487.
8483.
8478.
8475.
8470.
8466.
8462.
8458.
8454.
8450.
8445.
8442.
8438.
8434.
8429.
8425.
8421.
8416.
8412.
8408.
8405.
8401.
8396.
8393.
8388.
8385.
8380.
8377.
8372.
8368.
8364.
8360.
8356.
8352.
8349.
8345.
8340.
8337.
8333.
8329.
8325.
8321.
8317.
8312.
8309.
8305.
8301.
8297.
8293.
8290.
8285.
8281.
8278.
8274.
8269.
8266.
8262.
8258.
8255.
8251.
8246.
8242.
8239.
8235.
8231.
8227.
8224.
8220.
8216.
8212.
8208.
8204.
8201.
8197.
8193.
8189.
8184.
8181.
8177.
8173.
8169.
8166.
8162.
8158.
8154.
8150.
8145.
8142.
8138.
8134.
8131.
8127.
8123.
8119.
8115.
8111.
8107.
8104.
8100.
8096.
8092.
8088.
8084.
8080.
8076.
8072.
8068.
8065.
8061.
8056.
8052.
8049.
8045.
8041.
8037.
8033.
8029.
8025.
8021.
8018.
8014.
8010.
8006.
8001.
7998.
7994.
7990.
7986.
7982.
7979.
7974.
7970.
7966.
7962.
7958.
7954.
7950.
7946.
7942.
7939.
7934.
7930.
7926.
7922.
7918.
7914.
7910.
7906.
7902.
7899.
7894.
7890.
7886.
7882.
7878.
7873.
7870.
7866.
7862.
7858.
7854.
7850.
7846.
7841.
7838.
7834.
7829.
7825.
7821.
7817.
7813.
7809.
7805.
7801.
7796.
7793.
7788.
7784.
7780.
7776.
7772.
7769.
7764.
7760.
7755.
7751.
7747.
7743.
7738.
7734.
7731.
7726.
7722.
7717.
7713.
7709.
7705.
7701.
7697.
7692.
7688.
7683.
7679.
7675.
7671.
7667.
7663.
7658.
7654.
7649.
7645.
7641.
7637.
7632.
7628.
7623.
7619.
7614.
7610.
7606.
7602.
7597.
7593.
7589.
7585.
7580.
7576.
7571.
7566.
7562.
7558.
7554.
7550.
7545.
7540.
7536.
7532.
7527.
7523.
7519.
7515.
7510.
7506.
7501.
7497.
7493.
7488.
7484.
7479.
7474.
7471.
7467.
7462.
7458.
7453.
7449.
7444.
7440.
7436.
7431.
7427.
7423.
7418.
7414.
7410.
7406.
7401.
7397.
7392.
7388.
7384.
7380.
7375.
7371.
7367.
7363.
7358.
7353.
7350.
7346.
7341.
7337.
7333.
7329.
7324.
7320.
7316.
7312.
7307.
7303.
7299.
7294.
7290.
7286.
7281.
7277.
7273.
7269.
7264.
7261.
7256.
7252.
7247.
7243.
7238.
7234.
7231.
7226.
7221.
7216.
7213.
7208.
7204.
7200.
7196.
7191.
7187.
7182.
7177.
7173.
7169.
7164.
7160.
7155.
7152.
7146.
7143.
7138.
7133.
7129.
7125.
7120.
7116.
7112.
7107.
7102.
7098.
7094.
7090.
7085.
7081.
7077.
7073.
7068.
7064.
7060.
7056.
7052.
7048.
7043.
7039.
7035.
7031.
7026.
7022.
7019.
7014.
7010.
7006.
7001.
6998.
6994.
6990.
6986.
6982.
6978.
6974.
6970.
6966.
6962.
6959.
6955.
6951.
6947.
6943.
6939.
6935.
6931.
6927.
6922.
6919.
6915.
6912.
6909.
6904.
6899.
6896.
6892.
6889.
6885.
6881.
6877.
6874.
6870.
6865.
6862.
6858.
6854.
6850.
6846.
6843.
6839.
6836.
6832.
6828.
6824.
6821.
6817.
6813.
6809.
6805.
6801.
6798.
6794.
6790.
6787.
6783.
6780.
6776.
6773.
6768.
6765.
6762.
6758.
6754.
6751.
6748.
6744.
6740.
6736.
6732.
6729.
6725.
6722.
6719.
6716.
6712.
6708.
6705.
6702.
6697.
6695.
6691.
6688.
6684.
6681.
6677.
6674.
6669.
6667.
6663.
6660.
6656.
6653.
6649.
6646.
6642.
6639.
6636.
6632.
6628.
6625.
6622.
6619.
6615.
6612.
6609.
6605.
6602.
6598.
6595.
6591.
6588.
6584.
6581.
6578.
6575.
6571.
6568.
6565.
6561.
6557.
6554.
6551.
6548.
6544.
6541.
6538.
6534.
6530.
6527.
6524.
6521.
6517.
6514.
6510.
6508.
6505.
6501.
6498.
6495.
6491.
6488.
6484.
6482.
6478.
6475.
6471.
6469.
6466.
6462.
6458.
6456.
6453.
6449.
6446.
6443.
6440.
6437.
6434.
6431.
6427.
6424.
6421.
6417.
6414.
6412.
6408.
6405.
6402.
6399.
6395.
6392.
6389.
6386.
6383.
6380.
6377.
6374.
6371.
6368.
6365.
6362.
6359.
6355.
6353.
6349.
6347.
6344.
6340.
6337.
6334.
6331.
6328.
6325.
6322.
6319.
6316.
6313.
6311.
6307.
6304.
6300.
6298.
6294.
6292.
6289.
6286.
6282.
6279.
6276.
6274.
6270.
6268.
6264.
6262.
6258.
6255.
6252.
6249.
6246.
6243.
6240.
6237.
6232.
6230.
6227.
6224.
6221.
6218.
6214.
6211.
6208.
6205.
6203.
6200.
6196.
6193.
6190.
6187.
6183.
6181.
6177.
6175.
6172.
6169.
6166.
6163.
6160.
6157.
6154.
6151.
6148.
6145.
6141.
6139.
6136.
6133.
6131.
6127.
6125.
6121.
6119.
6115.
6113.
6109.
6107.
6104.
6102.
6098.
6095.
6092.
6090.
6087.
6085.
6082.
6079.
6075.
6073.
6070.
6067.
6064.
6062.
6060.
6057.
6054.
6051.
6049.
6046.
6043.
6041.
6038.
6035.
6033.
6030.
6027.
6024.
6022.
6019.
6018.
6014.
6012.
6008.
6007.
6003.
6001.
5999.
5997.
5994.
5992.
5989.
5988.
5984.
5981.
5980.
5977.
5975.
5973.
5970.
5968.
5965.
5963.
5961.
5959.
5956.
5954.
5951.
5949.
5946.
5945.
5942.
5940.
5938.
5936.
5933.
5931.
5929.
5927.
5924.
5922.
5920.
5917.
5915.
5913.
5910.
5909.
5905.
5904.
5901.
5900.
5897.
5895.
5892.
5891.
5889.
5886.
5884.
5882.
5880.
5878.
5876.
5873.
5871.
5869.
5866.
5865.
5863.
5860.
5858.
5856.
5855.
5853.
5851.
5848.
5845.
5844.
5842.
5840.
5838.
5836.
5832.
5832.
5830.
5827.
5826.
5823.
5821.
5821.
5818.
5816.
5814.
5812.
5810.
5807.
5805.
5804.
5802.
5799.
5798.
5796.
5794.
5793.
5790.
5789.
5786.
5784.
5782.
5782.
5778.
5777.
5774.
5772.
5770.
5769.
5767.
5765.
5762.
5762.
5759.
5757.
5754.
5752.
5751.
5749.
5746.
5745.
5743.
5740.
5739.
5736.
5735.
5734.
5731.
5729.
5727.
5726.
5723.
5722.
5719.
5718.
5716.
5714.
5712.
5710.
5708.
5706.
5705.
5702.
5701.
5699.
5697.
5695.
5694.
5692.
5689.
5687.
5687.
5685.
5683.
5681.
5679.
5678.
5676.
5674.
5672.
5671.
5671.
5668.
5667.
5665.
5663.
5662.
5660.
5659.
5656.
5655.
5654.
5652.
5651.
5649.
5648.
5646.
5645.
5644.
5642.
5641.
5639.
5638.
5636.
5635.
5634.
5632.
5630.
5630.
5629.
5627.
5626.
5625.
5624.
5622.
5620.
5620.
5618.
5618.
5616.
5615.
5613.
5613.
5612.
5611.
5609.
5609.
5607.
5605.
5605.
5604.
5603.
5603.
5601.
5599.
5598.
5598.
5596.
5596.
5594.
5593.
5592.
5591.
5590.
5589.
5588.
5587.
5586.
5585.
5584.
5582.
5582.
5581.
5579.
5578.
5577.
5576.
5575.
5574.
5573.
5571.
5571.
5570.
5569.
5567.
5567.
5566.
5564.
5562.
5563.
5562.
5561.
5560.
5559.
5557.
5557.
5555.
5554.
5554.
5553.
5552.
5551.
5550.
5549.
5548.
5548.
5546.
5545.
5545.
5545.
5542.
5542.
5542.
5542.
5541.
5539.
5538.
5538.
5537.
5536.
5535.
5535.
5534.
5534.
5532.
5532.
5532.
5532.
5531.
5530.
5530.
5529.
5528.
5528.
5527.
5526.
5525.
5525.
5525.
5523.
5522.
5522.
5522.
5521.
5521.
5520.
5519.
5518.
5518.
5517.
5517.
5516.
5517.
5515.
5514.
5513.
5513.
5512.
5512.
5510.
5511.
5510.
5509.
5509.
5509.
5508.
5508.
5507.
5507.
5506.
5506.
5506.
5506.
5504.
5504.
5504.
5504.
5503.
5503.
5503.
5503.
5503.
5502.
5502.
5502.
5501.
5501.
5501.
5501.
5500.
5500.
5500.
5500.
5500.
5500.
5499.
5500.
5500.
5500.
5499.
5500.
5500.
5500.
5501.
5500.
5500.
5500.
5500.
5500.
5501.
5500.
5500.
5500.
5500.
5500.
5501.
5500.
5500.
5500.
5500.
5501.
5501.
5500.
5500.
5500.
5501.
5501.
5500.
5500.
5500.
5500.
5500.
5500.
5501.
5500.
5500.
5500.
5500.
5501.
5502.
5500.
5500.
5501.
5501.
5501.
5502.
5503.
5503.
5502.
5503.
5503.
5503.
5504.
5504.
5505.
5505.
5505.
5506.
5506.
5507.
5508.
5508.
5508.
5509.
5510.
5511.
5512.
5513.
5514.
5515.
5516.
5515.
5516.
5517.
5518.
5519.
5520.
5522.
5522.
5523.
5524.
5525.
5526.
5527.
5527.
5529.
5530.
5531.
5532.
5533.
5533.
5535.
5536.
5537.
5538.
5539.
5540.
5542.
5543.
5544.
5545.
5547.
5547.
5549.
5549.
5551.
5552.
5553.
5554.
5556.
5557.
5559.
5560.
5561.
5562.
5564.
5565.
5566.
5567.
5569.
5570.
5572.
5573.
5574.
5575.
5577.
5579.
5580.
5581.
5583.
5585.
5585.
5587.
5589.
5591.
5591.
5593.
5594.
5595.
5597.
5599.
5599.
5601.
5603.
5605.
5605.
5607.
5608.
5610.
5612.
5614.
5614.
5617.
5618.
5619.
5620.
5623.
5624.
5626.
5626.
5628.
5630.
5632.
5632.
5634.
5635.
5637.
5639.
5641.
5642.
5644.
5645.
5647.
5648.
5649.
5651.
5652.
5654.
5656.
5657.
5659.
5660.
5662.
5663.
5665.
5666.
5667.
5669.
5671.
5672.
5673.
5675.
5676.
5678.
5679.
5681.
5682.
5684.
5685.
5687.
5688.
5690.
5692.
5693.
5694.
5695.
5698.
5699.
5700.
5702.
5704.
5705.
5707.
5708.
5709.
5711.
5712.
5714.
5715.
5717.
5719.
5721.
5721.
5723.
5725.
5727.
5728.
5730.
5731.
5732.
5734.
5736.
5737.
5739.
5740.
5742.
5743.
5745.
5747.
5748.
5750.
5752.
5753.
5755.
5756.
5758.
5760.
5761.
5763.
5765.
5767.
5768.
5769.
5771.
5773.
5775.
5776.
5778.
5780.
5781.
5783.
5785.
5788.
5789.
5790.
5792.
5794.
5795.
5797.
5799.
5801.
5802.
5805.
5806.
5808.
5810.
5812.
5813.
5816.
5817.
5819.
5820.
5823.
5824.
5826.
5828.
5829.
5832.
5834.
5835.
5837.
5839.
5841.
5843.
5845.
5847.
5849.
5850.
5853.
5855.
5857.
5858.
5861.
5862.
5864.
5867.
5869.
5870.
5873.
5875.
5877.
5879.
5881.
5883.
5885.
5887.
5890.
5892.
5894.
5897.
5899.
5901.
5903.
5906.
5907.
5909.
5912.
5914.
5916.
5918.
5921.
5923.
5926.
5928.
5931.
5933.
5935.
5937.
5940.
5942.
5945.
5947.
5950.
5952.
5954.
5956.
5959.
5961.
5964.
5966.
5968.
5970.
5973.
5976.
5977.
5980.
5983.
5985.
5987.
5990.
5992.
5994.
5997.
5999.
6001.
6003.
6006.
6008.
6010.
6013.
6015.
6018.
6020.
6022.
6025.
6027.
6030.
6032.
6033.
6036.
6039.
6041.
6044.
6046.
6048.
6051.
6053.
6056.
6058.
6060.
6063.
6065.
6068.
6070.
6072.
6075.
6077.
6080.
6082.
6085.
6087.
6090.
6092.
6095.
6097.
6100.
6101.
6104.
6107.
6109.
6111.
6114.
6117.
6119.
6120.
6124.
6126.
6129.
6132.
6134.
6137.
6139.
6141.
6145.
6147.
6149.
6152.
6155.
6157.
6161.
6163.
6165.
6168.
6171.
6173.
6176.
6179.
6181.
6183.
6187.
6189.
6193.
6195.
6198.
6201.
6204.
6206.
6209.
6212.
6215.
6217.
6220.
6224.
6226.
6228.
6232.
6235.
6237.
6240.
6243.
6246.
6249.
6252.
6255.
6258.
6261.
6263.
6266.
6270.
6272.
6275.
6278.
6281.
6284.
6287.
6290.
6294.
6296.
6299.
6302.
6305.
6308.
6311.
6314.
6318.
6321.
6324.
6326.
6330.
6333.
6336.
6339.
6343.
6345.
6349.
6352.
6355.
6358.
6361.
6364.
6368.
6371.
6374.
6377.
6381.
6383.
6387.
6390.
6394.
6396.
6400.
6402.
6407.
6409.
6413.
6415.
6419.
6422.
6425.
6428.
6432.
6435.
6439.
6441.
6445.
6448.
6451.
6454.
6458.
6462.
6465.
6467.
6471.
6475.
6477.
6480.
6484.
6488.
6491.
6494.
6497.
6501.
6504.
6507.
6510.
6514.
6517.
6521.
6524.
6528.
6530.
6533.
6536.
6541.
6543.
6547.
6550.
6555.
6557.
6560.
6563.
6567.
6570.
6573.
6577.
6581.
6583.
6587.
6590.
6594.
6597.
6600.
6604.
6608.
6610.
6614.
6617.
6621.
6623.
6626.
6630.
6634.
6637.
6641.
6643.
6647.
6650.
6654.
6657.
6661.
6664.
6667.
6671.
6675.
6677.
6681.
6685.
6688.
6691.
6695.
6698.
6702.
6705.
6708.
6712.
6715.
6719.
6722.
6726.
6729.
6733.
6735.
6740.
6743.
6746.
6749.
6753.
6756.
6760.
6763.
6766.
6770.
6774.
6776.
6780.
6784.
6788.
6790.
6794.
6797.
6802.
6804.
6808.
6812.
6816.
6818.
6822.
6825.
6830.
6832.
6836.
6840.
6844.
6846.
6850.
6853.
6857.
6860.
6864.
6868.
6872.
6874.
6878.
6881.
6885.
6887.
6891.
6896.
6900.
6903.
6906.
6909.
6913.
6916.
6920.
6924.
6928.
6931.
6934.
6937.
6941.
6944.
6947.
6951.
6956.
6959.
6962.
6966.
6969.
6972.
6976.
6979.
6983.
6986.
6990.
6993.
6997.
7000.
7004.
7008.
7011.
7015.
7018.
7022.
7026.
7029.
7032.
7036.
7039.
7043.
7046.
7050.
7054.
7058.
7060.
7064.
7068.
7072.
7075.
7079.
7082.
7086.
7089.
7093.
7096.
7100.
7103.
7107.
7111.
7114.
7117.
7121.
7125.
7129.
7131.
7135.
7140.
7143.
7146.
7150.
7154.
7158.
7161.
7165.
7169.
7173.
7176.
7179.
7184.
7188.
7190.
7194.
7199.
7202.
7205.
7209.
7214.
7218.
7221.
7225.
7230.
7233.
7236.
7240.
7245.
7248.
7252.
7256.
7261.
7264.
7267.
7271.
7277.
7280.
7283.
7288.
7293.
7296.
7299.
7304.
7309.
7312.
7316.
7321.
7325.
7328.
7332.
7337.
7342.
7345.
7348.
7353.
7358.
7361.
7365.
7369.
7374.
7379.
7382.
7386.
7391.
7395.
7399.
7403.
7408.
7412.
7416.
7420.
7425.
7429.
7434.
7437.
7441.
7446.
7450.
7455.
7460.
7464.
7468.
7472.
7476.
7481.
7485.
7490.
7495.
7498.
7503.
7507.
7512.
7516.
7521.
7525.
7529.
7534.
7538.
7543.
7548.
7552.
7556.
7561.
7565.
7570.
7574.
7578.
7584.
7588.
7592.
7596.
7602.
7607.
7611.
7615.
7620.
7625.
7629.
7634.
7638.
7644.
7647.
7651.
7657.
7662.
7666.
7670.
7675.
7680.
7684.
7688.
7694.
7699.
7703.
7706.
7712.
7717.
7721.
7726.
7731.
7736.
7740.
7744.
7749.
7753.
7758.
7762.
7768.
7772.
7777.
7781.
7786.
7791.
7794.
7799.
7805.
7810.
7813.
7818.
7823.
7827.
7832.
7837.
7841.
7845.
7850.
7855.
7860.
7864.
7869.
7873.
7878.
7882.
7886.
7891.
7897.
7901.
7905.
7910.
7914.
7919.
7924.
7928.
7933.
7938.
7942.
7946.
7952.
7956.
7960.
7965.
7970.
7974.
7978.
7983.
7987.
7993.
7997.
8001.
8005.
8011.
8016.
8019.
8024.
8029.
8033.
8038.
8042.
8048.
8052.
8056.
8060.
8065.
8069.
8074.
8079.
8084.
8088.
8092.
8096.
8102.
8106.
8110.
8115.
8120.
8124.
8127.
8133.
8137.
8142.
8145.
8150.
8156.
8160.
8164.
8168.
8173.
8178.
8181.
8186.
8191.
8196.
8199.
8204.
8209.
8213.
8216.
8221.
8227.
8231.
8234.
8239.
8244.
8249.
8252.
8257.
8262.
8266.
8270.
8275.
8280.
8284.
8288.
8293.
8297.
8302.
8306.
8311.
8315.
8320.
8324.
8329.
8333.
8338.
8342.
8346.
8351.
8355.
8360.
8364.
8368.
8374.
8378.
8382.
8386.
8392.
8396.
8400.
8405.
8409.
8414.
8417.
8422.
8427.
8431.
8436.
8440.
8445.
8449.
8454.
8458.
8463.
8467.
8470.
8475.
8480.
8485.
8488.
8493.
8498.
8502.
8506.
8510.
8516.
8520.
8523.
8528.
8533.
8538.
8541.
8546.
8551.
8555.
8560.
8564.
8569.
8573.
8577.
8582.
8586.
8590.
8595.
8599.
8604.
8608.
8612.
8617.
8622.
8626.
8629.
8634.
8639.
8643.
8648.
8651.
8656.
8660.
8664.
8669.
8674.
8678.
8682.
8687.
8692.
8695.
8699.
8704.
8709.
8713.
8718.
8721.
8725.
8730.
8734.
8739.
8744.
8747.
8752.
8756.
8760.
8764.
8768.
8772.
8777.
8781.
8786.
8790.
8794.
8799.
8803.
8806.
8811.
8815.
8819.
8823.
8828.
8832.
8837.
8840.
8844.
8849.
8853.
8857.
8861.
8865.
8869.
8874.
8878.
8882.
8886.
8889.
8894.
8898.
8902.
8906.
8910.
8915.
8919.
8922.
8927.
8931.
8935.
8938.
8943.
8947.
8951.
8954.
8959.
8964.
8967.
8971.
8975.
8979.
8983.
8988.
8992.
8996.
8999.
9003.
9007.
9012.
9015.
9019.
9024.
9028.
9031.
9035.
9039.
9044.
9047.
9051.
9055.
9059.
9062.
9066.
9070.
9074.
9078.
9082.
9086.
9090.
9094.
9098.
9101.
9106.
9109.
9113.
9117.
9121.
9124.
9129.
9132.
9136.
9140.
9143.
9148.
9151.
9155.
9158.
9162.
9166.
9170.
9173.
9177.
9181.
9185.
9188.
9192.
9197.
9200.
9203.
9207.
9211.
9215.
9218.
9222.
9226.
9229.
9232.
9237.
9240.
9244.
9247.
9251.
9255.
9258.
9261.
9265.
9269.
9273.
9276.
9280.
9283.
9287.
9290.
9294.
9297.
9302.
9304.
9308.
9312.
9316.
9318.
9322.
9326.
9329.
9332.
9336.
9340.
9344.
9346.
9350.
9354.
9357.
9360.
9364.
9367.
9371.
9374.
9378.
9381.
9385.
9388.
9391.
9395.
9399.
9401.
9405.
9408.
9412.
9415.
9418.
9422.
9426.
9429.
9433.
9436.
9439.
9442.
9446.
9449.
9453.
9455.
9459.
9463.
9466.
9469.
9472.
9476.
9479.
9482.
9485.
9490.
9493.
9496.
9499.
9503.
9506.
9509.
9512.
9516.
9519.
9522.
9525.
9529.
9532.
9535.
9538.
9542.
9545.
9549.
9552.
9555.
9558.
9562.
9564.
9568.
9571.
9574.
9577.
9581.
9583.
9587.
9590.
9593.
9597.
9600.
9603.
9607.
9610.
9613.
9616.
9619.
9623.
9626.
9628.
9632.
9635.
9639.
9641.
9645.
9648.
9651.
9654.
9657.
9660.
9664.
9666.
9670.
9673.
9676.
9678.
9682.
9686.
9689.
9692.
9695.
9698.
9701.
9703.
9706.
9711.
9713.
9716.
9719.
9723.
9725.
9728.
9731.
9735.
9737.
9740.
9743.
9747.
9750.
9753.
9755.
9759.
9761.
9764.
9767.
9771.
9773.
9777.
9779.
9782.
9785.
9788.
9790.
9794.
9796.
9799.
9802.
9806.
9808.
9811.
9814.
9817.
9819.
9822.
9825.
9828.
9831.
9834.
9836.
9840.
9842.
9846.
9848.
9850.
9853.
9856.
9858.
9862.
9865.
9867.
9869.
9873.
9876.
9878.
9881.
9884.
9887.
9889.
9892.
9895.
9898.
9900.
9903.
9906.
9908.
9910.
9913.
9917.
9919.
9921.
9924.
9927.
9930.
9933.
9935.
9938.
9941.
9943.
9945.
9949.
9951.
9953.
9956.
9958.
9962.
9964.
9967.
9969.
9972.
9974.
9977.
9980.
9982.
9984.
9987.
9990.
9993.
9995.
9998.
10001.
10003.
10005.
10008.
10010.
10014.
10016.
10018.
10021.
10023.
10026.
10028.
10031.
10033.
10036.
10038.
10041.
10043.
10046.
10049.
10051.
10054.
10056.
10058.
10061.
10064.
10066.
10068.
10071.
10073.
10076.
10078.
10081.
10083.
10085.
10087.
10090.
10093.
10095.
10098.
10100.
10102.
10105.
10107.
10110.
10111.
10114.
10116.
10119.
10121.
10124.
10126.
10129.
10131.
10133.
10136.
10138.
10140.
10142.
10144.
10147.
10149.
10152.
10153.
10157.
10159.
10161.
10163.
10165.
10168.
10170.
10172.
10175.
10177.
10179.
10181.
10184.
10186.
10188.
10190.
10192.
10195.
10197.
10198.
10201.
10203.
10206.
10208.
10210.
10212.
10215.
10217.
10219.
10221.
10223.
10226.
10228.
10230.
10231.
10234.
10236.
10238.
10240.
10242.
10245.
10247.
10249.
10251.
10253.
10256.
10258.
10259.
10261.
10263.
10266.
10268.
10271.
10272.
10274.
10276.
10279.
10280.
10282.
10285.
10287.
10289.
10291.
10293.
10295.
10297.
10299.
10301.
10303.
10306.
10308.
10310.
10312.
10314.
10316.
10317.
10320.
10322.
10324.
10325.
10328.
10330.
10332.
10334.
10335.
10338.
10340.
10342.
10344.
10345.
10347.
10350.
10352.
10354.
10356.
10358.
10360.
10362.
10364.
10366.
10368.
10370.
10372.
10374.
10376.
10377.
10379.
10381.
10383.
10386.
10387.
10389.
10392.
10394.
10396.
10398.
10400.
10401.
10403.
10405.
10407.
10409.
10411.
10413.
10415.
10417.
10419.
10421.
10423.
10425.
10426.
10429.
10431.
10432.
10434.
10437.
10438.
10440.
10443.
10445.
10446.
10448.
10450.
10453.
10454.
10457.
10458.
10460.
10463.
10464.
10466.
10468.
10470.
10472.
10474.
10476.
10478.
10480.
10482.
10484.
10485.
10488.
10489.
10491.
10493.
10495.
10497.
10500.
10501.
10503.
10504.
10506.
10509.
10510.
10512.
10513.
10516.
10518.
10519.
10521.
10523.
10524.
10525.
10527.
10530.
10531.
10533.
10534.
10535.
10538.
10540.
10541.
10543.
10544.
10545.
10548.
10549.
10551.
10552.
10553.
10556.
10557.
10559.
10560.
10562.
10562.
10565.
10565.
10567.
10568.
10570.
10571.
10573.
10573.
10575.
10576.
10577.
10578.
10580.
10581.
10583.
10583.
10585.
10585.
10587.
10588.
10589.
10589.
10592.
10592.
10592.
10594.
10595.
10595.
10597.
10597.
10598.
10599.
10599.
10601.
10601.
10602.
10602.
10603.
10603.
10604.
10605.
10605.
10606.
10606.
10607.
10608.
10608.
10608.
10609.
10609.
10609.
10609.
10610.
10610.
10610.
10611.
10610.
10611.
10611.
10610.
10610.
10611.
10611.
10611.
10611.
10610.
10610.
10610.
10611.
10610.
10610.
10609.
10609.
10609.
10609.
10609.
10609.
10609.
10608.
10608.
10609.
10607.
10607.
10607.
10607.
10607.
10607.
10606.
10605.
10605.
10605.
10604.
10604.
10604.
10603.
10602.
10602.
10602.
10601.
10600.
10600.
10599.
10599.
10598.
10597.
10597.
10596.
10595.
10594.
10594.
10593.
10592.
10591.
10590.
10590.
10589.
10588.
10588.
10586.
10584.
10584.
10583.
10581.
10580.
10580.
10580.
10578.
10577.
10576.
10575.
10573.
10573.
10571.
10570.
10568.
10568.
10566.
10565.
10563.
10562.
10561.
10559.
10558.
10556.
10554.
10553.
10552.
10550.
10548.
10547.
10545.
10545.
10542.
10540.
10538.
10538.
10536.
10534.
10532.
10530.
10529.
10527.
10525.
10524.
10521.
10520.
10519.
10516.
10515.
10513.
10511.
10508.
10507.
10505.
10503.
10501.
10499.
10497.
10495.
10493.
10492.
10490.
10487.
10485.
10484.
10482.
10480.
10478.
10475.
10473.
10472.
10470.
10467.
10465.
10463.
10461.
10459.
10457.
10455.
10452.
10450.
10448.
10446.
10443.
10442.
10440.
10438.
10435.
10433.
10431.
10429.
10427.
10424.
10422.
10421.
10418.
10416.
10413.
10413.
10410.
10408.
10405.
10404.
10402.
10399.
10397.
10394.
10393.
10390.
10388.
10386.
10384.
10382.
10380.
10378.
10376.
10374.
10371.
10370.
10367.
10365.
10363.
10361.
10360.
10358.
10355.
10352.
10351.
10350.
10347.
10345.
10343.
10341.
10339.
10337.
10334.
10332.
10330.
10328.
10326.
10324.
10322.
10320.
10318.
10316.
10313.
10311.
10309.
10307.
10305.
10303.
10300.
10298.
10296.
10294.
10291.
10289.
10286.
10285.
10283.
10281.
10279.
10277.
10274.
10272.
10270.
10267.
10264.
10263.
10260.
10258.
10255.
10253.
10251.
10249.
10247.
10244.
10242.
10239.
10238.
10234.
10233.
10230.
10228.
10225.
10222.
10220.
10218.
10215.
10213.
10210.
10208.
10205.
10204.
10200.
10198.
10195.
10194.
10190.
10187.
10185.
10183.
10180.
10178.
10175.
10173.
10170.
10169.
10165.
10163.
10160.
10157.
10154.
10152.
10149.
10147.
10144.
10141.
10139.
10136.
10134.
10130.
10127.
10124.
10122.
10119.
10116.
10113.
10110.
10107.
10105.
10102.
10099.
10096.
10093.
10090.
10088.
10084.
10082.
10079.
10077.
10074.
10070.
10066.
10064.
10060.
10058.
10055.
10052.
10049.
10046.
10042.
10040.
10036.
10034.
10030.
10027.
10024.
10022.
10018.
10015.
10011.
10009.
10005.
10002.
9998.
9995.
9992.
9989.
9986.
9983.
9979.
9977.
9973.
9970.
9967.
9963.
9960.
9957.
9953.
9950.
9947.
9943.
9940.
9936.
9933.
9930.
9927.
9923.
9920.
9918.
9914.
9910.
9907.
9903.
9900.
9897.
9894.
9890.
9887.
9883.
9880.
9876.
9874.
9870.
9867.
9863.
9859.
9855.
9853.
9849.
9846.
9842.
9839.
9836.
9832.
9828.
9826.
9822.
9818.
9815.
9811.
9808.
9805.
9801.
9797.
9794.
9791.
9787.
9783.
9780.
9777.
9773.
9770.
9767.
9763.
9760.
9756.
9753.
9749.
9746.
9742.
9739.
9734.
9731.
9728.
9725.
9720.
9718.
9715.
9710.
9707.
9704.
9701.
9697.
9693.
9690.
9686.
9683.
9679.
9676.
9673.
9669.
9665.
9662.
9658.
9655.
9651.
9648.
9643.
9641.
9638.
9634.
9630.
9627.
9624.
9620.
9616.
9614.
9610.
9607.
9604.
9600.
9596.
9593.
9589.
9586.
9583.
9579.
9575.
9573.
9569.
9566.
9562.
9559.
9555.
9552.
9548.
9545.
9541.
9537.
9534.
9531.
9527.
9523.
9521.
9517.
9513.
9510.
9507.
9503.
9499.
9496.
9493.
9490.
9486.
9482.
9479.
9475.
9472.
9468.
9465.
9461.
9458.
9455.
9451.
9448.
9443.
9440.
9436.
9433.
9430.
9426.
9423.
9419.
9415.
9412.
9409.
9405.
9401.
9398.
9395.
9391.
9388.
9384.
9380.
9377.
9374.
9370.
9367.
9363.
9359.
9355.
9352.
9348.
9345.
9341.
9338.
9334.
9330.
9327.
9323.
9320.
9317.
9313.
9309.
9305.
9301.
9298.
9294.
9291.
9287.
9283.
9279.
9276.
9272.
9268.
9264.
9261.
9257.
9254.
9250.
9247.
9243.
9239.
9234.
9232.
9228.
9224.
9220.
9217.
9213.
9210.
9206.
9201.
9198.
9195.
9191.
9186.
9183.
9179.
9175.
9172.
9168.
9164.
9160.
9157.
9153.
9148.
9145.
9142.
9138.
9134.
9131.
9127.
9123.
9120.
9115.
9112.
9108.
9104.
9100.
9097.
9092.
9089.
9084.
9081.
9078.
9073.
9070.
9066.
9062.
9058.
9054.
9050.
9047.
9042.
9039.
9035.
9031.
9027.
9024.
9019.
9016.
9012.
9007.
9004.
9000.
8996.
8992.
8989.
8984.
8980.
8976.
8972.
8968.
8965.
8961.
8957.
8953.
8949.
8944.
8941.
8937.
8933.
8929.
8925.
8920.
8917.
8913.
8909.
8904.
8901.
8897.
8893.
8889.
8885.
8881.
8877.
8873.
8869.
8865.
8861.
8857.
8853.
8849.
8845.
8840.
8837.
8833.
8829.
8825.
8821.
8817.
8813.
8809.
8804.
8801.
8797.
8792.
8789.
8785.
8781.
8777.
8773.
8769.
8765.
8761.
8757.
8753.
8749.
8745.
8741.
8737.
8733.
8730.
8725.
8721.
8718.
8713.
8709.
8705.
8702.
8698.
8693.
8690.
8686.
8682.
8677.
8673.
8670.
8665.
8660.
8657.
8653.
8649.
8646.
8641.
8638.
8633.
8630.
8625.
8622.
8617.
8614.
8609.
8605.
8602.
8598.
8594.
8590.
8586.
8582.
8578.
8574.
8571.
8567.
8562.
8558.
8554.
8550.
8547.
8543.
8538.
8534.
8531.
8527.
8523.
8519.
8515.
8511.
8507.
8503.
8499.
8496.
8491.
8488.
8484.
8480.
8475.
8472.
8469.
8464.
8460.
8457.
8452.
8449.
8445.
8441.
8437.
8433.
8428.
8425.
8421.
8417.
8413.
8409.
8406.
8402.
8398.
8394.
8389.
8387.
8382.
8379.
8375.
8371.
8366.
8363.
8359.
8355.
8351.
8347.
8343.
8340.
8336.
8332.
8328.
8324.
8320.
8317.
8312.
8308.
8305.
8301.
8296.
8292.
8289.
8286.
8281.
8277.
8273.
8269.
8265.
8261.
8258.
8254.
8250.
8245.
8242.
8238.
8234.
8230.
8226.
8223.
8219.
8215.
8210.
8206.
8203.
8198.
8195.
8191.
8187.
8183.
8179.
8175.
8171.
8167.
8163.
8159.
8155.
8152.
8147.
8144.
8139.
8135.
8131.
8127.
8123.
8120.
8115.
8112.
8107.
8103.
8099.
8095.
8091.
8087.
8084.
8080.
8076.
8072.
8067.
8064.
8059.
8056.
8052.
8047.
8043.
8039.
8035.
8031.
8027.
8023.
8020.
8015.
8011.
8007.
8003.
7999.
7996.
7991.
7987.
7984.
7980.
7976.
7972.
7968.
7963.
7960.
7956.
7952.
7947.
7944.
7939.
7936.
7932.
7928.
7924.
7920.
7917.
7912.
7908.
7904.
7900.
7896.
7892.
7888.
7884.
7880.
7877.
7872.
7868.
7865.
7860.
7857.
7852.
7849.
7844.
7841.
7837.
7832.
7829.
7825.
7821.
7818.
7813.
7809.
7806.
7801.
7797.
7793.
7790.
7786.
7782.
7777.
7774.
7771.
7766.
7763.
7758.
7754.
7751.
7747.
7743.
7739.
7735.
7732.
7728.
7724.
7720.
7716.
7713.
7709.
7704.
7701.
7698.
7694.
7689.
7686.
7683.
7679.
7674.
7671.
7667.
7663.
7660.
7656.
7652.
7648.
7645.
7641.
7637.
7634.
7630.
7626.
7622.
7619.
7615.
7611.
7607.
7604.
7600.
7597.
7593.
7589.
7586.
7582.
7578.
7575.
7571.
7567.
7564.
7560.
7556.
7553.
7549.
7546.
7541.
7538.
7535.
7531.
7528.
7524.
7520.
7517.
7513.
7509.
7505.
7502.
7498.
7496.
7492.
7488.
7484.
7481.
7477.
7474.
7470.
7467.
7463.
7460.
7456.
7453.
7449.
7445.
7441.
7438.
7434.
7431.
7428.
7424.
7420.
7416.
7413.
7410.
7407.
7403.
7399.
7395.
7392.
7389.
7385.
7381.
7378.
7375.
7371.
7367.
7364.
7361.
7357.
7353.
7351.
7347.
7344.
7340.
7337.
7332.
7329.
7325.
7322.
7319.
7316.
7311.
7309.
7305.
7302.
7298.
7295.
7292.
7288.
7284.
7280.
7277.
7274.
7270.
7266.
7263.
7260.
7256.
7253.
7250.
7247.
7242.
7238.
7235.
7232.
7229.
7225.
7222.
7218.
7215.
7211.
7208.
7204.
7201.
7198.
7194.
7190.
7186.
7184.
7180.
7176.
7173.
7169.
7166.
7162.
7159.
7154.
7152.
7148.
7145.
7142.
7138.
7134.
7131.
7127.
7124.
7120.
7117.
7114.
7110.
7106.
7104.
7099.
7097.
7093.
7090.
7086.
7084.
7080.
7077.
7073.
7070.
7066.
7063.
7060.
7057.
7053.
7050.
7046.
7043.
7039.
7037.
7033.
7031.
7027.
7024.
7021.
7017.
7014.
7011.
7007.
7004.
7001.
6998.
6995.
6991.
6988.
6985.
6982.
6978.
6975.
6972.
6969.
6965.
6963.
6959.
6956.
6952.
6950.
6946.
6943.
6940.
6937.
6933.
6931.
6927.
6924.
6920.
6918.
6914.
6911.
6908.
6905.
6901.
6898.
6895.
6893.
6889.
6887.
6884.
6880.
6877.
6874.
6870.
6867.
6864.
6861.
6858.
6856.
6852.
6850.
6846.
6844.
6840.
6837.
6833.
6831.
6827.
6824.
6821.
6818.
6816.
6812.
6810.
6806.
6803.
6799.
6797.
6794.
6792.
6788.
6785.
6782.
6779.
6776.
6773.
6770.
6767.
6764.
6761.
6758.
6756.
6752.
6749.
6746.
6743.
6740.
6737.
6734.
6732.
6728.
6726.
6722.
6720.
6716.
6714.
6710.
6707.
6704.
6702.
6698.
6696.
6692.
6690.
6687.
6683.
6679.
6677.
6674.
6671.
6669.
6665.
6662.
6659.
6656.
6653.
6650.
6648.
6645.
6642.
6639.
6635.
6632.
6629.
6626.
6623.
6620.
6617.
6614.
6611.
6608.
6605.
6603.
6599.
6597.
6594.
6591.
6588.
6586.
6582.
6580.
6576.
6573.
6570.
6568.
6564.
6562.
6559.
6556.
6553.
6551.
6547.
6545.
6541.
6539.
6535.
6533.
6530.
6527.
6524.
6522.
6518.
6516.
6512.
6510.
6506.
6504.
6501.
6499.
6496.
6492.
6490.
6487.
6484.
6481.
6478.
6475.
6473.
6470.
6467.
6464.
6462.
6458.
6456.
6452.
6449.
6447.
6445.
6442.
6439.
6436.
6434.
6430.
6428.
6425.
6422.
6419.
6417.
6413.
6411.
6408.
6405.
6402.
6400.
6397.
6395.
6392.
6390.
6386.
6384.
6381.
6379.
6376.
6373.
6370.
6368.
6364.
6362.
6360.
6357.
6354.
6352.
6350.
6347.
6344.
6342.
6339.
6337.
6334.
6331.
6329.
6326.
6324.
6322.
6320.
6317.
6315.
6311.
6310.
6307.
6305.
6302.
6300.
6297.
6295.
6292.
6290.
6287.
6285.
6283.
6281.
6278.
6276.
6273.
6272.
6269.
6267.
6264.
6262.
6259.
6257.
6255.
6251.
6250.
6248.
6245.
6243.
6241.
6238.
6237.
6235.
6232.
6230.
6228.
6225.
6222.
6221.
6218.
6216.
6214.
6212.
6210.
6207.
6205.
6203.
6201.
6199.
6197.
6195.
6193.
6190.
6188.
6186.
6183.
6182.
6181.
6178.
6177.
6174.
6173.
6170.
6169.
6166.
6165.
6162.
6160.
6158.
6157.
6155.
6153.
6151.
6149.
6147.
6146.
6143.
6142.
6140.
6138.
6136.
6134.
6132.
6129.
6129.
6127.
6125.
6123.
6122.
6121.
6119.
6117.
6115.
6113.
6112.
6110.
6109.
6107.
6105.
6104.
6102.
6100.
6099.
6097.
6096.
6094.
6092.
6090.
6089.
6087.
6086.
6085.
6084.
6082.
6080.
6079.
6078.
6076.
6075.
6073.
6071.
6070.
6069.
6068.
6066.
6065.
6062.
6061.
6060.
6059.
6058.
6056.
6054.
6054.
6052.
6051.
6048.
6048.
6046.
6046.
6043.
6043.
6041.
6040.
6038.
6038.
6036.
6035.
6033.
6031.
6030.
6030.
6028.
6027.
6025.
6024.
6022.
6022.
6020.
6019.
6017.
6017.
6015.
6014.
6012.
6011.
6010.
6009.
6007.
6006.
6005.
6004.
6002.
6002.
6001.
6000.
5999.
5997.
5996.
5996.
5994.
5993.
5992.
5991.
5990.
5988.
5987.
5985.
5985.
5984.
5983.
5981.
5981.
5978.
5978.
5977.
5975.
5974.
5974.
5973.
5971.
5969.
5969.
5967.
5966.
5964.
5964.
5962.
5962.
5960.
5959.
5957.
5957.
5956.
5955.
5953.
5952.
5950.
5949.
5948.
5947.
5946.
5945.
5944.
5942.
5941.
5940.
5938.
5937.
5936.
5934.
5933.
5932.
5931.
5929.
5929.
5927.
5926.
5925.
5923.
5922.
5921.
5919.
5918.
5917.
5916.
5914.
5914.
5912.
5911.
5909.
5909.
5908.
5906.
5905.
5903.
5902.
5902.
5900.
5899.
5897.
5896.
5894.
5895.
5893.
5892.
5890.
5889.
5888.
5887.
5884.
5885.
5883.
5882.
5881.
5880.
5878.
5878.
5876.
5876.
5875.
5873.
5872.
5872.
5870.
5869.
5868.
5868.
5866.
5865.
5864.
5864.
5862.
5861.
5860.
5860.
5859.
5858.
5857.
5856.
5854.
5855.
5854.
5852.
5853.
5851.
5850.
5850.
5850.
5849.
5848.
5847.
5847.
5846.
5846.
5845.
5845.
5843.
5843.
5843.
5843.
5842.
5842.
5840.
5840.
5840.
5840.
5840.
5839.
5839.
5838.
5839.
5838.
5838.
5838.
5838.
5838.
5838.
5838.
5838.
5838.
5837.
5838.
5837.
5838.
5838.
5838.
5838.
5838.
5838.
5838.
5838.
5838.
5838.
5838.
5838.
5838.
5838.
5838.
5838.
5838.
5839.
5838.
5838.
5838.
5838.
5838.
5839.
5838.
5838.
5838.
5838.
5838.
5838.
5838.
5838.
5838.
5838.
5838.
5839.
5838.
5839.
5838.
5838.
5838.
5839.
5838.
5838.
5839.
5839.
5839.
5839.
5839.
5839.
5840.
5840.
5840.
5840.
5841.
5842.
5841.
5842.
5842.
5842.
5843.
5843.
5843.
5843.
5844.
5844.
5845.
5845.
5845.
5846.
5846.
5847.
5847.
5847.
5848.
5849.
5848.
5849.
5850.
5850.
5851.
5851.
5852.
5853.
5853.
5854.
5854.
5855.
5855.
5856.
5856.
5857.
5857.
5859.
5859.
5860.
5861.
5862.
5862.
5863.
5863.
5864.
5865.
5866.
5867.
5867.
5867.
5868.
5868.
5870.
5870.
5872.
5872.
5873.
5873.
5875.
5875.
5876.
5877.
5878.
5878.
5879.
5880.
5881.
5881.
5883.
5884.
5885.
5885.
5886.
5887.
5888.
5889.
5890.
5891.
5892.
5893.
5895.
5895.
5896.
5897.
5898.
5899.
5901.
5902.
5903.
5904.
5905.
5906.
5907.
5909.
5909.
5911.
5911.
5913.
5914.
5915.
5915.
5917.
5918.
5920.
5921.
5922.
5923.
5925.
5925.
5927.
5928.
5930.
5931.
5932.
5933.
5934.
5935.
5937.
5938.
5940.
5941.
5943.
5943.
5945.
5946.
5948.
5949.
5951.
5952.
5954.
5955.
5957.
5958.
5960.
5961.
5963.
5964.
5966.
5968.
5969.
5971.
5972.
5974.
5975.
5977.
5979.
5981.
5982.
5984.
5986.
5988.
5990.
5991.
5993.
5996.
5997.
5999.
6000.
6003.
6004.
6006.
6008.
6010.
6012.
6014.
6016.
6018.
6020.
6022.
6023.
6025.
6028.
6031.
6031.
6034.
6036.
6038.
6039.
6041.
6044.
6046.
6048.
6050.
6052.
6054.
6057.
6059.
6061.
6063.
6065.
6067.
6069.
6071.
6074.
6076.
6078.
6080.
6083.
6085.
6086.
6089.
6092.
6094.
6096.
6098.
6100.
6102.
6105.
6107.
6109.
6111.
6113.
6116.
6119.
6121.
6123.
6125.
6127.
6129.
6132.
6135.
6137.
6140.
6142.
6145.
6147.
6149.
6151.
6154.
6157.
6159.
6161.
6164.
6167.
6169.
6172.
6174.
6176.
6179.
6181.
6184.
6186.
6189.
6192.
6195.
6198.
6200.
6202.
6206.
6208.
6210.
6212.
6216.
6218.
6221.
6223.
6227.
6230.
6233.
6235.
6238.
6241.
6243.
6246.
6250.
6252.
6255.
6258.
6262.
6264.
6266.
6269.
6273.
6276.
6279.
6281.
6285.
6288.
6291.
6293.
6297.
6301.
6304.
6306.
6310.
6313.
6316.
6319.
6323.
6326.
6329.
6332.
6336.
6339.
6341.
6344.
6348.
6352.
6354.
6357.
6361.
6365.
6367.
6371.
6374.
6378.
6381.
6384.
6387.
6391.
6393.
6397.
6401.
6405.
6407.
6411.
6414.
6418.
6420.
6424.
6427.
6432.
6435.
6438.
6441.
6445.
6448.
6452.
6455.
6459.
6462.
6465.
6469.
6473.
6476.
6479.
6483.
6488.
6490.
6494.
6498.
6502.
6505.
6508.
6512.
6516.
6519.
6523.
6527.
6531.
6533.
6537.
6541.
6545.
6549.
6552.
6557.
6560.
6563.
6567.
6571.
6575.
6578.
6582.
6586.
6590.
6594.
6597.
6600.
6605.
6609.
6612.
6616.
6619.
6623.
6627.
6630.
6635.
6638.
6642.
6646.
6650.
6654.
6656.
6661.
6665.
6669.
6672.
6677.
6680.
6683.
6686.
6691.
6695.
6699.
6702.
6706.
6710.
6714.
6717.
6721.
6725.
6729.
6732.
6736.
6740.
6744.
6747.
6752.
6755.
6759.
6762.
6766.
6770.
6774.
6778.
6782.
6786.
6790.
6793.
6797.
6801.
6805.
6807.
6812.
6816.
6820.
6823.
6827.
6831.
6835.
6838.
6842.
6846.
6850.
6853.
6857.
6861.
6865.
6868.
6872.
6875.
6879.
6883.
6887.
6891.
6895.
6898.
6902.
6906.
6910.
6913.
6917.
6921.
6925.
6928.
6932.
6936.
6940.
6944.
6947.
6951.
6955.
6959.
6962.
6966.
6970.
6974.
6977.
6982.
6985.
6989.
6993.
6998.
7001.
7005.
7007.
7012.
7016.
7020.
7023.
7027.
7031.
7035.
7038.
7042.
7046.
7051.
7054.
7058.
7061.
7065.
7068.
7072.
7076.
7080.
7083.
7087.
7091.
7094.
7098.
7102.
7106.
7110.
7113.
7116.
7121.
7124.
7127.
7131.
7136.
7139.
7142.
7146.
7150.
7154.
7157.
7161.
7165.
7169.
7172.
7176.
7180.
7184.
7188.
7191.
7196.
7199.
7203.
7206.
7212.
7214.
7218.
7222.
7227.
7230.
7234.
7238.
7243.
7246.
7250.
7254.
7259.
7262.
7265.
7270.
7275.
7278.
7282.
7287.
7291.
7295.
7299.
7303.
7308.
7312.
7316.
7321.
7325.
7329.
7333.
7337.
7342.
7346.