7023.
7023.
7023.
7023.
7024.
7025.
7025.
7026.
7026.
7027.
7027.
7027.
7027.
7028.
7028.
7029.
7028.
7028.
7029.
7030.
7030.
7031.
7031.
7031.
7031.
7031.
7032.
7032.
7033.
7032.
7033.
7033.
7034.
7033.
7034.
7034.
7035.
7035.
7035.
7035.
7036.
7036.
7036.
7036.
7036.
7037.
7037.
7037.
7037.
7038.
7038.
7038.
7038.
7039.
7038.
7039.
7038.
7039.
7040.
7040.
7040.
7040.
7041.
7040.
7040.
7041.
7041.
7041.
7041.
7041.
7042.
7042.
7041.
7042.
7042.
7043.
7043.
7043.
7043.
7044.
7044.
7044.
7044.
7045.
7045.
7046.
7046.
7046.
7047.
7047.
7048.
7048.
7048.
7049.
7048.
7049.
7049.
7050.
7051.
7051.
7051.
7052.
7053.
7054.
7054.
7055.
7055.
7055.
7055.
7057.
7057.
7057.
7057.
7058.
7058.
7060.
7060.
7060.
7061.
7062.
7062.
7063.
7063.
7065.
7065.
7065.
7066.
7067.
7067.
7067.
7068.
7069.
7069.
7070.
7071.
7071.
7072.
7071.
7073.
7073.
7074.
7074.
7075.
7075.
7076.
7076.
7077.
7077.
7077.
7077.
7078.
7079.
7079.
7079.
7079.
7079.
7079.
7079.
7080.
7080.
7080.
7080.
7080.
7080.
7081.
7081.
7081.
7081.
7081.
7081.
7080.
7081.
7081.
7080.
7080.
7081.
7080.
7080.
7081.
7081.
7081.
7081.
7080.
7081.
7080.
7080.
7081.
7081.
7080.
7081.
7081.
7081.
7080.
7080.
7081.
7081.
7080.
7081.
7081.
7081.
7081.
7081.
7080.
7081.
7080.
7081.
7081.
7080.
7081.
7081.
7081.
7081.
7080.
7081.
7081.
7081.
7081.
7081.
7081.
7080.
7080.
7081.
7081.
7081.
7081.
7081.
7081.
7081.
7082.
7080.
7080.
7081.
7081.
7081.
7081.
7081.
7081.
7081.
7081.
7081.
7081.
7081.
7081.
7081.
7081.
7080.
7080.
7081.
7080.
7081.
7081.
7080.
7081.
7080.
7081.
7081.
7081.
7080.
7081.
7081.
7081.
7081.
7081.
7081.
7081.
7080.
7081.
7080.
7080.
7080.
7081.
7081.
7080.
7081.
7080.
7080.
7081.
7081.
7080.
7080.
7080.
7080.
7081.
7081.
7080.
7081.
7080.
7080.
7081.
7080.
7081.
7082.
7080.
7080.
7081.
7080.
7080.
7080.
7081.
7081.
7080.
7080.
7080.
7080.
7080.
7080.
7080.
7080.
7081.
7081.
7080.
7081.
7081.
7080.
7081.
7080.
7081.
7081.
7080.
7081.
7080.
7080.
7081.
7080.
7081.
7081.
7080.
7080.
7081.
7080.
7081.
7081.
7080.
7081.
7080.
7081.
7080.
7081.
7080.
7081.
7080.
7080.
7080.
7081.
7081.
7081.
7081.
7080.
7081.
7080.
7081.
7081.
7081.
7080.
7080.
7081.
7081.
7080.
7080.
7081.
7080.
7081.
7081.
7080.
7080.
7080.
7080.
7080.
7080.
7080.
7081.
7081.
7081.
7080.
7080.
7081.
7081.
7080.
7081.
7080.
7081.
7080.
7081.
7080.
7081.
7080.
7080.
7080.
7081.
7080.
7081.
7080.
7081.
7080.
7081.
7081.
7081.
7080.
7081.
7081.
7080.
7080.
7081.
7080.
7081.
7081.
7081.
7081.
7081.
7081.
7081.
7082.
7081.
7080.
7080.
7080.
7081.
7081.
7081.
7081.
7080.
7080.
7081.
7081.
7081.
7081.
7080.
7080.
7081.
7081.
7081.
7081.
7081.
7081.
7082.
7082.
7081.
7081.
7082.
7082.
7081.
7082.
7082.
7083.
7082.
7083.
7083.
7084.
7084.
7085.
7084.
7086.
7086.
7086.
7086.
7087.
7088.
7088.
7089.
7090.
7091.
7091.
7091.
7092.
7093.
7095.
7095.
7096.
7097.
7099.
7100.
7101.
7101.
7103.
7104.
7106.
7106.
7108.
7109.
7110.
7112.
7114.
7115.
7117.
7117.
7119.
7122.
7124.
7124.
7126.
7128.
7131.
7132.
7134.
7137.
7139.
7140.
7143.
7145.
7147.
7150.
7152.
7155.
7157.
7160.
7163.
7166.
7168.
7170.
7173.
7176.
7179.
7182.
7185.
7188.
7192.
7195.
7198.
7201.
7206.
7209.
7212.
7216.
7220.
7223.
7226.
7231.
7235.
7238.
7243.
7247.
7251.
7255.
7260.
7264.
7268.
7274.
7278.
7283.
7288.
7292.
7296.
7302.
7307.
7312.
7317.
7322.
7327.
7332.
7337.
7343.
7348.
7354.
7359.
7365.
7370.
7377.
7381.
7387.
7392.
7399.
7405.
7410.
7417.
7423.
7430.
7436.
7442.
7448.
7454.
7460.
7468.
7474.
7480.
7487.
7494.
7500.
7507.
7513.
7521.
7528.
7535.
7541.
7548.
7555.
7564.
7570.
7577.
7584.
7592.
7598.
7606.
7613.
7621.
7628.
7637.
7644.
7651.
7659.
7666.
7674.
7682.
7689.
7697.
7705.
7713.
7722.
7729.
7737.
7746.
7754.
7762.
7771.
7779.
7786.
7795.
7804.
7812.
7820.
7829.
7837.
7846.
7854.
7864.
7872.
7881.
7889.
7898.
7907.
7916.
7924.
7934.
7942.
7952.
7960.
7969.
7978.
7988.
7996.
8006.
8015.
8024.
8033.
8043.
8052.
8062.
8070.
8080.
8089.
8099.
8108.
8118.
8127.
8137.
8146.
8156.
8166.
8175.
8184.
8194.
8204.
8214.
8224.
8234.
8244.
8254.
8263.
8273.
8283.
8293.
8303.
8313.
8323.
8333.
8344.
8354.
8364.
8374.
8384.
8394.
8405.
8415.
8425.
8435.
8445.
8456.
8467.
8477.
8486.
8497.
8509.
8519.
8529.
8540.
8550.
8561.
8571.
8582.
8593.
8603.
8613.
8624.
8635.
8646.
8657.
8667.
8677.
8689.
8699.
8710.
8720.
8732.
8741.
8754.
8764.
8775.
8786.
8797.
8807.
8819.
8829.
8840.
8850.
8862.
8873.
8884.
8894.
8906.
8916.
8928.
8938.
8949.
8960.
8971.
8981.
8993.
9004.
9015.
9025.
9037.
9048.
9058.
9069.
9080.
9090.
9102.
9112.
9123.
9134.
9145.
9156.
9167.
9177.
9189.
9199.
9210.
9221.
9232.
9242.
9254.
9264.
9276.
9286.
9297.
9307.
9318.
9329.
9340.
9351.
9362.
9372.
9383.
9394.
9405.
9415.
9426.
9437.
9448.
9458.
9469.
9479.
9491.
9501.
9512.
9523.
9533.
9543.
9554.
9565.
9576.
9586.
9597.
9608.
9618.
9629.
9640.
9649.
9660.
9670.
9681.
9691.
9701.
9712.
9723.
9733.
9743.
9754.
9764.
9774.
9785.
9794.
9805.
9816.
9826.
9836.
9847.
9856.
9867.
9876.
9887.
9896.
9906.
9917.
9927.
9937.
9947.
9957.
9966.
9976.
9986.
9996.
10006.
10016.
10026.
10035.
10045.
10054.
10065.
10074.
10084.
10093.
10103.
10112.
10123.
10131.
10141.
10150.
10161.
10169.
10179.
10188.
10198.
10207.
10217.
10226.
10235.
10243.
10254.
10262.
10272.
10280.
10290.
10299.
10308.
10317.
10327.
10335.
10345.
10353.
10363.
10371.
10379.
10389.
10398.
10406.
10416.
10424.
10433.
10442.
10450.
10460.
10468.
10477.
10485.
10494.
10503.
10511.
10520.
10529.
10536.
10545.
10553.
10562.
10571.
10579.
10588.
10596.
10604.
10613.
10621.
10630.
10638.
10645.
10654.
10662.
10669.
10678.
10686.
10694.
10701.
10710.
10718.
10726.
10734.
10741.
10748.
10757.
10765.
10771.
10779.
10787.
10795.
10803.
10811.
10818.
10826.
10832.
10840.
10847.
10855.
10862.
10869.
10876.
10884.
10891.
10897.
10904.
10911.
10917.
10925.
10932.
10938.
10944.
10951.
10958.
10965.
10971.
10977.
10983.
10990.
10996.
11002.
11008.
11014.
11020.
11026.
11032.
11038.
11043.
11050.
11055.
11061.
11067.
11072.
11077.
11083.
11088.
11094.
11099.
11104.
11109.
11114.
11118.
11123.
11129.
11133.
11138.
11143.
11147.
11151.
11157.
11161.
11165.
11169.
11173.
11178.
11181.
11185.
11190.
11194.
11197.
11200.
11204.
11209.
11212.
11215.
11219.
11223.
11226.
11229.
11232.
11236.
11239.
11241.
11245.
11248.
11252.
11254.
11256.
11259.
11262.
11264.
11267.
11269.
11272.
11273.
11276.
11278.
11281.
11283.
11284.
11286.
11288.
11290.
11292.
11294.
11295.
11297.
11299.
11300.
11301.
11304.
11304.
11306.
11307.
11308.
11310.
11311.
11312.
11313.
11314.
11314.
11315.
11317.
11317.
11318.
11318.
11319.
11320.
11320.
11321.
11321.
11322.
11322.
11322.
11322.
11323.
11324.
11323.
11323.
11323.
11322.
11323.
11323.
11323.
11323.
11323.
11322.
11322.
11322.
11322.
11322.
11322.
11322.
11322.
11322.
11322.
11322.
11321.
11322.
11321.
11322.
11321.
11321.
11321.
11321.
11321.
11321.
11320.
11320.
11320.
11320.
11319.
11320.
11320.
11320.
11320.
11320.
11320.
11320.
11319.
11320.
11319.
11319.
11320.
11320.
11319.
11319.
11318.
11319.
11318.
11319.
11318.
11318.
11318.
11318.
11318.
11318.
11317.
11318.
11318.
11318.
11317.
11318.
11318.
11318.
11318.
11318.
11317.
11317.
11317.
11317.
11318.
11317.
11317.
11317.
11318.
11317.
11316.
11317.
11316.
11317.
11317.
11317.
11317.
11316.
11316.
11316.
11317.
11316.
11317.
11316.
11316.
11315.
11315.
11316.
11315.
11315.
11315.
11316.
11316.
11315.
11315.
11316.
11316.
11315.
11315.
11315.
11315.
11315.
11315.
11315.
11314.
11315.
11315.
11314.
11314.
11314.
11314.
11314.
11314.
11313.
11313.
11313.
11313.
11313.
11312.
11313.
11312.
11311.
11311.
11311.
11311.
11311.
11310.
11310.
11310.
11310.
11309.
11309.
11309.
11309.
11307.
11308.
11307.
11307.
11306.
11306.
11306.
11306.
11304.
11304.
11304.
11304.
11303.
11303.
11303.
11302.
11300.
11300.
11299.
11299.
11298.
11298.
11298.
11297.
11296.
11296.
11296.
11295.
11293.
11294.
11293.
11293.
11291.
11291.
11291.
11290.
11288.
11289.
11288.
11286.
11285.
11285.
11284.
11284.
11283.
11282.
11282.
11280.
11279.
11279.
11278.
11277.
11275.
11275.
11274.
11274.
11272.
11271.
11271.
11270.
11268.
11267.
11266.
11264.
11264.
11262.
11262.
11261.
11260.
11257.
11256.
11255.
11254.
11253.
11253.
11251.
11250.
11247.
11247.
11246.
11245.
11243.
11242.
11240.
11239.
11237.
11236.
11235.
11233.
11232.
11231.
11230.
11229.
11227.
11226.
11224.
11222.
11220.
11219.
11217.
11215.
11214.
11213.
11210.
11208.
11207.
11205.
11204.
11203.
11200.
11199.
11196.
11195.
11193.
11191.
11189.
11188.
11185.
11183.
11181.
11179.
11177.
11174.
11173.
11171.
11169.
11167.
11165.
11163.
11161.
11159.
11157.
11155.
11151.
11149.
11148.
11145.
11143.
11140.
11138.
11136.
11132.
11130.
11129.
11126.
11123.
11120.
11118.
11115.
11112.
11110.
11107.
11105.
11102.
11099.
11097.
11094.
11091.
11088.
11085.
11082.
11079.
11076.
11073.
11069.
11066.
11063.
11060.
11058.
11054.
11050.
11047.
11043.
11040.
11037.
11033.
11029.
11026.
11022.
11020.
11016.
11011.
11006.
11003.
10999.
10995.
10992.
10987.
10983.
10979.
10975.
10970.
10966.
10961.
10957.
10952.
10948.
10943.
10938.
10933.
10929.
10924.
10920.
10914.
10909.
10904.
10899.
10893.
10889.
10884.
10879.
10873.
10868.
10863.
10857.
10852.
10846.
10840.
10835.
10829.
10823.
10816.
10811.
10805.
10799.
10793.
10786.
10780.
10774.
10768.
10762.
10755.
10749.
10742.
10735.
10728.
10722.
10715.
10708.
10701.
10695.
10687.
10680.
10673.
10666.
10659.
10652.
10644.
10637.
10629.
10621.
10613.
10606.
10598.
10591.
10583.
10575.
10567.
10559.
10551.
10543.
10535.
10527.
10519.
10510.
10502.
10494.
10485.
10476.
10467.
10459.
10451.
10442.
10433.
10424.
10415.
10405.
10397.
10389.
10379.
10370.
10361.
10352.
10342.
10333.
10323.
10315.
10305.
10296.
10286.
10277.
10266.
10257.
10246.
10238.
10228.
10217.
10207.
10198.
10188.
10178.
10168.
10157.
10147.
10137.
10127.
10116.
10106.
10096.
10086.
10075.
10065.
10054.
10044.
10033.
10022.
10011.
10001.
9990.
9979.
9969.
9958.
9947.
9935.
9924.
9913.
9903.
9892.
9881.
9869.
9858.
9847.
9836.
9824.
9814.
9802.
9791.
9779.
9767.
9756.
9746.
9734.
9722.
9711.
9700.
9688.
9676.
9665.
9652.
9641.
9628.
9617.
9605.
9593.
9582.
9570.
9558.
9546.
9535.
9522.
9510.
9498.
9487.
9474.
9462.
9450.
9438.
9427.
9414.
9402.
9389.
9377.
9365.
9354.
9342.
9329.
9317.
9305.
9292.
9280.
9268.
9255.
9243.
9231.
9219.
9206.
9194.
9182.
9169.
9157.
9145.
9133.
9120.
9107.
9095.
9083.
9071.
9058.
9046.
9034.
9022.
9009.
8997.
8985.
8972.
8960.
8947.
8935.
8923.
8910.
8899.
8887.
8875.
8861.
8850.
8838.
8826.
8814.
8801.
8789.
8778.
8765.
8753.
8741.
8729.
8717.
8705.
8693.
8681.
8670.
8657.
8645.
8634.
8622.
8610.
8598.
8586.
8575.
8563.
8551.
8539.
8528.
8517.
8505.
8493.
8482.
8469.
8458.
8447.
8436.
8424.
8413.
8401.
8391.
8379.
8368.
8356.
8346.
8334.
8323.
8311.
8301.
8289.
8279.
8268.
8257.
8246.
8235.
8225.
8214.
8203.
8193.
8182.
8172.
8161.
8151.
8141.
8131.
8120.
8109.
8100.
8090.
8079.
8069.
8059.
8050.
8040.
8029.
8020.
8010.
7999.
7990.
7981.
7971.
7961.
7951.
7942.
7933.
7924.
7915.
7905.
7896.
7886.
7877.
7868.
7860.
7851.
7842.
7832.
7823.
7815.
7806.
7797.
7788.
7780.
7772.
7762.
7754.
7745.
7738.
7728.
7720.
7712.
7704.
7695.
7687.
7678.
7670.
7662.
7654.
7646.
7638.
7630.
7622.
7614.
7606.
7599.
7591.
7582.
7575.
7568.
7560.
7552.
7544.
7536.
7529.
7522.
7514.
7506.
7499.
7491.
7485.
7477.
7471.
7463.
7457.
7449.
7443.
7435.
7429.
7421.
7415.
7408.
7402.
7394.
7388.
7382.
7376.
7369.
7363.
7356.
7350.
7345.
7339.
7331.
7325.
7320.
7314.
7309.
7302.
7297.
7292.
7286.
7280.
7274.
7269.
7264.
7259.
7253.
7248.
7243.
7237.
7233.
7228.
7223.
7218.
7213.
7208.
7203.
7197.
7193.
7189.
7184.
7180.
7175.
7170.
7165.
7161.
7157.
7152.
7148.
7144.
7140.
7136.
7131.
7127.
7123.
7119.
7115.
7111.
7108.
7104.
7100.
7095.
7093.
7089.
7085.
7081.
7078.
7075.
7072.
7068.
7065.
7061.
7058.
7055.
7053.
7049.
7047.
7044.
7041.
7038.
7035.
7033.
7030.
7027.
7025.
7023.
7020.
7018.
7015.
7013.
7011.
7009.
7007.
7004.
7003.
7001.
6999.
6998.
6996.
6994.
6992.
6991.
6989.
6987.
6987.
6985.
6984.
6983.
6980.
6978.
6977.
6975.
6975.
6973.
6973.
6971.
6970.
6969.
6968.
6967.
6966.
6964.
6964.
6962.
6963.
6961.
6960.
6959.
6959.
6958.
6957.
6956.
6955.
6953.
6953.
6953.
6952.
6952.
6951.
6952.
6951.
6950.
6950.
6950.
6949.
6949.
6949.
6948.
6948.
6948.
6948.
6948.
6948.
6949.
6949.
6948.
6948.
6949.
6948.
6948.
6948.
6948.
6948.
6949.
6949.
6949.
6949.
6949.
6949.
6949.
6950.
6949.
6950.
6949.
6950.
6951.
6949.
6949.
6950.
6951.
6950.
6950.
6950.
6950.
6950.
6950.
6951.
6951.
6950.
6950.
6951.
6952.
6950.
6950.
6951.
6950.
6951.
6951.
6950.
6950.
6950.
6950.
6951.
6951.
6951.
6951.
6951.
6951.
6950.
6950.
6951.
6951.
6950.
6951.
6950.
6951.
6951.
6951.
6952.
6951.
6950.
6951.
6950.
6951.
6950.
6951.
6951.
6951.
6952.
6951.
6951.
6951.
6951.
6951.
6952.
6951.
6952.
6951.
6951.
6952.
6951.
6951.
6953.
6951.
6951.
6951.
6951.
6951.
6951.
6951.
6951.
6951.
6951.
6951.
6951.
6952.
6951.
6951.
6951.
6952.
6951.
6952.
6952.
6951.
6951.
6952.
6953.
6952.
6951.
6951.
6951.
6952.
6952.
6952.
6952.
6951.
6951.
6951.
6951.
6952.
6952.
6951.
6952.
6952.
6952.
6951.
6952.
6952.
6951.
6951.
6952.
6951.
6952.
6952.
6952.
6952.
6951.
6951.
6952.
6952.
6951.
6951.
6952.
6951.
6952.
6951.
6952.
6952.
6952.
6953.
6952.
6952.
6952.
6953.
6952.
6953.
6952.
6951.
6953.
6952.
6952.
6952.
6952.
6952.
6952.
6952.
6952.
6952.
6952.
6952.
6953.
6952.
6952.
6952.
6952.
6953.
6952.
6952.
6953.
6952.
6953.
6952.
6952.
6952.
6952.
6952.
6953.
6952.
6953.
6952.
6951.
6952.
6952.
6952.
6953.
6952.
6952.
6952.
6953.
6952.
6953.
6952.
6952.
6953.
6953.
6953.
6953.
6952.
6952.
6952.
6952.
6952.
6952.
6952.
6954.
6953.
6953.
6952.
6953.
6953.
6953.
6953.
6953.
6953.
6952.
6954.
6954.
6954.
6954.
6954.
6954.
6954.
6954.
6954.
6954.
6954.
6954.
6955.
6955.
6955.
6955.
6955.
6955.
6956.
6955.
6955.
6956.
6955.
6956.
6957.
6957.
6956.
6957.
6957.
6957.
6958.
6958.
6958.
6958.
6959.
6959.
6959.
6959.
6959.
6959.
6960.
6960.
6961.
6960.
6961.
6961.
6962.
6961.
6961.
6962.
6963.
6962.
6962.
6963.
6964.
6963.
6963.
6964.
6964.
6965.
6965.
6966.
6966.
6967.
6967.
6968.
6968.
6968.
6969.
6969.
6970.
6970.
6970.
6971.
6972.
6972.
6973.
6973.
6974.
6975.
6976.
6977.
6977.
6978.
6979.
6980.
6981.
6981.
6983.
6983.
6985.
6985.
6986.
6987.
6988.
6989.
6991.
6992.
6993.
6994.
6995.
6996.
6998.
6999.
7000.
7001.
7002.
7004.
7006.
7007.
7008.
7010.
7012.
7013.
7015.
7017.
7019.
7020.
7022.
7024.
7026.
7028.
7030.
7031.
7033.
7035.
7038.
7040.
7042.
7044.
7047.
7048.
7051.
7054.
7056.
7058.
7060.
7063.
7066.
7068.
7071.
7074.
7076.
7079.
7082.
7086.
7088.
7091.
7094.
7097.
7101.
7104.
7107.
7111.
7115.
7118.
7121.
7125.
7129.
7132.
7136.
7141.
7145.
7148.
7152.
7157.
7162.
7166.
7170.
7175.
7179.
7184.
7189.
7194.
7199.
7204.
7208.
7214.
7219.
7225.
7230.
7236.
7241.
7248.
7253.
7260.
7266.
7272.
7278.
7285.
7291.
7298.
7304.
7309.
7317.
7324.
7331.
7337.
7345.
7352.
7360.
7366.
7374.
7381.
7390.
7397.
7406.
7412.
7421.
7429.
7437.
7445.
7453.
7463.
7470.
7479.
7488.
7497.
7505.
7515.
7523.
7532.
7541.
7551.
7560.
7569.
7578.
7588.
7597.
7607.
7616.
7626.
7636.
7646.
7656.
7666.
7676.
7686.
7697.
7707.
7717.
7728.
7738.
7749.
7759.
7770.
7781.
7792.
7803.
7814.
7825.
7836.
7847.
7859.
7869.
7881.
7892.
7904.
7915.
7926.
7938.
7949.
7960.
7972.
7984.
7997.
8007.
8020.
8031.
8044.
8055.
8067.
8080.
8091.
8104.
8115.
8128.
8141.
8152.
8165.
8178.
8190.
8202.
8214.
8228.
8241.
8252.
8264.
8278.
8291.
8304.
8316.
8329.
8342.
8354.
8367.
8380.
8393.
8406.
8419.
8432.
8444.
8458.
8470.
8484.
8497.
8510.
8523.
8536.
8549.
8562.
8575.
8588.
8601.
8614.
8627.
8641.
8653.
8667.
8679.
8694.
8706.
8720.
8733.
8746.
8760.
8772.
8785.
8798.
8811.
8825.
8838.
8851.
8863.
8877.
8890.
8904.
8916.
8930.
8943.
8956.
8969.
8982.
8995.
9008.
9021.
9034.
9047.
9059.
9073.
9086.
9099.
9112.
9125.
9137.
9150.
9164.
9176.
9189.
9202.
9215.
9228.
9240.
9254.
9267.
9280.
9292.
9305.
9318.
9330.
9342.
9355.
9368.
9381.
9393.
9406.
9419.
9431.
9444.
9457.
9469.
9481.
9494.
9506.
9518.
9531.
9543.
9556.
9568.
9580.
9592.
9605.
9617.
9629.
9641.
9653.
9666.
9677.
9690.
9701.
9714.
9725.
9738.
9749.
9761.
9772.
9785.
9796.
9808.
9819.
9831.
9843.
9855.
9865.
9877.
9888.
9900.
9911.
9923.
9934.
9945.
9956.
9968.
9978.
9990.
10001.
10012.
10022.
10033.
10044.
10054.
10065.
10076.
10086.
10097.
10107.
10117.
10128.
10138.
10148.
10159.
10169.
10178.
10188.
10198.
10208.
10218.
10228.
10238.
10247.
10257.
10266.
10276.
10286.
10294.
10304.
10313.
10322.
10332.
10341.
10349.
10358.
10368.
10376.
10385.
10394.
10403.
10411.
10420.
10428.
10436.
10445.
10453.
10462.
10470.
10478.
10486.
10494.
10501.
10509.
10517.
10525.
10532.
10539.
10548.
10555.
10563.
10570.
10577.
10585.
10592.
10599.
10606.
10613.
10619.
10627.
10635.
10640.
10647.
10654.
10661.
10667.
10674.
10681.
10687.
10694.
10700.
10706.
10712.
10719.
10725.
10731.
10737.
10743.
10749.
10755.
10761.
10766.
10773.
10778.
10784.
10789.
10795.
10800.
10806.
10811.
10817.
10822.
10828.
10833.
10839.
10843.
10849.
10854.
10859.
10864.
10869.
10874.
10878.
10884.
10888.
10893.
10897.
10902.
10907.
10911.
10916.
10920.
10925.
10929.
10933.
10938.
10942.
10946.
10949.
10954.
10959.
10962.
10966.
10971.
10975.
10978.
10982.
10985.
10990.
10992.
10996.
11000.
11004.
11007.
11010.
11014.
11018.
11020.
11023.
11026.
11030.
11032.
11036.
11039.
11042.
11044.
11047.
11050.
11053.
11055.
11057.
11060.
11063.
11065.
11067.
11070.
11073.
11075.
11076.
11079.
11080.
11083.
11084.
11086.
11088.
11090.
11091.
11093.
11095.
11096.
11097.
11099.
11100.
11102.
11103.
11104.
11106.
11107.
11108.
11109.
11110.
11110.
11112.
11112.
11114.
11114.
11115.
11116.
11116.
11116.
11117.
11118.
11118.
11118.
11118.
11118.
11119.
11119.
11119.
11120.
11119.
11118.
11120.
11120.
11119.
11118.
11119.
11119.
11118.
11118.
11118.
11119.
11118.
11118.
11118.
11117.
11118.
11118.
11117.
11117.
11117.
11117.
11117.
11117.
11117.
11117.
11116.
11116.
11116.
11116.
11115.
11116.
11116.
11116.
11115.
11115.
11116.
11116.
11116.
11115.
11116.
11115.
11115.
11116.
11116.
11115.
11114.
11115.
11116.
11115.
11116.
11115.
11115.
11115.
11114.
11115.
11115.
11115.
11115.
11115.
11115.
11115.
11116.
11115.
11114.
11115.
11114.
11115.
11114.
11115.
11115.
11114.
11114.
11115.
11115.
11114.
11114.
11115.
11115.
11114.
11114.
11115.
11114.
11114.
11114.
11115.
11115.
11114.
11114.
11115.
11115.
11115.
11114.
11115.
11115.
11115.
11114.
11114.
11115.
11115.
11115.
11114.
11114.
11114.
11115.
11115.
11114.
11115.
11115.
11114.
11114.
11114.
11114.
11115.
11114.
11115.
11114.
11114.
11115.
11114.
11114.
11115.
11114.
11113.
11114.
11114.
11114.
11115.
11114.
11113.
11114.
11113.
11114.
11114.
11114.
11114.
11114.
11114.
11114.
11114.
11114.
11113.
11114.
11114.
11113.
11114.
11114.
11114.
11114.
11115.
11113.
11113.
11114.
11114.
11114.
11114.
11114.
11114.
11114.
11113.
11114.
11114.
11114.
11114.
11114.
11114.
11113.
11113.
11114.
11114.
11114.
11114.
11114.
11114.
11113.
11113.
11113.
11113.
11113.
11114.
11114.
11113.
11114.
11114.
11114.
11114.
11113.
11113.
11113.
11114.
11114.
11113.
11114.
11113.
11113.
11114.
11114.
11113.
11114.
11113.
11113.
11114.
11113.
11113.
11113.
11114.
11114.
11113.
11113.
11113.
11114.
11114.
11114.
11113.
11113.
11113.
11114.
11113.
11113.
11114.
11114.
11113.
11113.
11113.
11113.
11113.
11113.
11113.
11113.
11114.
11114.
11113.
11113.
11113.
11113.
11114.
11113.
11114.
11114.
11113.
11113.
11113.
11113.
11113.
11113.
11113.
11113.
11112.
11113.
11113.
11113.
11114.
11113.
11114.
11113.
11113.
11113.
11113.
11113.
11113.
11113.
11112.
11113.
11114.
11112.
11112.
11113.
11112.
11113.
11114.
11113.
11113.
11113.
11113.
11113.
11113.
11113.
11113.
11113.
11112.
11113.
11113.
11112.
11113.
11113.
11113.
11113.
11112.
11112.
11112.
11112.
11112.
11112.
11111.
11111.
11111.
11111.
11111.
11110.
11110.
11110.
11110.
11109.
11109.
11109.
11109.
11109.
11109.
11108.
11107.
11107.
11106.
11105.
11105.
11104.
11104.
11104.
11103.
11102.
11101.
11101.
11100.
11100.
11097.
11097.
11096.
11095.
11094.
11093.
11092.
11092.
11090.
11090.
11088.
11087.
11086.
11085.
11084.
11082.
11080.
11080.
11078.
11077.
11075.
11074.
11072.
11071.
11069.
11068.
11066.
11064.
11062.
11061.
11059.
11056.
11054.
11052.
11050.
11048.
11046.
11043.
11042.
11039.
11037.
11034.
11032.
11030.
11027.
11024.
11021.
11019.
11016.
11014.
11011.
11009.
11005.
11002.
10998.
10996.
10993.
10990.
10986.
10983.
10980.
10976.
10973.
10969.
10966.
10961.
10958.
10955.
10950.
10947.
10943.
10939.
10935.
10930.
10926.
10922.
10918.
10913.
10909.
10905.
10901.
10896.
10892.
10887.
10883.
10878.
10873.
10869.
10864.
10859.
10854.
10849.
10844.
10839.
10834.
10829.
10823.
10819.
10813.
10808.
10802.
10797.
10792.
10786.
10780.
10775.
10768.
10763.
10757.
10751.
10745.
10739.
10733.
10727.
10721.
10715.
10709.
10702.
10696.
10689.
10682.
10675.
10669.
10663.
10656.
10648.
10641.
10635.
10629.
10621.
10614.
10607.
10600.
10592.
10585.
10578.
10570.
10562.
10555.
10547.
10539.
10531.
10524.
10516.
10508.
10500.
10492.
10483.
10476.
10468.
10459.
10451.
10443.
10434.
10425.
10417.
10408.
10399.
10390.
10381.
10374.
10364.
10355.
10346.
10337.
10327.
10319.
10310.
10301.
10291.
10283.
10273.
10263.
10253.
10244.
10234.
10224.
10214.
10205.
10195.
10185.
10175.
10165.
10155.
10145.
10135.
10125.
10114.
10104.
10094.
10083.
10073.
10062.
10052.
10040.
10030.
10020.
10009.
9998.
9987.
9977.
9965.
9954.
9943.
9933.
9922.
9910.
9898.
9887.
9876.
9865.
9853.
9843.
9831.
9820.
9808.
9797.
9785.
9774.
9762.
9750.
9738.
9727.
9715.
9703.
9692.
9680.
9668.
9656.
9644.
9632.
9620.
9608.
9596.
9583.
9571.
9559.
9547.
9535.
9523.
9510.
9498.
9486.
9474.
9462.
9449.
9438.
9425.
9413.
9400.
9388.
9375.
9363.
9350.
9337.
9325.
9313.
9300.
9288.
9274.
9262.
9250.
9238.
9225.
9212.
9199.
9187.
9174.
9161.
9149.
9137.
9124.
9111.
9098.
9085.
9072.
9060.
9047.
9035.
9022.
9009.
8997.
8984.
8971.
8959.
8946.
8934.
8921.
8909.
8896.
8883.
8871.
8858.
8846.
8833.
8821.
8808.
8796.
8784.
8772.
8759.
8747.
8734.
8723.
8710.
8698.
8685.
8673.
8661.
8648.
8637.
8625.
8613.
8601.
8588.
8577.
8564.
8553.
8541.
8530.
8517.
8505.
8494.
8482.
8471.
8459.
8448.
8437.
8425.
8413.
8402.
8390.
8379.
8368.
8356.
8345.
8334.
8323.
8312.
8301.
8290.
8279.
8268.
8258.
8247.
8236.
8225.
8214.
8204.
8193.
8182.
8172.
8161.
8151.
8140.
8131.
8119.
8109.
8100.
8089.
8079.
8069.
8059.
8049.
8039.
8028.
8019.
8009.
7999.
7989.
7980.
7970.
7961.
7950.
7941.
7932.
7923.
7914.
7904.
7894.
7885.
7877.
7867.
7857.
7849.
7840.
7831.
7823.
7814.
7805.
7795.
7787.
7778.
7770.
7761.
7752.
7744.
7736.
7727.
7719.
7711.
7703.
7695.
7686.
7677.
7669.
7663.
7654.
7646.
7639.
7630.
7622.
7615.
7607.
7599.
7591.
7583.
7576.
7567.
7560.
7553.
7545.
7538.
7530.
7522.
7515.
7507.
7500.
7493.
7486.
7479.
7471.
7464.
7457.
7450.
7443.
7436.
7429.
7421.
7415.
7407.
7400.
7393.
7387.
7379.
7373.
7365.
7359.
7352.
7345.
7338.
7331.
7324.
7319.
7311.
7305.
7298.
7292.
7285.
7278.
7270.
7264.
7258.
7252.
7244.
7238.
7232.
7225.
7219.
7212.
7206.
7200.
7193.
7187.
7181.
7175.
7169.
7163.
7157.
7151.
7145.
7139.
7134.
7128.
7122.
7117.
7111.
7106.
7099.
7095.
7089.
7084.
7078.
7073.
7067.
7063.
7057.
7053.
7047.
7042.
7037.
7032.
7028.
7024.
7018.
7014.
7009.
7005.
7000.
6996.
6991.
6987.
6984.
6980.
6976.
6972.
6968.
6965.
6961.
6958.
6954.
6950.
6947.
6944.
6941.
6937.
6934.
6930.
6927.
6924.
6922.
6919.
6915.
6912.
6910.
6907.
6904.
6902.
6899.
6897.
6894.
6893.
6890.
6887.
6885.
6883.
6881.
6879.
6878.
6875.
6874.
6872.
6870.
6868.
6867.
6866.
6864.
6862.
6861.
6859.
6859.
6858.
6857.
6856.
6855.
6853.
6853.
6853.
6853.
6851.
6850.
6851.
6850.
6849.
6849.
6849.
6849.
6848.
6848.
6848.
6849.
6848.
6848.
6848.
6848.
6848.
6848.
6848.
6848.
6849.
6849.
6849.
6849.
6850.
6850.
6849.
6849.
6849.
6850.
6849.
6849.
6849.
6850.
6849.
6850.
6849.
6850.
6851.
6850.
6849.
6850.
6850.
6849.
6850.
6850.
6849.
6850.
6849.
6850.
6850.
6850.
6849.
6851.
6851.
6849.
6849.
6850.
6850.
6850.
6851.
6850.
6850.
6850.
6850.
6851.
6852.
6850.
6850.
6850.
6850.
6850.
6850.
6851.
6850.
6851.
6851.
6850.
6850.
6851.
6850.
6851.
6851.
6851.
6851.
6850.
6851.
6851.
6850.
6851.
6851.
6850.
6851.
6851.
6851.
6850.
6851.
6850.
6851.
6850.
6851.
6851.
6851.
6851.
6851.
6851.
6851.
6851.
6851.
6851.
6852.
6852.
6850.
6851.
6852.
6851.
6851.
6851.
6851.
6851.
6851.
6852.
6851.
6851.
6850.
6851.
6852.
6851.
6851.
6851.
6852.
6851.
6851.
6851.
6851.
6851.
6851.
6852.
6852.
6852.
6851.
6851.
6852.
6851.
6851.
6851.
6851.
6851.
6852.
6852.
6851.
6851.
6851.
6852.
6852.
6851.
6852.
6852.
6851.
6852.
6852.
6851.
6852.
6851.
6851.
6852.
6852.
6851.
6851.
6851.
6851.
6852.
6852.
6851.
6852.
6851.
6851.
6851.
6852.
6851.
6852.
6851.
6851.
6851.
6851.
6852.
6851.
6851.
6851.
6852.
6853.
6852.
6852.
6852.
6852.
6852.
6852.
6851.
6851.
6851.
6851.
6852.
6852.
6852.
6852.
6852.
6853.
6852.
6852.
6851.
6852.
6852.
6852.
6852.
6852.
6852.
6852.
6852.
6852.
6851.
6852.
6851.
6852.
6851.
6852.
6852.
6852.
6852.
6852.
6853.
6852.
6851.
6852.
6851.
6852.
6852.
6852.
6851.
6853.
6852.
6852.
6853.
6852.
6852.
6852.
6852.
6852.
6852.
6852.
6852.
6852.
6853.
6852.
6852.
6853.
6853.
6852.
6852.
6853.
6853.
6853.
6853.
6854.
6853.
6853.
6853.
6854.
6854.
6853.
6854.
6854.
6854.
6854.
6854.
6855.
6855.
6855.
6856.
6855.
6856.
6856.
6856.
6855.
6856.
6856.
6857.
6857.
6857.
6857.
6857.
6857.
6858.
6858.
6858.
6858.
6858.
6858.
6858.
6860.
6859.
6858.
6859.
6860.
6860.
6860.
6860.
6860.
6860.
6860.
6861.
6861.
6861.
6861.
6862.
6863.
6862.
6863.
6863.
6863.
6864.
6864.
6865.
6865.
6865.
6866.
6866.
6867.
6868.
6868.
6869.
6869.
6869.
6870.
6871.
6871.
6872.
6873.
6874.
6874.
6876.
6876.
6878.
6879.
6879.
6880.
6881.
6882.
6883.
6884.
6885.
6887.
6888.
6889.
6890.
6892.
6893.
6895.
6895.
6897.
6898.
6900.
6902.
6904.
6905.
6907.
6908.
6911.
6911.
6913.
6916.
6918.
6919.
6921.
6924.
6925.
6928.
6930.
6932.
6935.
6936.
6939.
6941.
6943.
6946.
6948.
6951.
6953.
6956.
6959.
6962.
6965.
6968.
6970.
6974.
6976.
6979.
6982.
6986.
6989.
6992.
6995.
6999.
7002.
7006.
7009.
7013.
7017.
7020.
7023.
7028.
7032.
7036.
7040.
7044.
7049.
7052.
7057.
7061.
7066.
7070.
7074.
7079.
7084.
7088.
7093.
7098.
7103.
7108.
7113.
7119.
7124.
7129.
7134.
7140.
7145.
7151.
7157.
7162.
7169.
7175.
7181.
7187.
7193.
7200.
7206.
7212.
7219.
7226.
7233.
7238.
7246.
7253.
7260.
7266.
7275.
7281.
7288.
7295.
7304.
7310.
7319.
7326.
7334.
7342.
7350.
7357.
7366.
7374.
7382.
7391.
7399.
7408.
7416.
7425.
7433.
7442.
7451.
7460.
7469.
7478.
7486.
7496.
7505.
7515.
7524.
7533.
7543.
7552.
7562.
7572.
7582.
7591.
7601.
7611.
7622.
7632.
7642.
7652.
7662.
7673.
7684.
7694.
7704.
7715.
7727.
7737.
7747.
7758.
7769.
7781.
7792.
7803.
7814.
7825.
7836.
7849.
7860.
7871.
7883.
7895.
7906.
7917.
7929.
7941.
7953.
7965.
7976.
7988.
8000.
8012.
8025.
8038.
8050.
8062.
8074.
8086.
8098.
8110.
8123.
8136.
8148.
8160.
8174.
8186.
8198.
8210.
8224.
8237.
8249.
8261.
8275.
8288.
8300.
8313.
8327.
8339.
8352.
8364.
8378.
8390.
8405.
8417.
8431.
8443.
8457.
8470.
8483.
8496.
8510.
8522.
8536.
8549.
8562.
8575.
8588.
8602.
8615.
8627.
8641.
8654.
8668.
8681.
8695.
8707.
8721.
8734.
8747.
8760.
8774.
8787.
8800.
8814.
8827.
8840.
8853.
8866.
8880.
8893.
8907.
8920.
8932.
8945.
8959.
8972.
8985.
8998.
9011.
9024.
9037.
9050.
9063.
9077.
9089.
9102.
9115.
9128.
9141.
9154.
9167.
9180.
9194.
9206.
9218.
9231.
9245.
9258.
9270.
9283.
9296.
9308.
9320.
9333.
9346.
9359.
9371.
9384.
9397.
9409.
9421.
9434.
9446.
9459.
9471.
9483.
9495.
9508.
9521.
9533.
9546.
9557.
9570.
9582.
9593.
9607.
9619.
9631.
9643.
9654.
9667.
9678.
9691.
9702.
9714.
9726.
9738.
9750.
9762.
9773.
9786.
9796.
9808.
9819.
9831.
9843.
9855.
9866.
9877.
9888.
9900.
9911.
9923.
9933.
9945.
9956.
9967.
9978.
9990.
10001.
10012.
10023.
10033.
10045.
10055.
10066.
10077.
10088.
10099.
10109.
10120.
10131.
10141.
10152.
10162.
10172.
10183.
10193.
10203.
10213.
10225.
10235.
10244.
10255.
10264.
10274.
10285.
10295.
10305.
10315.
10324.
10334.
10343.
10353.
10363.
10373.
10382.
10391.
10401.
10410.
10420.
10430.
10439.
10448.
10457.
10466.
10476.
10484.
10494.
10502.
10512.
10521.
10530.
10538.
10547.
10556.
10564.
10573.
10581.
10590.
10598.
10606.
10615.
10623.
10632.
10640.
10648.
10656.
10663.
10672.
10679.
10688.
10695.
10702.
10711.
10718.
10726.
10733.
10740.
10748.
10755.
10762.
10769.
10777.
10783.
10791.
10797.
10805.
10811.
10818.
10825.
10831.
10837.
10844.
10850.
10857.
10863.
10869.
10875.
10881.
10887.
10893.
10899.
10905.
10911.
10916.
10922.
10928.
10933.
10939.
10945.
10949.
10955.
10960.
10965.
10969.
10976.
10980.
10985.
10990.
10995.
10999.
11004.
11008.
11013.
11018.
11021.
11025.
11031.
11034.
11038.
11043.
11047.
11050.
11054.
11059.
11063.
11066.
11070.
11074.
11078.
11081.
11084.
11087.
11091.
11094.
11098.
11101.
11105.
11108.
11110.
11113.
11117.
11119.
11122.
11124.
11128.
11130.
11133.
11135.
11138.
11140.
11143.
11145.
11147.
11148.
11151.
11154.
11155.
11157.
11159.
11161.
11163.
11165.
11166.
11168.
11169.
11171.
11173.
11175.
11176.
11178.
11178.
11180.
11182.
11183.
11184.
11185.
11186.
11188.
11189.
11190.
11191.
11192.
11193.
11194.
11195.
11195.
11196.
11197.
11198.
11198.
11200.
11199.
11200.
11201.
11201.
11202.
11202.
11203.
11203.
11203.
11203.
11203.
11203.
11203.
11204.
11203.
11204.
11204.
11203.
11204.
11203.
11202.
11203.
11203.
11203.
11203.
11203.
11202.
11203.
11203.
11202.
11202.
11202.
11202.
11202.
11201.
11202.
11202.
11202.
11202.
11202.
11202.
11201.
11201.
11202.
11201.
11201.
11201.
11201.
11201.
11201.
11201.
11201.
11201.
11200.
11201.
11201.
11201.
11201.
11201.
11200.
11201.
11202.
11201.
11201.
11201.
11201.
11201.
11201.
11201.
11201.
11201.
11201.
11201.
11201.
11201.
11201.
11201.
11200.
11201.
11200.
11201.
11201.
11200.
11200.
11201.
11201.
11201.
11201.
11201.
11201.
11201.
11201.
11200.
11200.
11200.
11200.
11201.
11201.
11201.
11200.
11201.
11201.
11201.
11201.
11200.
11200.
11201.
11201.
11201.
11200.
11201.
11201.
11200.
11200.
11200.
11200.
11200.
11200.
11199.
11200.
11200.
11200.
11200.
11200.
11200.
11200.
11200.
11200.
11200.
11200.
11199.
11200.
11200.
11200.
11200.
11200.
11199.
11200.
11199.
11200.
11199.
11200.
11200.
11200.
11200.
11200.
11200.
11200.
11200.
11199.
11199.
11199.
11200.
11199.
11199.
11200.
11199.
11199.
11200.
11200.
11200.
11200.
11200.
11200.
11200.
11199.
11200.
11200.
11200.
11200.
11200.
11199.
11200.
11199.
11200.
11199.
11199.
11200.
11200.
11200.
11199.
11198.
11200.
11199.
11199.
11200.
11200.
11199.
11200.
11199.
11200.
11199.
11199.
11199.
11199.
11200.
11200.
11199.
11199.
11199.
11199.
11199.
11199.
11200.
11199.
11199.
11199.
11200.
11199.
11200.
11199.
11199.
11199.
11199.
11199.
11199.
11199.
11199.
11199.
11199.
11199.
11199.
11199.
11199.
11199.
11199.
11199.
11199.
11199.
11199.
11199.
11199.
11199.
11199.
11199.
11199.
11199.
11199.
11199.
11199.
11199.
11199.
11199.
11199.
11199.
11199.
11198.
11199.
11199.
11199.
11199.
11199.
11198.
11199.
11199.
11199.
11198.
11199.
11199.
11199.
11199.
11199.
11199.
11199.
11199.
11199.
11199.
11199.
11199.
11198.
11199.
11199.
11199.
11197.
11198.
11198.
11198.
11197.
11197.
11197.
11197.
11197.
11196.
11196.
11196.
11196.
11196.
11195.
11194.
11194.
11194.
11194.
11194.
11192.
11192.
11192.
11191.
11191.
11191.
11189.
11189.
11189.
11188.
11187.
11186.
11185.
11185.
11185.
11183.
11182.
11182.
11182.
11180.
11179.
11178.
11178.
11177.
11175.
11174.
11173.
11172.
11171.
11169.
11168.
11167.
11166.
11164.
11162.
11161.
11161.
11159.
11157.
11155.
11155.
11154.
11151.
11149.
11148.
11146.
11144.
11141.
11141.
11138.
11136.
11135.
11133.
11131.
11128.
11126.
11124.
11122.
11120.
11117.
11115.
11113.
11110.
11107.
11105.
11102.
11100.
11097.
11094.
11091.
11089.
11085.
11082.
11080.
11077.
11074.
11071.
11067.
11065.
11062.
11058.
11055.
11051.
11047.
11044.
11040.
11037.
11032.
11029.
11026.
11021.
11018.
11014.
11010.
11006.
11001.
10997.
10993.
10989.
10984.
10980.
10977.
10971.
10967.
10962.
10958.
10953.
10948.
10943.
10939.
10933.
10929.
10923.
10919.
10913.
10908.
10902.
10897.
10892.
10886.
10881.
10875.
10870.
10864.
10857.
10851.
10845.
10840.
10833.
10827.
10820.
10815.
10808.
10802.
10795.
10788.
10782.
10775.
10768.
10761.
10754.
10747.
10740.
10733.
10725.
10718.
10711.
10703.
10695.
10688.
10680.
10672.
10664.
10657.
10649.
10640.
10633.
10624.
10615.
10607.
10599.
10590.
10582.
10573.
10564.
10555.
10547.
10538.
10529.
10520.
10512.
10502.
10493.
10483.
10475.
10465.
10456.
10446.
10437.
10427.
10418.
10407.
10398.
10388.
10377.
10368.
10359.
10348.
10337.
10327.
10317.
10307.
10295.
10286.
10275.
10264.
10255.
10243.
10232.
10222.
10211.
10200.
10190.
10178.
10167.
10156.
10145.
10134.
10123.
10111.
10101.
10088.
10077.
10065.
10054.
10043.
10031.
10019.
10008.
9995.
9984.
9971.
9960.
9948.
9936.
9924.
9911.
9900.
9887.
9875.
9863.
9850.
9837.
9826.
9814.
9801.
9788.
9776.
9764.
9751.
9739.
9725.
9712.
9699.
9687.
9673.
9661.
9648.
9636.
9622.
9610.
9596.
9583.
9570.
9557.
9543.
9530.
9518.
9505.
9491.
9478.
9465.
9452.
9438.
9425.
9411.
9398.
9384.
9370.
9356.
9344.
9330.
9317.
9303.
9289.
9276.
9261.
9249.
9235.
9222.
9208.
9195.
9181.
9168.
9154.
9141.
9126.
9113.
9098.
9085.
9071.
9057.
9044.
9030.
9016.
9003.
8989.
8976.
8962.
8949.
8935.
8922.
8908.
8894.
8880.
8867.
8854.
8840.
8826.
8814.
8800.
8786.
8773.
8760.
8746.
8733.
8720.
8706.
8693.
8679.
8666.
8652.
8639.
8626.
8613.
8600.
8587.
8573.
8561.
8547.
8534.
8521.
8508.
8495.
8483.
8469.
8456.
8442.
8430.
8417.
8404.
8392.
8379.
8366.
8353.
8341.
8329.
8316.
8304.
8291.
8278.
8266.
8253.
8242.
8229.
8216.
8204.
8192.
8180.
8168.
8155.
8143.
8131.
8120.
8107.
8096.
8084.
8073.
8060.
8048.
8036.
8024.
8013.
8000.
7989.
7977.
7966.
7954.
7942.
7931.
7920.
7908.
7897.
7884.
7873.
7862.
7851.
7840.
7829.
7818.
7807.
7796.
7785.
7773.
7763.
7753.
7742.
7730.
7720.
7710.
7699.
7688.
7677.
7668.
7657.
7647.
7637.
7626.
7616.
7606.
7596.
7586.
7576.
7567.
7557.
7548.
7537.
7527.
7518.
7508.
7499.
7489.
7481.
7471.
7462.
7452.
7444.
7434.
7425.
7416.
7409.
7399.
7391.
7382.
7374.
7365.
7356.
7348.
7340.
7331.
7322.
7315.
7307.
7299.
7291.
7283.
7275.
7266.
7259.
7251.
7243.
7236.
7228.
7221.
7213.
7205.
7198.
7191.
7183.
7176.
7169.
7162.
7154.
7147.
7140.
7132.
7125.
7118.
7111.
7104.
7098.
7091.
7085.
7078.
7072.
7064.
7058.
7052.
7046.
7039.
7032.
7027.
7021.
7015.
7009.
7004.
6998.
6992.
6986.
6981.
6975.
6969.
6963.
6958.
6952.
6948.
6941.
6937.
6932.
6926.
6921.
6915.
6910.
6905.
6900.
6894.
6890.
6885.
6881.
6875.
6870.
6865.
6861.
6856.
6853.
6847.
6842.
6838.
6834.
6829.
6825.
6821.
6817.
6813.
6808.
6806.
6801.
6798.
6795.
6791.
6787.
6783.
6779.
6777.
6773.
6770.
6766.
6764.
6760.
6757.
6754.
6751.
6747.
6745.
6741.
6738.
6736.
6734.
6730.
6728.
6725.
6722.
6719.
6717.
6714.
6711.
6710.
6707.
6704.
6702.
6700.
6698.
6696.
6693.
6692.
6689.
6687.
6684.
6683.
6681.
6679.
6677.
6676.
6674.
6672.
6670.
6668.
6667.
6665.
6664.
6662.
6661.
6660.
6659.
6657.
6656.
6654.
6654.
6653.
6651.
6650.
6649.
6648.
6647.
6647.
6647.
6645.
6645.
6644.
6643.
6641.
6641.
6641.
6641.
6639.
6638.
6639.
6639.
6637.
6637.
6637.
6637.
6636.
6636.
6636.
6636.
6635.
6635.
6635.
6635.
6635.
6635.
6635.
6635.
6635.
6635.
6635.
6635.
6636.
6636.
6636.
6635.
6635.
6636.
6635.
6636.
6636.
6635.
6635.
6636.
6636.
6636.
6636.
6636.
6636.
6636.
6637.
6636.
6636.
6636.
6637.
6636.
6636.
6636.
6636.
6636.
6636.
6636.
6636.
6636.
6636.
6636.
6637.
6636.
6636.
6636.
6636.
6636.
6636.
6636.
6636.
6636.
6636.
6637.
6637.
6636.
6636.
6637.
6637.
6636.
6636.
6637.
6637.
6636.
6637.
6636.
6636.
6636.
6636.
6636.
6637.
6636.
6636.
6637.
6637.
6636.
6637.
6636.
6637.
6637.
6637.
6637.
6637.
6637.
6637.
6637.
6638.
6639.
6637.
6638.
6638.
6639.
6638.
6638.
6639.
6638.
6640.
6640.
6640.
6640.
6640.
6640.
6641.
6641.
6641.
6642.
6641.
6641.
6641.
6641.
6642.
6642.
6641.
6642.
6642.
6642.
6642.
6643.
6643.
6642.
6643.
6644.
6643.
6643.
6643.
6643.
6643.
6643.
6643.
6644.
6644.
6644.
6644.
6644.
6645.
6644.
6643.
6645.
6644.
6645.
6645.
6645.
6646.
6645.
6646.
6645.
6645.
6646.
6647.
6646.
6646.
6646.
6647.
6647.
6647.
6647.
6647.
6648.
6648.
6648.
6649.
6649.
6649.
6649.
6649.
6650.
6650.
6650.
6650.
6651.
6651.
6651.
6651.
6652.
6652.
6653.
6653.
6654.
6655.
6655.
6655.
6656.
6656.
6657.
6657.
6658.
6658.
6658.
6659.
6659.
6660.
6662.
6662.
6662.
6662.
6663.
6664.
6664.
6665.
6666.
6667.
6667.
6668.
6669.
6670.
6670.
6671.
6671.
6673.
6672.
6674.
6675.
6676.
6677.
6678.
6678.
6680.
6680.
6681.
6682.
6684.
6684.
6686.
6686.
6688.
6689.
6691.
6691.
6693.
6693.
6695.
6696.
6698.
6699.
6701.
6702.
6704.
6705.
6707.
6708.
6710.
6711.
6713.
6714.
6716.
6719.
6721.
6722.
6724.
6727.
6727.
6729.
6731.
6734.
6736.
6737.
6739.
6741.
6744.
6746.
6748.
6750.
6753.
6755.
6758.
6760.
6763.
6765.
6767.
6770.
6773.
6775.
6778.
6781.
6784.
6786.
6789.
6792.
6795.
6797.
6801.
6804.
6808.
6810.
6814.
6817.
6821.
6824.
6828.
6831.
6835.
6838.
6842.
6846.
6850.
6853.
6856.
6861.
6865.
6868.
6873.
6878.
6882.
6886.
6890.
6895.
6900.
6904.
6908.
6914.
6919.
6923.
6929.
6935.
6939.
6944.
6950.
6956.
6960.
6966.
6972.
6977.
6983.
6989.
6995.
7001.
7008.
7014.
7020.
7027.
7033.
7040.
7047.
7053.
7060.
7067.
7075.
7081.
7088.
7095.
7102.
7110.
7118.
7124.
7131.
7140.
7147.
7154.
7162.
7171.
7178.
7186.
7194.
7202.
7210.
7219.
7227.
7235.
7244.
7252.
7261.
7269.
7279.
7288.
7297.
7305.
7315.
7324.
7333.
7342.
7352.
7362.
7371.
7380.
7390.