10643.
10643.
10643.
10644.
10642.
10642.
10643.
10643.
10642.
10642.
10642.
10643.
10642.
10643.
10642.
10643.
10643.
10643.
10643.
10643.
10643.
10643.
10642.
10643.
10643.
10643.
10642.
10643.
10643.
10642.
10643.
10642.
10643.
10643.
10644.
10643.
10643.
10643.
10644.
10643.
10642.
10643.
10642.
10643.
10642.
10643.
10643.
10643.
10643.
10643.
10642.
10643.
10643.
10643.
10642.
10643.
10644.
10643.
10642.
10643.
10643.
10642.
10643.
10643.
10643.
10643.
10643.
10643.
10643.
10643.
10643.
10643.
10643.
10643.
10643.
10643.
10643.
10642.
10643.
10643.
10643.
10642.
10642.
10643.
10643.
10642.
10643.
10642.
10643.
10643.
10643.
10643.
10643.
10642.
10643.
10643.
10642.
10642.
10643.
10644.
10642.
10643.
10643.
10643.
10643.
10643.
10643.
10642.
10643.
10643.
10643.
10643.
10643.
10643.
10643.
10644.
10643.
10643.
10643.
10643.
10643.
10643.
10643.
10644.
10643.
10642.
10643.
10643.
10643.
10643.
10643.
10643.
10643.
10643.
10642.
10643.
10642.
10643.
10643.
10643.
10643.
10643.
10643.
10643.
10643.
10643.
10643.
10643.
10643.
10643.
10643.
10643.
10642.
10643.
10644.
10643.
10643.
10643.
10643.
10643.
10642.
10643.
10643.
10643.
10643.
10643.
10642.
10643.
10643.
10642.
10643.
10643.
10643.
10643.
10643.
10643.
10642.
10643.
10642.
10643.
10643.
10643.
10643.
10643.
10643.
10643.
10642.
10643.
10643.
10643.
10643.
10643.
10643.
10643.
10644.
10643.
10643.
10643.
10643.
10643.
10643.
10643.
10643.
10643.
10642.
10643.
10643.
10643.
10643.
10643.
10643.
10643.
10642.
10643.
10643.
10643.
10643.
10643.
10643.
10643.
10642.
10642.
10643.
10644.
10643.
10643.
10643.
10642.
10643.
10643.
10643.
10642.
10643.
10643.
10643.
10644.
10643.
10643.
10643.
10643.
10643.
10643.
10643.
10644.
10643.
10642.
10643.
10644.
10643.
10642.
10643.
10643.
10643.
10643.
10642.
10642.
10643.
10643.
10643.
10643.
10642.
10642.
10643.
10643.
10643.
10643.
10642.
10642.
10643.
10643.
10643.
10643.
10642.
10642.
10643.
10643.
10643.
10643.
10642.
10643.
10643.
10643.
10643.
10643.
10643.
10643.
10643.
10643.
10643.
10643.
10643.
10643.
10644.
10643.
10643.
10643.
10643.
10643.
10643.
10643.
10643.
10643.
10643.
10643.
10643.
10643.
10642.
10643.
10642.
10644.
10643.
10643.
10642.
10643.
10642.
10643.
10643.
10643.
10643.
10643.
10643.
10643.
10643.
10643.
10643.
10643.
10643.
10643.
10643.
10642.
10642.
10643.
10643.
10642.
10642.
10642.
10642.
10643.
10643.
10642.
10642.
10642.
10642.
10642.
10642.
10642.
10642.
10642.
10641.
10641.
10641.
10640.
10641.
10641.
10640.
10641.
10640.
10639.
10639.
10639.
10639.
10639.
10639.
10639.
10638.
10638.
10638.
10638.
10637.
10636.
10636.
10637.
10635.
10635.
10635.
10636.
10634.
10633.
10633.
10634.
10632.
10632.
10632.
10631.
10631.
10631.
10629.
10629.
10630.
10630.
10629.
10629.
10627.
10627.
10627.
10627.
10626.
10626.
10625.
10625.
10623.
10624.
10623.
10622.
10622.
10621.
10622.
10621.
10620.
10619.
10619.
10619.
10618.
10618.
10617.
10616.
10615.
10616.
10616.
10615.
10614.
10614.
10614.
10613.
10613.
10612.
10612.
10612.
10611.
10611.
10611.
10610.
10611.
10609.
10609.
10609.
10609.
10609.
10608.
10607.
10607.
10607.
10606.
10606.
10606.
10606.
10606.
10604.
10604.
10604.
10604.
10603.
10603.
10603.
10604.
10603.
10602.
10602.
10602.
10602.
10601.
10602.
10601.
10600.
10601.
10600.
10600.
10600.
10600.
10600.
10600.
10598.
10599.
10599.
10598.
10598.
10598.
10599.
10598.
10597.
10597.
10598.
10597.
10596.
10596.
10597.
10596.
10596.
10595.
10595.
10595.
10595.
10594.
10595.
10594.
10595.
10593.
10593.
10593.
10593.
10592.
10591.
10591.
10591.
10591.
10591.
10590.
10590.
10589.
10589.
10589.
10589.
10588.
10588.
10588.
10588.
10587.
10587.
10586.
10587.
10585.
10585.
10585.
10584.
10584.
10584.
10583.
10582.
10583.
10582.
10581.
10581.
10580.
10580.
10580.
10580.
10579.
10578.
10578.
10578.
10578.
10577.
10576.
10576.
10575.
10575.
10575.
10574.
10574.
10573.
10573.
10572.
10571.
10571.
10571.
10570.
10570.
10569.
10570.
10568.
10567.
10567.
10567.
10566.
10566.
10565.
10565.
10564.
10564.
10562.
10562.
10562.
10562.
10561.
10562.
10559.
10559.
10559.
10559.
10557.
10557.
10556.
10556.
10556.
10556.
10554.
10554.
10554.
10553.
10552.
10552.
10551.
10551.
10550.
10550.
10549.
10549.
10548.
10548.
10547.
10547.
10547.
10546.
10545.
10544.
10544.
10543.
10543.
10542.
10543.
10541.
10541.
10540.
10539.
10539.
10539.
10538.
10537.
10537.
10537.
10535.
10536.
10534.
10534.
10533.
10533.
10533.
10533.
10531.
10530.
10530.
10530.
10529.
10528.
10528.
10528.
10527.
10527.
10526.
10526.
10525.
10524.
10524.
10524.
10523.
10523.
10521.
10521.
10521.
10521.
10521.
10520.
10518.
10518.
10518.
10517.
10517.
10516.
10516.
10515.
10514.
10514.
10514.
10514.
10512.
10512.
10512.
10511.
10510.
10510.
10509.
10509.
10509.
10509.
10508.
10508.
10507.
10506.
10505.
10505.
10505.
10504.
10503.
10504.
10503.
10502.
10502.
10501.
10501.
10500.
10500.
10500.
10499.
10499.
10499.
10498.
10498.
10496.
10496.
10496.
10495.
10495.
10496.
10495.
10494.
10493.
10493.
10492.
10492.
10491.
10491.
10490.
10490.
10489.
10489.
10489.
10489.
10487.
10487.
10486.
10486.
10486.
10486.
10484.
10483.
10484.
10483.
10482.
10482.
10482.
10481.
10480.
10480.
10479.
10479.
10478.
10477.
10477.
10476.
10476.
10475.
10475.
10474.
10474.
10473.
10474.
10473.
10472.
10470.
10471.
10469.
10469.
10469.
10469.
10467.
10466.
10466.
10466.
10464.
10464.
10463.
10464.
10462.
10462.
10461.
10461.
10460.
10461.
10459.
10459.
10458.
10457.
10457.
10456.
10455.
10454.
10454.
10453.
10453.
10453.
10451.
10451.
10449.
10449.
10449.
10447.
10447.
10447.
10446.
10445.
10445.
10444.
10444.
10443.
10442.
10441.
10440.
10439.
10439.
10438.
10438.
10437.
10437.
10435.
10435.
10434.
10434.
10433.
10432.
10431.
10431.
10430.
10429.
10428.
10428.
10427.
10426.
10425.
10425.
10424.
10424.
10422.
10422.
10421.
10422.
10420.
10420.
10418.
10418.
10417.
10416.
10415.
10414.
10414.
10414.
10412.
10412.
10412.
10410.
10410.
10409.
10408.
10408.
10407.
10406.
10405.
10405.
10404.
10404.
10403.
10403.
10402.
10401.
10401.
10400.
10400.
10399.
10398.
10397.
10397.
10396.
10395.
10395.
10395.
10393.
10392.
10392.
10391.
10390.
10390.
10389.
10389.
10388.
10387.
10387.
10387.
10386.
10386.
10384.
10384.
10383.
10383.
10382.
10382.
10380.
10380.
10380.
10380.
10379.
10378.
10377.
10377.
10375.
10375.
10375.
10374.
10373.
10373.
10372.
10372.
10372.
10371.
10370.
10371.
10369.
10369.
10368.
10367.
10366.
10366.
10366.
10365.
10364.
10364.
10363.
10363.
10362.
10361.
10361.
10360.
10360.
10358.
10358.
10357.
10358.
10357.
10357.
10355.
10355.
10354.
10354.
10353.
10353.
10352.
10351.
10350.
10351.
10349.
10350.
10349.
10348.
10347.
10346.
10346.
10346.
10345.
10344.
10344.
10343.
10342.
10343.
10342.
10341.
10340.
10341.
10339.
10339.
10337.
10337.
10337.
10337.
10336.
10336.
10335.
10334.
10333.
10332.
10332.
10332.
10331.
10330.
10329.
10329.
10328.
10328.
10327.
10326.
10325.
10325.
10325.
10324.
10324.
10323.
10322.
10321.
10321.
10320.
10319.
10319.
10318.
10317.
10317.
10316.
10316.
10315.
10314.
10314.
10314.
10313.
10313.
10311.
10311.
10310.
10310.
10308.
10308.
10308.
10307.
10306.
10306.
10304.
10304.
10303.
10304.
10302.
10302.
10301.
10301.
10299.
10298.
10298.
10298.
10297.
10297.
10295.
10295.
10294.
10293.
10293.
10292.
10291.
10290.
10289.
10289.
10289.
10289.
10287.
10287.
10286.
10286.
10286.
10285.
10284.
10283.
10282.
10281.
10282.
10281.
10280.
10279.
10278.
10278.
10278.
10276.
10276.
10275.
10274.
10274.
10273.
10273.
10272.
10271.
10272.
10270.
10269.
10269.
10269.
10268.
10268.
10266.
10266.
10265.
10264.
10264.
10264.
10263.
10264.
10262.
10261.
10260.
10260.
10259.
10259.
10258.
10258.
10257.
10257.
10257.
10256.
10255.
10255.
10254.
10254.
10252.
10252.
10251.
10251.
10251.
10250.
10249.
10249.
10247.
10247.
10247.
10246.
10246.
10245.
10244.
10244.
10244.
10243.
10243.
10242.
10241.
10240.
10241.
10240.
10240.
10238.
10238.
10238.
10238.
10236.
10236.
10235.
10236.
10234.
10234.
10233.
10233.
10232.
10232.
10231.
10231.
10230.
10230.
10229.
10230.
10229.
10228.
10227.
10227.
10227.
10226.
10225.
10225.
10225.
10224.
10224.
10224.
10222.
10222.
10222.
10222.
10221.
10221.
10219.
10219.
10220.
10219.
10217.
10217.
10218.
10217.
10217.
10216.
10216.
10215.
10214.
10213.
10214.
10214.
10213.
10212.
10211.
10211.
10211.
10210.
10210.
10209.
10209.
10208.
10207.
10207.
10207.
10206.
10205.
10206.
10206.
10204.
10205.
10203.
10204.
10202.
10202.
10202.
10201.
10200.
10200.
10199.
10199.
10199.
10199.
10198.
10198.
10197.
10198.
10196.
10196.
10194.
10194.
10195.
10194.
10193.
10193.
10193.
10192.
10191.
10191.
10190.
10190.
10189.
10188.
10188.
10187.
10187.
10186.
10186.
10185.
10184.
10185.
10185.
10184.
10183.
10183.
10183.
10181.
10181.
10181.
10181.
10179.
10178.
10178.
10178.
10177.
10176.
10176.
10176.
10174.
10174.
10173.
10174.
10172.
10172.
10171.
10171.
10170.
10170.
10169.
10169.
10169.
10168.
10168.
10167.
10166.
10166.
10165.
10164.
10164.
10163.
10163.
10163.
10161.
10161.
10161.
10160.
10159.
10158.
10159.
10158.
10156.
10156.
10156.
10155.
10155.
10154.
10153.
10153.
10152.
10152.
10150.
10151.
10150.
10149.
10149.
10148.
10147.
10147.
10146.
10146.
10145.
10144.
10144.
10143.
10142.
10142.
10142.
10141.
10140.
10140.
10140.
10139.
10138.
10137.
10137.
10136.
10136.
10135.
10135.
10134.
10134.
10132.
10132.
10132.
10132.
10130.
10130.
10129.
10129.
10128.
10128.
10127.
10127.
10126.
10126.
10124.
10124.
10123.
10123.
10123.
10122.
10120.
10120.
10119.
10119.
10119.
10119.
10118.
10117.
10116.
10116.
10115.
10115.
10114.
10113.
10113.
10112.
10111.
10111.
10111.
10110.
10109.
10109.
10109.
10108.
10107.
10106.
10105.
10105.
10105.
10104.
10103.
10102.
10102.
10101.
10101.
10100.
10100.
10099.
10099.
10098.
10098.
10097.
10096.
10095.
10094.
10094.
10094.
10094.
10093.
10093.
10093.
10090.
10090.
10091.
10090.
10089.
10088.
10088.
10087.
10087.
10087.
10086.
10085.
10085.
10084.
10084.
10083.
10082.
10081.
10081.
10081.
10080.
10080.
10079.
10079.
10078.
10078.
10077.
10077.
10075.
10075.
10075.
10074.
10074.
10073.
10073.
10073.
10072.
10070.
10070.
10070.
10069.
10068.
10068.
10067.
10066.
10066.
10066.
10065.
10064.
10064.
10063.
10062.
10062.
10061.
10061.
10059.
10058.
10059.
10058.
10057.
10056.
10056.
10055.
10055.
10055.
10054.
10054.
10052.
10052.
10051.
10051.
10050.
10050.
10049.
10049.
10047.
10047.
10046.
10046.
10045.
10044.
10044.
10044.
10043.
10042.
10040.
10040.
10040.
10039.
10039.
10038.
10037.
10036.
10036.
10035.
10034.
10033.
10033.
10032.
10032.
10030.
10030.
10030.
10029.
10028.
10028.
10026.
10025.
10025.
10025.
10023.
10023.
10022.
10022.
10021.
10021.
10020.
10020.
10019.
10018.
10016.
10015.
10016.
10015.
10014.
10013.
10012.
10011.
10011.
10010.
10009.
10009.
10008.
10007.
10006.
10005.
10005.
10004.
10003.
10003.
10001.
10001.
10000.
10000.
9998.
9997.
9997.
9996.
9995.
9994.
9993.
9993.
9992.
9991.
9991.
9990.
9988.
9988.
9988.
9987.
9986.
9984.
9984.
9983.
9983.
9982.
9982.
9981.
9980.
9979.
9978.
9976.
9975.
9975.
9975.
9973.
9973.
9972.
9970.
9970.
9970.
9968.
9968.
9966.
9966.
9965.
9965.
9963.
9963.
9961.
9961.
9960.
9959.
9958.
9958.
9956.
9956.
9955.
9955.
9954.
9953.
9952.
9951.
9949.
9949.
9948.
9948.
9947.
9946.
9945.
9945.
9944.
9943.
9942.
9941.
9940.
9939.
9938.
9938.
9937.
9936.
9936.
9935.
9934.
9934.
9933.
9932.
9931.
9930.
9929.
9928.
9927.
9926.
9926.
9925.
9924.
9924.
9923.
9921.
9922.
9919.
9919.
9918.
9918.
9916.
9916.
9916.
9915.
9913.
9912.
9911.
9911.
9910.
9909.
9908.
9908.
9906.
9906.
9905.
9905.
9903.
9903.
9902.
9901.
9900.
9900.
9899.
9899.
9897.
9896.
9895.
9896.
9894.
9892.
9892.
9891.
9890.
9889.
9889.
9888.
9887.
9886.
9886.
9884.
9883.
9883.
9882.
9880.
9880.
9878.
9877.
9877.
9876.
9875.
9875.
9874.
9874.
9872.
9872.
9870.
9870.
9869.
9868.
9866.
9866.
9865.
9863.
9863.
9862.
9861.
9861.
9859.
9858.
9858.
9857.
9855.
9855.
9854.
9854.
9852.
9851.
9849.
9848.
9848.
9848.
9846.
9846.
9845.
9844.
9842.
9842.
9841.
9840.
9840.
9839.
9837.
9836.
9836.
9835.
9834.
9833.
9832.
9831.
9831.
9829.
9828.
9828.
9826.
9826.
9825.
9824.
9824.
9822.
9822.
9821.
9820.
9818.
9818.
9817.
9817.
9815.
9815.
9814.
9814.
9812.
9811.
9809.
9809.
9807.
9807.
9807.
9806.
9804.
9803.
9802.
9802.
9801.
9800.
9799.
9799.
9797.
9796.
9796.
9796.
9794.
9793.
9791.
9791.
9790.
9790.
9788.
9788.
9788.
9787.
9786.
9785.
9784.
9784.
9783.
9781.
9781.
9780.
9779.
9778.
9777.
9776.
9775.
9774.
9774.
9773.
9772.
9771.
9771.
9770.
9770.
9769.
9767.
9766.
9767.
9766.
9764.
9763.
9763.
9761.
9760.
9760.
9760.
9758.
9758.
9757.
9758.
9757.
9755.
9754.
9754.
9752.
9752.
9750.
9750.
9749.
9748.
9747.
9748.
9746.
9745.
9744.
9745.
9743.
9742.
9741.
9740.
9739.
9739.
9738.
9737.
9736.
9735.
9735.
9733.
9732.
9731.
9731.
9730.
9729.
9729.
9728.
9727.
9725.
9725.
9725.
9723.
9723.
9722.
9721.
9720.
9720.
9718.
9718.
9718.
9716.
9715.
9715.
9713.
9713.
9712.
9712.
9710.
9710.
9709.
9707.
9707.
9706.
9705.
9704.
9703.
9702.
9701.
9700.
9700.
9699.
9698.
9698.
9697.
9696.
9695.
9695.
9693.
9693.
9691.
9690.
9690.
9689.
9688.
9688.
9687.
9686.
9684.
9684.
9684.
9683.
9682.
9681.
9681.
9680.
9679.
9677.
9677.
9677.
9675.
9674.
9673.
9673.
9672.
9671.
9671.
9670.
9670.
9668.
9668.
9667.
9666.
9666.
9665.
9663.
9663.
9662.
9661.
9661.
9660.
9658.
9658.
9657.
9657.
9655.
9656.
9655.
9654.
9653.
9653.
9652.
9651.
9649.
9648.
9648.
9648.
9647.
9647.
9645.
9645.
9644.
9643.
9642.
9641.
9641.
9641.
9640.
9639.
9638.
9637.
9637.
9636.
9635.
9634.
9634.
9632.
9631.
9631.
9631.
9629.
9629.
9629.
9627.
9626.
9625.
9625.
9624.
9623.
9623.
9622.
9622.
9620.
9619.
9619.
9619.
9617.
9617.
9616.
9615.
9614.
9614.
9613.
9613.
9611.
9611.
9610.
9611.
9609.
9609.
9607.
9607.
9605.
9606.
9604.
9604.
9603.
9603.
9601.
9602.
9600.
9600.
9598.
9599.
9597.
9597.
9596.
9596.
9594.
9595.
9593.
9592.
9591.
9592.
9591.
9590.
9589.
9588.
9588.
9587.
9586.
9586.
9585.
9584.
9583.
9582.
9582.
9581.
9581.
9579.
9578.
9578.
9578.
9577.
9576.
9576.
9575.
9574.
9574.
9572.
9571.
9571.
9570.
9569.
9568.
9568.
9568.
9567.
9567.
9565.
9566.
9564.
9564.
9562.
9562.
9562.
9561.
9559.
9559.
9558.
9558.
9557.
9557.
9556.
9555.
9554.
9554.
9553.
9552.
9552.
9551.
9551.
9550.
9549.
9548.
9548.
9548.
9546.
9546.
9546.
9545.
9544.
9544.
9543.
9542.
9542.
9541.
9541.
9541.
9540.
9539.
9538.
9538.
9537.
9536.
9535.
9534.
9534.
9534.
9534.
9532.
9532.
9531.
9532.
9530.
9530.
9529.
9529.
9527.
9527.
9526.
9526.
9524.
9524.
9524.
9524.
9522.
9522.
9521.
9522.
9520.
9520.
9518.
9518.
9517.
9516.
9517.
9516.
9515.
9516.
9514.
9514.
9513.
9513.
9511.
9511.
9510.
9510.
9509.
9508.
9507.
9507.
9506.
9506.
9505.
9504.
9504.
9504.
9503.
9502.
9500.
9501.
9500.
9499.
9499.
9498.
9497.
9497.
9496.
9495.
9495.
9494.
9494.
9493.
9492.
9491.
9492.
9491.
9491.
9490.
9489.
9488.
9487.
9486.
9487.
9486.
9485.
9484.
9485.
9483.
9483.
9482.
9482.
9480.
9480.
9478.
9478.
9478.
9477.
9476.
9476.
9475.
9475.
9474.
9474.
9473.
9472.
9471.
9471.
9470.
9470.
9469.
9469.
9468.
9467.
9466.
9465.
9465.
9465.
9464.
9464.
9463.
9462.
9462.
9461.
9460.
9459.
9459.
9458.
9457.
9457.
9456.
9455.
9455.
9454.
9454.
9453.
9452.
9451.
9451.
9450.
9450.
9449.
9449.
9447.
9446.
9446.
9445.
9445.
9445.
9442.
9442.
9443.
9441.
9441.
9441.
9439.
9439.
9437.
9437.
9437.
9436.
9436.
9435.
9434.
9434.
9433.
9433.
9431.
9432.
9431.
9431.
9429.
9429.
9428.
9428.
9428.
9427.
9426.
9425.
9424.
9424.
9424.
9423.
9422.
9421.
9421.
9420.
9420.
9419.
9419.
9418.
9417.
9416.
9416.
9415.
9415.
9414.
9414.
9413.
9412.
9411.
9411.
9410.
9410.
9409.
9409.
9407.
9407.
9407.
9407.
9405.
9405.
9405.
9405.
9403.
9403.
9401.
9401.
9401.
9400.
9399.
9399.
9398.
9398.
9396.
9396.
9396.
9395.
9393.
9393.
9393.
9392.
9390.
9390.
9390.
9390.
9388.
9388.
9388.
9387.
9386.
9386.
9385.
9384.
9383.
9382.
9382.
9381.
9380.
9380.
9380.
9380.
9378.
9377.
9377.
9376.
9375.
9375.
9374.
9373.
9373.
9372.
9371.
9371.
9370.
9369.
9369.
9368.
9367.
9366.
9366.
9364.
9364.
9363.
9364.
9362.
9361.
9360.
9360.
9359.
9359.
9358.
9358.
9357.
9357.
9355.
9355.
9353.
9353.
9353.
9352.
9351.
9351.
9350.
9350.
9349.
9349.
9348.
9347.
9347.
9346.
9345.
9344.
9343.
9343.
9343.
9341.
9340.
9340.
9339.
9339.
9338.
9338.
9336.
9336.
9336.
9335.
9335.
9334.
9333.
9333.
9333.
9331.
9332.
9330.
9329.
9329.
9328.
9327.
9327.
9326.
9326.
9325.
9326.
9324.
9324.
9322.
9321.
9321.
9321.
9320.
9319.
9319.
9319.
9317.
9317.
9316.
9316.
9315.
9315.
9313.
9313.
9313.
9313.
9312.
9311.
9310.
9310.
9309.
9309.
9308.
9307.
9306.
9306.
9305.
9304.
9304.
9303.
9303.
9302.
9301.
9301.
9300.
9299.
9298.
9298.
9297.
9297.
9297.
9295.
9294.
9294.
9294.
9292.
9291.
9291.
9291.
9290.
9290.
9288.
9288.
9287.
9287.
9286.
9286.
9284.
9283.
9283.
9283.
9281.
9281.
9280.
9280.
9279.
9278.
9277.
9277.
9276.
9276.
9275.
9273.
9273.
9273.
9271.
9271.
9270.
9270.
9268.
9268.
9267.
9267.
9265.
9265.
9265.
9264.
9262.
9262.
9262.
9262.
9260.
9260.
9259.
9258.
9258.
9257.
9256.
9256.
9254.
9254.
9253.
9253.
9252.
9251.
9250.
9249.
9250.
9248.
9247.
9246.
9246.
9245.
9245.
9243.
9242.
9242.
9241.
9241.
9241.
9240.
9238.
9238.
9238.
9236.
9235.
9235.
9234.
9232.
9232.
9232.
9231.
9231.
9230.
9228.
9228.
9228.
9227.
9226.
9225.
9224.
9224.
9223.
9223.
9222.
9221.
9220.
9219.
9219.
9218.
9217.
9216.
9216.
9215.
9214.
9214.
9213.
9211.
9211.
9210.
9210.
9209.
9208.
9207.
9207.
9206.
9205.
9204.
9204.
9202.
9202.
9201.
9200.
9200.
9201.
9199.
9199.
9197.
9196.
9196.
9195.
9195.
9195.
9193.
9192.
9192.
9192.
9190.
9190.
9189.
9189.
9188.
9188.
9187.
9186.
9184.
9184.
9184.
9183.
9181.
9182.
9181.
9181.
9180.
9180.
9178.
9177.
9177.
9177.
9175.
9175.
9174.
9174.
9173.
9173.
9172.
9172.
9171.
9170.
9169.
9169.
9168.
9167.
9167.
9167.
9166.
9165.
9165.
9163.
9163.
9162.
9161.
9160.
9160.
9159.
9158.
9158.
9158.
9157.
9156.
9155.
9155.
9153.
9153.
9152.
9152.
9151.
9150.
9150.
9150.
9150.
9148.
9146.
9146.
9146.
9146.
9145.
9144.
9143.
9142.
9142.
9142.
9140.
9140.
9139.
9138.
9138.
9137.
9136.
9135.
9134.
9134.
9133.
9132.
9132.
9132.
9131.
9130.
9130.
9129.
9128.
9127.
9127.
9126.
9124.
9124.
9124.
9124.
9123.
9122.
9121.
9120.
9120.
9119.
9119.
9117.
9117.
9116.
9116.
9114.
9114.
9114.
9113.
9112.
9112.
9111.
9111.
9110.
9111.
9108.
9108.
9107.
9107.
9106.
9106.
9105.
9105.
9103.
9102.
9103.
9102.
9100.
9100.
9100.
9099.
9098.
9098.
9097.
9097.
9095.
9095.
9095.
9094.
9094.
9093.
9092.
9091.
9090.
9090.
9089.
9089.
9089.
9087.
9086.
9086.
9085.
9085.
9085.
9084.
9083.
9083.
9082.
9082.
9081.
9080.
9079.
9079.
9078.
9077.
9077.
9075.
9075.
9075.
9074.
9073.
9073.
9072.
9073.
9070.
9070.
9070.
9069.
9069.
9069.
9067.
9068.
9066.
9065.
9065.
9065.
9064.
9064.
9062.
9062.
9061.
9061.
9060.
9059.
9059.
9059.
9058.
9058.
9057.
9056.
9055.
9055.
9054.
9053.
9053.
9053.
9052.
9051.
9050.
9050.
9049.
9048.
9048.
9048.
9047.
9046.
9046.
9045.
9045.
9045.
9044.
9042.
9042.
9042.
9041.
9040.
9039.
9038.
9039.
9037.
9037.
9035.
9035.
9034.
9034.
9033.
9034.
9032.
9032.
9030.
9031.
9029.
9029.
9028.
9028.
9027.
9026.
9025.
9025.
9024.
9024.
9023.
9023.
9021.
9021.
9019.
9019.
9018.
9018.
9017.
9016.
9015.
9014.
9014.
9013.
9012.
9011.
9011.
9010.
9009.
9008.
9008.
9006.
9005.
9004.
9004.
9003.
9003.
9002.
9001.
9000.
8998.
8998.
8997.
8997.
8996.
8996.
8995.
8994.
8993.
8992.
8992.
8990.
8991.
8990.
8988.
8986.
8986.
8986.
8986.
8985.
8983.
8983.
8983.
8981.
8981.
8979.
8978.
8977.
8977.
8976.
8976.
8975.
8974.
8973.
8972.
8971.
8971.
8970.
8970.
8969.
8968.
8967.
8967.
8966.
8966.
8964.
8964.
8963.
8963.
8962.
8961.
8961.
8960.
8959.
8958.
8957.
8957.
8956.
8955.
8955.
8954.
8953.
8953.
8952.
8950.
8950.
8949.
8949.
8948.
8947.
8946.
8946.
8944.
8945.
8943.
8943.
8942.
8942.
8940.
8939.
8939.
8939.
8938.
8937.
8936.
8935.
8935.
8934.
8933.
8934.
8932.
8932.
8931.
8930.
8928.
8928.
8928.
8928.
8926.
8926.
8925.
8924.
8923.
8923.
8922.
8921.
8920.
8919.
8918.
8919.
8917.
8916.
8915.
8915.
8914.
8913.
8912.
8912.
8911.
8910.
8909.
8908.
8908.
8907.
8907.
8905.
8905.
8904.
8903.
8902.
8903.
8902.
8901.
8899.
8899.
8898.
8897.
8896.
8896.
8896.
8895.
8894.
8893.
8891.
8892.
8890.
8891.
8888.
8887.
8887.
8887.
8885.
8885.
8883.
8883.
8882.
8882.
8881.
8881.
8879.
8879.
8878.
8877.
8877.
8876.
8875.
8874.
8874.
8873.
8872.
8873.
8871.
8870.
8870.
8869.
8867.
8867.
8867.
8866.
8865.
8864.
8863.
8863.
8863.
8862.
8860.
8860.
8860.
8859.
8858.
8858.
8857.
8856.
8856.
8855.
8855.
8853.
8853.
8852.
8852.
8850.
8849.
8849.
8850.
8849.
8848.
8847.
8847.
8845.
8846.
8844.
8845.
8843.
8842.
8842.
8842.
8841.
8840.
8840.
8840.
8838.
8838.
8837.
8836.
8836.
8835.
8834.
8834.
8833.
8833.
8832.
8832.
8831.
8831.
8830.
8829.
8828.
8828.
8827.
8827.
8827.
8826.
8825.
8824.
8824.
8823.
8823.
8823.
8822.
8821.
8820.
8819.
8819.
8818.
8818.
8817.
8816.
8816.
8816.
8815.
8814.
8813.
8813.
8812.
8812.
8810.
8810.
8810.
8810.
8808.
8807.
8807.
8807.
8805.
8805.
8804.
8804.
8803.
8803.
8803.
8802.
8800.
8800.
8799.
8799.
8799.
8798.
8797.
8796.
8796.
8796.
8794.
8794.
8793.
8793.
8792.
8791.
8791.
8790.
8790.
8789.
8788.
8788.
8787.
8786.
8786.
8785.
8784.
8783.
8783.
8783.
8782.
8781.
8780.
8780.
8780.
8779.
8777.
8777.
8777.
8776.
8776.
8775.
8774.
8773.
8773.
8773.
8773.
8771.
8770.
8770.
8770.
8768.
8769.
8766.
8766.
8765.
8765.
8764.
8765.
8764.
8763.
8762.
8762.
8761.
8761.
8760.
8760.
8759.
8759.
8757.
8757.
8756.
8756.
8755.
8755.
8753.
8753.
8752.
8752.
8751.
8750.
8750.
8749.
8748.
8748.
8747.
8746.
8745.
8745.
8745.
8744.
8742.
8743.
8742.
8741.
8740.
8740.
8739.
8738.
8738.
8737.
8737.
8736.
8735.
8734.
8735.
8733.
8733.
8732.
8732.
8731.
8730.
8730.
8730.
8728.
8727.
8727.
8727.
8725.
8725.
8724.
8725.
8723.
8723.
8721.
8722.
8721.
8720.
8719.
8719.
8718.
8718.
8716.
8715.
8715.
8714.
8713.
8713.
8712.
8711.
8711.
8711.
8710.
8709.
8707.
8707.
8707.
8707.
8705.
8705.
8705.
8704.
8703.
8703.
8702.
8701.
8701.
8700.
8700.
8699.
8698.
8697.
8697.
8696.
8695.
8695.
8695.
8694.
8694.
8693.
8692.
8691.
8692.
8691.
8690.
8688.
8687.
8688.
8687.
8686.
8687.
8685.
8684.
8684.
8684.
8683.
8682.
8681.
8681.
8679.
8679.
8678.
8678.
8677.
8676.
8676.
8676.
8674.
8673.
8673.
8673.
8672.
8671.
8669.
8669.
8669.
8668.
8667.
8666.
8666.
8665.
8663.
8663.
8663.
8662.
8661.
8659.
8658.
8658.
8657.
8657.
8656.
8655.
8654.
8654.
8653.
8652.
8651.
8650.
8650.
8648.
8648.
8647.
8646.
8646.
8646.
8644.
8644.
8643.
8643.
8641.
8640.
8640.
8639.
8638.
8638.
8636.
8635.
8635.
8634.
8633.
8633.
8632.
8632.
8630.
8630.
8630.
8629.
8627.
8627.
8627.
8626.
8625.
8625.
8623.
8623.
8622.
8621.
8620.
8620.
8620.
8618.
8617.
8617.
8617.
8616.
8616.
8615.
8614.
8613.
8613.
8612.
8612.
8611.
8610.
8609.
8609.
8608.
8607.
8606.
8606.
8605.
8604.
8604.
8603.
8603.
8603.
8601.
8600.
8600.
8600.
8598.
8597.
8597.
8597.
8595.
8595.
8594.
8594.
8592.
8593.
8592.
8592.
8590.
8590.
8589.
8588.
8588.
8588.
8585.
8585.
8585.
8585.
8584.
8584.
8582.
8582.
8582.
8582.
8581.
8580.
8579.
8578.
8578.
8578.
8577.
8576.
8575.
8575.
8575.
8574.
8573.
8573.
8572.
8571.
8571.
8570.
8570.
8569.
8568.
8568.
8568.
8566.
8565.
8565.
8566.
8564.
8563.
8563.
8563.
8562.
8561.
8561.
8560.
8559.
8559.
8559.
8559.
8557.
8557.
8557.
8556.
8555.
8554.
8554.
8554.
8553.
8553.
8552.
8552.
8551.
8551.
8550.
8549.
8548.
8548.
8546.
8547.
8546.
8546.
8544.
8544.
8543.
8543.
8541.
8541.
8540.
8540.
8540.
8539.
8539.
8539.
8538.
8536.
8537.
8536.
8534.
8533.
8534.
8532.
8532.
8531.
8531.
8530.
8530.
8528.
8528.
8527.
8526.
8526.
8525.
8524.
8524.
8523.
8523.
8522.
8523.
8522.
8521.
8519.
8519.
8518.
8518.
8516.
8516.
8515.
8515.
8513.
8513.
8512.
8511.
8511.
8511.
8509.
8509.
8508.
8508.
8506.
8506.
8506.
8505.
8504.
8504.
8503.
8502.
8501.
8501.
8500.
8500.
8499.
8498.
8497.
8496.
8496.
8495.
8494.
8493.
8493.
8492.
8491.
8490.
8489.
8488.
8488.
8487.
8487.
8486.
8485.
8484.
8484.
8483.
8482.
8481.
8482.
8479.
8479.
8479.
8477.
8476.
8476.
8475.
8475.
8474.
8473.
8472.
8471.
8470.
8470.
8468.
8467.
8467.
8467.
8465.
8465.
8464.
8464.
8462.
8462.
8461.
8461.
8459.
8458.
8458.
8457.
8456.
8455.
8455.
8454.
8454.
8453.
8451.
8450.
8451.
8450.
8449.
8448.
8447.
8446.
8446.
8445.
8444.
8443.
8443.
8442.
8442.
8441.
8440.
8438.
8438.
8437.
8437.
8436.
8436.
8434.
8435.
8433.
8433.
8432.
8432.
8431.
8430.
8429.
8428.
8427.
8427.
8426.
8426.
8424.
8423.
8423.
8423.
8422.
8421.
8420.
8420.
8419.
8418.
8417.
8417.
8416.
8415.
8414.
8415.
8413.
8412.
8412.
8411.
8410.
8410.
8409.
8408.
8407.
8407.
8406.
8405.
8405.
8405.
8403.
8403.
8402.
8401.
8401.
8400.
8400.
8398.
8397.
8396.
8396.
8395.
8394.
8394.
8393.
8392.
8391.
8391.
8390.
8389.
8388.
8387.
8387.
8386.
8386.
8385.
8384.
8383.
8383.
8382.
8381.
8380.
8380.
8379.
8378.
8377.
8377.
8375.
8376.
8374.
8373.
8372.
8371.
8371.
8370.
8369.
8369.
8367.
8367.
8366.
8365.
8364.
8364.
8363.
8362.
8361.
8361.
8359.
8358.
8358.
8357.
8356.
8356.
8354.
8353.
8353.
8351.
8350.
8350.
8349.
8349.
8349.
8348.
8347.
8345.
8344.
8343.
8344.
8342.
8342.
8340.
8339.
8338.
8338.
8337.
8336.
8335.
8335.
8332.
8333.
8331.
8331.
8330.
8329.
8328.
8328.
8327.
8325.
8324.
8323.
8322.
8322.
8320.
8320.
8319.
8318.
8317.
8316.
8315.
8314.
8312.
8312.
8311.
8310.
8309.
8308.
8307.
8306.
8305.
8305.
8303.
8302.
8301.
8300.
8299.
8297.
8297.
8296.
8295.
8293.
8292.
8292.
8291.
8290.
8289.
8288.
8287.
8286.
8284.
8282.
8282.
8281.
8280.
8278.
8277.
8276.
8275.
8274.
8274.
8272.
8271.
8270.
8270.
8269.
8267.
8265.
8265.
8264.
8263.
8261.
8260.
8259.
8258.
8256.
8255.
8254.
8254.
8253.
8252.
8250.
8249.
8248.
8247.
8246.
8244.
8243.
8243.
8241.
8240.
8239.
8237.
8236.
8235.
8234.
8232.
8232.
8231.
8230.
8228.
8227.
8226.
8225.
8223.
8222.
8221.
8220.
8219.
8218.
8217.
8216.
8214.
8214.
8213.
8211.
8209.
8209.
8207.
8206.
8204.
8204.
8203.
8202.
8200.
8200.
8198.
8197.
8195.
8195.
8193.
8193.
8191.
8190.
8188.
8188.
8187.
8186.
8184.
8184.
8182.
8181.
8180.
8179.
8178.
8176.
8175.
8175.
8174.
8173.
8171.
8170.
8168.
8167.
8166.
8166.
8164.
8163.
8162.
8161.
8159.
8158.
8158.
8157.
8155.
8154.
8154.
8152.
8151.
8150.
8149.
8147.
8147.
8145.
8145.
8144.
8143.
8141.
8141.
8139.
8138.
8137.
8136.
8134.
8133.
8131.
8132.
8130.
8129.
8127.
8126.
8125.
8124.
8123.
8122.
8120.
8120.
8118.
8118.
8117.
8115.
8114.
8114.
8113.
8111.
8110.
8110.
8108.
8107.
8106.
8104.
8103.
8103.
8102.
8100.
8099.
8098.
8097.
8097.
8095.
8094.
8092.
8092.
8091.
8090.
8089.
8088.
8087.
8085.
8085.
8084.
8083.
8081.
8080.
8079.
8078.
8077.
8076.
8074.
8075.
8073.
8072.
8070.
8070.
8069.
8068.
8066.
8066.
8065.
8064.
8062.
8062.
8061.
8059.
8058.
8057.
8056.
8056.
8054.
8054.
8052.
8051.
8049.
8049.
8048.
8048.
8047.
8046.
8045.
8043.
8042.
8041.
8040.
8039.
8039.
8037.
8036.
8035.
8034.
8034.
8033.
8031.
8030.
8029.
8028.
8027.
8027.
8026.
8025.
8023.
8023.
8022.
8021.
8019.
8019.
8018.
8017.
8016.
8015.
8014.
8013.
8012.
8011.
8010.
8010.
8008.
8008.
8007.
8006.
8004.
8004.
8003.
8002.
8001.
8001.
8000.
7998.
7997.
7997.
7996.
7995.
7993.
7993.
7992.
7991.
7989.
7989.
7988.
7988.
7986.
7985.
7985.
7985.
7983.
7983.
7983.
7981.
7980.
7979.
7978.
7977.
7977.
7976.
7974.
7973.
7973.
7972.
7971.
7970.
7970.
7969.
7968.
7967.
7967.
7965.
7965.
7964.
7963.
7962.
7962.
7960.
7960.
7959.
7958.
7958.
7958.
7955.
7955.
7954.
7954.
7952.
7951.
7951.
7951.
7948.
7948.
7948.
7947.
7946.
7945.
7944.
7944.
7943.
7943.
7941.
7940.
7939.
7939.
7937.
7937.
7935.
7935.
7935.
7934.
7932.
7932.
7931.
7931.
7930.
7929.
7928.
7927.
7925.
7925.
7924.
7923.
7922.
7921.
7920.
7919.
7919.
7918.
7917.
7916.
7916.
7914.
7914.
7913.
7913.
7911.
7910.
7909.
7909.
7908.
7907.
7905.
7905.
7904.
7904.
7902.
7902.
7900.
7900.
7898.
7898.
7896.
7895.
7894.
7893.
7892.
7892.
7890.
7889.
7889.
7888.
7887.
7887.
7885.
7884.
7883.
7883.
7882.
7880.
7879.
7879.
7878.
7877.
7876.
7875.
7874.
7874.
7873.
7872.
7870.
7870.
7869.
7867.
7866.
7866.
7865.
7863.
7862.
7862.
7861.
7861.
7859.
7858.
7858.
7857.
7856.
7855.
7854.
7852.
7852.
7851.
7851.
7849.
7849.
7848.
7848.
7846.
7845.
7844.
7845.
7843.
7843.
7842.
7841.
7840.
7840.
7839.
7838.
7837.
7837.
7834.
7834.
7833.
7833.
7831.
7831.
7830.
7829.
7828.
7828.
7827.
7827.
7825.
7824.
7824.
7824.
7822.
7822.
7821.
7821.
7819.
7818.
7818.
7818.
7816.
7815.
7814.
7814.
7813.
7811.
7812.
7810.
7809.
7808.
7807.
7806.
7806.
7805.
7804.
7803.
7803.
7802.
7801.
7800.
7799.
7799.
7798.
7796.
7795.
7795.
7795.
7794.
7792.
7791.
7791.
7789.
7789.
7787.
7787.
7786.
7785.
7784.
7784.
7783.
7782.
7780.
7780.
7779.
7778.
7776.
7776.
7774.
7773.
7773.
7772.
7770.
7770.
7769.
7769.
7767.
7766.
7765.
7764.
7763.
7762.
7762.
7761.
7760.
7759.
7758.
7757.
7757.
7755.
7754.
7753.
7753.
7751.
7751.
7749.
7748.
7747.
7747.
7746.
7745.
7743.
7743.
7741.
7741.
7739.
7738.
7737.
7737.
7735.
7735.
7733.
7733.
7732.
7731.
7730.
7729.
7727.
7727.
7726.
7725.
7724.
7724.
7722.
7722.
7721.
7719.
7718.
7717.
7715.
7715.
7714.
7714.
7712.
7712.
7711.
7710.
7709.
7708.
7707.
7706.
7705.
7704.
7703.
7703.
7701.
7700.
7699.
7698.
7698.
7697.
7696.
7694.
7694.
7693.
7692.
7691.
7690.
7688.
7688.
7687.
7686.
7684.
7685.
7682.
7682.
7681.
7681.
7680.
7679.
7677.
7677.
7675.
7675.
7674.
7674.
7672.
7672.
7669.
7669.
7668.
7668.
7666.
7666.
7665.
7664.
7662.
7663.
7661.
7660.
7659.
7659.
7657.
7656.
7655.
7655.
7654.
7652.
7651.
7651.
7650.
7649.
7648.
7647.
7645.
7644.
7644.
7643.
7643.
7642.
7641.
7640.
7639.
7638.
7637.
7636.
7634.
7634.
7633.
7632.
7632.
7631.
7630.
7628.
7628.
7627.
7626.
7624.
7624.
7622.
7621.
7621.
7621.
7620.
7619.
7617.
7618.
7616.
7616.
7615.
7615.
7613.
7613.
7611.
7611.
7609.
7609.
7608.
7607.
7605.
7605.
7604.
7603.
7602.
7602.
7601.
7601.
7599.
7598.
7597.
7597.
7596.
7595.
7593.
7593.
7593.
7592.
7590.
7590.
7589.
7588.
7588.
7587.
7586.
7586.
7585.
7583.
7582.
7581.
7581.
7580.
7579.
7579.
7578.
7576.
7576.
7575.
7574.
7573.
7572.
7570.
7571.
7569.
7569.
7568.
7567.
7565.
7564.
7563.
7563.
7562.
7561.
7560.
7559.
7558.
7557.
7557.
7556.
7554.
7554.
7553.
7552.
7550.
7550.
7548.
7548.
7546.
7546.
7545.
7544.
7543.
7542.
7540.
7539.
7538.
7537.
7536.
7536.
7535.
7534.
7533.
7531.
7530.
7530.
7528.
7528.
7527.
7525.
7524.
7523.
7522.
7520.
7521.
7519.
7518.
7517.
7516.
7515.
7515.
7513.
7512.
7510.
7510.
7508.
7508.
7506.
7506.
7504.
7503.
7502.
7502.
7500.
7499.
7498.
7498.
7496.
7495.
7493.
7493.
7491.
7491.
7489.
7489.
7487.
7486.
7485.
7484.
7482.
7481.
7481.
7479.
7478.
7477.
7476.
7475.
7473.
7472.
7471.
7470.
7469.
7468.
7467.
7465.
7464.
7464.
7462.
7461.
7460.
7458.
7457.
7456.
7455.
7454.
7453.
7452.
7451.
7449.
7448.
7446.
7446.
7443.
7443.
7441.
7441.
7440.
7439.
7438.
7437.
7436.
7435.
7433.
7433.
7431.
7430.
7429.
7428.
7426.
7425.
7424.
7424.
7422.
7421.
7419.
7418.
7416.
7416.
7416.
7414.
7413.
7412.
7411.
7410.
7409.
7408.
7407.
7406.
7405.
7404.
7402.
7402.
7400.
7399.
7398.
7398.
7396.
7395.
7394.
7393.
7392.
7391.
7390.
7389.
7388.
7387.
7386.
7385.
7384.
7383.
7382.
7381.
7380.
7378.
7377.
7377.
7376.
7375.
7374.
7372.
7372.
7371.
7370.
7367.
7367.
7366.
7366.
7364.
7364.
7362.
7362.
7360.
7360.
7358.
7357.
7356.
7355.
7354.
7353.
7351.
7351.
7350.
7349.
7348.
7346.
7345.
7344.
7343.
7342.
7341.
7340.
7339.
7338.
7337.
7336.
7335.
7334.
7332.
7331.
7330.
7329.
7328.
7327.
7326.
7325.
7323.
7322.
7322.
7321.
7319.
7318.
7317.
7316.
7315.
7314.
7313.
7311.
7311.
7309.
7308.
7306.
7305.
7304.
7304.
7303.
7302.
7301.
7298.
7298.
7297.
7296.
7294.
7293.
7293.
7292.
7290.
7288.
7288.
7287.
7286.
7284.
7284.
7283.
7282.
7281.
7279.
7277.
7277.
7276.
7275.
7274.
7273.
7271.
7270.
7269.
7268.
7267.
7267.
7265.
7264.
7263.
7262.
7260.
7259.
7259.
7258.
7257.
7255.
7254.
7253.
7252.
7252.
7250.
7248.
7248.
7246.
7245.
7244.
7243.
7242.
7242.
7240.
7240.
7238.
7238.
7237.
7235.
7234.
7234.
7232.
7231.
7230.
7229.
7228.
7227.
7226.
7226.
7225.
7223.
7222.
7222.
7220.
7219.
7217.
7216.
7215.
7214.
7214.
7212.
7212.
7211.
7209.
7208.
7207.
7207.
7205.
7205.
7203.
7202.
7201.
7201.
7199.
7197.
7196.
7195.
7195.
7193.
7192.
7191.
7190.
7188.
7187.
7186.
7185.
7184.
7183.
7182.
7181.
7180.
7179.
7177.
7177.
7176.
7175.
7173.
7173.
7172.
7170.
7168.
7168.
7166.
7166.
7163.
7163.
7161.
7161.
7159.
7159.
7158.
7157.
7155.
7155.
7154.
7152.
7150.
7149.
7148.
7149.
7147.
7145.
7144.
7144.
7142.
7142.
7141.
7139.
7138.
7138.
7136.
7135.
7134.
7133.
7132.
7130.
7129.
7129.
7128.
7126.
7124.
7124.
7123.
7122.
7122.
7120.
7119.
7117.
7117.
7116.
7115.
7113.
7113.
7111.
7110.
7108.
7107.
7107.
7106.
7104.
7104.
7103.
7101.
7100.
7100.
7099.
7097.
7096.
7095.
7093.
7093.
7091.
7090.
7089.
7089.
7087.
7086.
7085.
7084.
7083.
7082.
7080.
7080.
7078.
7077.
7076.
7076.
7074.
7072.
7072.
7071.
7070.
7068.
7067.
7067.
7065.
7064.
7063.
7061.
7061.
7059.
7058.
7058.
7057.
7056.
7055.
7053.
7053.
7052.
7050.
7049.
7047.
7047.
7046.
7045.
7044.
7042.
7041.
7040.
7040.
7038.
7038.
7036.
7035.
7034.
7033.
7032.
7031.
7029.
7030.
7029.
7027.
7026.
7025.
7024.
7023.
7022.
7021.
7019.
7019.
7017.
7017.
7015.
7015.
7013.
7012.
7011.
7010.
7008.
7008.
7007.
7005.
7004.
7004.
7002.
7001.
7000.
7000.
6999.
6997.
6996.
6995.
6994.
6992.
6991.
6990.
6988.
6987.
6987.
6985.
6985.
6984.
6982.
6981.
6980.
6978.
6978.
6977.
6975.
6973.
6972.
6971.
6970.
6968.
6968.
6967.
6966.
6964.
6963.
6961.
6961.
6959.
6959.
6958.
6956.
6955.
6954.
6952.
6952.
6950.
6949.
6948.
6947.
6946.
6944.
6943.
6942.
6940.
6940.
6939.
6938.
6937.
6935.
6934.
6934.
6932.
6931.
6930.
6929.
6927.
6928.
6926.
6925.
6923.
6922.
6921.
6920.
6918.
6918.
6917.
6916.
6915.
6914.
6913.
6912.
6911.
6910.
6909.
6907.
6907.
6906.
6906.
6904.
6904.
6902.
6901.
6899.
6899.
6897.
6898.
6896.
6896.
6894.
6893.
6891.
6892.
6890.
6889.
6887.
6887.
6886.
6886.
6884.
6884.
6882.
6881.
6880.
6879.
6878.
6877.
6876.
6875.
6874.
6874.
6872.
6870.
6869.
6868.
6867.
6866.
6865.
6865.
6863.
6862.
6861.
6860.
6859.
6858.
6857.
6855.
6854.
6853.
6853.
6851.
6850.
6848.
6848.
6847.
6846.
6844.
6843.
6842.
6841.
6839.
6839.
6837.
6836.
6834.
6832.
6832.
6832.
6830.
6829.
6827.
6827.
6825.
6824.
6823.
6822.
6820.
6819.
6817.
6817.
6816.
6814.
6813.
6812.
6810.
6809.
6808.
6807.
6805.
6804.
6803.
6801.
6799.
6799.
6797.
6795.
6794.
6794.
6792.
6791.
6789.
6788.
6787.
6785.
6784.
6782.
6781.
6779.
6778.
6776.
6775.
6774.
6772.
6771.
6770.
6769.
6766.
6765.
6764.
6762.
6762.
6760.
6759.
6758.
6755.
6754.
6753.
6750.
6750.
6748.
6747.
6745.
6743.
6742.
6741.
6739.
6737.
6735.
6735.
6733.
6731.
6730.
6729.
6727.
6725.
6723.
6722.
6721.
6719.
6717.
6717.
6715.
6713.
6712.
6709.
6708.
6706.
6705.
6702.
6701.
6700.
6698.
6697.
6695.
6693.
6692.
6690.
6689.
6686.
6685.
6683.
6681.
6680.
6677.
6676.
6675.
6673.
6672.
6670.
6668.
6666.
6665.
6663.
6661.
6660.
6658.
6657.
6655.
6652.
6651.
6649.
6647.
6646.
6644.
6643.
6640.
6639.
6637.
6635.
6634.
6632.
6630.
6628.
6626.
6625.
6623.
6621.
6620.
6618.
6615.
6614.
6613.
6610.
6608.
6607.
6606.
6603.
6601.
6600.
6598.
6596.
6594.
6593.
6592.
6589.
6588.
6585.
6584.
6582.
6581.
6578.
6576.
6575.
6574.
6571.
6570.
6567.
6565.
6564.
6561.
6560.
6559.
6557.
6555.
6554.
6552.
6550.
6547.
6546.
6543.
6543.
6542.
6539.
6538.
6536.
6534.
6531.
6529.
6529.
6527.
6525.
6523.
6522.
6520.
6518.
6516.
6515.
6512.
6510.
6509.
6507.
6505.
6504.
6502.
6500.
6499.
6496.
6494.
6493.
6491.
6490.
6487.
6486.
6484.
6482.
6480.
6479.
6477.
6476.
6473.
6471.
6470.
6469.
6467.
6465.
6463.
6461.
6459.
6457.
6456.
6453.
6452.
6450.
6449.
6447.
6445.
6444.
6442.
6439.
6439.
6437.
6435.
6434.
6431.
6429.
6427.
6425.
6425.
6423.
6421.
6419.
6417.
6415.
6414.
6412.
6411.
6409.
6407.
6405.
6403.
6401.
6400.
6398.
6397.
6395.
6393.
6391.
6389.
6387.
6385.
6384.
6383.
6381.
6380.
6377.
6376.
6374.
6372.
6370.
6369.
6367.
6365.
6364.
6362.
6360.
6358.
6357.
6356.
6353.
6351.
6351.
6349.
6346.
6344.
6344.
6342.
6339.
6339.
6336.
6335.
6333.
6332.
6330.
6328.
6327.
6325.
6324.
6322.
6320.
6318.
6318.
6316.
6314.
6312.
6310.
6308.
6308.
6306.
6304.
6302.
6302.
6300.
6297.
6296.
6295.
6293.
6291.
6290.
6289.
6287.
6285.
6284.
6282.
6281.
6279.
6278.
6277.
6274.
6272.
6271.
6269.
6268.
6266.
6266.
6264.
6263.
6261.
6259.
6257.
6256.
6255.
6253.
6251.
6250.
6248.
6247.
6245.
6244.
6242.
6240.
6238.
6238.
6236.
6235.
6233.
6231.
6229.
6229.
6227.
6225.
6223.
6222.
6221.
6219.
6217.
6217.
6215.
6213.
6211.
6210.
6208.
6207.
6205.
6205.
6203.
6201.
6200.
6198.
6197.
6195.
6193.
6192.
6190.
6189.
6187.
6185.
6184.
6183.
6182.
6180.
6179.
6177.
6176.
6174.
6173.
6171.
6170.
6168.
6167.
6166.
6164.
6163.
6162.
6160.
6158.
6157.
6156.
6153.
6153.
6151.
6150.
6148.
6147.
6146.
6144.
6143.
6141.
6140.
6139.
6136.
6135.
6134.
6133.
6132.
6130.
6128.
6128.
6126.
6124.
6123.
6122.
6120.
6119.
6118.
6117.
6115.
6114.
6112.
6111.
6109.
6109.
6107.
6105.
6104.
6102.
6102.
6100.
6099.
6097.
6096.
6094.
6093.
6091.
6090.
6089.
6088.
6086.
6085.
6083.
6083.
6081.
6080.
6079.
6077.
6075.
6075.
6073.
6072.
6069.
6069.
6068.
6067.
6065.
6063.
6061.
6060.
6060.
6059.
6057.
6056.