10810.
10810.
10810.
10810.
10810.
10810.
10810.
10810.
10810.
10810.
10810.
10810.
10810.
10810.
10811.
10810.
10810.
10810.
10810.
10810.
10811.
10810.
10810.
10810.
10811.
10810.
10810.
10810.
10810.
10810.
10810.
10810.
10810.
10810.
10810.
10810.
10811.
10810.
10809.
10810.
10811.
10809.
10809.
10810.
10809.
10810.
10810.
10810.
10811.
10810.
10810.
10810.
10810.
10810.
10810.
10810.
10810.
10809.
10810.
10809.
10810.
10810.
10810.
10809.
10810.
10810.
10810.
10809.
10810.
10810.
10810.
10810.
10810.
10809.
10810.
10810.
10810.
10810.
10810.
10809.
10810.
10810.
10810.
10810.
10810.
10810.
10810.
10809.
10810.
10810.
10810.
10810.
10810.
10810.
10811.
10810.
10810.
10810.
10810.
10810.
10810.
10810.
10810.
10810.
10810.
10810.
10810.
10810.
10810.
10811.
10810.
10810.
10810.
10810.
10810.
10810.
10809.
10809.
10811.
10810.
10809.
10810.
10810.
10810.
10810.
10810.
10809.
10810.
10810.
10810.
10810.
10810.
10809.
10810.
10810.
10810.
10810.
10810.
10811.
10810.
10809.
10810.
10810.
10810.
10810.
10810.
10809.
10810.
10810.
10810.
10809.
10810.
10810.
10810.
10810.
10810.
10810.
10810.
10810.
10810.
10810.
10810.
10810.
10810.
10811.
10810.
10810.
10810.
10811.
10809.
10809.
10810.
10810.
10810.
10810.
10809.
10810.
10811.
10810.
10810.
10810.
10810.
10810.
10809.
10810.
10810.
10810.
10809.
10810.
10810.
10810.
10809.
10810.
10809.
10810.
10810.
10810.
10809.
10810.
10810.
10810.
10810.
10810.
10811.
10810.
10810.
10810.
10810.
10810.
10810.
10810.
10809.
10810.
10810.
10809.
10809.
10810.
10809.
10810.
10810.
10810.
10809.
10810.
10810.
10809.
10809.
10810.
10810.
10810.
10810.
10810.
10810.
10810.
10810.
10810.
10810.
10810.
10810.
10810.
10810.
10810.
10810.
10810.
10810.
10810.
10810.
10809.
10810.
10810.
10810.
10810.
10810.
10810.
10810.
10810.
10810.
10810.
10810.
10810.
10810.
10810.
10810.
10810.
10810.
10811.
10810.
10810.
10810.
10811.
10810.
10810.
10810.
10809.
10810.
10810.
10810.
10810.
10810.
10810.
10810.
10809.
10810.
10809.
10810.
10809.
10810.
10811.
10810.
10809.
10810.
10811.
10809.
10810.
10810.
10809.
10810.
10810.
10810.
10810.
10810.
10810.
10810.
10810.
10810.
10810.
10811.
10810.
10809.
10809.
10810.
10810.
10810.
10810.
10809.
10809.
10809.
10809.
10810.
10810.
10810.
10809.
10809.
10809.
10809.
10809.
10809.
10809.
10809.
10808.
10809.
10808.
10808.
10808.
10808.
10807.
10807.
10807.
10808.
10807.
10806.
10807.
10806.
10806.
10806.
10805.
10805.
10804.
10804.
10803.
10803.
10802.
10802.
10801.
10801.
10799.
10798.
10798.
10798.
10796.
10796.
10795.
10793.
10792.
10791.
10789.
10788.
10787.
10785.
10784.
10782.
10781.
10779.
10777.
10775.
10774.
10771.
10769.
10767.
10765.
10762.
10760.
10757.
10755.
10752.
10749.
10747.
10743.
10740.
10736.
10734.
10731.
10727.
10724.
10720.
10716.
10712.
10708.
10703.
10699.
10695.
10690.
10685.
10681.
10676.
10671.
10666.
10661.
10655.
10650.
10645.
10639.
10633.
10627.
10621.
10614.
10608.
10602.
10596.
10589.
10582.
10576.
10570.
10562.
10555.
10547.
10540.
10532.
10525.
10517.
10509.
10501.
10493.
10485.
10477.
10469.
10460.
10451.
10442.
10433.
10424.
10415.
10406.
10398.
10387.
10377.
10368.
10358.
10348.
10338.
10327.
10317.
10306.
10296.
10285.
10274.
10262.
10251.
10239.
10228.
10217.
10205.
10193.
10181.
10169.
10157.
10145.
10132.
10119.
10106.
10093.
10080.
10068.
10054.
10041.
10027.
10014.
10000.
9986.
9971.
9957.
9943.
9928.
9914.
9899.
9884.
9870.
9854.
9838.
9823.
9809.
9793.
9777.
9760.
9745.
9729.
9713.
9698.
9680.
9664.
9648.
9631.
9613.
9598.
9580.
9563.
9546.
9529.
9510.
9494.
9476.
9458.
9440.
9423.
9405.
9386.
9368.
9350.
9332.
9313.
9294.
9276.
9257.
9238.
9220.
9200.
9182.
9162.
9144.
9125.
9105.
9086.
9066.
9048.
9027.
9008.
8988.
8968.
8948.
8929.
8909.
8890.
8870.
8850.
8830.
8810.
8790.
8770.
8750.
8730.
8709.
8689.
8669.
8648.
8628.
8608.
8588.
8567.
8547.
8527.
8507.
8487.
8467.
8446.
8426.
8405.
8385.
8365.
8345.
8324.
8305.
8284.
8265.
8245.
8224.
8203.
8184.
8164.
8145.
8125.
8105.
8085.
8065.
8045.
8026.
8005.
7986.
7966.
7946.
7927.
7908.
7888.
7869.
7850.
7830.
7811.
7792.
7773.
7754.
7735.
7716.
7696.
7678.
7660.
7641.
7623.
7604.
7586.
7567.
7549.
7531.
7512.
7495.
7476.
7459.
7440.
7423.
7405.
7388.
7370.
7353.
7335.
7319.
7301.
7284.
7266.
7250.
7233.
7217.
7200.
7183.
7167.
7150.
7134.
7118.
7102.
7086.
7070.
7055.
7038.
7024.
7007.
6992.
6977.
6962.
6947.
6932.
6917.
6903.
6889.
6874.
6860.
6846.
6832.
6818.
6804.
6790.
6777.
6763.
6749.
6736.
6723.
6709.
6697.
6684.
6671.
6659.
6647.
6633.
6621.
6610.
6597.
6585.
6574.
6562.
6551.
6538.
6528.
6516.
6504.
6493.
6483.
6472.
6461.
6450.
6441.
6429.
6419.
6408.
6399.
6389.
6378.
6368.
6358.
6349.
6340.
6330.
6320.
6311.
6301.
6292.
6283.
6274.
6265.
6258.
6248.
6239.
6231.
6222.
6214.
6206.
6198.
6190.
6182.
6174.
6166.
6158.
6151.
6143.
6135.
6128.
6121.
6114.
6107.
6100.
6093.
6087.
6080.
6073.
6067.
6060.
6054.
6048.
6042.
6036.
6031.
6024.
6018.
6013.
6008.
6002.
5997.
5992.
5987.
5981.
5977.
5972.
5968.
5963.
5959.
5954.
5950.
5946.
5942.
5938.
5934.
5931.
5927.
5924.
5920.
5917.
5914.
5911.
5908.
5905.
5901.
5899.
5897.
5894.
5891.
5888.
5888.
5885.
5884.
5882.
5880.
5878.
5878.
5877.
5875.
5874.
5874.
5873.
5873.
5872.
5871.
5871.
5870.
5870.
5870.
5871.
5870.
5871.
5871.
5872.
5872.
5872.
5872.
5873.
5874.
5875.
5875.
5876.
5877.
5877.
5879.
5880.
5882.
5883.
5883.
5884.
5886.
5886.
5888.
5889.
5891.
5893.
5895.
5896.
5898.
5900.
5902.
5903.
5906.
5908.
5910.
5912.
5914.
5916.
5919.
5922.
5924.
5927.
5929.
5931.
5934.
5937.
5940.
5943.
5945.
5948.
5952.
5955.
5958.
5961.
5965.
5968.
5970.
5974.
5978.
5982.
5985.
5989.
5993.
5996.
5999.
6004.
6008.
6012.
6016.
6020.
6026.
6029.
6034.
6038.
6043.
6047.
6052.
6057.
6062.
6067.
6072.
6076.
6082.
6088.
6092.
6098.
6103.
6109.
6115.
6121.
6127.
6133.
6139.
6146.
6151.
6158.
6164.
6171.
6178.
6184.
6192.
6199.
6207.
6213.
6222.
6228.
6237.
6244.
6253.
6260.
6268.
6277.
6285.
6294.
6302.
6311.
6320.
6329.
6338.
6348.
6357.
6367.
6376.
6386.
6395.
6405.
6415.
6425.
6436.
6446.
6457.
6468.
6479.
6490.
6501.
6512.
6524.
6535.
6546.
6558.
6570.
6582.
6593.
6606.
6618.
6631.
6644.
6656.
6669.
6681.
6694.
6707.
6721.
6734.
6747.
6761.
6774.
6788.
6801.
6816.
6830.
6844.
6858.
6872.
6887.
6902.
6916.
6931.
6946.
6961.
6975.
6991.
7007.
7022.
7037.
7053.
7068.
7084.
7100.
7115.
7132.
7148.
7164.
7181.
7197.
7214.
7230.
7247.
7264.
7281.
7299.
7316.
7333.
7350.
7368.
7385.
7403.
7420.
7439.
7456.
7475.
7492.
7510.
7528.
7547.
7565.
7584.
7602.
7621.
7640.
7658.
7677.
7695.
7714.
7733.
7752.
7770.
7790.
7809.
7828.
7848.
7867.
7885.
7905.
7924.
7944.
7963.
7982.
8001.
8021.
8040.
8060.
8079.
8100.
8119.
8139.
8157.
8177.
8197.
8217.
8235.
8256.
8275.
8295.
8314.
8334.
8353.
8374.
8394.
8413.
8433.
8453.
8473.
8493.
8513.
8532.
8551.
8572.
8591.
8611.
8630.
8650.
8670.
8690.
8709.
8729.
8748.
8768.
8786.
8807.
8826.
8846.
8865.
8885.
8904.
8923.
8942.
8962.
8980.
9000.
9019.
9038.
9057.
9077.
9095.
9114.
9133.
9152.
9171.
9190.
9208.
9226.
9245.
9265.
9283.
9301.
9319.
9339.
9357.
9375.
9393.
9411.
9430.
9448.
9465.
9484.
9502.
9520.
9538.
9555.
9573.
9591.
9609.
9626.
9643.
9661.
9679.
9696.
9713.
9730.
9748.
9765.
9781.
9798.
9816.
9832.
9849.
9866.
9883.
9900.
9916.
9932.
9948.
9965.
9981.
9997.
10013.
10029.
10046.
10061.
10077.
10092.
10108.
10124.
10139.
10155.
10169.
10184.
10199.
10215.
10230.
10244.
10259.
10274.
10288.
10302.
10316.
10330.
10345.
10359.
10372.
10386.
10400.
10413.
10427.
10440.
10453.
10465.
10479.
10491.
10503.
10516.
10529.
10541.
10553.
10565.
10577.
10589.
10602.
10612.
10625.
10635.
10647.
10658.
10669.
10679.
10691.
10701.
10712.
10722.
10732.
10743.
10752.
10762.
10772.
10782.
10791.
10801.
10810.
10819.
10828.
10838.
10846.
10854.
10863.
10871.
10879.
10887.
10896.
10902.
10910.
10917.
10926.
10932.
10940.
10946.
10953.
10960.
10967.
10973.
10979.
10985.
10991.
10996.
11001.
11007.
11013.
11018.
11022.
11027.
11032.
11037.
11041.
11046.
11050.
11054.
11057.
11061.
11065.
11068.
11071.
11075.
11078.
11080.
11083.
11085.
11089.
11091.
11093.
11095.
11097.
11098.
11100.
11101.
11104.
11104.
11106.
11106.
11107.
11107.
11108.
11108.
11109.
11109.
11108.
11109.
11108.
11108.
11108.
11108.
11107.
11107.
11106.
11106.
11105.
11104.
11103.
11103.
11101.
11101.
11100.
11098.
11097.
11097.
11096.
11094.
11091.
11091.
11089.
11087.
11086.
11085.
11083.
11081.
11079.
11078.
11076.
11074.
11072.
11071.
11068.
11066.
11064.
11062.
11060.
11058.
11055.
11054.
11051.
11050.
11047.
11045.
11042.
11040.
11037.
11036.
11033.
11030.
11028.
11025.
11022.
11020.
11018.
11015.
11013.
11010.
11007.
11005.
11002.
11000.
10997.
10994.
10992.
10990.
10986.
10984.
10981.
10979.
10976.
10973.
10970.
10968.
10965.
10962.
10960.
10957.
10954.
10952.
10949.
10947.
10943.
10940.
10938.
10935.
10933.
10930.
10927.
10924.
10921.
10918.
10915.
10912.
10910.
10907.
10904.
10900.
10897.
10894.
10891.
10887.
10884.
10880.
10877.
10874.
10870.
10866.
10864.
10859.
10855.
10851.
10847.
10842.
10839.
10835.
10830.
10825.
10821.
10816.
10810.
10806.
10800.
10796.
10790.
10785.
10779.
10773.
10767.
10760.
10754.
10747.
10741.
10734.
10727.
10721.
10713.
10706.
10699.
10691.
10683.
10675.
10668.
10659.
10650.
10641.
10633.
10624.
10614.
10606.
10596.
10586.
10576.
10566.
10555.
10545.
10535.
10524.
10512.
10502.
10490.
10479.
10467.
10456.
10443.
10432.
10420.
10407.
10395.
10382.
10369.
10355.
10343.
10329.
10316.
10302.
10288.
10274.
10260.
10246.
10231.
10216.
10201.
10186.
10172.
10156.
10141.
10126.
10110.
10094.
10079.
10063.
10047.
10031.
10014.
9997.
9980.
9963.
9946.
9930.
9912.
9895.
9877.
9859.
9841.
9824.
9807.
9788.
9770.
9751.
9732.
9714.
9695.
9677.
9658.
9639.
9620.
9599.
9581.
9561.
9542.
9522.
9503.
9483.
9462.
9442.
9422.
9402.
9381.
9361.
9340.
9320.
9299.
9278.
9257.
9236.
9215.
9194.
9172.
9151.
9130.
9108.
9086.
9064.
9044.
9020.
8999.
8977.
8956.
8934.
8910.
8888.
8866.
8843.
8821.
8798.
8776.
8753.
8730.
8707.
8685.
8662.
8638.
8615.
8592.
8569.
8546.
8523.
8500.
8477.
8453.
8429.
8407.
8383.
8360.
8336.
8313.
8289.
8265.
8241.
8218.
8194.
8171.
8146.
8123.
8099.
8076.
8051.
8028.
8004.
7981.
7956.
7933.
7909.
7886.
7861.
7838.
7814.
7790.
7766.
7743.
7720.
7695.
7672.
7648.
7625.
7602.
7579.
7555.
7532.
7508.
7486.
7463.
7441.
7417.
7394.
7372.
7349.
7327.
7304.
7282.
7260.
7238.
7216.
7194.
7172.
7150.
7129.
7108.
7086.
7065.
7044.
7023.
7002.
6982.
6962.
6942.
6922.
6903.
6883.
6863.
6844.
6824.
6806.
6787.
6769.
6751.
6732.
6714.
6697.
6679.
6662.
6644.
6627.
6611.
6595.
6578.
6561.
6546.
6530.
6515.
6498.
6484.
6468.
6454.
6438.
6424.
6411.
6397.
6383.
6370.
6355.
6343.
6329.
6317.
6304.
6292.
6279.
6267.
6255.
6244.
6233.
6221.
6211.
6200.
6190.
6179.
6169.
6159.
6148.
6140.
6130.
6121.
6112.
6104.
6095.
6087.
6079.
6072.
6063.
6056.
6049.
6042.
6035.
6028.
6021.
6015.
6009.
6003.
5997.
5993.
5987.
5983.
5977.
5973.
5969.
5965.
5960.
5957.
5953.
5950.
5946.
5943.
5940.
5938.
5935.
5933.
5931.
5930.
5927.
5926.
5924.
5923.
5923.
5922.
5922.
5921.
5921.
5921.
5921.
5921.
5922.
5922.
5923.
5923.
5923.
5925.
5925.
5927.
5927.
5929.
5930.
5932.
5933.
5935.
5937.
5939.
5940.
5943.
5945.
5947.
5950.
5952.
5955.
5956.
5960.
5963.
5966.
5969.
5972.
5975.
5978.
5981.
5985.
5989.
5992.
5995.
5999.
6004.
6007.
6011.
6015.
6019.
6023.
6027.
6031.
6036.
6040.
6045.
6050.
6055.
6059.
6063.
6068.
6074.
6078.
6082.
6087.
6092.
6098.
6102.
6108.
6113.
6118.
6123.
6129.
6134.
6140.
6145.
6151.
6157.
6164.
6169.
6175.
6180.
6187.
6192.
6199.
6206.
6211.
6218.
6226.
6231.
6238.
6245.
6252.
6259.
6266.
6273.
6281.
6289.
6296.
6303.
6312.
6321.
6327.
6336.
6345.
6353.
6361.
6370.
6379.
6387.
6397.
6406.
6416.
6425.
6434.
6443.
6454.
6464.
6474.
6484.
6495.
6506.
6516.
6527.
6538.
6549.
6560.
6572.
6583.
6595.
6606.
6618.
6630.
6642.
6654.
6667.
6680.
6693.
6705.
6718.
6732.
6745.
6758.
6772.
6785.
6799.
6813.
6828.
6842.
6857.
6871.
6885.
6900.
6915.
6930.
6946.
6962.
6977.
6993.
7009.
7025.
7041.
7058.
7074.
7091.
7109.
7125.
7143.
7161.
7179.
7196.
7214.
7233.
7252.
7270.
7289.
7309.
7328.
7348.
7366.
7387.
7406.
7427.
7447.
7468.
7488.
7509.
7530.
7551.
7573.
7594.
7616.
7637.
7660.
7682.
7704.
7727.
7749.
7771.
7795.
7817.
7840.
7863.
7887.
7911.
7935.
7958.
7981.
8005.
8028.
8052.
8077.
8101.
8125.
8149.
8174.
8199.
8223.
8248.
8273.
8298.
8322.
8348.
8373.
8398.
8423.
8448.
8474.
8498.
8524.
8549.
8575.
8600.
8626.
8651.
8677.
8702.
8729.
8753.
8780.
8805.
8831.
8856.
8882.
8907.
8933.
8959.
8984.
9009.
9036.
9060.
9087.
9111.
9137.
9162.
9187.
9212.
9238.
9262.
9287.
9312.
9337.
9362.
9386.
9410.
9435.
9459.
9483.
9508.
9531.
9555.
9579.
9603.
9626.
9649.
9672.
9696.
9717.
9741.
9764.
9786.
9807.
9831.
9853.
9874.
9897.
9918.
9939.
9961.
9981.
10003.
10022.
10043.
10064.
10084.
10103.
10124.
10142.
10163.
10182.
10201.
10220.
10239.
10257.
10275.
10293.
10311.
10328.
10346.
10364.
10380.
10398.
10415.
10431.
10448.
10463.
10479.
10495.
10512.
10527.
10542.
10557.
10572.
10587.
10600.
10615.
10629.
10642.
10657.
10670.
10683.
10697.
10709.
10722.
10734.
10746.
10758.
10770.
10782.
10793.
10804.
10815.
10826.
10836.
10846.
10856.
10866.
10876.
10885.
10895.
10903.
10912.
10920.
10929.
10937.
10945.
10953.
10960.
10967.
10976.
10982.
10989.
10996.
11002.
11009.
11014.
11020.
11026.
11032.
11037.
11042.
11048.
11052.
11057.
11061.
11066.
11070.
11074.
11077.
11081.
11084.
11088.
11091.
11094.
11097.
11100.
11102.
11105.
11107.
11108.
11110.
11112.
11114.
11115.
11116.
11117.
11118.
11119.
11120.
11120.
11121.
11122.
11121.
11121.
11121.
11121.
11121.
11121.
11120.
11119.
11118.
11118.
11117.
11117.
11115.
11115.
11114.
11113.
11111.
11110.
11108.
11108.
11106.
11105.
11103.
11101.
11099.
11098.
11096.
11095.
11092.
11091.
11088.
11087.
11084.
11082.
11080.
11077.
11075.
11073.
11071.
11068.
11067.
11065.
11061.
11059.
11056.
11054.
11051.
11049.
11046.
11043.
11040.
11038.
11035.
11032.
11029.
11026.
11023.
11020.
11018.
11016.
11012.
11010.
11006.
11004.
11000.
10998.
10994.
10992.
10989.
10986.
10982.
10980.
10976.
10974.
10970.
10967.
10964.
10962.
10959.
10955.
10952.
10949.
10946.
10943.
10939.
10936.
10932.
10930.
10927.
10924.
10921.
10917.
10914.
10911.
10907.
10903.
10901.
10897.
10893.
10889.
10887.
10884.
10879.
10875.
10872.
10869.
10864.
10861.
10856.
10852.
10849.
10845.
10840.
10836.
10832.
10828.
10823.
10819.
10814.
10810.
10805.
10801.
10796.
10791.
10786.
10781.
10775.
10770.
10764.
10760.
10754.
10748.
10742.
10737.
10731.
10725.
10719.
10713.
10706.
10700.
10694.
10687.
10681.
10674.
10668.
10661.
10654.
10647.
10639.
10633.
10625.
10618.
10610.
10603.
10595.
10587.
10580.
10572.
10564.
10555.
10547.
10539.
10531.
10521.
10514.
10503.
10494.
10486.
10478.
10468.
10459.
10450.
10440.
10431.
10421.
10411.
10401.
10390.
10381.
10371.
10360.
10350.
10339.
10329.
10318.
10308.
10296.
10285.
10274.
10262.
10252.
10240.
10229.
10217.
10205.
10194.
10182.
10170.
10157.
10145.
10133.
10121.
10108.
10095.
10082.
10070.
10057.
10045.
10032.
10018.
10004.
9992.
9977.
9964.
9949.
9936.
9922.
9908.
9894.
9880.
9866.
9851.
9836.
9822.
9808.
9792.
9778.
9764.
9749.
9733.
9717.
9702.
9687.
9671.
9656.
9640.
9625.
9608.
9592.
9576.
9560.
9543.
9526.
9510.
9494.
9476.
9460.
9443.
9426.
9408.
9391.
9374.
9357.
9338.
9321.
9303.
9286.
9267.
9250.
9232.
9214.
9196.
9177.
9159.
9140.
9121.
9104.
9085.
9066.
9047.
9028.
9010.
8990.
8971.
8953.
8933.
8914.
8895.
8876.
8856.
8836.
8817.
8798.
8778.
8759.
8738.
8719.
8700.
8680.
8659.
8641.
8621.
8600.
8580.
8560.
8540.
8520.
8499.
8479.
8459.
8439.
8419.
8398.
8378.
8357.
8337.
8317.
8296.
8276.
8255.
8234.
8214.
8194.
8173.
8152.
8131.
8111.
8090.
8070.
8050.
8029.
8008.
7988.
7967.
7947.
7926.
7906.
7885.
7865.
7844.
7824.
7804.
7783.
7763.
7742.
7723.
7702.
7682.
7662.
7641.
7621.
7601.
7581.
7561.
7541.
7522.
7501.
7482.
7462.
7442.
7422.
7402.
7383.
7364.
7344.
7325.
7306.
7286.
7267.
7248.
7230.
7210.
7192.
7173.
7154.
7136.
7117.
7099.
7081.
7063.
7045.
7027.
7008.
6991.
6972.
6955.
6937.
6920.
6903.
6886.
6868.
6852.
6835.
6818.
6801.
6786.
6770.
6753.
6737.
6721.
6705.
6690.
6674.
6658.
6643.
6628.
6613.
6598.
6583.
6569.
6554.
6540.
6526.
6512.
6499.
6485.
6471.
6458.
6444.
6431.
6418.
6404.
6393.
6380.
6367.
6355.
6343.
6330.
6319.
6307.
6295.
6285.
6273.
6262.
6251.
6241.
6231.
6220.
6210.
6200.
6190.
6180.
6172.
6162.
6152.
6144.
6135.
6126.
6118.
6109.
6101.
6094.
6085.
6077.
6070.
6062.
6056.
6048.
6042.
6035.
6029.
6023.
6017.
6011.
6005.
6000.
5994.
5990.
5984.
5979.
5974.
5971.
5965.
5961.
5957.
5954.
5949.
5946.
5943.
5939.
5937.
5934.
5931.
5929.
5927.
5925.
5923.
5920.
5919.
5917.
5915.
5914.
5914.
5914.
5912.
5912.
5911.
5911.
5911.
5911.
5911.
5911.
5912.
5912.
5913.
5913.
5914.
5914.
5914.
5915.
5916.
5917.
5917.
5919.
5919.
5921.
5923.
5923.
5924.
5927.
5928.
5930.
5931.
5932.
5934.
5936.
5938.
5941.
5943.
5944.
5946.
5949.
5952.
5954.
5957.
5959.
5962.
5965.
5968.
5971.
5974.
5977.
5980.
5983.
5987.
5991.
5994.
5997.
6001.
6005.
6009.
6012.
6017.
6022.
6026.
6029.
6033.
6039.
6043.
6047.
6052.
6058.
6062.
6066.
6072.
6077.
6082.
6087.
6093.
6099.
6104.
6110.
6117.
6122.
6128.
6134.
6140.
6147.
6153.
6160.
6167.
6173.
6180.
6187.
6194.
6202.
6208.
6217.
6223.
6231.
6238.
6247.
6255.
6264.
6271.
6279.
6288.
6296.
6306.
6314.
6324.
6332.
6342.
6351.
6361.
6371.
6381.
6389.
6400.
6411.
6420.
6431.
6442.
6453.
6463.
6475.
6485.
6497.
6507.
6519.
6530.
6543.
6554.
6566.
6578.
6590.
6603.
6615.
6628.
6641.
6654.
6666.
6680.
6693.
6707.
6720.
6734.
6748.
6762.
6776.
6790.
6805.
6820.
6834.
6849.
6865.
6880.
6894.
6910.
6925.
6941.
6957.
6973.
6989.
7006.
7022.
7039.
7056.
7072.
7089.
7107.
7124.
7142.
7159.
7177.
7195.
7213.
7231.
7249.
7268.
7286.
7305.
7324.
7343.
7362.
7382.
7402.
7421.
7441.
7461.
7481.
7501.
7522.
7542.
7564.
7584.
7603.
7625.
7647.
7667.
7688.
7710.
7732.
7753.
7775.
7796.
7818.
7840.
7862.
7884.
7907.
7930.
7951.
7973.
7996.
8019.
8041.
8064.
8086.
8109.
8132.
8155.
8178.
8200.
8224.
8246.
8270.
8293.
8316.
8339.
8362.
8386.
8408.
8431.
8455.
8479.
8500.
8524.
8548.
8570.
8593.
8616.
8640.
8662.
8686.
8709.
8731.
8754.
8778.
8801.
8823.
8846.
8869.
8891.
8914.
8936.
8959.
8982.
9003.
9027.
9048.
9071.
9092.
9114.
9136.
9158.
9179.
9201.
9223.
9244.
9265.
9287.
9309.
9329.
9349.
9371.
9391.
9411.
9432.
9453.
9472.
9493.
9513.
9532.
9553.
9572.
9591.
9610.
9630.
9648.
9668.
9687.
9706.
9724.
9743.
9761.
9779.
9797.
9816.
9834.
9851.
9869.
9886.
9904.
9921.
9939.
9957.
9972.
9989.
10005.
10022.
10038.
10054.
10069.
10086.
10102.
10117.
10132.
10148.
10163.
10178.
10193.
10208.
10223.
10237.
10251.
10265.
10280.
10293.
10307.
10320.
10334.
10347.
10361.
10374.
10387.
10400.
10412.
10425.
10437.
10450.
10462.
10474.
10485.
10497.
10508.
10520.
10532.
10542.
10553.
10564.
10575.
10586.
10596.
10607.
10616.
10627.
10637.
10646.
10656.
10665.
10675.
10684.
10693.
10702.
10711.
10720.
10728.
10737.
10745.
10753.
10760.
10768.
10776.
10784.
10791.
10799.
10805.
10812.
10819.
10825.
10833.
10840.
10845.
10851.
10857.
10864.
10870.
10875.
10880.
10886.
10893.
10897.
10902.
10907.
10912.
10917.
10922.
10926.
10931.
10934.
10938.
10943.
10947.
10950.
10953.
10957.
10961.
10963.
10967.
10970.
10974.
10976.
10978.
10981.
10984.
10986.
10988.
10990.
10991.
10993.
10995.
10997.
10998.
10999.
11000.
11001.
11002.
11003.
11004.
11005.
11005.
11005.
11005.
11006.
11006.
11004.
11005.
11005.
11005.
11004.
11004.
11002.
11003.
11003.
11002.
11001.
11001.
11000.
10999.
10998.
10997.
10996.
10995.
10994.
10993.
10992.
10990.
10989.
10989.
10987.
10985.
10984.
10983.
10981.
10979.
10979.
10977.
10975.
10973.
10972.
10970.
10967.
10965.
10964.
10962.
10961.
10959.
10957.
10955.
10953.
10952.
10948.
10946.
10945.
10942.
10940.
10938.
10936.
10934.
10931.
10929.
10926.
10924.
10922.
10920.
10917.
10915.
10912.
10909.
10906.
10904.
10902.
10899.
10897.
10894.
10891.
10888.
10885.
10882.
10879.
10877.
10874.
10870.
10867.
10864.
10861.
10858.
10855.
10851.
10848.
10845.
10841.
10837.
10834.
10830.
10826.
10822.
10818.
10814.
10809.
10806.
10801.
10796.
10791.
10787.
10782.
10777.
10772.
10767.
10762.
10757.
10751.
10746.
10740.
10734.
10728.
10722.
10716.
10710.
10703.
10697.
10690.
10684.
10677.
10670.
10663.
10655.
10649.
10641.
10634.
10625.
10618.
10609.
10602.
10593.
10585.
10576.
10568.
10559.
10550.
10541.
10532.
10523.
10513.
10504.
10494.
10483.
10473.
10464.
10453.
10442.
10432.
10421.
10410.
10400.
10388.
10376.
10365.
10354.
10342.
10330.
10318.
10306.
10293.
10281.
10269.
10256.
10243.
10229.
10216.
10203.
10190.
10176.
10162.
10148.
10134.
10120.
10106.
10090.
10076.
10061.
10047.
10031.
10016.
10000.
9985.
9968.
9953.
9937.
9921.
9905.
9888.
9873.
9854.
9838.
9820.
9803.
9786.
9769.
9751.
9733.
9714.
9698.
9679.
9660.
9642.
9624.
9605.
9586.
9567.
9549.
9529.
9509.
9491.
9471.
9451.
9431.
9412.
9391.
9371.
9350.
9329.
9309.
9289.
9267.
9246.
9226.
9205.
9183.
9163.
9141.
9120.
9098.
9076.
9054.
9032.
9010.
8988.
8965.
8944.
8921.
8900.
8877.
8854.
8832.
8809.
8787.
8763.
8741.
8718.
8695.
8672.
8649.
8627.
8603.
8580.
8556.
8534.
8510.
8487.
8464.
8441.
8417.
8394.
8371.
8348.
8324.
8302.
8277.
8254.
8231.
8208.
8184.
8161.
8137.
8114.
8090.
8067.
8044.
8021.
7997.
7974.
7951.
7928.
7904.
7881.
7858.
7835.
7811.
7789.
7766.
7742.
7720.
7697.
7675.
7651.
7629.
7606.
7583.
7561.
7538.
7516.
7493.
7471.
7449.
7427.
7405.
7383.
7361.
7340.
7317.
7296.
7275.
7254.
7232.
7211.
7190.
7169.
7148.
7127.
7107.
7087.
7067.
7046.
7027.
7007.
6987.
6967.
6948.
6930.
6911.
6891.
6873.
6855.
6837.
6818.
6801.
6782.
6766.
6749.
6731.
6714.
6698.
6680.
6664.
6648.
6631.
6617.
6601.
6586.
6570.
6555.
6540.
6526.
6511.
6498.
6484.
6470.
6456.
6443.
6430.
6417.
6404.
6391.
6380.
6368.
6356.
6344.
6333.
6321.
6309.
6299.
6288.
6278.
6268.
6258.
6248.
6239.
6229.
6220.
6210.
6202.
6194.
6185.
6178.
6170.
6161.
6153.
6147.
6139.
6133.
6125.
6119.
6114.
6107.
6101.
6095.
6090.
6084.
6079.
6074.
6069.
6065.
6060.
6056.
6052.
6049.
6045.
6041.
6038.
6035.
6031.
6029.
6027.
6024.
6021.
6020.
6018.
6016.
6014.
6013.
6012.
6011.
6009.
6008.
6009.
6009.
6008.
6009.
6009.
6009.
6009.
6009.
6009.
6010.
6011.
6011.
6012.
6012.
6014.
6014.
6016.
6017.
6018.
6019.
6021.
6022.
6024.
6025.
6027.
6029.
6031.
6032.
6035.
6036.
6038.
6040.
6042.
6045.
6047.
6050.
6052.
6054.
6057.
6060.
6062.
6065.
6067.
6070.
6073.
6076.
6079.
6082.
6085.
6088.
6090.
6094.
6097.
6100.
6103.
6107.
6111.
6113.
6117.
6121.
6124.
6127.
6131.
6135.
6139.
6143.
6146.
6151.
6154.
6158.
6163.
6167.
6170.
6175.
6178.
6184.
6188.
6192.
6196.
6201.
6206.
6210.
6214.
6220.
6224.
6229.
6234.
6240.
6244.
6249.
6253.
6259.
6263.
6269.
6274.
6280.
6285.
6290.
6296.
6302.
6307.
6314.
6319.
6325.
6331.
6338.
6343.
6350.
6355.
6361.
6369.
6375.
6381.
6388.
6395.
6401.
6409.
6416.
6422.
6430.
6437.
6444.
6452.
6459.
6466.
6474.
6482.
6490.
6498.
6505.
6514.
6522.
6530.
6538.
6547.
6555.
6564.
6572.
6581.
6589.
6599.
6609.
6617.
6626.
6635.
6645.
6654.
6664.
6674.
6683.
6693.
6703.
6713.
6723.
6734.
6743.
6753.
6764.
6774.
6786.
6796.
6807.
6818.
6829.
6840.
6851.
6862.
6874.
6884.
6896.
6908.
6919.
6931.
6943.
6955.
6968.
6979.
6992.
7003.
7016.
7029.
7041.
7053.
7065.
7079.
7091.
7104.
7117.
7130.
7143.
7157.
7170.
7184.
7197.
7211.
7224.
7238.
7252.
7266.
7280.
7294.
7309.
7322.
7338.
7353.
7367.
7381.
7398.
7412.
7427.
7442.
7457.
7471.
7488.
7503.
7519.
7534.
7550.
7565.
7582.
7596.
7613.
7628.
7645.
7662.
7677.
7694.
7710.
7726.
7743.
7759.
7775.
7792.
7808.
7825.
7842.
7859.
7875.
7892.
7909.
7925.
7942.
7959.
7977.
7993.
8011.
8027.
8045.
8062.
8079.
8096.
8115.
8131.
8149.
8166.
8184.
8202.
8219.
8237.
8254.
8272.
8290.
8307.
8325.
8343.
8361.
8379.
8397.
8414.
8432.
8451.
8469.
8487.
8504.
8523.
8541.
8559.
8578.
8596.
8614.
8632.
8651.
8668.
8687.
8704.
8723.
8741.
8760.
8777.
8795.
8814.
8832.
8851.
8869.
8887.
8905.
8924.
8941.
8960.
8980.
8996.
9015.
9033.
9052.
9070.
9088.
9106.
9125.
9142.
9162.
9179.
9197.
9215.
9233.
9251.
9270.
9288.
9306.
9324.
9341.
9359.
9377.
9394.
9412.
9429.
9447.
9465.
9482.
9499.
9517.
9533.
9551.
9566.
9584.
9601.
9618.
9634.
9651.
9667.
9684.
9700.
9715.
9731.
9748.
9764.
9780.
9795.
9810.
9826.
9841.
9857.
9872.
9886.
9901.
9915.
9930.
9943.
9958.
9972.
9986.
9999.
10014.
10026.
10041.
10053.
10067.
10080.
10092.
10105.
10116.
10129.
10141.
10154.
10165.
10177.
10189.
10200.
10211.
10223.
10234.
10245.
10256.
10266.
10277.
10287.
10297.
10307.
10317.
10327.
10337.
10346.
10356.
10365.
10374.
10383.
10392.
10401.
10409.
10417.
10425.
10433.
10441.
10449.
10457.
10465.
10472.
10479.
10486.
10493.
10500.
10507.
10513.
10519.
10525.
10531.
10537.
10543.
10548.
10554.
10560.
10565.
10570.
10575.
10580.
10585.
10589.
10594.
10598.
10602.
10606.
10610.
10615.
10617.
10622.
10625.
10629.
10632.
10636.
10639.
10642.
10644.
10648.
10650.
10652.
10654.
10657.
10659.
10662.
10664.
10665.
10667.
10668.
10670.
10672.
10674.
10675.
10676.
10677.
10678.
10679.
10680.
10681.
10681.
10682.
10683.
10683.
10683.
10683.
10684.
10684.
10683.
10683.
10683.
10683.
10682.
10682.
10681.
10681.
10681.
10680.
10679.
10678.
10678.
10677.
10677.
10676.
10676.
10675.
10674.
10673.
10672.
10671.
10670.
10669.
10669.
10668.
10667.
10665.
10665.
10664.
10662.
10660.
10660.
10658.
10656.
10654.
10654.
10652.
10651.
10649.
10648.
10646.
10643.
10642.
10641.
10639.
10637.
10636.
10633.
10631.
10631.
10629.
10626.
10624.
10621.
10620.
10617.
10615.
10613.
10611.
10608.
10605.
10604.
10601.
10598.
10595.
10592.
10589.
10585.
10583.
10580.
10578.
10575.
10571.
10569.
10565.
10562.
10558.
10555.
10551.
10548.
10545.
10540.
10537.
10533.
10529.
10525.
10521.
10517.
10512.
10508.
10504.
10499.
10495.
10490.
10486.
10480.
10476.
10470.
10465.
10460.
10456.
10449.
10444.
10438.
10433.
10428.
10422.
10416.
10410.
10404.
10397.
10391.
10386.
10379.
10373.
10366.
10359.
10352.
10345.
10339.
10331.
10324.
10317.
10310.
10303.
10295.
10288.
10280.
10272.
10263.
10256.
10248.
10239.
10232.
10223.
10213.
10205.
10197.
10188.
10179.
10169.
10161.
10152.
10142.
10133.
10122.
10112.
10103.
10093.
10082.
10071.
10062.
10052.
10041.
10030.
10020.
10009.
9998.
9987.
9974.
9964.
9952.
9941.
9929.
9917.
9905.
9893.
9880.
9869.
9856.
9844.
9831.
9818.
9805.
9792.
9779.
9766.
9752.
9739.
9725.
9712.
9698.
9684.
9670.
9656.
9642.
9628.
9613.
9599.
9584.
9570.
9555.
9539.
9524.
9509.
9494.
9479.
9465.
9448.
9433.
9417.
9401.
9385.
9370.
9353.
9336.
9320.
9303.
9287.
9270.
9254.
9237.
9220.
9202.
9185.
9168.
9151.
9133.
9116.
9098.
9080.
9063.
9044.
9026.
9008.
8990.
8971.
8954.
8935.
8916.
8898.
8879.
8860.
8841.
8822.
8803.
8785.
8765.
8746.
8726.
8707.
8687.
8668.
8648.
8630.
8610.
8589.
8570.
8550.
8530.
8510.
8489.
8469.
8449.
8429.
8408.
8388.
8367.
8347.
8327.
8306.
8286.
8265.
8244.
8223.
8203.
8182.
8161.
8141.
8119.
8099.
8077.
8056.
8036.
8015.
7994.
7973.
7952.
7931.
7909.
7889.
7867.
7846.
7825.
7804.
7784.
7762.
7741.
7720.
7699.
7678.
7657.
7636.
7615.
7593.
7573.
7551.
7531.
7509.
7487.
7467.
7447.
7425.
7405.
7383.
7363.
7342.
7322.
7300.
7280.
7259.
7239.
7218.
7198.
7177.
7157.
7137.
7116.
7095.
7076.
7056.
7036.
7015.
6996.
6976.
6957.
6937.
6917.
6898.
6879.
6859.
6840.
6821.
6803.
6783.
6765.
6746.
6727.
6709.
6690.
6673.
6655.
6636.
6618.
6601.
6583.
6566.
6548.
6531.
6514.
6497.
6480.
6463.
6446.
6430.
6413.
6397.
6381.
6366.
6349.
6334.
6318.
6303.
6287.
6272.
6258.
6243.
6228.
6214.
6200.
6185.
6172.
6158.
6145.
6130.
6118.
6105.
6091.
6079.
6067.
6053.
6041.
6030.
6018.
6007.
5995.
5983.
5972.
5962.
5950.
5940.
5930.
5920.
5909.
5898.
5889.
5880.
5871.
5861.
5853.
5844.
5835.
5827.
5819.
5811.
5803.
5795.
5788.
5781.
5774.
5767.
5760.
5754.
5748.
5742.
5735.
5730.
5724.
5719.
5714.
5709.
5704.
5701.
5696.
5692.
5687.
5683.
5680.
5677.
5674.
5671.
5668.
5665.
5663.
5660.
5658.
5657.
5655.
5653.
5652.
5651.
5649.
5649.
5648.
5648.
5648.
5648.
5648.
5649.
5649.
5649.
5649.
5649.
5650.
5651.
5651.
5651.
5652.
5653.
5654.
5655.
5656.
5658.
5658.
5660.
5661.
5662.
5664.
5667.
5668.
5670.
5672.
5674.
5676.
5678.
5681.
5683.
5685.
5687.
5691.
5694.
5696.
5698.
5702.
5705.
5708.
5710.
5714.
5718.
5721.
5724.
5728.
5731.
5735.
5738.
5742.
5746.
5750.
5754.
5759.
5763.
5767.
5770.
5775.
5781.
5785.
5789.
5793.
5799.
5803.
5809.
5814.
5819.
5823.
5828.
5833.
5839.
5844.
5850.
5855.
5861.
5866.
5872.
5878.
5884.
5889.
5895.
5901.
5908.
5913.
5919.
5927.
5933.
5939.
5945.
5952.
5959.
5967.
5972.
5979.
5986.
5993.
6001.
6008.
6015.
6023.
6031.
6038.
6045.
6053.
6061.
6069.
6076.
6085.
6094.
6102.
6111.
6119.
6128.
6136.
6145.
6153.
6163.
6171.
6180.
6190.
6199.
6208.
6218.
6227.
6237.
6248.
6257.
6267.
6277.
6287.
6298.
6308.
6319.
6329.
6340.
6351.
6362.
6372.
6384.
6395.
6407.
6418.
6430.
6441.
6453.
6465.
6477.
6488.
6501.
6512.
6525.
6537.
6550.
6561.
6575.
6587.
6599.
6613.
6625.
6639.
6651.
6665.
6678.
6692.
6705.
6719.
6732.
6746.
6760.
6774.
6788.
6802.
6816.
6831.
6845.
6859.
6873.
6888.
6903.
6918.
6933.
6948.
6964.
6978.
6993.
7007.
7023.
7039.
7055.
7070.
7086.
7101.
7117.
7133.
7149.
7166.
7182.
7197.
7214.
7230.
7246.
7264.
7280.
7296.
7313.
7330.
7347.
7363.
7381.
7397.
7415.
7433.
7449.
7467.
7484.
7502.
7519.
7536.
7554.
7571.
7589.
7607.
7625.
7642.
7660.
7678.
7696.
7713.
7732.
7750.
7767.
7786.
7804.
7822.
7841.
7858.
7877.
7894.
7912.
7930.
7949.
7966.
7984.
8003.
8022.
8040.
8058.
8076.
8095.
8113.
8131.
8149.
8167.
8186.
8204.
8222.
8241.
8258.
8277.
8295.
8314.
8331.
8350.
8368.
8385.
8405.
8424.
8441.
8458.
8478.
8496.
8514.
8532.
8550.
8569.
8586.
8605.
8622.
8641.
8658.
8676.
8695.
8713.
8730.
8748.
8766.
8784.
8803.
8820.
8838.
8856.
8874.
8891.
8909.
8927.
8944.
8962.
8979.
8997.
9014.
9032.
9049.
9067.
9083.
9101.
9117.
9135.
9152.
9169.
9186.
9203.
9220.
9236.
9254.
9269.
9286.
9302.
9319.
9335.
9351.
9367.
9383.
9399.
9415.
9432.
9447.
9463.
9478.
9494.
9510.
9525.
9542.
9556.
9571.
9586.
9602.
9616.
9632.
9646.
9661.
9675.
9691.
9705.
9719.
9733.
9748.
9762.
9777.
9790.
9803.
9817.
9831.
9845.
9859.
9873.
9885.
9899.
9911.
9924.
9937.
9949.
9962.
9975.
9987.
9999.
10011.
10024.
10035.
10047.
10058.
10070.
10081.
10092.
10103.
10114.
10125.
10135.
10146.
10156.
10166.
10175.
10186.
10195.
10204.
10213.
10223.
10232.
10242.
10251.
10259.
10267.
10276.
10284.
10292.
10300.
10308.
10316.
10322.
10331.
10338.
10344.
10351.
10358.
10365.
10371.
10378.
10384.
10390.
10396.
10402.
10407.
10413.
10418.
10424.
10429.
10434.
10438.
10444.
10448.
10452.
10457.
10462.
10466.
10469.
10473.
10477.
10482.
10484.
10488.
10492.
10495.
10497.
10501.
10504.
10506.
10509.
10512.
10515.
10517.
10519.
10521.
10523.
10525.
10527.
10529.
10531.
10532.
10534.
10535.
10536.
10537.
10538.
10540.
10540.
10541.
10541.
10542.
10543.
10543.
10544.
10544.
10542.
10544.
10543.
10543.
10543.
10542.
10543.
10542.
10542.
10542.
10541.
10540.
10540.
10538.
10538.
10537.
10537.
10536.
10536.
10535.
10534.
10532.
10533.
10531.
10530.
10529.
10528.
10526.
10525.
10523.
10523.
10522.
10521.
10520.
10518.
10516.
10516.
10514.
10513.
10511.
10509.
10508.
10507.
10505.
10503.
10501.
10501.
10498.
10497.
10495.
10493.
10491.
10489.
10487.
10486.
10483.
10482.
10480.
10477.
10475.
10473.
10471.
10469.
10466.
10464.
10461.
10459.
10456.
10454.
10452.
10449.
10446.
10444.
10441.
10439.
10435.
10433.
10430.
10427.
10424.
10421.
10417.
10415.
10411.
10408.
10404.
10402.
10398.
10394.
10391.
10387.
10383.
10379.
10375.
10371.
10367.
10362.
10358.
10354.
10350.
10346.
10342.
10336.
10332.
10327.
10322.
10317.
10312.
10307.
10301.
10296.
10291.
10286.
10280.
10274.
10268.
10263.
10257.
10251.
10245.
10239.
10232.
10227.
10220.
10214.
10207.
10200.
10194.
10186.
10180.
10172.
10166.
10158.
10151.
10144.
10137.
10128.
10121.
10113.
10106.
10099.
10090.
10082.
10074.
10065.
10058.
10049.
10041.
10032.
10022.
10014.
10005.
9996.
9986.
9978.
9969.
9960.
9950.
9940.
9930.
9921.
9910.
9900.
9891.
9879.
9870.
9860.
9848.
9838.
9827.
9816.
9806.
9795.
9783.
9771.
9761.
9750.
9738.
9728.
9716.
9704.
9692.
9680.
9668.
9656.
9644.
9632.
9619.
9607.
9594.
9582.
9570.
9557.
9544.
9531.
9519.
9505.
9492.
9478.
9465.
9452.
9438.
9425.
9411.
9398.
9383.
9370.
9355.
9341.
9327.
9313.
9298.
9284.
9269.
9255.
9239.
9225.
9211.
9195.
9180.
9165.
9150.
9134.
9119.
9103.
9088.
9072.
9057.
9041.
9025.
9009.
8994.
8977.
8962.
8945.
8929.
8912.
8896.
8879.
8863.
8847.
8830.
8813.
8795.
8779.
8762.
8745.
8728.
8711.
8694.
8676.
8660.
8643.
8625.
8607.
8589.
8571.
8554.
8537.
8519.
8501.
8484.
8466.
8447.
8429.
8412.
8394.
8375.
8357.
8338.
8320.
8302.
8283.
8265.
8246.
8228.
8209.
8191.
8172.
8153.
8134.
8115.
8096.
8077.
8059.
8040.
8021.
8001.
7982.
7964.
7944.
7925.
7905.
7887.
7867.
7848.
7828.
7810.
7790.
7771.
7751.
7733.
7713.
7694.
7674.
7655.
7635.
7616.
7596.
7578.
7557.
7539.
7519.
7500.
7481.
7462.
7441.
7422.
7403.
7384.
7365.
7346.
7327.
7307.
7288.
7269.
7250.
7230.
7211.
7193.
7174.
7155.
7136.
7117.
7098.
7080.
7060.
7042.
7024.
7005.
6987.
6969.
6950.
6933.
6915.
6897.
6880.
6862.
6844.
6827.
6808.
6792.
6775.
6759.
6741.
6724.
6707.
6691.
6675.
6658.
6642.
6626.
6611.
6594.
6578.
6563.
6548.
6532.
6516.
6501.
6487.
6472.
6458.
6443.
6429.
6415.
6401.
6387.
6374.
6360.
6347.
6333.
6321.
6308.
6295.
6282.
6270.
6258.
6245.
6235.
6222.
6210.
6198.
6187.
6177.
6166.
6154.
6145.
6134.
6124.
6115.
6105.
6095.
6086.
6076.
6067.
6058.
6050.
6042.
6033.
6025.
6017.
6009.
6001.
5994.
5987.
5980.
5973.
5966.
5960.
5953.
5947.
5941.
5936.
5930.
5925.
5919.
5914.
5909.
5905.
5900.
5896.
5891.
5888.
5883.
5879.
5876.
5872.
5870.
5866.
5863.
5861.
5859.
5857.
5855.
5853.
5851.
5850.
5849.
5848.
5847.
5846.
5845.
5845.
5845.
5845.
5844.
5845.
5845.
5846.
5845.
5846.
5847.
5847.
5849.
5850.
5850.
5852.
5853.
5854.
5855.
5856.
5858.
5860.
5862.
5864.
5866.
5869.
5870.
5872.
5876.
5878.
5881.
5882.
5886.
5888.
5891.
5894.
5898.
5901.
5905.
5907.
5911.
5915.
5919.
5922.
5926.
5931.
5935.
5938.
5943.
5948.
5952.
5956.
5961.
5967.
5971.
5976.
5981.
5986.
5991.
5996.
6002.
6007.
6012.
6018.
6024.
6030.
6036.
6042.
6048.
6054.
6061.
6067.
6075.
6081.
6088.
6094.
6101.
6108.
6115.
6122.
6130.
6136.
6144.
6152.
6159.
6167.
6175.
6183.
6191.
6199.
6207.
6216.
6224.
6233.
6242.
6250.
6259.
6268.
6277.
6287.
6296.
6305.
6315.
6324.
6333.
6344.
6354.
6363.
6373.
6383.
6393.
6404.
6415.
6425.
6436.
6446.
6457.
6469.
6479.
6491.
6501.
6513.
6524.
6536.
6548.
6559.
6571.
6583.
6595.
6607.
6619.
6631.
6645.
6657.
6669.
6681.
6695.
6708.
6720.
6733.
6746.
6759.
6772.
6785.
6799.
6812.
6826.
6840.
6854.
6868.
6882.
6896.
6910.
6924.
6938.
6953.
6967.
6982.
6996.
7011.
7025.
7040.
7055.
7070.
7085.
7101.
7116.
7130.
7146.
7163.
7177.
7194.
7209.
7225.
7240.
7256.
7273.
7289.
7305.
7322.
7337.
7354.
7371.
7387.
7405.
7421.
7438.
7455.
7471.
7489.
7506.
7523.
7541.
7558.
7575.
7593.
7611.
7629.
7645.
7663.
7682.
7700.
7717.
7734.
7752.
7770.
7789.
7807.
7824.
7843.
7860.
7879.
7897.
7915.
7933.
7952.
7970.
7989.
8007.
8025.
8043.
8062.
8081.
8099.
8118.
8136.
8155.
8174.
8192.
8211.
8230.
8249.
8268.
8286.
8306.
8324.
8343.
8362.
8380.
8399.
8419.
8438.
8457.
8476.
8496.
8514.
8534.
8552.
8571.
8590.
8610.
8628.
8648.
8666.
8686.
8705.
8724.
8743.
8762.
8782.
8800.
8819.
8838.
8857.
8876.
8895.
8913.
8932.
8950.
8969.
8988.
9006.
9025.
9043.
9062.
9080.
9098.
9116.
9135.
9153.
9171.
9190.
9206.
9225.
9243.
9262.
9279.
9297.
9314.
9332.
9349.
9367.
9383.
9402.
9418.
9436.
9453.
9470.
9488.
9504.
9521.
9538.
9554.
9571.
9588.
9603.
9620.
9636.
9652.
9668.
9685.
9700.
9716.
9732.
9747.
9763.
9779.
9794.
9810.
9825.
9839.
9854.
9870.
9884.
9900.
9914.
9928.
9942.
9958.
9972.
9985.
9999.
10013.
10027.
10041.
10055.
10068.
10082.
10095.
10108.
10121.
10135.
10147.
10160.
10172.
10185.
10197.
10210.
10222.
10234.
10246.
10257.
10269.
10281.
10292.
10304.
10315.
10326.
10337.
10348.
10359.
10369.
10379.
10390.
10400.
10410.
10421.
10430.
10439.
10449.
10460.
10468.
10477.
10486.
10495.
10504.
10513.
10521.
10529.
10538.
10546.
10553.
10561.
10569.
10576.
10584.
10590.
10598.
10605.
10611.
10617.
10625.
10631.
10637.
10644.
10649.
10655.
10661.
10667.
10671.
10677.
10682.
10687.
10691.
10697.
10701.
10705.
10709.
10714.
10718.
10721.
10725.
10729.
10733.
10736.
10739.
10743.
10746.
10748.
10751.
10754.
10757.
10759.
10762.
10763.
10765.
10767.
10769.
10771.
10772.
10774.
10775.
10776.
10777.
10778.
10779.
10780.
10781.
10781.
10782.
10782.
10782.
10783.
10782.
10782.
10782.
10782.
10781.
10781.
10780.
10780.
10779.
10779.
10778.
10777.
10776.
10776.
10774.
10773.
10771.
10771.
10769.
10769.
10767.
10765.
10763.
10762.
10760.
10759.
10757.
10756.
10754.
10752.
10750.
10748.
10746.
10744.
10742.
10739.
10737.
10735.
10733.
10730.
10728.
10725.
10723.
10720.
10717.
10714.
10711.
10709.
10706.
10704.
10700.
10697.
10694.
10691.
10687.
10684.
10680.
10677.
10674.
10670.
10667.
10663.
10659.
10656.
10652.
10647.
10644.
10639.
10635.
10631.
10627.
10623.
10619.
10614.
10609.
10604.
10600.
10595.
10591.
10586.
10581.
10575.
10570.
10565.
10560.
10554.
10549.
10543.
10538.
10531.
10525.
10519.
10514.
10508.
10502.
10496.
10489.
10483.
10476.
10469.
10463.
10456.
10449.
10442.
10435.
10428.
10421.
10413.
10406.
10399.
10391.
10384.
10376.
10368.
10361.
10352.
10344.
10335.
10328.
10320.
10311.
10303.
10294.
10285.
10276.
10267.
10258.
10250.
10240.
10231.
10221.
10212.
10203.
10193.
10183.
10173.
10163.
10153.
10143.
10133.
10122.
10112.
10102.
10091.
10081.
10070.
10059.
10048.
10037.
10026.
10014.
10003.
9992.
9980.