10874.
10874.
10874.
10875.
10875.
10875.
10874.
10873.
10875.
10874.
10874.
10874.
10874.
10874.
10874.
10874.
10874.
10875.
10874.
10874.
10874.
10874.
10874.
10875.
10874.
10873.
10875.
10874.
10874.
10875.
10874.
10874.
10875.
10875.
10874.
10874.
10874.
10875.
10874.
10874.
10874.
10874.
10874.
10874.
10874.
10874.
10874.
10875.
10874.
10874.
10873.
10874.
10874.
10874.
10873.
10874.
10875.
10874.
10874.
10874.
10873.
10874.
10874.
10874.
10875.
10874.
10875.
10874.
10873.
10874.
10874.
10874.
10874.
10874.
10874.
10874.
10874.
10874.
10874.
10874.
10873.
10875.
10875.
10874.
10874.
10874.
10874.
10873.
10874.
10875.
10874.
10874.
10874.
10874.
10874.
10874.
10874.
10874.
10873.
10874.
10874.
10874.
10874.
10874.
10874.
10874.
10874.
10874.
10874.
10874.
10874.
10873.
10874.
10874.
10875.
10873.
10875.
10874.
10874.
10874.
10874.
10875.
10874.
10874.
10874.
10873.
10874.
10874.
10874.
10874.
10874.
10874.
10874.
10874.
10874.
10875.
10874.
10874.
10874.
10874.
10874.
10875.
10874.
10873.
10874.
10875.
10874.
10873.
10874.
10874.
10874.
10875.
10874.
10873.
10874.
10874.
10874.
10875.
10873.
10873.
10874.
10874.
10873.
10873.
10874.
10874.
10873.
10873.
10874.
10874.
10873.
10873.
10874.
10873.
10873.
10873.
10873.
10873.
10873.
10873.
10873.
10872.
10873.
10872.
10872.
10872.
10872.
10872.
10873.
10872.
10872.
10872.
10871.
10871.
10871.
10871.
10871.
10871.
10871.
10870.
10870.
10870.
10870.
10870.
10869.
10869.
10869.
10869.
10869.
10868.
10868.
10868.
10867.
10868.
10867.
10867.
10867.
10866.
10865.
10865.
10866.
10864.
10865.
10864.
10863.
10862.
10862.
10861.
10862.
10860.
10859.
10859.
10859.
10857.
10857.
10856.
10856.
10855.
10854.
10852.
10852.
10851.
10851.
10849.
10848.
10847.
10847.
10845.
10844.
10843.
10841.
10841.
10839.
10837.
10836.
10834.
10832.
10831.
10830.
10828.
10826.
10824.
10823.
10821.
10819.
10817.
10815.
10814.
10811.
10810.
10807.
10805.
10803.
10800.
10798.
10796.
10793.
10791.
10789.
10786.
10784.
10781.
10779.
10776.
10773.
10770.
10768.
10764.
10762.
10758.
10756.
10752.
10749.
10746.
10743.
10740.
10737.
10734.
10730.
10727.
10724.
10720.
10716.
10713.
10709.
10706.
10702.
10699.
10694.
10691.
10687.
10683.
10680.
10675.
10671.
10667.
10664.
10659.
10655.
10651.
10647.
10642.
10638.
10634.
10630.
10625.
10621.
10616.
10612.
10607.
10603.
10598.
10594.
10589.
10584.
10579.
10575.
10569.
10565.
10560.
10555.
10550.
10545.
10540.
10535.
10529.
10525.
10519.
10515.
10509.
10504.
10498.
10493.
10487.
10482.
10476.
10471.
10465.
10459.
10454.
10448.
10442.
10436.
10430.
10425.
10418.
10412.
10406.
10401.
10394.
10387.
10382.
10375.
10369.
10362.
10356.
10350.
10343.
10337.
10329.
10323.
10316.
10310.
10304.
10297.
10289.
10283.
10275.
10268.
10261.
10255.
10247.
10241.
10233.
10226.
10218.
10211.
10204.
10197.
10189.
10182.
10174.
10166.
10158.
10151.
10143.
10136.
10128.
10120.
10112.
10104.
10096.
10088.
10080.
10072.
10064.
10055.
10048.
10039.
10031.
10023.
10014.
10005.
9997.
9988.
9980.
9972.
9963.
9954.
9945.
9937.
9928.
9920.
9909.
9901.
9892.
9883.
9875.
9866.
9856.
9848.
9838.
9830.
9821.
9811.
9801.
9792.
9783.
9774.
9763.
9755.
9744.
9736.
9726.
9716.
9706.
9696.
9686.
9678.
9668.
9658.
9648.
9638.
9628.
9618.
9608.
9598.
9587.
9578.
9567.
9557.
9547.
9538.
9527.
9517.
9506.
9496.
9486.
9475.
9465.
9454.
9443.
9433.
9422.
9412.
9401.
9390.
9380.
9369.
9359.
9348.
9337.
9326.
9315.
9305.
9293.
9283.
9271.
9261.
9249.
9239.
9227.
9216.
9205.
9194.
9183.
9172.
9161.
9149.
9138.
9127.
9115.
9104.
9091.
9081.
9070.
9058.
9047.
9036.
9024.
9013.
9000.
8989.
8977.
8965.
8954.
8942.
8931.
8918.
8907.
8895.
8883.
8872.
8859.
8848.
8836.
8823.
8812.
8800.
8788.
8775.
8764.
8752.
8739.
8727.
8715.
8703.
8690.
8678.
8667.
8654.
8643.
8630.
8618.
8606.
8594.
8581.
8569.
8556.
8544.
8532.
8520.
8507.
8494.
8482.
8469.
8457.
8444.
8433.
8420.
8408.
8396.
8383.
8371.
8358.
8347.
8333.
8321.
8308.
8295.
8284.
8271.
8258.
8246.
8234.
8221.
8210.
8197.
8184.
8172.
8160.
8147.
8135.
8122.
8110.
8097.
8085.
8073.
8060.
8048.
8035.
8023.
8010.
7998.
7986.
7974.
7962.
7949.
7937.
7925.
7913.
7900.
7888.
7876.
7863.
7851.
7839.
7827.
7814.
7803.
7790.
7778.
7766.
7754.
7742.
7731.
7718.
7706.
7695.
7682.
7670.
7659.
7647.
7634.
7623.
7611.
7599.
7586.
7575.
7564.
7552.
7540.
7529.
7517.
7506.
7493.
7482.
7471.
7460.
7447.
7436.
7424.
7413.
7401.
7390.
7379.
7367.
7355.
7345.
7333.
7322.
7310.
7299.
7289.
7276.
7264.
7253.
7243.
7232.
7220.
7210.
7198.
7188.
7177.
7165.
7154.
7144.
7131.
7120.
7111.
7100.
7088.
7078.
7068.
7057.
7047.
7036.
7025.
7015.
7004.
6994.
6983.
6973.
6962.
6952.
6942.
6932.
6922.
6911.
6902.
6891.
6882.
6871.
6860.
6852.
6842.
6832.
6821.
6813.
6803.
6793.
6783.
6774.
6764.
6755.
6744.
6736.
6726.
6718.
6708.
6699.
6689.
6681.
6670.
6662.
6653.
6644.
6635.
6627.
6617.
6609.
6600.
6591.
6582.
6574.
6565.
6557.
6548.
6540.
6532.
6524.
6514.
6506.
6499.
6490.
6482.
6474.
6465.
6458.
6450.
6442.
6434.
6427.
6419.
6411.
6404.
6396.
6388.
6380.
6373.
6366.
6357.
6351.
6344.
6336.
6329.
6322.
6314.
6307.
6299.
6293.
6286.
6279.
6271.
6265.
6258.
6252.
6245.
6238.
6232.
6225.
6218.
6212.
6205.
6199.
6192.
6186.
6180.
6174.
6168.
6162.
6155.
6150.
6143.
6138.
6132.
6126.
6120.
6115.
6109.
6103.
6097.
6092.
6086.
6081.
6076.
6070.
6065.
6060.
6055.
6050.
6044.
6039.
6034.
6030.
6024.
6020.
6014.
6010.
6004.
6001.
5996.
5991.
5987.
5982.
5977.
5973.
5970.
5965.
5960.
5957.
5953.
5949.
5944.
5941.
5937.
5934.
5930.
5926.
5923.
5919.
5916.
5913.
5910.
5906.
5902.
5900.
5896.
5893.
5890.
5887.
5884.
5882.
5879.
5877.
5874.
5872.
5869.
5867.
5865.
5862.
5860.
5858.
5856.
5855.
5852.
5851.
5849.
5846.
5846.
5845.
5842.
5841.
5841.
5839.
5838.
5836.
5836.
5834.
5834.
5833.
5833.
5831.
5831.
5830.
5830.
5830.
5830.
5829.
5829.
5829.
5830.
5830.
5830.
5831.
5831.
5830.
5831.
5831.
5832.
5833.
5833.
5834.
5834.
5836.
5836.
5837.
5838.
5839.
5839.
5840.
5842.
5844.
5844.
5845.
5847.
5848.
5850.
5851.
5853.
5854.
5856.
5857.
5859.
5861.
5863.
5864.
5866.
5868.
5870.
5872.
5875.
5876.
5879.
5881.
5883.
5885.
5887.
5890.
5892.
5895.
5897.
5900.
5903.
5905.
5908.
5911.
5914.
5917.
5919.
5923.
5925.
5928.
5931.
5935.
5937.
5941.
5944.
5948.
5950.
5953.
5958.
5961.
5964.
5968.
5972.
5975.
5979.
5982.
5985.
5989.
5993.
5997.
6002.
6005.
6009.
6012.
6016.
6021.
6025.
6029.
6034.
6038.
6043.
6046.
6050.
6056.
6060.
6064.
6068.
6074.
6078.
6083.
6087.
6093.
6097.
6101.
6106.
6112.
6117.
6121.
6126.
6132.
6137.
6142.
6147.
6153.
6158.
6163.
6168.
6174.
6179.
6185.
6190.
6196.
6201.
6207.
6213.
6218.
6224.
6230.
6236.
6242.
6247.
6254.
6260.
6266.
6271.
6277.
6284.
6290.
6295.
6302.
6308.
6315.
6321.
6328.
6333.
6341.
6346.
6353.
6360.
6366.
6372.
6380.
6386.
6393.
6400.
6407.
6413.
6420.
6428.
6433.
6440.
6447.
6455.
6462.
6468.
6475.
6482.
6489.
6497.
6504.
6511.
6519.
6526.
6533.
6540.
6547.
6555.
6562.
6569.
6576.
6584.
6591.
6599.
6607.
6614.
6621.
6629.
6637.
6644.
6651.
6659.
6667.
6674.
6682.
6689.
6697.
6705.
6713.
6719.
6727.
6735.
6744.
6751.
6758.
6766.
6775.
6782.
6790.
6799.
6806.
6813.
6822.
6829.
6838.
6845.
6854.
6862.
6871.
6878.
6886.
6895.
6903.
6911.
6920.
6927.
6936.
6944.
6953.
6961.
6970.
6979.
6987.
6995.
7004.
7013.
7021.
7030.
7038.
7047.
7055.
7065.
7073.
7082.
7090.
7099.
7108.
7117.
7125.
7134.
7143.
7151.
7161.
7170.
7179.
7187.
7196.
7205.
7214.
7223.
7232.
7241.
7250.
7259.
7268.
7276.
7286.
7294.
7304.
7313.
7322.
7331.
7341.
7349.
7358.
7368.
7377.
7385.
7395.
7404.
7413.
7422.
7432.
7440.
7450.
7458.
7468.
7476.
7486.
7495.
7505.
7513.
7523.
7531.
7541.
7550.
7559.
7568.
7578.
7586.
7595.
7604.
7614.
7623.
7632.
7641.
7650.
7658.
7668.
7677.
7686.
7694.
7704.
7713.
7722.
7731.
7740.
7748.
7758.
7766.
7775.
7784.
7793.
7802.
7811.
7820.
7829.
7838.
7847.
7855.
7864.
7873.
7883.
7891.
7901.
7909.
7918.
7927.
7936.
7944.
7953.
7962.
7970.
7980.
7988.
7998.
8006.
8016.
8024.
8034.
8042.
8051.
8060.
8069.
8078.
8086.
8095.
8104.
8114.
8122.
8130.
8139.
8148.
8157.
8167.
8175.
8185.
8193.
8202.
8211.
8219.
8229.
8237.
8247.
8256.
8264.
8272.
8282.
8291.
8300.
8309.
8319.
8327.
8336.
8346.
8354.
8363.
8373.
8381.
8390.
8399.
8408.
8417.
8426.
8435.
8445.
8453.
8463.
8471.
8481.
8489.
8499.
8507.
8517.
8526.
8535.
8544.
8553.
8561.
8572.
8581.
8589.
8598.
8608.
8616.
8625.
8634.
8644.
8653.
8662.
8671.
8680.
8690.
8698.
8708.
8717.
8726.
8735.
8744.
8754.
8763.
8771.
8781.
8790.
8799.
8809.
8818.
8827.
8836.
8845.
8854.
8864.
8873.
8882.
8892.
8901.
8910.
8919.
8928.
8937.
8946.
8955.
8965.
8974.
8983.
8992.
9002.
9011.
9021.
9030.
9039.
9048.
9058.
9067.
9075.
9084.
9094.
9102.
9113.
9122.
9131.
9140.
9149.
9158.
9168.
9176.
9186.
9194.
9204.
9213.
9222.
9231.
9240.
9249.
9259.
9268.
9276.
9285.
9294.
9303.
9313.
9321.
9330.
9340.
9348.
9357.
9366.
9376.
9383.
9392.
9401.
9410.
9419.
9428.
9436.
9445.
9455.
9463.
9472.
9480.
9489.
9497.
9507.
9515.
9524.
9532.
9541.
9549.
9558.
9566.
9576.
9583.
9592.
9600.
9609.
9617.
9626.
9634.
9643.
9651.
9659.
9667.
9675.
9684.
9692.
9700.
9709.
9716.
9725.
9733.
9741.
9749.
9758.
9765.
9774.
9781.
9789.
9797.
9805.
9814.
9822.
9829.
9837.
9845.
9853.
9860.
9869.
9876.
9883.
9892.
9899.
9906.
9915.
9922.
9929.
9937.
9945.
9952.
9960.
9968.
9976.
9983.
9991.
9997.
10006.
10012.
10021.
10026.
10035.
10041.
10049.
10056.
10064.
10070.
10078.
10085.
10093.
10100.
10107.
10113.
10121.
10128.
10135.
10141.
10149.
10155.
10163.
10170.
10177.
10183.
10191.
10198.
10204.
10211.
10218.
10225.
10232.
10238.
10244.
10251.
10258.
10264.
10271.
10277.
10284.
10290.
10296.
10303.
10310.
10316.
10323.
10329.
10335.
10342.
10347.
10354.
10360.
10366.
10373.
10378.
10386.
10391.
10397.
10404.
10408.
10415.
10422.
10427.
10433.
10439.
10445.
10450.
10456.
10462.
10468.
10473.
10479.
10485.
10491.
10496.
10502.
10507.
10513.
10518.
10524.
10528.
10534.
10539.
10545.
10550.
10556.
10560.
10566.
10570.
10576.
10580.
10585.
10590.
10596.
10600.
10606.
10610.
10616.
10621.
10625.
10630.
10635.
10639.
10644.
10648.
10653.
10658.
10662.
10667.
10670.
10675.
10680.
10684.
10688.
10693.
10697.
10701.
10705.
10710.
10714.
10717.
10721.
10726.
10730.
10733.
10736.
10742.
10746.
10748.
10753.
10756.
10760.
10763.
10766.
10771.
10775.
10778.
10781.
10785.
10789.
10792.
10795.
10798.
10802.
10805.
10809.
10812.
10815.
10818.
10821.
10824.
10827.
10829.
10833.
10836.
10839.
10842.
10844.
10847.
10850.
10852.
10855.
10858.
10861.
10863.
10865.
10868.
10871.
10873.
10875.
10877.
10879.
10881.
10884.
10886.
10889.
10890.
10892.
10894.
10897.
10898.
10900.
10902.
10903.
10904.
10907.
10908.
10910.
10912.
10913.
10914.
10916.
10917.
10920.
10920.
10922.
10923.
10925.
10926.
10927.
10928.
10929.
10930.
10931.
10932.
10933.
10934.
10935.
10935.
10936.
10936.
10938.
10939.
10940.
10939.
10941.
10941.
10942.
10942.
10942.
10943.
10943.
10943.
10944.
10943.
10944.
10944.
10945.
10945.
10944.
10944.
10944.
10944.
10943.
10943.
10943.
10944.
10943.
10943.
10942.
10942.
10942.
10942.
10941.
10941.
10941.
10940.
10939.
10939.
10939.
10938.
10937.
10937.
10937.
10936.
10935.
10935.
10934.
10933.
10933.
10933.
10932.
10930.
10930.
10929.
10928.
10927.
10926.
10925.
10924.
10922.
10921.
10920.
10919.
10917.
10916.
10915.
10914.
10912.
10911.
10910.
10907.
10905.
10905.
10903.
10901.
10900.
10898.
10896.
10895.
10892.
10890.
10889.
10886.
10885.
10882.
10880.
10878.
10876.
10873.
10871.
10870.
10867.
10864.
10862.
10859.
10857.
10854.
10851.
10849.
10846.
10843.
10840.
10838.
10834.
10831.
10827.
10825.
10821.
10819.
10815.
10812.
10809.
10805.
10801.
10798.
10794.
10790.
10787.
10783.
10780.
10776.
10772.
10768.
10763.
10760.
10755.
10751.
10747.
10742.
10738.
10734.
10729.
10725.
10721.
10716.
10711.
10706.
10702.
10697.
10693.
10688.
10683.
10678.
10673.
10668.
10663.
10659.
10653.
10648.
10643.
10638.
10633.
10627.
10621.
10616.
10611.
10606.
10600.
10594.
10588.
10583.
10578.
10572.
10565.
10560.
10554.
10548.
10542.
10536.
10530.
10524.
10517.
10512.
10506.
10499.
10492.
10487.
10480.
10473.
10467.
10460.
10454.
10447.
10440.
10434.
10428.
10420.
10414.
10406.
10400.
10393.
10386.
10378.
10372.
10365.
10358.
10350.
10344.
10336.
10329.
10321.
10314.
10307.
10300.
10292.
10284.
10276.
10269.
10261.
10253.
10246.
10238.
10230.
10222.
10215.
10207.
10199.
10190.
10182.
10174.
10166.
10158.
10150.
10141.
10134.
10125.
10117.
10109.
10100.
10092.
10083.
10075.
10066.
10057.
10049.
10041.
10032.
10024.
10015.
10005.
9997.
9989.
9980.
9971.
9963.
9954.
9944.
9935.
9926.
9918.
9908.
9899.
9890.
9881.
9872.
9863.
9854.
9844.
9835.
9826.
9816.
9807.
9798.
9788.
9778.
9768.
9759.
9749.
9740.
9731.
9721.
9711.
9702.
9692.
9683.
9672.
9663.
9653.
9643.
9633.
9624.
9613.
9604.
9593.
9583.
9574.
9564.
9554.
9543.
9533.
9523.
9513.
9503.
9493.
9482.
9472.
9462.
9452.
9442.
9432.
9421.
9411.
9401.
9390.
9380.
9370.
9359.
9348.
9337.
9327.
9317.
9307.
9297.
9286.
9275.
9265.
9254.
9243.
9233.
9222.
9211.
9201.
9190.
9180.
9170.
9159.
9148.
9138.
9127.
9116.
9107.
9095.
9084.
9074.
9063.
9053.
9042.
9031.
9020.
9010.
8999.
8989.
8978.
8967.
8957.
8946.
8935.
8924.
8913.
8902.
8892.
8881.
8870.
8860.
8849.
8837.
8827.
8816.
8806.
8794.
8784.
8773.
8762.
8751.
8741.
8730.
8719.
8708.
8697.
8686.
8676.
8665.
8654.
8643.
8632.
8621.
8611.
8600.
8589.
8578.
8567.
8556.
8546.
8535.
8524.
8513.
8502.
8492.
8480.
8470.
8459.
8448.
8438.
8427.
8415.
8405.
8394.
8383.
8374.
8363.
8352.
8341.
8330.
8319.
8309.
8297.
8287.
8276.
8265.
8255.
8244.
8233.
8223.
8212.
8202.
8191.
8180.
8170.
8159.
8149.
8138.
8128.
8116.
8107.
8096.
8086.
8076.
8065.
8054.
8044.
8034.
8023.
8012.
8004.
7993.
7982.
7971.
7961.
7951.
7941.
7931.
7921.
7911.
7900.
7890.
7881.
7870.
7860.
7850.
7840.
7830.
7820.
7810.
7800.
7790.
7779.
7770.
7760.
7751.
7741.
7730.
7720.
7711.
7701.
7691.
7681.
7672.
7662.
7652.
7643.
7633.
7622.
7614.
7603.
7595.
7585.
7575.
7566.
7557.
7547.
7537.
7528.
7518.
7508.
7499.
7489.
7480.
7469.
7461.
7452.
7443.
7433.
7423.
7414.
7406.
7397.
7387.
7377.
7368.
7359.
7350.
7341.
7331.
7321.
7313.
7304.
7295.
7285.
7276.
7268.
7258.
7249.
7240.
7232.
7222.
7212.
7204.
7196.
7185.
7177.
7167.
7158.
7149.
7141.
7132.
7124.
7115.
7106.
7096.
7088.
7079.
7070.
7061.
7052.
7044.
7036.
7027.
7018.
7009.
7000.
6992.
6984.
6975.
6967.
6957.
6950.
6941.
6932.
6925.
6916.
6907.
6899.
6891.
6882.
6875.
6866.
6857.
6850.
6842.
6833.
6825.
6817.
6809.
6801.
6794.
6785.
6778.
6769.
6762.
6754.
6746.
6738.
6730.
6722.
6715.
6707.
6699.
6692.
6684.
6677.
6669.
6661.
6654.
6646.
6639.
6632.
6624.
6617.
6609.
6603.
6595.
6587.
6580.
6573.
6566.
6559.
6552.
6545.
6538.
6531.
6524.
6517.
6510.
6502.
6496.
6489.
6483.
6475.
6469.
6462.
6456.
6449.
6443.
6436.
6430.
6422.
6416.
6410.
6404.
6397.
6391.
6385.
6379.
6372.
6367.
6360.
6354.
6348.
6341.
6336.
6330.
6324.
6318.
6312.
6306.
6300.
6295.
6289.
6283.
6277.
6272.
6266.
6261.
6256.
6250.
6244.
6239.
6233.
6229.
6223.
6218.
6212.
6207.
6203.
6198.
6192.
6187.
6182.
6178.
6173.
6168.
6163.
6158.
6153.
6149.
6144.
6140.
6135.
6131.
6127.
6123.
6118.
6114.
6110.
6106.
6101.
6097.
6093.
6089.
6085.
6081.
6078.
6074.
6070.
6066.
6063.
6059.
6057.
6053.
6050.
6046.
6043.
6039.
6037.
6033.
6031.
6028.
6025.
6022.
6020.
6017.
6014.
6012.
6009.
6007.
6004.
6002.
6000.
5998.
5996.
5993.
5992.
5989.
5988.
5987.
5985.
5983.
5982.
5980.
5979.
5978.
5977.
5976.
5975.
5973.
5972.
5971.
5970.
5971.
5970.
5969.
5969.
5968.
5967.
5969.
5968.
5968.
5969.
5967.
5968.
5969.
5969.
5969.
5969.
5969.
5970.
5969.
5970.
5971.
5971.
5972.
5972.
5973.
5973.
5974.
5974.
5976.
5976.
5977.
5978.
5978.
5980.
5980.
5981.
5982.
5985.
5984.
5986.
5987.
5988.
5990.
5991.
5992.
5994.
5995.
5997.
5998.
6000.
6001.
6003.
6004.
6006.
6008.
6010.
6012.
6014.
6016.
6017.
6020.
6022.
6024.
6026.
6029.
6031.
6033.
6035.
6038.
6041.
6043.
6046.
6048.
6051.
6054.
6056.
6060.
6062.
6065.
6067.
6072.
6074.
6077.
6079.
6084.
6086.
6090.
6092.
6097.
6099.
6102.
6106.
6110.
6114.
6118.
6120.
6124.
6128.
6132.
6135.
6139.
6144.
6147.
6151.
6155.
6159.
6163.
6167.
6172.
6176.
6179.
6184.
6188.
6192.
6197.
6202.
6206.
6210.
6214.
6219.
6224.
6229.
6233.
6237.
6242.
6247.
6252.
6256.
6262.
6266.
6271.
6276.
6281.
6287.
6291.
6295.
6301.
6306.
6312.
6316.
6322.
6327.
6333.
6338.
6344.
6349.
6355.
6360.
6366.
6372.
6377.
6383.
6389.
6395.
6401.
6407.
6413.
6418.
6424.
6431.
6437.
6443.
6449.
6455.
6461.
6468.
6474.
6480.
6486.
6494.
6500.
6506.
6513.
6519.
6526.
6533.
6539.
6545.
6552.
6559.
6566.
6572.
6580.
6586.
6593.
6600.
6606.
6613.
6621.
6628.
6635.
6642.
6649.
6656.
6663.
6671.
6678.
6686.
6693.
6700.
6708.
6715.
6722.
6730.
6738.
6745.
6752.
6761.
6769.
6776.
6784.
6791.
6798.
6807.
6815.
6823.
6830.
6838.
6847.
6854.
6862.
6870.
6879.
6886.
6893.
6902.
6911.
6918.
6926.
6934.
6942.
6951.
6959.
6967.
6975.
6984.
6992.
7000.
7009.
7017.
7025.
7034.
7042.
7051.
7059.
7068.
7076.
7084.
7093.
7102.
7110.
7119.
7127.
7136.
7145.
7154.
7162.
7171.
7180.
7189.
7198.
7207.
7216.
7225.
7234.
7242.
7252.
7262.
7270.
7280.
7289.
7298.
7308.
7317.
7326.
7335.
7345.
7354.
7364.
7373.
7383.
7391.
7401.
7410.
7420.
7430.
7440.
7448.
7459.
7468.
7478.
7487.
7498.
7506.
7517.
7526.
7536.
7546.
7557.
7565.
7575.
7585.
7595.
7605.
7616.
7625.
7635.
7645.
7655.
7665.
7675.
7685.
7695.
7705.
7715.
7726.
7736.
7746.
7756.
7766.
7776.
7787.
7797.
7807.
7817.
7827.
7837.
7848.
7858.
7869.
7879.
7889.
7900.
7910.
7920.
7931.
7941.
7952.
7962.
7973.
7984.
7993.
8004.
8014.
8025.
8035.
8046.
8056.
8066.
8077.
8087.
8098.
8109.
8118.
8128.
8140.
8150.
8160.
8171.
8180.
8191.
8202.
8212.
8223.
8233.
8243.
8254.
8265.
8275.
8286.
8296.
8307.
8317.
8327.
8338.
8349.
8358.
8369.
8379.
8389.
8400.
8410.
8421.
8430.
8441.
8452.
8462.
8473.
8483.
8493.
8503.
8514.
8524.
8534.
8545.
8555.
8565.
8575.
8585.
8596.
8606.
8615.
8626.
8637.
8646.
8656.
8667.
8677.
8687.
8696.
8707.
8718.
8727.
8737.
8747.
8758.
8766.
8777.
8786.
8797.
8806.
8816.
8826.
8835.
8846.
8856.
8865.
8875.
8884.
8895.
8904.
8914.
8924.
8934.
8943.
8953.
8962.
8972.
8981.
8991.
9000.
9010.
9019.
9029.
9038.
9048.
9057.
9066.
9076.
9086.
9094.
9105.
9113.
9123.
9132.
9141.
9151.
9160.
9169.
9178.
9188.
9198.
9207.
9215.
9225.
9234.
9243.
9251.
9261.
9271.
9279.
9289.
9297.
9306.
9315.
9323.
9332.
9341.
9350.
9359.
9368.
9376.
9385.
9393.
9402.
9410.
9420.
9428.
9437.
9445.
9454.
9462.
9471.
9479.
9488.
9497.
9505.
9512.
9521.
9530.
9538.
9547.
9554.
9562.
9571.
9578.
9587.
9596.
9604.
9611.
9620.
9628.
9636.
9644.
9651.
9660.
9668.
9676.
9683.
9691.
9699.
9707.
9714.
9722.
9730.
9738.
9746.
9754.
9761.
9768.
9776.
9784.
9791.
9799.
9806.
9815.
9822.
9829.
9836.
9844.
9850.
9858.
9865.
9874.
9880.
9887.
9894.
9902.
9909.
9916.
9922.
9930.
9937.
9943.
9951.
9958.
9965.
9972.
9978.
9985.
9992.
9998.
10005.
10012.
10019.
10024.
10031.
10039.
10044.
10051.
10057.
10065.
10070.
10077.
10083.
10089.
10096.
10103.
10108.
10114.
10121.
10127.
10133.
10138.
10145.
10151.
10157.
10163.
10169.
10174.
10181.
10187.
10192.
10198.
10203.
10209.
10215.
10220.
10226.
10232.
10237.
10243.
10248.
10254.
10259.
10264.
10270.
10276.
10280.
10286.
10290.
10296.
10301.
10307.
10312.
10317.
10322.
10327.
10332.
10337.
10342.
10347.
10351.
10357.
10361.
10366.
10371.
10376.
10380.
10384.
10390.
10395.
10399.
10402.
10407.
10412.
10417.
10420.
10425.
10429.
10434.
10438.
10442.
10447.
10451.
10455.
10459.
10464.
10467.
10471.
10476.
10480.
10483.
10487.
10491.
10495.
10499.
10502.
10507.
10511.
10514.
10517.
10521.
10525.
10529.
10532.
10536.
10540.
10543.
10546.
10549.
10554.
10557.
10560.
10563.
10568.
10571.
10574.
10577.
10581.
10583.
10586.
10589.
10594.
10596.
10600.
10602.
10606.
10609.
10611.
10615.
10618.
10621.
10624.
10626.
10630.
10633.
10636.
10638.
10642.
10644.
10647.
10650.
10653.
10656.
10658.
10661.
10664.
10666.
10669.
10671.
10674.
10677.
10679.
10682.
10685.
10687.
10690.
10692.
10695.
10697.
10699.
10702.
10704.
10707.
10709.
10712.
10715.
10716.
10718.
10721.
10723.
10726.
10727.
10729.
10732.
10734.
10736.
10738.
10740.
10742.
10744.
10746.
10748.
10750.
10753.
10754.
10756.
10757.
10759.
10761.
10763.
10764.
10766.
10767.
10769.
10771.
10773.
10774.
10776.
10777.
10779.
10779.
10782.
10782.
10784.
10784.
10785.
10786.
10788.
10789.
10790.
10791.
10792.
10793.
10794.
10795.
10796.
10797.
10797.
10798.
10800.
10800.
10800.
10800.
10801.
10801.
10803.
10803.
10803.
10803.
10803.
10804.
10804.
10804.
10805.
10804.
10804.
10804.
10804.
10803.
10804.
10803.
10802.
10802.
10802.
10802.
10802.
10801.
10801.
10800.
10800.
10800.
10800.
10799.
10799.
10798.
10799.
10798.
10797.
10795.
10795.
10795.
10794.
10793.
10793.
10791.
10790.
10790.
10790.
10788.
10788.
10786.
10785.
10784.
10784.
10782.
10781.
10780.
10779.
10777.
10775.
10774.
10773.
10771.
10769.
10768.
10766.
10765.
10764.
10762.
10760.
10758.
10756.
10755.
10752.
10750.
10748.
10746.
10744.
10742.
10739.
10737.
10735.
10733.
10731.
10727.
10725.
10723.
10721.
10717.
10715.
10712.
10710.
10706.
10704.
10700.
10698.
10694.
10692.
10688.
10686.
10682.
10679.
10675.
10672.
10669.
10666.
10662.
10659.
10655.
10651.
10648.
10644.
10640.
10637.
10633.
10629.
10625.
10621.
10617.
10613.
10609.
10605.
10601.
10597.
10592.
10587.
10583.
10580.
10575.
10570.
10566.
10563.
10557.
10552.
10548.
10544.
10539.
10534.
10529.
10525.
10520.
10515.
10510.
10506.
10500.
10495.
10490.
10486.
10480.
10475.
10470.
10465.
10459.
10454.
10448.
10443.
10438.
10433.
10427.
10421.
10415.
10410.
10404.
10400.
10394.
10387.
10381.
10376.
10370.
10364.
10358.
10352.
10346.
10340.
10334.
10328.
10322.
10316.
10309.
10303.
10297.
10290.
10284.
10278.
10271.
10265.
10258.
10253.
10245.
10239.
10232.
10226.
10218.
10212.
10205.
10198.
10191.
10185.
10177.
10171.
10163.
10157.
10149.
10143.
10135.
10129.
10121.
10114.
10106.
10100.
10092.
10085.
10078.
10070.
10063.
10055.
10047.
10040.
10032.
10025.
10017.
10010.
10002.
9995.
9987.
9978.
9971.
9964.
9956.
9947.
9940.
9932.
9924.
9916.
9908.
9900.
9892.
9884.
9876.
9868.
9860.
9850.
9843.
9834.
9826.
9817.
9810.
9801.
9793.
9785.
9776.
9768.
9759.
9751.
9743.
9735.
9725.
9717.
9708.
9700.
9691.
9683.
9673.
9666.
9656.
9647.
9639.
9630.
9621.
9612.
9603.
9594.
9585.
9577.
9567.
9559.
9550.
9540.
9530.
9522.
9514.
9505.
9495.
9486.
9477.
9468.
9459.
9450.
9441.
9430.
9422.
9412.
9403.
9394.
9385.
9375.
9366.
9357.
9349.
9339.
9329.
9319.
9311.
9301.
9291.
9282.
9273.
9263.
9253.
9245.
9235.
9225.
9217.
9206.
9196.
9187.
9177.
9168.
9159.
9149.
9139.
9130.
9120.
9111.
9102.
9091.
9082.
9072.
9062.
9053.
9044.
9034.
9024.
9014.
9005.
8995.
8987.
8976.
8966.
8957.
8947.
8938.
8928.
8919.
8909.
8900.
8889.
8881.
8872.
8861.
8851.
8843.
8832.
8824.
8814.
8805.
8795.
8786.
8776.
8767.
8758.
8748.
8738.
8729.
8719.
8710.
8701.
8692.
8681.
8672.
8664.
8655.
8645.
8635.
8626.
8617.
8608.
8599.
8589.
8581.
8571.
8562.
8553.
8544.
8535.
8526.
8516.
8508.
8498.
8488.
8480.
8470.
8462.
8452.
8443.
8434.
8425.
8416.
8407.
8398.
8389.
8380.
8372.
8362.
8354.
8345.
8336.
8327.
8319.
8309.
8301.
8291.
8283.
8273.
8265.
8257.
8248.
8238.
8230.
8221.
8213.
8203.
8195.
8187.
8177.
8169.
8160.
8152.
8143.
8134.
8125.
8117.
8108.
8099.
8092.
8084.
8075.
8065.
8057.
8050.
8041.
8032.
8024.
8017.
8007.
7998.
7990.
7982.
7973.
7964.
7957.
7949.
7940.
7932.
7924.
7915.
7908.
7900.
7891.
7882.
7875.
7866.
7858.
7850.
7842.
7834.
7825.
7818.
7810.
7801.
7793.
7785.
7778.
7769.
7762.
7754.
7744.
7737.
7729.
7721.
7713.
7704.
7697.
7689.
7681.
7672.
7665.
7656.
7649.
7640.
7632.
7625.
7616.
7609.
7601.
7593.
7585.
7577.
7569.
7562.
7554.
7546.
7538.
7530.
7522.
7515.
7506.
7499.
7491.
7482.
7475.
7467.
7459.
7452.
7443.
7436.
7428.
7420.
7412.
7405.
7397.
7389.
7381.
7375.
7366.
7358.
7351.
7343.
7335.
7327.
7320.
7312.
7305.
7296.
7289.
7281.
7274.
7266.
7259.
7251.
7244.
7236.
7229.
7220.
7214.
7206.
7199.
7190.
7184.
7176.
7169.
7161.
7153.
7146.
7139.
7131.
7124.
7116.
7109.
7101.
7094.
7086.
7080.
7072.
7065.
7057.
7050.
7043.
7036.
7029.
7022.
7014.
7007.
7000.
6992.
6986.
6978.
6972.
6964.
6957.
6950.
6943.
6936.
6930.
6923.
6916.
6909.
6902.
6895.
6889.
6882.
6875.
6868.
6862.
6855.
6849.
6842.
6836.
6828.
6822.
6815.
6808.
6802.
6796.
6789.
6783.
6776.
6770.
6764.
6757.
6750.
6744.
6738.
6732.
6725.
6719.
6713.
6707.
6701.
6695.
6688.
6682.
6676.
6670.
6664.
6657.
6651.
6646.
6640.
6633.
6627.
6622.
6616.
6610.
6604.
6598.
6591.
6587.
6581.
6575.
6569.
6564.
6558.
6552.
6546.
6541.
6534.
6530.
6524.
6519.
6513.
6508.
6502.
6497.
6491.
6486.
6480.
6475.
6470.
6465.
6459.
6454.
6449.
6444.
6439.
6433.
6428.
6423.
6417.
6413.
6408.
6403.
6398.
6392.
6387.
6382.
6378.
6373.
6368.
6363.
6358.
6354.
6349.
6344.
6340.
6335.
6330.
6325.
6321.
6316.
6311.
6307.
6303.
6297.
6293.
6289.
6285.
6280.
6276.
6271.
6267.
6263.
6259.
6255.
6251.
6246.
6242.
6237.
6233.
6230.
6225.
6221.
6217.
6213.
6209.
6205.
6201.
6198.
6194.
6190.
6186.
6182.
6179.
6174.
6171.
6168.
6164.
6161.
6157.
6153.
6150.
6147.
6143.
6140.
6137.
6133.
6130.
6127.
6124.
6120.
6118.
6114.
6111.
6107.
6104.
6102.
6099.
6096.
6093.
6090.
6087.
6085.
6083.
6079.
6077.
6074.
6072.
6069.
6067.
6064.
6062.
6060.
6059.
6055.
6054.
6052.
6050.
6047.
6045.
6044.
6042.
6040.
6038.
6038.
6036.
6034.
6033.
6031.
6030.
6028.
6026.
6026.
6024.
6024.
6022.
6021.
6021.
6020.
6019.
6018.
6017.
6017.
6017.
6016.
6015.
6015.
6015.
6015.
6014.
6015.
6015.
6015.
6015.
6015.
6016.
6016.
6016.
6016.
6017.
6017.
6017.
6018.
6018.
6019.
6020.
6020.
6021.
6021.
6021.
6022.
6023.
6024.
6024.
6026.
6027.
6028.
6029.
6030.
6031.
6033.
6033.
6035.
6036.
6038.
6039.
6041.
6043.
6045.
6046.
6048.
6050.
6052.
6054.
6056.
6059.
6060.
6063.
6065.
6067.
6070.
6073.
6075.
6078.
6080.
6083.
6085.
6088.
6091.
6094.
6097.
6100.
6103.
6107.
6109.
6112.
6115.
6119.
6122.
6125.
6128.
6133.
6137.
6140.
6144.
6148.
6152.
6155.
6160.
6164.
6168.
6172.
6176.
6180.
6185.
6189.
6194.
6198.
6202.
6206.
6210.
6216.
6220.
6225.
6229.
6235.
6240.
6244.
6248.
6254.
6259.
6264.
6268.
6274.
6278.
6284.
6289.
6294.
6300.
6306.
6311.
6317.
6322.
6328.
6333.
6339.
6345.
6351.
6356.
6363.
6368.
6374.
6380.
6386.
6393.
6400.
6405.
6411.
6418.
6425.
6431.
6438.
6445.
6451.
6458.
6465.
6472.
6478.
6485.
6492.
6500.
6506.
6513.
6520.
6528.
6535.
6541.
6548.
6556.
6564.
6571.
6579.
6586.
6594.
6602.
6609.
6616.
6624.
6632.
6640.
6647.
6656.
6664.
6671.
6679.
6688.
6696.
6705.
6712.
6721.
6729.
6738.
6745.
6753.
6762.
6770.
6780.
6788.
6796.
6806.
6814.
6823.
6831.
6839.
6848.
6856.
6865.
6874.
6883.
6892.
6900.
6909.
6917.
6926.
6935.
6943.
6952.
6961.
6970.
6979.
6988.
6997.
7006.
7015.
7024.
7033.
7042.
7050.
7059.
7068.
7077.
7086.
7096.
7104.
7115.
7123.
7132.
7142.
7151.
7160.
7170.
7179.
7189.
7199.
7208.
7217.
7227.
7237.
7246.
7256.
7266.
7276.
7286.
7295.
7305.
7316.
7325.
7335.
7345.
7355.
7365.
7375.
7385.
7395.
7405.
7415.
7425.
7435.
7446.
7456.
7466.
7475.
7486.
7496.
7506.
7516.
7527.
7537.
7547.
7557.
7568.
7578.
7588.
7598.
7609.
7618.
7629.
7640.
7649.
7660.
7670.
7681.
7690.
7701.
7711.
7721.
7732.
7742.
7752.
7762.
7773.
7783.
7794.
7804.
7815.
7825.
7835.
7846.
7857.
7867.
7878.
7888.
7898.
7909.
7919.
7929.
7940.
7950.
7960.
7970.
7981.
7992.
8002.
8012.
8023.
8033.
8043.
8054.
8064.
8075.
8085.
8095.
8106.
8116.
8126.
8136.
8147.
8157.
8167.
8177.
8188.
8198.
8208.
8218.
8228.
8238.
8249.
8259.
8269.
8279.
8289.
8299.
8309.
8319.
8329.
8339.
8349.
8359.
8370.
8380.
8389.
8400.
8410.
8420.
8429.
8440.
8450.
8460.
8470.
8479.
8489.
8499.
8509.
8519.
8530.
8539.
8549.
8558.
8568.
8579.
8588.
8598.
8608.
8618.
8628.
8637.
8647.
8656.
8667.
8676.
8686.
8695.
8705.
8714.
8724.
8733.
8743.
8753.
8762.
8771.
8782.
8790.
8800.
8809.
8819.
8828.
8838.
8847.
8857.
8866.
8876.
8884.
8894.
8902.
8912.
8921.
8931.
8939.
8949.
8958.
8967.
8976.
8986.
8994.
9003.
9012.
9021.
9029.
9039.
9047.
9057.
9065.
9074.
9082.
9092.
9101.
9110.
9118.
9127.
9136.
9144.
9153.
9161.
9170.
9179.
9187.
9196.
9204.
9213.
9221.
9230.
9239.
9247.
9255.
9263.
9272.
9281.
9289.
9297.
9305.
9313.
9321.
9329.
9338.
9346.
9354.
9362.
9370.
9378.
9387.
9395.
9403.
9410.
9419.
9427.
9435.
9443.
9450.
9458.
9466.
9475.
9482.
9490.
9497.
9505.
9513.
9522.
9529.
9536.
9543.
9551.
9559.
9567.
9574.
9582.
9589.
9597.
9604.
9612.
9619.
9627.
9634.
9642.
9649.
9658.
9664.
9672.
9680.
9687.
9693.
9701.
9708.
9716.
9723.
9730.
9737.
9745.
9751.
9759.
9766.
9772.
9779.
9787.
9794.
9800.
9807.
9815.
9820.
9828.
9835.
9843.
9849.
9855.
9863.
9869.
9876.
9883.
9889.
9896.
9903.
9909.
9916.
9923.
9929.
9935.
9942.
9949.
9955.
9962.
9968.
9974.
9981.
9988.
9993.
9999.
10006.
10012.
10019.
10024.
10031.
10036.
10043.
10051.
10056.
10062.
10068.
10075.
10080.
10086.
10092.
10098.
10104.
10110.
10116.
10122.
10127.
10133.
10140.
10146.
10151.
10157.
10162.
10168.
10174.
10180.
10185.
10191.
10196.
10202.
10207.
10214.
10219.
10225.
10229.
10236.
10241.
10246.
10252.
10257.
10263.
10268.
10273.
10280.
10285.
10289.
10295.
10300.
10305.
10310.
10316.
10321.
10326.
10331.
10336.
10342.
10347.
10351.
10356.
10362.
10367.
10371.
10376.
10382.
10386.
10391.
10396.
10400.
10405.
10410.
10415.
10420.
10424.
10428.
10433.
10439.
10443.
10447.
10452.
10457.
10461.
10465.
10470.
10475.
10478.
10482.
10487.
10492.
10495.
10499.
10504.
10509.
10512.
10517.
10520.
10524.
10529.
10532.
10537.
10541.
10544.
10548.
10552.
10557.
10560.
10563.
10567.
10572.
10575.
10579.
10583.
10587.
10590.
10593.
10597.
10601.
10604.
10607.
10610.
10614.
10617.
10620.
10625.
10628.
10631.
10635.
10637.
10641.
10644.
10647.
10650.
10653.
10656.
10659.
10661.
10665.
10668.
10670.
10673.
10676.
10678.
10680.
10683.
10686.
10688.
10691.
10693.
10696.
10698.
10700.
10702.
10704.
10707.
10709.
10711.
10713.
10715.
10716.
10719.
10721.
10722.
10723.
10725.
10727.
10728.
10729.
10731.
10732.
10733.
10735.
10735.
10737.
10738.
10739.
10739.
10741.
10741.
10743.
10743.
10744.
10744.
10744.
10744.
10745.
10745.
10745.
10746.
10745.
10745.
10746.
10746.
10745.
10745.
10745.
10745.
10744.
10744.
10743.
10743.
10743.
10742.
10742.
10741.
10741.
10740.
10740.
10739.
10739.
10738.
10737.
10737.
10736.
10735.
10734.
10733.
10733.
10732.
10731.
10729.
10729.
10728.
10726.
10725.
10724.
10722.
10722.
10720.
10719.
10717.
10717.
10715.
10713.
10711.
10710.
10708.
10706.
10705.
10703.
10701.
10699.
10697.
10696.
10693.
10691.
10689.
10687.
10685.
10682.
10680.
10678.
10676.
10674.
10671.
10668.
10666.
10663.
10661.
10658.
10655.
10652.
10649.
10646.
10643.
10640.
10637.
10634.
10631.
10628.
10625.
10621.
10617.
10614.
10611.
10608.
10604.
10601.
10596.
10593.
10591.
10586.
10582.
10578.
10574.
10570.
10566.
10563.
10559.
10554.
10551.
10546.
10542.
10538.
10534.
10529.
10525.
10521.
10516.
10512.
10508.
10503.
10499.
10494.
10490.
10485.
10480.
10475.
10471.
10465.
10461.
10456.
10451.
10446.
10441.
10436.
10431.
10426.
10421.
10416.
10411.
10405.
10399.
10395.
10389.
10383.
10378.
10373.
10367.
10361.
10355.
10350.
10344.
10338.
10332.
10327.
10321.
10315.
10309.
10303.
10297.
10290.
10285.
10279.
10272.
10266.
10259.
10253.
10246.
10240.
10234.
10226.
10220.
10213.
10207.
10200.
10194.
10187.
10180.
10172.
10165.
10158.
10151.
10144.
10138.
10131.
10123.
10116.
10109.
10101.
10094.
10086.
10079.
10072.
10064.
10056.
10049.
10041.
10033.
10025.
10019.
10010.
10002.
9994.
9987.
9978.
9970.
9963.
9955.
9946.
9937.
9930.
9923.
9914.
9905.
9897.
9888.
9880.
9872.
9864.
9855.
9846.
9838.
9830.
9822.
9813.
9805.
9795.
9787.
9779.
9769.
9761.
9753.
9742.
9734.
9726.
9717.
9708.
9699.
9691.
9682.
9673.
9664.
9654.
9645.
9637.
9627.
9618.
9610.
9601.
9591.
9582.
9573.
9563.
9553.
9546.
9536.
9527.
9517.
9507.
9498.
9490.
9479.
9471.
9461.
9451.
9442.
9433.
9423.
9413.
9404.
9395.
9384.
9376.
9366.
9356.
9347.
9338.
9327.
9318.
9309.
9298.
9288.
9280.
9269.
9259.
9250.
9240.
9230.
9220.
9210.
9201.
9190.
9181.
9171.
9161.
9151.
9142.
9131.
9121.
9112.
9102.
9091.
9082.
9071.
9062.
9051.
9041.
9031.
9021.
9011.
9000.
8991.
8981.
8970.
8960.
8950.
8940.
8931.
8921.
8910.
8900.
8890.
8879.
8870.
8859.
8849.
8839.
8829.
8818.
8809.
8798.
8788.
8778.
8767.
8757.
8747.
8737.
8727.
8716.
8707.
8696.
8686.
8676.
8666.
8655.
8645.
8635.
8623.
8614.
8605.
8594.
8584.
8574.
8563.
8553.
8543.
8532.
8521.
8512.
8502.
8491.
8480.
8471.
8462.
8450.
8440.
8431.
8420.
8409.
8399.
8389.
8379.
8369.
8358.
8349.
8339.
8328.
8318.
8308.
8298.
8288.
8277.
8268.
8258.
8247.
8237.
8228.
8217.
8207.
8197.
8188.
8177.
8166.
8157.
8146.
8137.
8127.
8117.
8107.
8097.
8086.
8077.
8066.
8057.
8048.
8037.
8027.
8018.
8008.
7997.
7988.
7979.
7968.
7959.
7949.
7939.
7930.
7919.
7909.
7900.
7890.
7881.
7871.
7861.
7851.
7842.
7832.
7822.
7813.
7803.
7793.
7785.
7774.
7764.
7755.
7745.
7735.
7727.
7717.
7707.
7698.
7688.
7678.
7669.
7659.
7650.
7641.
7631.
7621.
7611.
7603.
7593.
7584.
7574.
7565.
7555.
7547.
7537.
7528.
7519.
7509.
7500.
7492.
7482.
7473.
7463.
7454.
7445.
7436.
7427.
7418.
7409.
7400.
7391.
7383.
7374.
7364.
7355.
7346.
7337.
7328.
7320.
7311.
7302.
7293.
7285.
7276.
7267.
7258.
7250.
7241.
7233.
7224.
7215.
7207.
7198.
7190.
7182.
7173.
7164.
7156.
7147.
7139.
7131.
7123.
7116.
7105.
7097.
7089.
7081.
7073.
7065.
7056.
7049.
7040.
7032.
7024.
7016.
7008.
7000.
6993.
6984.
6977.
6969.
6961.
6953.
6946.
6938.
6930.
6923.
6914.
6907.
6899.
6892.
6884.
6878.
6870.
6862.
6854.
6848.
6840.
6833.
6825.
6818.
6810.
6804.
6796.
6790.
6782.
6775.
6767.
6762.
6754.
6747.
6739.
6734.
6726.
6719.
6712.
6706.
6699.
6692.
6685.
6678.
6672.
6666.
6659.
6652.
6646.
6639.
6633.
6627.
6620.
6614.
6608.
6601.
6594.
6589.
6583.
6576.
6569.
6564.
6558.
6552.
6545.
6539.
6533.
6528.
6521.
6516.
6510.
6504.
6499.
6493.
6487.
6481.
6475.
6470.
6463.
6458.
6452.
6447.
6441.
6436.
6431.
6425.
6420.
6415.
6409.
6405.
6399.
6394.
6389.
6384.
6378.
6374.
6369.
6364.
6358.
6354.
6350.
6344.
6340.
6335.
6330.
6325.
6321.
6316.
6312.
6307.
6302.
6298.
6294.
6289.
6285.
6281.
6277.
6272.
6268.
6264.
6260.
6256.
6251.
6248.
6244.
6239.
6235.
6232.
6228.
6224.
6220.
6217.
6213.
6209.
6205.
6202.
6198.
6195.
6191.
6188.
6184.
6180.
6177.
6174.
6170.
6168.
6164.
6161.
6157.
6154.
6151.
6148.
6144.
6142.
6139.
6136.
6133.
6130.
6127.
6124.
6121.
6119.
6116.
6114.
6111.
6108.
6106.
6103.
6101.
6098.
6097.
6094.
6091.
6089.
6087.
6085.
6082.
6080.
6078.
6077.
6074.
6073.
6071.
6069.
6068.
6065.
6064.
6062.
6061.
6060.
6058.
6057.
6054.
6054.
6053.
6051.
6050.
6050.
6048.
6048.
6046.
6046.
6044.
6044.
6044.
6044.
6042.
6042.
6042.
6042.
6042.
6042.
6041.
6041.
6041.
6042.
6042.
6042.
6042.
6043.
6043.
6043.
6043.
6044.
6044.
6044.
6045.
6046.
6046.
6047.
6048.
6048.
6049.
6050.
6050.
6051.
6051.
6053.
6054.
6055.
6056.
6057.
6059.
6060.
6061.
6063.
6064.
6065.
6066.
6067.
6069.
6071.
6072.
6075.
6076.
6078.
6080.
6082.
6085.
6087.
6089.
6092.
6093.
6095.
6098.
6100.
6103.
6105.
6108.
6110.
6114.
6116.
6119.
6122.
6125.
6127.
6130.
6134.
6137.
6139.
6143.
6146.
6149.
6152.
6156.
6160.
6163.
6166.
6170.
6174.
6178.
6181.
6185.
6190.
6193.
6197.
6201.
6206.
6210.
6214.
6218.
6223.
6227.
6231.
6236.
6240.
6245.
6249.
6254.
6259.
6264.
6268.
6273.
6279.
6283.
6287.
6293.
6297.
6303.
6307.
6314.
6318.
6324.
6329.
6335.
6339.
6345.
6350.
6356.
6361.
6368.
6373.
6379.
6384.
6390.
6396.
6401.
6408.
6414.
6420.
6426.
6432.
6438.
6444.
6450.
6457.
6463.
6470.
6476.
6483.
6489.
6496.
6503.
6509.
6515.
6523.
6529.
6536.
6542.
6549.
6556.
6563.
6570.
6577.
6584.
6591.
6598.
6606.
6613.
6620.
6627.
6634.
6641.
6649.
6656.
6664.
6671.
6678.
6685.
6692.
6700.
6707.
6714.
6722.
6731.
6738.
6745.
6753.
6760.
6768.
6776.
6784.
6791.
6799.
6807.
6814.
6822.
6830.
6838.
6846.
6854.
6861.
6869.
6878.
6886.
6894.
6903.
6910.
6917.
6926.
6935.
6942.
6952.
6959.
6966.
6975.
6983.
6992.
6999.
7008.
7016.
7025.
7033.
7041.
7049.
7058.
7067.
7074.
7082.
7091.
7099.
7109.
7117.
7126.
7135.
7142.
7150.
7159.
7168.
7176.
7185.
7194.
7202.
7211.
7219.
7229.
7237.
7246.
7255.
7264.
7272.
7281.
7290.
7299.
7307.
7317.
7326.
7334.
7343.
7352.
7362.
7371.
7380.
7388.
7398.
7407.
7416.
7425.
7434.
7443.
7453.
7462.
7471.
7480.
7490.
7499.
7508.
7517.
7527.
7536.
7545.
7554.
7563.
7573.
7582.
7591.
7601.
7609.
7619.
7628.
7638.
7646.
7656.
7666.
7675.
7684.
7693.
7702.
7711.
7721.
7731.
7740.
7749.
7758.
7767.
7776.
7786.
7795.
7805.
7814.
7823.
7833.
7842.
7851.
7860.
7869.
7879.
7887.
7897.
7906.
7916.
7925.
7935.
7943.
7953.
7962.
7971.
7980.
7990.
7998.
8008.
8017.
8027.
8035.
8045.
8053.
8062.
8071.
8081.
8089.
8099.
8107.
8117.
8125.
8135.
8143.
8153.
8162.
8171.
8179.
8189.
8198.
8206.
8215.
8224.
8232.
8242.
8250.
8260.
8267.
8277.
8285.
8294.
8303.
8311.
8320.
8329.
8337.
8347.
8354.
8363.
8372.
8380.
8389.
8397.
8406.
8414.
8424.
8431.
8440.
8448.
8457.
8465.
8474.
8482.
8491.
8499.
8507.
8516.
8524.
8533.
8541.
8549.
8557.
8566.
8574.
8582.
8591.
8600.
8607.
8615.
8623.
8632.
8640.
8648.
8656.
8664.
8672.
8681.
8689.
8697.
8705.
8713.
8721.
8729.
8736.
8744.
8753.
8761.
8768.
8777.
8785.
8793.
8800.
8809.
8816.
8824.
8831.
8840.
8847.
8855.