10675.
10675.
10675.
10674.
10675.
10674.
10674.
10675.
10675.
10675.
10674.
10675.
10674.
10675.
10674.
10675.
10675.
10674.
10674.
10675.
10674.
10674.
10674.
10674.
10674.
10674.
10675.
10675.
10675.
10675.
10675.
10675.
10675.
10675.
10675.
10675.
10675.
10674.
10675.
10674.
10675.
10674.
10674.
10674.
10675.
10674.
10674.
10675.
10674.
10674.
10675.
10675.
10674.
10674.
10675.
10675.
10674.
10674.
10675.
10674.
10675.
10675.
10675.
10675.
10675.
10675.
10675.
10675.
10674.
10674.
10674.
10674.
10675.
10674.
10675.
10674.
10675.
10674.
10674.
10674.
10675.
10674.
10674.
10675.
10674.
10674.
10675.
10675.
10675.
10674.
10675.
10675.
10675.
10675.
10675.
10674.
10674.
10675.
10675.
10675.
10675.
10675.
10674.
10674.
10674.
10675.
10675.
10674.
10674.
10674.
10675.
10674.
10675.
10675.
10675.
10674.
10675.
10675.
10675.
10675.
10675.
10674.
10675.
10674.
10675.
10675.
10675.
10675.
10675.
10675.
10675.
10675.
10675.
10675.
10674.
10674.
10675.
10675.
10675.
10675.
10675.
10674.
10675.
10675.
10674.
10675.
10674.
10675.
10674.
10674.
10674.
10675.
10674.
10674.
10674.
10674.
10674.
10675.
10675.
10675.
10675.
10675.
10674.
10674.
10675.
10674.
10674.
10674.
10675.
10675.
10675.
10674.
10674.
10675.
10674.
10675.
10674.
10674.
10675.
10675.
10674.
10674.
10675.
10674.
10675.
10675.
10675.
10675.
10674.
10674.
10675.
10675.
10674.
10675.
10675.
10675.
10674.
10675.
10675.
10675.
10675.
10675.
10674.
10675.
10674.
10675.
10675.
10675.
10675.
10675.
10674.
10674.
10675.
10674.
10675.
10675.
10674.
10675.
10675.
10675.
10675.
10674.
10674.
10675.
10675.
10674.
10674.
10674.
10674.
10674.
10674.
10674.
10675.
10674.
10674.
10674.
10674.
10675.
10675.
10675.
10675.
10675.
10675.
10674.
10675.
10675.
10675.
10675.
10675.
10675.
10675.
10675.
10675.
10674.
10674.
10674.
10674.
10675.
10674.
10675.
10675.
10675.
10674.
10675.
10675.
10674.
10675.
10675.
10674.
10675.
10675.
10675.
10675.
10675.
10675.
10674.
10675.
10674.
10674.
10675.
10675.
10675.
10674.
10674.
10675.
10675.
10674.
10674.
10675.
10674.
10674.
10675.
10675.
10675.
10674.
10675.
10675.
10675.
10674.
10674.
10675.
10675.
10675.
10674.
10675.
10675.
10675.
10674.
10675.
10675.
10675.
10675.
10674.
10674.
10675.
10675.
10674.
10674.
10674.
10675.
10674.
10674.
10674.
10675.
10674.
10675.
10675.
10675.
10675.
10674.
10675.
10675.
10675.
10675.
10675.
10674.
10675.
10675.
10674.
10675.
10675.
10675.
10674.
10675.
10675.
10674.
10675.
10674.
10674.
10675.
10674.
10675.
10675.
10674.
10674.
10675.
10674.
10675.
10675.
10674.
10675.
10675.
10675.
10675.
10675.
10674.
10675.
10675.
10675.
10674.
10675.
10675.
10675.
10675.
10675.
10675.
10675.
10675.
10675.
10674.
10674.
10675.
10675.
10675.
10675.
10674.
10674.
10675.
10674.
10675.
10675.
10675.
10674.
10674.
10675.
10674.
10674.
10675.
10674.
10675.
10675.
10674.
10675.
10675.
10674.
10674.
10675.
10675.
10674.
10674.
10674.
10674.
10674.
10675.
10674.
10675.
10674.
10675.
10674.
10674.
10675.
10674.
10675.
10675.
10675.
10674.
10675.
10675.
10674.
10674.
10675.
10675.
10675.
10675.
10675.
10674.
10675.
10675.
10675.
10675.
10674.
10674.
10675.
10675.
10674.
10674.
10675.
10675.
10675.
10675.
10674.
10674.
10675.
10674.
10674.
10674.
10674.
10674.
10674.
10673.
10673.
10673.
10673.
10672.
10673.
10672.
10672.
10670.
10671.
10670.
10670.
10670.
10670.
10669.
10668.
10668.
10668.
10666.
10665.
10665.
10666.
10664.
10663.
10662.
10660.
10659.
10658.
10657.
10656.
10654.
10653.
10651.
10649.
10648.
10646.
10644.
10642.
10640.
10638.
10636.
10633.
10631.
10628.
10626.
10623.
10621.
10618.
10615.
10612.
10609.
10606.
10602.
10599.
10595.
10591.
10588.
10584.
10579.
10575.
10571.
10566.
10561.
10557.
10552.
10547.
10542.
10537.
10531.
10526.
10520.
10515.
10508.
10502.
10495.
10489.
10483.
10476.
10469.
10463.
10455.
10448.
10440.
10433.
10426.
10418.
10410.
10402.
10394.
10386.
10377.
10368.
10360.
10351.
10342.
10332.
10323.
10314.
10305.
10295.
10286.
10276.
10266.
10256.
10245.
10234.
10225.
10213.
10202.
10192.
10180.
10169.
10157.
10146.
10134.
10122.
10110.
10098.
10085.
10072.
10060.
10046.
10034.
10022.
10007.
9995.
9982.
9968.
9953.
9940.
9925.
9912.
9898.
9882.
9868.
9854.
9839.
9823.
9809.
9794.
9778.
9763.
9747.
9731.
9716.
9700.
9684.
9668.
9651.
9635.
9618.
9602.
9586.
9568.
9552.
9535.
9517.
9499.
9483.
9465.
9447.
9430.
9412.
9395.
9377.
9357.
9341.
9322.
9303.
9284.
9267.
9248.
9230.
9211.
9192.
9173.
9154.
9135.
9115.
9097.
9078.
9059.
9039.
9020.
9000.
8981.
8961.
8941.
8922.
8902.
8882.
8862.
8843.
8822.
8803.
8784.
8763.
8743.
8724.
8704.
8684.
8664.
8644.
8623.
8603.
8583.
8563.
8543.
8523.
8502.
8483.
8462.
8442.
8422.
8401.
8381.
8362.
8341.
8320.
8300.
8281.
8261.
8240.
8220.
8201.
8180.
8160.
8140.
8120.
8100.
8080.
8060.
8041.
8021.
8001.
7981.
7961.
7942.
7922.
7903.
7883.
7864.
7844.
7825.
7805.
7786.
7766.
7747.
7728.
7709.
7689.
7670.
7652.
7633.
7614.
7595.
7576.
7558.
7538.
7521.
7501.
7483.
7465.
7447.
7429.
7410.
7393.
7374.
7356.
7339.
7321.
7303.
7285.
7268.
7251.
7233.
7215.
7198.
7180.
7163.
7146.
7130.
7113.
7096.
7079.
7064.
7046.
7029.
7013.
6997.
6981.
6965.
6949.
6933.
6918.
6903.
6886.
6871.
6856.
6840.
6826.
6812.
6796.
6781.
6767.
6752.
6738.
6723.
6710.
6695.
6682.
6668.
6654.
6640.
6627.
6613.
6600.
6586.
6574.
6559.
6548.
6534.
6522.
6508.
6496.
6485.
6472.
6460.
6448.
6436.
6423.
6412.
6400.
6389.
6377.
6366.
6354.
6344.
6333.
6323.
6312.
6301.
6291.
6280.
6269.
6260.
6250.
6239.
6230.
6220.
6211.
6201.
6192.
6182.
6173.
6164.
6155.
6147.
6138.
6129.
6121.
6113.
6104.
6096.
6088.
6081.
6073.
6065.
6058.
6050.
6043.
6035.
6029.
6022.
6015.
6008.
6002.
5995.
5989.
5982.
5976.
5971.
5965.
5959.
5953.
5948.
5942.
5937.
5932.
5926.
5921.
5917.
5912.
5908.
5904.
5899.
5894.
5890.
5887.
5883.
5879.
5876.
5873.
5869.
5865.
5862.
5859.
5857.
5853.
5851.
5848.
5845.
5843.
5841.
5839.
5837.
5835.
5833.
5831.
5830.
5829.
5826.
5826.
5824.
5825.
5823.
5822.
5821.
5821.
5820.
5820.
5821.
5820.
5820.
5820.
5820.
5820.
5820.
5820.
5821.
5821.
5821.
5821.
5822.
5822.
5822.
5822.
5823.
5823.
5824.
5823.
5824.
5825.
5825.
5826.
5826.
5827.
5826.
5828.
5828.
5829.
5830.
5831.
5832.
5833.
5834.
5835.
5836.
5837.
5839.
5839.
5840.
5842.
5843.
5844.
5845.
5847.
5848.
5849.
5850.
5852.
5853.
5855.
5856.
5859.
5860.
5861.
5862.
5864.
5866.
5867.
5869.
5871.
5873.
5875.
5876.
5878.
5881.
5883.
5884.
5886.
5889.
5891.
5892.
5894.
5897.
5899.
5901.
5903.
5906.
5908.
5911.
5913.
5915.
5918.
5921.
5923.
5926.
5928.
5932.
5934.
5937.
5940.
5943.
5945.
5948.
5951.
5954.
5958.
5961.
5964.
5968.
5971.
5974.
5978.
5981.
5985.
5988.
5992.
5996.
6000.
6004.
6008.
6013.
6016.
6021.
6025.
6030.
6035.
6038.
6043.
6048.
6054.
6058.
6063.
6068.
6073.
6078.
6084.
6090.
6095.
6102.
6107.
6113.
6119.
6125.
6132.
6138.
6145.
6152.
6159.
6165.
6173.
6180.
6187.
6194.
6203.
6209.
6219.
6225.
6234.
6242.
6250.
6259.
6267.
6277.
6285.
6295.
6303.
6313.
6322.
6332.
6341.
6352.
6361.
6372.
6382.
6392.
6403.
6414.
6425.
6435.
6446.
6457.
6469.
6480.
6492.
6503.
6515.
6527.
6539.
6551.
6564.
6577.
6590.
6603.
6616.
6629.
6642.
6655.
6670.
6683.
6697.
6710.
6725.
6739.
6753.
6768.
6783.
6798.
6813.
6828.
6843.
6859.
6874.
6890.
6906.
6922.
6938.
6954.
6970.
6987.
7003.
7021.
7037.
7054.
7071.
7088.
7106.
7123.
7142.
7159.
7177.
7195.
7214.
7232.
7250.
7269.
7288.
7308.
7326.
7346.
7364.
7384.
7403.
7423.
7442.
7462.
7481.
7502.
7522.
7543.
7563.
7584.
7603.
7624.
7644.
7665.
7686.
7706.
7728.
7749.
7770.
7791.
7812.
7833.
7854.
7875.
7898.
7919.
7941.
7962.
7984.
8005.
8027.
8049.
8071.
8093.
8116.
8137.
8159.
8181.
8203.
8226.
8248.
8269.
8292.
8314.
8336.
8357.
8380.
8401.
8424.
8445.
8468.
8489.
8511.
8532.
8555.
8576.
8598.
8619.
8642.
8663.
8685.
8706.
8728.
8748.
8771.
8792.
8813.
8834.
8856.
8877.
8898.
8919.
8939.
8960.
8981.
9001.
9021.
9042.
9063.
9083.
9104.
9125.
9144.
9164.
9185.
9205.
9224.
9245.
9264.
9284.
9304.
9322.
9341.
9361.
9380.
9398.
9417.
9437.
9456.
9474.
9492.
9511.
9529.
9547.
9565.
9583.
9600.
9617.
9635.
9653.
9670.
9687.
9703.
9720.
9737.
9754.
9770.
9786.
9801.
9817.
9833.
9849.
9864.
9880.
9895.
9910.
9925.
9939.
9953.
9968.
9982.
9996.
10010.
10023.
10037.
10051.
10064.
10077.
10089.
10102.
10114.
10127.
10140.
10152.
10164.
10175.
10187.
10199.
10210.
10221.
10232.
10242.
10254.
10265.
10274.
10284.
10294.
10304.
10314.
10324.
10333.
10342.
10352.
10362.
10370.
10379.
10388.
10396.
10404.
10412.
10421.
10428.
10435.
10443.
10452.
10458.
10466.
10473.
10480.
10487.
10493.
10500.
10506.
10513.
10518.
10524.
10530.
10536.
10541.
10547.
10552.
10557.
10563.
10568.
10572.
10578.
10582.
10586.
10591.
10596.
10600.
10604.
10609.
10612.
10615.
10619.
10623.
10626.
10630.
10633.
10637.
10640.
10643.
10646.
10649.
10652.
10655.
10657.
10661.
10663.
10665.
10668.
10671.
10672.
10674.
10677.
10679.
10681.
10682.
10684.
10686.
10688.
10689.
10690.
10693.
10693.
10695.
10696.
10697.
10698.
10699.
10699.
10701.
10701.
10702.
10703.
10704.
10704.
10705.
10705.
10705.
10705.
10706.
10707.
10706.
10706.
10706.
10705.
10706.
10706.
10705.
10705.
10705.
10705.
10704.
10704.
10704.
10704.
10703.
10703.
10703.
10703.
10701.
10701.
10701.
10701.
10699.
10700.
10698.
10698.
10696.
10696.
10696.
10696.
10695.
10694.
10694.
10693.
10692.
10691.
10691.
10690.
10689.
10688.
10687.
10686.
10686.
10685.
10684.
10684.
10683.
10683.
10682.
10681.
10680.
10679.
10678.
10676.
10676.
10675.
10675.
10673.
10672.
10671.
10671.
10670.
10669.
10668.
10668.
10667.
10666.
10666.
10664.
10663.
10663.
10661.
10660.
10660.
10660.
10658.
10658.
10656.
10656.
10655.
10655.
10653.
10653.
10652.
10651.
10649.
10649.
10649.
10648.
10647.
10646.
10645.
10644.
10644.
10643.
10642.
10642.
10641.
10640.
10640.
10639.
10638.
10638.
10638.
10637.
10636.
10635.
10636.
10634.
10635.
10634.
10633.
10632.
10633.
10632.
10631.
10631.
10631.
10630.
10630.
10629.
10629.
10629.
10628.
10628.
10628.
10628.
10627.
10627.
10627.
10627.
10628.
10626.
10626.
10626.
10627.
10625.
10625.
10626.
10626.
10625.
10626.
10626.
10626.
10625.
10626.
10626.
10626.
10625.
10625.
10625.
10626.
10625.
10626.
10626.
10626.
10627.
10627.
10626.
10626.
10626.
10626.
10626.
10627.
10627.
10627.
10626.
10627.
10627.
10627.
10627.
10627.
10627.
10627.
10627.
10627.
10627.
10627.
10627.
10628.
10627.
10628.
10627.
10628.
10627.
10627.
10628.
10627.
10627.
10627.
10627.
10627.
10627.
10627.
10627.
10627.
10628.
10627.
10627.
10627.
10627.
10627.
10628.
10627.
10627.
10627.
10627.
10628.
10627.
10627.
10627.
10627.
10627.
10626.
10626.
10626.
10627.
10627.
10627.
10627.
10626.
10627.
10627.
10626.
10626.
10626.
10626.
10626.
10626.
10626.
10626.
10627.
10626.
10626.
10626.
10627.
10625.
10625.
10626.
10626.
10626.
10626.
10626.
10626.
10626.
10626.
10626.
10626.
10625.
10625.
10625.
10626.
10625.
10624.
10624.
10626.
10624.
10623.
10624.
10624.
10623.
10623.
10622.
10621.
10621.
10621.
10620.
10620.
10618.
10618.
10617.
10617.
10615.
10615.
10614.
10613.
10611.
10609.
10609.
10607.
10604.
10603.
10601.
10599.
10597.
10595.
10592.
10589.
10587.
10584.
10581.
10579.
10575.
10572.
10568.
10565.
10561.
10557.
10552.
10549.
10545.
10540.
10536.
10531.
10526.
10521.
10516.
10511.
10505.
10499.
10493.
10488.
10481.
10475.
10468.
10462.
10455.
10448.
10440.
10434.
10426.
10418.
10410.
10403.
10394.
10386.
10378.
10369.
10360.
10351.
10343.
10333.
10324.
10314.
10303.
10293.
10284.
10273.
10263.
10252.
10241.
10230.
10219.
10208.
10196.
10184.
10173.
10161.
10148.
10136.
10124.
10111.
10098.
10086.
10073.
10060.
10046.
10033.
10019.
10005.
9991.
9977.
9962.
9949.
9934.
9919.
9904.
9890.
9875.
9859.
9844.
9829.
9814.
9798.
9782.
9767.
9750.
9735.
9719.
9703.
9686.
9670.
9653.
9638.
9620.
9604.
9588.
9571.
9554.
9537.
9521.
9503.
9486.
9468.
9451.
9434.
9417.
9398.
9381.
9363.
9347.
9329.
9311.
9293.
9275.
9256.
9239.
9221.
9203.
9186.
9167.
9149.
9130.
9112.
9095.
9076.
9058.
9040.
9022.
9003.
8985.
8966.
8948.
8930.
8912.
8892.
8874.
8856.
8837.
8819.
8800.
8782.
8762.
8745.
8726.
8708.
8690.
8670.
8652.
8634.
8615.
8597.
8578.
8561.
8542.
8523.
8505.
8486.
8467.
8450.
8432.
8413.
8394.
8377.
8358.
8341.
8322.
8304.
8285.
8267.
8249.
8231.
8213.
8194.
8176.
8160.
8141.
8122.
8105.
8087.
8070.
8051.
8034.
8016.
7998.
7980.
7963.
7945.
7928.
7909.
7892.
7875.
7858.
7840.
7823.
7805.
7789.
7771.
7754.
7737.
7720.
7703.
7686.
7670.
7653.
7635.
7619.
7602.
7586.
7569.
7554.
7537.
7521.
7504.
7489.
7472.
7457.
7441.
7425.
7409.
7394.
7379.
7363.
7347.
7332.
7317.
7302.
7286.
7271.
7257.
7242.
7227.
7212.
7198.
7184.
7169.
7155.
7141.
7127.
7114.
7099.
7086.
7072.
7058.
7045.
7032.
7019.
7006.
6994.
6981.
6968.
6956.
6943.
6931.
6918.
6907.
6895.
6883.
6872.
6861.
6849.
6838.
6827.
6816.
6805.
6795.
6783.
6773.
6763.
6753.
6742.
6732.
6722.
6712.
6703.
6692.
6683.
6675.
6665.
6656.
6647.
6638.
6630.
6621.
6613.
6605.
6596.
6589.
6580.
6572.
6565.
6557.
6550.
6544.
6536.
6528.
6522.
6515.
6508.
6501.
6495.
6489.
6483.
6477.
6471.
6465.
6459.
6454.
6448.
6443.
6438.
6433.
6428.
6423.
6417.
6413.
6408.
6404.
6400.
6396.
6391.
6387.
6383.
6380.
6377.
6373.
6370.
6366.
6363.
6360.
6357.
6354.
6352.
6349.
6347.
6344.
6342.
6340.
6338.
6336.
6334.
6333.
6331.
6329.
6328.
6328.
6326.
6325.
6324.
6324.
6322.
6322.
6321.
6321.
6320.
6320.
6321.
6320.
6322.
6321.
6320.
6321.
6321.
6321.
6321.
6321.
6320.
6321.
6321.
6322.
6321.
6321.
6322.
6321.
6322.
6322.
6322.
6321.
6322.
6321.
6321.
6322.
6322.
6322.
6323.
6321.
6321.
6321.
6322.
6321.
6321.
6322.
6323.
6322.
6322.
6322.
6322.
6322.
6323.
6322.
6322.
6322.
6322.
6322.
6322.
6322.
6322.
6321.
6322.
6322.
6322.
6322.
6322.
6323.
6323.
6322.
6323.
6323.
6322.
6323.
6323.
6322.
6323.
6322.
6322.
6322.
6323.
6323.
6323.
6323.
6323.
6324.
6323.
6323.
6323.
6323.
6323.
6323.
6322.
6323.
6323.
6323.
6323.
6323.
6323.
6324.
6323.
6323.
6323.
6324.
6323.
6323.
6323.
6323.
6323.
6323.
6324.
6324.
6323.
6323.
6323.
6323.
6323.
6323.
6324.
6324.
6323.
6323.
6323.
6323.
6323.
6324.
6323.
6323.
6323.
6323.
6324.
6324.
6324.
6324.
6323.
6324.
6323.
6324.
6323.
6324.
6323.
6324.
6323.
6324.
6323.
6324.
6324.
6324.
6324.
6324.
6324.
6324.
6324.
6323.
6324.
6324.
6324.
6324.
6323.
6324.
6324.
6324.
6324.
6324.
6324.
6324.
6324.
6324.
6324.
6324.
6324.
6324.
6325.
6324.
6324.
6324.
6324.
6324.
6324.
6324.
6324.
6324.
6324.
6324.
6325.
6324.
6324.
6324.
6324.
6324.
6324.
6324.
6324.
6324.
6324.
6324.
6324.
6324.
6324.
6325.
6324.
6325.
6325.
6325.
6324.
6325.
6325.
6324.
6324.
6324.
6325.
6324.
6324.
6325.
6325.
6325.
6325.
6325.
6324.
6325.
6324.
6325.
6324.
6326.
6324.
6324.
6325.
6325.
6324.
6324.
6325.
6325.
6325.
6325.
6325.
6324.
6325.
6325.
6325.
6325.
6325.
6325.
6325.
6326.
6325.
6325.
6326.
6326.
6326.
6327.
6326.
6326.
6327.
6327.
6328.
6329.
6330.
6330.
6331.
6333.
6334.
6334.
6336.
6337.
6339.
6341.
6343.
6345.
6347.
6349.
6352.
6354.
6356.
6359.
6362.
6364.
6367.
6370.
6374.
6376.
6380.
6384.
6388.
6391.
6395.
6400.
6404.
6408.
6413.
6418.
6422.
6427.
6432.
6438.
6442.
6449.
6453.
6460.
6465.
6471.
6477.
6484.
6489.
6496.
6504.
6510.
6516.
6523.
6531.
6538.
6546.
6552.
6560.
6568.
6577.
6584.
6592.
6600.
6608.
6617.
6625.
6635.
6643.
6653.
6662.
6671.
6680.
6690.
6699.
6709.
6719.
6729.
6739.
6750.
6760.
6771.
6781.
6792.
6803.
6814.
6825.
6837.
6848.
6860.
6872.
6883.
6895.
6907.
6919.
6932.
6944.
6957.
6969.
6983.
6995.
7008.
7021.
7034.
7047.
7061.
7075.
7088.
7102.
7116.
7129.
7144.
7158.
7173.
7188.
7202.
7217.
7232.
7247.
7263.
7278.
7293.
7309.
7324.
7340.
7356.
7372.
7388.
7404.
7420.
7437.
7454.
7470.
7488.
7504.
7522.
7538.
7555.
7573.
7590.
7608.
7624.
7643.
7660.
7678.
7695.
7714.
7732.
7750.
7768.
7786.
7804.
7822.
7841.
7860.
7878.
7897.
7916.
7934.
7953.
7972.
7991.
8010.
8029.
8048.
8067.
8085.
8105.
8124.
8144.
8163.
8182.
8201.
8221.
8239.
8260.
8278.
8298.
8317.
8337.
8356.
8376.
8395.
8415.
8433.
8453.
8473.
8493.
8512.
8533.
8552.
8572.
8591.
8611.
8630.
8651.
8669.
8689.
8708.
8729.
8748.
8767.
8786.
8805.
8824.
8844.
8862.
8883.
8901.
8920.
8940.
8959.
8977.
8997.
9015.
9034.
9053.
9071.
9090.
9110.
9128.
9146.
9165.
9183.
9201.
9220.
9238.
9256.
9273.
9291.
9310.
9327.
9345.
9362.
9380.
9398.
9416.
9433.
9451.
9467.
9485.
9502.
9519.
9536.
9553.
9569.
9587.
9603.
9620.
9637.
9652.
9669.
9685.
9701.
9717.
9734.
9749.
9765.
9782.
9798.
9813.
9828.
9844.
9860.
9875.
9890.
9905.
9921.
9936.
9951.
9965.
9980.
9995.
10010.
10024.
10039.
10052.
10067.
10081.
10096.
10109.
10123.
10137.
10151.
10165.
10178.
10191.
10205.
10218.
10231.
10245.
10257.
10269.
10282.
10296.
10308.
10320.
10332.
10344.
10357.
10369.
10380.
10392.
10404.
10415.
10426.
10438.
10449.
10461.
10471.
10483.
10493.
10503.
10514.
10524.
10535.
10545.
10555.
10565.
10575.
10584.
10595.
10603.
10614.
10622.
10632.
10641.
10651.
10660.
10668.
10676.
10686.
10694.
10702.
10711.
10720.
10728.
10734.
10742.
10751.
10758.
10765.
10774.
10781.
10787.
10794.
10801.
10808.
10815.
10821.
10827.
10834.
10839.
10846.
10852.
10858.
10863.
10869.
10874.
10879.
10884.
10890.
10896.
10901.
10905.
10909.
10915.
10919.
10923.
10927.
10931.
10936.
10939.
10942.
10947.
10951.
10954.
10957.
10960.
10964.
10966.
10969.
10972.
10975.
10977.
10980.
10983.
10985.
10987.
10990.
10991.
10993.
10995.
10997.
10999.
11000.
11001.
11002.
11004.
11004.
11006.
11007.
11009.
11009.
11010.
11010.
11011.
11011.
11012.
11012.
11012.
11012.
11011.
11011.
11012.
11012.
11010.
11010.
11011.
11011.
11010.
11009.
11009.
11008.
11007.
11007.
11006.
11005.
11005.
11004.
11003.
11002.
11002.
11001.
10999.
10999.
10997.
10996.
10995.
10994.
10993.
10992.
10991.
10991.
10989.
10987.
10986.
10984.
10983.
10982.
10981.
10980.
10978.
10976.
10975.
10974.
10972.
10970.
10970.
10968.
10966.
10964.
10963.
10962.
10961.
10959.
10958.
10956.
10954.
10952.
10952.
10950.
10948.
10946.
10944.
10943.
10942.
10940.
10938.
10937.
10935.
10933.
10932.
10930.
10928.
10927.
10926.
10924.
10922.
10921.
10919.
10917.
10916.
10914.
10913.
10911.
10910.
10908.
10906.
10905.
10904.
10902.
10900.
10899.
10897.
10896.
10894.
10893.
10892.
10890.
10889.
10887.
10885.
10885.
10883.
10882.
10880.
10879.
10877.
10876.
10875.
10874.
10873.
10872.
10870.
10870.
10867.
10866.
10864.
10864.
10864.
10862.
10860.
10860.
10858.
10858.
10857.
10857.
10855.
10855.
10854.
10852.
10851.
10851.
10850.
10849.
10847.
10847.
10846.
10845.
10845.
10845.
10844.
10844.
10842.
10842.
10842.
10841.
10840.
10840.
10839.
10839.
10839.
10838.
10837.
10837.
10837.
10837.
10837.
10837.
10836.
10836.
10836.
10835.
10835.
10835.
10835.
10835.
10835.
10835.
10835.
10835.
10835.
10835.
10835.
10835.
10836.
10835.
10835.
10835.
10836.
10835.
10835.
10835.
10836.
10834.
10835.
10835.
10835.
10836.
10836.
10835.
10835.
10835.
10835.
10835.
10836.
10835.
10835.
10835.
10835.
10834.
10834.
10834.
10834.
10833.
10833.
10832.
10833.
10833.
10832.
10831.
10831.
10830.
10829.
10829.
10828.
10827.
10826.
10826.
10825.
10823.
10822.
10820.
10818.
10817.
10816.
10814.
10812.
10810.
10808.
10805.
10802.
10799.
10797.
10793.
10791.
10787.
10785.
10781.
10777.
10774.
10769.
10765.
10761.
10757.
10752.
10748.
10743.
10738.
10732.
10728.
10722.
10716.
10710.
10704.
10698.
10692.
10686.
10679.
10672.
10665.
10658.
10651.
10642.
10635.
10627.
10620.
10611.
10603.
10595.
10585.
10576.
10567.
10558.
10549.
10540.
10530.
10520.
10510.
10499.
10488.
10478.
10466.
10456.
10445.
10433.
10422.
10410.
10399.
10387.
10374.
10362.
10349.
10336.
10323.
10310.
10296.
10283.
10270.
10257.
10242.
10228.
10214.
10199.
10184.
10170.
10155.
10140.
10124.
10109.
10093.
10078.
10061.
10046.
10030.
10013.
9997.
9980.
9964.
9946.
9930.
9912.
9895.
9877.
9861.
9843.
9825.
9806.
9788.
9771.
9753.
9734.
9715.
9696.
9678.
9660.
9640.
9621.
9602.
9583.
9563.
9544.
9523.
9504.
9485.
9465.
9445.
9425.
9405.
9385.
9365.
9345.
9324.
9304.
9283.
9263.
9242.
9221.
9200.
9178.
9158.
9138.
9116.
9095.
9074.
9053.
9032.
9011.
8988.
8968.
8946.
8925.
8904.
8882.
8860.
8839.
8817.
8795.
8774.
8753.
8730.
8708.
8686.
8665.
8643.
8621.
8599.
8577.
8555.
8533.
8511.
8489.
8468.
8446.
8424.
8402.
8381.
8358.
8337.
8315.
8293.
8271.
8251.
8228.
8207.
8185.
8165.
8143.
8121.
8099.
8079.
8056.
8035.
8013.
7993.
7971.
7950.
7929.
7909.
7887.
7866.
7845.
7824.
7803.
7783.
7762.
7742.
7722.
7702.
7681.
7661.
7640.
7620.
7600.
7580.
7560.
7541.
7521.
7502.
7482.
7463.
7443.
7425.
7405.
7386.
7367.
7349.
7329.
7311.
7293.
7274.
7257.
7239.
7220.
7203.
7185.
7166.
7149.
7132.
7115.
7097.
7081.
7064.
7047.
7031.
7015.
6998.
6982.
6966.
6950.
6935.
6919.
6905.
6888.
6874.
6858.
6843.
6829.
6815.
6800.
6786.
6772.
6759.
6744.
6731.
6717.
6705.
6691.
6678.
6664.
6652.
6639.
6627.
6615.
6603.
6591.
6579.
6567.
6556.
6544.
6533.
6522.
6510.
6500.
6489.
6479.
6470.
6459.
6450.
6439.
6429.
6420.
6411.
6402.
6392.
6383.
6374.
6366.
6357.
6349.
6341.
6334.
6325.
6318.
6310.
6303.
6296.
6289.
6283.
6275.
6268.
6262.
6256.
6251.
6244.
6239.
6233.
6228.
6223.
6218.
6213.
6208.
6204.
6200.
6195.
6191.
6187.
6183.
6180.
6177.
6174.
6170.
6168.
6165.
6162.
6160.
6157.
6155.
6153.
6150.
6149.
6148.
6147.
6145.
6144.
6143.
6143.
6142.
6141.
6140.
6141.
6140.
6140.
6141.
6141.
6141.
6143.
6142.
6142.
6142.
6142.
6142.
6142.
6142.
6143.
6142.
6142.
6143.
6143.
6144.
6144.
6145.
6145.
6145.
6145.
6147.
6147.
6148.
6148.
6149.
6150.
6151.
6151.
6153.
6154.
6155.
6156.
6157.
6158.
6160.
6160.
6161.
6162.
6163.
6165.
6166.
6168.
6170.
6170.
6171.
6173.
6174.
6176.
6177.
6179.
6180.
6182.
6183.
6185.
6186.
6187.
6189.
6191.
6192.
6194.
6195.
6198.
6199.
6200.
6202.
6203.
6205.
6207.
6208.
6210.
6211.
6212.
6215.
6217.
6218.
6221.
6221.
6223.
6225.
6227.
6228.
6230.
6231.
6234.
6234.
6236.
6238.
6240.
6240.
6242.
6244.
6246.
6247.
6248.
6249.
6251.
6252.
6255.
6255.
6257.
6258.
6259.
6260.
6262.
6263.
6264.
6266.
6266.
6267.
6268.
6269.
6271.
6272.
6273.
6274.
6275.
6275.
6276.
6277.
6278.
6279.
6280.
6281.
6280.
6281.
6282.
6283.
6283.
6284.
6283.
6285.
6286.
6285.
6286.
6286.
6287.
6287.
6287.
6288.
6287.
6288.
6289.
6287.
6287.
6287.
6287.
6287.
6287.
6287.
6287.
6288.
6288.
6288.
6288.
6287.
6287.
6288.
6288.
6288.
6288.
6288.
6288.
6288.
6288.
6287.
6288.
6288.
6288.
6287.
6288.
6288.
6288.
6288.
6288.
6288.
6288.
6289.
6289.
6288.
6288.
6287.
6288.
6287.
6288.
6288.
6288.
6288.
6288.
6288.
6288.
6288.
6288.
6289.
6288.
6288.
6288.
6288.
6288.
6288.
6288.
6288.
6288.
6289.
6288.
6288.
6288.
6288.
6288.
6289.
6289.
6289.
6288.
6288.
6288.
6288.
6289.
6289.
6288.
6288.
6289.
6288.
6289.
6289.
6288.
6288.
6289.
6289.
6288.
6288.
6289.
6289.
6289.
6289.
6289.
6289.
6288.
6289.
6288.
6289.
6288.
6288.
6289.
6289.
6288.
6289.
6288.
6289.
6289.
6289.
6289.
6289.
6289.
6289.
6289.
6289.
6290.
6289.
6290.
6289.
6290.
6289.
6290.
6290.
6291.
6290.
6290.
6290.
6290.
6291.
6291.
6291.
6292.
6292.
6293.
6294.
6294.
6295.
6296.
6298.
6299.
6301.
6301.
6303.
6306.
6307.
6309.
6312.
6314.
6316.
6319.
6321.
6324.
6327.
6330.
6333.
6336.
6339.
6343.
6347.
6351.
6354.
6359.
6363.
6367.
6372.
6377.
6382.
6387.
6391.
6397.
6401.
6408.
6413.
6419.
6424.
6430.
6437.
6442.
6449.
6456.
6463.
6469.
6476.
6483.
6491.
6498.
6506.
6513.
6522.
6530.
6537.
6546.
6554.
6563.
6571.
6581.
6590.
6600.
6609.
6619.
6628.
6639.
6647.
6658.
6668.
6678.
6689.
6700.
6711.
6722.
6733.
6744.
6756.
6767.
6780.
6791.
6803.
6815.
6827.
6840.
6853.
6866.
6879.
6891.
6904.
6918.
6931.
6945.
6958.
6972.
6986.
7000.
7015.
7029.
7043.
7058.
7073.
7088.
7102.
7117.
7133.
7148.
7165.
7180.
7195.
7211.
7227.
7242.
7259.
7275.
7292.
7308.
7325.
7342.
7358.
7376.
7392.
7410.
7427.
7445.
7462.
7479.
7497.
7513.
7531.
7549.
7567.
7585.
7603.
7621.
7640.
7658.
7675.
7695.
7713.
7731.
7749.
7768.
7788.
7806.
7824.
7844.
7862.
7881.
7901.
7919.
7938.
7957.
7976.
7995.
8015.
8034.
8053.
8073.
8091.
8112.
8130.
8150.
8169.
8188.
8207.
8228.
8246.
8265.
8285.
8305.
8324.
8345.
8364.
8384.
8403.
8423.
8442.
8462.
8481.
8500.
8520.
8539.
8558.
8578.
8598.
8617.
8636.
8656.
8674.
8695.
8714.
8733.
8751.
8771.
8790.
8810.
8828.
8848.
8867.
8885.
8904.
8924.
8942.
8961.
8979.
8998.
9017.
9035.
9054.
9072.
9090.
9109.
9127.
9144.
9163.
9181.
9199.
9217.
9234.
9252.
9271.
9288.
9305.
9322.
9341.
9357.
9375.
9392.
9409.
9426.
9443.
9459.
9476.
9493.
9510.
9527.
9543.
9559.
9575.
9592.
9608.
9624.
9639.
9655.
9671.
9687.
9702.
9719.
9733.
9750.
9765.
9780.
9794.
9810.
9825.
9839.
9854.
9868.
9882.
9897.
9910.
9926.
9940.
9953.
9968.
9981.
9995.
10007.
10021.
10034.
10049.
10061.
10073.
10086.
10099.
10111.
10123.
10136.
10147.
10160.
10171.
10183.
10194.
10206.
10217.
10229.
10239.
10252.
10262.
10273.
10283.
10293.
10304.
10314.
10324.
10334.
10344.
10354.
10364.
10373.
10383.
10392.
10402.
10410.
10420.
10428.
10436.
10445.
10454.
10462.
10471.
10479.
10486.
10494.
10502.
10510.
10518.
10526.
10532.
10539.
10547.
10553.
10560.
10567.
10574.
10580.
10586.
10592.
10599.
10604.
10610.
10617.
10623.
10629.
10633.
10639.
10644.
10650.
10654.
10660.
10665.
10669.
10673.
10678.
10682.
10686.
10690.
10695.
10698.
10702.
10706.
10709.
10713.
10717.
10720.
10723.
10727.
10729.
10731.
10734.
10738.
10740.
10743.
10745.
10747.
10750.
10752.
10754.
10756.
10757.
10759.
10761.
10762.
10764.
10765.
10767.
10768.
10769.
10771.
10772.
10772.
10774.
10775.
10775.
10776.
10776.
10777.
10776.
10778.
10778.
10778.
10778.
10778.
10778.
10778.
10777.
10777.
10777.
10776.
10776.
10776.
10776.
10774.
10774.
10774.
10775.
10773.
10772.
10772.
10772.
10771.
10770.
10769.
10769.
10768.
10767.
10765.
10764.
10763.
10763.
10760.
10760.
10759.
10759.
10757.
10757.
10756.
10754.
10752.
10752.
10751.
10750.
10749.
10747.
10745.
10744.
10743.
10742.
10740.
10739.
10737.
10736.
10735.
10733.
10731.
10730.
10729.
10728.
10726.
10725.
10723.
10721.
10720.
10718.
10717.
10716.
10714.
10713.
10712.
10710.
10709.
10707.
10706.
10703.
10702.
10701.
10700.
10698.
10697.
10694.
10694.
10692.
10691.
10689.
10689.
10688.
10685.
10683.
10683.
10682.
10680.
10678.
10678.
10676.
10675.
10672.
10672.
10671.
10670.
10668.
10668.
10666.
10664.
10662.
10662.
10661.
10661.
10658.
10657.
10656.
10655.
10653.
10653.
10651.
10650.
10649.
10648.
10647.
10645.
10644.
10643.
10641.
10641.
10640.
10639.
10638.
10637.
10637.
10635.
10634.
10633.
10633.
10631.
10630.
10629.
10628.
10627.
10627.
10625.
10625.
10622.
10622.
10621.
10621.
10619.
10619.
10618.
10616.
10615.
10615.
10613.
10613.
10611.
10610.
10608.
10609.
10607.
10606.
10604.
10603.
10602.
10600.
10598.
10597.
10595.
10595.
10593.
10591.
10589.
10588.
10586.
10583.
10581.
10581.
10578.
10576.
10574.
10572.
10569.
10566.
10564.
10562.
10559.
10557.
10554.
10552.
10548.
10546.
10542.
10540.
10537.
10533.
10529.
10527.
10523.
10520.
10517.
10513.
10509.
10505.
10501.
10498.
10493.
10489.
10485.
10481.
10477.
10472.
10467.
10463.
10458.
10453.
10449.
10443.
10438.
10433.
10428.
10423.
10417.
10412.
10407.
10401.
10395.
10389.
10383.
10377.
10371.
10364.
10359.
10352.
10345.
10338.
10331.
10324.
10317.
10311.
10303.
10296.
10289.
10281.
10273.
10265.
10258.
10250.
10243.
10234.
10226.
10219.
10209.
10200.
10192.
10184.
10175.
10167.
10157.
10148.
10138.
10130.
10120.
10110.
10100.
10090.
10081.
10070.
10060.
10051.
10040.
10029.
10019.
10008.
9997.
9986.
9975.
9964.
9953.
9942.
9930.
9918.
9906.
9894.
9882.
9871.
9859.
9846.
9833.
9821.
9809.
9795.
9783.
9770.
9757.
9743.
9730.
9716.
9703.
9690.
9677.
9663.
9648.
9634.
9620.
9606.
9591.
9577.
9562.
9548.
9532.
9518.
9503.
9488.
9472.
9458.
9442.
9427.
9411.
9395.
9379.
9363.
9347.
9331.
9315.
9298.
9282.
9265.
9249.
9233.
9216.
9199.
9182.
9165.
9148.
9131.
9113.
9097.
9080.
9062.
9045.
9027.
9009.
8992.
8974.
8956.
8937.
8920.
8902.
8883.
8865.
8847.
8828.
8810.
8791.
8773.
8755.
8736.
8717.
8698.
8679.
8661.
8642.
8622.
8603.
8584.
8565.
8545.
8526.
8507.
8488.
8468.
8449.
8430.
8409.
8391.
8371.
8352.
8331.
8313.
8292.
8274.
8254.
8234.
8214.
8194.
8174.
8155.
8135.
8115.
8095.
8076.
8056.
8036.
8016.
7996.
7977.
7957.
7937.
7918.
7898.
7878.
7858.
7838.
7818.
7798.
7779.
7760.
7740.
7721.
7702.
7681.
7662.
7643.
7623.
7603.
7585.
7565.
7546.
7527.
7508.
7489.
7469.
7451.
7432.
7414.
7395.
7376.
7357.
7340.
7321.
7303.
7285.
7267.
7249.
7231.
7213.
7196.
7178.
7161.
7143.
7126.
7110.
7092.
7075.
7058.
7043.
7026.
7010.
6994.
6978.
6962.
6947.
6931.
6915.
6901.
6885.
6872.
6856.
6841.
6828.
6813.
6800.
6785.
6772.
6758.
6746.
6732.
6720.
6706.
6694.
6681.
6669.
6657.
6644.
6633.
6622.
6610.
6599.
6589.
6577.
6567.
6556.
6546.
6535.
6525.
6517.
6506.
6496.
6487.
6478.
6470.
6461.
6452.
6443.
6435.
6427.
6419.
6411.
6403.
6396.
6388.
6382.
6374.
6368.
6360.
6354.
6349.
6343.
6337.
6331.
6325.
6319.
6314.
6309.
6304.
6299.
6295.
6290.
6285.
6281.
6278.
6273.
6270.
6266.
6263.
6259.
6256.
6252.
6249.
6247.
6244.
6242.
6239.
6236.
6235.
6233.
6231.
6229.
6228.
6226.
6225.
6223.
6222.
6222.
6220.
6219.
6218.
6219.
6218.
6218.
6218.
6218.
6218.
6219.
6219.
6219.
6219.
6220.
6219.
6219.
6220.
6220.
6220.
6220.
6221.
6221.
6222.
6222.
6223.
6223.
6223.
6224.
6225.
6225.
6225.
6226.
6227.
6227.
6228.
6228.
6230.
6230.
6231.
6232.
6234.
6234.
6235.
6236.
6237.
6237.
6238.
6239.
6240.
6241.
6243.
6243.
6244.
6245.
6247.
6248.
6249.
6250.
6251.
6252.
6254.
6255.
6256.
6257.
6258.
6259.
6261.
6263.
6264.
6265.
6266.
6267.
6269.
6269.
6270.
6272.
6273.
6274.
6275.
6278.
6278.
6280.
6281.
6282.
6283.
6285.
6286.
6287.
6288.
6290.
6290.
6292.
6293.
6295.
6295.
6296.
6297.
6298.
6299.
6301.
6301.
6303.
6304.
6305.
6306.
6306.
6307.
6308.
6309.
6310.
6311.
6312.
6313.
6314.
6314.
6315.
6315.
6316.
6317.
6317.
6318.
6319.
6318.
6319.
6320.
6319.
6320.
6320.
6321.
6320.
6321.
6322.
6321.
6322.
6321.
6322.
6321.
6322.
6322.
6321.
6321.
6322.
6321.
6321.
6322.
6322.
6321.
6321.
6321.
6321.
6322.
6322.
6322.
6322.
6321.
6321.
6322.
6322.
6321.
6321.
6322.
6321.
6322.
6322.
6322.
6322.
6321.
6321.
6322.
6321.
6321.
6321.
6322.
6321.
6322.
6322.
6322.
6323.
6321.
6322.
6322.
6322.
6321.
6322.
6322.
6322.
6321.
6322.
6322.
6322.
6322.
6322.
6322.
6322.
6322.
6322.
6322.
6322.
6322.
6322.
6322.
6322.
6323.
6322.
6322.
6321.
6321.
6322.
6323.
6321.
6321.
6322.
6323.
6322.
6322.
6322.
6323.
6322.
6322.
6322.
6322.
6322.
6322.
6323.
6322.
6323.
6323.
6322.
6322.
6323.
6323.
6323.
6323.
6322.
6322.
6322.
6323.
6323.
6323.
6323.
6323.
6322.
6322.
6323.
6323.
6323.
6323.
6322.
6323.
6323.
6322.
6323.
6323.
6322.
6323.
6323.
6323.
6323.
6323.
6324.
6324.
6324.
6324.
6324.
6324.
6324.
6324.
6324.
6324.
6324.
6325.
6325.
6326.
6326.
6327.
6327.
6329.
6330.
6331.
6332.
6334.
6335.
6337.
6338.
6340.
6342.
6344.
6345.
6348.
6350.
6352.
6355.
6357.
6360.
6363.
6366.
6369.
6372.
6375.
6378.
6381.
6384.
6389.
6392.
6396.
6400.
6404.
6408.
6411.
6416.
6421.
6425.
6430.
6434.
6439.
6443.
6448.
6453.
6458.
6463.
6468.
6473.
6479.
6484.
6490.
6495.
6501.
6506.
6512.
6518.
6524.
6530.
6536.
6542.
6549.
6554.
6561.
6567.
6574.
6581.
6589.
6594.
6602.
6609.
6617.
6622.
6630.
6637.
6645.
6652.
6661.
6668.
6676.
6683.
6692.
6699.
6708.
6716.
6724.
6733.
6741.
6749.
6758.
6766.
6776.
6784.
6794.
6802.
6811.
6821.
6830.
6839.
6848.
6858.
6867.
6877.
6886.
6896.
6906.
6916.
6926.
6937.
6947.
6957.
6967.
6977.
6988.
6999.
7009.
7020.
7031.
7041.
7053.
7063.
7075.
7086.
7097.
7108.
7119.
7130.
7143.
7154.
7166.
7177.
7189.
7201.
7213.
7225.
7237.
7249.
7262.
7275.
7287.
7300.
7313.
7325.
7339.
7352.
7365.
7378.
7391.
7405.
7418.
7431.
7444.
7458.
7471.
7485.
7499.
7513.
7528.
7541.
7556.
7570.
7585.
7598.
7613.
7627.
7643.
7656.
7671.
7685.
7701.
7716.
7731.
7746.
7761.
7777.
7792.
7807.
7822.
7838.
7853.
7869.
7884.
7900.
7916.
7932.
7948.
7963.
7980.
7997.
8012.
8028.
8045.
8061.
8077.
8094.
8110.
8126.
8144.
8161.
8177.
8193.
8211.
8227.
8244.
8261.
8278.
8296.
8312.
8329.
8347.
8365.
8381.
8397.
8415.
8433.
8450.
8467.
8484.
8501.
8519.
8536.
8554.
8571.
8589.
8607.
8624.
8641.
8659.
8676.
8694.
8712.
8729.
8747.
8764.
8781.
8799.
8816.
8834.
8851.
8869.
8886.
8904.
8921.
8939.
8956.
8974.
8991.
9008.
9025.
9043.
9060.
9077.
9094.
9111.
9128.
9145.
9162.
9179.
9196.
9212.
9229.
9246.
9262.
9278.
9295.
9311.
9327.
9344.
9360.
9376.
9392.
9407.
9423.
9439.
9454.
9469.
9485.
9500.
9515.
9530.
9545.
9560.
9573.
9588.
9604.
9618.
9632.
9646.
9660.
9674.
9688.
9702.
9716.
9729.
9743.
9756.
9769.
9782.
9795.
9809.
9821.
9833.
9846.
9859.
9872.
9885.
9896.
9908.
9920.
9934.
9945.
9957.
9968.
9980.
9992.
10003.
10014.
10026.
10037.
10048.
10058.
10069.
10080.
10091.
10102.
10111.
10121.
10132.
10141.
10151.
10161.
10171.
10181.
10190.
10199.
10208.
10218.
10227.
10236.
10245.
10254.
10262.
10271.
10279.
10288.
10296.
10305.
10313.
10320.
10328.
10336.
10344.
10351.
10359.
10366.
10374.
10380.
10388.
10394.
10402.
10408.
10414.
10421.
10427.
10434.
10440.
10446.
10451.
10458.
10463.
10470.
10475.
10481.
10486.
10491.
10497.
10502.
10506.
10512.
10516.
10521.
10526.
10531.
10535.
10540.
10544.
10547.
10552.
10556.
10560.
10563.
10567.
10571.
10574.
10577.
10580.
10585.
10588.
10590.
10593.
10597.
10599.
10602.
10604.
10608.
10610.
10612.
10615.
10617.
10619.
10622.
10624.
10625.
10627.
10630.
10632.
10633.
10635.
10636.
10638.
10639.
10640.
10641.
10643.
10643.
10645.
10646.
10648.
10648.
10649.
10649.
10650.
10651.
10652.
10652.
10653.
10654.
10654.
10655.
10655.
10655.
10656.
10656.
10656.
10656.
10656.
10656.
10656.
10656.
10655.
10655.
10656.
10655.
10655.
10655.
10655.
10654.
10653.
10653.
10653.
10652.
10652.
10652.
10650.
10651.
10651.
10650.
10650.
10649.
10648.
10647.
10648.
10647.
10646.
10645.
10645.
10643.
10642.
10642.
10642.
10640.
10640.
10639.
10640.
10639.
10638.
10637.
10637.
10635.
10635.
10633.
10634.
10632.
10631.
10630.
10630.
10628.
10628.
10626.
10625.
10624.
10624.
10623.
10623.
10620.
10620.
10619.
10619.
10618.
10617.
10615.
10615.
10614.
10614.
10613.
10613.
10611.
10610.
10609.
10609.
10609.
10608.
10606.
10606.
10606.
10605.
10604.
10603.
10603.
10602.
10602.
10600.
10600.
10599.
10598.
10597.
10597.
10597.
10596.
10596.
10595.
10594.
10593.
10593.
10593.
10592.
10591.
10591.
10590.
10590.
10590.
10589.
10589.
10588.
10588.
10586.
10586.
10587.
10587.
10585.
10585.
10585.
10585.
10585.
10584.
10584.
10584.
10584.
10584.
10583.
10583.
10583.
10584.
10583.
10583.
10582.
10583.
10582.
10583.
10582.
10583.
10582.
10583.
10583.
10583.
10583.
10583.
10583.
10582.
10582.
10583.
10583.
10583.
10583.
10583.
10583.
10583.
10584.
10583.
10583.
10583.
10583.
10584.
10584.
10583.
10583.
10583.
10584.
10583.
10584.
10584.
10584.
10584.
10584.
10583.
10584.
10584.
10584.
10583.
10583.
10584.
10583.
10583.
10584.
10583.
10583.
10583.
10583.
10584.
10584.
10583.
10583.
10583.
10583.
10583.
10583.
10583.
10583.
10583.
10584.
10583.
10583.
10583.
10583.
10582.
10583.
10583.
10582.
10582.
10583.
10583.
10583.
10582.
10583.
10582.
10582.
10583.
10583.
10583.
10582.
10581.
10582.
10581.
10581.
10581.
10580.
10580.
10580.
10580.
10580.
10580.
10579.
10578.
10578.
10578.
10576.
10576.
10575.
10574.
10574.
10574.
10573.
10571.
10569.
10569.
10567.
10567.
10565.
10564.
10562.
10560.
10559.
10557.
10555.
10552.
10551.
10549.
10547.
10544.
10541.
10539.
10537.
10534.
10531.
10528.
10525.
10522.
10518.
10515.
10512.
10508.
10503.
10500.
10496.
10493.
10489.
10484.
10480.
10475.
10470.
10466.
10462.
10456.
10451.
10446.
10441.
10435.
10431.
10425.
10418.
10412.
10407.
10402.
10395.
10389.
10382.
10376.
10369.
10363.
10355.
10348.
10341.
10334.
10327.
10320.
10312.
10305.
10297.
10288.
10281.
10273.
10264.
10257.
10248.
10239.
10231.
10222.
10213.
10203.
10194.
10185.
10175.
10166.
10157.
10146.
10137.
10126.
10116.
10106.
10095.
10085.
10074.
10064.
10052.
10041.
10031.
10019.
10008.
9996.
9985.
9973.
9961.
9949.
9936.
9925.
9912.
9900.
9887.
9874.
9860.
9847.
9834.
9821.
9808.
9794.
9781.
9768.
9754.
9739.
9726.
9711.
9697.
9683.
9668.
9653.
9639.
9624.
9609.
9593.
9578.
9563.
9548.
9532.
9516.
9500.
9484.
9468.
9452.
9436.
9419.
9402.
9386.
9369.
9353.
9335.
9318.
9301.
9285.
9266.
9249.
9231.
9214.
9196.
9178.
9159.
9143.
9124.
9105.
9087.
9069.
9051.
9032.
9013.
8995.
8976.
8957.
8938.
8919.
8900.
8881.
8861.
8843.
8823.
8805.
8785.
8766.
8746.
8727.
8707.
8688.
8668.
8648.
8628.
8609.
8589.
8570.
8549.
8530.
8510.
8491.
8470.
8451.
8431.
8411.
8391.
8372.
8351.
8332.
8312.
8293.
8273.
8253.
8233.
8214.
8195.
8175.
8156.
8136.
8116.
8096.
8077.
8058.
8039.
8019.
8000.
7981.
7962.
7942.
7924.
7905.
7885.
7867.
7848.
7830.
7811.
7792.
7774.
7755.
7736.
7718.
7700.
7682.
7664.
7645.
7627.
7610.
7592.
7574.
7556.
7539.
7521.
7504.
7486.
7469.
7451.
7434.
7417.
7400.
7382.
7366.
7351.
7333.
7316.
7300.
7284.
7267.
7251.
7235.
7219.
7204.
7187.
7172.
7156.
7141.
7124.
7110.
7094.
7080.
7064.
7050.
7034.
7020.
7005.
6991.
6978.
6963.
6949.
6935.
6921.
6908.
6894.
6881.
6868.
6855.
6841.
6829.
6816.
6803.
6791.
6778.
6766.
6754.
6742.
6731.
6718.
6706.
6695.
6683.
6673.
6661.
6650.
6638.
6627.
6617.
6606.
6596.
6585.
6576.
6566.
6555.
6546.
6536.
6525.
6516.
6507.
6499.
6489.
6480.
6471.
6462.
6453.
6445.
6436.
6429.
6420.
6412.
6405.
6397.
6389.
6382.
6374.
6367.
6360.
6354.
6346.
6340.
6333.
6326.
6321.
6314.
6308.
6302.
6297.
6291.
6286.
6280.
6275.
6269.
6265.
6259.
6255.
6251.
6246.
6242.
6238.
6233.
6229.
6226.
6222.
6219.
6215.
6211.
6208.
6206.
6202.
6200.
6197.
6195.
6191.
6190.
6187.
6186.
6183.
6181.
6180.
6179.
6177.
6175.
6174.
6173.
6172.
6171.
6171.
6171.
6170.
6170.
6170.
6169.
6170.
6169.
6170.
6171.
6170.
6170.
6170.
6170.
6171.
6170.
6171.
6171.
6170.
6170.
6171.
6171.
6170.
6171.
6171.
6170.
6171.
6170.
6171.
6171.
6171.
6172.
6171.
6172.
6171.
6171.
6171.
6171.
6172.
6171.
6171.
6172.
6170.
6171.
6171.
6172.
6170.
6171.
6171.
6172.
6171.
6171.
6171.
6172.
6172.
6172.
6171.
6171.
6171.
6171.
6172.