10903.
10903.
10903.
10903.
10903.
10903.
10903.
10903.
10902.
10903.
10902.
10903.
10902.
10903.
10903.
10902.
10903.
10903.
10903.
10903.
10903.
10903.
10903.
10902.
10903.
10903.
10903.
10902.
10903.
10903.
10903.
10902.
10903.
10903.
10903.
10903.
10902.
10902.
10903.
10903.
10902.
10902.
10903.
10902.
10902.
10902.
10902.
10902.
10903.
10903.
10903.
10902.
10903.
10903.
10903.
10903.
10902.
10902.
10903.
10903.
10903.
10903.
10903.
10903.
10903.
10903.
10902.
10903.
10902.
10903.
10903.
10903.
10902.
10903.
10902.
10903.
10903.
10903.
10902.
10903.
10902.
10903.
10903.
10903.
10902.
10903.
10903.
10903.
10902.
10903.
10902.
10903.
10902.
10903.
10902.
10903.
10903.
10902.
10902.
10903.
10902.
10903.
10903.
10903.
10903.
10902.
10902.
10903.
10903.
10903.
10903.
10903.
10903.
10903.
10903.
10902.
10902.
10903.
10903.
10903.
10903.
10902.
10902.
10903.
10902.
10902.
10903.
10902.
10903.
10903.
10902.
10903.
10902.
10903.
10903.
10902.
10902.
10903.
10903.
10902.
10903.
10903.
10903.
10903.
10902.
10903.
10903.
10902.
10903.
10903.
10902.
10903.
10903.
10902.
10903.
10902.
10903.
10903.
10902.
10902.
10902.
10902.
10902.
10903.
10902.
10902.
10902.
10903.
10902.
10903.
10902.
10902.
10903.
10903.
10902.
10902.
10902.
10902.
10902.
10902.
10902.
10902.
10901.
10901.
10901.
10901.
10901.
10901.
10902.
10901.
10902.
10901.
10901.
10901.
10900.
10901.
10901.
10901.
10901.
10900.
10900.
10900.
10900.
10900.
10900.
10900.
10899.
10899.
10899.
10899.
10899.
10898.
10898.
10898.
10897.
10897.
10897.
10897.
10896.
10896.
10896.
10895.
10894.
10894.
10894.
10893.
10892.
10892.
10892.
10890.
10890.
10889.
10888.
10887.
10886.
10885.
10885.
10883.
10883.
10882.
10879.
10879.
10879.
10877.
10875.
10873.
10873.
10871.
10870.
10868.
10866.
10865.
10864.
10862.
10859.
10857.
10855.
10853.
10852.
10850.
10847.
10845.
10844.
10841.
10838.
10836.
10833.
10831.
10829.
10825.
10823.
10820.
10817.
10815.
10812.
10809.
10806.
10802.
10799.
10796.
10793.
10789.
10786.
10782.
10779.
10775.
10772.
10768.
10763.
10759.
10756.
10753.
10748.
10744.
10740.
10736.
10730.
10727.
10722.
10717.
10712.
10708.
10703.
10698.
10693.
10688.
10683.
10678.
10672.
10668.
10662.
10657.
10651.
10646.
10640.
10635.
10628.
10623.
10617.
10611.
10605.
10598.
10592.
10586.
10579.
10573.
10567.
10561.
10553.
10547.
10539.
10533.
10525.
10519.
10511.
10504.
10496.
10489.
10482.
10475.
10466.
10459.
10451.
10442.
10434.
10427.
10419.
10409.
10401.
10393.
10385.
10375.
10367.
10357.
10349.
10339.
10331.
10321.
10312.
10302.
10293.
10283.
10273.
10263.
10254.
10243.
10234.
10223.
10212.
10202.
10192.
10181.
10170.
10159.
10148.
10137.
10126.
10114.
10103.
10091.
10081.
10068.
10057.
10044.
10033.
10021.
10009.
9996.
9985.
9972.
9960.
9948.
9934.
9922.
9908.
9896.
9882.
9869.
9855.
9842.
9829.
9816.
9801.
9788.
9774.
9759.
9745.
9732.
9718.
9703.
9689.
9675.
9660.
9646.
9631.
9617.
9602.
9587.
9572.
9558.
9541.
9526.
9511.
9497.
9481.
9466.
9451.
9435.
9418.
9404.
9387.
9373.
9356.
9341.
9324.
9309.
9293.
9277.
9260.
9245.
9228.
9213.
9196.
9180.
9164.
9148.
9132.
9115.
9099.
9083.
9067.
9050.
9034.
9017.
9001.
8985.
8968.
8952.
8935.
8919.
8902.
8885.
8869.
8853.
8836.
8819.
8803.
8787.
8769.
8753.
8736.
8720.
8703.
8687.
8671.
8655.
8637.
8620.
8604.
8587.
8571.
8555.
8539.
8522.
8506.
8489.
8472.
8456.
8440.
8423.
8408.
8391.
8374.
8358.
8343.
8326.
8309.
8293.
8277.
8261.
8244.
8229.
8213.
8197.
8180.
8165.
8148.
8133.
8116.
8101.
8085.
8070.
8053.
8038.
8023.
8006.
7990.
7976.
7960.
7944.
7928.
7913.
7897.
7882.
7866.
7851.
7836.
7820.
7804.
7790.
7774.
7759.
7743.
7728.
7714.
7698.
7683.
7668.
7652.
7638.
7622.
7608.
7593.
7578.
7564.
7549.
7534.
7519.
7504.
7490.
7476.
7460.
7446.
7432.
7417.
7404.
7389.
7375.
7361.
7346.
7332.
7318.
7303.
7290.
7276.
7262.
7248.
7235.
7220.
7207.
7194.
7180.
7167.
7153.
7140.
7127.
7113.
7100.
7087.
7074.
7061.
7047.
7035.
7022.
7008.
6996.
6984.
6971.
6959.
6946.
6933.
6921.
6908.
6897.
6884.
6873.
6861.
6849.
6838.
6825.
6813.
6802.
6791.
6779.
6767.
6756.
6743.
6733.
6722.
6711.
6699.
6688.
6677.
6667.
6655.
6645.
6634.
6623.
6613.
6602.
6592.
6581.
6571.
6560.
6550.
6540.
6530.
6520.
6510.
6500.
6491.
6480.
6470.
6460.
6450.
6442.
6432.
6423.
6413.
6403.
6394.
6386.
6377.
6368.
6359.
6350.
6340.
6333.
6323.
6314.
6306.
6298.
6289.
6280.
6273.
6265.
6256.
6248.
6240.
6232.
6224.
6216.
6209.
6201.
6193.
6186.
6179.
6171.
6164.
6156.
6148.
6142.
6135.
6128.
6121.
6115.
6107.
6100.
6094.
6088.
6080.
6074.
6068.
6061.
6056.
6049.
6043.
6037.
6031.
6025.
6019.
6013.
6008.
6002.
5997.
5991.
5986.
5980.
5975.
5969.
5964.
5959.
5954.
5948.
5943.
5938.
5934.
5929.
5924.
5920.
5915.
5911.
5906.
5902.
5898.
5893.
5889.
5885.
5881.
5878.
5873.
5870.
5866.
5862.
5859.
5856.
5852.
5849.
5846.
5842.
5839.
5835.
5832.
5829.
5826.
5824.
5821.
5818.
5816.
5813.
5811.
5808.
5806.
5803.
5802.
5799.
5797.
5795.
5793.
5791.
5789.
5788.
5786.
5785.
5783.
5781.
5779.
5779.
5776.
5776.
5774.
5773.
5772.
5772.
5771.
5771.
5769.
5768.
5768.
5767.
5767.
5767.
5767.
5767.
5766.
5766.
5766.
5767.
5767.
5767.
5767.
5767.
5768.
5767.
5767.
5767.
5767.
5769.
5769.
5769.
5769.
5770.
5770.
5770.
5772.
5771.
5773.
5772.
5773.
5774.
5775.
5775.
5776.
5777.
5777.
5779.
5780.
5781.
5781.
5783.
5784.
5786.
5787.
5788.
5789.
5791.
5791.
5794.
5794.
5796.
5798.
5800.
5801.
5803.
5805.
5807.
5808.
5810.
5813.
5815.
5816.
5819.
5823.
5825.
5826.
5828.
5831.
5834.
5836.
5839.
5842.
5845.
5848.
5851.
5854.
5857.
5859.
5862.
5866.
5870.
5873.
5876.
5880.
5884.
5886.
5890.
5894.
5899.
5902.
5905.
5910.
5914.
5918.
5922.
5927.
5931.
5935.
5940.
5944.
5949.
5953.
5958.
5963.
5969.
5973.
5977.
5983.
5987.
5993.
5997.
6003.
6008.
6013.
6019.
6025.
6031.
6036.
6041.
6048.
6053.
6060.
6065.
6071.
6078.
6084.
6090.
6096.
6103.
6110.
6116.
6122.
6130.
6136.
6143.
6149.
6157.
6164.
6171.
6178.
6186.
6192.
6200.
6207.
6216.
6223.
6231.
6238.
6247.
6254.
6263.
6271.
6279.
6287.
6295.
6304.
6312.
6321.
6330.
6338.
6347.
6356.
6365.
6373.
6382.
6392.
6401.
6411.
6419.
6429.
6439.
6448.
6459.
6468.
6478.
6488.
6498.
6507.
6518.
6529.
6539.
6548.
6559.
6570.
6580.
6591.
6601.
6613.
6623.
6634.
6645.
6656.
6667.
6679.
6690.
6702.
6712.
6724.
6735.
6747.
6759.
6771.
6782.
6795.
6806.
6818.
6831.
6844.
6855.
6867.
6879.
6891.
6904.
6916.
6929.
6942.
6953.
6966.
6979.
6991.
7004.
7016.
7029.
7042.
7055.
7067.
7081.
7093.
7107.
7120.
7133.
7146.
7159.
7172.
7186.
7198.
7213.
7226.
7240.
7253.
7266.
7280.
7294.
7307.
7321.
7335.
7349.
7363.
7377.
7390.
7405.
7418.
7433.
7448.
7462.
7477.
7491.
7506.
7520.
7535.
7550.
7563.
7578.
7594.
7608.
7624.
7638.
7653.
7668.
7683.
7699.
7714.
7729.
7743.
7758.
7774.
7790.
7804.
7820.
7835.
7851.
7866.
7881.
7897.
7912.
7927.
7942.
7958.
7974.
7990.
8005.
8021.
8036.
8053.
8068.
8083.
8099.
8115.
8130.
8146.
8162.
8177.
8193.
8209.
8225.
8240.
8256.
8272.
8289.
8304.
8321.
8337.
8353.
8368.
8384.
8400.
8416.
8432.
8447.
8464.
8480.
8496.
8511.
8528.
8544.
8559.
8577.
8592.
8608.
8623.
8639.
8655.
8671.
8687.
8703.
8719.
8734.
8750.
8767.
8782.
8798.
8813.
8829.
8845.
8862.
8878.
8893.
8908.
8924.
8939.
8955.
8971.
8987.
9002.
9018.
9033.
9049.
9064.
9079.
9094.
9111.
9126.
9140.
9156.
9171.
9187.
9202.
9217.
9233.
9246.
9263.
9278.
9292.
9307.
9322.
9337.
9352.
9367.
9381.
9396.
9411.
9426.
9440.
9455.
9470.
9484.
9499.
9514.
9528.
9542.
9556.
9571.
9586.
9600.
9613.
9627.
9642.
9655.
9670.
9684.
9697.
9711.
9725.
9739.
9753.
9766.
9780.
9794.
9808.
9821.
9835.
9848.
9862.
9875.
9889.
9902.
9916.
9928.
9941.
9955.
9968.
9982.
9994.
10007.
10020.
10033.
10046.
10059.
10071.
10085.
10097.
10109.
10121.
10134.
10146.
10159.
10171.
10184.
10196.
10208.
10220.
10232.
10244.
10256.
10268.
10280.
10292.
10304.
10316.
10328.
10339.
10351.
10362.
10374.
10385.
10397.
10408.
10419.
10430.
10441.
10452.
10464.
10474.
10485.
10495.
10507.
10517.
10528.
10539.
10549.
10559.
10570.
10580.
10590.
10600.
10610.
10621.
10631.
10640.
10650.
10660.
10670.
10680.
10689.
10700.
10708.
10718.
10727.
10737.
10746.
10755.
10764.
10774.
10782.
10791.
10799.
10808.
10816.
10826.
10834.
10842.
10851.
10858.
10867.
10874.
10883.
10892.
10899.
10906.
10914.
10922.
10930.
10937.
10945.
10952.
10960.
10966.
10974.
10981.
10988.
10994.
11001.
11008.
11015.
11021.
11027.
11034.
11040.
11047.
11053.
11058.
11065.
11070.
11077.
11081.
11087.
11093.
11099.
11104.
11109.
11114.
11120.
11124.
11130.
11135.
11139.
11143.
11149.
11154.
11157.
11161.
11167.
11171.
11174.
11178.
11183.
11187.
11190.
11194.
11197.
11202.
11205.
11208.
11211.
11215.
11218.
11221.
11224.
11227.
11230.
11232.
11235.
11238.
11240.
11243.
11245.
11248.
11250.
11251.
11253.
11255.
11257.
11259.
11261.
11262.
11264.
11266.
11266.
11267.
11269.
11269.
11270.
11272.
11272.
11273.
11273.
11274.
11275.
11276.
11275.
11276.
11276.
11276.
11277.
11276.
11275.
11276.
11276.
11275.
11275.
11275.
11275.
11273.
11272.
11273.
11273.
11271.
11271.
11271.
11270.
11269.
11269.
11267.
11265.
11265.
11264.
11263.
11262.
11260.
11259.
11258.
11257.
11255.
11255.
11253.
11252.
11251.
11249.
11247.
11245.
11244.
11242.
11239.
11239.
11237.
11235.
11233.
11230.
11229.
11226.
11225.
11222.
11220.
11218.
11216.
11213.
11210.
11209.
11206.
11203.
11200.
11199.
11196.
11193.
11190.
11187.
11184.
11182.
11178.
11176.
11173.
11170.
11167.
11164.
11160.
11157.
11154.
11151.
11147.
11144.
11140.
11137.
11133.
11130.
11126.
11123.
11119.
11115.
11111.
11107.
11104.
11099.
11095.
11091.
11087.
11083.
11079.
11075.
11071.
11066.
11062.
11057.
11053.
11049.
11045.
11040.
11035.
11031.
11026.
11022.
11018.
11012.
11007.
11003.
10998.
10993.
10988.
10983.
10978.
10973.
10968.
10963.
10958.
10953.
10947.
10942.
10937.
10932.
10926.
10921.
10915.
10909.
10903.
10899.
10893.
10887.
10881.
10876.
10870.
10864.
10858.
10852.
10846.
10840.
10834.
10828.
10821.
10815.
10809.
10802.
10796.
10789.
10783.
10776.
10770.
10764.
10757.
10751.
10744.
10737.
10730.
10724.
10717.
10710.
10703.
10696.
10689.
10681.
10675.
10668.
10660.
10653.
10645.
10639.
10632.
10624.
10617.
10609.
10601.
10594.
10586.
10579.
10571.
10563.
10554.
10547.
10539.
10531.
10524.
10516.
10507.
10499.
10491.
10483.
10474.
10466.
10458.
10449.
10441.
10432.
10425.
10415.
10406.
10398.
10391.
10381.
10373.
10363.
10355.
10345.
10336.
10327.
10318.
10309.
10300.
10291.
10282.
10272.
10264.
10254.
10244.
10235.
10225.
10216.
10205.
10196.
10187.
10177.
10168.
10157.
10147.
10137.
10127.
10117.
10107.
10097.
10087.
10076.
10066.
10055.
10045.
10034.
10023.
10013.
10002.
9992.
9981.
9970.
9960.
9948.
9938.
9927.
9916.
9904.
9893.
9882.
9871.
9859.
9848.
9837.
9825.
9814.
9802.
9790.
9779.
9767.
9756.
9743.
9731.
9720.
9707.
9696.
9684.
9671.
9659.
9647.
9636.
9622.
9610.
9597.
9585.
9572.
9559.
9547.
9534.
9521.
9508.
9496.
9484.
9470.
9459.
9444.
9432.
9419.
9406.
9392.
9379.
9366.
9353.
9339.
9326.
9312.
9299.
9286.
9272.
9259.
9246.
9232.
9218.
9205.
9191.
9178.
9164.
9150.
9136.
9122.
9108.
9094.
9081.
9066.
9053.
9038.
9024.
9010.
8995.
8981.
8966.
8952.
8938.
8924.
8909.
8895.
8881.
8867.
8852.
8838.
8823.
8809.
8794.
8780.
8765.
8751.
8736.
8722.
8707.
8692.
8677.
8663.
8648.
8634.
8619.
8603.
8589.
8574.
8560.
8546.
8531.
8517.
8501.
8487.
8472.
8458.
8442.
8428.
8413.
8399.
8383.
8369.
8355.
8341.
8325.
8311.
8296.
8282.
8268.
8253.
8238.
8224.
8209.
8195.
8181.
8166.
8152.
8137.
8122.
8108.
8094.
8079.
8065.
8051.
8036.
8022.
8008.
7994.
7980.
7966.
7952.
7938.
7924.
7910.
7895.
7881.
7868.
7854.
7840.
7826.
7812.
7799.
7785.
7772.
7758.
7745.
7731.
7717.
7704.
7691.
7676.
7663.
7649.
7637.
7623.
7610.
7597.
7584.
7570.
7557.
7545.
7531.
7518.
7505.
7492.
7479.
7466.
7453.
7441.
7428.
7416.
7403.
7390.
7378.
7366.
7353.
7342.
7328.
7315.
7304.
7292.
7279.
7267.
7256.
7244.
7232.
7220.
7207.
7195.
7184.
7172.
7161.
7149.
7138.
7126.
7115.
7103.
7092.
7081.
7070.
7058.
7047.
7036.
7025.
7014.
7003.
6992.
6982.
6970.
6960.
6950.
6940.
6929.
6919.
6909.
6898.
6887.
6877.
6868.
6858.
6849.
6838.
6829.
6818.
6809.
6799.
6790.
6780.
6770.
6761.
6751.
6742.
6733.
6723.
6715.
6706.
6695.
6687.
6678.
6670.
6659.
6651.
6643.
6635.
6626.
6617.
6609.
6600.
6592.
6584.
6575.
6567.
6560.
6551.
6543.
6535.
6527.
6520.
6511.
6503.
6496.
6488.
6481.
6473.
6466.
6459.
6451.
6444.
6437.
6430.
6422.
6416.
6408.
6401.
6394.
6388.
6381.
6374.
6367.
6361.
6354.
6349.
6341.
6335.
6329.
6323.
6316.
6310.
6305.
6298.
6293.
6287.
6281.
6276.
6270.
6265.
6259.
6253.
6249.
6243.
6238.
6233.
6228.
6222.
6218.
6213.
6209.
6204.
6199.
6194.
6190.
6186.
6181.
6177.
6173.
6169.
6164.
6160.
6157.
6153.
6149.
6145.
6142.
6138.
6135.
6131.
6128.
6124.
6122.
6118.
6116.
6112.
6110.
6106.
6104.
6101.
6099.
6096.
6094.
6092.
6090.
6088.
6086.
6083.
6081.
6080.
6078.
6077.
6075.
6074.
6072.
6071.
6069.
6069.
6067.
6067.
6066.
6065.
6064.
6064.
6063.
6063.
6062.
6062.
6062.
6062.
6062.
6062.
6063.
6062.
6063.
6063.
6063.
6063.
6064.
6064.
6065.
6065.
6067.
6067.
6067.
6068.
6068.
6070.
6071.
6071.
6072.
6073.
6074.
6076.
6077.
6078.
6079.
6080.
6082.
6083.
6084.
6086.
6087.
6089.
6091.
6092.
6094.
6096.
6099.
6101.
6102.
6105.
6107.
6109.
6111.
6113.
6117.
6119.
6121.
6124.
6127.
6129.
6133.
6135.
6138.
6141.
6145.
6147.
6151.
6153.
6158.
6161.
6164.
6167.
6171.
6175.
6179.
6182.
6186.
6190.
6195.
6199.
6203.
6207.
6212.
6215.
6221.
6225.
6230.
6235.
6239.
6244.
6249.
6253.
6259.
6263.
6269.
6274.
6280.
6285.
6291.
6295.
6301.
6307.
6313.
6318.
6324.
6330.
6336.
6342.
6348.
6354.
6361.
6367.
6374.
6380.
6387.
6393.
6399.
6407.
6413.
6421.
6428.
6434.
6441.
6449.
6456.
6464.
6471.
6477.
6485.
6493.
6500.
6509.
6516.
6523.
6531.
6540.
6547.
6556.
6564.
6573.
6580.
6588.
6596.
6605.
6614.
6622.
6630.
6639.
6648.
6656.
6666.
6674.
6683.
6691.
6701.
6710.
6720.
6728.
6737.
6746.
6756.
6765.
6774.
6783.
6793.
6802.
6812.
6822.
6831.
6840.
6850.
6860.
6870.
6880.
6889.
6899.
6909.
6919.
6929.
6939.
6949.
6960.
6970.
6980.
6991.
7000.
7011.
7022.
7032.
7043.
7053.
7063.
7074.
7085.
7095.
7106.
7117.
7127.
7138.
7149.
7160.
7170.
7181.
7192.
7203.
7213.
7225.
7236.
7247.
7258.
7269.
7281.
7292.
7303.
7315.
7326.
7338.
7349.
7361.
7373.
7384.
7395.
7407.
7418.
7430.
7441.
7454.
7465.
7477.
7488.
7500.
7511.
7524.
7535.
7547.
7559.
7571.
7583.
7595.
7606.
7619.
7631.
7643.
7655.
7667.
7679.
7692.
7704.
7716.
7727.
7739.
7752.
7764.
7776.
7789.
7801.
7813.
7825.
7838.
7850.
7862.
7875.
7887.
7900.
7912.
7925.
7937.
7950.
7962.
7974.
7987.
7999.
8012.
8025.
8037.
8050.
8062.
8075.
8087.
8099.
8113.
8126.
8138.
8150.
8164.
8176.
8189.
8202.
8214.
8227.
8239.
8252.
8265.
8277.
8291.
8303.
8316.
8328.
8341.
8354.
8367.
8379.
8392.
8405.
8418.
8430.
8443.
8455.
8469.
8481.
8494.
8506.
8519.
8532.
8544.
8556.
8570.
8582.
8594.
8607.
8620.
8632.
8645.
8658.
8670.
8683.
8695.
8707.
8721.
8733.
8745.
8758.
8771.
8783.
8795.
8807.
8820.
8832.
8845.
8857.
8869.
8881.
8895.
8907.
8919.
8931.
8943.
8955.
8968.
8980.
8993.
9005.
9017.
9029.
9041.
9053.
9065.
9077.
9089.
9102.
9113.
9125.
9137.
9149.
9161.
9173.
9185.
9197.
9208.
9220.
9232.
9244.
9255.
9267.
9278.
9290.
9301.
9313.
9324.
9336.
9347.
9359.
9371.
9382.
9393.
9404.
9415.
9427.
9438.
9449.
9460.
9471.
9483.
9493.
9504.
9516.
9526.
9537.
9547.
9558.
9569.
9579.
9590.
9601.
9611.
9622.
9632.
9641.
9653.
9663.
9673.
9684.
9694.
9704.
9714.
9723.
9734.
9744.
9754.
9763.
9773.
9783.
9792.
9802.
9811.
9821.
9830.
9840.
9849.
9858.
9868.
9877.
9886.
9895.
9904.
9913.
9922.
9931.
9938.
9948.
9957.
9964.
9974.
9982.
9990.
9998.
10005.
10014.
10023.
10030.
10039.
10045.
10053.
10061.
10069.
10077.
10084.
10090.
10098.
10105.
10113.
10120.
10127.
10134.
10140.
10146.
10155.
10161.
10167.
10173.
10181.
10187.
10193.
10199.
10205.
10211.
10218.
10223.
10230.
10235.
10241.
10247.
10252.
10258.
10263.
10269.
10275.
10280.
10285.
10290.
10295.
10301.
10306.
10310.
10316.
10321.
10325.
10329.
10334.
10340.
10344.
10348.
10352.
10357.
10361.
10365.
10370.
10375.
10377.
10381.
10385.
10390.
10393.
10396.
10401.
10405.
10407.
10411.
10415.
10419.
10422.
10425.
10429.
10432.
10435.
10438.
10441.
10445.
10448.
10450.
10453.
10456.
10459.
10462.
10464.
10467.
10470.
10472.
10474.
10477.
10479.
10482.
10484.
10486.
10489.
10491.
10493.
10495.
10497.
10499.
10501.
10503.
10505.
10507.
10509.
10510.
10512.
10514.
10516.
10518.
10520.
10521.
10522.
10523.
10525.
10528.
10529.
10531.
10532.
10532.
10534.
10536.
10537.
10538.
10539.
10541.
10542.
10544.
10544.
10545.
10546.
10548.
10549.
10551.
10551.
10552.
10552.
10554.
10555.
10556.
10556.
10557.
10558.
10559.
10560.
10560.
10560.
10561.
10562.
10563.
10563.
10564.
10564.
10565.
10566.
10565.
10566.
10567.
10567.
10567.
10567.
10568.
10568.
10569.
10569.
10569.
10569.
10569.
10569.
10570.
10570.
10569.
10570.
10570.
10570.
10569.
10569.
10569.
10569.
10568.
10569.
10569.
10569.
10569.
10568.
10568.
10568.
10568.
10568.
10568.
10567.
10567.
10567.
10567.
10566.
10566.
10566.
10566.
10565.
10564.
10565.
10565.
10564.
10564.
10564.
10564.
10563.
10563.
10562.
10563.
10562.
10561.
10561.
10561.
10560.
10560.
10558.
10558.
10557.
10557.
10555.
10555.
10555.
10554.
10553.
10552.
10551.
10551.
10550.
10549.
10548.
10546.
10545.
10544.
10543.
10542.
10540.
10540.
10538.
10537.
10535.
10533.
10531.
10530.
10528.
10525.
10524.
10522.
10520.
10518.
10515.
10514.
10511.
10509.
10506.
10504.
10501.
10498.
10495.
10493.
10490.
10487.
10484.
10481.
10478.
10474.
10470.
10467.
10464.
10460.
10456.
10453.
10449.
10445.
10441.
10436.
10432.
10427.
10423.
10419.
10415.
10410.
10405.
10401.
10396.
10390.
10385.
10380.
10375.
10369.
10364.
10358.
10352.
10347.
10341.
10335.
10329.
10323.
10316.
10311.
10304.
10297.
10291.
10284.
10278.
10271.
10264.
10257.
10250.
10243.
10236.
10228.
10221.
10213.
10205.
10197.
10190.
10182.
10173.
10165.
10158.
10149.
10140.
10132.
10122.
10113.
10104.
10096.
10087.
10077.
10068.
10060.
10050.
10040.
10031.
10020.
10011.
10001.
9991.
9980.
9970.
9960.
9950.
9939.
9928.
9917.
9907.
9896.
9885.
9874.
9863.
9852.
9841.
9830.
9818.
9807.
9795.
9783.
9771.
9759.
9747.
9735.
9723.
9711.
9699.
9687.
9675.
9662.
9649.
9637.
9625.
9611.
9598.
9586.
9573.
9559.
9547.
9533.
9521.
9508.
9496.
9482.
9468.
9456.
9443.
9428.
9415.
9402.
9388.
9374.
9361.
9347.
9333.
9320.
9305.
9292.
9278.
9264.
9250.
9236.
9223.
9208.
9193.
9180.
9165.
9151.
9138.
9122.
9108.
9094.
9081.
9065.
9052.
9037.
9023.
9007.
8994.
8979.
8964.
8950.
8935.
8920.
8906.
8892.
8878.
8862.
8848.
8833.
8818.
8804.
8789.
8774.
8760.
8745.
8730.
8715.
8700.
8685.
8671.
8656.
8641.
8625.
8611.
8596.
8581.
8566.
8552.
8537.
8522.
8507.
8492.
8477.
8462.
8448.
8433.
8418.
8403.
8387.
8373.
8359.
8344.
8329.
8313.
8298.
8284.
8269.
8255.
8240.
8225.
8210.
8195.
8180.
8166.
8151.
8136.
8122.
8107.
8092.
8078.
8062.
8047.
8033.
8019.
8004.
7989.
7975.
7961.
7945.
7932.
7916.
7902.
7887.
7873.
7858.
7844.
7830.
7816.
7801.
7786.
7771.
7757.
7743.
7729.
7715.
7701.
7686.
7672.
7658.
7644.
7629.
7615.
7600.
7587.
7572.
7559.
7545.
7530.
7516.
7502.
7489.
7474.
7460.
7446.
7432.
7419.
7405.
7391.
7377.
7363.
7349.
7336.
7322.
7309.
7294.
7281.
7266.
7254.
7239.
7225.
7212.
7199.
7185.
7172.
7159.
7146.
7131.
7118.
7104.
7092.
7078.
7065.
7052.
7039.
7025.
7012.
6999.
6985.
6973.
6959.
6947.
6934.
6921.
6908.
6895.
6883.
6871.
6858.
6845.
6833.
6820.
6807.
6795.
6782.
6771.
6758.
6746.
6734.
6721.
6709.
6697.
6685.
6673.
6661.
6649.
6638.
6625.
6615.
6603.
6590.
6579.
6568.
6556.
6546.
6533.
6522.
6510.
6500.
6488.
6477.
6467.
6456.
6444.
6434.
6423.
6412.
6401.
6391.
6380.
6370.
6360.
6349.
6340.
6328.
6319.
6308.
6298.
6289.
6279.
6269.
6259.
6249.
6239.
6230.
6220.
6211.
6201.
6193.
6182.
6174.
6164.
6156.
6146.
6138.
6129.
6120.
6111.
6102.
6094.
6086.
6077.
6069.
6060.
6052.
6045.
6036.
6028.
6020.
6013.
6004.
5997.
5990.
5983.
5975.
5968.
5960.
5953.
5947.
5940.
5933.
5926.
5920.
5913.
5906.
5900.
5895.
5887.
5882.
5876.
5870.
5865.
5859.
5855.
5849.
5843.
5838.
5833.
5827.
5824.
5818.
5814.
5809.
5804.
5801.
5796.
5793.
5789.
5785.
5781.
5777.
5773.
5770.
5767.
5765.
5761.
5758.
5755.
5753.
5750.
5748.
5745.
5743.
5741.
5739.
5737.
5735.
5734.
5732.
5731.
5730.
5728.
5727.
5727.
5726.
5725.
5725.
5724.
5723.
5723.
5723.
5723.
5723.
5723.
5723.
5724.
5723.
5725.
5725.
5726.
5726.
5728.
5728.
5730.
5730.
5732.
5732.
5734.
5735.
5737.
5737.
5739.
5740.
5742.
5744.
5746.
5748.
5750.
5752.
5754.
5756.
5759.
5762.
5764.
5767.
5769.
5772.
5775.
5777.
5780.
5784.
5786.
5790.
5793.
5796.
5799.
5803.
5806.
5811.
5814.
5818.
5821.
5826.
5829.
5833.
5837.
5842.
5846.
5851.
5855.
5859.
5863.
5868.
5872.
5878.
5883.
5887.
5892.
5898.
5903.
5908.
5913.
5919.
5923.
5928.
5934.
5940.
5945.
5951.
5957.
5963.
5968.
5974.
5980.
5986.
5992.
5998.
6005.
6011.
6017.
6023.
6031.
6037.
6044.
6051.
6057.
6064.
6071.
6077.
6085.
6091.
6100.
6107.
6113.
6121.
6129.
6136.
6144.
6151.
6159.
6166.
6175.
6182.
6191.
6198.
6206.
6214.
6222.
6231.
6239.
6248.
6256.
6265.
6274.
6282.
6290.
6298.
6307.
6316.
6325.
6334.
6343.
6352.
6361.
6371.
6380.
6389.
6398.
6408.
6417.
6427.
6436.
6445.
6455.
6465.
6474.
6484.
6495.
6504.
6514.
6523.
6534.
6544.
6554.
6564.
6574.
6584.
6595.
6605.
6616.
6626.
6636.
6647.
6658.
6669.
6679.
6690.
6700.
6712.
6722.
6733.
6744.
6756.
6766.
6777.
6788.
6800.
6811.
6822.
6833.
6845.
6856.
6868.
6879.
6890.
6901.
6913.
6924.
6937.
6948.
6960.
6971.
6983.
6994.
7006.
7018.
7030.
7041.
7054.
7065.
7078.
7089.
7101.
7113.
7124.
7137.
7149.
7161.
7173.
7186.
7198.
7209.
7222.
7234.
7247.
7258.
7271.
7284.
7296.
7308.
7321.
7333.
7346.
7358.
7371.
7383.
7396.
7409.
7421.
7434.
7447.
7459.
7471.
7485.
7497.
7510.
7523.
7536.
7549.
7562.
7574.
7587.
7600.
7613.
7625.
7638.
7651.
7664.
7676.
7689.
7702.
7715.
7728.
7740.
7754.
7766.
7779.
7792.
7805.
7819.
7831.
7843.
7856.
7869.
7882.
7895.
7908.
7921.
7934.
7947.
7959.
7972.
7986.
7999.
8011.
8024.
8037.
8050.
8063.
8076.
8089.
8102.
8115.
8128.
8141.
8153.
8166.
8178.
8192.
8205.
8217.
8230.
8243.
8256.
8268.
8282.
8294.
8306.
8320.
8331.
8345.
8357.
8371.
8383.
8395.
8408.
8421.
8434.
8446.
8458.
8471.
8485.
8496.
8509.
8522.
8534.
8547.
8559.
8572.
8585.
8596.
8609.
8622.
8634.
8646.
8658.
8671.
8684.
8696.
8708.
8720.
8732.
8744.
8757.
8769.
8782.
8793.
8806.
8818.
8830.
8842.
8854.
8866.
8879.
8890.
8903.
8914.
8926.
8938.
8951.
8962.
8974.
8985.
8997.
9009.
9021.
9032.
9045.
9056.
9067.
9079.
9091.
9102.
9113.
9125.
9136.
9148.
9159.
9171.
9182.
9193.
9204.
9216.
9227.
9238.
9249.
9260.
9271.
9283.
9293.
9305.
9315.
9327.
9337.
9348.
9359.
9370.
9380.
9391.
9401.
9412.
9423.
9433.
9444.
9454.
9465.
9475.
9484.
9495.
9505.
9516.
9525.
9535.
9546.
9555.
9566.
9575.
9585.
9595.
9605.
9613.
9624.
9633.
9643.
9652.
9663.
9672.
9681.
9690.
9700.
9709.
9718.
9728.
9736.
9745.
9755.
9763.
9773.
9782.
9789.
9798.
9808.
9816.
9825.
9833.
9842.
9850.
9859.
9867.
9876.
9884.
9892.
9900.
9908.
9916.
9925.
9933.
9940.
9949.
9956.
9964.
9971.
9979.
9987.
9995.
10002.
10010.
10017.
10024.
10031.
10039.
10046.
10054.
10061.
10067.
10074.
10081.
10088.
10096.
10103.
10110.
10116.
10122.
10129.
10137.
10142.
10149.
10156.
10162.
10169.
10174.
10181.
10187.
10194.
10200.
10206.
10213.
10218.
10224.
10230.
10237.
10243.
10249.
10255.
10260.
10266.
10273.
10278.
10284.
10289.
10295.
10301.
10306.
10312.
10318.
10323.
10329.
10334.
10340.
10345.
10350.
10355.
10362.
10366.
10372.
10376.
10382.
10386.
10392.
10397.
10402.
10406.
10412.
10417.
10421.
10426.
10432.
10436.
10440.
10445.
10450.
10455.
10459.
10463.
10468.
10473.
10477.
10481.
10485.
10490.
10494.
10497.
10502.
10506.
10510.
10514.
10517.
10522.
10526.
10529.
10532.
10537.
10541.
10544.
10548.
10551.
10554.
10557.
10561.
10564.
10568.
10571.
10574.
10578.
10580.
10583.
10586.
10589.
10593.
10595.
10598.
10600.
10603.
10606.
10609.
10611.
10614.
10616.
10619.
10621.
10623.
10626.
10627.
10629.
10632.
10633.
10636.
10638.
10639.
10641.
10643.
10645.
10646.
10648.
10650.
10652.
10652.
10654.
10656.
10657.
10657.
10659.
10660.
10661.
10662.
10663.
10664.
10665.
10665.
10666.
10666.
10666.
10667.
10666.
10667.
10667.
10667.
10668.
10667.
10666.
10666.
10666.
10666.
10666.
10665.
10664.
10664.
10663.
10663.
10663.
10663.
10662.
10661.
10660.
10658.
10658.
10657.
10657.
10655.
10654.
10653.
10652.
10650.
10650.
10648.
10646.
10644.
10643.
10641.
10640.
10639.
10637.
10635.
10634.
10631.
10629.
10627.
10626.
10624.
10621.
10619.
10617.
10614.
10611.
10609.
10606.
10604.
10600.
10598.
10596.
10593.
10590.
10587.
10584.
10580.
10578.
10575.
10571.
10567.
10564.
10560.
10557.
10553.
10550.
10546.
10543.
10538.
10535.
10531.
10527.
10522.
10519.
10514.
10511.
10506.
10501.
10497.
10493.
10489.
10484.
10480.
10474.
10470.
10464.
10460.
10455.
10450.
10445.
10441.
10435.
10431.
10425.
10420.
10415.
10410.
10404.
10399.
10393.
10388.
10382.
10377.
10371.
10366.
10359.
10354.
10348.
10342.
10336.
10330.
10324.
10318.
10312.
10305.
10299.
10293.
10286.
10280.
10273.
10267.
10260.
10254.
10246.
10240.
10232.
10227.
10219.
10213.
10205.
10198.
10190.
10184.
10176.
10169.
10161.
10154.
10147.
10139.
10131.
10124.
10116.
10108.
10100.
10093.
10084.
10077.
10069.
10061.
10053.
10044.
10036.
10028.
10020.
10012.
10004.
9995.
9986.
9977.
9969.
9961.
9952.
9943.
9934.
9926.
9916.
9908.
9899.
9890.
9881.
9872.
9863.
9853.
9844.
9835.
9825.
9817.
9807.
9798.
9787.
9779.
9769.
9760.
9751.
9740.
9729.
9722.
9711.
9701.
9691.
9682.
9672.
9662.
9651.
9642.
9631.
9622.
9612.
9601.
9591.
9581.
9570.
9561.
9550.
9539.
9529.
9518.
9508.
9498.
9487.
9476.
9466.
9456.
9445.
9434.
9423.
9412.
9401.
9391.
9380.
9369.
9358.
9347.
9336.
9325.
9314.
9303.
9291.
9281.
9269.
9259.
9247.
9236.
9224.
9213.
9202.
9192.
9179.
9169.
9156.
9145.
9133.
9123.
9111.
9100.
9088.
9077.
9065.
9053.
9041.
9030.
9018.
9007.
8995.
8984.
8972.
8960.
8948.
8936.
8925.
8912.
8901.
8888.
8877.
8865.
8854.
8841.
8830.
8819.
8806.
8795.
8782.
8770.
8759.
8747.
8734.
8722.
8711.
8699.
8687.
8674.
8663.
8650.
8639.
8626.
8615.
8603.
8591.
8579.
8566.
8555.
8543.
8531.
8519.
8507.
8494.
8483.
8471.
8458.
8446.
8435.
8422.
8411.
8398.
8386.
8374.
8362.
8351.
8339.
8327.
8315.
8302.
8291.
8279.
8266.
8254.
8243.
8230.
8219.
8206.
8195.
8182.
8171.
8159.
8147.
8136.
8123.
8111.
8100.
8088.
8076.
8064.
8052.
8040.
8028.
8017.
8005.
7993.
7981.
7970.
7958.
7947.
7935.
7923.
7911.
7899.
7888.
7876.
7865.
7853.
7841.
7830.
7819.
7807.
7795.
7784.
7772.
7761.
7749.
7738.
7726.
7715.
7704.
7693.
7681.
7670.
7658.
7648.
7637.
7625.
7614.
7603.
7591.
7581.
7569.
7558.
7547.
7537.
7525.
7515.
7504.
7494.
7482.
7471.
7461.
7449.
7438.
7428.
7417.
7407.
7396.
7385.
7375.
7364.
7354.
7343.
7332.
7322.
7311.
7301.
7291.
7280.
7270.
7259.
7250.
7238.
7229.
7218.
7208.
7198.
7187.
7178.
7168.
7157.
7147.
7137.
7128.
7117.
7107.
7098.
7088.
7079.
7068.
7059.
7050.
7040.
7029.
7020.
7010.
7001.
6992.
6983.
6973.
6965.
6955.
6946.
6936.
6927.
6918.
6910.
6901.
6892.
6883.
6874.
6865.
6856.
6848.
6839.
6830.
6822.
6813.
6805.
6798.
6788.
6780.
6772.
6764.
6755.
6747.
6739.
6732.
6723.
6716.
6707.
6699.
6692.
6684.
6677.
6669.
6662.
6654.
6647.
6639.
6632.
6624.
6617.
6610.
6602.
6595.
6589.
6582.
6575.
6567.
6561.
6553.
6547.
6541.
6534.
6528.
6521.
6515.
6508.
6502.
6496.
6489.
6483.
6477.
6471.
6466.
6459.
6453.
6447.
6442.
6437.
6431.
6425.
6419.
6414.
6408.
6403.
6398.
6393.
6387.
6382.
6377.
6372.
6367.
6363.
6358.
6354.
6349.
6345.
6339.
6335.
6332.
6327.
6322.
6318.
6315.
6311.
6307.
6303.
6298.
6295.
6291.
6288.
6284.
6281.
6277.
6274.
6271.
6268.
6265.
6262.
6259.
6256.
6252.
6251.
6247.
6245.
6242.
6239.
6237.
6236.
6233.
6231.
6228.
6226.
6224.
6223.
6221.
6219.
6218.
6216.
6215.
6213.
6212.
6210.
6210.
6209.
6208.
6207.
6206.
6205.
6205.
6205.
6204.
6202.
6202.
6202.
6203.
6202.
6203.
6202.
6202.
6202.
6202.
6203.
6203.
6203.
6204.
6204.
6204.
6205.
6205.
6206.
6206.
6207.
6207.
6208.
6209.
6209.
6210.
6211.
6212.
6212.
6213.
6214.
6216.
6216.
6217.
6219.
6221.
6221.
6223.
6224.
6226.
6227.
6229.
6230.
6233.
6234.
6236.
6237.
6239.
6241.
6244.
6246.
6248.
6250.
6253.
6255.
6257.
6260.
6262.
6265.
6267.
6270.
6273.
6275.
6278.
6282.
6285.
6288.
6291.
6294.
6297.
6302.
6304.
6307.
6311.
6315.
6319.
6323.
6326.
6330.
6333.
6338.
6343.
6346.
6351.
6354.
6359.
6364.
6367.
6372.
6377.
6382.
6386.
6390.
6396.
6401.
6405.
6410.
6415.
6419.
6425.
6430.
6436.
6440.
6446.
6452.
6458.
6463.
6469.
6474.
6480.
6486.
6492.
6498.
6503.
6509.
6516.
6523.
6528.
6534.
6541.
6548.
6554.
6561.
6568.
6574.
6581.
6588.
6594.
6602.
6609.
6616.
6623.
6630.
6638.
6644.
6652.
6658.
6667.
6674.
6683.
6689.
6697.
6706.
6714.
6721.
6729.
6737.
6746.
6754.
6763.
6770.
6779.
6787.
6796.
6805.
6813.
6822.
6831.
6839.
6848.
6857.
6866.
6875.
6884.
6893.
6902.
6911.
6920.
6930.
6939.
6949.
6957.
6967.
6977.
6987.
6997.
7006.
7016.
7026.
7036.
7046.
7055.
7065.
7076.
7086.
7096.
7107.
7116.
7127.
7138.
7148.
7158.
7169.
7179.
7190.
7201.
7212.
7223.
7234.
7244.
7255.
7266.
7277.
7288.
7300.
7310.
7322.
7332.
7344.
7355.
7366.
7378.
7390.
7401.
7412.
7424.
7436.
7447.
7459.
7471.
7483.
7494.
7506.
7518.
7530.
7541.
7553.
7565.
7578.
7589.
7601.
7613.
7626.
7637.
7649.
7661.
7673.
7686.
7698.
7709.
7722.
7734.
7746.
7759.
7771.
7783.
7795.
7808.
7820.
7833.
7845.
7857.
7870.
7882.
7895.
7907.
7919.
7933.
7945.
7957.
7969.
7981.
7994.
8007.
8020.
8032.
8045.
8057.
8069.
8083.
8095.
8108.
8120.
8132.
8144.
8158.
8171.
8183.
8195.
8207.
8220.
8232.
8245.
8258.
8270.
8282.
8294.
8308.
8320.
8332.
8345.
8358.
8370.
8383.
8395.
8407.
8420.
8433.
8445.
8457.
8470.
8482.
8495.
8507.
8520.
8532.
8545.
8557.
8570.
8583.
8594.
8607.
8619.
8632.
8644.
8656.
8668.
8680.
8693.
8705.
8717.
8730.
8742.
8754.
8766.
8779.
8791.
8803.
8816.
8828.
8840.
8852.
8864.
8876.
8888.
8901.
8912.
8925.
8936.
8949.
8961.
8973.
8984.
8996.
9009.
9022.
9032.
9045.
9056.
9069.
9080.
9093.
9104.
9115.
9127.
9139.
9150.
9163.
9174.
9186.
9198.
9210.
9221.
9233.
9244.
9257.
9267.
9279.
9291.
9302.
9314.
9325.
9336.
9348.
9358.
9371.
9381.
9393.
9404.
9415.
9427.
9438.
9448.
9460.
9471.
9483.
9494.
9505.
9515.
9527.
9538.
9549.
9559.
9570.
9581.
9592.
9603.
9614.
9625.
9636.
9646.
9657.
9667.
9678.
9688.
9699.
9710.
9721.
9730.
9741.
9751.
9761.
9772.
9783.
9793.
9802.
9813.
9823.
9834.
9844.
9854.
9864.
9874.
9883.
9894.
9904.
9913.
9924.
9933.
9944.
9953.
9963.
9972.
9982.
9991.
10000.
10010.
10020.
10029.
10039.
10048.
10057.
10066.
10075.
10084.
10094.
10104.
10112.
10121.
10130.
10139.
10148.
10156.
10165.
10173.
10183.
10191.
10199.
10208.
10216.
10224.
10233.
10241.
10249.
10257.
10265.
10273.
10282.
10290.
10297.
10305.
10313.
10321.
10328.
10336.
10344.
10352.
10359.
10366.
10374.
10382.
10389.
10396.
10402.
10411.
10417.
10426.
10432.
10438.
10445.
10453.
10459.
10466.
10472.
10479.
10486.
10492.
10498.
10505.
10511.
10517.
10524.
10530.
10536.
10542.
10548.
10554.
10560.
10565.
10572.
10578.
10582.
10589.
10595.
10600.
10605.
10610.
10616.
10621.
10626.
10632.
10637.
10642.
10647.
10652.
10657.
10661.
10665.
10671.
10675.
10679.
10683.
10688.
10693.
10696.
10700.
10705.
10710.
10712.
10716.
10721.
10725.
10727.
10731.
10735.
10739.
10741.
10744.
10748.
10752.
10754.
10757.
10760.
10763.
10766.
10768.
10771.
10774.
10776.
10779.
10781.
10783.
10785.
10787.
10789.
10791.
10792.
10794.
10796.
10797.
10799.
10801.
10801.
10803.
10804.
10805.
10806.
10807.
10809.
10809.
10810.
10810.
10811.
10811.
10811.
10811.
10810.
10811.
10812.
10811.
10811.
10810.
10810.
10810.
10810.
10809.
10809.
10808.
10808.
10807.
10807.
10806.
10805.
10804.
10803.
10801.
10801.
10799.
10799.
10797.
10796.
10794.
10794.
10792.
10791.
10789.
10787.
10786.
10784.
10782.
10780.
10779.
10776.
10775.
10772.
10770.
10768.
10766.
10764.
10761.
10759.
10756.
10754.
10752.
10749.
10746.
10743.
10741.
10738.
10735.
10732.
10729.
10727.
10723.
10720.
10717.
10714.
10710.
10707.
10703.
10700.
10697.
10693.
10690.
10686.
10682.
10679.
10675.
10671.
10667.
10663.
10659.
10655.
10652.
10647.
10643.
10638.
10634.
10630.
10625.
10621.
10617.
10612.
10608.
10603.
10599.
10594.
10590.
10585.
10580.
10574.
10571.
10566.
10561.
10555.
10551.
10546.
10540.
10535.
10530.
10525.
10520.
10514.
10508.
10504.
10497.
10492.
10487.
10481.
10475.
10470.
10464.
10458.
10452.
10447.
10441.
10434.
10429.
10422.
10415.
10410.
10404.
10397.
10391.
10384.
10378.
10371.
10365.
10358.
10352.
10345.
10338.
10331.
10324.
10317.
10311.
10303.
10296.
10289.
10283.
10274.
10267.
10259.
10253.
10245.
10237.
10230.
10222.
10214.
10207.
10198.
10190.
10183.
10176.
10168.
10159.
10151.
10143.
10135.
10127.
10118.
10109.
10101.
10092.
10084.
10076.
10066.
10058.
10049.
10040.
10031.
10022.
10013.
10005.
9995.
9986.
9978.
9969.
9959.
9951.
9941.
9931.
9921.
9912.
9903.
9893.
9883.
9874.
9863.
9854.
9845.
9834.
9823.
9814.
9804.
9794.
9784.
9775.
9764.
9755.
9744.
9734.
9723.
9713.
9702.
9692.
9681.
9671.
9660.
9650.
9638.
9628.
9617.
9606.
9595.
9585.
9574.
9563.
9552.
9540.
9529.
9519.
9507.
9496.
9485.
9474.
9462.
9451.
9440.
9429.
9417.
9406.
9394.
9383.
9371.
9359.
9347.
9336.
9323.
9312.
9300.
9289.
9276.
9265.
9253.
9241.
9230.
9217.
9205.
9193.
9181.
9169.
9157.
9145.
9133.
9120.
9109.
9096.
9084.
9073.
9059.
9047.
9035.
9022.
9011.
8999.
8986.
8974.
8961.
8949.
8936.
8924.
8911.
8900.
8886.
8875.
8861.
8848.
8836.
8823.
8811.
8798.
8786.
8773.
8761.
8748.
8735.
8723.
8711.
8698.
8685.
8672.
8659.
8647.
8635.
8622.
8609.
8596.
8584.
8571.
8558.
8545.
8533.
8519.
8507.
8494.
8481.
8469.
8457.
8444.
8432.
8418.
8406.
8393.
8380.
8367.
8354.
8342.
8329.
8317.
8303.
8292.
8279.
8266.
8253.
8240.
8228.
8215.
8202.
8190.
8177.
8164.
8152.
8139.
8126.
8115.
8102.
8090.
8076.
8064.
8051.
8039.
8026.
8014.
8000.
7989.
7976.
7964.
7951.
7939.
7925.
7913.
7901.
7889.
7876.
7864.
7851.
7839.
7827.
7815.
7803.
7790.
7778.
7765.
7754.
7741.
7729.
7717.
7705.
7693.
7680.
7668.
7656.
7644.
7632.
7620.
7608.
7596.
7584.
7572.
7561.
7548.
7537.
7525.
7512.
7501.
7488.
7477.
7466.
7454.
7442.
7431.
7418.
7408.
7396.
7384.
7372.
7361.
7351.
7338.
7326.
7316.
7304.
7292.
7281.
7270.
7258.
7248.
7236.
7225.
7213.
7202.
7190.
7179.
7168.
7157.
7146.
7136.
7124.
7114.
7102.
7092.
7081.
7070.
7060.
7049.
7039.
7028.
7017.
7006.
6996.
6986.
6975.
6965.
6955.
6944.
6934.
6924.
6913.
6904.
6893.
6884.
6874.
6864.
6854.
6844.
6834.
6825.
6815.
6805.
6795.
6786.
6776.
6767.
6758.
6749.
6740.
6731.
6720.
6712.
6702.
6694.
6684.
6676.
6667.
6658.
6649.
6641.
6631.
6623.
6615.
6607.
6597.
6589.
6581.
6573.
6565.
6556.
6549.
6540.
6532.
6524.
6515.
6508.
6500.
6492.
6484.
6477.
6470.
6462.
6454.
6447.
6440.
6433.
6424.
6418.
6411.
6404.
6396.
6390.
6383.
6376.
6369.
6362.
6355.
6349.
6342.
6336.
6329.
6323.
6316.
6310.
6304.
6298.
6292.
6286.
6280.
6274.
6268.
6263.
6257.
6251.
6246.
6241.
6235.
6230.
6224.
6219.
6214.
6209.
6204.
6200.
6194.
6190.
6185.
6180.
6176.
6172.
6167.
6163.
6158.
6154.
6151.
6147.
6143.
6138.
6135.
6132.
6128.
6124.
6122.
6119.
6115.
6111.
6109.
6105.
6103.
6100.
6097.
6094.
6092.
6090.
6087.
6085.
6083.
6081.
6079.
6077.
6075.
6074.
6072.
6071.
6069.
6068.
6067.
6065.
6064.
6064.
6062.
6061.
6061.
6060.
6059.
6060.
6059.
6059.
6059.
6059.
6059.
6060.
6059.
6060.
6060.
6060.
6060.
6061.
6061.
6062.
6062.
6063.
6064.
6065.
6065.
6066.
6066.
6068.
6069.
6070.
6070.
6071.
6072.
6074.
6075.
6077.
6078.
6079.
6081.
6083.
6084.
6086.
6087.
6089.
6090.
6093.
6094.
6097.
6098.
6100.
6104.
6106.
6108.
6110.
6113.
6115.
6117.
6120.
6123.
6125.
6128.
6130.
6134.
6136.
6139.
6143.
6146.
6148.
6151.
6155.
6159.
6161.
6165.
6169.
6172.
6175.
6179.
6184.
6187.
6190.
6195.
6199.
6203.
6207.
6211.
6215.
6219.
6223.
6227.
6232.
6236.
6241.
6245.
6251.
6255.
6259.
6264.
6269.
6274.
6278.
6283.
6288.
6294.
6298.
6303.
6308.
6314.
6319.
6325.
6329.
6335.
6340.
6346.
6352.
6357.
6363.
6369.
6374.
6380.
6385.
6391.
6398.
6403.
6410.
6416.
6421.
6427.
6435.
6441.
6447.
6453.
6460.
6466.
6473.
6479.
6486.
6492.
6500.
6506.
6512.
6520.
6527.
6533.
6541.
6548.
6555.
6561.
6569.
6575.
6583.
6590.
6598.
6605.
6613.
6619.
6628.
6636.
6643.
6650.
6658.
6667.
6674.
6681.
6690.
6698.
6706.
6713.
6722.
6731.
6738.
6746.
6755.
6763.
6772.
6780.
6789.
6797.
6806.
6814.
6823.
6831.
6840.
6849.
6858.
6867.
6876.
6885.
6893.
6903.
6911.
6920.
6930.
6938.
6948.
6957.
6967.
6976.
6986.
6995.
7004.
7013.
7023.
7032.
7043.
7052.
7062.
7071.
7082.
7090.
7101.
7111.
7122.
7130.
7141.
7151.
7161.
7171.
7181.
7191.
7202.
7213.
7223.
7233.
7244.
7254.
7264.
7275.
7286.
7298.
7308.
7318.
7329.
7340.
7351.
7363.
7373.
7384.
7395.
7406.
7417.
7428.
7440.
7452.
7463.
7473.
7485.
7497.
7508.
7519.
7531.
7543.
7554.
7566.
7577.
7588.
7600.
7612.
7623.
7635.
7647.
7658.
7671.
7682.
7694.
7706.
7718.
7730.
7742.
7754.
7766.
7778.
7790.
7802.
7815.
7826.
7839.
7850.
7863.
7875.
7887.
7899.
7911.
7923.
7936.
7948.
7961.
7972.
7985.
7997.
8010.
8021.
8034.
8047.
8059.
8071.
8083.
8096.
8109.
8120.
8133.
8146.
8158.
8171.
8183.
8195.
8208.
8220.
8232.
8246.
8258.
8270.
8282.
8296.
8308.
8320.
8333.
8346.
8358.
8370.
8382.
8396.
8408.
8420.
8433.
8446.
8459.
8470.
8484.
8495.
8508.
8521.
8533.