5987.
5987.
5987.
5987.
5987.
5987.
5987.
5987.
5987.
5987.
5987.
5987.
5987.
5987.
5987.
5987.
5986.
5986.
5987.
5987.
5987.
5986.
5987.
5987.
5987.
5987.
5987.
5988.
5987.
5987.
5987.
5987.
5987.
5988.
5987.
5987.
5987.
5987.
5987.
5987.
5987.
5987.
5987.
5987.
5987.
5987.
5988.
5987.
5987.
5987.
5987.
5987.
5987.
5987.
5988.
5987.
5986.
5987.
5988.
5987.
5986.
5987.
5987.
5987.
5987.
5987.
5988.
5987.
5986.
5987.
5987.
5987.
5987.
5987.
5987.
5987.
5987.
5987.
5988.
5987.
5988.
5987.
5987.
5987.
5988.
5987.
5987.
5987.
5987.
5987.
5987.
5986.
5986.
5987.
5987.
5987.
5986.
5987.
5988.
5986.
5987.
5987.
5988.
5986.
5986.
5987.
5987.
5987.
5987.
5987.
5987.
5987.
5987.
5987.
5987.
5986.
5987.
5987.
5987.
5987.
5987.
5987.
5987.
5987.
5987.
5987.
5987.
5986.
5987.
5987.
5987.
5986.
5987.
5986.
5987.
5986.
5987.
5987.
5987.
5986.
5987.
5987.
5987.
5987.
5988.
5988.
5986.
5986.
5987.
5987.
5987.
5987.
5987.
5988.
5987.
5987.
5987.
5987.
5987.
5987.
5987.
5987.
5988.
5987.
5987.
5987.
5988.
5987.
5987.
5987.
5987.
5987.
5987.
5987.
5987.
5987.
5987.
5987.
5987.
5987.
5987.
5987.
5987.
5987.
5986.
5987.
5987.
5987.
5986.
5987.
5988.
5987.
5987.
5987.
5987.
5987.
5987.
5987.
5987.
5987.
5987.
5988.
5987.
5987.
5987.
5987.
5987.
5987.
5988.
5987.
5987.
5987.
5987.
5988.
5987.
5987.
5987.
5987.
5987.
5987.
5986.
5987.
5987.
5987.
5987.
5987.
5988.
5987.
5987.
5987.
5987.
5987.
5987.
5987.
5987.
5987.
5987.
5988.
5988.
5986.
5987.
5987.
5987.
5987.
5987.
5988.
5987.
5986.
5987.
5987.
5987.
5986.
5987.
5987.
5987.
5986.
5987.
5987.
5987.
5988.
5987.
5987.
5987.
5987.
5987.
5988.
5987.
5986.
5987.
5986.
5987.
5988.
5987.
5987.
5988.
5988.
5987.
5987.
5987.
5986.
5987.
5987.
5987.
5987.
5987.
5987.
5987.
5986.
5987.
5988.
5987.
5987.
5987.
5987.
5988.
5987.
5987.
5987.
5987.
5987.
5987.
5987.
5987.
5987.
5987.
5987.
5987.
5987.
5987.
5988.
5987.
5987.
5987.
5987.
5988.
5987.
5988.
5987.
5987.
5987.
5988.
5987.
5987.
5987.
5987.
5988.
5987.
5987.
5987.
5987.
5988.
5987.
5987.
5987.
5987.
5987.
5987.
5987.
5987.
5987.
5987.
5987.
5987.
5987.
5987.
5988.
5987.
5987.
5986.
5987.
5988.
5987.
5987.
5987.
5987.
5988.
5987.
5988.
5988.
5987.
5987.
5988.
5988.
5989.
5989.
5990.
5990.
5990.
5990.
5990.
5991.
5992.
5992.
5992.
5993.
5993.
5994.
5994.
5996.
5995.
5996.
5997.
5998.
5998.
5999.
6000.
6001.
6002.
6002.
6002.
6004.
6003.
6005.
6005.
6007.
6008.
6009.
6009.
6011.
6011.
6013.
6014.
6016.
6016.
6017.
6019.
6021.
6021.
6023.
6024.
6026.
6027.
6029.
6029.
6031.
6032.
6034.
6036.
6038.
6039.
6041.
6043.
6045.
6047.
6049.
6051.
6053.
6055.
6057.
6058.
6061.
6063.
6065.
6067.
6069.
6072.
6075.
6077.
6080.
6082.
6085.
6088.
6090.
6092.
6096.
6099.
6102.
6104.
6108.
6110.
6113.
6116.
6120.
6122.
6125.
6128.
6133.
6135.
6139.
6142.
6146.
6149.
6152.
6155.
6160.
6163.
6167.
6170.
6174.
6178.
6181.
6185.
6189.
6193.
6197.
6200.
6205.
6208.
6212.
6216.
6221.
6225.
6229.
6233.
6237.
6242.
6246.
6250.
6255.
6260.
6264.
6269.
6273.
6277.
6281.
6287.
6292.
6296.
6300.
6305.
6310.
6315.
6319.
6325.
6330.
6335.
6341.
6346.
6351.
6356.
6361.
6367.
6371.
6377.
6383.
6388.
6394.
6399.
6404.
6410.
6416.
6421.
6427.
6433.
6439.
6444.
6450.
6456.
6463.
6468.
6474.
6480.
6486.
6493.
6499.
6505.
6511.
6518.
6523.
6530.
6538.
6543.
6550.
6556.
6562.
6569.
6577.
6582.
6589.
6596.
6603.
6609.
6616.
6623.
6630.
6637.
6643.
6651.
6658.
6666.
6672.
6680.
6687.
6695.
6701.
6709.
6716.
6723.
6731.
6739.
6746.
6754.
6762.
6770.
6777.
6785.
6792.
6800.
6809.
6817.
6824.
6833.
6840.
6849.
6857.
6865.
6874.
6882.
6890.
6899.
6908.
6916.
6925.
6933.
6942.
6950.
6960.
6968.
6976.
6986.
6995.
7003.
7013.
7022.
7030.
7040.
7049.
7058.
7068.
7077.
7085.
7096.
7105.
7114.
7123.
7134.
7143.
7152.
7162.
7172.
7181.
7191.
7201.
7211.
7221.
7231.
7241.
7251.
7262.
7272.
7281.
7292.
7303.
7313.
7323.
7334.
7344.
7354.
7366.
7376.
7387.
7397.
7409.
7419.
7430.
7440.
7452.
7462.
7474.
7484.
7496.
7506.
7518.
7529.
7540.
7551.
7563.
7574.
7586.
7596.
7608.
7618.
7630.
7642.
7653.
7664.
7676.
7688.
7700.
7711.
7723.
7735.
7747.
7758.
7770.
7781.
7793.
7804.
7817.
7828.
7840.
7851.
7864.
7876.
7888.
7899.
7911.
7924.
7936.
7948.
7960.
7971.
7984.
7996.
8008.
8020.
8032.
8044.
8056.
8069.
8081.
8094.
8106.
8117.
8130.
8142.
8154.
8167.
8179.
8191.
8203.
8216.
8228.
8240.
8253.
8264.
8277.
8290.
8302.
8314.
8326.
8339.
8351.
8364.
8376.
8388.
8401.
8414.
8426.
8438.
8451.
8464.
8475.
8487.
8500.
8512.
8525.
8537.
8550.
8563.
8574.
8586.
8599.
8611.
8623.
8636.
8648.
8660.
8672.
8685.
8697.
8710.
8722.
8734.
8746.
8759.
8770.
8783.
8795.
8807.
8820.
8832.
8844.
8856.
8868.
8880.
8892.
8904.
8916.
8928.
8939.
8952.
8964.
8975.
8987.
8999.
9011.
9023.
9034.
9046.
9057.
9069.
9081.
9093.
9104.
9116.
9127.
9139.
9150.
9163.
9173.
9185.
9196.
9207.
9218.
9230.
9241.
9252.
9263.
9275.
9285.
9296.
9307.
9318.
9328.
9340.
9350.
9361.
9372.
9381.
9392.
9404.
9414.
9423.
9434.
9444.
9455.
9465.
9475.
9486.
9495.
9506.
9516.
9525.
9535.
9545.
9554.
9564.
9574.
9584.
9592.
9603.
9612.
9621.
9630.
9639.
9648.
9658.
9668.
9676.
9686.
9694.
9702.
9711.
9721.
9729.
9736.
9746.
9754.
9762.
9770.
9779.
9787.
9795.
9804.
9810.
9818.
9826.
9835.
9843.
9851.
9857.
9865.
9872.
9880.
9887.
9896.
9903.
9910.
9917.
9924.
9931.
9938.
9945.
9952.
9957.
9965.
9971.
9979.
9984.
9992.
9998.
10004.
10011.
10017.
10023.
10029.
10035.
10042.
10048.
10054.
10060.
10065.
10071.
10077.
10083.
10089.
10094.
10100.
10105.
10111.
10116.
10121.
10127.
10132.
10136.
10141.
10146.
10151.
10156.
10161.
10166.
10170.
10174.
10179.
10184.
10188.
10192.
10197.
10201.
10205.
10209.
10214.
10218.
10221.
10225.
10229.
10234.
10237.
10240.
10244.
10248.
10251.
10254.
10257.
10262.
10265.
10268.
10270.
10274.
10277.
10280.
10282.
10286.
10288.
10291.
10294.
10297.
10299.
10301.
10304.
10307.
10309.
10311.
10313.
10316.
10318.
10320.
10322.
10324.
10326.
10327.
10329.
10331.
10333.
10334.
10336.
10337.
10339.
10340.
10342.
10343.
10345.
10345.
10347.
10347.
10349.
10350.
10351.
10352.
10353.
10354.
10354.
10355.
10356.
10357.
10357.
10358.
10359.
10360.
10359.
10360.
10360.
10361.
10361.
10362.
10362.
10362.
10363.
10363.
10363.
10363.
10363.
10363.
10363.
10363.
10363.
10363.
10363.
10363.
10363.
10363.
10363.
10363.
10363.
10363.
10364.
10362.
10362.
10362.
10362.
10363.
10363.
10362.
10362.
10363.
10363.
10362.
10362.
10363.
10363.
10363.
10363.
10362.
10362.
10362.
10363.
10363.
10362.
10363.
10363.
10363.
10363.
10362.
10362.
10363.
10362.
10362.
10362.
10362.
10363.
10362.
10362.
10362.
10362.
10361.
10362.
10362.
10362.
10361.
10363.
10362.
10362.
10363.
10363.
10363.
10362.
10361.
10362.
10363.
10362.
10361.
10362.
10361.
10362.
10362.
10362.
10362.
10361.
10361.
10362.
10361.
10361.
10361.
10362.
10362.
10362.
10361.
10362.
10362.
10361.
10361.
10362.
10361.
10362.
10362.
10362.
10362.
10361.
10361.
10362.
10362.
10361.
10361.
10361.
10361.
10361.
10361.
10361.
10362.
10362.
10362.
10361.
10361.
10362.
10361.
10361.
10361.
10361.
10362.
10362.
10361.
10362.
10361.
10362.
10361.
10361.
10361.
10362.
10361.
10360.
10361.
10361.
10361.
10361.
10360.
10360.
10360.
10361.
10360.
10361.
10360.
10360.
10360.
10360.
10360.
10360.
10359.
10360.
10359.
10359.
10360.
10360.
10359.
10359.
10360.
10360.
10359.
10359.
10359.
10358.
10359.
10359.
10358.
10358.
10358.
10358.
10358.
10359.
10359.
10358.
10358.
10358.
10357.
10358.
10358.
10358.
10357.
10358.
10357.
10357.
10357.
10357.
10357.
10357.
10357.
10357.
10357.
10356.
10356.
10356.
10357.
10355.
10355.
10355.
10355.
10355.
10355.
10354.
10354.
10353.
10353.
10353.
10353.
10352.
10352.
10351.
10350.
10349.
10349.
10349.
10349.
10348.
10348.
10347.
10346.
10345.
10345.
10344.
10343.
10342.
10342.
10340.
10340.
10339.
10338.
10337.
10337.
10335.
10333.
10333.
10332.
10331.
10329.
10328.
10327.
10325.
10324.
10322.
10320.
10319.
10318.
10316.
10314.
10313.
10311.
10309.
10307.
10306.
10304.
10302.
10299.
10298.
10295.
10293.
10290.
10288.
10287.
10284.
10282.
10279.
10277.
10274.
10271.
10268.
10266.
10263.
10260.
10257.
10255.
10251.
10248.
10245.
10242.
10239.
10235.
10231.
10228.
10225.
10222.
10218.
10214.
10210.
10206.
10202.
10197.
10193.
10190.
10185.
10181.
10177.
10173.
10168.
10164.
10159.
10155.
10150.
10145.
10140.
10136.
10131.
10126.
10120.
10115.
10110.
10105.
10100.
10095.
10089.
10084.
10078.
10073.
10067.
10062.
10055.
10050.
10045.
10039.
10033.
10027.
10021.
10015.
10008.
10002.
9996.
9989.
9983.
9977.
9971.
9964.
9957.
9949.
9943.
9936.
9930.
9922.
9915.
9908.
9902.
9894.
9888.
9879.
9872.
9864.
9857.
9849.
9842.
9834.
9826.
9819.
9810.
9803.
9795.
9787.
9780.
9770.
9762.
9754.
9745.
9736.
9729.
9720.
9711.
9701.
9694.
9684.
9675.
9667.
9658.
9648.
9638.
9629.
9621.
9611.
9602.
9592.
9582.
9573.
9563.
9553.
9543.
9533.
9523.
9513.
9503.
9493.
9482.
9472.
9461.
9451.
9440.
9429.
9418.
9408.
9397.
9386.
9375.
9364.
9353.
9341.
9331.
9319.
9308.
9296.
9285.
9274.
9262.
9250.
9239.
9227.
9214.
9202.
9191.
9179.
9167.
9154.
9142.
9130.
9118.
9106.
9093.
9081.
9068.
9056.
9043.
9031.
9017.
9005.
8992.
8979.
8966.
8953.
8940.
8928.
8915.
8903.
8889.
8876.
8863.
8849.
8837.
8823.
8811.
8797.
8784.
8770.
8757.
8743.
8730.
8717.
8704.
8690.
8676.
8662.
8649.
8635.
8622.
8609.
8595.
8581.
8568.
8554.
8540.
8526.
8513.
8498.
8486.
8472.
8459.
8445.
8431.
8417.
8404.
8389.
8376.
8362.
8349.
8335.
8320.
8307.
8293.
8279.
8266.
8253.
8239.
8225.
8212.
8199.
8185.
8172.
8158.
8145.
8131.
8118.
8104.
8090.
8077.
8064.
8050.
8038.
8023.
8010.
7997.
7985.
7971.
7959.
7945.
7932.
7918.
7906.
7893.
7880.
7867.
7854.
7842.
7829.
7816.
7803.
7791.
7779.
7765.
7753.
7741.
7728.
7715.
7703.
7691.
7678.
7666.
7654.
7643.
7630.
7618.
7606.
7595.
7582.
7570.
7559.
7548.
7535.
7523.
7512.
7500.
7489.
7477.
7466.
7455.
7443.
7432.
7421.
7409.
7398.
7387.
7376.
7365.
7354.
7344.
7333.
7322.
7312.
7301.
7290.
7280.
7269.
7259.
7249.
7238.
7228.
7219.
7208.
7198.
7188.
7178.
7169.
7159.
7149.
7140.
7131.
7120.
7111.
7102.
7093.
7085.
7075.
7065.
7056.
7047.
7039.
7030.
7021.
7012.
7003.
6995.
6987.
6979.
6971.
6962.
6953.
6946.
6937.
6929.
6921.
6913.
6905.
6898.
6890.
6882.
6875.
6867.
6859.
6852.
6843.
6836.
6828.
6821.
6813.
6807.
6799.
6792.
6784.
6777.
6770.
6763.
6756.
6749.
6742.
6735.
6728.
6721.
6715.
6708.
6701.
6694.
6688.
6681.
6675.
6669.
6663.
6656.
6650.
6644.
6638.
6632.
6626.
6619.
6614.
6609.
6603.
6596.
6591.
6585.
6580.
6575.
6569.
6564.
6558.
6553.
6548.
6543.
6537.
6532.
6528.
6524.
6519.
6514.
6509.
6504.
6500.
6495.
6491.
6487.
6482.
6478.
6474.
6470.
6466.
6462.
6458.
6454.
6451.
6446.
6442.
6439.
6435.
6432.
6427.
6424.
6420.
6417.
6414.
6411.
6407.
6404.
6401.
6397.
6394.
6391.
6387.
6384.
6381.
6379.
6375.
6373.
6369.
6367.
6364.
6362.
6358.
6356.
6353.
6352.
6349.
6347.
6343.
6341.
6339.
6337.
6335.
6333.
6332.
6330.
6327.
6326.
6324.
6323.
6321.
6319.
6318.
6316.
6314.
6313.
6312.
6310.
6308.
6307.
6306.
6305.
6303.
6302.
6300.
6300.
6299.
6298.
6296.
6295.
6295.
6293.
6292.
6291.
6290.
6289.
6289.
6287.
6286.
6285.
6285.
6284.
6283.
6283.
6281.
6281.
6280.
6280.
6278.
6278.
6278.
6278.
6277.
6276.
6276.
6275.
6275.
6275.
6274.
6274.
6274.
6275.
6273.
6273.
6273.
6273.
6273.
6273.
6272.
6273.
6273.
6273.
6272.
6273.
6272.
6273.
6273.
6273.
6273.
6273.
6273.
6273.
6273.
6273.
6273.
6273.
6273.
6273.
6273.
6273.
6274.
6273.
6273.
6274.
6273.
6273.
6274.
6273.
6273.
6273.
6273.
6274.
6273.
6273.
6274.
6273.
6273.
6273.
6273.
6273.
6273.
6274.
6273.
6273.
6273.
6273.
6273.
6274.
6273.
6274.
6273.
6273.
6273.
6274.
6273.
6274.
6274.
6274.
6274.
6273.
6274.
6274.
6274.
6275.
6274.
6273.
6274.
6273.
6274.
6274.
6274.
6274.
6274.
6274.
6274.
6274.
6274.
6274.
6274.
6274.
6274.
6274.
6274.
6274.
6274.
6273.
6274.
6274.
6274.
6274.
6274.
6274.
6274.
6275.
6274.
6274.
6274.
6275.
6274.
6274.
6274.
6274.
6274.
6274.
6274.
6275.
6274.
6274.
6274.
6274.
6274.
6275.
6274.
6274.
6275.
6275.
6274.
6274.
6274.
6274.
6275.
6275.
6274.
6274.
6275.
6275.
6274.
6274.
6274.
6275.
6274.
6274.
6275.
6274.
6274.
6275.
6274.
6274.
6274.
6275.
6275.
6274.
6275.
6274.
6274.
6275.
6274.
6275.
6274.
6275.
6275.
6275.
6275.
6274.
6274.
6275.
6275.
6274.
6274.
6275.
6274.
6275.
6275.
6275.
6275.
6275.
6275.
6275.
6276.
6275.
6275.
6275.
6274.
6275.
6275.
6275.
6276.
6274.
6275.
6275.
6275.
6274.
6274.
6275.
6275.
6275.
6275.
6276.
6276.
6275.
6275.
6276.
6276.
6275.
6275.
6276.
6276.
6275.
6275.
6275.
6275.
6275.
6275.
6275.
6275.
6275.
6275.
6275.
6276.
6276.
6275.
6276.
6275.
6275.
6275.
6275.
6275.
6275.
6275.
6276.
6275.
6275.
6275.
6276.
6275.
6276.
6275.
6275.
6275.
6275.
6275.
6275.
6275.
6276.
6275.
6275.
6275.
6276.
6275.
6275.
6275.
6275.
6275.
6275.
6276.
6276.
6276.
6276.
6276.
6276.
6276.
6276.
6277.
6277.
6277.
6277.
6278.
6278.
6278.
6279.
6279.
6279.
6279.
6280.
6280.
6281.
6280.
6282.
6282.
6283.
6283.
6284.
6283.
6284.
6285.
6286.
6286.
6287.
6288.
6288.
6289.
6289.
6289.
6291.
6291.
6292.
6293.
6294.
6295.
6296.
6296.
6297.
6298.
6300.
6300.
6301.
6302.
6304.
6304.
6306.
6306.
6308.
6308.
6310.
6312.
6314.
6314.
6316.
6317.
6319.
6320.
6322.
6324.
6326.
6327.
6329.
6331.
6333.
6335.
6337.
6339.
6341.
6343.
6345.
6347.
6350.
6352.
6354.
6357.
6359.
6362.
6365.
6368.
6370.
6373.
6376.
6379.
6382.
6384.
6387.
6390.
6394.
6397.
6400.
6403.
6407.
6410.
6414.
6417.
6421.
6424.
6428.
6432.
6436.
6439.
6443.
6448.
6452.
6456.
6460.
6465.
6469.
6473.
6478.
6483.
6487.
6492.
6497.
6501.
6506.
6511.
6516.
6521.
6526.
6531.
6535.
6541.
6546.
6552.
6557.
6564.
6569.
6575.
6580.
6586.
6592.
6598.
6604.
6611.
6618.
6624.
6631.
6638.
6644.
6650.
6658.
6664.
6672.
6678.
6687.
6693.
6701.
6708.
6716.
6724.
6732.
6739.
6747.
6755.
6764.
6772.
6780.
6788.
6797.
6806.
6814.
6822.
6831.
6840.
6849.
6858.
6868.
6876.
6886.
6895.
6904.
6913.
6923.
6932.
6942.
6952.
6962.
6971.
6982.
6992.
7001.
7012.
7022.
7033.
7043.
7054.
7064.
7074.
7085.
7095.
7106.
7117.
7128.
7139.
7150.
7161.
7173.
7183.
7193.
7205.
7216.
7228.
7239.
7251.
7262.
7274.
7285.
7297.
7309.
7321.
7332.
7345.
7356.
7369.
7380.
7392.
7404.
7416.
7428.
7440.
7454.
7466.
7478.
7491.
7503.
7516.
7528.
7540.
7554.
7566.
7579.
7592.
7605.
7617.
7630.
7643.
7656.
7669.
7682.
7695.
7709.
7721.
7735.
7748.
7761.
7774.
7788.
7800.
7814.
7827.
7841.
7854.
7867.
7880.
7894.
7907.
7921.
7934.
7947.
7960.
7974.
7987.
8001.
8015.
8028.
8042.
8056.
8069.
8083.
8096.
8110.
8123.
8137.
8151.
8164.
8178.
8191.
8205.
8219.
8233.
8246.
8260.
8274.
8287.
8301.
8315.
8329.
8343.
8356.
8370.
8384.
8398.
8411.
8425.
8438.
8453.
8466.
8479.
8494.
8507.
8521.
8534.
8549.
8563.
8576.
8590.
8603.
8618.
8631.
8645.
8658.
8672.
8686.
8700.
8713.
8727.
8740.
8755.
8767.
8781.
8795.
8809.
8822.
8837.
8849.
8864.
8877.
8891.
8904.
8917.
8930.
8944.
8958.
8971.
8984.
8998.
9011.
9025.
9038.
9052.
9065.
9079.
9091.
9106.
9118.
9132.
9145.
9158.
9171.
9185.
9198.
9210.
9224.
9236.
9249.
9263.
9276.
9289.
9301.
9315.
9328.
9340.
9353.
9366.
9378.
9391.
9404.
9416.
9428.
9441.
9453.
9466.
9479.
9491.
9503.
9516.
9527.
9540.
9552.
9564.
9576.
9588.
9600.
9612.
9624.
9636.
9647.
9659.
9671.
9682.
9693.
9705.
9716.
9728.
9739.
9751.
9762.
9773.
9784.
9795.
9806.
9817.
9828.
9839.
9849.
9860.
9871.
9882.
9892.
9903.
9913.
9924.
9934.
9944.
9955.
9965.
9975.
9985.
9995.
10005.
10015.
10025.
10035.
10044.
10055.
10063.
10073.
10083.
10093.
10101.
10111.
10120.
10130.
10138.
10148.
10157.
10167.
10174.
10184.
10193.
10202.
10210.
10219.
10227.
10236.
10244.
10253.
10261.
10269.
10277.
10286.
10294.
10301.
10309.
10318.
10325.
10332.
10340.
10348.
10355.
10363.
10371.
10378.
10386.
10393.
10400.
10407.
10415.
10421.
10429.
10435.
10441.
10448.
10455.
10462.
10467.
10474.
10481.
10487.
10494.
10499.
10505.
10512.
10518.
10524.
10529.
10536.
10541.
10548.
10553.
10559.
10565.
10570.
10577.
10581.
10586.
10591.
10597.
10602.
10608.
10612.
10617.
10622.
10628.
10632.
10637.
10642.
10647.
10651.
10656.
10660.
10665.
10669.
10673.
10678.
10682.
10687.
10690.
10694.
10699.
10703.
10706.
10710.
10714.
10718.
10721.
10725.
10729.
10733.
10736.
10739.
10743.
10746.
10749.
10752.
10756.
10760.
10763.
10766.
10769.
10772.
10774.
10777.
10780.
10784.
10786.
10788.
10791.
10794.
10796.
10799.
10802.
10805.
10807.
10809.
10812.
10814.
10816.
10818.
10821.
10823.
10825.
10827.
10828.
10831.
10833.
10835.
10837.
10839.
10841.
10844.
10844.
10846.
10848.
10850.
10851.
10852.
10854.
10856.
10857.
10859.
10860.
10862.
10862.
10864.
10865.
10867.
10868.
10869.
10870.
10872.
10872.
10874.
10874.
10876.
10876.
10877.
10878.
10879.
10879.
10881.
10882.
10883.
10883.
10884.
10884.
10885.
10885.
10886.
10886.
10886.
10887.
10887.
10887.
10887.
10888.
10889.
10889.
10888.
10889.
10889.
10889.
10888.
10889.
10889.
10889.
10888.
10888.
10888.
10889.
10888.
10888.
10889.
10888.
10887.
10888.
10888.
10887.
10887.
10888.
10887.
10888.
10888.
10887.
10887.
10887.
10887.
10887.
10887.
10887.
10887.
10887.
10887.
10886.
10886.
10887.
10887.
10887.
10887.
10886.
10886.
10887.
10887.
10887.
10887.
10887.
10887.
10886.
10886.
10887.
10887.
10887.
10887.
10886.
10887.
10887.
10887.
10887.
10887.
10887.
10886.
10886.
10887.
10886.
10886.
10887.
10887.
10886.
10886.
10887.
10886.
10887.
10887.
10886.
10886.
10887.
10886.
10886.
10886.
10887.
10886.
10887.
10886.
10885.
10886.
10886.
10886.
10887.
10886.
10885.
10887.
10886.
10886.
10886.
10886.
10887.
10886.
10885.
10886.
10886.
10886.
10886.
10886.
10886.
10886.
10886.
10886.
10886.
10885.
10886.
10885.
10886.
10886.
10886.
10885.
10885.
10886.
10886.
10887.
10886.
10885.
10885.
10885.
10886.
10885.
10886.
10886.
10886.
10885.
10886.
10886.
10886.
10886.
10886.
10885.
10886.
10885.
10886.
10886.
10885.
10886.
10886.
10885.
10886.
10886.
10886.
10886.
10886.
10885.
10886.
10886.
10886.
10886.
10885.
10885.
10885.
10885.
10885.
10886.
10885.
10886.
10885.
10885.
10886.
10886.
10885.
10886.
10885.
10885.
10885.
10885.
10885.
10885.
10885.
10885.
10884.
10884.
10884.
10884.
10884.
10883.
10884.
10884.
10883.
10883.
10883.
10882.
10882.
10882.
10882.
10882.
10881.
10881.
10881.
10880.
10879.
10879.
10879.
10879.
10879.
10879.
10878.
10877.
10877.
10877.
10877.
10875.
10875.
10874.
10873.
10873.
10873.
10872.
10872.
10871.
10871.
10870.
10870.
10869.
10867.
10867.
10866.
10865.
10864.
10863.
10864.
10862.
10862.
10860.
10859.
10859.
10858.
10857.
10857.
10855.
10855.
10853.
10853.
10852.
10851.
10849.
10849.
10846.
10845.
10845.
10844.
10843.
10842.
10841.
10840.
10839.
10837.
10836.
10836.
10834.
10832.
10831.
10830.
10828.
10826.
10825.
10824.
10823.
10821.
10820.
10818.
10817.
10815.
10814.
10812.
10811.
10809.
10807.
10805.
10804.
10801.
10800.
10797.
10797.
10795.
10792.
10790.
10788.
10786.
10784.
10782.
10780.
10778.
10775.
10773.
10770.
10768.
10765.
10763.
10761.
10758.
10756.
10754.
10751.
10748.
10744.
10743.
10740.
10737.
10734.
10730.
10728.
10724.
10721.
10718.
10715.
10711.
10708.
10704.
10701.
10697.
10694.
10689.
10686.
10681.
10678.
10674.
10670.
10666.
10662.
10658.
10654.
10650.
10644.
10639.
10636.
10631.
10626.
10622.
10617.
10612.
10607.
10603.
10597.
10592.
10587.
10582.
10577.
10571.
10565.
10560.
10554.
10549.
10543.
10537.
10531.
10525.
10520.
10513.
10507.
10501.
10495.
10489.
10483.
10475.
10469.
10462.
10456.
10449.
10442.
10435.
10429.
10422.
10415.
10408.
10400.
10394.
10386.
10379.
10371.
10364.
10357.
10349.
10342.
10335.
10327.
10319.
10311.
10304.
10296.
10288.
10280.
10272.
10265.
10256.
10247.
10239.
10231.
10223.
10216.
10206.
10197.
10189.
10181.
10172.
10163.
10155.
10147.
10138.
10129.
10119.
10111.
10102.
10093.
10084.
10075.
10066.
10057.
10048.
10039.
10029.
10020.
10011.
10002.
9992.
9982.
9973.
9965.
9954.
9944.
9935.
9925.
9915.
9906.
9896.
9885.
9876.
9866.
9856.
9845.
9836.
9827.
9816.
9807.
9795.
9785.
9775.
9765.
9754.
9744.
9733.
9723.
9713.
9702.
9692.
9681.
9670.
9660.
9650.
9639.
9628.
9617.
9606.
9595.
9584.
9574.
9563.
9552.
9541.
9530.
9519.
9508.
9497.
9486.
9475.
9464.
9452.
9440.
9429.
9418.
9406.
9395.
9384.
9372.
9362.
9350.
9339.
9326.
9315.
9303.
9292.
9281.
9268.
9257.
9245.
9232.
9222.
9209.
9197.
9185.
9174.
9162.
9149.
9137.
9126.
9113.
9101.
9089.
9076.
9065.
9053.
9040.
9029.
9016.
9005.
8991.
8979.
8967.
8955.
8942.
8930.
8918.
8905.
8893.
8880.
8868.
8856.
8843.
8831.
8819.
8807.
8793.
8781.
8769.
8757.
8743.
8731.
8719.
8706.
8694.
8681.
8669.
8656.
8644.
8631.
8619.
8606.
8593.
8581.
8568.
8556.
8543.
8530.
8518.
8505.
8494.
8480.
8467.
8455.
8442.
8430.
8417.
8405.
8392.
8380.
8367.
8355.
8343.
8329.
8317.
8305.
8292.
8280.
8268.
8254.
8242.
8230.
8216.
8205.
8192.
8180.
8167.
8156.
8144.
8131.
8118.
8107.
8094.
8082.
8070.
8057.
8045.
8033.
8021.
8009.
7997.
7985.
7973.
7962.
7950.
7938.
7926.
7914.
7903.
7890.
7879.
7867.
7855.
7844.
7833.
7821.
7810.
7798.
7787.
7775.
7764.
7752.
7741.
7730.
7719.
7707.
7697.
7686.
7675.
7664.
7653.
7642.
7631.
7620.
7610.
7599.
7589.
7578.
7567.
7557.
7545.
7536.
7526.
7515.
7504.
7494.
7484.
7474.
7464.
7454.
7443.
7433.
7423.
7414.
7403.
7394.
7384.
7374.
7364.
7354.
7345.
7334.
7325.
7315.
7306.
7295.
7286.
7276.
7267.
7257.
7248.
7238.
7231.
7220.
7212.
7203.
7193.
7183.
7175.
7165.
7156.
7147.
7140.
7130.
7121.
7112.
7103.
7094.
7086.
7077.
7069.
7060.
7053.
7043.
7035.
7027.
7019.
7010.
7002.
6994.
6986.
6978.
6970.
6962.
6955.
6946.
6939.
6932.
6924.
6916.
6909.
6902.
6894.
6887.
6879.
6871.
6864.
6856.
6850.
6842.
6835.
6827.
6821.
6814.
6807.
6800.
6794.
6787.
6781.
6774.
6768.
6761.
6754.
6748.
6742.
6735.
6728.
6723.
6717.
6710.
6704.
6698.
6691.
6686.
6680.
6674.
6668.
6662.
6657.
6650.
6645.
6639.
6634.
6628.
6622.
6617.
6611.
6605.
6600.
6594.
6589.
6584.
6579.
6573.
6568.
6562.
6558.
6552.
6547.
6541.
6537.
6531.
6527.
6521.
6517.
6512.
6507.
6501.
6498.
6492.
6488.
6483.
6479.
6474.
6470.
6465.
6461.
6455.
6451.
6448.
6444.
6438.
6435.
6430.
6426.
6423.
6418.
6414.
6410.
6405.
6402.
6398.
6395.
6391.
6387.
6383.
6380.
6376.
6372.
6369.
6365.
6361.
6359.
6355.
6352.
6348.
6345.
6341.
6338.
6335.
6332.
6328.
6326.
6323.
6320.
6317.
6314.
6311.
6308.
6305.
6303.
6300.
6298.
6295.
6294.
6290.
6288.
6285.
6283.
6281.
6278.
6276.
6274.
6272.
6270.
6268.
6266.
6264.
6263.
6260.
6259.
6258.
6256.
6254.
6252.
6251.
6249.
6248.
6246.
6245.
6243.
6242.
6241.
6239.
6237.
6237.
6236.
6235.
6234.
6233.
6232.
6231.
6230.
6228.
6227.
6226.
6226.
6225.
6225.
6223.
6222.
6222.
6222.
6221.
6220.
6219.
6220.
6219.
6219.
6218.
6219.
6219.
6218.
6217.
6218.
6217.
6217.
6217.
6217.
6217.
6218.
6217.
6217.
6217.
6218.
6217.
6217.
6218.
6218.
6217.
6217.
6217.
6217.
6217.
6217.
6217.
6217.
6218.
6218.
6218.
6218.
6217.
6218.
6217.
6218.
6218.
6218.
6217.
6218.
6218.
6218.
6218.
6218.
6218.
6218.
6218.
6218.
6218.
6218.
6217.
6218.
6218.
6218.
6218.
6218.
6218.
6218.
6218.
6218.
6219.
6218.
6217.
6219.
6219.
6218.
6219.
6218.
6218.
6218.
6218.
6218.
6218.
6218.
6218.
6218.
6219.
6218.
6219.
6218.
6218.
6218.
6218.
6219.
6219.
6218.
6218.
6218.
6219.
6218.
6218.
6218.
6218.
6219.
6219.
6219.
6219.
6219.
6219.
6218.
6218.
6219.
6219.
6218.
6219.
6218.
6219.
6218.
6218.
6218.
6219.
6219.
6219.
6219.
6219.
6218.
6219.
6219.
6219.
6220.
6219.
6218.
6219.
6219.
6219.
6219.
6219.
6219.
6219.
6219.
6219.
6219.
6219.
6219.
6219.
6220.
6219.
6218.
6219.
6219.
6219.
6219.
6219.
6219.
6218.
6219.
6220.
6219.
6219.
6220.
6218.
6219.
6220.
6220.
6219.
6219.
6219.
6219.
6220.
6219.
6219.
6219.
6220.
6219.
6219.
6219.
6219.
6219.
6219.
6219.
6218.
6219.
6219.
6219.
6219.
6219.
6219.
6219.
6220.
6219.
6219.
6219.
6220.
6219.
6219.
6219.
6220.
6220.
6220.
6219.
6219.
6219.
6219.
6220.
6220.
6220.
6219.
6220.
6220.
6220.
6219.
6220.
6220.
6219.
6219.
6219.
6220.
6220.
6221.
6219.
6219.
6220.
6220.
6219.
6219.
6220.
6220.
6220.
6219.
6220.
6220.
6219.
6219.
6220.
6220.
6219.
6220.
6220.
6220.
6220.
6221.
6220.
6221.
6221.
6221.
6221.
6222.
6222.
6223.
6223.
6224.
6225.
6225.
6225.
6226.
6226.
6227.
6227.
6228.
6229.
6229.
6229.
6230.
6231.
6232.
6232.
6234.
6234.
6236.
6236.
6237.
6238.
6239.
6240.
6241.
6242.
6244.
6245.
6247.
6247.
6250.
6250.
6252.
6254.
6256.
6257.
6259.
6260.
6262.
6265.
6266.
6268.
6270.
6273.
6275.
6277.
6279.
6282.
6284.
6287.
6290.
6293.
6295.
6298.
6301.
6304.
6307.
6311.
6314.
6317.
6320.
6324.
6328.
6331.
6335.
6340.
6344.
6347.
6351.
6356.
6361.
6365.
6370.
6374.
6379.
6383.
6387.
6393.
6399.
6404.
6409.
6413.
6419.
6425.
6430.
6436.
6442.
6448.
6453.
6458.
6466.
6472.
6478.
6485.
6491.
6497.
6503.
6510.
6517.
6524.
6531.
6537.
6545.
6551.
6559.
6566.
6574.
6581.
6589.
6596.
6604.
6613.
6620.
6628.
6636.
6645.
6654.
6662.
6671.
6678.
6687.
6697.
6705.
6714.
6723.
6733.
6741.
6751.
6759.
6769.
6778.
6788.
6797.
6807.
6816.
6826.
6836.
6846.
6856.
6866.
6876.
6886.
6897.
6907.
6917.
6928.
6938.
6949.
6959.
6970.
6980.
6991.
7002.
7013.
7024.
7035.
7046.
7058.
7068.
7080.
7090.
7102.
7113.
7125.
7136.
7148.
7160.
7171.
7182.
7195.
7206.
7218.
7229.
7241.
7253.
7265.
7277.
7290.
7301.
7314.
7325.
7338.
7350.
7362.
7374.
7387.
7399.
7411.
7424.
7436.
7449.
7461.
7474.
7487.
7498.
7511.
7525.
7537.
7550.
7563.
7575.
7588.
7601.
7614.
7627.
7640.
7652.
7665.
7679.
7692.
7705.
7718.
7732.
7744.
7758.
7770.
7783.
7796.
7810.
7822.
7836.
7850.
7863.
7876.
7890.
7903.
7916.
7929.
7943.
7956.
7970.
7983.
7996.
8009.
8023.
8036.
8050.
8063.
8077.
8090.
8104.
8117.
8132.
8145.
8159.
8172.
8185.
8199.
8212.
8226.
8239.
8253.
8266.
8280.
8293.
8307.
8321.
8334.
8348.
8362.
8376.
8389.
8403.
8416.
8430.
8443.
8457.
8470.
8485.
8498.
8512.
8526.
8539.
8553.
8566.
8580.
8593.
8608.
8620.
8634.
8647.
8661.
8674.
8689.
8702.
8715.
8729.
8742.
8755.
8769.
8782.
8796.
8809.
8823.
8836.
8849.
8863.
8876.
8889.
8903.
8915.
8929.
8942.
8956.
8968.
8982.
8995.
9008.
9021.
9034.
9047.
9060.
9073.
9086.
9098.
9113.
9125.
9138.
9151.
9164.
9176.
9189.
9202.
9215.
9228.
9239.
9252.
9265.
9277.
9289.
9302.
9315.
9328.
9339.
9351.
9364.
9376.
9388.
9401.
9412.
9424.
9437.
9449.
9460.
9473.
9484.
9496.
9508.
9520.
9531.
9543.
9554.
9566.
9578.
9589.
9601.
9612.
9623.
9635.
9646.
9658.
9669.
9680.
9691.
9702.
9713.
9724.
9735.
9746.
9757.
9768.
9778.
9789.
9800.
9810.
9821.
9831.
9842.
9852.
9863.
9874.
9883.
9894.
9904.
9914.
9924.
9935.
9944.
9954.
9964.
9974.
9984.
9994.
10003.
10013.
10022.
10033.
10042.
10052.
10060.
10070.
10080.
10088.
10097.
10107.
10116.
10125.
10134.
10143.
10151.
10160.
10169.
10178.
10186.
10196.
10203.
10213.
10221.
10229.
10237.
10247.
10255.
10263.
10271.
10279.
10288.
10295.
10304.
10312.
10320.
10328.
10336.
10343.
10352.
10359.
10367.
10374.
10381.
10390.
10398.
10405.
10412.
10420.
10428.
10435.
10443.
10449.
10458.
10464.
10471.
10478.
10485.
10492.
10500.
10506.
10514.
10521.
10529.
10535.
10541.
10549.
10555.
10562.
10569.
10576.
10581.
10588.
10596.
10602.
10608.
10614.
10621.
10628.
10634.
10640.
10645.
10652.
10658.
10665.
10671.
10676.
10683.
10687.
10694.
10699.
10705.
10710.
10716.
10722.
10727.
10732.
10737.
10743.
10749.
10754.
10759.
10764.
10769.
10774.
10779.
10784.
10790.
10795.
10799.
10804.
10809.
10813.
10818.
10823.
10827.
10831.
10836.
10840.
10845.
10849.
10852.
10856.
10861.
10865.
10869.
10873.
10876.
10880.
10883.
10888.
10891.
10895.
10897.
10901.
10905.
10908.
10910.
10914.
10917.
10921.
10923.
10926.
10929.
10931.
10933.
10936.
10939.
10941.
10943.
10946.
10948.
10950.
10952.
10954.
10957.
10959.
10960.
10962.
10963.
10965.
10967.
10968.
10969.
10971.
10972.
10973.
10974.
10976.
10977.
10978.
10979.
10980.
10981.
10982.
10982.
10983.
10984.
10985.
10985.
10986.
10986.
10986.
10987.
10987.
10987.
10987.
10986.
10987.
10987.
10987.
10987.
10987.
10988.
10987.
10988.
10986.
10987.
10987.
10986.
10985.
10986.
10986.
10985.
10985.
10985.
10985.
10985.
10984.
10984.
10984.
10984.
10984.
10983.
10983.
10983.
10982.
10983.
10982.
10982.
10981.
10982.
10981.
10981.
10981.
10980.
10980.
10980.
10979.
10979.
10980.
10979.
10978.
10978.
10978.
10977.
10977.
10976.
10976.
10976.
10976.
10975.
10974.
10975.
10974.
10973.
10973.
10972.
10973.
10972.
10971.
10971.
10971.
10970.
10970.
10969.
10970.
10968.
10967.
10967.
10967.
10966.
10966.
10965.
10965.
10965.
10964.
10964.
10963.
10963.
10963.
10961.
10961.
10961.
10961.
10960.
10960.
10959.
10959.
10958.
10958.
10957.
10957.
10956.
10956.
10956.
10955.
10953.
10954.
10953.
10952.
10951.
10952.
10952.
10951.
10951.
10950.
10949.
10949.
10949.
10948.
10948.
10947.
10947.
10946.
10946.
10945.
10944.
10945.
10945.
10944.
10944.
10943.
10943.
10941.
10941.
10942.
10941.
10940.
10940.
10939.
10939.
10939.
10939.
10938.
10938.
10938.
10937.
10936.
10936.
10937.
10936.
10936.
10935.
10935.
10935.
10935.
10934.
10933.
10933.
10934.
10933.
10932.
10932.
10932.
10932.
10931.
10931.
10931.
10931.
10931.
10930.
10930.
10930.
10930.
10929.
10929.
10929.
10929.
10929.
10929.
10928.
10928.
10928.
10928.
10928.
10928.
10927.
10927.
10927.
10927.
10927.
10928.
10926.
10925.
10927.
10926.
10926.
10926.
10925.
10925.
10925.
10926.
10925.
10925.
10925.
10924.
10925.
10925.
10924.
10924.
10924.
10925.
10924.
10924.
10923.
10923.
10923.
10923.
10923.
10922.
10922.
10921.
10922.
10921.
10921.
10921.
10921.
10921.
10920.
10920.
10919.
10920.
10920.
10920.
10919.
10919.
10919.
10918.
10919.
10918.
10917.
10918.
10918.
10917.
10916.
10916.
10917.
10915.
10915.
10915.
10914.
10914.
10914.
10913.
10914.
10912.
10912.
10913.
10912.
10912.
10912.
10911.
10910.
10911.
10911.
10909.
10909.
10908.
10908.
10908.
10908.
10907.
10908.
10906.
10906.
10906.
10905.
10905.
10905.
10905.
10904.
10903.
10903.
10903.
10902.
10901.
10901.
10900.
10900.
10900.
10899.
10898.
10898.
10898.
10897.
10895.
10896.
10895.
10894.
10894.
10893.
10893.
10893.
10891.
10890.
10889.
10889.
10888.
10887.
10886.
10885.
10885.
10883.
10883.
10881.
10881.
10879.
10879.
10877.
10877.
10876.
10874.
10873.
10872.
10870.
10869.
10867.
10866.
10864.
10864.
10862.
10860.
10859.
10858.
10856.
10854.
10853.
10850.
10848.
10847.
10845.
10843.
10841.
10839.
10837.
10834.
10832.
10829.
10827.
10825.
10822.
10820.
10817.
10815.
10812.
10809.
10806.
10804.
10801.
10798.
10795.
10792.
10788.
10786.
10783.
10780.
10776.
10773.
10769.
10766.
10762.
10758.
10755.
10751.
10747.
10744.
10740.
10736.
10732.
10727.
10724.
10719.
10715.
10711.
10707.
10701.
10697.
10693.
10689.
10683.
10679.
10673.
10669.
10664.
10659.
10654.
10649.
10642.
10638.
10632.
10627.
10621.
10615.
10609.
10604.
10598.
10592.
10586.
10579.
10573.
10567.
10561.
10554.
10548.
10541.
10535.
10528.
10521.
10515.
10508.
10501.
10493.
10487.
10479.
10472.
10464.
10457.
10449.
10442.
10433.
10426.
10418.
10411.
10402.
10395.
10387.
10378.
10370.
10362.
10354.
10345.
10337.
10327.
10319.
10312.
10302.
10292.
10284.
10276.
10266.
10257.
10249.
10239.
10230.
10221.
10212.
10202.
10191.
10182.
10173.
10162.
10153.
10143.
10133.
10122.
10112.
10102.
10092.
10082.
10071.
10061.
10051.
10040.
10029.
10018.
10008.
9997.
9986.
9975.
9965.
9953.
9942.
9931.
9920.
9908.
9897.
9885.
9875.
9863.
9851.
9839.
9828.
9816.
9803.
9792.
9781.
9768.
9756.
9744.
9731.
9720.
9707.
9695.
9683.
9670.
9657.
9645.
9633.
9620.
9607.
9594.
9582.
9569.
9555.
9543.
9531.
9517.
9505.
9491.
9479.
9465.
9452.
9438.
9426.
9412.
9399.
9386.
9373.
9359.
9346.
9332.
9318.
9305.
9292.
9278.
9264.
9251.
9237.
9223.
9211.
9197.
9183.
9169.
9156.
9142.
9129.
9115.
9100.
9087.
9073.
9059.
9046.
9033.
9019.
9005.
8991.
8978.
8963.
8950.
8936.
8923.
8908.
8895.
8880.
8868.
8854.
8841.
8827.
8814.
8799.
8786.
8772.
8760.
8745.
8732.
8718.
8704.
8690.
8677.
8663.
8650.
8636.
8623.
8609.
8596.
8583.
8570.
8555.
8542.
8529.
8515.
8503.
8490.
8476.
8463.
8450.
8437.
8424.
8410.
8398.
8384.
8372.
8358.
8346.
8332.
8319.
8306.
8294.
8282.
8269.
8256.
8244.
8231.
8219.
8205.
8193.
8181.
8169.
8157.
8144.
8132.
8119.
8108.
8097.
8084.
8071.
8060.
8048.
8035.
8024.
8013.
8000.
7988.
7977.
7965.
7953.
7941.
7930.
7918.
7908.
7897.
7885.
7873.
7862.
7851.
7840.
7828.
7816.
7806.
7794.
7783.
7773.
7761.
7750.
7739.
7729.
7717.
7707.
7696.
7685.
7674.
7663.
7653.
7642.
7632.
7621.
7611.
7600.
7589.
7579.
7568.
7558.
7548.
7537.
7527.
7518.
7507.
7497.
7487.
7477.
7467.
7457.
7447.
7437.
7427.
7417.
7407.
7398.
7388.
7378.
7369.
7359.
7349.
7340.
7330.
7322.
7312.
7303.
7293.
7285.
7274.
7266.
7257.
7247.
7238.
7229.
7220.
7212.
7202.
7193.
7184.
7176.
7167.
7158.
7149.
7141.
7132.
7123.
7116.
7108.
7098.
7090.
7082.
7074.
7065.
7057.
7049.
7041.
7034.
7025.
7017.
7009.
7001.
6994.
6985.
6978.
6971.
6964.
6956.
6949.
6942.
6934.
6926.
6920.
6912.
6905.
6899.
6891.
6884.
6878.
6870.
6863.
6856.
6850.
6843.
6837.
6829.
6823.
6817.
6810.
6803.
6796.
6790.
6784.
6777.
6771.
6764.
6758.
6753.
6746.
6739.
6733.
6727.
6721.
6715.
6709.
6703.
6697.
6691.
6685.
6679.
6674.
6667.
6662.
6656.
6650.
6645.
6640.
6634.
6629.
6623.
6618.
6613.
6608.
6602.
6597.
6592.
6588.
6582.
6578.
6573.
6568.
6563.
6559.
6555.
6550.
6545.
6541.
6537.
6532.
6528.
6525.
6520.
6516.
6513.
6509.
6504.
6501.
6497.
6493.
6489.
6485.
6483.
6479.
6476.
6472.
6469.
6465.
6463.
6460.
6457.
6454.
6451.
6447.
6444.
6441.
6439.
6437.
6433.
6430.
6427.
6426.
6423.
6421.
6418.
6416.
6413.
6411.
6409.
6407.
6404.
6402.
6400.
6397.
6396.
6394.
6392.
6390.
6388.
6386.
6386.
6384.
6382.
6380.
6380.
6378.
6376.
6375.
6374.
6373.
6371.
6370.
6370.
6369.
6368.
6367.
6367.
6365.
6364.
6364.
6363.
6363.
6362.
6362.
6363.
6361.
6361.
6361.
6361.
6361.
6360.
6361.
6361.
6360.
6360.
6360.
6360.
6360.
6360.
6360.
6360.
6361.
6360.
6361.
6361.
6360.
6360.
6360.
6361.
6360.
6360.
6361.
6361.
6360.
6361.
6361.
6361.
6360.
6361.
6361.
6360.
6360.
6360.
6360.
6361.
6361.
6361.
6360.
6362.
6362.
6361.
6361.
6361.
6361.
6361.
6361.
6361.
6361.
6361.
6361.
6361.
6361.
6361.
6361.
6361.
6362.
6361.
6361.
6361.
6361.
6360.
6361.
6362.
6361.
6362.
6362.
6361.
6361.
6362.
6362.
6361.
6361.
6361.
6361.
6361.
6361.
6361.
6361.
6361.
6362.
6362.
6362.
6361.
6361.
6361.
6362.
6362.
6361.
6362.
6362.
6361.
6362.
6362.
6362.
6362.
6362.
6362.
6361.
6361.
6362.
6362.
6362.
6362.
6362.
6362.
6362.
6363.
6362.
6361.
6362.
6362.
6363.
6362.
6362.
6362.
6362.
6362.
6362.
6362.
6362.
6362.
6362.
6362.
6362.
6362.
6362.
6362.
6362.
6362.
6362.
6362.
6362.
6362.
6362.
6362.
6361.
6362.
6362.
6362.
6362.
6362.
6362.
6362.
6362.
6362.
6363.
6362.
6362.
6363.
6362.
6362.
6362.
6362.
6362.
6362.
6362.
6362.
6362.
6362.
6362.
6362.
6362.
6362.
6362.
6362.
6362.
6362.
6363.
6362.
6362.
6362.
6362.
6362.
6362.
6362.
6362.
6363.
6363.
6362.
6362.
6362.
6362.
6362.
6363.
6363.
6362.
6363.
6363.
6362.
6363.
6362.
6363.
6362.
6363.
6362.
6363.
6363.
6363.
6364.
6363.
6363.
6363.
6363.
6363.
6362.
6363.
6363.
6363.
6364.
6363.
6363.
6363.
6364.
6363.
6364.
6364.
6364.
6363.
6364.
6364.
6364.
6365.
6365.
6365.
6366.
6365.
6366.
6366.
6366.
6367.
6367.
6368.
6368.
6368.
6368.
6369.
6369.
6369.
6370.
6370.
6370.
6371.
6371.
6371.
6372.
6373.
6373.
6373.
6373.
6375.
6375.
6376.
6376.
6377.
6377.
6378.
6379.
6380.
6380.
6381.
6381.
6382.
6383.
6383.
6384.
6385.
6386.
6387.
6388.
6390.
6390.
6391.
6392.
6394.
6395.
6396.
6398.
6399.
6401.
6401.
6403.
6404.
6405.
6407.
6409.
6411.
6413.
6414.
6416.
6418.
6419.
6422.
6424.
6426.
6428.
6430.
6433.
6434.
6436.
6440.
6442.
6445.
6447.
6449.
6452.
6456.
6458.
6461.
6464.
6467.
6469.
6472.
6476.
6480.
6482.
6486.
6489.
6493.
6496.
6500.
6503.
6508.
6512.
6515.
6520.
6524.
6527.
6532.
6537.
6541.
6545.
6550.
6554.
6559.
6563.
6568.
6573.
6578.
6583.
6588.
6592.
6598.
6603.
6608.
6614.
6619.
6624.
6631.
6636.
6641.
6647.
6653.
6659.
6664.
6671.
6677.
6684.
6690.
6697.
6703.
6710.
6716.
6724.
6730.
6737.
6743.
6751.
6759.
6766.
6772.
6781.
6788.
6795.
6802.
6810.
6818.
6826.
6834.
6842.
6850.
6858.
6866.
6875.
6883.
6892.
6900.
6909.
6917.
6926.
6935.
6943.
6953.
6962.
6971.
6979.
6989.
6998.
7008.
7017.
7026.
7035.
7045.
7054.
7064.
7073.
7083.
7092.
7102.
7112.
7122.
7132.
7142.
7152.
7162.
7172.
7182.
7193.
7203.
7214.
7224.
7234.
7245.
7256.
7266.
7277.
7288.
7298.
7310.
7320.
7331.
7342.
7353.
7364.
7376.
7387.
7398.
7409.
7420.
7431.
7443.
7454.
7466.
7477.
7489.
7500.
7512.
7524.
7536.
7547.
7559.
7571.
7583.
7595.
7606.
7619.
7631.
7643.
7655.
7667.
7679.
7692.
7704.
7716.
7728.
7740.
7753.
7766.
7778.
7791.
7803.
7815.
7828.
7841.
7853.
7866.
7878.
7891.
7903.
7916.
7929.
7942.
7955.
7968.
7980.
7994.
8005.
8019.
8032.
8045.
8057.
8070.
8083.
8097.
8110.
8122.
8136.
8148.
8161.
8174.
8188.
8201.
8213.
8227.
8240.
8253.
8266.
8279.
8292.
8305.
8319.
8332.
8345.
8358.
8371.
8384.
8397.
8410.
8423.
8437.
8450.
8464.
8476.
8489.
8502.
8517.
8529.
8542.
8555.
8568.
8582.
8595.
8609.
8621.
8634.
8647.
8660.
8674.
8686.
8700.
8713.
8727.
8739.
8753.
8765.
8779.
8791.
8805.
8818.
8830.
8843.
8857.
8869.
8882.
8895.
8907.
8921.
8934.
8947.
8959.
8972.
8984.
8997.
9010.
9023.
9036.
9048.
9061.
9074.
9085.
9099.
9112.
9124.
9136.
9149.
9161.
9173.
9186.
9198.
9210.
9223.
9235.
9248.
9260.
9271.
9284.
9296.
9308.
9320.
9332.
9344.
9357.
9368.
9380.
9392.
9404.
9415.
9428.
9439.
9451.
9463.
9475.
9486.
9498.
9509.
9520.
9532.
9544.
9554.
9566.
9577.
9588.
9599.