8082.
8085.
8088.
8091.
8094.
8098.
8102.
8105.
8108.
8113.
8115.
8119.
8123.
8126.
8130.
8134.
8137.
8140.
8145.
8148.
8151.
8154.
8154.
8153.
8152.
8148.
8145.
8144.
8141.
8140.
8141.
8141.
8142.
8143.
8144.
8144.
8144.
8145.
8144.
8144.
8144.
8144.
8143.
8143.
8142.
8141.
8141.
8138.
8138.
8138.
8136.
8136.
8134.
8133.
8132.
8130.
8128.
8126.
8125.
8123.
8121.
8120.
8117.
8115.
8113.
8111.
8108.
8106.
8103.
8101.
8098.
8096.
8093.
8091.
8087.
8084.
8082.
8079.
8076.
8073.
8069.
8067.
8063.
8061.
8057.
8053.
8049.
8047.
8041.
8039.
8036.
8033.
8028.
8024.
8022.
8018.
8013.
8010.
8007.
8002.
8000.
7998.
7998.
8002.
8007.
8011.
8017.
8023.
8027.
8031.
8035.
8036.
8037.
8036.
8037.
8036.
8035.
8034.
8034.
8033.
8032.
8033.
8031.
8031.
8030.
8029.
8029.
8029.
8028.
8027.
8027.
8027.
8026.
8025.
8026.
8024.
8025.
8025.
8025.
8025.
8026.
8025.
8025.
8024.
8025.
8026.
8026.
8025.
8025.
8027.
8027.
8027.
8027.
8028.
8029.
8029.
8030.
8031.
8033.
8033.
8035.
8036.
8037.
8038.
8039.
8042.
8044.
8045.
8046.
8048.
8050.
8052.
8054.
8057.
8059.
8060.
8063.
8067.
8069.
8071.
8075.
8078.
8080.
8083.
8086.
8090.
8093.
8097.
8100.
8103.
8106.
8111.
8113.
8116.
8121.
8124.
8128.
8132.
8136.
8139.
8144.
8148.
8151.
8153.
8155.
8155.
8153.
8149.
8145.
8142.
8139.
8137.
8137.
8138.
8139.
8140.
8140.
8141.
8143.
8142.
8141.
8143.
8142.
8142.
8141.
8140.
8139.
8139.
8138.
8137.
8136.
8134.
8133.
8133.
8131.
8129.
8129.
8127.
8125.
8124.
8123.
8120.
8119.
8117.
8115.
8113.
8112.
8110.
8105.
8104.
8101.
8099.
8096.
8094.
8091.
8088.
8085.
8083.
8080.
8077.
8074.
8072.
8068.
8065.
8061.
8058.
8055.
8052.
8048.
8045.
8040.
8037.
8034.
8030.
8026.
8023.
8020.
8015.
8011.
8008.
8003.
8001.
7998.
7997.
7997.
8000.
8005.
8011.
8017.
8024.
8030.
8035.
8038.
8039.
8039.
8040.
8040.
8038.
8037.
8037.
8036.
8036.
8035.
8034.
8034.
8033.
8032.
8032.
8031.
8031.
8031.
8031.
8029.
8030.
8029.
8029.
8028.
8028.
8028.
8028.
8028.
8027.
8027.
8027.
8027.
8027.
8027.
8027.
8028.
8028.
8029.
8029.
8030.
8031.
8032.
8033.
8032.
8034.
8035.
8036.
8037.
8038.
8039.
8041.
8042.
8044.
8046.
8046.
8048.
8049.
8052.
8054.
8056.
8059.
8062.
8063.
8066.
8069.
8071.
8073.
8077.
8079.
8083.
8086.
8089.
8092.
8097.
8100.
8103.
8106.
8109.
8113.
8116.
8120.
8125.
8127.
8129.
8132.
8131.
8127.
8123.
8119.
8115.
8115.
8114.
8115.
8117.
8119.
8121.
8123.
8124.
8124.
8123.
8124.
8125.
8125.
8124.
8123.
8124.
8124.
8123.
8123.
8123.
8121.
8121.
8120.
8119.
8119.
8118.
8116.
8114.
8114.
8113.
8111.
8110.
8108.
8106.
8104.
8103.
8101.
8100.
8098.
8096.
8093.
8091.
8088.
8085.
8083.
8080.
8078.
8076.
8073.
8070.
8067.
8064.
8061.
8058.
8056.
8053.
8048.
8046.
8043.
8041.
8036.
8033.
8029.
8026.
8023.
8019.
8015.
8013.
8009.
8006.
8002.
7998.
7996.
7997.
7998.
8001.
8007.
8012.
8018.
8022.
8025.
8028.
8030.
8031.
8031.
8030.
8030.
8029.
8028.
8027.
8027.
8026.
8026.
8024.
8023.
8023.
8022.
8022.
8021.
8020.
8019.
8019.
8018.
8017.
8017.
8017.
8016.
8015.
8015.
8014.
8015.
8014.
8013.
8013.
8014.
8013.
8012.
8013.
8014.
8014.
8014.
8014.
8015.
8015.
8015.
8016.
8016.
8017.
8019.
8018.
8018.
8020.
8020.
8021.
8022.
8023.
8025.
8026.
8028.
8028.
8029.
8032.
8034.
8035.
8037.
8040.
8043.
8045.
8046.
8048.
8051.
8054.
8056.
8059.
8062.
8065.
8067.
8070.
8074.
8077.
8080.
8083.
8087.
8089.
8093.
8096.
8100.
8103.
8107.
8112.
8115.
8120.
8122.
8126.
8131.
8135.
8138.
8142.
8146.
8150.
8154.
8157.
8162.
8166.
8169.
8173.
8177.
8180.
8184.
8187.
8191.
8194.
8197.
8199.
8200.
8200.
8200.
8198.
8196.
8194.
8192.
8192.
8192.
8191.
8191.
8192.
8193.
8194.
8192.
8192.
8192.
8193.
8191.
8190.
8190.
8189.
8188.
8186.
8185.
8184.
8183.
8182.
8180.
8179.
8178.
8176.
8175.
8173.
8171.
8169.
8168.
8166.
8163.
8161.
8159.
8156.
8155.
8153.
8150.
8148.
8146.
8144.
8141.
8137.
8135.
8132.
8129.
8126.
8123.
8121.
8118.
8115.
8112.
8109.
8106.
8103.
8100.
8096.
8093.
8090.
8087.
8084.
8080.
8077.
8073.
8069.
8065.
8062.
8059.
8054.
8050.
8046.
8042.
8038.
8035.
8031.
8028.
8026.
8027.
8029.
8033.
8036.
8040.
8046.
8053.
8056.
8059.
8060.
8062.
8062.
8062.
8061.
8062.
8060.
8059.
8059.
8058.
8057.
8056.
8056.
8056.
8055.
8056.
8056.
8056.
8054.
8053.
8053.
8053.
8052.
8051.
8051.
8050.
8050.
8050.
8050.
8050.
8049.
8049.
8050.
8049.
8048.
8048.
8049.
8049.
8048.
8047.
8048.
8048.
8048.
8048.
8049.
8049.
8050.
8051.
8050.
8051.
8051.
8051.
8052.
8052.
8053.
8053.
8054.
8054.
8055.
8055.
8057.
8057.
8058.
8059.
8061.
8062.
8062.
8064.
8064.
8065.
8066.
8068.
8070.
8072.
8073.
8075.
8077.
8078.
8080.
8082.
8085.
8087.
8089.
8093.
8094.
8096.
8099.
8103.
8105.
8108.
8109.
8114.
8117.
8119.
8123.
8126.
8129.
8132.
8136.
8139.
8142.
8145.
8148.
8150.
8149.
8147.
8143.
8138.
8133.
8129.
8125.
8125.
8126.
8125.
8127.
8129.
8130.
8131.
8129.
8131.
8130.
8131.
8131.
8129.
8130.
8130.
8130.
8128.
8127.
8127.
8125.
8124.
8123.
8122.
8120.
8120.
8119.
8117.
8115.
8114.
8113.
8111.
8109.
8107.
8105.
8102.
8101.
8099.
8097.
8094.
8093.
8089.
8087.
8084.
8082.
8079.
8076.
8074.
8071.
8067.
8064.
8061.
8059.
8056.
8053.
8050.
8045.
8043.
8038.
8035.
8032.
8028.
8025.
8022.
8018.
8015.
8010.
8007.
8002.
7999.
7995.
7992.
7988.
7984.
7981.
7978.
7976.
7978.
7981.
7984.
7989.
7994.
8000.
8005.
8009.
8013.
8015.
8016.
8016.
8017.
8016.
8016.
8014.
8014.
8013.
8013.
8012.
8011.
8010.
8010.
8009.
8009.
8009.
8008.
8008.
8007.
8007.
8006.
8005.
8005.
8005.
8005.
8005.
8003.
8003.
8003.
8003.
8004.
8004.
8005.
8004.
8005.
8004.
8005.
8005.
8006.
8006.
8007.
8007.
8009.
8010.
8010.
8011.
8013.
8013.
8015.
8017.
8018.
8020.
8022.
8023.
8026.
8027.
8029.
8031.
8033.
8035.
8038.
8040.
8044.
8046.
8048.
8051.
8055.
8057.
8060.
8062.
8066.
8069.
8073.
8076.
8080.
8083.
8086.
8091.
8095.
8098.
8102.
8106.
8110.
8114.
8116.
8121.
8125.
8128.
8133.
8136.
8140.
8144.
8148.
8152.
8156.
8159.
8162.
8165.
8170.
8174.
8176.
8179.
8184.
8186.
8190.
8192.
8195.
8197.
8200.
8202.
8204.
8207.
8207.
8210.
8211.
8213.
8214.
8216.
8216.
8217.
8219.
8219.
8221.
8221.
8221.
8221.
8221.
8221.
8221.
8221.
8222.
8222.
8222.
8222.
8222.
8221.
8221.
8221.
8221.
8220.
8220.
8218.
8218.
8218.
8216.
8216.
8214.
8214.
8213.
8212.
8210.
8209.
8208.
8206.
8205.
8204.
8203.
8202.
8201.
8198.
8196.
8195.
8193.
8192.
8190.
8188.
8187.
8184.
8183.
8180.
8180.
8178.
8175.
8173.
8172.
8170.
8167.
8164.
8162.
8160.
8158.
8155.
8152.
8149.
8148.
8144.
8142.
8140.
8137.
8135.
8131.
8129.
8126.
8123.
8119.
8117.
8115.
8111.
8107.
8104.
8101.
8098.
8094.
8090.
8087.
8083.
8080.
8077.
8073.
8068.
8066.
8061.
8057.
8052.
8049.
8046.
8043.
8038.
8034.
8029.
8026.
8022.
8019.
8017.
8016.
8020.
8023.
8027.
8029.
8033.
8038.
8042.
8045.
8048.
8049.
8050.
8050.
8050.
8050.
8050.
8048.
8048.
8047.
8047.
8046.
8044.
8045.
8044.
8044.
8042.
8042.
8041.
8040.
8039.
8038.
8038.
8038.
8037.
8037.
8037.
8036.
8036.
8036.
8034.
8035.
8034.
8034.
8035.
8034.
8035.
8034.
8034.
8034.
8035.
8036.
8035.
8035.
8035.
8036.
8036.
8037.
8037.
8038.
8038.
8038.
8039.
8040.
8041.
8042.
8043.
8044.
8045.
8046.
8047.
8048.
8049.
8051.
8053.
8054.
8056.
8057.
8058.
8061.
8063.
8065.
8066.
8069.
8072.
8073.
8075.
8078.
8081.
8083.
8086.
8087.
8090.
8093.
8097.
8099.
8102.
8105.
8107.
8111.
8114.
8117.
8120.
8123.
8127.
8130.
8134.
8137.
8141.
8143.
8144.
8146.
8145.
8142.
8139.
8135.
8132.
8128.
8126.
8126.
8126.
8126.
8127.
8127.
8128.
8128.
8128.
8127.
8128.
8127.
8126.
8127.
8125.
8125.
8124.
8125.
8124.
8122.
8122.
8120.
8119.
8118.
8116.
8115.
8114.
8112.
8110.
8109.
8108.
8105.
8103.
8102.
8100.
8098.
8095.
8094.
8090.
8088.
8085.
8084.
8081.
8078.
8077.
8073.
8071.
8068.
8065.
8060.
8057.
8055.
8052.
8048.
8044.
8041.
8038.
8035.
8031.
8028.
8024.
8021.
8016.
8015.
8011.
8006.
8004.
8000.
7996.
7992.
7988.
7985.
7983.
7983.
7984.
7986.
7988.
7993.
7998.
8003.
8005.
8008.
8009.
8010.
8010.
8011.
8011.
8010.
8008.
8007.
8007.
8007.
8006.
8006.
8005.
8004.
8004.
8003.
8002.
8001.
8001.
8001.
8000.
7999.
7997.
7998.
7997.
7997.
7996.
7996.
7996.
7995.
7995.
7995.
7995.
7994.
7995.
7995.
7997.
7996.
7995.
7996.
7996.
7997.
7997.
7997.
7997.
7998.
7998.
8001.
8000.
8001.
8002.
8003.
8004.
8006.
8007.
8008.
8010.
8010.
8012.
8015.
8017.
8018.
8020.
8021.
8023.
8026.
8027.
8030.
8033.
8037.
8039.
8042.
8045.
8047.
8049.
8053.
8056.
8059.
8062.
8067.
8068.
8072.
8075.
8079.
8083.
8085.
8089.
8093.
8097.
8100.
8104.
8108.
8112.
8115.
8119.
8123.
8128.
8131.
8135.
8139.
8142.
8145.
8149.
8153.
8156.
8158.
8159.
8158.
8157.
8156.
8154.
8151.
8149.
8149.
8149.
8149.
8150.
8151.
8151.
8151.
8150.
8150.
8150.
8149.
8150.
8148.
8147.
8147.
8147.
8146.
8145.
8144.
8143.
8142.
8141.
8139.
8138.
8136.
8135.
8133.
8131.
8128.
8127.
8126.
8124.
8122.
8119.
8117.
8115.
8113.
8109.
8107.
8105.
8103.
8100.
8098.
8095.
8092.
8089.
8086.
8083.
8080.
8077.
8073.
8070.
8066.
8063.
8060.
8056.
8054.
8051.
8048.
8044.
8040.
8036.
8033.
8030.
8026.
8022.
8018.
8014.
8011.
8008.
8004.
8001.
8001.
8001.
8005.
8009.
8014.
8019.
8022.
8026.
8029.
8031.
8032.
8032.
8031.
8032.
8030.
8029.
8029.
8029.
8027.
8027.
8026.
8025.
8025.
8024.
8024.
8023.
8021.
8021.
8020.
8019.
8018.
8019.
8018.
8017.
8016.
8017.
8017.
8016.
8014.
8014.
8014.
8014.
8014.
8015.
8014.
8014.
8015.
8014.
8014.
8014.
8014.
8015.
8016.
8015.
8017.
8016.
8017.
8017.
8018.
8019.
8020.
8021.
8022.
8024.
8025.
8025.
8027.
8028.
8029.
8030.
8033.
8035.
8036.
8038.
8041.
8042.
8044.
8047.
8050.
8052.
8054.
8057.
8060.
8063.
8065.
8068.
8072.
8075.
8077.
8080.
8083.
8086.
8090.
8093.
8097.
8099.
8103.
8108.
8111.
8114.
8118.
8120.
8125.
8127.
8130.
8130.
8128.
8125.
8123.
8121.
8120.
8120.
8120.
8121.
8122.
8123.
8124.
8124.
8125.
8126.
8126.
8126.
8126.
8127.
8125.
8125.
8124.
8126.
8125.
8123.
8123.
8122.
8122.
8121.
8119.
8118.
8117.
8116.
8115.
8115.
8113.
8111.
8109.
8108.
8105.
8104.
8103.
8101.
8097.
8095.
8093.
8091.
8088.
8086.
8084.
8082.
8080.
8077.
8075.
8071.
8069.
8066.
8062.
8059.
8056.
8054.
8051.
8047.
8044.
8040.
8037.
8033.
8030.
8027.
8023.
8019.
8016.
8013.
8009.
8006.
8000.
7996.
7994.
7991.
7987.
7984.
7980.
7976.
7975.
7974.
7977.
7980.
7984.
7989.
7995.
7997.
8000.
8003.
8005.
8005.
8005.
8005.
8004.
8003.
8002.
8000.
8001.
8000.
7997.
7998.
7997.
7996.
7994.
7993.
7992.
7990.
7989.
7988.
7987.
7986.
7986.
7984.
7983.
7982.
7981.
7980.
7979.
7978.
7977.
7976.
7975.
7974.
7973.
7972.
7971.
7971.
7970.
7970.
7969.
7967.
7967.
7967.
7966.
7964.
7964.
7964.
7964.
7962.
7963.
7963.
7962.
7962.
7961.
7962.
7961.
7961.
7961.
7961.
7961.
7960.
7961.
7961.
7962.
7961.
7962.
7963.
7963.
7963.
7963.
7964.
7965.
7967.
7967.
7966.
7968.
7968.
7969.
7970.
7969.
7971.
7972.
7972.
7974.
7976.
7976.
7977.
7978.
7981.
7981.
7981.
7984.
7987.
7987.
7989.
7990.
7992.
7994.
7996.
7997.
8000.
8002.
8005.
8007.
8010.
8012.
8014.
8018.
8020.
8023.
8026.
8029.
8033.
8034.
8037.
8041.
8044.
8047.
8051.
8055.
8057.
8060.
8064.
8068.
8072.
8075.
8077.
8080.
8082.
8081.
8079.
8076.
8075.
8074.
8073.
8074.
8075.
8077.
8078.
8080.
8082.
8081.
8082.
8083.
8083.
8084.
8084.
8084.
8084.
8084.
8084.
8083.
8083.
8083.
8081.
8081.
8080.
8079.
8079.
8078.
8076.
8075.
8075.
8073.
8071.
8071.
8069.
8068.
8066.
8064.
8062.
8060.
8058.
8056.
8055.
8052.
8051.
8048.
8046.
8043.
8041.
8038.
8036.
8033.
8029.
8027.
8024.
8021.
8019.
8015.
8013.
8009.
8006.
8004.
7999.
7997.
7993.
7988.
7985.
7981.
7979.
7975.
7972.
7967.
7964.
7960.
7958.
7954.
7949.
7948.
7949.
7953.
7957.
7963.
7971.
7978.
7985.
7990.
7993.
7996.
7998.
7999.
7999.
7999.
7998.
7998.
7997.
7997.
7996.
7995.
7995.
7994.
7993.
7993.
7991.
7992.
7992.
7991.
7990.
7989.
7989.
7989.
7988.
7989.
7987.
7986.
7986.
7985.
7985.
7983.
7983.
7983.
7982.
7981.
7981.
7981.
7981.
7980.
7980.
7981.
7980.
7980.
7979.
7980.
7980.
7981.
7980.
7982.
7981.
7981.
7981.
7983.
7983.
7983.
7984.
7985.
7986.
7987.
7987.
7988.
7989.
7990.
7992.
7991.
7994.
7995.
7996.
7997.
7999.
8000.
8002.
8003.
8005.
8007.
8008.
8011.
8013.
8014.
8016.
8019.
8021.
8022.
8024.
8027.
8030.
8031.
8034.
8037.
8040.
8043.
8045.
8049.
8052.
8054.
8057.
8061.
8064.
8068.
8071.
8075.
8078.
8082.
8085.
8088.
8091.
8095.
8098.
8103.
8107.
8110.
8112.
8114.
8113.
8110.
8108.
8105.
8102.
8099.
8099.
8099.
8099.
8099.
8100.
8101.
8102.
8102.
8101.
8102.
8102.
8102.
8101.
8101.
8100.
8099.
8098.
8097.
8097.
8095.
8095.
8093.
8093.
8091.
8089.
8087.
8086.
8085.
8084.
8082.
8078.
8076.
8075.
8073.
8071.
8069.
8066.
8063.
8061.
8058.
8056.
8053.
8050.
8047.
8043.
8041.
8038.
8035.
8031.
8028.
8025.
8023.
8018.
8015.
8013.
8009.
8004.
8002.
7997.
7994.
7990.
7986.
7982.
7979.
7975.
7971.
7967.
7965.
7964.
7964.
7966.
7970.
7975.
7981.
7987.
7993.
7996.
7998.
8001.
8001.
8002.
8002.
8000.
8000.
7998.
7998.
7997.
7997.
7997.
7996.
7995.
7995.
7994.
7991.
7991.
7991.
7991.
7991.
7989.
7988.
7988.
7988.
7987.
7987.
7987.
7987.
7987.
7986.
7986.
7987.
7986.
7986.
7986.
7988.
7988.
7988.
7987.
7989.
7989.
7991.
7991.
7991.
7993.
7994.
7995.
7994.
7997.
7999.
8000.
8002.
8002.
8004.
8006.
8008.
8009.
8012.
8014.
8016.
8018.
8020.
8023.
8026.
8028.
8030.
8034.
8037.
8040.
8042.
8046.
8049.
8052.
8056.
8059.
8063.
8066.
8069.
8072.
8077.
8080.
8083.
8086.
8091.
8095.
8098.
8101.
8105.
8110.
8113.
8115.
8120.
8123.
8128.
8132.
8135.
8139.
8142.
8144.
8149.
8153.
8154.
8158.
8162.
8165.
8167.
8168.
8170.
8171.
8171.
8171.
8171.
8172.
8173.
8173.
8173.
8175.
8175.
8175.
8177.
8177.
8177.
8176.
8175.
8175.
8175.
8174.
8173.
8173.
8173.
8171.
8170.
8169.
8169.
8167.
8166.
8165.
8164.
8162.
8161.
8159.
8159.
8156.
8154.
8152.
8151.
8148.
8146.
8144.
8142.
8140.
8137.
8135.
8133.
8130.
8128.
8125.
8123.
8120.
8118.
8115.
8112.
8108.
8106.
8103.
8099.
8096.
8093.
8091.
8088.
8084.
8081.
8077.
8075.
8071.
8068.
8065.
8061.
8056.
8054.
8050.
8046.
8042.
8039.
8036.
8033.
8030.
8026.
8023.
8019.
8015.
8013.
8014.
8016.
8020.
8025.
8031.
8037.
8042.
8045.
8047.
8048.
8050.
8049.
8049.
8048.
8047.
8047.
8045.
8046.
8045.
8044.
8044.
8044.
8042.
8042.
8040.
8040.
8040.
8041.
8040.
8040.
8039.
8038.
8039.
8038.
8037.
8037.
8038.
8037.
8037.
8037.
8037.
8037.
8036.
8037.
8037.
8036.
8037.
8036.
8039.
8039.
8038.
8039.
8039.
8039.
8040.
8040.
8042.
8041.
8042.
8043.
8045.
8045.
8046.
8047.
8049.
8050.
8050.
8052.
8054.
8054.
8055.
8057.
8059.
8060.
8062.
8064.
8066.
8068.
8069.
8072.
8073.
8076.
8078.
8080.
8083.
8085.
8086.
8089.
8092.
8094.
8097.
8100.
8103.
8106.
8108.
8112.
8114.
8117.
8120.
8124.
8126.
8129.
8132.
8136.
8139.
8142.
8145.
8148.
8152.
8154.
8157.
8157.
8156.
8154.
8151.
8148.
8145.
8144.
8144.
8143.
8143.
8144.
8144.
8145.
8146.
8146.
8146.
8145.
8145.
8145.
8144.
8144.
8143.
8143.
8142.
8141.
8141.
8140.
8139.
8138.
8137.
8135.
8135.
8133.
8132.
8131.
8128.
8128.
8126.
8124.
8123.
8121.
8119.
8117.
8115.
8114.
8112.
8110.