6551.
6554.
6557.
6560.
6564.
6568.
6572.
6576.
6580.
6584.
6589.
6592.
6596.
6601.
6605.
6610.
6614.
6619.
6621.
6624.
6625.
6623.
6620.
6615.
6613.
6610.
6610.
6610.
6612.
6612.
6614.
6616.
6618.
6619.
6620.
6622.
6623.
6623.
6624.
6626.
6626.
6626.
6627.
6627.
6627.
6626.
6626.
6627.
6626.
6626.
6626.
6625.
6625.
6624.
6622.
6621.
6620.
6619.
6618.
6616.
6615.
6613.
6611.
6610.
6608.
6606.
6603.
6601.
6599.
6597.
6595.
6592.
6591.
6587.
6584.
6582.
6580.
6576.
6572.
6570.
6567.
6565.
6561.
6559.
6556.
6553.
6549.
6546.
6544.
6540.
6537.
6534.
6531.
6529.
6525.
6523.
6519.
6517.
6513.
6511.
6508.
6505.
6502.
6500.
6498.
6494.
6492.
6490.
6487.
6484.
6482.
6480.
6477.
6475.
6472.
6470.
6469.
6467.
6464.
6463.
6461.
6459.
6458.
6456.
6454.
6453.
6452.
6451.
6448.
6447.
6446.
6445.
6443.
6443.
6442.
6442.
6440.
6439.
6439.
6439.
6437.
6437.
6437.
6437.
6437.
6437.
6437.
6436.
6435.
6436.
6436.
6436.
6436.
6437.
6436.
6437.
6437.
6438.
6437.
6437.
6439.
6439.
6439.
6440.
6441.
6441.
6441.
6442.
6443.
6445.
6446.
6447.
6448.
6449.
6451.
6452.
6454.
6455.
6457.
6458.
6460.
6462.
6465.
6467.
6468.
6471.
6473.
6475.
6477.
6480.
6483.
6486.
6489.
6491.
6494.
6497.
6501.
6505.
6508.
6511.
6514.
6519.
6523.
6527.
6532.
6536.
6540.
6544.
6548.
6554.
6558.
6562.
6567.
6572.
6575.
6576.
6576.
6575.
6573.
6570.
6568.
6568.
6568.
6568.
6571.
6573.
6575.
6577.
6580.
6582.
6584.
6586.
6587.
6589.
6590.
6591.
6593.
6594.
6595.
6595.
6596.
6596.
6598.
6599.
6598.
6598.
6599.
6598.
6599.
6599.
6597.
6599.
6597.
6597.
6596.
6595.
6594.
6594.
6592.
6591.
6590.
6588.
6586.
6585.
6583.
6582.
6580.
6577.
6575.
6573.
6571.
6569.
6566.
6563.
6562.
6558.
6556.
6553.
6550.
6547.
6545.
6541.
6538.
6534.
6531.
6528.
6526.
6524.
6520.
6516.
6513.
6510.
6507.
6503.
6501.
6497.
6494.
6491.
6487.
6483.
6481.
6477.
6474.
6472.
6470.
6466.
6464.
6462.
6459.
6456.
6453.
6452.
6449.
6447.
6444.
6440.
6440.
6440.
6440.
6440.
6440.
6440.
6440.
6440.
6440.
6440.
6440.
6440.
6440.
6440.
6440.
6440.
6440.
6440.
6440.
6440.
6440.
6440.
6440.
6440.
6440.
6440.
6440.
6440.
6440.
6440.
6440.
6440.
6440.
6440.
6440.
6440.
6440.
6440.
6440.
6440.
6440.
6440.
6440.
6440.
6440.
6440.
6440.
6440.
6440.
6440.
6440.
6440.
6440.
6440.
6440.
6440.
6440.
6440.
6440.
6440.
6440.
6440.
6440.
6440.
6440.
6440.
6440.
6440.
6440.
6440.
6440.
6440.
6440.
6440.
6440.
6440.
6440.
6440.
6440.
6440.
6440.
6440.
6440.
6440.
6440.
6440.
6440.
6440.
6440.
6440.
6440.
6440.
6440.
6440.
6440.
6440.
6440.
6440.
6440.
6440.
6440.
6440.
6440.
6440.
6440.
6440.
6440.
6440.
6440.
6440.
6440.
6440.
6440.
6440.
6440.
6440.
6440.
6440.
6440.
6440.
6440.
6440.
6440.
6440.
6440.
6440.
6440.
6440.
6440.
6440.
6440.
6440.
6440.
6440.
6440.
6440.
6440.
6440.
6440.
6440.
6440.
6440.
6440.
6440.
6440.
6440.
6440.
6440.
6440.
6440.
6440.
6440.
6440.
6440.
6440.
6440.
6440.
6440.
6440.
6440.
6440.
6440.
6440.
6440.
6440.
6440.
6440.
6440.
6440.
6440.
6440.
6440.
6440.
6440.
6440.
6440.
6440.
6440.
6440.
6440.
6440.
6440.
6440.
6440.
6440.
6440.
6440.
6440.
6440.
6440.
6440.
6440.
6440.
6440.
6440.
6440.
6440.
6439.
6439.
6442.
6444.
6447.
6452.
6455.
6458.
6461.
6463.
6465.
6465.
6466.
6467.
6467.
6468.
6468.
6469.
6471.
6471.
6471.
6473.
6473.
6474.
6476.
6477.
6478.
6479.
6481.
6482.
6484.
6485.
6486.
6488.
6491.
6494.
6495.
6498.
6500.
6502.
6505.
6507.
6510.
6514.
6517.
6519.
6522.
6526.
6529.
6532.
6536.
6540.
6544.
6548.
6552.
6556.
6560.
6565.
6569.
6573.
6578.
6581.
6585.
6590.
6595.
6598.
6601.
6602.
6601.
6600.
6596.
6595.
6594.
6592.
6594.
6594.
6595.
6597.
6600.
6601.
6603.
6605.
6607.
6607.
6609.
6609.
6610.
6611.
6612.
6613.
6614.
6614.
6615.
6615.
6615.
6615.
6614.
6614.
6614.
6614.
6614.
6612.
6613.
6612.
6611.
6610.
6609.
6607.
6606.
6603.
6602.
6601.
6599.
6598.
6595.
6593.
6591.
6589.
6587.
6585.
6582.
6580.
6576.
6574.
6571.
6568.
6566.
6563.
6559.
6557.
6554.
6550.
6548.
6544.
6542.
6538.
6534.
6532.
6529.
6525.
6522.
6520.
6517.
6514.
6511.
6508.
6505.
6502.
6499.
6497.
6494.
6491.
6488.
6485.
6483.
6481.
6478.
6476.
6473.
6471.
6470.
6468.
6465.
6463.
6462.
6461.
6458.
6457.
6456.
6453.
6454.
6453.
6451.
6450.
6448.
6448.
6447.
6447.
6446.
6445.
6444.
6443.
6443.
6443.
6443.
6443.
6443.
6443.
6442.
6443.
6443.
6444.
6444.
6445.
6445.
6445.
6445.
6445.
6447.
6448.
6448.
6449.
6450.
6452.
6453.
6454.
6455.
6458.
6459.
6460.
6461.
6464.
6466.
6468.
6470.
6473.
6475.
6478.
6480.
6482.
6485.
6488.
6491.
6495.
6497.
6500.
6502.
6507.
6509.
6513.
6516.
6520.
6524.
6528.
6532.
6537.
6540.
6544.
6549.
6554.
6558.
6560.
6561.
6561.
6560.
6558.
6555.
6553.
6552.
6552.
6554.
6555.
6557.
6558.
6560.
6562.
6564.
6565.
6567.
6569.
6570.
6572.
6573.
6574.
6574.
6575.
6577.
6577.
6578.
6578.
6578.
6579.
6579.
6580.
6580.
6580.
6580.
6580.
6579.
6579.
6578.
6577.
6577.
6577.
6577.
6576.
6574.
6573.
6572.
6570.
6570.
6569.
6567.
6564.
6563.
6562.
6560.
6559.
6556.
6555.
6552.
6550.
6549.
6546.
6543.
6540.
6539.
6536.
6533.
6530.
6527.
6525.
6522.
6519.
6516.
6513.
6510.
6509.
6508.
6509.
6511.
6516.
6521.
6527.
6532.
6536.
6538.
6542.
6541.
6543.
6542.
6543.
6544.
6544.
6544.
6544.
6545.
6545.
6545.
6545.
6545.
6546.
6547.
6546.
6546.
6546.
6548.
6548.
6548.
6549.
6549.
6550.
6551.
6551.
6553.
6554.
6555.
6556.
6558.
6559.
6561.
6561.
6563.
6565.
6567.
6569.
6572.
6574.
6576.
6578.
6581.
6583.
6587.
6590.
6591.
6595.
6598.
6602.
6604.
6608.
6612.
6616.
6618.
6623.
6627.
6631.
6636.
6638.
6641.
6643.
6642.
6640.
6637.
6634.
6631.
6629.
6629.
6629.
6630.
6632.
6633.
6635.
6636.
6638.
6638.
6639.
6640.
6641.
6642.
6643.
6643.
6644.
6644.
6644.
6644.
6645.
6644.
6644.
6643.
6644.
6642.
6642.
6642.
6641.
6641.
6639.
6639.
6638.
6637.
6635.
6633.
6631.
6629.
6628.
6627.
6625.
6622.
6620.
6619.
6616.
6614.
6612.
6610.
6607.
6603.
6601.
6597.
6595.
6592.
6590.
6587.
6584.
6581.
6578.
6575.
6573.
6570.
6566.
6563.
6561.
6557.
6554.
6552.
6549.
6546.
6542.
6539.
6536.
6534.
6530.
6528.
6526.
6523.
6519.
6518.
6515.
6512.
6511.
6508.
6506.
6503.
6502.
6500.
6497.
6495.
6494.
6492.
6490.
6488.
6487.
6484.
6484.
6482.
6480.
6480.
6478.
6477.
6477.
6474.
6474.
6473.
6472.
6472.
6471.
6471.
6470.
6469.
6470.
6469.
6468.
6469.
6468.
6468.
6469.
6468.
6467.
6467.
6468.
6469.
6468.
6468.
6470.
6470.
6471.
6471.
6471.
6472.
6473.
6474.
6474.
6476.
6478.
6479.
6480.
6482.
6483.
6485.
6487.
6488.
6490.
6491.
6493.
6496.
6497.
6499.
6501.
6503.
6506.
6509.
6511.
6515.
6517.
6520.
6522.
6525.
6529.
6532.
6535.
6539.
6542.
6546.
6550.
6554.
6559.
6561.
6566.
6569.
6573.
6579.
6584.
6587.
6591.
6596.
6600.
6603.
6606.
6607.
6606.
6606.
6604.
6601.
6600.
6600.
6601.
6600.
6602.
6604.
6604.
6607.
6608.
6610.
6611.
6613.
6615.
6616.
6617.
6618.
6619.
6619.
6620.
6620.
6622.
6622.
6623.
6623.
6623.
6623.
6623.
6623.
6623.
6623.
6622.
6621.
6621.
6620.
6619.
6619.
6618.
6617.
6616.
6614.
6613.
6611.
6610.
6607.
6607.
6605.
6602.
6600.
6598.
6596.
6593.
6591.
6589.
6586.
6584.
6581.
6579.
6576.
6572.
6570.
6566.
6563.
6560.
6557.
6554.
6551.
6549.
6545.
6543.
6539.
6536.
6533.
6530.
6528.
6525.
6521.
6519.
6516.
6514.
6509.
6507.
6504.
6502.
6499.
6497.
6495.
6492.
6490.
6487.
6484.
6483.
6479.
6479.
6476.
6473.
6472.
6471.
6468.
6467.
6465.
6464.
6463.
6462.
6460.
6459.
6458.
6456.
6454.
6453.
6452.
6452.
6451.
6451.
6450.
6449.
6448.
6449.
6448.
6447.
6447.
6447.
6447.
6446.
6446.
6446.
6446.
6446.
6445.
6446.
6446.
6448.
6447.
6447.
6448.
6449.
6449.
6449.
6451.
6453.
6452.
6453.
6455.
6456.
6456.
6457.
6458.
6460.
6462.
6463.
6464.
6467.
6468.
6470.
6472.
6473.
6476.
6478.
6479.
6482.
6484.
6487.
6489.
6492.
6494.
6498.
6499.
6503.
6506.
6510.
6513.
6516.
6520.
6523.
6527.
6530.
6534.
6538.
6542.
6546.
6551.
6555.
6559.
6563.
6567.
6572.
6578.
6582.
6585.
6588.
6589.
6589.
6588.
6586.
6584.
6583.
6583.
6583.
6584.
6585.
6587.
6589.
6592.
6593.
6595.
6596.
6598.
6600.
6601.
6603.
6603.
6605.
6605.
6606.
6606.
6608.
6608.
6609.
6610.
6610.
6609.
6610.
6610.
6610.
6610.
6609.
6610.
6608.
6609.
6607.
6607.
6606.
6604.
6605.
6602.
6602.
6600.
6599.
6597.
6596.
6594.
6592.
6591.
6588.
6587.
6584.
6581.
6579.
6577.
6575.
6572.
6570.
6567.
6564.
6562.
6559.
6556.
6553.
6550.
6547.
6545.
6541.
6538.
6536.
6531.
6530.
6527.
6523.
6520.
6518.
6514.
6511.
6509.
6505.
6503.
6500.
6497.
6495.
6491.
6490.
6486.
6485.
6482.
6480.
6478.
6476.
6473.
6471.
6470.
6467.
6465.
6463.
6461.
6460.
6457.
6457.
6455.
6454.
6453.
6451.
6450.
6448.
6448.
6447.
6446.
6445.
6444.
6444.
6443.
6442.
6442.
6442.
6441.
6440.
6441.
6440.
6440.
6439.
6439.
6440.
6439.
6439.
6439.
6441.
6442.
6441.
6440.
6441.
6442.
6442.
6443.
6444.
6445.
6445.
6447.
6446.
6449.
6450.
6451.
6452.
6454.
6454.
6456.
6458.
6460.
6461.
6463.
6464.
6466.
6468.
6470.
6472.
6475.
6477.
6480.
6482.
6485.
6487.
6489.
6494.
6497.
6499.
6502.
6506.
6510.
6513.
6516.
6520.
6524.
6528.
6531.
6535.
6539.
6543.
6548.
6552.
6556.
6560.
6565.
6570.
6574.
6577.
6582.
6585.
6586.
6587.
6586.
6583.
6582.
6581.
6581.
6582.
6582.
6584.
6585.
6588.
6590.
6592.
6594.
6596.
6597.
6598.
6600.
6601.
6603.
6605.
6606.
6606.
6607.
6607.
6608.
6609.
6608.
6609.
6610.
6609.
6610.
6610.
6610.
6608.
6609.
6609.
6608.
6607.
6606.
6606.
6605.
6604.
6602.
6602.
6600.
6599.
6597.
6596.
6594.
6592.
6590.
6589.
6586.
6584.
6582.
6579.
6578.
6575.
6572.
6570.
6568.
6565.
6563.
6559.
6557.
6554.
6551.
6548.
6546.
6543.
6539.
6536.
6533.
6531.
6528.
6524.
6522.
6519.
6517.
6514.
6511.
6509.
6505.
6503.
6500.
6498.
6495.
6492.
6490.
6488.
6485.
6483.
6481.
6478.
6476.
6475.
6473.
6471.
6469.
6467.
6466.
6464.
6463.
6461.
6458.
6458.
6457.
6456.
6455.
6454.
6453.
6452.
6451.
6450.
6450.
6449.
6448.
6448.
6448.
6447.
6447.
6447.
6446.
6447.
6447.
6448.
6448.
6448.
6447.
6449.
6449.
6449.
6450.
6450.
6451.
6452.
6452.
6455.
6455.
6457.
6457.
6458.
6460.
6461.
6462.
6464.
6466.
6467.
6470.
6471.
6472.
6474.
6477.
6479.
6481.
6484.
6487.
6489.
6492.
6495.
6498.
6501.
6504.
6507.
6510.
6514.
6517.
6521.
6525.
6528.
6531.
6535.
6540.
6544.
6547.
6552.
6556.
6560.
6564.
6569.
6574.
6578.
6583.
6587.
6591.
6597.
6601.
6604.
6606.
6606.
6606.
6603.
6601.
6600.
6599.
6599.
6600.
6602.
6603.
6604.
6607.
6608.
6610.
6611.
6613.
6615.
6617.
6618.
6618.
6620.
6621.
6621.
6621.
6623.
6623.
6623.
6624.
6624.
6624.
6625.
6625.
6625.
6625.
6624.
6623.
6623.
6623.
6621.
6620.
6619.
6618.
6617.
6617.
6615.
6613.
6611.
6610.
6607.
6606.
6604.
6602.
6599.
6598.
6595.
6592.
6590.
6589.
6585.
6582.
6580.
6577.
6575.
6571.
6568.
6565.
6562.
6559.
6557.
6553.
6550.
6545.
6543.
6540.
6537.
6535.
6532.
6530.
6526.
6522.
6520.
6516.
6514.
6512.
6508.
6505.
6503.
6501.
6498.
6495.
6492.
6490.
6487.
6485.
6483.
6480.
6479.
6477.
6476.
6473.
6472.
6470.
6468.
6466.
6465.
6464.
6462.
6461.
6459.
6458.
6457.
6457.
6455.
6454.
6454.
6453.
6453.
6452.
6451.
6451.
6450.
6450.
6449.
6449.
6449.
6449.
6450.
6449.
6449.
6450.
6450.
6450.
6451.
6451.
6451.
6452.
6453.
6453.
6455.
6456.
6456.
6458.
6459.
6460.
6459.
6461.
6463.
6465.
6466.
6467.
6469.
6471.
6472.
6474.
6476.
6479.
6481.
6483.
6485.
6487.
6490.
6493.
6495.
6498.
6501.
6504.
6507.
6510.
6514.
6517.
6521.
6524.
6528.
6532.
6536.
6539.
6544.
6548.
6552.
6556.
6560.
6565.
6569.
6574.
6577.
6583.
6587.
6591.
6596.
6600.
6603.
6604.
6604.
6602.
6599.
6597.
6593.
6591.
6592.
6592.
6592.
6593.
6595.
6597.
6597.
6599.
6600.
6602.
6603.
6604.
6606.
6605.
6606.
6606.
6606.
6606.
6606.
6607.
6607.
6606.
6606.
6606.
6605.
6606.
6605.
6602.
6603.
6602.
6602.
6599.
6598.
6597.
6596.
6594.
6592.
6592.
6589.
6587.
6586.
6582.
6580.
6578.
6576.
6573.
6571.
6567.
6566.
6563.
6560.
6557.
6554.
6551.
6549.
6546.
6543.
6541.
6538.
6533.
6531.
6528.
6525.
6522.
6519.
6515.
6513.
6510.
6507.
6504.
6501.
6499.
6496.
6493.
6490.
6487.
6484.
6483.
6479.
6477.
6476.
6472.
6471.
6469.
6467.
6464.
6462.
6462.
6460.
6459.
6457.
6455.
6452.
6452.
6451.
6450.
6449.
6449.
6447.
6447.
6446.
6445.
6445.
6445.
6444.
6444.
6444.
6444.
6443.
6443.
6443.
6444.
6444.
6444.
6444.
6445.
6445.
6446.
6447.
6447.
6448.
6449.
6450.
6450.
6451.
6452.
6454.
6454.
6456.
6458.
6459.
6461.
6462.
6464.
6466.
6468.
6470.
6473.
6474.
6476.
6479.
6482.
6484.
6487.
6489.
6492.
6495.
6498.
6500.
6504.
6507.
6511.
6514.
6517.
6521.
6525.
6528.
6532.
6536.
6540.
6544.
6548.
6552.
6557.
6561.
6566.
6570.
6574.
6579.
6583.
6588.
6592.
6596.
6598.
6600.
6599.
6597.
6594.
6592.
6591.
6590.
6590.
6592.
6593.
6594.
6596.
6598.
6600.
6600.
6603.
6604.
6605.
6607.
6607.
6609.
6609.
6610.
6610.
6611.
6611.
6611.
6611.
6610.
6610.
6611.
6612.
6611.
6610.
6609.
6609.
6608.
6608.
6607.
6605.
6604.
6602.
6601.
6599.
6599.
6596.
6597.
6594.
6592.
6590.
6587.
6585.
6584.
6581.
6578.
6575.
6574.
6570.
6568.
6565.
6562.
6559.
6556.
6553.
6550.
6547.
6544.
6541.
6538.
6534.
6531.
6529.
6525.
6522.
6519.
6516.
6512.
6509.
6506.
6503.
6500.
6497.
6495.
6492.
6490.
6488.
6484.
6482.
6479.
6476.
6474.
6471.
6469.
6467.
6466.
6463.
6462.
6460.
6458.
6455.
6455.
6454.
6452.
6451.
6450.
6448.
6448.
6446.
6446.
6444.
6444.
6443.
6442.
6442.
6441.
6442.
6441.
6441.
6441.
6441.
6441.
6441.
6441.
6442.
6442.
6442.
6443.
6444.
6444.
6444.
6445.
6447.
6447.
6447.
6448.
6450.
6452.
6452.
6454.
6455.
6458.
6458.
6459.
6462.
6464.
6466.
6468.
6470.
6472.
6474.
6477.
6479.
6482.
6485.
6487.
6490.
6493.
6497.
6500.
6502.
6506.
6510.
6513.
6516.
6521.
6525.
6527.
6531.
6535.
6540.
6543.
6547.
6553.
6557.
6561.
6565.
6570.
6575.
6578.
6582.
6585.
6585.
6584.
6583.
6580.
6580.
6579.
6579.
6581.
6583.
6585.
6587.
6589.
6590.
6592.
6594.
6596.
6597.
6600.
6602.
6602.
6602.
6604.
6606.
6607.
6607.
6608.
6610.
6610.
6610.
6611.
6612.
6612.
6610.
6611.
6611.
6612.
6610.
6610.
6610.
6608.
6607.
6607.
6606.
6605.
6604.
6603.
6601.
6599.
6597.
6596.
6594.
6592.
6590.
6588.
6585.
6584.
6582.
6579.
6577.
6574.
6571.
6569.
6567.
6564.
6560.
6558.
6554.
6552.
6549.
6546.
6542.
6540.
6536.
6533.
6530.
6527.
6524.
6521.
6518.
6515.
6512.
6508.
6506.
6503.
6501.
6498.
6494.
6491.
6489.
6486.
6483.
6481.
6478.
6476.
6473.
6472.
6470.
6466.
6464.
6462.
6461.
6459.
6459.
6455.
6454.
6452.
6451.
6450.
6447.
6446.
6445.
6444.
6442.
6441.
6440.
6440.
6438.
6437.
6436.
6437.
6436.
6434.
6435.
6434.
6434.
6434.
6434.
6433.
6432.
6433.
6433.
6434.
6434.
6434.
6434.
6434.
6436.
6435.
6435.
6436.
6438.
6439.
6438.
6439.
6441.
6441.
6442.
6444.
6445.
6446.
6447.
6449.
6450.
6451.
6454.
6456.
6458.
6459.
6461.
6464.
6467.
6468.
6470.
6474.
6476.
6479.
6481.
6484.
6488.
6491.
6494.
6498.
6501.
6504.
6508.
6511.
6515.
6519.
6522.
6527.
6530.
6534.
6537.
6542.
6547.
6552.
6556.
6558.
6560.
6561.
6559.
6559.
6558.
6558.
6557.
6558.
6559.
6560.
6564.
6566.
6568.
6570.
6571.
6574.
6575.
6577.
6579.
6581.
6582.
6584.
6585.
6586.
6587.
6588.
6589.
6590.
6591.
6592.
6593.