7850..
7850.
7852.
7852.
7851.
7851.
7851.
7852.
7852.
7852.
7852.
7852.
7852.
7851.
7851.
7851.
7851.
7850.
7849.
7848.
7847.
7847.
7845.
7844.
7844.
7843.
7841.
7840.
7838.
7837.
7836.
7834.
7833.
7832.
7830.
7828.
7825.
7824.
7822.
7819.
7818.
7816.
7813.
7811.
7809.
7807.
7804.
7801.
7798.
7797.
7794.
7791.
7789.
7785.
7783.
7779.
7776.
7773.
7770.
7767.
7763.
7761.
7757.
7753.
7750.
7747.
7743.
7741.
7737.
7734.
7732.
7733.
7736.
7742.
7748.
7756.
7763.
7767.
7771.
7773.
7777.
7780.
7783.
7784.
7784.
7782.
7782.
7782.
7782.
7780.
7780.
7779.
7779.
7779.
7778.
7778.
7778.
7778.
7777.
7776.
7775.
7775.
7774.
7775.
7775.
7774.
7774.
7775.
7773.
7774.
7774.
7774.
7774.
7774.
7776.
7774.
7775.
7775.
7776.
7776.
7777.
7777.
7777.
7777.
7778.
7780.
7780.
7781.
7782.
7783.
7784.
7786.
7787.
7789.
7789.
7791.
7793.
7795.
7797.
7799.
7800.
7803.
7805.
7808.
7810.
7814.
7816.
7819.
7821.
7824.
7827.
7830.
7833.
7837.
7841.
7843.
7847.
7851.
7853.
7858.
7861.
7865.
7868.
7869.
7868.
7865.
7861.
7856.
7852.
7848.
7846.
7847.
7847.
7849.
7852.
7855.
7857.
7859.
7860.
7860.
7860.
7861.
7862.
7862.
7863.
7862.
7864.
7863.
7863.
7865.
7864.
7863.
7864.
7863.
7863.
7863.
7863.
7862.
7862.
7861.
7861.
7860.
7860.
7859.
7857.
7858.
7857.
7856.
7855.
7853.
7852.
7851.
7850.
7849.
7848.
7846.
7845.
7843.
7841.
7840.
7838.
7836.
7835.
7833.
7830.
7828.
7827.
7824.
7822.
7820.
7818.
7816.
7813.
7811.
7808.
7805.
7802.
7801.
7798.
7796.
7792.
7790.
7787.
7785.
7781.
7778.
7774.
7772.
7768.
7765.
7763.
7759.
7756.
7753.
7750.
7747.
7745.
7741.
7738.
7735.
7731.
7728.
7724.
7721.
7718.
7717.
7719.
7721.
7725.
7730.
7736.
7742.
7747.
7750.
7753.
7755.
7755.
7755.
7755.
7755.
7753.
7753.
7753.
7752.
7751.
7750.
7749.
7749.
7748.
7746.
7746.
7745.
7744.
7744.
7742.
7742.
7740.
7740.
7738.
7738.
7738.
7738.
7736.
7735.
7734.
7734.
7733.
7733.
7733.
7733.
7731.
7730.
7730.
7729.
7729.
7727.
7728.
7726.
7727.
7727.
7725.
7725.
7725.
7725.
7725.
7725.
7724.
7724.
7724.
7725.
7725.
7724.
7723.
7724.
7723.
7723.
7724.
7724.
7724.
7725.
7724.
7726.
7726.
7726.
7726.
7728.
7727.
7727.
7728.
7729.
7729.
7729.
7731.
7730.
7732.
7732.
7733.
7735.
7736.
7737.
7738.
7740.
7741.
7742.
7744.
7746.
7748.
7749.
7752.
7754.
7757.
7757.
7760.
7763.
7765.
7768.
7770.
7774.
7776.
7780.
7783.
7786.
7789.
7792.
7795.
7799.
7803.
7806.
7809.
7814.
7818.
7822.
7826.
7831.
7833.
7836.
7836.
7835.
7833.
7829.
7826.
7822.
7820.
7819.
7820.
7822.
7823.
7825.
7828.
7829.
7830.
7830.
7830.
7831.
7832.
7833.
7833.
7833.
7833.
7833.
7832.
7833.
7833.
7833.
7832.
7831.
7832.
7832.
7831.
7829.
7829.
7828.
7828.
7828.
7826.
7825.
7825.
7823.
7822.
7820.
7819.
7818.
7817.
7814.
7814.
7811.
7810.
7808.
7806.
7805.
7803.
7801.
7799.
7796.
7795.
7793.
7791.
7789.
7786.
7784.
7781.
7778.
7776.
7773.
7771.
7768.
7765.
7762.
7759.
7756.
7753.
7750.
7748.
7745.
7741.
7738.
7734.
7732.
7729.
7726.
7723.
7719.
7716.
7712.
7709.
7706.
7704.
7703.
7703.
7706.
7711.
7717.
7723.
7730.
7734.
7740.
7745.
7748.
7749.
7749.
7749.
7748.
7747.
7747.
7745.
7746.
7744.
7743.
7741.
7741.
7740.
7739.
7739.
7738.
7736.
7736.
7736.
7736.
7737.
7737.
7737.
7739.
7739.
7740.
7741.
7742.
7742.
7742.
7743.
7745.
7745.
7745.
7746.
7747.
7747.
7749.
7750.
7751.
7754.
7755.
7756.
7757.
7758.
7760.
7761.
7764.
7765.
7767.
7768.
7771.
7774.
7776.
7779.
7781.
7784.
7787.
7790.
7793.
7797.
7799.
7801.
7805.
7810.
7813.
7816.
7820.
7823.
7826.
7831.
7835.
7839.
7843.
7847.
7851.
7855.
7859.
7863.
7868.
7872.
7876.
7881.
7885.
7887.
7887.
7885.
7881.
7876.
7872.
7867.
7865.
7864.
7864.
7864.
7866.
7869.
7870.
7872.
7872.
7873.
7873.
7874.
7874.
7874.
7874.
7874.
7874.
7873.
7874.
7873.
7872.
7872.
7872.
7871.
7871.
7869.
7868.
7868.
7867.
7866.
7864.
7863.
7862.
7859.
7858.
7857.
7856.
7854.
7852.
7850.
7848.
7847.
7844.
7842.
7842.
7838.
7836.
7834.
7832.
7829.
7826.
7824.
7821.
7819.
7816.
7813.
7811.
7809.
7805.
7802.
7799.
7796.
7792.
7789.
7787.
7783.
7781.
7776.
7774.
7770.
7766.
7763.
7761.
7756.
7753.
7749.
7746.
7742.
7739.
7735.
7732.
7728.
7726.
7722.
7719.
7718.
7718.
7720.
7725.
7730.
7735.
7740.
7745.
7748.
7751.
7753.
7753.
7754.
7753.
7752.
7753.
7752.
7750.
7747.
7747.
7747.
7745.
7745.
7745.
7744.
7742.
7741.
7740.
7740.
7739.
7737.
7736.
7736.
7734.
7734.
7732.
7732.
7731.
7731.
7730.
7729.
7728.
7727.
7726.
7726.
7726.
7725.
7724.
7723.
7723.
7722.
7721.
7721.
7720.
7720.
7718.
7719.
7719.
7718.
7718.
7718.
7717.
7716.
7716.
7716.
7715.
7716.
7714.
7715.
7714.
7714.
7715.
7714.
7715.
7714.
7715.
7715.
7716.
7716.
7716.
7716.
7714.
7715.
7716.
7717.
7717.
7717.
7717.
7717.
7718.
7718.
7719.
7719.
7719.
7719.
7720.
7721.
7721.
7722.
7723.
7724.
7724.
7726.
7727.
7728.
7729.
7730.
7732.
7733.
7734.
7735.
7738.
7740.
7739.
7742.
7744.
7746.
7748.
7750.
7751.
7754.
7757.
7758.
7762.
7764.
7766.
7770.
7774.
7777.
7780.
7783.
7787.
7791.
7793.
7797.
7802.
7805.
7809.
7815.
7818.
7821.
7822.
7822.
7821.
7818.
7816.
7813.
7812.
7813.
7813.
7816.
7819.
7821.
7821.
7824.
7826.
7827.
7828.
7828.
7830.
7830.
7831.
7832.
7831.
7832.
7833.
7834.
7834.
7834.
7834.
7834.
7834.
7835.
7835.
7834.
7833.
7833.
7833.
7833.
7832.
7831.
7830.
7829.
7829.
7828.
7827.
7826.
7825.
7823.
7822.
7820.
7819.
7818.
7816.
7814.
7812.
7811.
7810.
7808.
7805.
7804.
7801.
7800.
7797.
7794.
7792.
7791.
7789.
7785.
7783.
7780.
7779.
7775.
7772.
7769.
7767.
7764.
7760.
7758.
7755.
7752.
7749.
7746.
7742.
7740.
7736.
7733.
7731.
7728.
7724.
7723.
7724.
7726.
7731.
7736.
7741.
7746.
7750.
7754.
7756.
7759.
7760.
7759.
7759.
7759.
7759.
7758.
7759.
7758.
7757.
7757.
7756.
7755.
7755.
7754.
7755.
7753.
7752.
7752.
7752.
7751.
7751.
7750.
7750.
7750.
7749.
7749.
7749.
7748.
7748.
7747.
7747.
7747.
7746.
7747.
7745.
7746.
7747.
7746.
7747.
7746.
7746.
7747.
7747.
7747.
7747.
7748.
7749.
7749.
7749.
7750.
7751.
7751.
7752.
7753.
7754.
7755.
7756.
7757.
7758.
7760.
7761.
7762.
7765.
7766.
7767.
7768.
7770.
7772.
7774.
7776.
7778.
7781.
7782.
7785.
7788.
7791.
7793.
7795.
7799.
7802.
7805.
7809.
7813.
7815.
7819.
7821.
7826.
7830.
7833.
7836.
7841.
7845.
7846.
7844.
7841.
7838.
7834.
7833.
7831.
7832.
7834.
7835.
7838.
7840.
7843.
7845.
7846.
7847.
7848.
7849.
7851.
7852.
7852.
7852.
7853.
7853.
7854.
7854.
7855.
7855.
7856.
7856.
7856.
7856.
7857.
7856.
7855.
7854.
7854.
7854.
7854.
7854.
7853.
7853.
7852.
7852.
7851.
7849.
7849.
7848.
7847.
7846.
7845.
7844.
7842.
7841.
7839.
7837.
7835.
7835.
7832.
7831.
7830.
7829.
7826.
7824.
7822.
7819.
7816.
7816.
7814.
7811.
7809.
7806.
7804.
7802.
7799.
7796.
7793.
7791.
7789.
7786.
7783.
7780.
7778.
7774.
7771.
7768.
7765.
7762.
7760.
7756.
7752.
7749.
7745.
7741.
7738.
7735.
7733.
7728.
7725.
7723.
7718.
7715.
7712.
7709.
7707.
7707.
7709.
7711.
7716.
7722.
7727.
7731.
7735.
7737.
7739.
7742.
7742.
7743.
7743.
7743.
7742.
7741.
7741.
7741.
7740.
7741.
7739.
7739.
7739.
7739.
7738.
7738.
7737.
7736.
7736.
7736.
7736.
7735.
7733.
7734.
7734.
7733.
7733.
7733.
7733.
7732.
7733.
7733.
7732.
7732.
7733.
7733.
7733.
7733.
7734.
7734.
7734.
7734.
7735.
7736.
7736.
7737.
7738.
7738.
7739.
7741.
7742.
7743.
7744.
7745.
7747.
7747.
7749.
7750.
7752.
7753.
7755.
7757.
7759.
7761.
7763.
7764.
7768.
7772.
7773.
7777.
7779.
7781.
7785.
7789.
7791.
7794.
7798.
7801.
7804.
7809.
7812.
7815.
7819.
7823.
7826.
7831.
7835.
7838.
7842.
7847.
7851.
7855.
7858.
7863.
7868.
7870.
7872.
7872.
7872.
7870.
7867.
7864.
7862.
7861.
7862.
7864.
7866.
7867.
7868.
7869.
7871.
7872.
7872.
7873.
7873.
7875.
7875.
7874.
7874.
7874.
7874.
7874.
7874.
7873.
7872.
7871.
7871.
7870.
7870.
7869.
7868.
7867.
7866.
7865.
7865.
7863.
7862.
7860.
7859.
7857.
7857.
7855.
7852.
7851.
7849.
7847.
7845.
7843.
7841.
7839.
7838.
7835.
7833.
7830.
7828.
7824.
7823.
7820.
7818.
7816.
7813.
7809.
7806.
7803.
7801.
7798.
7795.
7792.
7789.
7786.
7783.
7779.
7777.
7773.
7770.
7765.
7764.
7760.
7756.
7755.
7749.
7745.
7743.
7740.
7736.
7733.
7730.
7727.
7724.
7720.
7717.
7715.
7714.
7715.
7718.
7724.
7730.
7735.
7740.
7744.
7747.
7749.
7750.
7751.
7751.
7748.
7748.
7749.
7748.
7746.
7745.
7745.
7746.
7745.
7743.
7744.
7743.
7741.
7741.
7739.
7738.
7738.
7738.
7737.
7735.
7735.
7735.
7734.
7733.
7733.
7732.
7732.
7731.
7732.
7730.
7730.
7730.
7731.
7730.
7729.
7729.
7729.
7730.
7730.
7730.
7729.
7730.
7731.
7731.
7731.
7731.
7731.
7731.
7732.
7733.
7733.
7733.
7734.
7735.
7737.
7737.
7737.
7739.
7740.
7741.
7743.
7745.
7745.
7747.
7749.
7751.
7753.
7754.
7756.
7758.
7760.
7762.
7764.
7767.
7770.
7773.
7775.
7778.
7780.
7784.
7785.
7789.
7792.
7795.
7798.
7803.
7806.
7810.
7813.
7818.
7822.
7824.
7828.
7832.
7837.
7840.
7844.
7849.
7853.
7857.
7860.
7859.
7858.
7856.
7852.
7850.
7846.
7844.
7843.
7843.
7845.
7848.
7849.
7850.
7851.
7852.
7851.
7853.
7853.
7853.
7854.
7853.
7853.
7853.
7853.
7853.
7852.
7853.
7852.
7851.
7850.
7850.
7849.
7849.
7848.
7846.
7845.
7846.
7842.
7842.
7841.
7839.
7838.
7836.
7835.
7833.
7830.
7829.
7827.
7826.
7823.
7822.
7821.
7818.
7815.
7813.
7811.
7808.
7806.
7804.
7800.
7798.
7795.
7793.
7789.
7788.
7786.
7781.
7778.
7775.
7772.
7770.
7767.
7764.
7760.
7757.
7754.
7751.
7748.
7745.
7742.
7739.
7735.
7733.
7729.
7726.
7722.
7720.
7716.
7712.
7709.
7706.
7704.
7705.
7707.
7711.
7715.
7720.
7726.
7731.
7735.
7737.
7739.
7740.
7740.
7742.
7741.
7741.
7741.
7740.
7740.
7740.
7737.
7738.
7737.
7737.
7735.
7735.
7734.
7734.
7733.
7734.
7733.
7732.
7732.
7731.
7731.
7730.
7729.
7729.
7729.
7729.
7728.
7728.
7729.
7728.
7727.
7728.
7727.
7727.
7727.
7728.
7727.
7727.
7728.
7728.
7728.
7728.
7729.
7730.
7731.
7732.
7733.
7733.
7734.
7734.
7735.
7737.
7738.
7739.
7740.
7740.
7742.
7744.
7745.
7747.
7749.
7750.
7753.
7754.
7756.
7758.
7760.
7763.
7766.
7768.
7770.
7773.
7776.
7778.
7782.
7784.
7788.
7791.
7794.
7797.
7801.
7803.
7808.
7811.
7815.
7819.
7823.
7828.
7831.
7834.
7838.
7842.
7845.
7847.
7847.
7845.
7842.
7838.
7836.
7833.
7832.
7833.
7834.
7835.
7837.
7839.
7840.
7841.
7841.
7841.
7841.
7842.
7843.
7844.
7844.
7843.
7843.
7844.
7844.
7842.
7842.
7842.
7841.
7841.
7841.
7839.
7839.
7837.
7837.
7836.
7835.
7833.
7832.
7831.
7830.
7828.
7826.
7826.
7824.
7822.
7821.
7819.
7817.
7814.
7812.
7811.
7809.
7808.
7804.
7802.
7799.
7796.
7795.
7792.
7790.
7786.
7785.
7781.
7778.
7775.
7773.
7770.
7767.
7764.
7761.
7759.
7755.
7752.
7748.
7745.
7743.
7739.
7736.
7733.
7729.
7726.
7723.
7719.
7717.
7712.
7710.
7706.
7705.
7706.
7709.
7712.
7716.
7722.
7727.
7731.
7736.
7739.
7742.
7743.
7743.
7744.
7743.
7743.
7742.
7742.
7742.
7741.
7739.
7740.
7740.
7740.
7738.
7737.
7737.
7737.
7737.
7736.
7735.
7736.
7735.
7734.
7734.
7733.
7734.
7733.
7733.
7733.
7733.
7733.
7733.
7733.
7733.
7733.
7734.
7734.
7734.
7734.
7734.
7735.
7736.
7736.
7738.
7738.
7739.
7740.
7741.
7741.
7743.
7744.
7745.
7747.
7748.
7750.
7752.
7753.
7755.
7757.
7758.
7761.
7763.
7765.
7767.
7769.
7772.
7776.
7778.
7781.
7784.
7787.
7790.
7793.
7796.
7800.
7803.
7805.
7810.
7814.
7818.
7820.
7824.
7828.
7831.
7836.
7840.
7845.
7848.
7852.
7856.
7859.
7864.
7868.
7872.
7877.
7880.
7883.
7888.
7892.
7896.
7901.
7903.
7905.
7905.
7905.
7903.
7900.
7898.
7896.
7893.
7892.
7892.
7892.
7893.
7894.
7895.
7895.
7895.
7896.
7896.
7895.
7895.
7894.
7894.
7895.
7894.
7893.
7892.
7892.
7891.
7889.
7888.
7888.
7888.
7886.
7885.
7883.
7882.
7881.
7880.
7878.
7877.
7876.
7874.
7872.
7872.
7868.
7866.
7865.
7863.
7860.
7859.
7857.
7853.
7851.
7850.
7847.
7843.
7841.
7839.
7837.
7834.
7832.
7829.
7826.
7823.
7821.
7818.
7816.
7812.
7808.
7806.
7804.
7800.
7797.
7793.
7790.
7787.
7784.
7781.
7776.
7773.
7770.
7767.
7763.
7759.
7756.
7752.
7749.
7746.
7741.
7738.
7735.
7732.
7728.
7725.
7721.
7719.
7718.
7720.
7723.
7728.
7733.
7737.
7745.
7751.
7755.
7758.
7760.
7761.
7762.
7762.
7762.
7761.
7760.
7760.
7760.
7760.
7760.
7759.
7758.
7758.
7758.
7758.
7756.
7757.
7756.
7756.
7756.
7755.
7755.
7755.
7755.
7755.
7754.
7755.
7754.
7755.
7755.
7755.
7755.
7755.
7756.
7756.
7756.
7756.
7758.
7759.
7759.
7758.
7760.
7761.
7762.
7762.
7763.
7765.
7766.
7766.
7768.
7769.
7770.
7772.
7775.
7777.
7778.
7780.
7782.
7784.
7787.
7789.
7791.
7794.
7796.
7798.
7802.
7805.
7807.
7811.
7814.
7817.
7820.
7824.
7827.
7829.
7833.
7838.
7842.
7845.
7847.
7851.
7856.
7859.
7863.
7867.
7870.
7876.
7880.
7884.
7888.
7891.
7894.
7893.
7892.
7890.
7886.
7882.
7880.
7879.
7879.
7879.
7881.
7883.
7883.
7884.
7886.
7888.
7888.
7886.
7887.
7887.
7888.
7887.
7887.
7887.
7886.
7885.
7883.
7883.
7883.
7882.
7881.
7880.
7880.
7879.
7878.
7877.
7875.
7874.
7873.
7871.
7870.
7869.
7867.
7865.
7862.
7861.
7858.
7857.
7856.
7853.
7851.
7849.
7847.
7844.
7842.
7840.
7837.
7834.
7832.
7829.
7827.
7824.
7821.
7819.
7815.
7813.
7810.
7807.
7803.
7800.
7798.
7795.
7790.
7789.
7784.
7781.
7778.
7777.
7772.
7768.
7765.
7762.
7759.
7756.
7752.
7749.
7745.
7741.
7739.
7735.
7732.
7728.
7724.
7721.
7718.
7714.
7712.
7710.
7711.
7714.
7718.
7723.
7729.
7734.
7740.
7745.
7749.
7752.
7754.
7754.
7754.
7754.
7754.
7754.
7753.
7753.
7752.
7751.
7753.
7751.
7750.
7750.
7750.
7749.
7749.
7749.
7749.
7748.
7748.
7747.
7748.
7748.
7748.
7748.
7747.
7746.
7747.
7746.
7748.
7746.
7748.
7748.
7748.
7748.
7748.
7749.
7749.
7749.
7750.
7750.
7752.
7753.
7753.
7755.
7755.
7757.
7757.
7758.
7761.
7762.
7763.
7764.
7765.
7768.
7768.
7771.
7773.
7775.
7777.
7779.
7782.
7783.
7786.
7789.
7792.
7794.
7798.
7799.
7802.
7806.
7807.
7811.
7814.
7817.
7821.
7824.
7828.
7831.
7834.
7837.
7841.
7845.
7849.
7852.
7856.
7860.
7864.
7868.
7873.
7877.
7880.
7883.
7888.
7892.
7896.
7901.
7904.
7908.
7911.
7915.
7918.
7920.
7921.
7921.
7919.
7917.
7915.
7913.
7912.
7911.
7912.
7912.
7913.
7914.
7914.
7914.
7915.
7917.
7916.
7915.
7916.
7915.
7914.
7914.
7914.
7915.
7913.
7912.
7911.
7910.
7910.
7909.
7908.
7908.
7906.
7905.
7905.
7903.
7902.
7901.
7900.
7897.
7896.
7895.
7893.
7891.
7889.
7887.
7886.
7884.
7883.
7880.
7878.
7875.
7874.
7872.
7870.
7868.
7865.
7863.
7861.
7858.
7856.
7854.
7851.
7849.
7846.
7844.
7841.
7838.
7836.
7833.
7830.
7827.
7824.
7821.
7818.
7814.
7812.
7809.
7805.
7803.
7799.
7796.
7792.
7788.
7785.
7782.
7778.
7776.
7773.
7768.
7766.
7763.
7759.
7757.
7753.
7754.
7755.
7758.
7763.
7767.
7772.
7778.
7781.
7783.
7785.
7787.
7788.
7789.
7789.
7789.
7788.
7787.
7788.
7786.
7787.
7786.
7786.
7787.
7786.
7786.
7786.
7786.
7786.
7785.
7785.
7785.
7785.
7784.
7782.
7783.
7783.
7784.
7783.
7783.
7784.
7784.
7783.
7783.
7784.
7784.
7785.
7785.
7786.
7787.
7787.
7787.
7789.
7788.
7790.
7789.
7790.
7792.
7792.
7794.
7794.
7796.
7798.
7799.
7800.
7803.
7803.
7805.
7807.
7809.
7811.
7814.
7816.
7818.
7819.
7822.
7825.
7828.
7831.
7833.
7836.
7840.
7842.
7846.
7849.
7852.
7855.
7859.
7863.
7866.
7870.
7873.
7877.
7879.
7879.
7878.
7875.
7871.
7866.
7862.
7860.
7858.
7858.
7859.
7860.
7862.
7863.