8488.
8487.
8487.
8485.
8485.
8484.
8484.
8483.
8482.
8481.
8481.
8480.
8479.
8479.
8477.
8477.
8476.
8476.
8475.
8473.
8473.
8472.
8471.
8469.
8468.
8468.
8467.
8466.
8465.
8464.
8463.
8462.
8462.
8460.
8460.
8459.
8457.
8456.
8456.
8454.
8453.
8452.
8451.
8451.
8449.
8448.
8447.
8446.
8446.
8444.
8443.
8443.
8442.
8440.
8438.
8437.
8437.
8435.
8435.
8433.
8431.
8431.
8429.
8428.
8427.
8426.
8424.
8423.
8421.
8420.
8419.
8417.
8415.
8414.
8412.
8411.
8409.
8408.
8406.
8405.
8402.
8402.
8399.
8397.
8395.
8394.
8391.
8390.
8387.
8385.
8383.
8380.
8378.
8375.
8373.
8371.
8368.
8366.
8362.
8360.
8357.
8354.
8352.
8349.
8345.
8342.
8339.
8336.
8331.
8328.
8325.
8321.
8317.
8314.
8310.
8306.
8301.
8298.
8293.
8290.
8286.
8281.
8276.
8272.
8268.
8263.
8259.
8254.
8251.
8248.
8246.
8247.
8250.
8255.
8262.
8268.
8273.
8278.
8282.
8286.
8289.
8291.
8293.
8295.
8295.
8295.
8294.
8294.
8293.
8291.
8291.
8291.
8291.
8291.
8290.
8289.
8289.
8289.
8289.
8288.
8288.
8287.
8288.
8287.
8286.
8286.
8286.
8287.
8288.
8287.
8287.
8288.
8288.
8289.
8289.
8291.
8292.
8292.
8293.
8294.
8295.
8295.
8298.
8300.
8301.
8302.
8304.
8306.
8308.
8309.
8311.
8314.
8316.
8318.
8320.
8323.
8325.
8328.
8331.
8334.
8336.
8340.
8343.
8347.
8350.
8352.
8356.
8359.
8361.
8366.
8370.
8373.
8377.
8380.
8383.
8387.
8392.
8395.
8398.
8402.
8405.
8408.
8412.
8417.
8419.
8423.
8428.
8431.
8437.
8439.
8442.
8446.
8448.
8451.
8455.
8458.
8461.
8464.
8467.
8468.
8470.
8472.
8475.
8476.
8476.
8478.
8480.
8480.
8482.
8483.
8484.
8485.
8485.
8485.
8485.
8486.
8486.
8485.
8485.
8485.
8484.
8484.
8484.
8482.
8482.
8481.
8481.
8480.
8480.
8478.
8477.
8476.
8475.
8474.
8471.
8470.
8469.
8467.
8465.
8464.
8463.
8461.
8459.
8457.
8456.
8453.
8452.
8450.
8449.
8447.
8444.
8443.
8439.
8437.
8435.
8433.
8431.
8428.
8426.
8424.
8420.
8417.
8415.
8413.
8410.
8408.
8404.
8401.
8398.
8396.
8393.
8388.
8386.
8383.
8380.
8377.
8374.
8369.
8366.
8363.
8359.
8356.
8352.
8348.
8344.
8340.
8336.
8332.
8327.
8324.
8319.
8315.
8310.
8306.
8303.
8302.
8302.
8304.
8308.
8313.
8316.
8320.
8323.
8327.
8329.
8331.
8332.
8333.
8334.
8333.
8332.
8331.
8331.
8330.
8328.
8328.
8327.
8326.
8327.
8325.
8324.
8323.
8323.
8323.
8322.
8322.
8321.
8321.
8320.
8320.
8320.
8320.
8319.
8320.
8320.
8320.
8321.
8320.
8320.
8320.
8319.
8319.
8320.
8321.
8321.
8320.
8321.
8321.
8321.
8322.
8324.
8324.
8324.
8325.
8326.
8329.
8330.
8330.
8332.
8334.
8336.
8337.
8337.
8340.
8342.
8344.
8347.
8349.
8351.
8353.
8356.
8358.
8361.
8364.
8367.
8370.
8373.
8374.
8373.
8369.
8364.
8359.
8352.
8348.
8345.
8344.
8343.
8346.
8347.
8349.
8350.
8351.
8351.
8350.
8351.
8352.
8351.
8351.
8351.
8352.
8352.
8350.
8350.
8349.
8348.
8347.
8346.
8345.
8344.
8342.
8341.
8340.
8339.
8337.
8335.
8333.
8331.
8329.
8327.
8326.
8324.
8322.
8320.
8317.
8315.
8312.
8309.
8306.
8304.
8301.
8298.
8294.
8291.
8289.
8286.
8282.
8279.
8275.
8271.
8268.
8265.
8262.
8258.
8254.
8250.
8246.
8241.
8238.
8234.
8230.
8225.
8222.
8217.
8213.
8211.
8210.
8211.
8214.
8218.
8225.
8230.
8237.
8242.
8247.
8252.
8253.
8253.
8254.
8253.
8253.
8252.
8251.
8251.
8250.
8250.
8249.
8248.
8247.
8247.
8247.
8247.
8246.
8246.
8246.
8246.
8245.
8246.
8247.
8247.
8246.
8246.
8247.
8248.
8248.
8248.
8250.
8251.
8252.
8253.
8255.
8255.
8256.
8257.
8259.
8261.
8263.
8264.
8266.
8269.
8271.
8274.
8276.
8278.
8281.
8284.
8287.
8290.
8291.
8295.
8299.
8302.
8304.
8308.
8312.
8315.
8318.
8322.
8326.
8329.
8333.
8338.
8340.
8345.
8348.
8352.
8356.
8360.
8363.
8368.
8372.
8375.
8379.
8382.
8387.
8390.
8394.
8398.
8402.
8404.
8408.
8412.
8414.
8416.
8419.
8421.
8425.
8426.
8427.
8430.
8432.
8433.
8434.
8436.
8436.
8438.
8438.
8438.
8438.
8438.
8439.
8439.
8440.
8439.
8438.
8438.
8438.
8438.
8437.
8436.
8435.
8434.
8433.
8431.
8430.
8430.
8429.
8427.
8426.
8423.
8422.
8421.
8419.
8417.
8415.
8413.
8412.
8410.
8407.
8405.
8404.
8401.
8399.
8396.
8394.
8391.
8388.
8386.
8383.
8381.
8379.
8376.
8373.
8371.
8368.
8365.
8361.
8359.
8355.
8351.
8349.
8347.
8342.
8339.
8336.
8333.
8328.
8326.
8322.
8319.
8315.
8311.
8308.
8304.
8300.
8296.
8292.
8289.
8285.
8281.
8275.
8271.
8267.
8265.
8264.
8266.
8267.
8270.
8273.
8276.
8280.
8282.
8285.
8286.
8287.
8286.
8286.
8285.
8283.
8282.
8281.
8280.
8280.
8278.
8277.
8275.
8274.
8274.
8272.
8271.
8269.
8269.
8269.
8268.
8267.
8266.
8265.
8265.
8263.
8263.
8263.
8262.
8261.
8259.
8260.
8261.
8260.
8259.
8259.
8259.
8258.
8259.
8258.
8258.
8258.
8258.
8259.
8259.
8259.
8259.
8259.
8260.
8260.
8260.
8262.
8261.
8262.
8262.
8263.
8264.
8264.
8266.
8268.
8269.
8269.
8269.
8271.
8273.
8273.
8275.
8276.
8278.
8279.
8281.
8283.
8285.
8285.
8288.
8290.
8291.
8292.
8296.
8299.
8300.
8301.
8305.
8308.
8310.
8312.
8316.
8318.
8322.
8324.
8327.
8329.
8333.
8337.
8340.
8344.
8347.
8350.
8354.
8357.
8361.
8363.
8368.
8372.
8375.
8378.
8381.
8385.
8389.
8392.
8396.
8400.
8404.
8407.
8410.
8414.
8417.
8420.
8424.
8427.
8430.
8433.
8436.
8438.
8440.
8442.
8445.
8446.
8448.
8450.
8452.
8453.
8454.
8455.
8456.
8458.
8458.
8458.
8459.
8459.
8459.
8459.
8461.
8460.
8459.
8460.
8459.
8459.
8458.
8458.
8457.
8456.
8457.
8456.
8454.
8453.
8454.
8453.
8451.
8450.
8449.
8447.
8447.
8444.
8443.
8441.
8439.
8438.
8437.
8435.
8433.
8432.
8429.
8428.
8426.
8424.
8421.
8418.
8417.
8415.
8413.
8411.
8408.
8405.
8404.
8402.
8398.
8395.
8393.
8390.
8387.
8386.
8382.
8378.
8376.
8374.
8371.
8367.
8363.
8361.
8358.
8355.
8351.
8348.
8345.
8341.
8338.
8333.
8330.
8327.
8323.
8319.
8315.
8311.
8306.
8303.
8298.
8294.
8290.
8286.
8283.
8282.
8283.
8286.
8289.
8292.
8296.
8300.
8303.
8304.
8304.
8305.
8306.
8305.
8304.
8303.
8302.
8300.
8299.
8298.
8297.
8295.
8294.
8293.
8292.
8291.
8291.
8290.
8289.
8288.
8286.
8286.
8284.
8284.
8283.
8283.
8282.
8281.
8280.
8279.
8279.
8278.
8279.
8278.
8278.
8278.
8277.
8277.
8277.
8276.
8277.
8277.
8277.
8278.
8276.
8278.
8278.
8279.
8279.
8280.
8280.
8281.
8282.
8283.
8283.
8283.
8285.
8287.
8288.
8287.
8290.
8291.
8293.
8294.
8296.
8298.
8299.
8301.
8303.
8306.
8307.
8308.
8311.
8314.
8317.
8319.
8321.
8324.
8326.
8329.
8333.
8336.
8338.
8342.
8344.
8349.
8352.
8355.
8359.
8363.
8365.
8368.
8373.
8377.
8380.
8383.
8387.
8392.
8396.
8398.
8402.
8407.
8410.
8413.
8417.
8422.
8425.
8427.
8431.
8435.
8437.
8439.
8440.
8438.
8436.
8433.
8429.
8426.
8425.
8424.
8425.
8425.
8425.
8426.
8425.
8425.
8424.
8424.
8423.
8422.
8421.
8420.
8419.
8419.
8418.
8416.
8415.
8414.
8412.
8410.
8408.
8406.
8405.
8402.
8400.
8399.
8396.
8394.
8392.
8390.
8388.
8385.
8382.
8380.
8378.
8376.
8372.
8369.
8367.
8363.
8361.
8357.
8355.
8351.
8348.
8344.
8342.
8338.
8335.
8332.
8328.
8324.
8321.
8317.
8314.
8310.
8306.
8302.
8298.
8295.
8291.
8286.
8282.
8278.
8273.
8270.
8265.
8262.
8257.
8254.
8252.
8251.
8253.
8256.
8259.
8266.
8271.
8275.
8280.
8284.
8287.
8287.
8289.
8289.
8290.
8289.
8289.
8289.
8288.
8287.
8286.
8285.
8285.
8286.
8285.
8285.
8285.
8283.
8283.
8283.
8284.
8283.
8282.
8282.
8283.
8283.
8284.
8283.
8284.
8285.
8284.
8285.
8286.
8287.
8287.
8288.
8289.
8291.
8292.
8293.
8295.
8297.
8299.
8300.
8302.
8306.
8307.
8309.
8311.
8314.
8317.
8319.
8322.
8324.
8327.
8330.
8333.
8336.
8339.
8342.
8346.
8349.
8352.
8357.
8359.
8363.
8366.
8370.
8374.
8378.
8382.
8385.
8389.
8394.
8398.
8401.
8405.
8409.
8412.
8416.
8420.
8424.
8427.
8431.
8434.
8437.
8441.
8443.
8446.
8448.
8451.
8453.
8456.
8457.
8459.
8460.
8463.
8464.
8465.
8466.
8466.
8468.
8467.
8469.
8468.
8469.
8469.
8469.
8469.
8468.
8468.
8468.
8467.
8467.
8466.
8465.
8463.
8463.
8463.
8462.
8459.
8459.
8456.
8456.
8454.
8451.
8450.
8448.
8446.
8445.
8443.
8440.
8439.
8437.
8435.
8433.
8432.
8428.
8426.
8423.
8421.
8418.
8416.
8414.
8411.
8408.
8405.
8402.
8399.
8397.
8393.
8391.
8388.
8384.
8381.
8379.
8375.
8372.
8369.
8365.
8362.
8359.
8356.
8352.
8350.
8346.
8342.
8339.
8335.
8330.
8327.
8323.
8319.
8315.
8311.
8306.
8304.
8299.
8294.
8290.
8286.
8281.
8278.
8273.
8269.
8264.
8260.
8255.
8251.
8247.
8244.
8242.
8241.
8243.
8246.
8251.
8255.
8259.
8260.
8263.
8266.
8268.
8267.
8267.
8268.
8268.
8267.
8264.
8264.
8263.
8262.
8261.
8261.
8260.
8258.
8258.
8257.
8256.
8256.
8255.
8254.
8254.
8254.
8251.
8252.
8251.
8251.
8251.
8250.
8251.
8250.
8250.
8249.
8250.
8251.
8251.
8251.
8252.
8252.
8252.
8253.
8255.
8255.
8255.
8257.
8257.
8258.
8260.
8262.
8263.
8265.
8265.
8267.
8270.
8272.
8275.
8277.
8279.
8281.
8283.
8287.
8289.
8291.
8294.
8298.
8301.
8304.
8307.
8311.
8313.
8317.
8320.
8324.
8327.
8331.
8334.
8338.
8342.
8345.
8349.
8353.
8357.
8360.
8365.
8369.
8372.
8377.
8379.
8383.
8387.
8391.
8395.
8398.
8403.
8405.
8408.
8412.
8415.
8417.
8419.
8422.
8425.
8426.
8429.
8431.
8432.
8433.
8435.
8436.
8436.
8437.
8438.
8438.
8440.
8441.
8440.
8440.
8440.
8440.
8439.
8439.
8439.
8439.
8437.
8437.
8436.
8436.
8434.
8434.
8433.
8431.
8430.
8428.
8428.
8425.
8424.
8423.
8420.
8419.
8417.
8415.
8413.
8412.
8408.
8407.
8405.
8403.
8400.
8398.
8395.
8393.
8389.
8387.
8384.
8381.
8379.
8377.
8375.
8371.
8367.
8365.
8363.
8359.
8356.
8353.
8350.
8347.
8343.
8339.
8337.
8333.
8329.
8325.
8322.
8319.
8315.
8311.
8307.
8305.
8300.
8295.
8292.
8289.
8285.
8282.
8277.
8274.
8273.
8274.
8276.
8278.
8281.
8284.
8286.
8288.
8290.
8293.
8295.
8297.
8298.
8297.
8297.
8295.
8294.
8294.
8294.
8293.
8292.
8291.
8291.
8290.
8289.
8289.
8288.
8289.
8288.
8287.
8287.
8287.
8286.
8286.
8286.
8286.
8287.
8287.
8286.
8287.
8287.
8288.
8289.
8289.
8290.
8291.
8291.
8292.
8292.
8295.
8296.
8297.
8299.
8300.
8303.
8304.
8306.
8309.
8311.
8312.
8315.
8316.
8320.
8323.
8325.
8329.
8332.
8334.
8337.
8341.
8344.
8347.
8349.
8353.
8357.
8361.
8365.
8369.
8372.
8376.
8379.
8384.
8387.
8391.
8396.
8400.
8404.
8407.
8410.
8414.
8418.
8421.
8423.
8421.
8419.
8415.
8411.
8407.
8405.
8403.
8402.
8403.
8404.
8404.
8404.
8404.
8405.
8404.
8403.
8404.
8402.
8401.
8400.
8399.
8398.
8396.
8395.
8394.
8392.
8390.
8389.
8387.
8385.
8384.
8381.
8379.
8377.
8375.
8373.
8369.
8368.
8365.
8362.
8360.
8357.
8354.
8352.
8348.
8345.
8343.
8339.
8336.
8333.
8331.
8327.
8325.
8320.
8316.
8313.
8309.
8306.
8302.
8299.
8294.
8291.
8288.
8284.
8281.
8276.
8272.
8267.
8263.
8260.
8256.
8252.
8248.
8245.
8243.
8244.
8248.
8251.
8256.
8261.
8266.
8270.
8273.
8276.
8278.
8278.
8279.
8279.
8278.
8277.
8276.
8276.
8275.
8273.
8273.
8273.
8271.
8272.
8271.
8270.
8270.
8269.
8268.
8268.
8268.
8268.
8267.
8267.
8268.
8267.
8268.
8267.
8269.
8268.
8270.
8269.
8270.
8271.
8272.
8273.
8273.
8275.
8275.
8276.
8278.
8280.
8282.
8283.
8284.
8287.
8289.
8290.
8293.
8295.
8298.
8299.
8303.
8305.
8308.
8311.
8314.
8317.
8321.
8323.
8326.
8330.
8333.
8338.
8340.
8345.
8348.
8351.
8354.
8359.
8363.
8366.
8370.
8375.
8379.
8382.
8386.
8390.
8393.
8397.
8402.
8406.
8409.
8413.
8417.
8421.
8424.
8428.
8431.
8436.
8438.
8439.
8442.
8445.
8448.
8450.
8452.
8453.
8455.
8456.
8458.
8459.
8461.
8461.
8462.
8463.
8463.
8462.
8463.
8464.
8462.
8463.
8462.
8462.
8462.
8462.
8461.
8461.
8459.
8458.
8457.
8457.
8454.
8453.
8453.
8451.
8451.
8448.
8446.
8445.
8443.
8442.
8440.
8438.
8436.
8435.
8432.
8430.
8429.
8426.
8425.
8422.
8419.
8417.
8415.
8413.
8410.
8408.
8405.
8402.
8400.
8398.
8395.
8392.
8389.
8385.
8383.
8380.
8379.
8375.
8371.
8369.
8366.
8362.
8359.
8356.
8353.
8349.
8347.
8343.
8339.
8336.
8332.
8329.
8326.
8321.
8318.
8315.
8310.
8307.
8303.
8298.
8293.
8290.
8286.
8282.
8278.
8275.
8272.
8271.
8270.
8272.
8276.
8280.
8284.
8289.
8294.
8296.
8297.
8301.
8302.
8303.
8304.
8304.
8303.
8301.
8301.
8301.
8300.
8299.
8299.
8298.
8298.
8298.
8298.
8298.
8297.
8296.
8297.
8297.
8297.
8297.
8297.
8297.
8297.
8298.
8298.
8298.
8297.
8299.
8300.
8300.
8301.
8302.
8303.
8304.
8305.
8307.
8307.
8308.
8310.
8312.
8314.
8315.
8317.
8320.
8321.
8324.
8326.
8329.
8332.
8334.
8337.
8340.
8342.
8345.
8348.
8351.
8354.
8357.
8361.
8365.
8367.
8369.
8373.
8378.
8382.
8385.
8388.
8393.
8396.
8399.
8403.
8407.
8410.
8413.
8418.
8422.
8425.
8429.
8432.
8436.
8438.
8441.
8445.
8448.
8450.
8454.
8457.
8460.
8462.
8463.
8465.
8467.
8469.
8470.
8472.
8472.
8473.
8474.
8475.
8477.
8476.
8477.
8478.
8477.
8479.
8477.
8478.
8477.
8477.
8477.
8477.
8476.
8475.
8475.
8474.
8473.
8473.
8472.
8471.
8470.
8470.
8468.
8467.
8465.
8464.
8463.
8460.
8459.
8457.
8456.
8455.
8452.
8450.
8448.
8447.
8444.
8442.
8440.
8438.
8436.
8434.
8431.
8429.
8427.
8424.
8422.
8420.
8416.
8414.
8411.
8409.
8406.
8404.
8400.
8398.
8394.
8392.
8389.
8386.
8382.
8380.
8377.
8373.
8371.
8368.
8363.
8360.
8356.
8352.
8350.
8345.
8342.
8338.
8333.
8329.
8325.
8321.
8318.
8314.
8308.
8305.
8300.
8296.
8293.
8291.
8289.
8292.
8295.
8299.
8302.
8304.
8309.
8311.
8314.
8315.
8315.
8315.
8315.
8315.
8313.
8311.
8310.
8309.
8308.
8307.
8307.
8306.
8304.
8303.
8302.
8300.
8301.
8300.
8298.
8297.
8296.
8295.
8295.
8295.
8294.
8293.
8292.
8291.
8291.
8289.
8290.
8290.
8288.
8288.
8286.
8287.
8285.
8285.
8285.
8285.
8284.
8285.
8285.
8284.
8284.
8283.
8283.
8284.
8284.
8284.
8283.
8285.
8284.
8284.
8284.
8284.
8285.
8286.
8285.
8284.
8285.
8285.
8285.
8286.
8287.
8286.
8286.
8287.
8287.
8288.
8288.
8289.
8289.
8288.
8289.
8289.
8290.
8291.
8291.
8291.
8292.
8291.
8292.
8293.
8292.
8293.
8293.
8295.
8294.
8295.
8294.
8295.
8295.
8296.
8296.
8296.
8298.
8298.
8298.
8299.
8301.
8301.
8301.
8302.
8303.
8304.
8305.
8305.
8305.
8306.
8307.
8308.
8310.
8311.
8312.
8313.
8314.
8315.
8317.
8318.
8320.
8320.
8321.
8324.
8325.
8327.
8328.
8330.
8333.
8335.
8337.
8339.
8341.
8343.
8346.
8348.
8351.
8352.
8354.
8355.
8352.
8350.
8345.
8341.
8337.
8334.
8333.
8333.
8334.
8335.
8335.
8336.
8337.
8337.
8336.
8336.
8337.
8336.
8336.
8336.
8334.
8336.
8334.
8333.
8333.
8332.
8331.
8331.
8331.
8329.
8327.
8326.
8325.
8324.
8323.
8321.
8319.
8319.
8317.
8315.
8313.
8311.
8310.
8308.
8305.
8303.
8301.
8300.
8297.
8294.
8292.
8289.
8287.
8284.
8282.
8278.
8276.
8273.
8269.
8267.
8264.
8261.
8257.
8254.
8251.
8247.
8243.
8240.
8236.
8232.
8230.
8225.
8223.
8220.
8218.
8217.
8219.
8223.
8231.
8236.
8243.
8250.
8255.
8260.
8263.
8265.
8266.
8269.
8270.
8271.
8270.
8270.
8270.
8270.
8270.
8269.
8270.
8270.
8271.
8270.
8270.
8270.
8271.
8272.
8274.
8274.
8274.
8275.
8277.
8276.
8277.
8278.
8278.
8280.
8281.
8283.
8284.
8286.
8288.
8290.
8292.
8293.
8295.
8298.
8301.
8303.
8305.
8308.
8311.
8314.
8316.
8319.
8323.
8325.
8328.
8331.
8334.
8339.
8341.
8344.
8348.
8351.
8355.
8359.
8363.
8366.
8370.
8373.
8377.
8381.
8384.
8389.
8393.
8397.
8400.
8404.
8408.
8412.
8415.
8419.
8423.
8425.
8428.
8432.
8434.
8436.
8438.
8441.
8444.
8445.
8448.
8450.
8450.
8452.
8453.
8454.
8455.
8456.
8456.
8457.
8457.
8457.
8457.
8457.
8457.
8457.
8456.
8457.
8456.
8456.
8455.
8454.
8453.
8452.
8451.
8451.
8449.
8448.
8447.
8445.
8445.
8443.
8441.
8440.
8438.
8435.
8434.
8432.
8431.
8429.
8427.
8425.
8423.
8421.
8419.
8416.
8413.