7214.
7214.
7214.
7213.
7214.
7214.
7215.
7215.
7215.
7215.
7216.
7215.
7216.
7217.
7217.
7218.
7219.
7219.
7221.
7221.
7222.
7224.
7225.
7226.
7228.
7230.
7233.
7233.
7234.
7237.
7239.
7242.
7245.
7248.
7251.
7253.
7255.
7259.
7262.
7264.
7267.
7268.
7268.
7265.
7260.
7255.
7249.
7244.
7242.
7241.
7243.
7244.
7247.
7249.
7250.
7252.
7254.
7254.
7256.
7256.
7257.
7258.
7260.
7260.
7261.
7261.
7263.
7262.
7263.
7263.
7263.
7264.
7264.
7264.
7265.
7264.
7264.
7264.
7265.
7264.
7264.
7263.
7264.
7263.
7263.
7262.
7263.
7262.
7261.
7261.
7260.
7259.
7259.
7258.
7257.
7256.
7255.
7253.
7253.
7251.
7250.
7248.
7247.
7246.
7245.
7242.
7241.
7239.
7237.
7234.
7234.
7232.
7230.
7227.
7225.
7223.
7221.
7218.
7215.
7213.
7211.
7208.
7205.
7202.
7200.
7197.
7194.
7192.
7189.
7185.
7182.
7180.
7177.
7173.
7171.
7168.
7164.
7161.
7158.
7155.
7152.
7149.
7146.
7145.
7145.
7146.
7150.
7155.
7160.
7165.
7171.
7175.
7179.
7182.
7184.
7186.
7186.
7186.
7186.
7186.
7186.
7185.
7185.
7184.
7184.
7183.
7182.
7182.
7183.
7182.
7181.
7182.
7181.
7180.
7179.
7178.
7178.
7178.
7177.
7176.
7177.
7176.
7176.
7176.
7175.
7175.
7176.
7174.
7175.
7174.
7174.
7174.
7175.
7176.
7175.
7176.
7176.
7175.
7176.
7177.
7177.
7178.
7178.
7179.
7180.
7181.
7180.
7181.
7183.
7184.
7185.
7186.
7187.
7189.
7192.
7192.
7194.
7195.
7198.
7199.
7201.
7204.
7207.
7209.
7211.
7213.
7217.
7220.
7222.
7225.
7229.
7232.
7234.
7234.
7234.
7231.
7228.
7225.
7221.
7221.
7221.
7224.
7227.
7229.
7230.
7233.
7235.
7236.
7238.
7240.
7242.
7243.
7244.
7246.
7247.
7248.
7249.
7249.
7253.
7252.
7255.
7255.
7257.
7257.
7258.
7260.
7261.
7261.
7262.
7263.
7264.
7265.
7265.
7265.
7267.
7266.
7267.
7267.
7268.
7268.
7269.
7269.
7270.
7269.
7270.
7270.
7269.
7269.
7270.
7270.
7269.
7269.
7270.
7268.
7268.
7269.
7267.
7266.
7266.
7266.
7265.
7265.
7264.
7262.
7262.
7262.
7260.
7258.
7257.
7255.
7254.
7252.
7251.
7250.
7248.
7247.
7245.
7242.
7240.
7238.
7236.
7233.
7231.
7229.
7226.
7225.
7222.
7219.
7216.
7213.
7210.
7207.
7205.
7202.
7198.
7195.
7193.
7190.
7186.
7184.
7181.
7178.
7175.
7173.
7170.
7169.
7171.
7172.
7175.
7180.
7184.
7188.
7192.
7195.
7197.
7199.
7200.
7201.
7200.
7200.
7200.
7198.
7198.
7197.
7197.
7195.
7194.
7194.
7194.
7193.
7192.
7190.
7191.
7189.
7188.
7187.
7186.
7184.
7184.
7184.
7182.
7180.
7179.
7178.
7178.
7176.
7176.
7175.
7173.
7173.
7172.
7171.
7168.
7169.
7166.
7165.
7164.
7162.
7160.
7160.
7159.
7157.
7155.
7153.
7152.
7150.
7149.
7146.
7145.
7143.
7140.
7138.
7137.
7135.
7133.
7130.
7127.
7125.
7123.
7122.
7122.
7123.
7128.
7134.
7141.
7147.
7152.
7157.
7160.
7164.
7165.
7166.
7167.
7168.
7167.
7167.
7168.
7167.
7167.
7167.
7166.
7166.
7166.
7167.
7166.
7166.
7167.
7167.
7166.
7166.
7167.
7167.
7167.
7168.
7168.
7168.
7169.
7169.
7170.
7171.
7171.
7172.
7173.
7173.
7174.
7176.
7177.
7178.
7180.
7180.
7182.
7184.
7187.
7188.
7190.
7192.
7194.
7197.
7200.
7201.
7205.
7208.
7211.
7213.
7216.
7219.
7223.
7225.
7229.
7234.
7235.
7240.
7243.
7246.
7248.
7248.
7246.
7244.
7239.
7236.
7235.
7234.
7234.
7235.
7237.
7241.
7244.
7246.
7248.
7250.
7252.
7253.
7254.
7257.
7258.
7259.
7260.
7261.
7262.
7264.
7265.
7266.
7267.
7268.
7268.
7269.
7269.
7269.
7270.
7273.
7273.
7273.
7274.
7274.
7274.
7274.
7275.
7274.
7274.
7275.
7275.
7276.
7275.
7275.
7274.
7275.
7273.
7274.
7274.
7272.
7271.
7271.
7270.
7270.
7269.
7267.
7266.
7265.
7264.
7264.
7262.
7259.
7258.
7256.
7254.
7253.
7252.
7249.
7247.
7245.
7243.
7241.
7239.
7236.
7233.
7232.
7230.
7227.
7223.
7221.
7218.
7215.
7212.
7209.
7207.
7204.
7202.
7198.
7195.
7191.
7188.
7185.
7182.
7179.
7179.
7178.
7178.
7181.
7185.
7190.
7195.
7198.
7201.
7205.
7207.
7210.
7211.
7212.
7214.
7213.
7213.
7212.
7211.
7212.
7211.
7210.
7210.
7210.
7209.
7209.
7208.
7207.
7207.
7207.
7206.
7205.
7204.
7204.
7203.
7202.
7202.
7202.
7202.
7201.
7201.
7201.
7201.
7201.
7200.
7200.
7200.
7200.
7200.
7199.
7200.
7200.
7200.
7200.
7201.
7202.
7202.
7202.
7202.
7204.
7203.
7204.
7205.
7206.
7207.
7208.
7209.
7210.
7211.
7212.
7214.
7215.
7217.
7219.
7221.
7223.
7225.
7226.
7229.
7231.
7234.
7236.
7239.
7242.
7245.
7248.
7250.
7254.
7257.
7259.
7260.
7259.
7255.
7250.
7245.
7240.
7236.
7236.
7236.
7238.
7239.
7242.
7243.
7245.
7247.
7248.
7249.
7250.
7251.
7252.
7255.
7255.
7256.
7257.
7257.
7258.
7258.
7259.
7259.
7259.
7259.
7259.
7260.
7261.
7262.
7261.
7260.
7261.
7261.
7260.
7261.
7259.
7260.
7259.
7259.
7259.
7259.
7259.
7257.
7258.
7256.
7256.
7256.
7254.
7253.
7252.
7251.
7250.
7249.
7247.
7246.
7245.
7244.
7242.
7240.
7239.
7238.
7236.
7235.
7231.
7230.
7228.
7225.
7223.
7221.
7219.
7217.
7214.
7212.
7209.
7207.
7204.
7201.
7198.
7196.
7193.
7191.
7187.
7184.
7181.
7178.
7177.
7172.
7171.
7168.
7164.
7161.
7157.
7155.
7152.
7149.
7145.
7143.
7140.
7137.
7135.
7135.
7136.
7139.
7143.
7148.
7153.
7157.
7161.
7164.
7166.
7169.
7171.
7172.
7173.
7173.
7173.
7173.
7173.
7172.
7172.
7172.
7172.
7171.
7171.
7171.
7170.
7169.
7168.
7167.
7168.
7168.
7167.
7166.
7166.
7165.
7165.
7165.
7164.
7164.
7163.
7163.
7163.
7162.
7162.
7163.
7162.
7162.
7160.
7160.
7160.
7161.
7160.
7160.
7160.
7159.
7160.
7160.
7160.
7160.
7160.
7160.
7161.
7162.
7161.
7161.
7162.
7162.
7162.
7162.
7163.
7163.
7164.
7165.
7165.
7166.
7168.
7168.
7169.
7170.
7170.
7172.
7173.
7175.
7176.
7177.
7178.
7179.
7181.
7184.
7185.
7187.
7189.
7192.
7193.
7195.
7199.
7201.
7203.
7205.
7209.
7212.
7215.
7218.
7222.
7225.
7228.
7232.
7236.
7239.
7239.
7238.
7234.
7231.
7226.
7221.
7218.
7218.
7218.
7220.
7222.
7224.
7227.
7227.
7229.
7231.
7232.
7232.
7233.
7234.
7234.
7236.
7236.
7238.
7237.
7238.
7238.
7239.
7238.
7239.
7238.
7238.
7238.
7238.
7239.
7238.
7237.
7236.
7237.
7235.
7235.
7235.
7234.
7234.
7232.
7231.
7231.
7229.
7228.
7227.
7225.
7224.
7222.
7221.
7219.
7218.
7215.
7214.
7212.
7210.
7209.
7206.
7204.
7202.
7200.
7199.
7196.
7192.
7191.
7188.
7186.
7183.
7180.
7179.
7176.
7172.
7170.
7167.
7164.
7161.
7159.
7156.
7152.
7151.
7148.
7145.
7143.
7139.
7138.
7135.
7136.
7138.
7143.
7148.
7152.
7157.
7163.
7168.
7170.
7174.
7175.
7175.
7175.
7176.
7174.
7174.
7173.
7173.
7173.
7173.
7173.
7172.
7172.
7171.
7171.
7171.
7171.
7171.
7170.
7169.
7168.
7169.
7168.
7168.
7167.
7167.
7168.
7168.
7168.
7169.
7169.
7169.
7169.
7170.
7170.
7170.
7170.
7171.
7172.
7172.
7173.
7174.
7173.
7176.
7175.
7177.
7178.
7179.
7180.
7182.
7183.
7185.
7185.
7188.
7190.
7193.
7195.
7197.
7199.
7203.
7205.
7207.
7210.
7213.
7215.
7218.
7222.
7225.
7227.
7231.
7235.
7239.
7242.
7245.
7249.
7253.
7256.
7258.
7261.
7261.
7259.
7258.
7253.
7251.
7249.
7247.
7249.
7251.
7254.
7256.
7259.
7261.
7262.
7264.
7265.
7268.
7268.
7269.
7271.
7273.
7274.
7275.
7275.
7276.
7277.
7277.
7278.
7280.
7280.
7280.
7280.
7281.
7281.
7282.
7283.
7282.
7283.
7281.
7281.
7282.
7282.
7281.
7281.
7280.
7280.
7279.
7279.
7279.
7278.
7277.
7275.
7275.
7274.
7273.
7271.
7270.
7269.
7268.
7266.
7264.
7262.
7261.
7258.
7257.
7256.
7254.
7253.
7251.
7248.
7246.
7244.
7241.
7239.
7236.
7234.
7232.
7229.
7227.
7224.
7221.
7218.
7215.
7212.
7210.
7206.
7205.
7202.
7199.
7196.
7194.
7190.
7187.
7185.
7182.
7178.
7176.
7173.
7171.
7168.
7165.
7162.
7162.
7163.
7165.
7172.
7177.
7184.
7190.
7195.
7200.
7204.
7207.
7210.
7212.
7212.
7212.
7212.
7212.
7212.
7212.
7212.
7211.
7211.
7212.
7211.
7211.
7211.
7211.
7211.
7211.
7210.
7211.
7211.
7210.
7209.
7209.
7210.
7211.
7211.
7211.
7211.
7211.
7212.
7212.
7213.
7213.
7213.
7214.
7214.
7215.
7216.
7217.
7218.
7220.
7221.
7221.
7222.
7224.
7225.
7227.
7228.
7230.
7233.
7234.
7235.
7238.
7240.
7243.
7245.
7248.
7251.
7253.
7256.
7259.
7261.
7265.
7267.
7269.
7269.
7268.
7265.
7259.
7254.
7249.
7245.
7244.
7244.
7244.
7245.
7248.
7250.
7251.
7252.
7253.
7253.
7255.
7257.
7257.
7257.
7257.
7259.
7259.
7259.
7258.
7259.
7260.
7260.
7259.
7259.
7260.
7260.
7259.
7259.
7259.
7259.
7259.
7257.
7256.
7255.
7255.
7255.
7255.
7253.
7252.
7252.
7251.
7249.
7249.
7248.
7246.
7245.
7243.
7242.
7241.
7239.
7239.
7237.
7235.
7234.
7232.
7230.
7228.
7225.
7223.
7222.
7221.
7217.
7215.
7212.
7210.
7207.
7205.
7203.
7200.
7198.
7195.
7193.
7189.
7186.
7183.
7181.
7178.
7175.
7172.
7170.
7167.
7163.
7161.
7157.
7154.
7151.
7148.
7146.
7143.
7140.
7136.
7134.
7133.
7132.
7134.
7137.
7142.
7147.
7153.
7157.
7162.
7165.
7168.
7170.
7171.
7170.
7170.
7169.
7170.
7169.
7168.
7168.
7168.
7168.
7168.
7168.
7167.
7167.
7166.
7166.
7167.
7167.
7166.
7166.
7166.
7165.
7166.
7165.
7166.
7166.
7166.
7166.
7167.
7167.
7167.
7168.
7168.
7169.
7170.
7170.
7171.
7172.
7173.
7174.
7175.
7176.
7178.
7179.
7181.
7182.
7184.
7187.
7188.
7192.
7194.
7196.
7198.
7201.
7203.
7206.
7208.
7212.
7216.
7219.
7223.
7226.
7229.
7231.
7234.
7234.
7234.
7231.
7228.
7223.
7220.
7216.
7214.
7213.
7214.
7215.
7217.
7219.
7221.
7223.
7223.
7225.
7227.
7228.
7228.
7230.
7229.
7230.
7230.
7231.
7232.
7232.
7232.
7233.
7233.
7232.
7232.
7233.
7232.
7232.
7233.
7232.
7230.
7231.
7230.
7230.
7230.
7230.
7229.
7227.
7227.
7225.
7225.
7224.
7223.
7220.
7219.
7218.
7217.
7215.
7213.
7211.
7210.
7208.
7206.
7205.
7203.
7201.
7198.
7196.
7194.
7192.
7188.
7186.
7184.
7180.
7179.
7176.
7173.
7170.
7168.
7165.
7163.
7160.
7155.
7153.
7150.
7147.
7145.
7142.
7139.
7137.
7137.
7138.
7141.
7147.
7154.
7160.
7164.
7168.
7173.
7176.
7180.
7181.
7182.
7182.
7183.
7183.
7183.
7183.
7182.
7182.
7182.
7182.
7182.
7181.
7181.
7181.
7181.
7181.
7181.
7180.
7181.
7180.
7181.
7179.
7179.
7180.
7181.
7180.
7180.
7180.
7180.
7181.
7182.
7182.
7182.
7183.
7183.
7184.
7184.
7187.
7187.
7188.
7189.
7190.
7192.
7192.
7195.
7197.
7199.
7200.
7202.
7204.
7206.
7208.
7210.
7212.
7216.
7217.
7221.
7223.
7226.
7229.
7233.
7235.
7238.
7241.
7245.
7249.
7252.
7256.
7260.
7264.
7267.
7270.
7272.
7273.
7271.
7269.
7265.
7261.
7256.
7254.
7255.
7255.
7258.
7260.
7262.
7264.
7265.
7266.
7267.
7268.
7270.
7272.
7272.
7273.
7274.
7274.
7274.
7275.
7275.
7275.
7276.
7276.
7276.
7277.
7276.
7276.
7277.
7277.
7276.
7275.
7275.
7274.
7274.
7273.
7272.
7271.
7270.
7269.
7268.
7267.
7266.
7266.
7264.
7263.
7261.
7259.
7257.
7256.
7254.
7252.
7250.
7248.
7247.
7243.
7241.
7241.
7238.
7234.
7232.
7230.
7227.
7225.
7223.
7220.
7218.
7215.
7212.
7209.
7206.
7203.
7201.
7198.
7195.
7191.
7188.
7185.
7183.
7180.
7177.
7174.
7171.
7167.
7164.
7162.
7160.
7156.
7157.
7158.
7162.
7166.
7170.
7177.
7182.
7187.
7190.
7192.
7194.
7194.
7194.
7194.
7194.
7194.
7194.
7194.
7193.
7192.
7192.
7192.
7191.
7191.
7191.
7190.
7189.
7190.
7189.
7189.
7190.
7188.
7188.
7189.
7187.
7187.
7188.
7188.
7187.
7187.
7188.
7188.
7187.
7188.
7188.
7188.
7188.
7189.
7189.
7190.
7191.
7191.
7193.
7193.
7194.
7196.
7197.
7198.
7199.
7201.
7203.
7204.
7205.
7206.
7210.
7210.
7214.
7217.
7218.
7221.
7223.
7226.
7229.
7232.
7235.
7238.
7241.
7245.
7247.
7252.
7255.
7258.
7259.
7261.
7261.
7259.
7256.
7251.
7247.
7245.
7243.
7244.
7246.
7248.
7250.
7252.
7255.
7256.
7256.
7258.
7260.
7261.
7262.
7263.
7264.
7264.
7264.
7265.
7266.
7266.
7267.
7266.
7267.
7268.
7267.
7268.
7267.
7267.
7268.
7267.
7268.
7267.
7268.
7267.
7267.
7266.
7264.
7264.
7264.
7264.
7263.
7262.
7260.
7259.
7259.
7257.
7255.
7254.
7252.
7251.
7249.
7247.
7246.
7244.
7242.
7239.
7237.
7235.
7233.
7231.
7228.
7227.
7224.
7221.
7219.
7216.
7213.
7211.
7208.
7205.
7203.
7200.
7196.
7195.
7192.
7188.
7185.
7182.
7179.
7177.
7174.
7171.
7171.
7171.
7172.
7176.
7181.
7186.
7191.
7195.
7198.
7200.
7201.
7202.
7204.
7203.
7201.
7201.
7200.
7200.
7199.
7199.
7199.
7197.
7197.
7197.
7195.
7195.
7194.
7194.
7194.
7193.
7191.
7192.
7190.
7189.
7189.
7188.
7186.
7186.
7186.
7185.
7184.
7184.
7184.
7183.
7184.
7181.
7181.
7181.
7180.
7180.
7179.
7179.
7180.
7179.
7179.
7179.
7177.
7177.
7178.
7178.
7176.
7177.
7177.
7178.
7176.
7176.
7177.
7175.
7176.
7176.
7176.
7176.
7176.
7176.
7176.
7176.
7176.
7176.
7177.
7176.
7176.
7177.
7176.
7176.
7177.
7177.
7177.
7177.
7177.
7177.
7178.
7179.
7178.
7179.
7180.
7180.
7180.
7180.
7180.
7181.
7182.
7182.
7182.
7183.
7183.
7183.
7184.
7185.
7185.
7186.
7187.
7188.
7189.
7189.
7190.
7191.
7192.
7193.
7194.
7194.
7195.
7196.
7197.
7199.
7200.
7201.
7202.
7203.
7204.
7205.
7206.
7208.
7210.
7211.
7212.
7215.
7215.
7217.
7219.
7222.
7223.
7224.
7227.
7230.
7233.
7235.
7237.
7241.
7243.
7245.
7248.
7249.
7249.
7249.
7246.
7242.
7239.
7234.
7231.
7230.
7228.
7227.
7228.
7229.
7230.
7230.
7232.
7232.
7234.
7234.
7234.
7234.
7235.
7235.
7235.
7235.
7236.
7235.
7234.
7234.
7234.
7234.
7233.
7233.
7232.
7230.
7230.
7229.
7228.
7228.
7226.
7226.
7225.
7223.
7222.
7220.
7218.
7216.
7216.
7213.
7211.
7209.
7208.
7206.
7204.
7201.
7199.
7197.
7194.
7191.
7189.
7187.
7185.
7181.
7180.
7176.
7174.
7172.
7169.
7166.
7163.
7160.
7158.
7155.
7151.
7148.
7146.
7144.
7143.
7144.
7147.
7150.
7155.
7162.
7167.
7171.
7175.
7176.
7178.
7179.
7181.
7180.
7180.
7180.
7180.
7179.
7179.
7179.
7179.
7178.
7177.
7177.
7177.
7177.
7177.
7176.
7176.
7175.
7175.
7174.
7174.
7175.
7174.
7172.
7173.
7174.
7173.
7173.
7173.
7173.
7173.
7172.
7173.
7173.
7174.
7174.
7174.
7175.
7174.
7176.
7176.
7177.
7177.
7178.
7179.
7179.
7180.
7181.
7181.
7183.
7184.
7186.
7188.
7189.
7190.
7191.
7193.
7195.
7196.
7200.
7202.
7202.
7205.
7208.
7210.
7213.
7217.
7220.
7223.
7224.
7228.
7231.
7234.
7237.
7241.
7244.
7247.
7248.
7248.
7247.
7245.
7241.
7239.
7236.
7235.
7235.
7237.
7240.
7242.
7243.
7246.
7247.
7249.
7250.
7251.
7253.
7255.
7256.
7257.
7259.
7260.
7259.
7260.
7261.
7261.
7262.
7263.
7264.
7264.
7264.
7265.
7265.
7266.
7266.
7266.
7266.
7265.
7265.
7265.
7266.
7264.
7264.
7264.
7264.
7264.
7263.
7262.
7261.
7261.
7260.
7258.
7258.
7256.
7255.
7255.
7254.
7252.
7250.
7250.
7248.
7247.
7244.
7242.
7240.
7238.
7235.
7234.
7232.
7230.
7228.
7225.
7223.
7221.
7218.
7215.
7213.
7211.
7208.
7205.
7204.
7200.
7199.
7196.
7192.
7188.
7187.
7184.
7180.
7178.
7178.
7177.
7178.
7180.
7184.
7188.
7192.
7197.
7202.
7206.
7210.
7213.
7214.
7214.
7214.
7215.
7214.
7214.
7213.
7213.
7213.
7213.
7213.
7212.
7211.
7211.
7211.
7211.
7211.
7212.
7210.
7211.
7209.
7209.
7209.
7209.
7209.
7209.
7208.
7209.
7210.
7209.
7210.
7210.
7210.
7210.
7210.
7210.
7211.
7212.
7213.
7213.
7213.
7214.
7215.
7215.
7216.
7218.
7219.
7221.
7221.
7223.
7224.
7226.
7228.
7229.
7230.
7233.
7235.
7236.
7238.
7242.
7244.
7246.
7249.
7252.
7253.
7255.
7260.
7262.
7265.
7268.
7273.
7275.
7277.
7278.
7278.
7276.
7271.
7267.
7262.
7258.
7257.
7257.
7257.
7259.
7260.
7262.
7263.
7265.
7266.
7267.
7268.
7269.
7269.
7270.
7270.
7271.
7271.
7272.
7272.
7272.
7272.
7273.
7272.
7272.
7273.
7271.
7272.
7272.
7271.
7271.
7271.
7270.
7270.
7269.
7269.
7268.
7268.
7267.
7266.
7264.
7264.
7263.
7261.
7260.
7259.
7257.
7255.
7254.
7252.
7251.
7249.
7248.
7247.
7244.
7241.
7240.
7238.
7237.
7234.
7232.
7230.
7227.
7225.
7222.
7219.
7217.
7215.
7212.
7209.