7561.
7563.
7565.
7568.
7569.
7571.
7573.
7576.
7579.
7581.
7584.
7586.
7590.
7592.
7596.
7599.
7602.
7605.
7610.
7613.
7616.
7618.
7621.
7622.
7620.
7616.
7612.
7607.
7602.
7599.
7598.
7600.
7602.
7604.
7607.
7609.
7611.
7612.
7613.
7614.
7615.
7616.
7616.
7616.
7617.
7617.
7618.
7618.
7619.
7620.
7620.
7619.
7619.
7620.
7619.
7619.
7619.
7619.
7618.
7619.
7618.
7618.
7616.
7616.
7616.
7614.
7614.
7612.
7612.
7611.
7609.
7608.
7607.
7606.
7604.
7603.
7601.
7600.
7597.
7597.
7595.
7592.
7591.
7589.
7587.
7586.
7583.
7580.
7578.
7576.
7572.
7571.
7567.
7566.
7563.
7561.
7557.
7554.
7551.
7548.
7547.
7543.
7540.
7537.
7534.
7532.
7528.
7526.
7522.
7518.
7515.
7511.
7509.
7507.
7506.
7506.
7510.
7515.
7519.
7525.
7530.
7535.
7540.
7544.
7547.
7548.
7550.
7551.
7551.
7551.
7550.
7549.
7549.
7548.
7547.
7547.
7546.
7547.
7546.
7546.
7545.
7545.
7544.
7543.
7543.
7542.
7541.
7543.
7541.
7540.
7540.
7540.
7540.
7539.
7540.
7539.
7537.
7539.
7538.
7538.
7538.
7537.
7538.
7537.
7537.
7537.
7537.
7536.
7537.
7537.
7535.
7536.
7536.
7537.
7537.
7538.
7538.
7538.
7538.
7538.
7540.
7540.
7540.
7540.
7541.
7542.
7542.
7543.
7543.
7544.
7545.
7545.
7546.
7547.
7548.
7549.
7551.
7552.
7552.
7555.
7556.
7557.
7559.
7561.
7563.
7565.
7567.
7570.
7573.
7574.
7578.
7581.
7584.
7586.
7589.
7590.
7590.
7587.
7583.
7579.
7574.
7572.
7570.
7570.
7572.
7573.
7575.
7579.
7580.
7581.
7583.
7584.
7585.
7586.
7588.
7588.
7589.
7590.
7590.
7592.
7593.
7593.
7593.
7593.
7594.
7595.
7596.
7596.
7594.
7595.
7595.
7596.
7597.
7596.
7596.
7596.
7596.
7595.
7595.
7594.
7594.
7593.
7592.
7592.
7591.
7590.
7589.
7588.
7587.
7586.
7585.
7584.
7582.
7580.
7580.
7578.
7576.
7575.
7572.
7570.
7568.
7566.
7562.
7561.
7560.
7557.
7554.
7553.
7550.
7546.
7545.
7541.
7539.
7536.
7533.
7530.
7527.
7524.
7522.
7518.
7515.
7512.
7508.
7507.
7506.
7508.
7510.
7516.
7522.
7530.
7538.
7544.
7548.
7550.
7552.
7554.
7556.
7555.
7554.
7553.
7552.
7554.
7553.
7553.
7552.
7551.
7551.
7550.
7550.
7550.
7549.
7549.
7548.
7548.
7548.
7548.
7547.
7547.
7546.
7546.
7544.
7546.
7545.
7545.
7544.
7544.
7544.
7544.
7544.
7543.
7544.
7543.
7544.
7543.
7543.
7544.
7544.
7543.
7544.
7544.
7543.
7544.
7544.
7543.
7544.
7544.
7543.
7545.
7545.
7545.
7545.
7544.
7545.
7544.
7545.
7545.
7546.
7546.
7546.
7545.
7545.
7546.
7546.
7545.
7545.
7545.
7545.
7545.
7545.
7544.
7546.
7544.
7543.
7543.
7543.
7542.
7543.
7542.
7541.
7541.
7540.
7540.
7540.
7539.
7539.
7539.
7537.
7536.
7535.
7534.
7533.
7533.
7532.
7531.
7528.
7527.
7525.
7525.
7523.
7522.
7521.
7519.
7517.
7514.
7512.
7510.
7508.
7506.
7504.
7502.
7500.
7498.
7496.
7492.
7489.
7486.
7483.
7480.
7477.
7473.
7472.
7468.
7463.
7460.
7458.
7455.
7451.
7449.
7446.
7447.
7450.
7455.
7462.
7468.
7474.
7478.
7482.
7486.
7487.
7489.
7491.
7491.
7491.
7491.
7490.
7489.
7489.
7488.
7488.
7488.
7486.
7486.
7486.
7485.
7485.
7484.
7484.
7483.
7483.
7484.
7483.
7483.
7482.
7482.
7481.
7481.
7481.
7480.
7482.
7481.
7481.
7480.
7480.
7482.
7482.
7483.
7483.
7483.
7484.
7485.
7486.
7487.
7487.
7489.
7489.
7491.
7493.
7495.
7497.
7498.
7500.
7501.
7504.
7506.
7509.
7511.
7513.
7516.
7519.
7522.
7525.
7527.
7531.
7534.
7538.
7540.
7543.
7544.
7543.
7542.
7537.
7532.
7527.
7524.
7524.
7524.
7526.
7527.
7529.
7532.
7534.
7536.
7537.
7540.
7541.
7542.
7543.
7544.
7545.
7546.
7547.
7548.
7549.
7550.
7550.
7551.
7553.
7553.
7554.
7554.
7555.
7555.
7557.
7556.
7556.
7557.
7557.
7557.
7556.
7556.
7557.
7556.
7556.
7556.
7556.
7556.
7556.
7555.
7554.
7553.
7553.
7552.
7550.
7550.
7549.
7549.
7548.
7546.
7546.
7545.
7543.
7541.
7540.
7538.
7536.
7535.
7533.
7531.
7529.
7528.
7526.
7523.
7520.
7519.
7516.
7514.
7511.
7509.
7507.
7505.
7500.
7498.
7495.
7492.
7489.
7486.
7484.
7480.
7476.
7474.
7471.
7469.
7468.
7469.
7471.
7477.
7483.
7489.
7497.
7503.
7508.
7512.
7515.
7518.
7520.
7519.
7519.
7519.
7518.
7519.
7519.
7519.
7518.
7520.
7517.
7518.
7517.
7517.
7517.
7517.
7516.
7518.
7518.
7518.
7517.
7518.
7518.
7518.
7519.
7518.
7519.
7519.
7521.
7522.
7522.
7523.
7524.
7525.
7527.
7527.
7528.
7530.
7531.
7532.
7535.
7538.
7540.
7540.
7542.
7546.
7548.
7550.
7552.
7556.
7558.
7561.
7565.
7568.
7571.
7575.
7578.
7582.
7585.
7589.
7593.
7598.
7602.
7604.
7607.
7607.
7606.
7604.
7599.
7595.
7590.
7587.
7586.
7589.
7590.
7592.
7596.
7598.
7599.
7600.
7603.
7604.
7605.
7606.
7607.
7609.
7610.
7611.
7611.
7611.
7611.
7613.
7613.
7613.
7613.
7614.
7614.
7614.
7614.
7615.
7615.
7613.
7613.
7613.
7612.
7612.
7612.
7611.
7609.
7609.
7609.
7607.
7606.
7605.
7603.
7603.
7602.
7600.
7599.
7597.
7595.
7594.
7593.
7589.
7588.
7586.
7584.
7582.
7580.
7577.
7576.
7573.
7569.
7568.
7565.
7563.
7560.
7558.
7556.
7553.
7550.
7547.
7545.
7541.
7537.
7535.
7532.
7529.
7526.
7523.
7519.
7516.
7512.
7508.
7506.
7503.
7500.
7497.
7493.
7490.
7487.
7487.
7487.
7488.
7492.
7498.
7503.
7510.
7516.
7521.
7524.
7528.
7530.
7531.
7532.
7533.
7533.
7532.
7531.
7531.
7530.
7530.
7529.
7530.
7529.
7528.
7528.
7528.
7528.
7528.
7528.
7527.
7528.
7527.
7527.
7527.
7527.
7527.
7527.
7526.
7526.
7527.
7527.
7527.
7528.
7529.
7529.
7530.
7530.
7531.
7532.
7533.
7534.
7536.
7538.
7539.
7541.
7543.
7544.
7546.
7550.
7552.
7554.
7557.
7558.
7562.
7564.
7567.
7571.
7575.
7578.
7581.
7584.
7587.
7590.
7594.
7597.
7601.
7604.
7606.
7605.
7604.
7601.
7597.
7594.
7591.
7590.
7591.
7592.
7595.
7598.
7601.
7603.
7605.
7607.
7608.
7609.
7609.
7611.
7612.
7613.
7615.
7615.
7615.
7617.
7617.
7617.
7618.
7618.
7618.
7618.
7618.
7619.
7619.
7620.
7619.
7618.
7618.
7619.
7619.
7618.
7618.
7616.
7616.
7616.
7615.
7616.
7615.
7613.
7611.
7611.
7610.
7608.
7608.
7606.
7605.
7605.
7602.
7601.
7599.
7598.
7596.
7594.
7591.
7589.
7589.
7586.
7584.
7582.
7580.
7578.
7575.
7572.
7571.
7568.
7565.
7562.
7560.
7558.
7555.
7552.
7548.
7547.
7542.
7541.
7538.
7536.
7532.
7528.
7526.
7522.
7520.
7516.
7513.
7510.
7507.
7504.
7502.
7500.
7499.
7503.
7507.
7511.
7516.
7522.
7526.
7530.
7533.
7535.
7537.
7538.
7537.
7536.
7537.
7536.
7536.
7535.
7535.
7535.
7533.
7533.
7533.
7532.
7531.
7531.
7530.
7530.
7530.
7530.
7528.
7528.
7528.
7528.
7529.
7528.
7528.
7528.
7527.
7528.
7528.
7528.
7529.
7529.
7529.
7529.
7529.
7530.
7531.
7532.
7532.
7534.
7534.
7535.
7536.
7538.
7539.
7540.
7543.
7544.
7546.
7548.
7550.
7552.
7554.
7557.
7560.
7562.
7565.
7567.
7570.
7573.
7576.
7580.
7584.
7587.
7590.
7593.
7597.
7598.
7597.
7593.
7589.
7585.
7581.
7578.
7578.
7578.
7580.
7582.
7585.
7587.
7589.
7591.
7593.
7594.
7595.
7596.
7597.
7599.
7600.
7601.
7602.
7603.
7603.
7604.
7605.
7606.
7606.
7607.
7606.
7607.
7607.
7608.
7608.
7608.
7607.
7608.
7608.
7608.
7607.
7607.
7607.
7607.
7606.
7605.
7605.
7604.
7604.
7603.
7602.
7601.
7600.
7600.
7599.
7597.
7596.
7595.
7594.
7593.
7591.
7590.
7588.
7585.
7584.
7582.
7580.
7579.
7577.
7575.
7573.
7570.
7568.
7565.
7563.
7561.
7559.
7557.
7555.
7552.
7549.
7546.
7544.
7540.
7537.
7535.
7531.
7529.
7526.
7523.
7520.
7516.
7514.
7510.
7508.
7504.
7502.
7501.
7500.
7501.
7505.
7509.
7513.
7518.
7522.
7525.
7527.
7528.
7528.
7530.
7531.
7530.
7530.
7529.
7529.
7528.
7527.
7526.
7526.
7525.
7524.
7523.
7522.
7522.
7521.
7520.
7520.
7519.
7518.
7517.
7516.
7515.
7515.
7513.
7512.
7511.
7510.
7509.
7509.
7508.
7508.
7508.
7506.
7506.
7504.
7504.
7503.
7503.
7502.
7502.
7502.
7501.
7501.
7501.
7500.
7501.
7500.
7500.
7499.
7498.
7498.
7499.
7499.
7499.
7499.
7499.
7498.
7498.
7499.
7500.
7499.
7499.
7500.
7499.
7501.
7501.
7501.
7502.
7502.
7503.
7504.
7504.
7506.
7506.
7507.
7508.
7510.
7509.
7511.
7513.
7515.
7516.
7518.
7519.
7522.
7523.
7524.
7526.
7528.
7530.
7533.
7535.
7538.
7541.
7543.
7546.
7549.
7552.
7555.
7558.
7562.
7566.
7568.
7573.
7578.
7580.
7583.
7586.
7589.
7589.
7588.
7585.
7581.
7577.
7574.
7571.
7571.
7572.
7574.
7576.
7578.
7581.
7583.
7584.
7586.
7586.
7587.
7587.
7589.
7590.
7591.
7591.
7591.
7592.
7592.
7593.
7593.
7592.
7592.
7593.
7592.
7593.
7593.
7591.
7591.
7591.
7590.
7590.
7590.
7588.
7588.
7587.
7585.
7585.
7584.
7583.
7581.
7579.
7578.
7576.
7575.
7573.
7572.
7569.
7568.
7566.
7563.
7562.
7560.
7558.
7556.
7554.
7552.
7549.
7546.
7544.
7541.
7538.
7535.
7534.
7530.
7529.
7525.
7523.
7520.
7518.
7514.
7511.
7508.
7506.
7502.
7500.
7496.
7495.
7494.
7494.
7496.
7501.
7506.
7513.
7519.
7524.
7528.
7529.
7533.
7535.
7538.
7540.
7540.
7541.
7540.
7540.
7540.
7540.
7540.
7540.
7539.
7539.
7539.
7539.
7539.
7538.
7539.
7538.
7539.
7538.
7537.
7538.
7539.
7538.
7539.
7539.
7539.
7539.
7540.
7540.
7541.
7542.
7543.
7543.
7544.
7545.
7546.
7547.
7549.
7549.
7551.
7553.
7555.
7557.
7558.
7559.
7562.
7565.
7566.
7570.
7572.
7576.
7578.
7580.
7584.
7587.
7590.
7594.
7597.
7600.
7603.
7606.
7611.
7613.
7615.
7615.
7612.
7609.
7605.
7602.
7598.
7598.
7598.
7599.
7603.
7605.
7608.
7611.
7613.
7615.
7615.
7617.
7617.
7619.
7620.
7623.
7623.
7623.
7624.
7625.
7626.
7627.
7627.
7628.
7629.
7628.
7629.
7630.
7631.
7631.
7631.
7632.
7632.
7632.
7632.
7632.
7632.
7632.
7632.
7632.
7631.
7631.
7631.
7630.
7630.
7629.
7629.
7628.
7627.
7627.
7627.
7625.
7624.
7623.
7623.
7621.
7620.
7619.
7618.
7617.
7615.
7613.
7613.
7610.
7609.
7607.
7605.
7604.
7602.
7600.
7598.
7595.
7593.
7591.
7589.
7586.
7584.
7582.
7580.
7578.
7574.
7572.
7568.
7566.
7564.
7561.
7559.
7556.
7551.
7550.
7546.
7543.
7541.
7537.
7535.
7531.
7528.
7525.
7522.
7518.
7516.
7514.
7512.
7511.
7512.
7517.
7524.
7530.
7536.
7541.
7544.
7548.
7550.
7552.
7553.
7554.
7553.
7553.
7552.
7552.
7551.
7550.
7550.
7550.
7550.
7550.
7549.
7549.
7548.
7547.
7548.
7548.
7548.
7547.
7546.
7545.
7547.
7546.
7546.
7544.
7544.
7545.
7545.
7544.
7546.
7546.
7546.
7546.
7547.
7547.
7548.
7548.
7548.
7550.
7551.
7551.
7554.
7554.
7555.
7555.
7557.
7557.
7559.
7560.
7563.
7565.
7566.
7567.
7571.
7572.
7574.
7577.
7579.
7581.
7584.
7587.
7589.
7592.
7595.
7599.
7602.
7605.
7608.
7612.
7615.
7619.
7622.
7626.
7630.
7634.
7637.
7640.
7645.
7645.
7645.
7642.
7639.
7634.
7632.
7629.
7629.
7629.
7631.
7634.
7637.
7639.
7640.
7641.
7644.
7645.
7645.
7646.
7648.
7649.
7650.
7649.
7651.
7651.
7650.
7651.
7651.
7651.
7652.
7652.
7652.
7652.
7652.
7651.
7651.
7651.
7650.
7649.
7649.
7648.
7648.
7647.
7646.
7646.
7645.
7644.
7642.
7642.
7641.
7640.
7638.
7637.
7635.
7633.
7633.
7631.
7630.
7628.
7626.
7623.
7622.
7620.
7618.
7617.
7615.
7612.
7610.
7608.
7605.
7602.
7600.
7598.
7595.
7592.
7589.
7587.
7585.
7583.
7579.
7576.
7573.
7571.
7568.
7565.
7563.
7558.
7555.
7553.
7550.
7548.
7544.
7542.
7542.
7543.
7546.
7550.
7555.
7559.
7561.
7566.
7569.
7572.
7575.
7576.
7577.
7577.
7576.
7576.
7576.
7574.
7574.
7574.
7574.
7573.
7573.
7572.
7572.
7571.
7571.
7571.
7570.
7570.
7570.
7569.
7569.
7568.
7567.
7567.
7567.
7567.
7566.
7565.
7566.
7565.
7567.
7566.
7566.
7566.
7566.
7566.
7565.
7565.
7566.
7567.
7566.
7566.
7567.
7568.
7568.
7568.
7569.
7569.
7570.
7571.
7572.
7573.
7574.
7574.
7575.
7576.
7577.
7578.
7580.
7581.
7584.
7584.
7587.
7588.
7590.
7592.
7594.
7596.
7599.
7601.
7604.
7606.
7608.
7611.
7614.
7614.
7612.
7608.
7604.
7599.
7596.
7593.
7593.
7594.
7595.
7598.
7599.
7601.
7603.
7604.
7605.
7606.
7606.
7608.
7609.
7610.
7609.
7611.
7610.
7611.
7611.
7611.
7611.
7613.
7613.
7613.
7613.
7613.
7613.
7612.
7613.
7614.
7613.
7613.
7613.
7612.
7612.
7612.
7612.
7611.
7610.
7610.
7608.
7608.
7607.
7606.
7605.
7604.
7604.
7602.
7602.
7600.
7599.
7597.
7596.
7595.
7593.
7590.
7589.
7588.
7587.
7585.
7584.
7582.
7578.
7577.
7575.
7572.
7569.
7568.
7565.
7562.
7559.
7557.
7555.
7552.
7550.
7547.
7544.
7541.
7539.
7536.
7532.
7530.
7528.
7525.
7521.
7518.
7515.
7512.
7509.
7506.
7504.
7504.
7505.
7508.
7514.
7518.
7524.
7529.
7534.
7537.
7539.
7541.
7542.
7541.
7539.
7539.
7538.
7538.
7537.
7536.
7536.
7535.
7536.
7534.
7534.
7533.
7532.
7532.
7531.
7531.
7530.
7530.
7530.
7529.
7529.
7528.
7528.
7528.
7528.
7528.
7527.
7528.
7528.
7527.
7528.
7528.
7527.
7528.
7528.
7527.
7528.
7529.
7529.
7531.
7531.
7532.
7532.
7533.
7535.
7536.
7537.
7538.
7540.
7541.
7544.
7545.
7547.
7550.
7551.
7553.
7557.
7558.
7561.
7564.
7567.
7569.
7573.
7575.
7578.
7580.
7583.
7587.
7590.
7594.
7597.
7600.
7604.
7603.
7601.
7597.
7594.
7589.
7586.
7584.
7583.
7583.
7585.
7587.
7590.
7591.
7592.
7594.
7596.
7598.
7598.
7599.
7599.
7601.
7601.
7601.
7601.
7602.
7602.
7601.
7602.
7602.
7602.
7602.
7603.
7601.
7602.
7601.
7600.
7600.
7600.
7599.
7598.
7598.
7597.
7597.
7596.
7595.
7594.
7594.
7591.
7591.
7590.
7589.
7586.
7585.
7584.
7582.
7580.
7578.
7576.
7575.
7572.
7571.
7569.
7566.
7564.
7562.
7559.
7557.
7556.
7554.
7550.
7548.
7544.
7542.
7539.
7536.
7534.
7531.
7528.
7526.
7523.
7521.
7518.
7514.
7510.
7508.
7506.
7502.
7502.
7501.
7502.
7505.
7510.
7516.
7521.
7525.
7530.
7532.
7534.
7535.
7537.
7537.
7537.
7537.
7536.
7535.
7536.
7535.
7534.
7533.
7534.
7532.
7533.
7532.
7532.
7532.
7531.
7531.
7531.
7530.
7529.
7529.
7528.
7530.
7529.
7528.
7528.
7528.
7528.
7529.
7528.
7528.
7529.
7529.
7529.
7529.
7529.
7530.
7530.
7531.
7533.
7533.
7533.
7534.
7536.
7537.
7538.
7539.
7542.
7543.
7544.
7546.
7549.
7550.
7552.
7554.
7557.
7559.
7561.
7565.
7567.
7569.
7572.
7575.
7579.
7582.
7585.
7588.
7591.
7595.
7598.
7602.
7607.
7609.
7611.
7613.
7611.
7610.
7606.
7601.
7597.
7594.
7592.
7593.
7594.
7595.
7598.
7601.
7602.
7604.
7605.
7605.
7608.
7609.
7609.
7609.
7609.
7610.
7611.
7612.
7613.
7612.
7612.
7612.
7613.
7612.
7612.
7612.
7611.
7612.
7612.
7610.
7610.
7610.
7609.
7607.
7607.
7606.
7605.
7604.
7603.
7602.
7600.
7598.
7598.
7597.
7596.
7594.
7592.
7590.
7589.
7587.
7586.
7583.
7583.
7580.
7578.
7576.
7573.
7571.
7568.
7566.
7563.
7561.
7560.
7556.
7554.
7552.
7548.
7546.
7544.
7541.
7538.
7535.
7533.
7529.
7527.
7524.
7522.
7518.
7514.
7511.
7508.
7505.
7502.
7501.
7496.
7492.
7489.
7487.
7485.
7480.
7477.
7477.
7477.
7479.
7482.
7486.
7491.
7497.
7501.
7503.
7505.
7508.
7509.
7509.
7509.
7508.
7507.
7508.
7506.
7506.
7505.
7505.
7504.
7504.
7503.
7504.
7502.
7501.
7501.
7501.
7500.
7501.
7500.
7499.
7498.
7498.
7498.
7498.
7498.
7496.
7496.
7497.
7497.
7496.
7497.
7496.
7496.
7497.
7497.
7497.
7498.
7498.
7499.
7499.
7501.
7501.
7502.
7503.
7504.
7506.
7507.
7509.
7509.
7512.
7514.
7516.
7517.
7518.
7521.
7523.
7526.
7528.
7531.
7533.
7536.
7539.
7541.
7544.
7547.
7551.
7554.
7556.
7560.
7564.
7567.
7571.
7573.
7574.
7572.
7570.
7567.
7563.
7561.
7560.
7560.
7560.
7563.
7565.
7568.
7570.
7572.
7574.
7575.
7576.
7578.
7579.
7580.
7581.
7582.
7584.
7585.
7584.
7585.
7586.
7586.
7587.
7587.
7588.
7588.
7588.
7588.
7588.
7589.
7589.
7589.
7589.
7588.
7588.
7587.
7589.
7587.
7587.
7587.
7586.
7586.
7586.
7583.
7583.
7582.
7580.
7580.
7579.
7579.
7577.
7576.
7574.
7573.
7571.
7569.
7568.
7566.
7564.
7562.
7560.
7558.
7557.
7555.
7552.
7550.
7547.
7545.
7543.
7541.
7539.
7536.
7533.
7531.
7528.
7525.
7522.
7519.
7517.
7514.