5972.
5976.
5981.
5985.
5990.
5995.
6001.
6004.
6010.
6015.
6019.
6022.
6022.
6023.
6020.
6017.
6012.
6009.
6005.
6002.
5999.
5997.
5995.
5993.
5991.
5991.
5989.
5989.
5989.
5988.
5987.
5986.
5986.
5984.
5982.
5981.
5979.
5977.
5975.
5974.
5972.
5969.
5968.
5965.
5962.
5959.
5958.
5954.
5951.
5948.
5945.
5942.
5940.
5938.
5934.
5930.
5926.
5923.
5920.
5917.
5914.
5912.
5909.
5905.
5902.
5899.
5896.
5893.
5890.
5888.
5886.
5883.
5881.
5879.
5877.
5875.
5874.
5871.
5870.
5868.
5869.
5868.
5868.
5868.
5869.
5869.
5869.
5870.
5871.
5873.
5874.
5875.
5878.
5880.
5882.
5884.
5887.
5890.
5892.
5895.
5899.
5902.
5905.
5909.
5913.
5917.
5921.
5925.
5929.
5933.
5937.
5942.
5946.
5950.
5954.
5959.
5964.
5969.
5973.
5978.
5983.
5988.
5992.
5996.
5999.
6001.
5999.
5997.
5993.
5989.
5985.
5983.
5981.
5980.
5979.
5978.
5979.
5979.
5978.
5978.
5978.
5978.
5977.
5977.
5977.
5976.
5974.
5973.
5972.
5971.
5970.
5968.
5965.
5964.
5962.
5959.
5958.
5956.
5953.
5951.
5949.
5945.
5943.
5941.
5938.
5935.
5932.
5929.
5926.
5923.
5920.
5916.
5913.
5911.
5907.
5903.
5900.
5897.
5894.
5892.
5888.
5887.
5883.
5880.
5878.
5876.
5873.
5871.
5868.
5866.
5865.
5863.
5862.
5861.
5860.
5859.
5859.
5859.
5858.
5858.
5859.
5858.
5859.
5861.
5862.
5863.
5864.
5866.
5868.
5870.
5872.
5873.
5877.
5880.
5883.
5885.
5888.
5891.
5894.
5898.
5902.
5905.
5909.
5913.
5917.
5921.
5925.
5928.
5933.
5937.
5941.
5946.
5950.
5955.
5960.
5965.
5969.
5974.
5978.
5984.
5988.
5993.
5999.
6003.
6008.
6013.
6018.
6021.
6024.
6023.
6022.
6019.
6017.
6014.
6013.
6011.
6010.
6011.
6012.
6012.
6013.
6015.
6014.
6014.
6014.
6014.
6014.
6015.
6015.
6013.
6013.
6013.
6012.
6011.
6010.
6008.
6006.
6005.
6003.
6001.
6000.
5998.
5996.
5993.
5992.
5989.
5986.
5984.
5981.
5978.
5975.
5973.
5970.
5967.
5964.
5960.
5958.
5954.
5951.
5949.
5944.
5941.
5938.
5935.
5933.
5929.
5926.
5923.
5920.
5916.
5914.
5913.
5909.
5907.
5905.
5903.
5901.
5899.
5898.
5896.
5896.
5896.
5895.
5894.
5894.
5895.
5895.
5896.
5897.
5897.
5899.
5901.
5903.
5905.
5907.
5910.
5913.
5914.
5917.
5921.
5924.
5927.
5930.
5933.
5937.
5942.
5945.
5949.
5953.
5955.
5961.
5965.
5969.
5974.
5978.
5982.
5987.
5992.
5996.
6000.
6002.
6004.
6004.
6003.
6000.
5999.
5998.
5995.
5994.
5993.
5993.
5993.
5994.
5994.
5994.
5995.
5994.
5995.
5995.
5995.
5995.
5994.
5993.
5993.
5993.
5992.
5991.
5990.
5989.
5987.
5985.
5984.
5982.
5980.
5979.
5976.
5974.
5972.
5970.
5967.
5964.
5962.
5959.
5956.
5953.
5950.
5947.
5944.
5941.
5938.
5936.
5933.
5929.
5926.
5923.
5920.
5917.
5914.
5911.
5909.
5905.
5902.
5899.
5895.
5893.
5892.
5889.
5887.
5885.
5884.
5882.
5881.
5879.
5877.
5876.
5877.
5876.
5876.
5875.
5876.
5877.
5877.
5878.
5879.
5881.
5882.
5883.
5884.
5886.
5888.
5891.
5893.
5897.
5900.
5902.
5904.
5908.
5912.
5915.
5919.
5923.
5927.
5930.
5934.
5937.
5941.
5946.
5950.
5955.
5958.
5964.
5968.
5972.
5976.
5981.
5986.
5990.
5995.
6000.
6005.
6009.
6014.
6018.
6023.
6029.
6034.
6038.
6042.
6044.
6044.
6043.
6040.
6035.
6031.
6027.
6023.
6020.
6019.
6017.
6016.
6016.
6015.
6014.
6014.
6014.
6015.
6014.
6013.
6013.
6012.
6011.
6009.
6008.
6007.
6004.
6003.
6002.
6000.
5998.
5996.
5994.
5991.
5989.
5985.
5983.
5981.
5978.
5974.
5973.
5969.
5965.
5963.
5960.
5958.
5953.
5950.
5947.
5944.
5941.
5937.
5934.
5931.
5928.
5925.
5922.
5919.
5915.
5914.
5911.
5909.
5906.
5903.
5902.
5900.
5899.
5897.
5896.
5894.
5894.
5893.
5892.
5893.
5893.
5893.
5895.
5896.
5897.
5898.
5899.
5901.
5903.
5906.
5908.
5910.
5912.
5916.
5918.
5921.
5924.
5928.
5931.
5936.
5939.
5943.
5946.
5951.
5955.
5959.
5963.
5968.
5971.
5976.
5980.
5985.
5989.
5994.
5999.
6002.
6008.
6012.
6016.
6020.
6023.
6024.
6023.
6020.
6016.
6012.
6007.
6003.
6001.
5997.
5993.
5991.
5989.
5989.
5988.
5987.
5986.
5986.
5985.
5985.
5984.
5983.
5982.
5978.
5977.
5974.
5974.
5972.
5970.
5967.
5965.
5962.
5960.
5957.
5954.
5951.
5948.
5945.
5942.
5939.
5936.
5933.
5930.
5926.
5924.
5921.
5917.
5913.
5909.
5907.
5904.
5901.
5897.
5894.
5891.
5889.
5886.
5884.
5881.
5878.
5876.
5874.
5871.
5870.
5867.
5867.
5865.
5866.
5864.
5864.
5865.
5866.
5865.
5866.
5867.
5868.
5869.
5871.
5873.
5875.
5877.
5880.
5883.
5885.
5887.
5891.
5894.
5898.
5901.
5905.
5908.
5911.
5917.
5920.
5924.
5928.
5933.
5937.
5941.
5945.
5949.
5954.
5959.
5963.
5967.
5972.
5977.
5981.
5986.
5990.
5995.
6001.
6005.
6010.
6014.
6016.
6016.
6015.
6013.
6011.
6006.
6004.
6002.
6001.
5999.
5999.
5998.
5997.
5997.
5997.
5997.
5998.
5998.
5997.
5996.
5996.
5996.
5995.
5994.
5994.
5992.
5991.
5989.
5988.
5986.
5985.
5983.
5980.
5980.
5976.
5975.
5973.
5969.
5967.
5966.
5962.
5960.
5957.
5955.
5952.
5948.
5946.
5943.
5941.
5937.
5934.
5931.
5928.
5926.
5923.
5920.
5917.
5915.
5912.
5910.
5908.
5904.
5903.
5901.
5899.
5896.
5895.
5894.
5892.
5891.
5891.
5892.
5891.
5890.
5889.
5890.
5890.
5891.
5892.
5893.
5894.
5895.
5897.
5900.
5901.
5902.
5905.
5909.
5911.
5914.
5917.
5920.
5923.
5926.
5930.
5934.
5938.
5941.
5945.
5949.
5953.
5956.
5960.
5965.
5970.
5974.
5978.
5983.
5987.
5992.
5996.
6000.
6005.
6010.
6013.
6014.
6015.
6012.
6011.
6007.
6004.
6001.
5999.
5997.
5995.
5994.
5993.
5993.
5994.
5993.
5993.
5994.
5994.
5993.
5992.
5991.
5991.
5990.
5988.
5988.
5986.
5986.
5984.
5981.
5979.
5978.
5976.
5974.
5972.
5971.
5968.
5964.
5962.
5959.
5957.
5954.
5951.
5948.
5946.
5943.
5940.
5936.
5934.
5930.
5927.
5925.
5922.
5918.
5915.
5913.
5910.
5907.
5904.
5901.
5899.
5897.
5895.
5892.
5889.
5888.
5886.
5884.
5883.
5883.
5881.
5880.
5879.
5880.
5879.
5879.
5880.
5881.
5881.
5881.
5883.
5883.
5885.
5887.
5889.
5892.
5893.
5895.
5898.
5901.
5904.
5907.
5911.
5914.
5917.
5920.
5924.
5928.
5931.
5934.
5938.
5943.
5947.
5950.
5955.
5959.
5964.
5968.
5972.
5977.
5982.
5987.
5991.
5996.
6001.
6005.
6010.
6014.
6020.
6025.
6028.
6030.
6031.
6029.
6026.
6022.
6019.
6016.
6013.
6010.
6009.
6007.
6007.
6006.
6007.
6006.
6006.
6006.
6005.
6005.
6005.
6005.
6004.
6002.
6002.
6001.
6001.
5999.
5997.
5994.
5993.
5991.
5989.
5987.
5986.
5983.
5980.
5978.
5976.
5973.
5971.
5969.
5966.
5963.
5961.
5958.
5954.
5951.
5949.
5945.
5943.
5941.
5936.
5934.
5931.
5930.
5926.
5924.
5922.
5918.
5916.
5914.
5912.
5908.
5907.
5905.
5904.
5902.
5900.
5900.
5898.
5897.
5897.
5897.
5897.
5897.
5897.
5898.
5898.
5898.
5900.
5902.
5903.
5906.
5907.
5909.
5911.
5914.
5916.
5919.
5922.
5924.
5928.
5931.
5935.
5938.
5942.
5946.
5949.
5953.
5957.
5961.
5965.
5969.
5973.
5977.
5981.
5986.
5990.
5995.
5999.
6003.
6008.
6011.
6014.
6014.
6013.
6011.
6009.
6008.
6007.
6004.
6003.
6004.
6003.
6002.
6002.
6002.
6003.
6003.
6002.
6002.
6002.
6003.
6003.
6002.
6000.
6000.
6000.
5998.
5997.
5996.
5995.
5993.
5992.
5990.
5988.
5986.
5983.
5982.
5980.
5977.
5975.
5973.
5970.
5967.
5966.
5962.
5959.
5957.
5954.
5951.
5948.
5945.
5943.
5940.
5937.
5934.
5932.
5929.
5927.
5923.
5921.
5918.
5915.
5913.
5911.
5908.
5907.
5904.
5902.
5900.
5898.
5898.
5896.
5895.
5894.
5892.
5892.
5892.
5892.
5892.
5892.
5892.
5893.
5893.
5894.
5895.
5897.
5898.
5899.
5902.
5903.
5906.
5909.
5911.
5914.
5915.
5919.
5922.
5926.
5928.
5932.
5936.
5939.
5943.
5946.
5951.
5954.
5958.
5963.
5967.
5971.
5975.
5980.
5984.
5989.
5992.
5997.
6001.
6003.
6005.
6005.
6003.
6000.
5997.
5994.
5992.
5990.
5989.
5988.
5987.
5987.
5986.
5985.
5986.
5985.
5985.
5985.
5985.
5986.
5984.
5983.
5983.
5982.
5981.
5979.
5977.
5976.
5974.
5973.
5971.
5970.
5967.
5966.
5963.
5961.
5958.
5956.
5953.
5950.
5948.
5946.
5944.
5941.
5938.
5935.
5933.
5930.
5927.
5924.
5922.
5919.
5916.
5914.
5913.
5910.
5908.
5904.
5902.
5900.
5897.
5895.
5893.
5891.
5889.
5888.
5886.
5885.
5884.
5883.
5883.
5883.
5883.
5881.
5882.
5882.
5882.
5883.
5885.
5885.
5885.
5887.
5889.
5891.
5892.
5894.
5896.
5899.
5901.
5905.
5907.
5910.
5913.
5916.
5919.
5923.
5926.
5930.
5933.
5936.
5940.
5944.
5948.
5952.
5957.
5961.
5965.
5970.
5974.
5978.
5983.
5987.
5991.
5996.
6000.
6006.
6010.
6015.
6020.
6024.
6028.
6032.
6033.
6033.
6031.
6028.
6024.
6020.
6016.
6013.
6010.
6008.
6006.
6006.
6006.
6006.
6005.
6005.
6006.
6005.
6004.
6004.
6003.
6002.
6001.
6000.
6000.
5998.
5998.
5997.
5994.
5993.
5991.
5990.
5987.
5985.
5983.
5981.
5978.
5976.
5974.
5971.
5968.
5966.
5963.
5961.
5959.
5955.
5953.
5950.
5948.
5945.
5942.
5939.
5936.
5933.
5931.
5928.
5925.
5922.
5920.
5918.
5916.
5915.
5912.
5911.
5910.
5908.
5907.
5905.
5904.
5903.
5904.
5903.
5903.
5903.
5904.
5905.
5905.
5906.
5907.
5909.
5911.
5913.
5915.
5917.
5920.
5922.
5925.
5927.
5930.
5933.
5936.
5940.
5943.
5946.
5949.
5953.
5957.
5961.
5966.
5970.
5974.
5978.
5982.
5986.
5990.
5994.
5999.
6002.
6007.
6012.
6017.
6021.
6026.
6031.
6035.
6040.
6042.
6041.
6042.
6039.
6035.
6031.
6028.
6025.
6020.
6018.
6014.
6013.
6011.
6010.
6009.
6010.
6009.
6008.
6007.
6006.
6006.
6004.
6003.
6002.
6001.
6000.
5998.
5996.
5994.
5992.
5991.
5989.
5988.
5985.
5982.
5980.
5976.
5975.
5972.
5970.
5967.
5964.
5961.
5959.
5956.
5952.
5950.
5947.
5943.
5941.
5938.
5936.
5932.
5929.
5927.
5924.
5922.
5919.
5916.
5914.
5911.
5910.
5908.
5905.
5904.
5901.
5900.
5899.
5899.
5898.
5898.
5896.
5896.
5897.
5897.
5897.
5898.
5899.
5899.
5900.
5902.
5904.
5905.
5908.
5911.
5913.
5914.
5917.
5920.
5923.
5926.
5928.
5932.
5935.
5938.
5943.
5946.
5950.
5954.
5957.
5962.
5966.
5970.
5972.
5978.
5981.
5987.
5991.
5995.
5999.
6004.
6008.
6012.
6016.
6021.
6027.
6031.
6036.
6040.
6044.
6049.
6053.
6053.
6053.
6050.
6046.
6044.
6040.
6037.
6034.
6031.
6029.
6025.
6023.
6023.
6022.
6021.
6021.
6021.
6020.
6019.
6018.
6018.
6017.
6015.
6015.
6014.
6013.
6011.
6010.
6008.
6006.
6005.
6002.
6000.
5998.
5996.
5994.
5991.
5989.
5986.
5984.
5981.
5978.
5975.
5972.
5971.
5967.
5964.
5961.
5958.
5955.
5951.
5949.
5946.
5943.
5940.
5937.
5934.
5931.
5929.
5927.
5925.
5923.
5921.
5918.
5917.
5914.
5914.
5913.
5912.
5911.
5910.
5910.
5909.
5909.
5911.
5911.
5911.
5912.
5913.
5915.
5916.
5918.
5920.
5921.
5924.
5926.
5929.
5931.
5934.
5937.
5940.
5942.
5945.
5949.
5953.
5957.
5960.
5964.
5967.
5972.
5975.
5980.
5984.
5987.
5993.
5996.
6002.
6006.
6010.
6014.
6019.
6023.
6027.
6032.
6036.
6042.
6047.
6051.
6055.
6060.
6062.
6061.
6060.
6058.
6053.
6050.
6047.
6043.
6039.
6037.
6034.
6031.
6029.
6027.
6026.
6025.
6024.
6024.
6022.
6023.
6022.
6021.
6020.
6019.
6018.
6016.
6015.
6013.
6011.
6009.
6007.
6006.
6003.
6001.
6000.
5998.
5995.
5992.
5991.
5988.
5985.
5983.
5980.
5977.
5974.
5972.
5969.
5966.
5964.
5959.
5957.
5954.
5951.
5949.
5945.
5943.
5942.
5938.
5936.
5933.
5931.
5930.
5927.
5926.
5923.
5923.
5922.
5921.
5921.
5920.
5919.
5919.
5919.
5920.
5920.
5921.
5922.
5922.
5925.
5927.
5928.
5930.
5932.
5934.
5937.
5939.
5943.
5945.
5948.
5951.
5954.
5958.
5961.
5964.
5968.
5971.
5974.
5979.
5982.
5986.
5989.
5994.
5998.
6002.
6006.
6011.
6015.
6020.
6024.
6027.
6033.
6037.
6041.
6046.
6051.
6055.
6060.
6065.
6070.
6075.
6078.
6081.
6081.
6080.
6076.
6072.
6066.
6060.
6054.
6048.
6042.
6035.
6031.
6027.
6023.
6019.
6017.
6016.
6015.
6014.
6013.
6013.
6011.
6009.
6007.
6007.
6005.
6003.
6002.
6000.
5998.
5997.
5993.
5991.
5990.
5988.
5985.
5982.
5980.
5977.
5974.
5971.
5969.
5966.
5964.
5961.
5958.
5955.
5952.
5949.
5946.
5944.
5941.
5938.
5937.
5933.
5930.
5928.
5926.
5923.
5923.
5920.
5918.
5918.
5916.
5915.
5913.
5913.
5912.
5912.
5914.
5913.
5913.
5913.
5914.
5915.
5916.
5917.
5918.
5920.
5921.
5924.
5926.
5928.
5931.
5934.
5937.
5939.
5942.
5945.
5949.
5952.
5956.
5958.
5962.
5965.
5970.
5973.
5977.
5981.
5985.
5989.
5994.
5998.
6002.
6005.
6010.
6014.
6019.
6023.
6028.
6032.
6037.
6042.
6047.
6051.
6055.
6059.
6061.
6061.
6059.
6056.
6052.
6048.
6044.
6040.
6036.
6032.
6030.
6028.
6028.
6028.
6028.
6027.
6027.
6027.
6026.
6026.
6025.
6024.
6023.
6022.
6022.
6021.
6020.
6019.
6016.
6014.
6013.
6011.
6008.
6006.
6004.
6002.
6000.
5998.
5994.
5992.
5990.
5987.
5984.
5981.
5978.
5976.
5973.
5971.
5967.
5964.
5961.
5958.
5954.
5952.
5949.
5945.
5943.
5941.
5939.
5936.
5933.
5931.
5929.
5928.
5927.
5926.
5925.
5924.
5924.
5923.
5923.
5923.
5924.
5924.
5925.
5926.
5927.
5929.
5929.
5932.
5934.
5936.
5937.
5940.
5942.
5945.
5948.
5951.
5954.
5957.
5960.
5965.
5969.
5972.
5976.
5981.
5984.
5987.
5991.
5995.
6000.
6004.
6008.
6013.
6018.
6022.
6026.
6030.
6034.
6039.
6039.
6038.
6036.
6033.
6029.
6026.
6022.
6020.
6016.
6013.
6011.
6010.
6008.
6009.
6008.
6007.
6007.
6006.
6006.
6006.
6006.
6004.
6005.
6002.
6000.
5998.
5998.
5996.
5993.
5992.
5990.
5988.
5986.
5984.
5981.
5979.
5976.
5973.
5971.
5968.
5967.
5964.
5961.
5959.
5956.
5952.
5949.
5946.
5944.
5941.
5939.
5935.
5932.
5929.
5928.
5924.
5922.
5920.
5917.
5915.
5913.
5912.
5910.
5908.
5908.
5906.
5905.
5904.
5904.
5903.
5904.
5904.
5904.
5905.
5905.
5906.
5907.
5909.
5910.
5912.
5914.
5916.
5919.
5920.
5923.
5926.
5929.
5932.
5935.
5938.
5941.
5944.
5948.
5952.
5956.
5960.
5964.
5968.
5972.
5975.
5979.
5983.
5988.
5992.
5996.
6001.
6005.
6009.
6013.
6019.
6022.
6027.
6030.
6030.
6031.
6029.
6026.
6023.
6019.
6016.
6011.
6008.
6005.
6003.
6001.
6001.
6000.
6000.
5998.
5999.
5999.
5998.
5997.
5997.
5997.
5995.
5994.
5992.
5991.
5989.
5988.
5986.
5984.
5982.
5979.
5978.
5976.
5973.
5971.
5969.
5966.
5964.
5960.
5959.
5956.
5953.
5951.
5948.
5944.
5942.
5939.
5936.
5934.
5932.
5928.
5926.
5924.
5921.
5919.
5917.
5914.
5913.
5911.
5910.
5908.
5907.
5906.
5905.
5905.
5905.
5904.
5905.
5905.
5905.
5906.
5906.
5908.
5910.
5910.
5912.
5915.
5917.
5918.
5922.
5924.
5927.
5929.
5932.
5936.
5939.
5941.
5945.
5949.
5952.
5956.
5959.
5963.
5967.
5970.
5975.
5979.
5983.
5988.
5991.
5996.
6000.
6004.
6009.
6013.
6018.
6022.
6027.
6032.
6035.
6038.
6040.
6039.
6037.
6033.
6031.
6027.
6024.
6022.
6020.
6017.
6014.
6012.
6011.
6012.
6012.
6011.
6011.
6010.
6009.
6008.
6009.
6007.
6007.
6006.
6004.
6002.
6002.
6000.
5998.
5996.
5995.
5993.
5991.
5989.
5986.
5984.
5982.
5979.
5976.
5974.
5971.
5969.
5966.
5963.
5960.
5957.
5954.
5951.
5949.
5946.
5943.
5940.
5938.
5935.
5932.
5928.
5927.
5924.
5920.
5920.
5918.
5916.
5914.
5914.
5913.
5911.
5911.
5909.
5909.
5910.
5910.
5910.
5910.
5911.
5912.
5912.
5914.
5916.
5919.
5920.
5923.
5924.
5926.
5929.
5931.
5934.
5937.
5941.
5943.
5947.
5951.
5953.
5958.
5961.
5965.
5969.
5972.
5976.
5980.
5985.
5989.
5992.
5997.
6001.
6005.
6010.
6014.
6018.
6021.
6022.
6021.
6018.
6015.
6012.
6008.
6006.
6004.
6002.
6000.
5998.
5997.
5995.
5995.
5992.
5992.
5991.
5991.
5990.
5988.
5988.
5988.
5986.
5984.
5983.
5980.
5979.
5978.
5977.
5975.
5972.
5971.
5968.
5967.
5964.
5961.
5959.
5956.
5953.
5951.
5949.
5946.
5943.
5940.
5937.
5935.
5933.
5928.
5926.
5924.
5920.
5919.
5916.
5913.
5911.
5909.
5906.
5905.
5902.
5900.
5898.
5896.
5896.
5894.
5892.
5892.
5890.
5890.
5889.
5889.
5889.
5890.
5889.
5891.
5891.
5892.
5893.
5895.
5896.
5897.
5900.
5902.
5904.
5907.
5910.
5912.
5914.
5916.
5919.
5923.
5925.
5928.
5933.
5936.
5940.
5943.