8935.
8938.
8941.
8945.
8948.
8953.
8956.
8960.
8964.
8968.
8972.
8976.
8980.
8983.
8987.
8990.
8994.
8996.
8999.
9001.
9004.
9007.
9009.
9011.
9011.
9012.
9014.
9014.
9014.
9014.
9014.
9015.
9014.
9012.
9012.
9012.
9010.
9008.
9007.
9005.
9003.
9002.
9000.
8998.
8997.
8994.
8991.
8989.
8987.
8983.
8982.
8979.
8975.
8972.
8969.
8967.
8964.
8961.
8957.
8954.
8949.
8947.
8942.
8939.
8936.
8932.
8929.
8924.
8921.
8917.
8914.
8910.
8907.
8902.
8898.
8894.
8890.
8885.
8881.
8878.
8874.
8868.
8863.
8860.
8855.
8852.
8851.
8850.
8851.
8852.
8854.
8858.
8860.
8863.
8865.
8865.
8867.
8868.
8868.
8867.
8867.
8865.
8865.
8864.
8864.
8863.
8861.
8862.
8862.
8861.
8861.
8862.
8862.
8862.
8861.
8862.
8863.
8863.
8863.
8865.
8866.
8867.
8867.
8869.
8871.
8872.
8874.
8875.
8877.
8879.
8882.
8884.
8886.
8888.
8891.
8895.
8897.
8900.
8904.
8907.
8909.
8913.
8916.
8919.
8923.
8926.
8930.
8934.
8938.
8941.
8946.
8950.
8954.
8957.
8961.
8966.
8969.
8972.
8975.
8980.
8983.
8985.
8988.
8991.
8995.
8996.
8998.
9000.
9002.
9003.
9005.
9005.
9005.
9006.
9006.
9006.
9006.
9005.
9004.
9004.
9003.
9001.
9000.
8999.
8997.
8997.
8994.
8992.
8990.
8988.
8986.
8983.
8980.
8978.
8976.
8973.
8970.
8967.
8965.
8962.
8958.
8956.
8953.
8949.
8946.
8943.
8938.
8935.
8932.
8928.
8924.
8922.
8918.
8914.
8911.
8907.
8904.
8899.
8896.
8891.
8887.
8884.
8880.
8876.
8871.
8867.
8864.
8860.
8858.
8856.
8856.
8858.
8861.
8866.
8870.
8872.
8874.
8875.
8878.
8879.
8880.
8880.
8880.
8879.
8879.
8879.
8879.
8878.
8877.
8877.
8877.
8878.
8877.
8878.
8878.
8879.
8878.
8878.
8879.
8881.
8882.
8883.
8883.
8886.
8887.
8888.
8889.
8892.
8894.
8897.
8899.
8901.
8904.
8907.
8909.
8912.
8916.
8918.
8921.
8925.
8929.
8932.
8935.
8939.
8942.
8946.
8950.
8953.
8956.
8961.
8964.
8967.
8972.
8976.
8979.
8983.
8987.
8990.
8993.
8997.
9000.
9003.
9005.
9008.
9010.
9011.
9013.
9014.
9016.
9017.
9018.
9019.
9018.
9018.
9018.
9018.
9017.
9016.
9015.
9013.
9012.
9012.
9010.
9009.
9006.
9005.
9003.
9002.
8999.
8996.
8995.
8992.
8990.
8987.
8985.
8982.
8979.
8976.
8973.
8970.
8967.
8964.
8960.
8958.
8954.
8952.
8948.
8944.
8941.
8937.
8934.
8931.
8928.
8924.
8919.
8916.
8912.
8908.
8904.
8901.
8897.
8892.
8888.
8884.
8880.
8875.
8871.
8866.
8862.
8857.
8854.
8853.
8853.
8854.
8857.
8861.
8865.
8868.
8871.
8874.
8876.
8876.
8876.
8876.
8875.
8873.
8871.
8869.
8868.
8866.
8865.
8863.
8861.
8858.
8857.
8856.
8855.
8853.
8852.
8851.
8849.
8849.
8849.
8848.
8846.
8846.
8846.
8846.
8845.
8844.
8843.
8843.
8843.
8843.
8843.
8843.
8843.
8843.
8843.
8844.
8845.
8844.
8845.
8846.
8848.
8848.
8848.
8850.
8852.
8852.
8854.
8855.
8856.
8857.
8860.
8862.
8864.
8864.
8867.
8869.
8872.
8874.
8876.
8878.
8881.
8883.
8885.
8889.
8891.
8893.
8896.
8899.
8902.
8905.
8907.
8911.
8914.
8915.
8919.
8922.
8925.
8927.
8930.
8933.
8936.
8938.
8940.
8944.
8945.
8949.
8950.
8952.
8954.
8955.
8956.
8959.
8960.
8961.
8961.
8962.
8962.
8963.
8963.
8963.
8962.
8962.
8962.
8961.
8961.
8959.
8959.
8957.
8955.
8955.
8953.
8951.
8951.
8948.
8946.
8944.
8942.
8939.
8937.
8936.
8933.
8931.
8929.
8926.
8923.
8921.
8917.
8915.
8912.
8909.
8907.
8904.
8900.
8897.
8894.
8891.
8887.
8884.
8881.
8877.
8873.
8869.
8865.
8861.
8857.
8853.
8850.
8847.
8843.
8837.
8833.
8829.
8826.
8821.
8817.
8813.
8808.
8803.
8799.
8794.
8790.
8786.
8785.
8787.
8790.
8796.
8802.
8806.
8812.
8815.
8819.
8821.
8822.
8823.
8824.
8823.
8824.
8823.
8822.
8821.
8821.
8821.
8822.
8822.
8824.
8823.
8824.
8825.
8826.
8827.
8826.
8828.
8830.
8831.
8832.
8834.
8836.
8840.
8841.
8843.
8845.
8848.
8850.
8853.
8856.
8859.
8862.
8866.
8870.
8872.
8876.
8878.
8882.
8885.
8889.
8893.
8897.
8900.
8905.
8909.
8914.
8917.
8921.
8925.
8929.
8933.
8936.
8940.
8944.
8948.
8950.
8955.
8958.
8961.
8963.
8965.
8966.
8968.
8969.
8970.
8970.
8971.
8971.
8970.
8970.
8970.
8969.
8967.
8966.
8966.
8965.
8962.
8961.
8958.
8956.
8954.
8952.
8949.
8946.
8944.
8941.
8939.
8936.
8934.
8930.
8927.
8924.
8921.
8917.
8913.
8910.
8907.
8904.
8900.
8895.
8890.
8887.
8883.
8879.
8876.
8872.
8867.
8863.
8859.
8855.
8850.
8847.
8843.
8838.
8834.
8829.
8825.
8822.
8819.
8819.
8821.
8824.
8828.
8832.
8836.
8841.
8845.
8849.
8851.
8853.
8852.
8854.
8854.
8854.
8853.
8853.
8852.
8851.
8849.
8848.
8848.
8847.
8847.
8847.
8847.
8847.
8846.
8845.
8845.
8845.
8844.
8844.
8845.
8844.
8843.
8844.
8844.
8845.
8845.
8845.
8846.
8847.
8847.
8847.
8848.
8849.
8849.
8852.
8854.
8855.
8857.
8860.
8863.
8866.
8868.
8872.
8876.
8879.
8881.
8885.
8889.
8894.
8897.
8901.
8904.
8908.
8911.
8914.
8919.
8922.
8926.
8930.
8934.
8938.
8941.
8945.
8949.
8953.
8956.
8960.
8963.
8966.
8970.
8973.
8976.
8980.
8982.
8985.
8988.
8991.
8992.
8995.
8997.
8998.
9000.
9001.
9001.
9002.
9003.
9003.
9003.
9002.
9002.
9002.
9001.
9000.
8998.
8999.
8997.
8994.
8993.
8992.
8990.
8989.
8986.
8984.
8983.
8980.
8979.
8975.
8974.
8970.
8968.
8965.
8962.
8960.
8956.
8954.
8951.
8948.
8944.
8942.
8939.
8936.
8932.
8927.
8925.
8922.
8917.
8914.
8911.
8907.
8903.
8900.
8895.
8893.
8887.
8883.
8879.
8876.
8872.
8867.
8863.
8859.
8854.
8851.
8846.
8841.
8837.
8833.
8828.
8823.
8819.
8815.
8812.
8808.
8809.
8812.
8815.
8819.
8821.
8827.
8829.
8832.
8832.
8832.
8833.
8831.
8831.
8829.
8827.
8825.
8825.
8823.
8822.
8821.
8822.
8821.
8819.
8818.
8818.
8818.
8818.
8817.
8816.
8818.
8818.
8818.
8817.
8819.
8818.
8819.
8819.
8819.
8821.
8823.
8823.
8824.
8826.
8828.
8830.
8831.
8833.
8835.
8837.
8840.
8842.
8844.
8847.
8850.
8853.
8856.
8859.
8862.
8865.
8868.
8873.
8874.
8879.
8883.
8884.
8889.
8893.
8897.
8900.
8903.
8907.
8912.
8915.
8918.
8923.
8927.
8931.
8934.
8937.
8940.
8942.
8945.
8948.
8949.
8952.
8953.
8955.
8956.
8957.
8958.
8959.
8959.
8959.
8959.
8958.
8957.
8957.
8956.
8954.
8953.
8951.
8949.
8948.
8947.
8946.
8944.
8941.
8938.
8936.
8934.
8931.
8929.
8927.
8923.
8920.
8917.
8914.
8911.
8908.
8905.
8901.
8898.
8895.
8892.
8888.
8884.
8880.
8876.
8872.
8868.
8865.
8861.
8858.
8854.
8850.
8846.
8842.
8838.
8835.
8833.
8831.
8832.
8835.
8839.
8844.
8849.
8855.
8859.
8864.
8868.
8872.
8875.
8877.
8880.
8883.
8885.
8887.
8888.
8890.
8892.
8893.
8896.
8897.
8899.
8901.
8904.
8906.
8909.
8911.
8914.
8917.
8920.
8922.
8926.
8928.
8931.
8933.
8936.
8937.
8941.
8944.
8947.
8950.
8953.
8957.
8961.
8964.
8967.
8970.
8974.
8977.
8982.
8985.
8988.
8992.
8996.
8999.
9002.
9005.
9010.
9013.
9017.
9021.
9023.
9026.
9028.
9031.
9034.
9036.
9036.
9040.
9041.
9043.
9044.
9045.
9046.
9046.
9047.
9047.
9047.
9047.
9045.
9046.
9045.
9044.
9042.
9040.
9039.
9038.
9037.
9035.
9033.
9030.
9029.
9026.
9024.
9022.
9020.
9018.
9015.
9012.
9009.
9006.
9003.
9001.
8997.
8994.
8991.
8987.
8984.
8981.
8978.
8974.
8969.
8966.
8963.
8960.
8955.
8951.
8947.
8943.
8939.
8936.
8931.
8928.
8923.
8919.
8915.
8910.
8906.
8902.
8897.
8893.
8888.
8883.
8879.
8874.
8870.
8865.
8861.
8856.
8853.
8851.
8854.
8856.
8860.
8864.
8869.
8873.
8877.
8881.
8883.
8885.
8886.
8886.
8885.
8885.
8885.
8884.
8883.
8882.
8882.
8883.
8883.
8882.
8881.
8882.
8883.
8882.
8884.
8884.
8884.
8885.
8887.
8888.
8889.
8889.
8892.
8893.
8896.
8897.
8899.
8902.
8905.
8907.
8909.
8911.
8915.
8918.
8921.
8924.
8927.
8929.
8933.
8935.
8939.
8943.
8946.
8949.
8954.
8957.
8960.
8963.
8967.
8971.
8974.
8978.
8982.
8985.
8989.
8992.
8995.
8999.
9002.
9004.
9007.
9009.
9010.
9013.
9014.
9015.
9017.
9018.
9017.
9017.
9018.
9017.
9016.
9016.
9015.
9015.
9014.
9012.
9010.
9010.
9008.
9006.
9004.
9002.
8999.
8996.
8995.
8992.
8990.
8987.
8985.
8982.
8978.
8975.
8973.
8970.
8966.
8963.
8959.
8957.
8952.
8949.
8945.
8942.
8938.
8933.
8930.
8927.
8923.
8919.
8916.
8912.
8907.
8904.
8900.
8896.
8893.
8888.
8884.
8880.
8877.
8873.
8871.
8873.
8875.
8877.
8880.
8883.
8886.
8889.
8892.
8895.
8896.
8897.
8897.
8898.
8897.
8897.
8896.
8895.
8895.
8896.
8896.
8895.
8895.
8896.
8896.
8895.
8897.
8897.
8897.
8898.
8900.
8901.
8901.
8903.
8904.
8906.
8907.
8909.
8910.
8913.
8915.
8917.
8920.
8923.
8925.
8928.
8931.
8934.
8936.
8939.
8944.
8945.
8949.
8953.
8956.
8960.
8963.
8965.
8970.
8974.
8977.
8981.
8984.
8987.
8991.
8995.
8998.
9001.
9004.
9008.
9012.
9014.
9017.
9020.
9022.
9024.
9026.
9027.
9028.
9029.
9029.
9030.
9030.
9030.
9030.
9029.
9030.
9029.
9028.
9027.
9026.
9025.
9024.
9021.
9021.
9019.
9017.
9014.
9013.
9011.
9007.
9006.
9004.
9001.
8998.
8996.
8994.
8991.
8988.
8984.
8982.
8979.
8976.
8972.
8969.
8967.
8963.
8960.
8956.
8952.
8948.
8945.
8941.
8938.
8935.
8931.
8927.
8923.
8919.
8915.
8912.
8907.
8903.
8901.
8897.
8892.
8888.
8884.
8880.
8876.
8872.
8867.
8863.
8859.
8854.
8850.
8846.
8843.
8840.
8840.
8840.
8842.
8846.
8849.
8851.
8853.
8854.
8857.
8859.
8860.
8861.
8861.
8861.
8859.
8859.
8858.
8857.
8856.
8855.
8855.
8854.
8855.
8854.
8855.
8855.
8855.
8855.
8855.
8856.
8856.
8857.
8857.
8858.
8858.
8859.
8860.
8862.
8862.
8864.
8866.
8867.
8868.
8870.
8873.
8875.
8877.
8879.
8882.
8885.
8887.
8890.
8893.
8895.
8899.
8901.
8904.
8908.
8910.
8913.
8917.
8921.
8924.
8928.
8930.
8935.
8937.
8941.
8945.
8949.
8952.
8955.
8958.
8961.
8964.
8966.
8968.
8969.
8971.
8974.
8975.
8977.
8979.
8980.
8980.
8980.
8980.
8979.
8978.
8977.
8977.
8977.
8976.
8973.
8972.
8973.
8971.
8969.
8967.
8965.
8963.
8961.
8960.
8957.
8954.
8952.
8950.
8947.
8945.
8942.
8939.
8937.
8932.
8930.
8926.
8923.
8921.
8918.
8914.
8911.
8908.
8905.
8902.
8899.
8895.
8891.
8888.
8886.
8881.
8878.
8875.
8872.
8868.
8864.
8861.
8859.
8858.
8860.
8862.
8867.
8871.
8874.
8879.
8883.
8886.
8890.
8893.
8896.
8900.
8902.
8904.
8906.
8908.
8909.
8910.
8911.
8914.
8915.
8916.
8916.
8919.
8922.
8922.
8924.
8925.
8927.
8929.
8931.
8933.
8934.
8937.
8939.
8940.
8944.
8946.
8947.
8951.
8952.
8955.
8958.
8961.
8963.
8966.
8968.
8972.
8974.
8978.
8980.
8983.
8987.
8990.
8992.
8995.
8998.
9001.
9004.
9006.
9010.
9012.
9015.
9018.
9020.
9022.
9025.
9025.
9027.
9029.
9031.
9032.
9033.
9033.
9034.
9035.
9036.
9035.
9035.
9035.
9036.
9034.
9033.
9032.
9032.
9030.
9029.
9027.
9026.
9025.
9023.
9021.
9020.
9018.
9016.
9014.
9012.
9009.
9006.
9004.
9001.
8999.
8997.
8995.
8992.
8989.
8986.
8983.
8980.
8976.
8974.
8971.
8967.
8964.
8962.
8958.
8954.
8951.
8948.
8944.
8941.
8937.
8933.
8930.
8927.
8923.
8919.
8915.
8912.
8907.
8903.
8898.
8895.
8891.
8887.
8882.
8878.
8874.
8870.
8866.
8860.
8857.
8853.
8848.
8847.
8844.
8845.
8847.
8850.
8855.
8858.
8862.
8865.
8868.
8869.
8871.
8871.
8870.
8870.
8869.
8867.
8866.
8864.
8864.
8863.
8863.
8862.
8861.
8861.
8860.
8860.
8860.
8859.
8859.
8858.
8858.
8859.
8859.
8859.
8859.
8860.
8860.
8861.
8862.
8862.
8863.
8863.
8866.
8867.
8867.
8869.
8871.
8872.
8873.
8875.
8877.
8880.
8882.
8883.
8886.
8888.
8889.
8892.
8896.
8899.
8900.
8904.
8906.
8909.
8911.
8914.
8917.
8921.
8924.
8928.
8930.
8933.
8936.
8940.
8943.
8946.
8949.
8951.
8953.
8957.
8960.
8962.
8964.
8967.
8968.
8970.
8971.
8972.
8973.
8974.
8974.
8976.
8975.
8976.
8975.
8975.
8975.
8974.
8974.
8972.
8971.
8969.
8968.
8966.
8965.
8964.
8962.
8960.
8958.
8956.
8953.
8951.
8949.
8946.
8943.
8941.
8938.
8936.
8933.
8930.
8927.
8924.
8920.
8917.
8913.
8910.
8907.
8904.
8900.
8897.
8893.
8890.
8886.
8883.
8879.
8875.
8872.
8868.
8864.
8861.
8855.
8852.
8848.
8844.
8843.
8844.
8847.
8849.
8854.
8858.
8863.
8866.
8870.
8870.
8872.
8874.
8874.
8875.
8875.
8873.
8873.
8872.
8872.
8872.
8871.
8871.
8871.
8872.
8872.
8872.
8872.
8873.
8873.
8874.
8874.
8876.
8877.
8878.
8879.
8881.
8882.
8885.
8887.
8889.
8890.
8892.
8895.
8898.
8900.
8902.
8906.
8909.
8910.
8914.
8916.
8919.
8922.
8926.
8929.
8933.
8936.
8938.
8942.
8946.
8949.
8953.
8956.
8961.
8964.
8967.
8969.
8973.
8976.
8978.
8981.
8984.
8986.
8988.
8990.
8993.
8994.
8994.
8993.
8994.
8995.
8995.
8995.
8995.
8995.
8994.
8992.
8993.
8991.
8990.
8990.
8987.
8986.
8984.
8982.
8981.
8979.
8977.
8973.
8973.
8969.
8968.
8965.
8961.
8959.
8957.
8955.
8950.
8948.
8944.
8941.
8938.
8934.
8931.
8930.
8926.
8921.
8917.
8914.
8910.
8908.
8904.
8900.
8897.
8893.
8889.
8885.
8881.
8878.
8873.
8870.
8865.
8861.
8858.
8853.
8849.
8845.
8842.
8838.
8837.
8838.
8839.
8843.
8847.
8850.
8854.
8857.
8859.
8860.
8859.
8859.
8858.
8858.
8856.
8855.
8854.
8854.
8853.
8853.
8852.
8850.
8851.
8852.
8852.
8852.
8852.
8852.
8852.
8853.
8853.
8854.
8855.
8855.
8856.
8858.
8858.
8860.
8861.
8862.
8865.
8866.
8868.
8871.
8873.
8875.
8877.
8879.
8882.
8884.
8887.
8890.
8892.
8895.
8899.
8902.
8905.
8907.
8911.
8914.
8917.
8920.
8924.
8928.
8931.
8934.
8937.
8941.
8944.
8947.
8950.
8954.
8956.
8959.
8962.
8964.
8967.
8968.
8970.
8971.
8973.
8973.
8973.
8975.
8976.
8975.
8975.
8974.
8974.
8974.
8972.
8971.
8971.
8969.
8968.
8967.
8967.
8964.
8963.
8962.
8959.
8957.
8955.
8952.
8950.
8948.
8945.
8943.
8940.
8938.
8935.
8932.
8929.
8926.
8923.
8919.
8917.
8914.
8911.
8907.
8905.
8900.
8897.
8893.
8890.
8887.
8884.
8880.
8876.
8873.
8869.
8865.
8861.
8857.
8853.
8850.
8846.
8843.
8838.
8834.
8831.
8827.
8825.
8823.
8825.
8827.
8831.
8836.
8839.
8843.
8847.
8851.
8854.
8857.
8859.
8861.
8861.
8860.
8861.
8861.
8860.
8860.
8861.
8860.
8860.
8860.
8861.
8861.
8862.
8862.
8863.
8864.
8865.
8866.
8866.
8868.
8870.
8871.
8872.
8875.
8876.
8877.
8879.
8882.
8884.
8886.
8888.
8891.
8894.
8896.
8899.
8902.
8905.
8908.
8910.
8914.
8918.
8920.
8922.
8926.
8929.
8932.
8935.
8939.
8942.
8945.
8948.
8952.
8954.
8956.
8959.
8962.
8965.
8966.
8968.
8969.
8972.
8973.
8974.
8975.
8975.
8976.
8976.
8976.
8975.
8974.
8974.
8975.
8973.
8971.
8969.
8969.
8968.
8967.
8965.
8963.
8962.
8960.
8958.
8957.
8954.
8951.
8949.
8946.
8944.
8940.
8938.
8936.
8933.
8931.
8927.
8924.
8922.
8918.
8915.
8911.
8909.
8905.
8902.
8898.
8895.
8891.
8886.
8883.
8880.
8877.
8872.
8869.
8865.
8861.
8857.
8853.
8848.
8845.
8843.
8839.
8839.
8838.
8840.
8843.
8848.
8853.
8859.
8864.
8868.
8872.
8875.
8878.
8878.
8879.
8879.
8880.
8880.
8880.
8880.
8879.
8878.
8879.
8878.
8878.
8877.
8878.
8878.
8878.
8878.
8877.
8877.
8877.
8877.
8877.
8878.
8878.
8879.
8880.
8879.
8881.
8880.
8882.
8882.
8884.
8886.
8886.
8887.
8889.
8890.
8890.
8892.
8892.
8894.
8896.
8897.
8899.
8901.
8903.
8904.
8906.
8908.
8909.
8911.
8913.
8916.
8918.
8920.
8923.
8925.
8927.
8928.
8931.
8933.
8934.
8936.
8938.
8940.
8943.
8945.
8946.
8950.
8950.
8952.
8953.
8955.
8955.
8957.
8956.
8959.
8959.
8960.
8960.
8961.
8961.
8960.
8961.
8960.
8959.
8958.
8958.
8957.
8956.
8955.
8954.
8953.
8952.
8950.
8949.
8946.
8945.
8943.
8941.
8940.
8938.
8936.
8932.
8931.
8930.
8926.
8923.
8921.
8918.
8914.
8913.
8910.
8907.
8904.
8902.
8899.
8896.
8893.
8888.
8885.
8881.
8878.
8875.
8872.
8868.
8864.
8861.
8857.
8854.
8849.
8846.
8843.
8839.
8835.
8831.
8826.
8823.
8819.
8814.
8811.
8806.
8802.
8798.
8794.
8789.
8785.
8781.
8777.
8771.
8768.
8766.
8766.
8768.
8772.
8777.
8781.
8787.
8790.
8794.
8797.
8799.
8803.
8804.
8804.
8805.
8806.
8805.
8805.
8805.
8804.
8804.
8805.
8806.
8805.
8807.