5451.
5459.
5464.
5470.
5475.
5477.
5477.
5475.
5469.
5460.
5453.
5444.
5434.
5422.
5410.
5398.
5383.
5370.
5356.
5342.
5329.
5317.
5306.
5297.
5291.
5285.
5282.
5278.
5275.
5275.
5273.
5270.
5269.
5268.
5267.
5264.
5263.
5261.
5259.
5258.
5256.
5254.
5253.
5252.
5250.
5249.
5249.
5247.
5246.
5246.
5245.
5245.
5243.
5244.
5245.
5245.
5245.
5246.
5247.
5247.
5250.
5251.
5253.
5254.
5258.
5260.
5263.
5266.
5271.
5275.
5279.
5283.
5287.
5292.
5297.
5303.
5309.
5314.
5319.
5325.
5331.
5336.
5342.
5348.
5353.
5359.
5365.
5371.
5377.
5384.
5390.
5396.
5402.
5409.
5415.
5421.
5427.
5434.
5440.
5447.
5454.
5460.
5466.
5472.
5479.
5485.
5491.
5495.
5496.
5495.
5489.
5484.
5477.
5468.
5459.
5449.
5438.
5427.
5415.
5404.
5391.
5380.
5367.
5356.
5345.
5337.
5329.
5324.
5319.
5317.
5314.
5311.
5310.
5309.
5307.
5305.
5303.
5302.
5300.
5299.
5297.
5295.
5293.
5290.
5290.
5289.
5287.
5286.
5284.
5282.
5282.
5281.
5280.
5279.
5278.
5277.
5277.
5276.
5275.
5275.
5276.
5276.
5276.
5277.
5278.
5279.
5280.
5283.
5286.
5288.
5290.
5293.
5297.
5300.
5304.
5307.
5311.
5317.
5321.
5326.
5331.
5336.
5341.
5346.
5352.
5357.
5362.
5368.
5375.
5380.
5386.
5392.
5397.
5404.
5409.
5415.
5421.
5428.
5434.
5440.
5445.
5453.
5458.
5465.
5471.
5477.
5483.
5490.
5498.
5503.
5507.
5510.
5510.
5507.
5503.
5496.
5488.
5481.
5472.
5463.
5452.
5442.
5431.
5419.
5409.
5399.
5390.
5384.
5379.
5375.
5372.
5370.
5366.
5365.
5364.
5362.
5360.
5359.
5356.
5355.
5353.
5352.
5350.
5348.
5345.
5344.
5343.
5342.
5339.
5337.
5335.
5334.
5333.
5331.
5329.
5328.
5327.
5326.
5323.
5323.
5322.
5322.
5322.
5322.
5321.
5322.
5323.
5323.
5324.
5325.
5327.
5327.
5329.
5333.
5334.
5336.
5340.
5344.
5348.
5352.
5356.
5360.
5364.
5369.
5373.
5379.
5384.
5389.
5394.
5400.
5405.
5410.
5415.
5421.
5426.
5433.
5439.
5444.
5450.
5456.
5462.
5468.
5474.
5479.
5486.
5493.
5499.
5504.
5507.
5507.
5505.
5501.
5494.
5486.
5479.
5472.
5462.
5451.
5442.
5431.
5420.
5409.
5398.
5386.
5377.
5370.
5363.
5357.
5354.
5351.
5348.
5347.
5344.
5343.
5342.
5340.
5338.
5336.
5334.
5332.
5330.
5328.
5327.
5326.
5324.
5322.
5322.
5320.
5318.
5317.
5315.
5313.
5312.
5312.
5311.
5310.
5309.
5309.
5308.
5307.
5307.
5307.
5306.
5308.
5308.
5310.
5312.
5313.
5314.
5316.
5318.
5321.
5324.
5327.
5330.
5334.
5339.
5342.
5346.
5351.
5356.
5360.
5365.
5370.
5375.
5380.
5385.
5391.
5396.
5402.
5407.
5413.
5419.
5424.
5430.
5436.
5442.
5448.
5454.
5459.
5465.
5472.
5477.
5484.
5490.
5496.
5503.
5509.
5516.
5522.
5527.
5533.
5537.
5540.
5540.
5536.
5530.
5523.
5516.
5507.
5497.
5486.
5472.
5460.
5447.
5434.
5422.
5411.
5400.
5390.
5382.
5377.
5371.
5367.
5366.
5362.
5360.
5359.
5358.
5356.
5354.
5352.
5350.
5349.
5346.
5345.
5344.
5342.
5342.
5340.
5339.
5337.
5336.
5334.
5334.
5332.
5331.
5329.
5329.
5327.
5327.
5326.
5326.
5325.
5325.
5326.
5326.
5326.
5327.
5328.
5329.
5330.
5331.
5333.
5336.
5338.
5339.
5343.
5345.
5349.
5353.
5357.
5360.
5364.
5369.
5374.
5378.
5382.
5388.
5393.
5398.
5402.
5408.
5415.
5419.
5425.
5431.
5435.
5442.
5447.
5453.
5459.
5464.
5471.
5476.
5483.
5489.
5494.
5501.
5507.
5513.
5519.
5525.
5530.
5534.
5535.
5534.
5529.
5523.
5515.
5508.
5498.
5488.
5477.
5465.
5452.
5440.
5428.
5415.
5402.
5390.
5378.
5368.
5358.
5351.
5345.
5340.
5337.
5335.
5333.
5330.
5327.
5328.
5325.
5324.
5321.
5319.
5318.
5316.
5315.
5313.
5312.
5310.
5309.
5308.
5306.
5305.
5305.
5304.
5302.
5302.
5301.
5300.
5299.
5299.
5299.
5299.
5299.
5298.
5300.
5300.
5302.
5303.
5305.
5306.
5308.
5310.
5313.
5315.
5318.
5322.
5326.
5329.
5334.
5337.
5342.
5346.
5351.
5356.
5360.
5366.
5370.
5376.
5383.
5388.
5393.
5399.
5405.
5410.
5416.
5421.
5427.
5433.
5439.
5445.
5451.
5457.
5464.
5470.
5475.
5482.
5488.
5494.
5500.
5506.
5513.
5518.
5525.
5531.
5538.
5545.
5552.
5558.
5565.
5572.
5579.
5585.
5591.
5596.
5598.
5597.
5594.
5588.
5580.
5571.
5560.
5547.
5534.
5519.
5505.
5490.
5474.
5459.
5444.
5428.
5413.
5400.
5388.
5378.
5370.
5364.
5360.
5356.
5354.
5352.
5350.
5349.
5348.
5345.
5344.
5343.
5340.
5340.
5338.
5337.
5335.
5334.
5333.
5332.
5330.
5329.
5328.
5327.
5326.
5326.
5325.
5325.
5324.
5323.
5323.
5322.
5322.
5322.
5322.
5321.
5323.
5323.
5325.
5326.
5328.
5329.
5330.
5334.
5336.
5339.
5341.
5345.
5348.
5353.
5356.
5359.
5364.
5369.
5374.
5378.
5384.
5389.
5393.
5399.
5404.
5410.
5415.
5419.
5425.
5431.
5437.
5444.
5448.
5454.
5460.
5466.
5472.
5478.
5484.
5491.
5498.
5503.
5509.
5516.
5521.
5529.
5535.
5541.
5548.
5555.
5561.
5565.
5568.
5569.
5566.
5560.
5553.
5543.
5532.
5522.
5510.
5499.
5485.
5471.
5457.
5442.
5427.
5411.
5397.
5385.
5374.
5364.
5356.
5351.
5347.
5343.
5341.
5339.
5337.
5335.
5333.
5332.
5330.
5328.
5327.
5325.
5324.
5322.
5321.
5320.
5317.
5316.
5316.
5314.
5313.
5312.
5312.
5310.
5310.
5309.
5308.
5308.
5309.
5308.
5309.
5310.
5310.
5311.
5312.
5313.
5315.
5317.
5319.
5322.
5324.
5327.
5331.
5334.
5338.
5343.
5346.
5351.
5354.
5359.
5365.
5370.
5375.
5380.
5385.
5390.
5395.
5401.
5407.
5412.
5418.
5424.
5430.
5435.
5443.
5449.
5455.
5461.
5467.
5472.
5479.
5485.
5492.
5498.
5505.
5510.
5517.
5524.
5530.
5535.
5542.
5550.
5557.
5562.
5568.
5575.
5581.
5584.
5584.
5581.
5576.
5570.
5561.
5553.
5543.
5531.
5518.
5504.
5489.
5474.
5457.
5439.
5424.
5409.
5395.
5381.
5369.
5359.
5351.
5345.
5340.
5336.
5334.
5332.
5331.
5330.
5328.
5327.
5324.
5323.
5322.
5320.
5319.
5318.
5318.
5316.
5315.
5314.
5314.
5312.
5312.
5311.
5310.
5310.
5309.
5309.
5309.
5309.
5310.
5309.
5310.
5311.
5311.
5312.
5314.
5315.
5318.
5320.
5322.
5325.
5328.
5331.
5335.
5339.
5343.
5347.
5351.
5356.
5361.
5366.
5371.
5377.
5382.
5386.
5392.
5397.
5404.
5410.
5415.
5420.
5427.
5433.
5439.
5445.
5451.
5457.
5464.
5469.
5475.
5482.
5488.
5494.
5500.
5507.
5515.
5520.
5527.
5533.
5539.
5546.
5553.
5559.
5565.
5572.
5577.
5578.
5577.
5572.
5567.
5560.
5552.
5542.
5531.
5520.
5508.
5495.
5483.
5471.
5458.
5446.
5434.
5423.
5414.
5406.
5400.
5394.
5391.
5388.
5386.
5385.
5384.
5382.
5380.
5379.
5377.
5376.
5374.
5371.
5370.
5368.
5367.
5365.
5365.
5363.
5361.
5360.
5358.
5358.
5356.
5355.
5355.
5353.
5352.
5352.
5351.
5350.
5350.
5349.
5349.
5349.
5350.
5350.
5352.
5353.
5355.
5356.
5358.
5360.
5364.
5367.
5370.
5373.
5377.
5381.
5385.
5389.
5394.
5399.
5404.
5408.
5413.
5418.
5423.
5428.
5435.
5440.
5445.
5451.
5457.
5462.
5467.
5473.
5477.
5480.
5479.
5476.
5470.
5463.
5454.
5444.
5432.
5421.
5409.
5397.
5385.
5371.
5358.
5345.
5331.
5318.
5305.
5295.
5286.
5278.
5273.
5269.
5266.
5264.
5262.
5261.
5259.
5259.
5257.
5256.
5254.
5253.
5252.
5251.
5250.
5249.
5248.
5247.
5246.
5246.
5246.
5245.
5244.
5244.
5244.
5244.
5244.
5246.
5245.
5247.
5248.
5250.
5250.
5253.
5255.
5257.
5260.
5263.
5266.
5269.
5273.
5277.
5281.
5286.
5292.
5295.
5300.
5306.
5311.
5316.
5322.
5327.
5333.
5339.
5344.
5350.
5356.
5363.
5368.
5374.
5380.
5386.
5392.
5398.
5404.
5411.
5417.
5423.
5431.
5437.
5444.
5448.
5455.
5462.
5469.
5476.
5482.
5489.
5495.
5502.
5509.
5515.
5523.
5529.
5535.
5542.
5549.
5556.
5562.
5568.
5570.
5572.
5570.
5565.
5559.
5552.
5545.
5534.
5524.
5512.
5500.
5486.
5472.
5457.
5442.
5429.
5416.
5405.
5395.
5388.
5382.
5378.
5375.
5372.
5371.
5371.
5369.
5367.
5366.
5364.
5363.
5361.
5360.
5358.
5356.
5355.
5354.
5352.
5351.
5350.
5349.
5349.
5347.
5345.
5345.
5344.
5343.
5342.
5341.
5341.
5341.
5340.
5340.
5341.
5341.
5341.
5341.
5342.
5343.
5344.
5347.
5348.
5350.
5352.
5354.
5357.
5359.
5363.
5367.
5371.
5374.
5379.
5384.
5388.
5392.
5397.
5402.
5406.
5412.
5416.
5422.
5427.
5432.
5438.
5444.
5450.
5455.
5461.
5467.
5473.
5478.
5484.
5490.
5497.
5502.
5509.
5515.
5521.
5526.
5532.
5540.
5545.
5552.
5559.
5565.
5571.
5578.
5584.
5590.
5594.
5596.
5594.
5591.
5585.
5579.
5571.
5562.
5550.
5539.
5526.
5514.
5501.
5487.
5473.
5460.
5447.
5435.
5425.
5415.
5406.
5401.
5396.
5393.
5391.
5388.
5385.
5385.
5384.
5382.
5379.
5378.
5377.
5375.
5373.
5373.
5370.
5369.
5368.
5367.
5365.
5364.
5362.
5362.
5360.
5359.
5358.
5358.
5357.
5356.
5356.
5355.
5355.
5356.
5355.
5355.
5355.
5356.
5356.
5358.
5361.
5362.
5364.
5366.
5368.
5371.
5374.
5379.
5382.
5385.
5390.
5394.
5398.
5403.
5407.
5413.
5417.
5422.
5427.
5433.
5437.
5444.
5449.
5454.
5459.
5466.
5471.
5476.
5481.
5488.
5493.
5499.
5505.
5512.
5517.
5525.
5530.
5535.
5541.
5548.
5553.
5556.
5556.
5552.
5546.
5539.
5528.
5518.
5506.
5493.
5480.
5466.
5451.
5437.
5422.
5407.
5392.
5377.
5363.
5349.
5336.
5325.
5316.
5308.
5301.
5297.
5293.
5291.
5290.
5288.
5286.
5284.
5283.
5282.
5280.
5279.
5278.
5275.
5274.
5274.
5272.
5271.
5270.
5270.
5269.
5268.
5266.
5267.
5266.
5267.
5267.
5267.
5267.
5268.
5268.
5269.
5271.
5271.
5274.
5277.
5278.
5280.
5283.
5285.
5288.
5293.
5296.
5301.
5304.
5309.
5314.
5319.
5323.
5328.
5334.
5340.
5345.
5351.
5356.
5362.
5368.
5373.
5379.
5385.
5391.
5397.
5402.
5408.
5415.
5421.
5426.
5433.
5440.
5446.
5452.
5458.
5465.
5471.
5478.
5484.
5491.
5497.
5503.
5511.
5517.
5523.
5531.
5537.
5545.
5551.
5558.
5564.
5571.
5578.
5584.
5589.
5591.
5592.
5589.
5584.
5576.
5567.
5557.
5548.
5537.
5525.
5512.
5499.
5486.
5472.
5458.
5445.
5432.
5419.
5407.
5399.
5390.
5385.
5382.
5379.
5378.
5376.
5375.
5375.
5373.
5371.
5369.
5368.
5367.
5366.
5364.
5363.
5362.
5361.
5359.
5359.
5358.
5357.
5356.
5354.
5353.
5353.
5352.
5351.
5351.
5351.
5350.
5349.
5348.
5348.
5349.
5350.
5349.
5350.
5350.
5351.
5353.
5354.
5356.
5359.
5361.
5363.
5365.
5368.
5371.
5374.
5378.
5382.
5386.
5390.
5395.
5400.
5404.
5409.
5415.
5419.
5425.
5430.
5435.
5440.
5445.
5451.
5456.
5462.
5467.
5473.
5478.
5484.
5490.
5497.
5503.
5509.
5515.
5521.
5527.
5533.
5539.
5546.
5552.
5559.
5565.
5571.
5576.
5581.
5582.
5580.
5577.
5571.
5564.
5555.
5545.
5534.
5522.
5508.
5494.
5480.
5466.
5452.
5437.
5423.
5408.
5395.
5382.
5370.
5362.
5354.
5349.
5345.
5342.
5340.
5337.
5338.
5336.
5334.
5333.
5331.
5330.
5328.
5327.
5325.
5324.
5323.
5321.
5320.
5319.
5318.
5317.
5316.
5316.
5315.
5314.
5314.
5313.
5313.
5313.
5313.
5313.
5314.
5314.
5314.
5315.
5316.
5317.
5318.
5321.
5323.
5326.
5328.
5331.
5335.
5339.
5342.
5346.
5349.
5354.
5358.
5363.
5369.
5373.
5379.
5384.
5390.
5395.
5400.
5406.
5411.
5416.
5422.
5427.
5433.
5439.
5445.
5452.
5458.
5463.
5470.
5475.
5482.
5488.
5494.
5501.
5506.
5512.
5519.
5525.
5531.
5537.
5544.
5550.
5558.
5564.
5570.
5575.
5579.
5581.
5579.
5574.
5567.
5559.
5550.
5538.
5527.
5513.
5499.
5486.
5472.
5457.
5442.
5428.
5413.
5398.
5385.
5372.
5359.
5350.
5341.
5335.
5330.
5326.
5324.
5322.
5320.
5319.
5317.
5315.
5314.
5312.
5310.
5308.
5306.
5306.
5305.
5303.
5302.
5300.
5300.
5298.
5298.
5297.
5296.
5296.
5296.
5295.
5294.
5294.
5294.
5294.
5295.
5296.
5297.
5297.
5298.
5300.
5302.
5304.
5307.
5309.
5312.
5316.
5320.
5325.
5327.
5332.
5337.
5340.
5346.
5351.
5357.
5362.
5367.
5373.
5379.
5384.
5389.
5395.
5401.
5406.
5413.
5418.
5424.
5430.
5437.
5442.
5449.
5455.
5461.
5467.
5473.
5479.
5486.
5492.
5499.
5505.
5511.
5518.
5524.
5531.
5537.
5544.
5551.
5555.
5557.
5560.
5558.
5552.
5545.
5535.
5526.
5515.
5504.
5492.
5480.
5466.
5453.
5440.
5426.
5413.
5400.
5388.
5379.
5370.
5364.
5360.
5356.
5353.
5352.
5349.
5349.
5348.
5346.
5344.
5343.
5342.
5339.
5338.
5337.
5335.
5335.
5333.
5331.
5330.
5329.
5329.
5328.
5328.
5327.
5326.
5326.
5326.
5326.
5325.
5325.
5325.
5325.
5326.
5326.
5327.
5328.
5329.
5331.
5333.
5334.
5337.
5340.
5343.
5347.
5350.
5353.
5357.
5360.
5365.
5369.
5374.
5380.
5385.
5389.
5394.
5400.
5405.
5411.
5416.
5421.
5426.
5433.
5439.
5444.
5451.
5456.
5461.
5468.
5474.
5480.
5486.
5491.
5497.
5503.
5510.
5517.
5523.
5530.
5535.
5541.
5545.
5545.
5545.
5541.
5534.
5526.
5518.
5510.
5500.
5490.
5479.
5468.
5457.
5444.
5433.
5420.
5409.
5398.
5387.
5379.
5372.
5364.
5359.
5356.
5353.
5351.
5349.
5348.
5345.
5344.
5343.
5341.
5338.
5337.
5336.
5334.
5333.
5331.
5330.
5329.
5328.
5327.
5326.
5326.
5326.
5324.
5323.
5323.
5321.
5321.
5322.
5322.
5322.
5322.
5323.
5324.
5325.
5326.
5327.
5329.
5331.
5333.
5335.
5338.
5341.
5345.
5348.
5351.
5356.
5360.
5364.
5368.
5373.
5379.
5384.
5389.
5394.
5399.
5405.
5410.
5415.
5421.
5426.
5432.
5439.
5444.
5450.
5455.
5462.
5468.
5473.
5478.
5484.
5490.
5497.
5503.
5510.
5516.
5522.
5528.
5533.
5541.
5548.
5554.
5560.
5567.
5573.
5577.
5581.
5581.
5578.
5574.
5567.
5559.
5550.
5540.
5529.
5517.
5504.
5492.
5479.
5468.
5454.
5443.
5432.
5419.
5408.
5398.
5389.
5381.
5374.
5370.
5365.
5364.
5362.
5359.
5357.
5355.
5354.
5353.
5350.
5349.
5347.
5345.
5343.
5341.
5339.
5339.
5337.
5336.
5336.
5334.
5333.
5331.
5331.
5331.
5330.
5329.
5330.
5328.
5329.
5329.
5329.
5330.
5330.
5330.
5333.
5334.
5336.
5339.
5341.
5344.
5346.
5350.
5352.
5356.
5360.
5365.
5368.
5372.
5378.
5383.
5388.
5392.
5397.
5402.
5407.
5414.
5418.
5424.
5429.
5436.
5440.
5446.
5452.
5459.
5463.
5470.
5476.
5483.
5487.
5495.
5501.
5507.
5513.
5519.
5525.
5532.
5538.
5544.
5549.
5554.
5555.
5553.
5549.
5543.
5534.
5526.
5516.
5507.
5495.
5483.
5469.
5456.
5444.
5431.
5418.
5405.
5392.
5378.
5367.
5356.
5347.
5339.
5335.
5330.
5327.
5325.
5323.
5321.
5320.
5318.
5316.
5315.
5313.
5311.
5309.
5308.
5306.
5306.
5305.
5303.
5302.
5302.
5302.
5301.
5299.
5299.
5300.
5299.
5298.
5299.
5300.
5301.
5301.
5302.
5303.
5305.
5306.
5308.
5310.
5312.
5315.
5318.
5321.
5324.
5328.
5332.
5336.
5340.
5345.
5349.
5354.
5359.
5365.
5370.
5374.
5381.
5386.
5392.
5397.
5403.
5408.
5413.
5419.
5425.
5432.
5438.
5443.
5450.
5455.
5462.
5468.
5474.
5479.
5487.
5493.
5499.
5505.
5512.
5517.
5524.
5531.
5537.
5543.
5550.
5556.
5562.
5568.
5575.
5582.
5588.
5594.
5598.
5599.
5598.
5593.
5588.
5581.
5572.
5562.
5551.
5539.
5526.
5514.
5502.
5488.
5476.
5463.
5449.
5435.
5421.
5406.
5391.
5380.
5368.
5356.
5347.
5339.
5333.
5329.
5326.
5323.
5324.
5322.
5320.
5320.
5319.
5318.
5317.
5316.
5315.
5313.
5313.
5312.
5311.
5310.
5310.
5308.
5309.
5308.
5308.
5308.
5308.
5307.
5307.
5308.
5309.
5310.
5310.
5312.
5313.
5314.
5316.
5318.
5321.
5324.
5326.
5329.
5332.
5336.
5339.
5343.
5348.
5352.
5356.
5361.
5366.
5371.
5375.
5382.
5387.
5392.
5397.
5403.
5409.
5414.
5420.
5425.
5431.
5436.
5442.
5449.
5455.
5462.
5466.
5473.
5479.
5484.
5490.
5497.
5503.
5509.
5515.
5520.
5523.
5522.
5518.
5512.
5505.
5497.
5487.
5477.
5467.
5455.
5442.
5429.
5415.
5402.
5390.
5377.
5364.
5350.
5339.
5328.
5317.
5309.
5302.
5297.
5293.
5289.
5287.
5287.
5285.
5284.
5283.
5281.
5280.
5279.
5278.
5276.
5275.
5275.
5275.
5274.
5273.
5273.
5273.
5272.
5272.
5272.
5272.
5271.
5272.
5272.
5273.
5274.
5275.
5277.
5278.
5281.
5283.
5285.
5287.
5290.
5294.
5297.
5299.
5303.
5307.
5312.
5317.
5321.
5327.
5331.
5335.
5341.
5347.
5352.
5357.
5363.
5368.
5373.
5379.
5385.
5391.
5397.
5403.
5409.
5415.
5420.
5428.
5433.
5439.
5445.
5452.
5458.
5464.
5471.
5477.
5483.
5491.
5497.
5503.
5508.
5516.
5522.
5528.
5535.
5540.
5548.
5555.
5561.
5568.
5573.
5581.