8056.
8056.
8057.
8058.
8059.
8060.
8059.
8059.
8059.
8060.
8060.
8060.
8060.
8059.
8057.
8059.
8059.
8057.
8057.
8056.
8056.
8055.
8052.
8051.
8049.
8048.
8046.
8045.
8042.
8042.
8039.
8037.
8035.
8032.
8030.
8028.
8025.
8022.
8019.
8016.
8015.
8011.
8008.
8005.
8002.
7999.
7996.
7993.
7989.
7986.
7982.
7979.
7976.
7973.
7970.
7967.
7962.
7960.
7956.
7953.
7949.
7945.
7942.
7939.
7935.
7930.
7927.
7924.
7919.
7915.
7912.
7909.
7907.
7908.
7912.
7916.
7923.
7930.
7936.
7943.
7949.
7954.
7959.
7963.
7964.
7965.
7964.
7964.
7963.
7964.
7964.
7963.
7964.
7964.
7963.
7964.
7963.
7963.
7963.
7964.
7965.
7964.
7964.
7965.
7965.
7964.
7965.
7967.
7967.
7968.
7968.
7970.
7971.
7972.
7973.
7974.
7974.
7976.
7977.
7979.
7980.
7981.
7983.
7986.
7987.
7989.
7990.
7993.
7997.
7997.
7998.
8002.
8006.
8007.
8011.
8015.
8019.
8022.
8025.
8028.
8032.
8036.
8038.
8042.
8048.
8051.
8055.
8060.
8064.
8067.
8072.
8078.
8082.
8086.
8090.
8095.
8098.
8101.
8103.
8103.
8101.
8096.
8092.
8090.
8089.
8088.
8089.
8092.
8094.
8096.
8098.
8099.
8099.
8099.
8101.
8101.
8102.
8103.
8101.
8103.
8103.
8103.
8102.
8102.
8101.
8100.
8100.
8099.
8097.
8096.
8096.
8093.
8092.
8091.
8089.
8086.
8085.
8084.
8082.
8079.
8076.
8074.
8072.
8069.
8065.
8064.
8061.
8060.
8056.
8053.
8050.
8048.
8044.
8042.
8038.
8035.
8033.
8029.
8027.
8024.
8020.
8018.
8014.
8010.
8007.
8003.
8000.
7997.
7995.
7991.
7987.
7985.
7982.
7978.
7975.
7971.
7967.
7964.
7960.
7956.
7955.
7950.
7947.
7943.
7941.
7937.
7934.
7931.
7927.
7925.
7921.
7918.
7914.
7911.
7908.
7905.
7902.
7899.
7896.
7894.
7892.
7891.
7894.
7898.
7904.
7911.
7920.
7928.
7933.
7939.
7944.
7948.
7950.
7951.
7952.
7954.
7954.
7955.
7958.
7958.
7960.
7961.
7963.
7965.
7965.
7967.
7968.
7970.
7972.
7974.
7975.
7976.
7979.
7981.
7983.
7985.
7986.
7988.
7990.
7993.
7997.
7998.
8002.
8005.
8008.
8010.
8013.
8016.
8019.
8023.
8027.
8029.
8033.
8036.
8041.
8044.
8050.
8053.
8056.
8060.
8065.
8068.
8072.
8075.
8075.
8073.
8068.
8062.
8055.
8051.
8047.
8046.
8044.
8044.
8044.
8044.
8045.
8046.
8047.
8049.
8050.
8050.
8051.
8050.
8049.
8050.
8050.
8048.
8047.
8045.
8045.
8044.
8044.
8042.
8041.
8039.
8036.
8033.
8031.
8030.
8026.
8024.
8022.
8018.
8015.
8012.
8008.
8006.
8003.
7998.
7996.
7992.
7990.
7985.
7981.
7978.
7974.
7970.
7967.
7962.
7958.
7955.
7951.
7947.
7942.
7939.
7934.
7929.
7925.
7922.
7918.
7913.
7910.
7905.
7901.
7897.
7894.
7890.
7885.
7882.
7879.
7875.
7871.
7869.
7865.
7863.
7859.
7856.
7853.
7851.
7848.
7844.
7843.
7840.
7838.
7835.
7833.
7831.
7829.
7826.
7825.
7822.
7820.
7820.
7819.
7817.
7815.
7813.
7812.
7812.
7810.
7808.
7808.
7806.
7805.
7805.
7804.
7803.
7802.
7803.
7801.
7802.
7802.
7800.
7801.
7800.
7800.
7800.
7801.
7800.
7801.
7801.
7803.
7801.
7804.
7802.
7803.
7803.
7805.
7805.
7806.
7808.
7809.
7809.
7811.
7814.
7814.
7816.
7818.
7819.
7821.
7823.
7825.
7827.
7829.
7832.
7834.
7835.
7838.
7841.
7843.
7845.
7849.
7852.
7855.
7857.
7862.
7864.
7868.
7872.
7874.
7878.
7883.
7886.
7890.
7894.
7899.
7903.
7906.
7911.
7916.
7920.
7924.
7930.
7935.
7939.
7942.
7947.
7952.
7957.
7961.
7963.
7964.
7963.
7964.
7962.
7961.
7962.
7964.
7967.
7969.
7971.
7975.
7977.
7978.
7981.
7982.
7982.
7983.
7985.
7986.
7985.
7986.
7987.
7986.
7986.
7984.
7983.
7984.
7983.
7982.
7980.
7979.
7976.
7975.
7972.
7971.
7969.
7967.
7964.
7961.
7959.
7956.
7954.
7951.
7947.
7944.
7941.
7938.
7934.
7930.
7925.
7921.
7918.
7915.
7912.
7908.
7903.
7897.
7893.
7888.
7887.
7882.
7878.
7874.
7868.
7866.
7860.
7855.
7851.
7847.
7843.
7840.
7838.
7840.
7844.
7851.
7859.
7867.
7877.
7883.
7890.
7894.
7898.
7902.
7906.
7908.
7909.
7911.
7909.
7909.
7909.
7909.
7908.
7908.
7908.
7909.
7909.
7909.
7909.
7909.
7909.
7909.
7909.
7910.
7909.
7910.
7910.
7910.
7912.
7912.
7912.
7912.
7914.
7914.
7914.
7914.
7915.
7916.
7916.
7916.
7916.
7917.
7918.
7918.
7919.
7921.
7921.
7923.
7924.
7925.
7927.
7928.
7930.
7932.
7934.
7935.
7937.
7940.
7941.
7944.
7948.
7951.
7954.
7957.
7961.
7966.
7969.
7972.
7978.
7981.
7987.
7991.
7996.
8001.
8006.
8012.
8017.
8023.
8028.
8034.
8041.
8047.
8054.
8059.
8066.
8072.
8079.
8084.
8085.
8085.
8081.
8073.
8066.
8061.
8057.
8055.
8053.
8054.
8054.
8056.
8057.
8057.
8057.
8056.
8053.
8053.
8052.
8052.
8051.
8048.
8047.
8044.
8043.
8043.
8040.
8036.
8034.
8031.
8029.
8026.
8024.
8021.
8017.
8013.
8011.
8007.
8004.
8000.
7996.
7994.
7988.
7986.
7980.
7977.
7973.
7970.
7966.
7961.
7957.
7953.
7948.
7945.
7940.
7938.
7934.
7932.
7932.
7935.
7938.
7943.
7949.
7954.
7956.
7959.
7962.
7967.
7968.
7971.
7973.
7975.
7974.
7974.
7974.
7974.
7974.
7973.
7972.
7973.
7973.
7973.
7973.
7973.
7972.
7973.
7973.
7973.
7972.
7972.
7974.
7974.
7974.
7975.
7976.
7977.
7977.
7979.
7979.
7980.
7982.
7985.
7986.
7987.
7988.
7990.
7993.
7997.
7998.
7998.
8002.
8005.
8008.
8012.
8015.
8018.
8022.
8027.
8030.
8035.
8039.
8043.
8047.
8052.
8057.
8062.
8068.
8074.
8079.
8085.
8091.
8097.
8102.
8109.
8115.
8121.
8129.
8136.
8143.
8149.
8157.
8164.
8171.
8179.
8183.
8187.
8188.
8184.
8177.
8171.
8165.
8159.
8155.
8154.
8152.
8153.
8154.
8154.
8153.
8153.
8153.
8153.
8150.
8151.
8150.
8149.
8147.
8145.
8143.
8140.
8140.
8137.
8135.
8133.
8130.
8128.
8126.
8122.
8120.
8117.
8115.
8112.
8108.
8105.
8101.
8098.
8096.
8092.
8087.
8084.
8081.
8078.
8073.
8070.
8067.
8063.
8059.
8055.
8051.
8047.
8043.
8039.
8035.
8031.
8029.
8025.
8019.
8016.
8012.
8007.
8003.
7999.
7995.
7991.
7986.
7982.
7979.
7975.
7970.
7966.
7960.
7956.
7952.
7947.
7943.
7939.
7933.
7927.
7923.
7917.
7914.
7912.
7910.
7910.
7910.
7912.
7915.
7917.
7919.
7920.
7921.
7924.
7923.
7923.
7924.
7923.
7920.
7919.
7918.
7918.
7917.
7916.
7916.
7915.
7914.
7913.
7914.
7915.
7914.
7914.
7915.
7918.
7916.
7918.
7919.
7920.
7921.
7923.
7926.
7928.
7930.
7933.
7935.
7939.
7941.
7945.
7949.
7952.
7957.
7962.
7967.
7971.
7977.
7983.
7988.
7994.
8001.
8005.
8011.
8018.
8026.
8032.
8038.
8047.
8055.
8062.
8068.
8076.
8083.
8090.
8098.
8105.
8115.
8122.
8128.
8137.
8144.
8151.
8158.
8165.
8171.
8177.
8184.
8190.
8196.
8202.
8206.
8212.
8216.
8219.
8223.
8228.
8232.
8235.
8238.
8240.
8243.
8244.
8245.
8248.
8247.
8248.
8248.
8249.
8249.
8247.
8248.
8247.
8246.
8245.
8243.
8241.
8240.
8239.
8237.
8235.
8232.
8231.
8229.
8227.
8224.
8222.
8219.
8217.
8214.
8212.
8208.
8206.
8202.
8200.
8198.
8194.
8190.
8188.
8185.
8181.
8178.
8176.
8172.
8169.
8166.
8163.
8160.
8157.
8153.
8150.
8147.
8144.
8140.
8138.
8134.
8131.
8129.
8124.
8121.
8117.
8114.
8111.
8106.
8104.
8100.
8096.
8092.
8089.
8085.
8081.
8078.
8075.
8072.
8068.
8063.
8059.
8056.
8052.
8048.
8044.
8040.
8037.
8032.
8028.
8025.
8020.
8017.
8013.
8008.
8003.
7999.
7994.
7991.
7986.
7980.
7976.
7971.
7967.
7962.
7958.
7952.
7949.
7946.
7944.
7945.
7946.
7950.
7952.
7955.
7960.
7963.
7966.
7968.
7971.
7971.
7972.
7973.
7973.
7973.
7973.
7974.
7974.
7974.
7977.
7978.
7978.
7980.
7982.
7984.
7986.
7989.
7992.
7994.
7997.
8000.
8005.
8009.
8012.
8015.
8022.
8026.
8030.
8035.
8041.
8046.
8051.
8058.
8065.
8071.
8076.
8083.
8091.
8097.
8105.
8111.
8119.
8127.
8134.
8141.
8150.
8156.
8165.
8173.
8181.
8188.
8194.
8201.
8208.
8216.
8222.
8226.
8233.
8238.
8242.
8247.
8252.
8254.
8256.
8258.
8261.
8262.
8263.
8263.
8264.
8264.
8262.
8261.
8261.
8260.
8256.
8255.
8252.
8249.
8247.
8244.
8241.
8238.
8234.
8231.
8227.
8224.
8221.
8217.
8214.
8210.
8207.
8203.
8199.
8195.
8191.
8187.
8183.
8179.
8175.
8172.
8167.
8163.
8159.
8155.
8150.
8145.
8141.
8137.
8133.
8129.
8125.
8119.
8115.
8111.
8107.
8102.
8097.
8094.
8088.
8084.
8080.
8075.
8070.
8066.
8060.
8056.
8051.
8046.
8042.
8035.
8030.
8025.
8021.
8016.
8009.
8003.
7998.
7993.
7987.
7980.
7974.
7970.
7967.
7966.
7964.
7966.
7970.
7974.
7977.
7980.
7984.
7988.
7989.
7989.
7990.
7991.
7990.
7990.
7990.
7990.
7989.
7988.
7989.
7989.
7988.
7989.
7988.
7987.
7987.
7989.
7989.
7990.
7991.
7992.
7991.
7993.
7994.
7994.
7996.
7997.
7998.
7999.
8000.
8003.
8005.
8007.
8007.
8010.
8013.
8015.
8017.
8020.
8024.
8026.
8028.
8032.
8036.
8039.
8043.
8047.
8051.
8055.
8059.
8064.
8068.
8072.
8079.
8082.
8087.
8092.
8096.
8101.
8108.
8112.
8117.
8124.
8129.
8134.
8140.
8146.
8152.
8157.
8163.
8168.
8175.
8180.
8187.
8194.
8199.
8204.
8207.
8209.
8208.
8204.
8200.
8197.
8194.
8193.
8193.
8195.
8197.
8200.
8203.
8202.
8204.
8205.
8206.
8207.
8207.
8207.
8208.
8207.
8206.
8205.
8204.
8204.
8203.
8201.
8199.
8198.
8196.
8193.
8190.
8189.
8185.
8182.
8180.
8178.
8173.
8170.
8166.
8163.
8160.
8154.
8150.
8146.
8143.
8137.
8133.
8128.
8125.
8119.
8115.
8108.
8105.
8100.
8095.
8090.
8084.
8080.
8073.
8069.
8064.
8060.
8055.
8050.
8045.
8039.
8034.
8028.
8023.
8018.
8013.
8009.
8005.
8000.
7995.
7990.
7986.
7981.
7979.
7974.
7969.
7966.
7963.
7961.
7961.
7965.
7971.
7979.
7988.
7997.
8005.
8013.
8019.
8027.
8030.
8034.
8035.
8036.
8038.
8039.
8040.
8040.
8041.
8043.
8044.
8044.
8045.
8047.
8047.
8047.
8049.
8049.
8051.
8051.
8051.
8052.
8050.
8051.
8052.
8052.
8052.
8053.
8053.
8052.
8052.
8052.
8051.
8052.
8051.
8051.
8051.
8051.
8049.
8048.
8048.
8049.
8048.
8047.
8046.
8044.
8043.
8041.
8040.
8040.
8039.
8037.
8035.
8034.
8032.
8030.
8029.
8027.
8024.
8022.
8020.
8017.
8015.
8011.
8008.
8005.
8002.
7998.
7994.
7990.
7987.
7982.
7978.
7974.
7970.
7966.
7960.
7957.
7952.
7948.
7943.
7938.
7933.
7927.
7922.
7917.
7912.
7907.
7901.
7895.
7891.
7887.
7885.
7887.
7892.
7898.
7905.
7914.
7924.
7933.
7942.
7951.
7958.
7964.
7968.
7972.
7973.
7973.
7974.
7973.
7974.
7974.
7975.
7975.
7976.
7976.
7976.
7976.
7976.
7976.
7977.
7978.
7978.
7978.
7979.
7980.
7981.
7981.
7982.
7981.
7982.
7982.
7983.
7984.
7985.
7984.
7985.
7986.
7986.
7987.
7986.
7987.
7988.
7988.
7989.
7990.
7990.
7989.
7990.
7991.
7988.
7990.
7990.
7992.
7992.
7992.
7994.
7993.
7992.
7992.
7993.
7993.
7993.
7994.
7994.
7992.
7993.
7993.
7991.
7991.
7992.
7992.
7990.
7991.
7990.
7989.
7988.
7987.
7986.
7984.
7983.
7981.
7980.
7978.
7976.
7974.
7972.
7971.
7969.
7967.
7964.
7961.
7958.
7955.
7953.
7951.
7948.
7945.
7942.
7938.
7934.
7930.
7929.
7924.
7920.
7916.
7913.
7911.
7912.
7915.
7920.
7929.
7938.
7948.
7957.
7964.
7970.
7976.
7981.
7985.
7988.
7991.
7994.
7995.
7996.
7997.
8000.
8000.
8002.
8003.
8005.
8007.
8009.
8010.
8012.
8014.
8015.
8016.
8019.
8020.
8021.
8023.
8024.
8025.
8028.
8029.
8031.
8032.
8034.
8036.
8037.
8038.
8040.
8042.
8044.
8044.
8045.
8047.
8049.
8050.
8052.
8054.
8055.
8056.
8057.
8058.
8061.
8063.
8065.
8066.
8068.
8071.
8072.
8074.
8076.
8078.
8081.
8084.
8085.
8088.
8090.
8093.
8096.
8099.
8101.
8103.
8107.
8109.
8109.
8107.
8104.
8098.
8093.
8087.
8086.
8084.
8084.
8084.
8085.
8084.
8085.
8086.
8086.
8087.
8087.
8087.
8087.
8087.
8086.
8086.
8085.
8084.
8084.
8084.
8083.
8081.
8080.
8078.
8076.
8074.
8071.
8069.
8067.
8064.
8062.
8060.
8055.
8054.
8049.
8046.
8043.
8040.
8036.
8031.
8030.
8026.
8023.
8018.
8014.
8009.
8005.
8000.
7998.
7993.
7989.
7985.
7981.
7976.
7971.
7967.
7962.
7958.
7954.
7950.
7944.
7941.
7938.
7933.
7928.
7924.
7920.
7917.
7914.
7909.
7907.
7904.
7900.
7897.
7895.
7891.
7887.
7885.
7883.
7880.
7878.
7876.
7876.
7878.
7884.
7889.
7897.
7906.
7913.
7919.
7924.
7926.
7929.
7931.
7931.
7932.
7933.
7934.
7935.
7936.
7938.
7939.
7940.
7943.
7944.
7944.
7946.
7948.
7950.
7952.
7952.
7954.
7956.
7959.
7961.
7963.
7965.
7967.
7968.
7971.
7974.
7976.
7979.
7981.
7983.
7988.
7991.
7993.
7997.
8000.
8003.
8007.
8012.
8015.
8017.
8021.
8027.
8030.
8033.
8037.
8042.
8046.
8049.
8051.
8051.
8048.
8044.
8039.
8035.
8032.
8029.
8030.
8031.
8033.
8035.
8035.
8037.
8038.
8036.
8038.
8039.
8037.
8038.
8038.
8038.
8036.
8037.
8036.
8033.
8031.
8029.
8028.
8026.
8025.
8022.
8020.
8020.
8017.
8013.
8010.
8008.
8006.
8002.
7999.
7995.
7993.
7990.
7986.
7983.
7980.
7976.
7973.
7970.
7964.
7961.
7956.
7952.
7949.
7944.
7941.
7936.
7933.
7928.
7925.
7921.
7915.
7911.
7908.
7904.
7900.
7895.
7891.
7887.
7883.
7880.
7876.
7873.
7872.
7873.
7876.
7882.
7890.
7898.
7906.
7911.
7913.
7916.
7917.
7917.
7917.
7917.
7918.
7918.
7918.
7918.
7919.
7919.
7920.
7919.
7921.
7922.
7923.
7924.
7924.
7923.
7924.
7925.
7926.
7927.
7928.
7928.
7930.
7931.
7932.
7932.
7933.
7935.
7935.
7937.
7938.
7940.
7943.
7942.
7945.
7947.
7948.
7952.
7953.
7955.
7958.
7960.
7963.
7966.
7968.
7970.
7973.
7977.
7980.
7983.
7987.
7991.
7994.
7998.
8001.
8006.
8009.
8012.
8014.
8014.
8013.
8010.
8005.
8000.
7998.
7998.
7998.
8000.
8001.
8003.
8005.
8008.
8009.
8010.
8011.
8010.
8011.
8012.
8013.
8012.
8012.
8013.
8012.
8011.
8011.
8011.
8011.
8010.
8008.
8007.
8007.
8006.
8004.
8002.
8001.
7999.
7997.
7995.
7993.
7990.
7988.
7987.
7984.
7981.
7978.
7975.
7972.
7970.
7967.
7964.
7961.
7958.
7953.
7950.
7947.
7944.
7940.
7935.
7932.
7927.
7925.
7920.
7915.
7909.
7906.
7901.
7897.
7892.
7887.
7885.
7883.
7883.
7886.
7889.
7896.
7904.
7910.
7914.
7920.
7924.
7927.
7928.
7931.
7931.
7932.
7932.
7931.
7929.
7929.
7927.
7925.
7926.
7924.
7923.
7921.
7920.
7919.
7919.
7918.
7917.
7916.
7915.
7916.
7914.
7913.
7913.
7914.
7913.
7913.
7913.
7913.
7915.
7914.
7913.
7913.
7914.
7915.
7916.
7918.
7918.
7920.
7921.
7923.
7924.
7925.
7928.
7931.
7934.
7935.
7939.
7941.
7945.
7949.
7952.
7957.
7961.
7965.
7969.
7974.
7978.
7984.
7991.
7995.
8001.
8008.
8013.
8021.
8026.
8032.
8042.
8048.
8054.
8061.
8068.
8076.
8082.
8086.
8089.
8088.
8082.
8078.
8072.
8071.
8068.
8069.
8069.
8071.
8074.
8076.
8077.
8079.
8076.
8080.
8081.
8082.
8083.
8083.
8084.
8083.
8084.
8084.
8083.
8082.
8082.
8081.
8081.
8080.
8078.
8078.
8078.
8075.
8074.
8073.
8070.
8068.
8066.
8065.
8063.
8061.
8058.
8057.
8054.
8050.
8048.
8046.
8044.
8041.
8039.
8036.
8032.
8029.
8027.
8024.
8021.
8018.
8015.
8011.
8008.
8004.
8001.
7998.
7996.
7991.
7988.
7984.
7981.
7978.
7973.
7968.
7966.
7963.
7958.
7956.
7951.
7948.
7946.
7948.
7948.
7953.
7956.
7961.
7965.
7967.
7969.
7972.
7973.
7976.
7977.
7978.
7979.
7980.
7979.
7979.
7980.
7980.
7980.
7980.
7980.
7979.
7980.
7980.
7980.
7980.
7980.
7982.
7982.
7982.
7983.
7983.
7984.
7985.
7985.
7986.
7987.
7988.
7990.
7990.
7991.
7995.
7996.
7997.
7999.
8001.
8004.
8006.
8009.
8012.
8016.
8019.
8022.
8026.
8030.
8033.
8038.
8042.
8047.
8051.
8056.
8062.
8068.
8073.
8079.
8085.
8090.
8096.
8102.
8109.
8114.
8119.
8125.
8129.
8130.
8128.
8122.
8118.
8115.
8111.
8109.
8110.
8111.
8112.
8114.
8113.
8115.
8115.
8115.
8114.
8115.
8114.
8114.
8114.
8114.
8111.
8110.
8109.
8107.
8106.
8105.
8104.
8101.
8099.
8097.
8094.
8091.
8089.
8087.
8084.
8081.
8079.
8076.
8072.
8068.
8065.
8062.
8059.
8056.
8052.
8049.
8045.
8041.
8037.
8034.
8030.
8027.
8023.
8018.
8016.
8012.
8008.
8004.
8000.
7996.
7992.
7987.
7983.
7980.
7975.
7971.
7967.
7963.
7959.
7954.
7950.
7944.
7940.
7937.
7932.
7928.
7922.
7917.
7914.
7909.
7905.
7900.
7898.
7898.
7897.
7899.
7901.
7903.
7906.
7909.
7911.
7914.
7915.
7915.
7918.
7919.
7919.
7920.
7920.
7921.
7921.
7923.
7925.
7927.
7927.
7929.
7931.
7935.
7936.
7938.
7941.
7945.
7949.
7951.
7956.
7960.
7963.
7969.
7973.
7979.
7983.
7989.
7995.
8000.
8007.
8014.
8021.
8028.
8035.
8042.
8049.
8056.
8064.
8071.
8080.
8088.
8096.
8105.
8112.
8120.
8128.
8138.
8146.
8154.
8160.
8168.
8176.
8183.
8191.
8197.
8204.
8211.
8217.
8222.
8227.
8232.
8237.
8241.
8245.
8248.
8250.
8254.
8256.
8257.
8259.
8262.
8261.
8262.
8261.
8261.
8261.
8260.
8259.
8259.
8257.
8255.
8253.
8251.
8248.
8246.
8245.
8242.
8241.
8237.
8233.
8231.
8228.
8225.
8223.
8219.
8217.
8214.
8211.
8207.
8204.
8201.
8198.
8194.
8191.
8188.
8186.
8181.
8178.
8175.
8173.
8168.
8166.
8162.
8159.
8156.
8153.
8149.
8147.
8143.
8140.
8136.
8133.
8131.
8127.
8123.
8120.
8117.
8113.
8109.
8106.
8103.
8099.
8097.
8094.
8090.
8085.
8083.
8080.
8076.
8072.
8069.
8064.
8059.
8056.
8052.
8048.
8044.
8040.
8037.
8033.
8028.
8025.
8021.
8016.
8013.
8010.
8005.
8000.
7996.
7990.
7987.
7982.
7977.
7973.
7968.
7964.
7960.
7953.
7949.
7943.
7939.
7934.
7931.
7926.
7924.
7923.
7926.
7925.
7926.
7927.
7929.
7928.
7929.
7928.
7929.
7928.
7928.
7926.
7924.
7921.
7918.
7916.
7913.
7911.
7905.
7908.
7906.
7905.
7905.
7904.
7906.
7905.
7906.
7909.
7911.
7914.
7916.
7920.
7923.
7927.
7931.
7933.
7938.
7941.
7944.
7945.
7949.
7950.
7952.
7957.
7960.
7960.
7963.
7967.
7971.
7975.
7977.
7981.
7985.
7986.
7991.
7995.
7999.
8004.
8009.
8014.
8020.
8025.
8031.
8035.
8041.
8046.
8053.
8057.
8064.
8070.
8077.
8082.
8088.
8094.
8099.
8107.
8113.
8119.
8125.
8131.
8139.
8144.
8150.
8156.
8162.
8167.
8174.
8180.
8185.
8189.
8194.
8199.
8203.
8207.
8210.
8213.
8216.
8221.
8224.
8226.
8228.
8231.
8233.
8235.
8236.
8236.
8238.
8240.
8240.
8239.
8240.
8240.
8240.
8239.
8239.
8238.
8238.
8237.
8236.
8234.
8232.
8231.
8229.
8227.
8226.
8225.
8222.
8220.
8217.
8214.
8213.
8210.
8207.
8204.
8203.
8199.
8196.
8194.
8190.
8187.
8185.
8180.
8178.
8174.
8171.
8167.
8163.
8160.
8156.
8151.
8148.
8144.
8140.
8136.
8131.
8126.
8123.
8119.
8114.
8109.
8105.
8100.
8096.
8091.
8086.
8081.
8078.
8072.
8066.
8061.
8055.
8051.
8047.
8041.
8037.
8030.
8023.
8018.
8012.
8007.
8003.
8000.
7999.
8000.
8003.
8008.
8015.
8021.
8026.
8029.
8033.
8036.
8039.
8041.
8040.
8041.
8040.
8040.
8040.
8038.
8037.
8036.
8036.
8036.
8035.
8034.
8033.
8034.
8034.
8033.
8033.
8032.
8032.
8032.
8032.
8032.
8032.
8032.
8031.
8031.
8032.
8032.
8032.
8032.
8032.
8031.
8032.
8032.
8031.
8032.
8032.
8031.
8032.
8032.
8031.
8032.
8033.
8032.
8032.
8032.
8033.
8033.
8031.
8032.
8031.
8032.
8032.
8032.
8031.
8030.
8031.
8030.
8030.
8028.
8027.
8027.
8025.
8023.
8022.
8022.
8021.
8019.
8017.
8015.
8014.
8011.
8009.
8007.
8004.
8001.
7999.
7997.
7993.
7990.
7988.
7984.
7980.
7977.
7975.
7970.
7966.
7961.
7957.
7951.
7948.
7942.
7937.
7932.
7928.
7923.
7919.
7913.
7908.
7904.
7898.
7893.
7888.
7883.
7880.
7878.
7877.
7881.
7888.
7896.
7904.
7914.
7923.
7932.
7939.
7944.
7948.
7952.
7954.
7956.
7957.
7957.
7958.
7959.
7960.
7961.
7962.
7962.
7964.
7963.
7966.
7966.
7966.
7968.
7968.
7968.
7969.
7971.
7971.
7972.
7972.
7974.
7975.
7976.
7977.
7978.
7981.
7981.
7983.
7984.
7985.
7987.
7988.
7990.
7992.
7992.
7994.
7997.
7997.
7999.
8000.
8002.
8005.
8006.
8009.
8011.
8013.
8015.
8017.
8019.
8022.
8026.
8028.
8031.
8033.
8037.
8040.
8044.
8047.
8050.
8052.
8054.
8055.
8054.
8050.
8044.
8039.
8035.
8033.
8035.
8035.
8036.
8038.
8039.
8041.
8042.
8044.
8044.
8045.
8047.
8047.
8048.
8049.
8048.
8049.
8050.
8050.
8051.
8051.
8049.
8049.
8048.
8049.
8047.
8046.
8045.
8044.
8041.
8041.
8038.
8035.
8033.
8031.
8028.
8026.
8024.
8021.
8017.
8015.
8011.
8008.
8005.
8001.
7997.
7994.
7990.
7986.
7983.
7979.
7974.
7971.
7967.
7963.
7959.
7955.
7950.
7946.
7943.
7940.
7935.
7932.
7928.
7923.
7921.
7919.
7915.
7912.
7909.
7906.
7903.
7900.
7897.
7896.
7892.
7891.
7889.
7886.
7885.
7883.
7884.
7886.
7889.
7895.
7902.
7910.
7916.
7922.
7926.
7929.
7930.
7930.
7930.
7932.
7933.
7934.
7935.
7937.
7938.
7938.
7940.
7942.
7942.
7944.
7945.
7946.
7948.
7949.
7952.
7953.
7956.
7957.
7960.
7960.
7963.
7963.
7967.
7969.
7972.
7974.
7978.
7980.
7981.
7985.
7987.
7991.
7995.
7998.
8002.
8006.
8009.
8011.
8015.
8019.
8023.
8027.
8031.
8036.
8040.
8042.
8045.
8048.
8048.
8044.
8042.
8037.
8032.
8030.
8029.
8030.
8032.
8032.
8032.
8033.
8034.
8035.
8037.
8038.
8039.
8039.
8039.
8040.
8040.
8039.
8038.
8037.
8037.
8037.
8034.
8033.
8032.
8029.
8028.
8026.
8024.
8021.
8019.
8016.
8013.
8011.
8008.
8005.
8002.
7998.
7994.
7991.
7986.
7982.
7978.
7973.
7969.
7966.
7962.
7957.
7953.
7948.
7945.
7940.
7937.
7932.
7928.
7925.
7921.
7918.
7914.
7910.
7907.
7904.
7901.
7898.
7896.
7893.
7892.
7890.
7888.
7886.
7885.
7883.
7883.
7881.
7880.
7880.
7879.
7878.
7879.
7880.
7879.
7880.
7880.
7880.
7880.
7880.
7883.
7882.
7883.
7885.
7886.
7888.
7890.
7891.
7893.
7895.
7897.
7899.
7902.
7904.
7907.
7909.
7913.
7916.
7918.
7922.
7925.
7929.
7932.
7935.
7939.
7942.
7946.
7949.
7953.
7957.
7960.
7964.
7969.
7973.
7977.
7982.
7986.
7991.
7994.
7997.
8000.
8000.
8000.
7999.
7997.
7997.
7997.
8000.
8002.
8005.
8007.
8010.
8012.
8014.
8014.
8017.
8018.
8018.
8020.
8021.
8021.
8021.
8021.
8021.
8020.
8020.
8018.
8019.
8017.
8014.
8014.
8013.
8010.
8009.
8007.
8005.
8002.
7999.
7997.
7994.
7991.
7988.
7986.
7982.
7979.
7975.
7972.
7968.
7965.
7961.
7958.
7953.
7949.
7945.
7941.
7937.
7933.
7929.
7926.
7921.
7916.
7912.
7907.
7903.
7899.
7894.
7888.
7883.
7878.
7875.
7870.
7866.
7860.
7856.
7851.
7845.
7838.
7834.
7829.
7824.
7821.
7815.
7810.
7804.
7799.
7794.
7788.
7785.
7779.
7774.
7769.
7763.
7760.
7754.
7751.
7747.
7743.
7740.
7740.
7742.
7745.
7749.
7755.
7762.
7768.
7774.
7778.
7783.
7788.
7792.
7793.
7796.
7798.
7802.
7805.
7807.
7807.
7809.
7810.
7812.
7814.
7814.
7815.
7817.
7820.
7821.
7822.
7825.
7827.
7828.
7830.
7832.
7834.
7837.
7839.
7841.
7844.
7847.
7848.
7850.
7853.
7856.
7858.
7861.
7865.
7867.
7871.
7874.
7877.
7880.
7883.
7885.
7890.
7894.
7899.
7902.
7906.
7910.
7914.
7918.
7923.
7928.
7933.
7939.
7942.
7947.
7949.
7951.
7951.
7950.
7946.
7943.
7942.
7941.
7944.
7946.
7949.
7952.
7955.
7960.
7961.
7964.
7966.
7968.
7970.
7973.
7974.
7976.
7978.
7980.
7981.
7983.
7986.
7987.
7987.
7988.
7990.
7991.
7992.
7994.
7995.
7994.
7996.
7997.
7997.
7997.
7997.
7999.
7999.
7998.
7998.
7998.
7998.
7998.
7998.
7997.
7997.
7996.
7995.
7995.
7995.
7994.
7992.
7991.
7990.
7990.
7988.
7987.
7985.
7985.
7982.
7981.
7979.
7977.
7975.
7973.
7972.
7969.
7967.
7964.
7963.
7962.
7958.
7956.
7952.
7950.
7946.
7943.
7940.
7938.
7934.
7931.
7928.
7923.
7921.
7917.
7914.
7910.
7906.
7903.
7898.
7895.
7891.
7886.
7883.
7878.
7874.
7869.
7864.
7860.
7854.
7851.
7845.
7841.
7836.
7831.
7827.
7821.
7817.
7814.
7813.
7814.
7817.
7821.
7824.
7829.
7832.
7835.
7836.
7837.
7836.
7837.
7836.
7836.
7833.
7832.
7831.
7830.
7828.
7828.
7827.
7827.
7825.
7825.
7825.
7825.
7825.
7823.
7824.
7823.
7825.
7825.
7825.
7826.
7827.
7826.
7829.
7830.
7831.
7833.
7834.
7836.
7838.
7840.
7843.
7847.
7850.
7853.
7857.
7861.
7865.
7870.
7874.
7878.
7883.
7888.
7893.
7900.
7905.
7911.
7918.
7925.
7932.
7939.
7945.
7952.
7961.
7968.
7977.
7984.
7994.
8000.
8006.
8009.
8009.
8006.
8002.
7999.
7998.
7997.
7996.
7997.
7998.
8001.
8002.
8005.
8007.
8007.
8010.
8012.
8013.
8014.
8015.
8016.
8017.
8017.
8018.
8019.
8019.
8019.
8019.
8019.
8018.
8018.
8018.
8018.
8016.
8015.
8015.
8013.
8012.
8011.
8010.
8008.
8006.
8005.
8003.
8001.
7998.
7997.
7996.
7993.
7990.
7987.
7985.
7983.
7980.
7977.
7973.
7971.
7968.
7966.
7964.
7960.
7956.
7953.
7950.
7948.
7944.
7940.
7938.
7935.
7931.
7928.
7924.
7920.
7917.
7912.
7910.
7906.
7901.
7898.
7895.
7890.
7885.
7884.
7880.
7875.
7871.
7866.
7862.
7859.
7855.
7851.
7847.
7843.
7838.
7835.
7831.
7826.
7821.
7816.
7813.
7807.
7802.
7798.
7793.
7788.
7783.
7778.
7774.
7770.
7763.
7758.
7753.
7749.
7744.
7739.
7738.
7737.
7738.
7740.
7743.
7745.
7746.
7750.
7753.
7754.
7754.
7755.
7755.
7754.
7753.
7754.
7753.
7752.
7751.
7751.
7751.
7752.
7751.
7752.
7753.
7753.
7753.
7754.
7756.
7757.
7759.
7762.
7764.
7766.
7767.
7769.
7774.
7776.
7779.
7783.
7788.
7791.
7796.
7800.
7806.
7811.
7817.
7822.
7828.
7836.
7842.
7850.
7856.
7863.
7870.
7878.
7886.
7894.
7901.
7909.
7918.
7926.
7934.
7943.
7951.
7959.
7968.
7977.
7985.
7992.
8000.
8006.
8013.
8019.
8025.
8031.
8037.
8042.
8046.
8049.
8052.
8055.
8057.
8059.
8060.
8060.
8061.
8060.
8060.
8058.
8057.
8056.
8053.
8051.
8050.
8046.
8047.
8044.
8041.
8037.
8034.
8032.
8028.
8024.
8021.
8018.
8014.
8011.
8007.
8004.
8001.
7997.
7994.
7990.
7984.
7981.
7977.
7973.
7968.
7965.
7959.
7957.
7953.
7948.
7944.
7939.
7936.
7932.
7928.
7922.
7919.
7914.
7911.
7908.
7902.
7898.
7893.
7889.
7884.
7880.
7877.
7871.
7867.
7861.
7857.
7853.
7848.
7843.
7840.
7835.
7832.
7830.
7830.
7833.
7836.
7839.
7842.
7846.
7850.
7854.
7858.
7861.
7865.
7868.
7869.
7872.
7873.
7875.
7878.
7879.
7880.
7883.
7886.
7889.
7891.
7896.
7898.
7902.
7906.
7911.
7914.
7920.
7924.
7929.
7933.
7939.
7944.
7950.
7957.
7963.
7969.
7976.
7982.
7989.
7997.
8003.
8009.
8017.
8024.
8031.
8038.
8045.
8053.
8061.
8069.
8077.
8085.
8092.
8099.
8106.
8114.
8121.
8129.
8136.
8143.
8150.
8158.
8164.
8172.
8177.
8181.
8188.
8194.
8199.
8203.
8209.
8213.
8216.
8221.
8224.
8228.
8231.
8234.
8236.
8237.
8239.
8242.
8244.
8244.
8245.
8247.
8248.
8247.
8248.
8249.
8247.
8247.
8247.
8247.
8246.
8245.
8245.
8245.
8242.
8241.
8240.
8240.
8237.
8234.
8233.
8231.
8228.
8227.
8225.
8223.
8221.
8218.
8215.
8213.
8210.
8207.
8205.
8203.
8200.
8196.
8194.
8191.
8188.
8185.
8182.
8178.
8175.
8172.
8168.
8165.
8161.
8157.
8154.
8151.
8147.
8142.
8139.
8135.
8131.
8127.
8123.
8118.
8114.
8109.
8106.
8101.
8096.
8091.
8087.
8082.
8077.
8072.
8067.
8061.
8056.
8051.
8045.
8041.
8035.
8029.
8024.
8018.
8013.
8007.
8001.
7995.
7989.
7986.
7983.
7981.
7981.
7984.
7990.
7996.
8000.
8004.
8006.
8009.
8013.
8015.
8017.
8021.
8022.
8021.
8021.
8021.
8021.
8020.
8019.
8019.
8021.
8018.
8019.
8018.
8019.
8019.
8019.
8018.
8019.
8018.
8019.
8018.
8018.
8017.
8018.
8018.
8019.
8018.
8017.
8018.
8017.
8017.
8018.
8018.
8018.
8016.
8017.
8018.
8017.
8017.
8017.
8016.
8016.
8015.
8015.
8015.
8015.
8014.
8014.
8013.
8012.
8011.
8011.
8009.
8007.
8006.
8006.
8004.
8003.
8001.
8000.
7999.
7997.
7996.
7994.
7992.
7990.
7987.
7985.
7982.
7980.
7978.
7975.
7972.
7970.
7968.
7964.
7961.
7960.
7956.
7954.
7951.
7949.
7946.
7943.
7939.
7935.
7933.
7931.
7928.
7925.
7922.
7919.
7917.
7915.
7912.
7909.
7907.
7905.
7902.
7899.
7897.
7894.
7892.
7889.
7888.
7885.
7883.
7880.
7878.
7877.
7877.
7879.
7883.
7888.
7895.
7903.
7910.
7915.
7921.
7927.
7930.
7934.
7937.
7939.
7941.
7942.
7944.
7946.
7949.
7950.
7952.
7954.
7957.
7959.
7961.
7963.
7966.
7968.
7971.
7972.
7975.
7977.
7979.
7982.
7984.
7988.
7989.
7992.
7995.
7997.
8000.
8002.
8006.
8009.
8012.
8016.
8019.
8024.
8027.
8029.
8033.
8038.
8041.
8045.
8049.
8054.
8057.
8062.
8067.
8071.
8074.
8078.
8080.
8079.
8078.
8076.
8072.
8069.
8066.
8065.
8066.
8067.
8068.
8069.
8071.
8073.
8074.
8076.
8079.
8080.
8080.
8080.
8082.
8083.
8084.
8083.
8084.
8084.
8083.
8083.
8082.
8082.
8081.
8079.
8080.
8077.
8076.
8073.
8072.
8071.
8068.
8067.
8064.
8061.
8059.
8056.
8053.
8050.
8046.
8043.
8040.
8037.
8033.
8030.
8026.
8022.
8018.
8015.
8012.
8007.
8003.
7999.
7996.
7992.
7988.
7983.
7980.
7979.
7974.
7971.
7968.
7966.
7963.
7959.
7956.
7954.
7952.
7950.
7948.
7946.
7944.
7944.
7942.
7941.
7940.
7939.
7939.
7939.
7938.
7938.
7938.
7939.
7939.
7940.
7940.
7941.
7942.
7944.
7945.
7947.
7949.
7950.
7952.
7954.
7956.
7957.
7960.
7964.
7966.
7968.
7970.
7974.
7977.
7981.
7985.
7989.
7991.
7995.
7999.
8003.
8006.
8011.
8015.
8020.
8025.
8027.
8032.
8037.
8040.
8046.
8049.
8053.
8057.
8061.
8066.
8070.
8074.
8078.
8081.
8082.
8081.
8079.
8074.
8072.
8070.
8069.
8067.
8067.
8067.
8066.
8068.
8068.
8069.
8069.
8069.
8068.
8070.
8069.
8068.
8068.
8067.
8067.
8065.
8064.
8062.
8059.
8057.
8056.
8054.
8050.
8048.
8045.
8042.
8039.
8036.
8032.
8027.
8024.
8021.
8017.
8014.
8010.
8005.
8001.
7996.
7993.
7989.
7984.
7979.
7975.
7971.
7966.
7961.
7956.
7951.
7947.
7943.
7940.
7934.
7931.
7926.
7922.
7918.
7913.
7910.
7907.
7903.
7899.
7896.
7893.
7890.
7887.
7883.
7881.
7879.
7876.
7874.
7872.
7870.
7867.
7866.
7864.
7862.
7861.
7859.
7858.
7857.
7855.
7854.
7852.
7852.
7851.
7851.
7850.
7849.
7848.
7848.
7847.
7846.
7845.
7845.
7844.
7844.
7845.
7843.
7844.
7844.
7844.
7844.
7843.
7844.
7843.
7843.
7842.
7843.
7844.
7844.
7845.
7845.
7844.
7844.
7845.
7847.
7848.
7848.
7848.
7850.
7851.
7850.
7852.
7853.
7854.
7855.
7856.
7857.
7860.
7860.
7862.
7865.
7867.
7868.
7869.
7872.
7876.
7876.
7879.
7881.
7884.
7887.
7889.
7892.
7895.
7897.
7901.
7905.
7909.
7910.
7914.
7917.
7921.
7925.
7927.
7929.
7929.
7929.
7929.
7928.
7928.
7929.
7932.
7934.
7937.
7939.
7941.
7943.
7944.
7946.
7947.
7948.
7949.
7949.
7951.
7951.
7952.
7952.
7952.
7951.
7951.
7951.
7950.
7950.
7949.
7948.
7947.
7946.
7945.
7944.
7942.
7941.
7940.
7938.
7936.
7934.
7931.
7930.
7928.
7926.
7923.
7920.
7918.
7916.
7912.
7908.
7908.
7904.
7901.
7897.
7893.
7890.
7886.
7884.
7880.
7876.
7872.
7865.
7859.
7853.
7848.
7841.
7835.
7828.
7823.
7815.
7812.
7806.
7805.
7806.
7809.
7814.
7821.
7829.
7837.
7844.
7849.
7853.
7859.
7865.
7872.
7878.
7883.
7888.
7890.
7893.
7897.
7900.
7904.
7909.
7910.
7914.
7918.
7919.
7921.
7923.
7923.
7924.
7924.
7924.
7925.
7926.
7927.
7927.
7926.
7927.
7928.
7929.
7929.
7930.
7930.
7932.
7934.
7934.
7935.
7936.
7939.
7940.
7941.
7943.
7944.
7947.
7950.
7952.
7955.
7958.
7961.
7964.
7968.
7970.
7975.
7979.
7984.
7988.
7994.
7998.
8004.
8009.
8015.
8021.
8026.
8032.
8039.
8046.
8054.
8061.
8068.
8076.
8085.
8092.
8100.
8107.
8113.
8119.
8119.
8115.
8109.
8101.
8094.
8089.
8084.
8081.
8081.
8082.
8083.
8084.
8083.
8081.
8080.
8079.
8079.
8078.
8076.
8074.
8071.
8072.
8068.
8066.
8064.
8062.
8059.
8056.
8052.
8049.
8046.
8043.
8040.
8037.
8034.
8030.
8026.
8024.
8021.
8016.
8012.
8008.
8005.
8000.
7996.
7993.
7988.
7984.
7979.
7974.
7970.
7966.
7961.
7957.
7953.
7948.
7943.
7939.
7935.
7929.
7926.
7921.
7917.
7913.
7908.
7902.
7899.
7894.
7889.
7884.
7879.
7873.
7870.
7866.
7861.
7856.
7853.
7851.
7852.
7852.
7853.
7857.
7859.
7862.
7864.
7866.
7868.
7868.
7869.
7870.
7870.
7870.
7868.
7870.
7868.
7869.
7869.
7868.
7870.
7870.
7871.
7871.
7873.
7874.
7875.
7878.
7880.
7882.
7885.
7888.
7891.
7894.
7898.
7903.
7907.
7912.
7917.
7922.
7927.
7933.
7938.
7945.
7953.
7959.
7967.
7974.
7983.
7991.
7998.
8007.
8016.
8023.
8033.
8044.
8052.
8062.
8071.
8081.
8089.
8100.
8111.
8120.
8131.
8140.
8151.
8160.
8169.
8179.
8188.
8195.
8203.
8211.
8217.
8218.
8216.
8209.
8202.
8196.
8190.
8187.
8185.
8183.
8179.
8176.
8173.
8173.
8173.
8172.
8171.
8169.
8168.
8166.
8164.
8163.
8162.
8160.
8159.
8158.
8157.
8156.
8153.
8151.
8149.
8147.
8146.
8145.
8143.
8141.
8138.
8137.
8136.
8134.
8132.
8130.
8128.
8127.
8125.
8124.
8121.
8118.
8117.
8115.
8112.
8110.
8108.
8105.
8103.
8100.
8097.
8095.
8093.
8090.
8089.
8085.
8084.
8080.
8079.
8076.
8073.
8071.
8068.
8065.
8063.
8061.
8060.
8056.
8053.
8051.
8049.
8048.
8045.
8042.
8040.
8038.
8036.
8034.
8032.
8030.
8027.
8027.
8024.
8021.
8020.
8019.
8016.
8014.
8013.
8010.
8008.
8007.
8004.
8005.
8003.
8001.
7999.
7998.
7998.
7997.
7995.
7995.
7995.
7993.
7993.
7993.
7992.
7992.
7992.
7992.
7992.
7994.
7995.
7995.
7997.
7998.
7999.
8001.
8003.
8006.
8009.
8012.
8015.
8020.
8023.
8027.
8031.
8036.
8041.
8047.
8053.
8059.
8065.
8073.
8080.
8086.
8093.
8102.
8110.
8118.
8127.
8135.
8143.
8153.
8163.
8172.
8180.
8189.
8199.
8208.
8217.
8225.
8234.
8242.
8252.
8260.
8268.
8276.
8283.
8289.
8294.
8300.
8304.
8308.
8312.
8314.
8318.
8320.
8322.
8322.
8321.
8321.
8320.
8320.
8317.
8315.
8312.
8309.
8306.
8303.
8300.
8296.
8292.
8288.
8284.
8279.
8274.
8271.
8266.
8262.
8257.
8253.
8248.
8242.
8239.
8233.
8229.
8224.
8219.
8214.
8209.
8203.
8198.
8193.
8188.
8183.
8178.
8173.
8167.
8163.
8159.
8155.
8151.
8144.
8140.
8135.
8131.
8126.
8121.
8116.
8114.
8108.
8104.
8099.
8096.
8091.
8088.
8083.
8079.
8075.
8071.
8067.
8063.
8058.
8054.
8050.
8046.
8042.
8038.
8036.
8030.
8027.
8022.
8019.
8016.
8012.
8008.
8004.
8000.
7998.
7995.
7990.
7986.
7984.
7979.
7977.
7974.
7971.
7968.
7965.
7961.
7957.
7952.
7950.
7948.
7946.
7943.
7940.
7937.
7934.
7931.
7926.
7924.
7922.
7919.
7917.
7914.
7910.
7909.
7906.
7902.
7900.
7897.
7895.
7893.
7891.
7889.
7885.
7883.
7880.
7878.
7876.
7874.
7871.
7869.
7867.
7866.
7862.
7859.
7857.
7855.
7853.
7851.
7848.
7846.
7845.
7842.
7839.
7837.
7835.
7832.
7831.
7829.
7826.
7822.
7821.
7818.
7816.
7812.
7809.
7806.
7804.
7803.
7799.
7795.
7792.
7789.
7786.
7783.
7779.
7775.
7772.
7769.
7766.
7762.
7758.
7753.
7749.
7744.
7739.
7734.
7730.
7725.
7720.
7715.
7710.
7705.
7700.
7696.
7689.
7684.
7680.
7675.
7674.
7675.
7678.
7686.
7693.
7702.
7709.
7719.
7728.
7736.
7745.
7752.
7760.
7768.
7776.
7783.
7788.
7793.
7798.
7802.
7805.
7807.
7811.
7813.
7816.
7820.
7823.
7825.
7828.
7832.
7836.
7840.
7844.
7849.
7852.
7857.
7860.
7867.
7872.
7875.
7880.
7885.
7891.
7898.
7901.
7908.
7913.
7918.
7924.
7930.
7936.
7942.
7949.
7955.
7961.
7967.
7974.
7980.
7986.
7993.
7999.
8007.
8013.
8018.
8025.
8032.
8037.
8045.
8051.
8056.
8061.
8067.
8072.
8077.
8083.
8089.
8093.
8097.
8103.
8107.
8109.
8113.
8116.
8121.
8123.
8127.
8131.
8132.
8134.
8135.
8138.
8140.
8140.
8141.
8142.
8143.
8142.
8143.
8142.
8142.
8142.
8142.
8140.
8139.
8138.
8136.
8134.
8133.
8129.
8127.
8125.
8122.
8119.
8116.
8115.
8112.
8107.
8104.
8100.
8096.
8093.
8090.
8085.
8081.
8076.
8073.
8068.
8064.
8060.
8056.
8052.
8048.
8043.
8039.
8033.
8029.
8026.
8020.
8017.
8013.
8009.
8005.
8001.
7997.
7993.
7990.
7987.
7984.
7983.
7980.
7978.
7976.
7974.
7971.
7970.
7969.
7968.
7967.
7966.
7966.
7966.
7964.
7964.
7964.
7964.
7964.
7964.
7964.
7964.
7964.
7966.
7968.
7968.
7968.
7970.
7973.
7974.
7975.
7976.
7979.
7980.
7983.
7986.
7989.
7991.
7994.
7996.
8000.
8002.
8005.
8010.
8013.
8018.
8021.
8026.
8029.
8034.
8039.
8043.
8048.
8052.
8056.
8060.
8068.
8071.
8075.
8076.
8079.
8076.
8072.
8066.
8058.
8054.
8052.
8049.
8047.
8046.
8046.
8047.
8048.
8048.
8048.
8049.
8049.
8050.
8051.
8051.
8051.
8052.
8051.
8050.
8049.
8049.
8047.
8047.
8045.
8043.
8041.
8040.
8037.
8035.
8033.
8031.
8029.
8024.
8021.
8019.
8015.
8011.
8008.
8005.
8000.
7994.
7991.
7988.
7984.
7979.
7975.
7971.
7965.
7961.
7956.
7953.
7947.
7942.
7938.
7935.
7928.
7925.
7918.
7915.
7911.
7906.
7902.
7897.
7894.
7889.
7885.
7884.
7880.
7876.
7873.
7870.
7868.
7865.
7862.
7861.
7859.
7857.
7855.
7853.
7852.
7850.
7850.
7850.
7847.
7846.
7845.
7845.
7845.
7846.
7844.
7845.
7844.
7845.
7845.
7845.
7845.
7846.
7846.
7846.
7847.
7848.
7849.
7850.
7850.
7851.
7852.
7855.
7855.
7857.
7858.
7858.
7860.
7861.
7863.
7865.
7867.
7869.
7870.
7872.
7875.
7877.
7880.
7882.
7886.
7888.
7890.
7893.
7895.
7899.
7901.
7906.
7909.
7912.
7915.
7919.
7922.
7926.
7928.
7933.
7938.
7941.
7944.
7949.
7953.
7955.
7960.
7965.
7969.
7972.
7974.
7976.
7978.
7977.
7977.
7978.
7979.
7982.
7984.
7987.
7990.
7992.
7992.
7995.
7996.
7997.
7998.
7999.
8001.
8000.
8001.
8002.
8002.
8001.
8002.
8001.
8000.
8000.
7998.
7998.
7997.
7996.
7995.
7993.
7991.
7989.
7987.
7984.
7983.
7980.
7977.
7974.
7970.
7967.
7965.
7962.
7958.
7953.
7948.
7944.
7939.
7935.
7928.
7922.
7917.
7908.
7902.
7896.
7890.
7882.
7876.
7871.
7866.
7860.
7855.
7851.
7844.
7839.
7833.
7830.
7825.
7820.
7817.
7814.
7810.
7808.
7806.
7805.
7804.
7803.
7801.
7800.
7800.
7800.
7800.
7799.
7798.
7798.
7798.
7801.
7801.
7801.
7801.
7802.
7803.
7803.
7804.
7805.
7806.
7808.
7808.
7811.
7812.
7813.
7816.
7817.
7820.
7822.
7824.
7827.
7829.
7831.
7834.
7837.
7839.
7842.
7844.
7847.
7851.
7853.
7855.
7858.
7862.
7865.
7868.
7873.
7876.
7880.
7883.
7886.
7890.
7894.
7897.
7901.
7905.
7909.
7913.
7916.
7920.
7924.
7927.
7932.
7936.
7940.
7945.
7949.
7953.
7957.
7961.
7966.
7970.
7973.
7978.
7983.
7987.
7988.
7989.
7989.
7987.
7984.
7983.
7983.
7983.
7984.
7986.
7988.
7989.
7991.
7991.
7992.
7991.
7992.
7991.
7991.
7989.
7989.
7987.
7986.
7985.
7984.
7982.
7980.
7978.
7976.
7974.
7972.
7970.
7968.
7965.
7962.
7960.
7956.
7954.
7951.
7948.
7945.
7942.
7939.
7934.
7931.
7928.
7923.
7919.
7915.
7913.
7910.
7906.
7901.
7896.
7894.
7890.
7885.
7881.
7876.
7874.
7870.
7865.
7861.
7856.
7853.
7849.
7845.
7842.
7838.
7834.
7830.
7825.
7822.
7819.
7815.
7812.
7809.
7806.
7803.
7800.
7797.
7795.
7792.
7791.
7787.
7785.
7782.
7781.
7779.
7778.
7776.
7775.
7773.
7772.
7771.
7769.
7768.
7767.
7765.
7766.
7766.
7765.
7763.
7764.
7764.
7763.
7762.
7762.
7763.
7763.
7763.
7763.
7763.
7762.
7763.
7762.
7763.
7763.
7765.
7764.
7764.
7765.
7765.
7764.
7765.
7765.
7764.