7902.
7902.
7904.
7902.
7903.
7905.
7904.
7905.
7906.
7907.
7908.
7908.
7909.
7910.
7911.
7911.
7913.
7913.
7915.
7916.
7917.
7919.
7921.
7923.
7924.
7926.
7928.
7929.
7932.
7933.
7935.
7938.
7940.
7943.
7945.
7947.
7949.
7952.
7955.
7957.
7959.
7963.
7967.
7969.
7972.
7975.
7979.
7982.
7985.
7988.
7993.
7997.
7999.
8002.
8007.
8010.
8014.
8018.
8022.
8025.
8028.
8031.
8036.
8040.
8043.
8047.
8051.
8053.
8056.
8062.
8065.
8068.
8070.
8074.
8079.
8081.
8084.
8087.
8091.
8094.
8096.
8099.
8102.
8105.
8108.
8110.
8112.
8113.
8115.
8117.
8119.
8121.
8124.
8126.
8126.
8126.
8128.
8130.
8131.
8132.
8133.
8134.
8134.
8135.
8136.
8135.
8135.
8135.
8135.
8136.
8136.
8137.
8137.
8135.
8136.
8135.
8135.
8134.
8132.
8130.
8132.
8132.
8131.
8130.
8128.
8128.
8128.
8125.
8124.
8124.
8122.
8121.
8119.
8118.
8117.
8115.
8113.
8112.
8109.
8108.
8106.
8105.
8103.
8101.
8098.
8098.
8095.
8094.
8092.
8088.
8086.
8085.
8084.
8081.
8078.
8076.
8074.
8071.
8069.
8065.
8064.
8061.
8059.
8051.
8038.
8047.
8050.
8047.
8044.
8041.
8038.
8035.
8032.
8029.
8026.
8024.
8021.
8018.
8016.
8013.
8010.
8007.
8003.
8001.
7997.
7995.
7992.
7988.
7986.
7984.
7979.
7977.
7973.
7971.
7968.
7963.
7961.
7957.
7954.
7951.
7948.
7944.
7941.
7938.
7935.
7931.
7928.
7924.
7920.
7917.
7914.
7911.
7910.
7909.
7911.
7915.
7921.
7927.
7935.
7939.
7946.
7952.
7957.
7961.
7966.
7969.
7972.
7974.
7975.
7976.
7976.
7975.
7976.
7977.
7976.
7975.
7975.
7974.
7976.
7976.
7975.
7976.
7978.
7977.
7977.
7980.
7979.
7979.
7978.
7980.
7980.
7981.
7981.
7983.
7984.
7983.
7984.
7986.
7986.
7986.
7988.
7989.
7990.
7991.
7992.
7993.
7994.
7996.
7997.
7999.
8002.
8002.
8004.
8007.
8009.
8010.
8012.
8013.
8014.
8017.
8021.
8022.
8026.
8029.
8031.
8033.
8036.
8039.
8041.
8044.
8049.
8050.
8055.
8057.
8061.
8064.
8067.
8071.
8075.
8078.
8081.
8085.
8090.
8094.
8098.
8102.
8106.
8109.
8111.
8114.
8119.
8123.
8126.
8130.
8135.
8138.
8141.
8144.
8148.
8151.
8154.
8159.
8162.
8165.
8167.
8170.
8173.
8175.
8177.
8179.
8182.
8185.
8186.
8187.
8189.
8191.
8192.
8192.
8192.
8195.
8195.
8195.
8195.
8196.
8194.
8194.
8194.
8193.
8192.
8192.
8192.
8190.
8189.
8188.
8185.
8183.
8182.
8181.
8178.
8176.
8175.
8173.
8169.
8167.
8165.
8161.
8159.
8157.
8154.
8151.
8148.
8145.
8142.
8139.
8136.
8131.
8128.
8125.
8120.
8118.
8115.
8111.
8107.
8102.
8100.
8095.
8091.
8086.
8085.
8081.
8076.
8072.
8068.
8063.
8059.
8056.
8051.
8048.
8044.
8037.
8033.
8028.
8024.
8021.
8016.
8011.
8006.
8002.
7998.
7992.
7986.
7982.
7976.
7972.
7968.
7962.
7957.
7952.
7947.
7941.
7938.
7935.
7930.
7925.
7919.
7915.
7911.
7907.
7901.
7896.
7892.
7887.
7883.
7880.
7875.
7871.
7865.
7861.
7857.
7852.
7848.
7844.
7840.
7837.
7834.
7829.
7826.
7823.
7820.
7817.
7814.
7810.
7807.
7805.
7803.
7800.
7798.
7796.
7794.
7793.
7792.
7791.
7789.
7788.
7787.
7788.
7788.
7787.
7787.
7789.
7790.
7789.
7790.
7791.
7793.
7794.
7795.
7797.
7799.
7802.
7804.
7806.
7809.
7810.
7812.
7814.
7816.
7817.
7820.
7822.
7824.
7825.
7827.
7827.
7827.
7827.
7828.
7828.
7827.
7827.
7826.
7825.
7825.
7822.
7821.
7818.
7816.
7812.
7808.
7805.
7804.
7800.
7795.
7791.
7787.
7783.
7777.
7774.
7769.
7765.
7760.
7754.
7748.
7744.
7738.
7733.
7727.
7721.
7716.
7712.
7706.
7700.
7695.
7689.
7684.
7678.
7672.
7667.
7663.
7656.
7651.
7645.
7640.
7633.
7629.
7624.
7619.
7613.
7609.
7603.
7597.
7591.
7588.
7584.
7578.
7572.
7569.
7565.
7566.
7570.
7575.
7582.
7591.
7601.
7613.
7623.
7635.
7648.
7662.
7675.
7691.
7704.
7718.
7733.
7749.
7765.
7781.
7792.
7804.
7813.
7821.
7829.
7835.
7841.
7847.
7851.
7856.
7860.
7864.
7868.
7871.
7874.
7879.
7882.
7884.
7886.
7891.
7893.
7895.
7897.
7899.
7902.
7905.
7906.
7907.
7909.
7909.
7912.
7914.
7915.
7916.
7917.
7917.
7919.
7918.
7918.
7919.
7917.
7919.
7918.
7916.
7916.
7915.
7914.
7912.
7911.
7910.
7909.
7908.
7905.
7903.
7902.
7900.
7899.
7896.
7893.
7892.
7889.
7886.
7883.
7881.
7879.
7876.
7872.
7869.
7867.
7863.
7860.
7857.
7855.
7851.
7848.
7845.
7841.
7838.
7835.
7832.
7829.
7825.
7823.
7820.
7817.
7814.
7812.
7809.
7806.
7806.
7804.
7803.
7801.
7801.
7800.
7800.
7799.
7799.
7799.
7800.
7802.
7804.
7804.
7806.
7809.
7811.
7813.
7816.
7819.
7821.
7825.
7829.
7832.
7836.
7840.
7845.
7848.
7853.
7857.
7861.
7866.
7873.
7878.
7882.
7888.
7893.
7898.
7905.
7909.
7915.
7921.
7928.
7934.
7940.
7944.
7952.
7958.
7965.
7971.
7978.
7984.
7991.
7997.
8004.
8011.
8018.
8024.
8031.
8039.
8046.
8053.
8061.
8067.
8074.
8080.
8085.
8088.
8087.
8083.
8076.
8068.
8059.
8051.
8042.
8032.
8022.
8014.
8006.
8004.
8001.
7999.
8000.
8001.
8002.
8004.
8006.
8007.
8009.
8011.
8012.
8014.
8017.
8020.
8021.
8023.
8026.
8028.
8028.
8032.
8034.
8036.
8038.
8041.
8043.
8045.
8047.
8049.
8051.
8053.
8056.
8058.
8061.
8064.
8066.
8070.
8074.
8076.
8078.
8081.
8084.
8086.
8089.
8094.
8098.
8100.
8102.
8107.
8111.
8116.
8119.
8120.
8122.
8120.
8115.
8110.
8100.
8090.
8080.
8069.
8061.
8053.
8046.
8041.
8036.
8034.
8030.
8028.
8027.
8025.
8022.
8019.
8017.
8013.
8010.
8006.
8004.
7999.
7995.
7991.
7988.
7983.
7980.
7975.
7971.
7968.
7963.
7957.
7952.
7947.
7942.
7938.
7933.
7928.
7922.
7918.
7912.
7907.
7902.
7897.
7891.
7886.
7881.
7875.
7870.
7864.
7860.
7854.
7848.
7844.
7839.
7834.
7828.
7823.
7818.
7815.
7811.
7806.
7803.
7799.
7796.
7792.
7790.
7786.
7783.
7781.
7777.
7775.
7772.
7769.
7768.
7766.
7765.
7763.
7761.
7760.
7760.
7760.
7759.
7757.
7757.
7757.
7757.
7758.
7758.
7758.
7758.
7759.
7760.
7761.
7762.
7764.
7764.
7767.
7768.
7770.
7772.
7775.
7777.
7779.
7781.
7784.
7787.
7791.
7794.
7796.
7798.
7801.
7805.
7810.
7813.
7817.
7820.
7822.
7827.
7831.
7835.
7839.
7844.
7847.
7851.
7854.
7858.
7862.
7865.
7868.
7871.
7874.
7877.
7880.
7881.
7884.
7887.
7889.
7891.
7893.
7896.
7899.
7901.
7903.
7907.
7909.
7910.
7911.
7912.
7912.
7911.
7909.
7906.
7904.
7900.
7898.
7897.
7894.
7893.
7894.
7893.
7894.
7892.
7893.
7892.
7892.
7892.
7892.
7891.
7890.
7888.
7889.
7889.
7887.
7888.
7890.
7892.
7891.
7892.
7893.
7894.
7895.
7895.
7898.
7898.
7899.
7899.
7899.
7899.
7900.
7900.
7902.
7903.
7902.
7902.
7901.
7901.
7899.
7899.
7897.
7895.
7893.
7891.
7889.
7887.
7884.
7882.
7879.
7876.
7874.
7872.
7868.
7864.
7860.
7857.
7853.
7850.
7846.
7841.
7839.
7834.
7830.
7825.
7821.
7816.
7811.
7806.
7802.
7797.
7792.
7788.
7782.
7777.
7771.
7766.
7762.
7756.
7752.
7746.
7740.
7736.
7730.
7724.
7718.
7712.
7708.
7703.
7696.
7690.
7685.
7681.
7675.
7671.
7666.
7661.
7655.
7650.
7646.
7643.
7639.
7634.
7631.
7627.
7623.
7619.
7616.
7613.
7611.
7609.
7606.
7604.
7603.
7600.
7599.
7598.
7597.
7597.
7596.
7596.
7597.
7599.
7601.
7602.
7605.
7609.
7613.
7616.
7620.
7624.
7627.
7632.
7637.
7643.
7649.
7655.
7662.
7668.
7675.
7683.
7691.
7698.
7706.
7713.
7721.
7732.
7741.
7750.
7761.
7768.
7780.
7789.
7797.
7806.
7815.
7825.
7834.
7843.
7851.
7861.
7869.
7876.
7885.
7893.
7900.
7905.
7912.
7918.
7923.
7929.
7934.
7939.
7941.
7944.
7949.
7952.
7953.
7956.
7957.
7959.
7961.
7960.
7961.
7960.
7960.
7960.
7959.
7958.
7956.
7955.
7952.
7951.
7948.
7947.
7942.
7941.
7937.
7934.
7930.
7927.
7924.
7920.
7915.
7912.
7907.
7904.
7899.
7895.
7891.
7886.
7880.
7876.
7870.
7864.
7860.
7854.
7848.
7842.
7839.
7834.
7827.
7822.
7817.
7812.
7806.
7800.
7794.
7788.
7784.
7777.
7771.
7766.
7761.
7756.
7751.
7745.
7739.
7733.
7727.
7722.
7716.
7711.
7705.
7700.
7694.
7689.
7683.
7677.
7671.
7666.
7661.
7656.
7650.
7645.
7639.
7632.
7629.
7623.
7617.
7613.
7608.
7603.
7600.
7593.
7591.
7588.
7588.
7591.
7597.
7605.
7617.
7631.
7646.
7662.
7679.
7697.
7715.
7734.
7753.
7771.
7788.
7808.
7824.
7842.
7858.
7873.
7887.
7899.
7911.
7921.
7930.
7936.
7943.
7949.
7954.
7958.
7962.
7965.
7967.
7970.
7973.
7974.
7975.
7976.
7977.
7977.
7977.
7975.
7975.
7974.
7971.
7969.
7967.
7965.
7962.
7959.
7954.
7951.
7946.
7943.
7938.
7933.
7927.
7923.
7919.
7912.
7907.
7901.
7895.
7888.
7885.
7878.
7871.
7867.
7860.
7854.
7847.
7842.
7834.
7829.
7822.
7816.
7810.
7804.
7796.
7791.
7784.
7777.
7771.
7765.
7759.
7753.
7746.
7739.
7732.
7726.
7719.
7712.
7704.
7698.
7692.
7685.
7676.
7669.
7663.
7656.
7648.
7642.
7637.
7633.
7634.
7637.
7641.
7647.
7654.
7659.
7666.
7672.
7681.
7688.
7696.
7704.
7709.
7715.
7719.
7722.
7726.
7729.
7732.
7738.
7741.
7747.
7755.
7761.
7767.
7776.
7781.
7787.
7792.
7798.
7803.
7808.
7813.
7817.
7822.
7826.
7829.
7834.
7840.
7845.
7848.
7851.
7853.
7855.
7857.
7859.
7862.
7864.
7865.
7866.
7870.
7872.
7873.
7875.
7878.
7881.
7883.
7885.
7888.
7890.
7892.
7894.
7896.
7899.
7901.
7903.
7905.
7907.
7909.
7911.
7913.
7915.
7918.
7920.
7922.
7924.
7925.
7927.
7930.
7931.
7934.
7935.
7939.
7941.
7942.
7943.
7946.
7950.
7953.
7955.
7958.
7961.
7964.
7968.
7972.
7976.
7979.
7984.
7989.
7992.
7997.
8001.
8006.
8011.
8015.
8020.
8026.
8032.
8036.
8041.
8047.
8054.
8057.
8063.
8068.
8075.
8078.
8080.
8079.
8074.
8068.
8056.
8045.
8032.
8020.
8005.
7993.
7980.
7968.
7960.
7953.
7949.
7947.
7946.
7947.
7946.
7947.
7949.
7950.
7951.
7953.
7954.
7958.
7960.
7963.
7964.
7966.
7968.
7977.
7973.
7975.
7978.
7981.
7984.
7986.
7990.
7992.
7995.
7998.
8002.
8006.
8009.
8014.
8019.
8023.
8027.
8031.
8036.
8039.
8043.
8048.
8054.
8059.
8064.
8068.
8074.
8080.
8084.
8090.
8095.
8100.
8104.
8106.
8105.
8099.
8093.
8085.
8075.
8062.
8049.
8038.
8027.
8014.
8004.
7995.
7988.
7982.
7977.
7973.
7971.
7968.
7965.
7963.
7959.
7955.
7953.
7949.
7946.
7942.
7937.
7935.
7932.
7929.
7925.
7922.
7919.
7915.
7910.
7908.
7905.
7901.
7898.
7895.
7892.
7888.
7885.
7884.
7881.
7880.
7877.
7876.
7875.
7873.
7873.
7873.
7872.
7873.
7873.
7874.
7877.
7877.
7878.
7880.
7882.
7884.
7886.
7889.
7893.
7896.
7899.
7903.
7907.
7908.
7913.
7917.
7922.
7926.
7930.
7934.
7939.
7943.
7948.
7954.
7957.
7963.
7967.
7973.
7978.
7984.
7988.
7993.
7998.
8003.
8009.
8013.
8019.
8025.
8031.
8036.
8042.
8048.
8053.
8060.
8065.
8070.
8077.
8083.
8088.
8095.
8099.
8103.
8104.
8102.
8096.
8090.
8081.
8075.
8067.
8061.
8053.
8046.
8039.
8035.
8031.
8028.
8026.
8025.
8024.
8022.
8020.
8020.
8018.
8017.
8016.
8015.
8016.
8014.
8013.
8013.
8013.
8011.
8010.
8010.
8010.
8009.
8008.
8006.
8003.
8000.
7997.
7994.
7991.
7986.
7984.
7982.
7981.
7979.
7978.
7977.
7977.
7976.
7972.
7970.
7967.
7964.
7961.
7955.
7950.
7945.
7941.
7936.
7933.
7930.
7928.
7924.
7922.
7920.
7918.
7916.
7914.
7913.
7909.
7906.
7904.
7899.
7896.
7892.
7888.
7885.
7881.
7878.
7874.
7870.
7867.
7863.
7859.
7856.
7852.
7849.
7845.
7840.
7835.
7833.
7829.
7826.
7822.
7819.
7816.
7812.
7809.
7806.
7803.
7799.
7797.
7795.
7792.
7790.
7788.
7787.
7786.
7783.
7781.
7781.
7781.
7779.
7779.
7779.
7779.
7779.
7780.
7783.
7783.
7785.
7788.
7789.
7792.
7794.
7798.
7802.
7806.
7809.
7815.
7820.
7827.
7833.
7837.
7845.
7852.
7858.
7866.
7874.
7881.
7890.
7899.
7907.
7916.
7926.
7936.
7945.
7955.
7966.
7975.
7984.
7995.
8003.
8013.
8021.
8031.
8039.
8048.
8056.
8064.
8071.
8078.
8085.
8092.
8098.
8103.
8108.
8111.
8116.
8120.
8123.
8125.
8127.
8129.
8130.
8131.
8131.
8130.
8130.
8128.
8127.
8125.
8123.
8121.
8119.
8116.
8113.
8109.
8105.
8102.
8097.
8092.
8087.
8082.
8076.
8072.
8068.
8062.
8056.
8051.
8045.
8040.
8033.
8028.
8022.
8017.
8011.
8005.
7998.
7991.
7984.
7978.
7971.
7966.
7959.
7953.
7946.
7940.
7935.
7927.
7921.
7914.
7908.
7901.
7896.
7888.
7881.
7875.
7869.
7862.
7855.
7850.
7842.
7835.
7827.
7821.
7815.
7809.
7804.
7797.
7790.
7785.
7778.
7773.
7766.
7759.
7754.
7748.
7740.
7734.
7728.
7723.
7717.
7709.
7704.
7698.
7691.
7686.
7681.
7674.
7668.
7663.
7657.
7651.
7645.
7641.
7635.
7629.
7623.
7618.
7614.
7608.
7602.
7597.
7593.
7589.
7589.
7591.
7596.
7604.
7614.
7625.
7638.
7653.
7668.
7684.
7699.
7716.
7732.
7748.
7765.
7780.
7794.
7807.
7821.
7832.
7843.
7853.
7862.
7869.
7878.
7883.
7887.
7890.
7893.
7896.
7899.
7900.
7902.
7904.
7905.
7906.
7906.
7907.
7907.
7907.
7905.
7906.
7905.
7902.
7900.
7900.
7896.
7895.
7891.
7889.
7885.
7883.
7880.
7876.
7872.
7869.
7864.
7861.
7857.
7853.
7849.
7844.
7839.
7834.
7830.
7825.
7820.
7815.
7809.
7804.
7800.
7794.
7788.
7782.
7777.
7771.
7767.
7761.
7754.
7751.
7744.
7738.
7732.
7728.
7722.
7716.
7711.
7705.
7701.
7695.
7688.
7683.
7677.
7671.
7666.
7660.
7653.
7648.
7642.
7636.
7630.
7623.
7618.
7613.
7607.
7600.
7592.
7586.
7579.
7572.
7566.
7559.
7551.
7545.
7542.
7541.
7544.
7549.
7557.
7563.
7573.
7583.
7593.
7603.
7615.
7624.
7633.
7641.
7648.
7656.
7662.
7669.
7676.
7683.
7691.
7697.
7703.
7710.
7716.
7724.
7730.
7738.
7746.
7754.
7763.
7770.
7778.
7784.
7791.
7798.
7805.
7813.
7820.
7826.
7830.
7835.
7838.
7840.
7845.
7849.
7853.
7855.
7858.
7859.
7862.
7864.
7866.
7870.
7874.
7876.
7879.
7882.
7885.
7889.
7892.
7896.
7899.
7902.
7905.
7908.
7912.
7916.
7919.
7921.
7925.
7928.
7931.
7937.
7940.
7943.
7947.
7951.
7956.
7960.
7963.
7968.
7972.
7975.
7981.
7986.
7991.
7996.
8001.
8006.
8013.
8018.
8025.
8030.
8035.
8042.
8048.
8053.
8059.
8066.
8072.
8079.
8085.
8091.
8098.
8105.
8112.
8118.
8125.
8133.
8141.
8148.
8155.
8162.
8169.
8178.
8186.
8194.
8200.
8207.
8215.
8222.
8225.
8227.
8224.
8218.
8209.
8200.
8190.
8177.
8163.
8151.
8139.
8127.
8114.
8100.
8089.
8077.
8069.
8063.
8059.
8056.
8055.
8055.
8055.
8055.
8055.
8056.
8058.
8059.
8061.
8062.
8066.
8068.
8069.
8072.
8075.
8078.
8081.
8085.
8089.
8094.
8096.
8101.
8104.
8110.
8114.
8119.
8124.
8130.
8136.
8142.
8148.
8154.
8160.
8166.
8173.
8179.
8185.
8191.
8199.
8205.
8212.
8219.
8227.
8233.
8240.
8248.
8256.
8262.
8269.
8277.
8284.
8292.
8299.
8305.
8313.
8320.
8327.
8334.
8340.
8348.
8355.
8360.
8364.
8368.
8367.
8361.
8356.
8348.
8338.
8330.
8321.
8311.
8300.
8288.
8277.
8266.
8256.
8245.
8237.
8229.
8223.
8218.
8214.
8211.
8206.
8204.
8200.
8198.
8194.
8192.
8188.
8186.
8184.
8179.
8176.
8174.
8171.
8169.
8165.
8164.
8160.
8157.
8155.
8152.
8150.
8147.
8144.
8141.
8138.
8136.
8134.
8132.
8128.
8126.
8123.
8122.
8119.
8116.
8115.
8113.
8112.
8109.
8107.
8104.
8103.
8101.
8099.
8098.
8096.
8094.
8093.
8091.
8090.
8089.
8087.
8086.
8084.
8084.
8083.
8081.
8080.
8080.
8079.
8077.
8076.
8073.
8072.
8072.
8072.
8071.
8070.
8068.
8068.
8067.
8066.
8064.
8063.
8063.
8060.
8060.
8058.
8058.
8057.
8056.
8055.
8054.
8053.
8052.
8052.
8051.
8051.
8050.
8048.
8048.
8048.
8047.
8047.
8047.
8045.
8045.
8045.
8046.
8046.
8046.
8045.
8045.
8046.
8047.
8048.
8049.
8050.
8050.
8053.
8054.
8056.
8057.
8057.
8057.
8056.
8051.
8045.
8034.
8023.
8008.
7993.
7981.
7969.
7957.
7946.
7936.
7926.
7915.
7905.
7894.
7885.
7876.
7869.
7861.
7851.
7840.
7831.
7822.
7815.
7807.
7801.
7795.
7788.
7780.
7772.
7766.
7759.
7752.
7745.
7738.
7732.
7727.
7722.
7718.
7713.
7708.
7702.
7698.
7694.
7690.
7683.
7679.
7677.
7675.
7674.
7673.
7671.
7671.
7672.
7674.
7676.
7678.
7683.
7686.
7690.
7695.
7700.
7704.
7710.
7712.
7715.
7719.
7721.
7723.
7727.
7729.
7733.
7734.
7736.
7740.
7743.
7746.
7748.
7750.
7753.
7757.
7759.
7761.
7764.
7768.
7771.
7773.
7777.
7780.
7782.
7785.
7789.
7791.
7793.
7795.
7798.
7801.
7804.
7806.
7809.
7811.
7814.
7816.
7817.
7818.
7819.
7822.
7823.
7825.
7823.
7826.
7826.
7827.
7827.
7827.
7829.
7829.
7828.
7828.
7827.
7827.
7826.
7825.
7824.
7823.
7822.
7821.
7820.
7819.
7818.
7816.
7814.
7813.
7809.
7808.
7806.
7804.
7802.
7800.
7799.
7795.
7795.
7791.
7788.
7786.
7783.
7781.
7778.
7776.
7772.
7770.
7766.
7764.
7761.
7759.
7755.
7752.
7749.
7746.
7743.
7740.
7736.
7733.
7730.
7727.
7722.
7720.
7716.
7714.
7709.
7708.
7704.
7701.
7698.
7694.
7692.
7687.
7684.
7680.
7679.
7675.
7671.
7668.
7664.
7661.
7657.
7654.
7650.
7648.
7644.
7641.
7637.
7634.
7632.
7628.
7625.
7622.
7617.
7614.
7610.
7608.
7603.
7600.
7597.
7592.
7589.
7586.
7582.
7580.
7577.
7572.
7568.
7566.
7563.
7558.
7554.
7552.
7549.
7543.
7541.
7538.
7533.
7530.
7527.
7523.
7520.
7516.
7512.
7509.
7504.
7501.
7497.
7494.
7489.
7486.
7483.
7480.
7476.
7474.
7477.
7482.
7489.
7498.
7509.
7519.
7533.
7548.
7563.
7580.
7597.
7615.
7631.
7650.
7670.
7689.
7706.
7724.
7739.
7753.
7763.
7773.
7782.
7790.
7796.
7802.
7810.
7814.
7820.
7824.
7829.
7835.
7838.
7841.
7846.
7850.
7853.
7856.
7859.
7861.
7864.
7865.
7866.
7869.
7869.
7869.
7870.
7870.
7871.
7870.
7870.
7869.
7868.
7867.
7865.
7865.
7863.
7860.
7858.
7855.
7853.
7850.
7847.
7845.
7841.
7839.
7834.
7831.
7828.
7825.
7821.
7817.
7813.
7809.
7805.
7802.
7797.
7794.
7789.
7785.
7781.
7776.
7772.
7767.
7763.
7760.
7756.
7751.
7747.
7742.
7737.
7732.
7729.
7724.
7719.
7713.
7708.
7703.
7697.
7691.
7685.
7679.
7673.
7665.
7658.
7652.
7644.
7636.
7627.
7620.
7612.
7603.
7595.
7587.
7581.
7574.
7568.
7563.
7560.
7562.
7563.
7567.
7573.
7581.
7588.
7596.
7604.
7611.
7619.
7626.
7634.
7642.
7649.
7657.
7666.
7677.
7686.
7696.
7704.
7714.
7724.
7734.
7744.
7754.
7763.
7770.
7778.
7785.
7793.
7801.
7807.
7813.
7820.
7826.
7833.
7839.
7845.
7851.
7855.
7860.
7862.
7865.
7870.
7872.
7875.
7877.
7879.
7881.
7883.
7884.
7885.
7884.
7884.
7884.
7883.
7882.
7884.
7888.
7888.
7893.
7898.
7902.
7905.
7911.
7914.
7919.
7923.
7927.
7933.
7939.
7944.
7950.
7956.
7962.
7968.
7973.
7980.
7985.
7991.
7997.
8003.
8011.
8017.
8024.
8029.
8036.
8042.
8049.
8055.
8056.
8058.
8057.
8051.
8043.
8034.
8022.
8008.
7994.
7981.
7967.
7950.
7935.
7920.
7906.
7892.
7879.
7866.
7853.
7843.
7834.
7827.
7822.
7819.
7816.
7815.
7814.
7815.
7815.
7816.
7817.
7818.
7820.
7821.
7823.
7825.
7828.
7831.
7836.
7838.
7842.
7845.
7849.
7852.
7857.
7861.
7867.
7872.
7878.
7884.
7890.
7894.
7899.
7906.
7912.
7918.
7924.
7930.
7938.
7942.
7951.
7957.
7964.
7969.
7978.
7984.
7991.
7999.
8005.
8013.
8020.
8026.
8032.
8036.
8036.
8033.
8030.
8023.
8017.
8009.
8002.
7995.
7989.
7984.
7979.
7974.
7972.
7970.
7971.
7970.
7968.
7969.
7968.
7966.
7965.
7964.
7961.
7959.
7957.
7955.
7952.
7950.
7947.
7943.
7942.
7938.
7936.
7932.
7929.
7925.
7921.
7918.
7914.
7909.
7905.
7901.
7897.
7894.
7889.
7885.
7881.
7876.
7871.
7868.
7862.
7857.
7853.
7849.
7844.
7839.
7834.
7829.
7825.
7821.
7815.
7812.
7807.
7803.
7798.
7793.
7789.
7786.
7782.
7778.
7774.
7769.
7765.
7762.
7759.
7755.
7752.
7749.
7746.
7742.
7739.
7736.
7733.
7730.
7727.
7724.
7721.
7718.
7715.
7712.
7709.
7708.
7704.
7701.
7698.
7695.
7691.
7689.
7688.
7684.
7680.
7679.
7676.
7673.
7671.
7671.
7669.
7667.
7666.
7664.
7662.
7661.
7660.
7661.
7660.
7659.
7660.
7661.
7663.
7664.
7665.
7667.
7669.
7670.
7671.
7673.
7677.
7677.
7678.
7681.
7682.
7683.
7684.
7684.
7686.
7687.
7690.
7692.
7694.
7698.
7699.
7701.
7701.
7700.
7702.
7702.
7703.
7703.
7703.
7703.
7700.
7699.
7697.
7696.
7697.
7697.
7696.
7696.
7696.
7695.
7696.
7697.
7697.
7695.
7694.
7695.
7694.
7695.
7695.
7695.
7696.
7697.
7696.
7697.
7699.
7700.
7701.
7703.
7705.
7708.
7711.
7713.
7717.
7720.
7724.
7729.
7733.
7739.
7744.
7750.
7755.
7762.
7769.
7777.
7784.
7791.
7798.
7808.
7818.
7828.
7837.
7847.
7857.
7865.
7876.
7886.
7898.
7907.
7918.
7928.
7939.
7948.
7959.
7968.
7979.
7988.
7997.
8005.
8014.
8022.
8029.
8036.
8043.
8049.
8054.
8059.
8064.
8068.
8072.
8075.
8077.
8080.
8083.
8084.
8085.
8087.
8090.
8090.
8090.
8090.
8090.
8088.
8088.
8087.
8086.
8085.
8084.
8082.
8080.
8079.
8076.
8074.
8073.
8069.
8068.
8066.
8063.
8061.
8058.
8055.
8052.
8049.
8046.
8042.
8039.
8036.
8033.
8030.
8026.
8023.
8020.
8016.
8012.
8009.
8007.
8001.
7997.
7995.
7991.
7987.
7983.
7979.
7976.
7972.
7967.
7964.
7961.
7956.
7953.
7949.
7947.
7941.
7937.
7933.
7929.
7924.
7921.
7918.
7914.
7909.
7906.
7903.
7899.
7894.
7891.
7888.
7883.
7880.
7876.
7871.
7868.
7863.
7859.
7855.
7851.
7849.
7845.
7841.
7836.
7832.
7827.
7824.
7821.
7816.
7812.
7810.
7805.
7800.
7795.
7793.
7789.
7785.
7781.
7778.
7774.
7770.
7765.
7763.
7759.
7754.
7752.
7747.
7743.
7739.
7735.
7732.
7728.
7725.
7721.
7717.
7714.
7710.
7707.
7703.
7700.
7696.
7693.
7690.
7686.
7683.
7679.
7676.
7673.
7669.
7666.
7662.
7659.
7656.
7653.
7649.
7645.
7643.
7639.
7636.
7632.
7630.
7627.
7624.
7620.
7616.
7613.
7610.
7606.
7602.
7601.
7596.
7595.
7591.
7588.
7585.
7580.
7578.
7574.
7571.
7569.
7566.
7562.
7559.
7556.
7553.
7550.
7547.
7544.
7541.
7537.
7534.
7531.
7527.
7523.
7518.
7514.
7511.
7505.
7499.
7494.
7489.
7481.
7475.
7468.
7460.
7454.
7448.
7442.
7436.
7430.
7424.
7419.
7414.
7408.
7402.
7398.
7392.
7388.
7385.
7382.
7381.
7380.
7382.
7386.
7389.
7393.
7398.
7404.
7410.
7416.
7423.
7433.
7441.
7451.
7462.
7471.
7483.
7493.
7506.
7518.
7530.
7543.
7553.
7566.
7579.
7590.
7601.
7611.
7622.
7635.
7646.
7658.
7668.
7677.
7688.
7697.
7708.
7717.
7727.
7734.
7744.
7753.
7759.
7765.
7772.
7778.
7786.
7792.
7797.
7803.
7808.
7813.
7818.
7823.
7828.
7832.
7835.
7839.
7842.
7846.
7850.
7853.
7857.
7860.
7863.
7866.
7870.
7873.
7875.
7877.
7880.
7882.
7886.
7887.
7889.
7891.
7894.
7894.
7896.
7899.
7901.
7901.
7902.
7904.
7906.
7905.
7907.
7908.
7909.
7910.
7909.
7910.
7909.
7911.
7911.
7913.
7912.
7912.
7912.
7912.
7912.
7913.
7914.
7915.
7916.
7917.
7919.
7920.
7922.
7923.
7926.
7929.
7930.
7934.
7936.
7938.
7941.
7947.
7950.
7953.
7958.
7962.
7967.
7971.
7975.
7981.
7987.
7992.
7998.
8003.
8009.
8014.
8021.
8027.
8033.
8040.
8045.
8052.
8058.
8065.
8071.
8078.
8085.
8093.
8099.
8104.
8109.
8113.
8110.
8104.
8097.
8086.
8074.
8062.
8047.
8035.
8024.
8011.
7998.
7987.
7981.
7975.
7972.
7971.
7970.
7973.
7973.
7973.
7975.
7977.
7979.
7982.
7984.
7985.
7988.
7990.
7993.
7994.
7997.
8000.
8002.
8005.
8006.
8010.
8013.
8016.
8020.
8023.
8027.
8031.
8035.
8039.
8043.
8048.
8053.
8056.
8061.
8066.
8071.
8075.
8080.
8084.
8091.
8096.
8102.
8108.
8112.
8118.
8124.
8130.
8134.
8140.
8146.
8151.
8156.
8163.
8168.
8174.
8180.
8186.
8191.
8197.
8202.
8207.
8212.
8218.
8220.
8220.
8218.
8212.
8205.
8195.
8183.
8173.
8159.
8148.
8135.
8122.
8110.
8096.
8082.
8069.
8057.
8046.
8035.
8027.
8019.
8012.
8007.
8000.
7995.
7992.
7988.
7982.
7978.
7975.
7971.
7967.
7964.
7960.
7955.
7951.
7949.
7945.
7941.
7940.
7937.
7935.
7932.
7931.
7929.
7927.
7926.
7926.
7925.
7924.
7922.
7923.
7924.
7923.
7922.
7924.
7924.
7925.
7927.
7928.
7929.
7932.
7933.
7935.
7937.
7939.
7939.
7941.
7943.
7945.
7947.
7950.
7952.
7955.
7957.
7958.
7962.
7965.
7966.
7968.
7970.
7973.
7975.
7977.
7980.
7983.
7984.
7986.
7989.
7992.
7992.
7995.
7997.
7999.
8000.
8003.
8005.
8007.
8009.
8011.
8014.
8017.
8019.
8021.
8023.
8026.
8029.
8031.
8033.
8036.
8040.
8042.
8044.
8047.
8051.
8054.
8057.
8060.
8062.
8066.
8070.
8073.
8076.
8080.
8084.
8087.
8091.
8097.
8101.
8106.
8111.
8115.
8120.
8126.
8130.
8136.
8142.
8147.
8153.
8160.
8166.
8173.
8179.
8186.
8195.
8202.
8210.
8218.
8227.
8235.
8245.
8255.
8266.
8274.
8285.
8293.
8305.
8314.
8325.
8333.
8343.
8351.
8359.
8364.
8367.
8367.
8362.
8354.
8345.
8336.
8328.
8320.
8312.
8304.
8296.
8290.
8283.
8275.
8266.
8256.
8242.
8231.
8220.
8210.
8199.
8188.
8175.
8161.
8148.
8136.
8123.
8114.
8103.
8092.
8080.
8069.
8059.
8049.
8040.
8030.
8022.
8010.
7998.
7987.
7975.
7964.
7954.
7944.
7936.
7927.
7917.
7908.
7897.
7889.
7882.
7876.
7870.
7863.
7857.
7852.
7848.
7845.
7841.
7835.
7832.
7829.
7827.
7823.
7821.
7819.
7816.
7813.
7812.
7812.
7810.
7810.
7809.
7809.
7809.
7809.
7810.
7810.
7812.
7813.
7815.
7818.
7820.
7824.
7828.
7831.
7836.
7840.
7845.
7850.
7855.
7860.
7866.
7871.
7876.
7882.
7888.
7895.
7901.
7906.
7912.
7919.
7926.
7931.
7937.
7942.
7947.
7952.
7957.
7962.
7966.
7970.
7972.
7975.
7977.
7979.
7980.
7981.
7982.
7984.
7983.
7983.
7980.
7979.
7977.
7976.
7973.
7969.
7968.
7964.
7959.
7953.
7948.
7944.
7939.
7935.
7928.
7922.
7917.
7910.
7903.
7897.
7891.
7884.
7878.
7871.
7864.
7857.
7849.
7844.
7836.
7828.
7820.
7814.
7805.
7799.
7792.
7784.
7777.
7768.
7761.
7754.
7747.
7739.
7732.
7724.
7717.
7710.
7703.
7695.
7687.
7680.
7673.
7665.
7657.
7650.
7644.
7635.
7629.
7621.
7614.
7606.
7599.
7593.
7586.
7578.
7571.
7564.
7559.
7552.
7544.
7537.
7530.
7524.
7517.
7510.
7502.
7494.
7488.
7483.
7477.
7470.
7465.
7464.
7464.
7469.
7476.
7486.
7498.
7511.
7524.
7540.
7555.
7572.
7589.
7606.
7624.
7641.
7658.
7676.
7692.
7707.
7723.
7738.
7752.
7764.
7775.
7786.
7795.
7802.
7809.
7813.
7818.
7821.
7823.
7827.
7828.
7829.
7831.
7832.
7833.
7834.
7835.
7837.
7837.
7837.
7838.
7837.
7837.
7837.
7836.
7835.
7834.
7834.
7833.
7832.
7829.
7828.
7827.
7823.
7821.
7819.
7815.
7813.
7809.
7806.
7803.
7799.
7795.
7791.
7788.
7783.
7779.
7775.
7772.
7767.
7763.
7759.
7753.
7749.
7744.
7740.
7736.
7730.
7726.
7720.
7714.
7711.
7705.
7699.
7694.
7689.
7684.
7678.
7673.
7667.
7662.
7658.
7652.
7646.
7640.
7634.
7628.
7623.
7618.
7616.
7619.
7622.
7629.
7639.
7648.
7661.
7674.
7691.
7706.
7720.
7735.
7750.
7765.
7780.
7793.
7804.
7816.
7825.
7835.
7842.
7847.
7851.
7852.
7853.
7854.
7854.
7854.
7854.
7855.
7857.
7858.
7861.
7865.
7866.
7872.
7877.
7881.
7888.
7895.
7903.
7911.
7917.
7923.
7928.
7934.
7939.
7945.
7949.
7955.
7961.
7966.
7971.
7975.
7979.
7982.
7986.
7989.
7991.
7993.
7993.
7995.
7996.
7997.
7998.
8001.
8003.
8003.
8004.
8007.
8009.
8010.
8014.
8015.
8017.
8018.
8022.
8021.
8024.
8026.
8028.
8030.
8032.
8035.
8037.
8040.
8043.
8045.
8048.
8050.
8055.
8057.
8060.
8064.
8069.
8072.
8075.
8079.
8084.
8087.
8093.
8098.
8102.
8107.
8112.
8117.
8121.
8127.
8132.
8139.
8145.
8151.
8157.
8162.
8168.
8175.
8182.
8187.
8194.
8201.
8207.
8213.
8220.
8227.
8234.
8241.
8248.
8256.
8262.
8269.
8277.
8284.
8292.
8299.
8307.
8315.
8323.
8330.
8338.
8345.
8352.
8361.
8369.
8376.
8382.
8385.
8384.
8379.
8372.
8362.
8349.
8336.
8321.
8305.
8291.
8272.
8255.
8238.
8222.
8205.
8190.
8175.
8161.
8149.
8142.
8135.
8130.
8129.
8125.
8123.
8123.
8121.
8122.
8121.
8121.
8121.
8121.
8122.
8123.
8125.
8128.
8128.
8128.
8130.
8133.
8134.
8136.
8140.
8142.
8144.
8148.
8152.
8157.
8161.
8164.
8169.
8173.
8179.
8185.
8189.
8194.
8200.
8204.
8210.
8217.
8224.
8229.
8236.
8241.
8248.
8253.
8259.
8267.
8271.
8278.
8284.
8291.
8297.
8305.
8312.
8319.
8323.
8331.
8337.
8342.
8347.
8350.
8350.
8345.
8339.
8330.
8321.
8312.
8303.
8294.
8286.
8279.
8271.
8266.
8264.
8262.
8260.
8258.
8255.
8254.
8251.
8247.
8244.
8240.
8237.
8232.
8228.
8225.
8220.
8216.
8212.
8207.
8202.
8196.
8191.
8187.
8181.
8177.
8169.
8164.
8158.
8153.
8146.
8140.
8134.
8128.
8122.
8115.
8108.
8102.
8094.
8088.
8081.
8075.
8067.
8060.
8053.
8047.
8040.
8033.
8026.
8019.
8012.
8006.
7998.
7992.
7985.
7976.
7969.
7963.
7955.
7947.
7940.
7933.
7927.
7918.
7910.
7903.
7896.
7890.
7881.
7874.
7867.
7858.
7851.
7844.
7836.
7827.
7820.
7812.
7805.
7797.
7790.
7782.
7773.
7766.
7758.
7750.
7742.
7734.
7727.
7720.
7713.
7704.
7697.
7689.
7681.
7673.
7666.
7659.
7651.
7643.
7636.
7627.
7620.
7613.
7605.
7599.
7593.
7584.
7579.
7572.
7566.
7560.
7555.
7550.
7544.
7539.
7534.
7530.
7527.
7528.
7528.
7530.
7532.
7533.
7533.
7534.
7537.
7539.
7541.
7544.
7550.
7554.
7559.
7565.
7572.
7579.
7586.
7593.
7601.
7609.
7619.
7629.
7638.
7648.
7659.
7670.
7680.
7691.
7701.
7712.
7723.
7735.
7749.
7760.
7772.
7785.
7795.
7805.
7814.
7822.
7832.
7841.
7849.
7858.
7867.
7875.
7883.
7890.
7896.
7900.
7906.
7908.
7910.
7912.
7914.
7913.
7912.
7912.
7912.
7911.
7910.
7907.
7906.
7903.
7900.
7895.
7892.
7888.
7884.
7879.
7875.
7870.
7864.
7857.
7852.
7846.
7840.
7832.
7826.
7821.
7814.
7808.
7801.
7795.
7787.
7781.
7773.
7766.
7758.
7751.
7744.
7736.
7730.
7723.
7716.
7709.
7702.
7694.
7686.
7681.
7674.
7665.
7659.
7652.
7644.
7637.
7629.
7623.
7616.
7611.
7602.
7596.
7589.
7583.
7577.
7570.
7563.
7557.
7551.
7544.
7538.
7532.
7527.
7520.
7514.
7506.
7500.
7493.
7488.
7481.
7476.
7469.
7462.
7456.
7450.
7444.
7439.
7433.
7427.
7422.
7417.
7415.
7412.
7413.
7413.
7414.
7418.
7420.
7423.
7426.
7432.
7436.
7441.
7446.
7452.
7459.
7467.
7475.
7483.
7494.
7502.
7512.
7518.
7527.
7534.
7542.
7550.
7560.
7571.
7579.
7587.
7596.
7605.
7615.
7625.
7635.
7645.
7655.
7666.
7676.
7687.
7699.
7710.
7722.
7733.
7743.
7754.
7766.
7778.
7788.
7799.
7808.
7817.
7828.
7836.
7844.
7851.
7857.
7861.
7865.
7867.
7868.
7868.
7869.
7868.
7868.
7868.
7866.
7865.
7863.
7861.
7858.
7857.
7854.
7851.
7848.
7844.
7841.
7837.
7832.
7828.
7824.
7821.
7815.
7812.
7807.
7802.
7795.
7791.
7785.
7781.
7775.
7770.
7766.
7759.
7753.
7748.
7743.
7738.
7731.
7726.
7720.
7715.
7708.
7704.
7698.
7692.
7686.
7680.
7675.
7671.
7663.
7659.
7653.
7647.
7641.
7636.
7630.
7625.
7620.
7613.
7605.
7600.
7594.
7589.
7582.
7577.
7570.
7563.
7556.
7551.
7544.
7537.
7531.
7524.
7518.
7510.
7504.
7499.
7492.
7485.
7479.
7473.
7466.
7459.
7452.
7446.
7440.
7434.
7428.
7422.
7417.
7410.
7404.
7399.
7394.
7389.
7384.
7379.
7375.
7371.
7367.
7365.
7361.
7357.
7355.
7353.
7352.
7352.
7350.
7350.
7349.
7348.
7348.
7348.
7350.
7350.
7351.
7352.
7355.
7355.
7357.
7361.
7363.
7365.
7368.
7372.
7375.
7379.
7381.
7386.
7390.
7395.
7400.
7404.
7408.
7415.
7420.
7425.
7430.
7435.
7441.
7447.
7452.
7458.
7465.
7471.
7476.
7483.
7489.
7496.
7503.
7510.
7517.
7523.
7530.
7538.
7546.
7555.
7562.
7568.
7575.
7584.
7591.
7599.
7608.
7616.
7623.
7631.
7639.
7647.
7656.
7663.
7672.
7679.
7686.
7695.
7704.
7712.
7721.
7728.
7736.
7745.
7753.
7761.
7769.
7778.
7787.
7796.
7803.
7811.
7818.
7828.
7836.
7844.
7851.
7860.
7866.
7873.
7882.
7891.
7899.
7907.
7914.
7922.
7930.
7938.
7946.
7954.
7961.
7969.
7976.
7985.
7993.
7999.
8008.
8015.
8022.
8028.
8031.
8033.
8031.
8025.
8018.
8009.
8002.
7994.
7985.
7976.
7969.
7963.
7957.
7952.
7949.
7946.
7944.
7943.
7942.
7939.
7937.
7935.
7933.
7930.
7928.
7926.
7923.
7921.
7917.
7915.
7912.
7909.
7907.
7904.
7901.
7898.
7896.
7891.
7889.
7888.
7886.
7883.
7882.
7880.
7878.
7877.
7876.
7875.
7874.
7874.
7872.
7873.
7873.
7871.
7872.
7873.
7874.
7873.
7874.
7876.
7877.
7878.
7880.
7882.
7884.
7885.
7887.
7889.
7891.
7894.
7897.
7899.
7901.
7905.
7907.
7910.
7914.
7917.
7919.
7923.
7927.
7930.
7933.
7937.
7940.
7943.
7947.
7951.
7955.
7959.
7963.
7965.
7969.
7972.
7975.
7979.
7984.
7988.
7991.
7995.
8000.
8003.
8006.
8010.
8015.
8019.
8024.
8028.
8032.
8037.
8041.
8046.
8050.
8055.
8060.
8064.
8069.
8074.
8079.
8085.
8089.
8094.
8100.
8106.
8112.
8118.
8124.
8132.
8138.
8144.
8151.
8156.
8165.
8173.
8180.
8186.
8193.
8201.
8209.
8216.
8225.
8233.
8242.
8250.
8260.
8268.
8279.
8288.
8298.
8307.
8318.
8327.
8337.
8349.
8360.
8371.
8382.
8393.
8404.
8415.
8427.
8437.
8448.
8459.
8470.
8479.
8488.
8497.
8506.
8514.
8518.
8519.
8515.
8505.
8492.
8478.
8462.
8444.
8431.
8417.
8403.
8392.
8378.
8362.
8347.
8331.
8315.
8299.
8283.
8269.
8255.
8239.
8223.
8207.
8194.
8179.
8169.
8158.
8146.
8134.
8121.
8110.
8098.
8087.
8076.
8066.
8056.
8045.
8033.
8022.
8013.
8003.
7996.
7989.
7984.
7979.
7973.
7966.
7961.
7953.
7945.
7938.
7931.
7925.
7918.
7912.
7905.
7899.
7893.
7888.
7880.
7875.
7869.
7864.
7859.
7853.
7848.
7845.
7840.
7835.
7832.
7828.
7825.
7821.
7820.
7817.
7816.
7815.
7814.
7812.
7811.
7812.
7813.
7813.
7815.
7816.
7819.
7821.
7825.
7829.
7833.
7837.
7843.
7848.
7853.
7860.
7867.
7874.
7882.
7891.
7900.
7908.
7917.
7927.
7936.
7945.
7954.
7966.
7975.
7985.
7996.
8005.
8015.
8025.
8034.
8042.
8050.
8058.
8065.
8071.
8079.
8084.
8089.
8095.
8098.
8102.
8104.
8108.
8109.
8110.
8111.
8111.
8111.
8110.
8109.
8107.
8104.
8102.
8097.
8093.
8090.
8084.
8079.
8074.
8070.
8063.
8056.
8050.
8043.
8037.
8028.
8023.
8015.
8007.
8000.
7991.
7984.
7978.
7969.
7960.
7952.
7943.
7935.
7927.
7920.
7911.
7903.
7894.
7886.
7879.
7870.
7862.
7853.
7844.
7836.
7828.
7819.
7811.
7804.
7796.
7788.
7780.
7771.
7763.
7757.
7746.
7739.
7732.
7724.
7716.
7710.
7701.
7694.
7687.
7679.
7671.
7664.
7656.
7651.
7642.
7635.
7628.
7620.
7614.
7606.
7599.
7591.
7586.
7579.
7573.
7565.
7559.
7551.
7546.
7538.
7532.
7526.
7519.
7513.
7505.
7499.
7493.
7487.
7480.
7474.
7466.
7460.
7453.
7448.
7444.
7444.
7448.
7453.
7461.
7469.
7478.
7489.
7501.
7514.
7528.
7540.
7555.
7569.
7583.
7599.
7614.
7630.
7643.
7659.
7675.
7689.
7700.
7708.
7717.
7724.
7730.
7735.
7739.
7745.
7749.
7752.
7756.
7759.
7764.
7768.
7772.
7775.
7778.
7781.
7784.
7787.
7789.
7792.
7796.
7798.
7800.
7803.
7806.
7808.
7810.
7812.
7812.
7815.
7816.
7816.
7818.
7818.
7819.
7820.
7820.
7820.
7819.
7818.
7818.
7817.
7817.
7814.
7814.
7811.
7809.
7807.
7804.
7802.
7800.
7799.
7796.
7793.
7791.
7786.
7783.
7780.
7776.
7773.
7769.
7765.
7763.
7760.
7756.
7752.
7746.
7743.
7739.
7736.
7731.
7727.
7722.
7717.
7712.
7709.
7704.
7700.
7695.
7690.
7685.
7681.
7675.
7670.
7665.
7660.
7655.
7649.
7643.
7637.
7633.
7627.
7620.
7614.
7609.
7603.
7598.
7591.
7586.
7582.
7577.
7573.
7570.
7566.
7563.
7560.
7558.
7556.
7555.
7553.
7552.
7551.
7553.
7552.
7553.
7554.
7555.
7557.
7559.
7561.
7563.
7566.
7569.
7573.
7577.
7580.
7583.
7587.
7592.
7596.
7600.
7604.
7609.
7615.
7620.
7625.
7629.
7636.
7640.
7646.
7652.
7658.
7665.
7670.
7677.
7683.
7690.
7696.
7703.
7709.
7717.
7724.
7730.
7736.
7744.
7752.
7758.
7766.
7773.
7780.
7786.
7795.
7801.
7809.
7815.
7823.
7830.
7838.
7845.
7852.
7860.
7867.
7874.
7883.
7890.
7897.
7904.
7911.
7920.
7927.
7936.
7944.
7952.
7958.
7966.
7975.
7982.
7989.
7998.
8006.
8015.
8023.
8030.
8037.
8045.
8053.
8061.
8068.
8075.
8085.
8092.
8099.
8107.
8115.
8122.
8130.
8136.
8144.
8150.
8157.
8164.
8170.
8177.
8184.
8189.
8194.
8201.
8208.
8212.
8216.
8222.
8227.
8232.
8235.
8239.
8243.
8245.
8250.
8254.
8258.
8257.
8256.
8256.
8251.
8245.
8239.
8232.
8223.
8215.
8207.
8200.
8193.
8184.
8177.
8170.
8162.
8154.
8145.
8138.
8132.
8125.
8120.
8116.
8112.
8107.
8100.
8096.
8092.
8088.
8086.
8081.
8076.
8070.
8064.
8060.
8056.
8052.
8049.
8045.
8044.
8042.
8039.
8039.
8037.
8037.
8036.
8035.
8034.
8032.
8030.
8030.
8031.
8031.
8031.
8031.
8031.
8029.
8030.
8030.
8029.
8029.
8029.
8029.
8029.
8030.
8029.
8030.
8030.
8031.
8030.
8031.
8032.
8031.
8032.
8032.
8032.
8033.
8033.
8033.
8033.
8033.
8033.
8034.
8034.
8035.
8035.
8034.
8035.
8037.
8036.
8035.
8036.
8036.
8035.
8035.
8034.
8034.
8035.
8034.
8033.
8031.
8031.
8030.
8030.
8029.
8028.
8026.
8025.
8025.
8023.
8021.
8020.
8019.
8016.
8016.
8014.
8010.
8008.
8006.
8004.
8003.
8002.
7999.
7998.
7996.
7993.
7991.
7989.
7986.
7983.
7981.
7978.
7977.
7974.
7972.
7970.
7967.
7965.
7962.
7960.
7956.
7954.
7952.
7950.
7948.
7946.
7944.
7942.
7940.
7939.
7938.
7936.
7936.
7935.
7933.
7934.
7933.
7934.
7936.
7938.
7938.
7940.
7942.
7944.
7947.
7950.
7955.
7959.
7965.
7969.
7975.
7982.
7987.
7995.
8004.
8013.
8024.
8033.
8045.
8055.
8066.
8078.
8090.
8101.
8114.
8127.
8140.
8155.
8167.
8182.
8196.
8210.
8224.
8235.
8249.
8262.
8277.
8288.
8299.
8311.
8321.
8331.
8341.
8350.
8360.
8367.
8375.
8384.
8391.
8397.
8403.
8409.
8415.
8420.
8424.
8429.
8432.
8434.
8438.
8442.
8444.
8447.
8449.
8451.
8452.
8452.
8451.
8446.
8437.
8426.
8413.
8401.
8387.
8375.
8362.
8351.
8341.
8330.
8321.
8311.
8300.
8289.
8278.
8270.
8261.
8253.
8247.
8242.
8236.
8231.
8224.
8215.
8205.
8195.
8186.
8177.
8168.
8160.
8153.
8144.
8137.
8129.
8121.
8112.
8106.
8100.
8095.
8089.
8083.
8077.
8070.
8065.
8059.
8055.
8051.
8047.
8044.
8042.
8038.
8037.
8035.
8035.
8034.
8035.
8035.
8035.
8037.
8038.
8037.
8039.
8040.
8042.
8044.
8046.
8046.
8047.
8048.
8047.
8049.
8049.
8047.
8046.
8044.
8042.
8040.
8038.
8036.
8034.
8031.
8028.
8027.
8024.
8021.
8018.
8016.
8011.
8008.
8004.
8000.
7997.
7991.
7988.
7982.
7979.
7974.
7970.
7965.
7959.
7956.
7950.
7945.
7940.
7933.
7929.
7925.
7919.
7913.
7908.
7902.
7896.
7890.
7885.
7879.
7874.
7868.
7861.
7855.
7850.
7844.
7837.
7832.
7825.
7818.
7813.
7806.
7800.
7794.
7789.
7781.
7775.
7769.
7763.
7758.
7752.
7745.
7738.
7732.
7727.
7720.
7714.
7708.
7702.
7695.
7689.
7683.
7677.
7671.
7664.
7658.
7652.
7645.
7639.
7633.
7627.
7620.
7617.
7616.
7618.
7620.
7626.
7634.
7641.
7649.
7659.
7668.
7676.
7685.
7696.
7706.
7714.
7721.
7729.
7733.
7738.
7741.
7742.
7743.
7745.
7746.
7748.
7749.
7751.
7752.
7755.
7758.
7760.
7761.
7763.
7766.
7767.
7769.