8024.
8027.
8032.
8035.
8038.
8041.
8045.
8049.
8053.
8056.
8059.
8062.
8066.
8070.
8074.
8077.
8081.
8085.
8087.
8091.
8095.
8098.
8099.
8104.
8108.
8110.
8113.
8115.
8119.
8121.
8124.
8126.
8128.
8131.
8133.
8135.
8137.
8139.
8139.
8141.
8143.
8143.
8145.
8146.
8146.
8146.
8148.
8147.
8148.
8148.
8149.
8149.
8149.
8149.
8148.
8149.
8150.
8149.
8147.
8146.
8148.
8146.
8146.
8145.
8146.
8144.
8143.
8142.
8141.
8139.
8138.
8138.
8138.
8135.
8133.
8132.
8131.
8130.
8128.
8127.
8125.
8124.
8122.
8120.
8118.
8117.
8115.
8113.
8111.
8109.
8106.
8104.
8103.
8100.
8098.
8096.
8093.
8092.
8090.
8087.
8085.
8083.
8080.
8077.
8075.
8072.
8070.
8068.
8063.
8062.
8058.
8056.
8054.
8051.
8049.
8047.
8043.
8040.
8037.
8034.
8031.
8030.
8027.
8024.
8020.
8017.
8014.
8010.
8007.
8006.
8003.
7999.
7997.
7995.
7992.
7988.
7985.
7984.
7982.
7977.
7974.
7971.
7969.
7967.
7965.
7962.
7959.
7957.
7953.
7951.
7949.
7947.
7945.
7943.
7939.
7937.
7935.
7933.
7931.
7930.
7929.
7926.
7925.
7923.
7921.
7920.
7920.
7920.
7918.
7918.
7916.
7918.
7919.
7920.
7921.
7923.
7923.
7926.
7927.
7929.
7932.
7935.
7938.
7942.
7946.
7949.
7952.
7956.
7961.
7964.
7968.
7975.
7980.
7984.
7988.
7994.
7999.
8006.
8012.
8017.
8024.
8030.
8038.
8042.
8050.
8057.
8065.
8070.
8078.
8086.
8094.
8101.
8108.
8115.
8124.
8132.
8140.
8147.
8155.
8163.
8170.
8178.
8186.
8194.
8200.
8205.
8207.
8205.
8200.
8193.
8186.
8176.
8168.
8156.
8146.
8134.
8124.
8113.
8102.
8094.
8087.
8081.
8078.
8076.
8074.
8074.
8073.
8072.
8072.
8072.
8073.
8074.
8075.
8074.
8075.
8075.
8077.
8078.
8078.
8081.
8082.
8083.
8085.
8087.
8089.
8090.
8091.
8095.
8098.
8100.
8103.
8106.
8110.
8114.
8118.
8121.
8126.
8131.
8136.
8142.
8146.
8151.
8157.
8162.
8169.
8174.
8181.
8188.
8192.
8199.
8204.
8210.
8217.
8223.
8230.
8237.
8243.
8249.
8256.
8263.
8271.
8277.
8283.
8289.
8296.
8302.
8309.
8316.
8322.
8329.
8336.
8341.
8348.
8352.
8355.
8357.
8355.
8350.
8341.
8334.
8326.
8319.
8310.
8302.
8294.
8286.
8281.
8276.
8271.
8268.
8266.
8263.
8261.
8260.
8255.
8252.
8249.
8244.
8240.
8236.
8232.
8227.
8223.
8218.
8213.
8207.
8203.
8198.
8191.
8185.
8180.
8174.
8171.
8164.
8158.
8151.
8144.
8138.
8130.
8123.
8116.
8110.
8104.
8095.
8089.
8081.
8071.
8064.
8056.
8048.
8039.
8031.
8023.
8014.
8005.
7998.
7989.
7980.
7970.
7962.
7954.
7944.
7935.
7926.
7917.
7908.
7900.
7891.
7882.
7874.
7865.
7855.
7847.
7838.
7830.
7820.
7813.
7804.
7797.
7790.
7785.
7778.
7772.
7768.
7765.
7763.
7760.
7758.
7755.
7751.
7746.
7744.
7742.
7740.
7739.
7739.
7740.
7740.
7737.
7736.
7733.
7731.
7730.
7729.
7729.
7727.
7728.
7728.
7730.
7731.
7732.
7734.
7736.
7739.
7745.
7753.
7758.
7763.
7770.
7775.
7782.
7791.
7802.
7809.
7818.
7828.
7840.
7848.
7858.
7867.
7876.
7886.
7895.
7905.
7914.
7922.
7931.
7939.
7948.
7955.
7962.
7969.
7975.
7981.
7988.
7992.
7997.
8001.
8006.
8009.
8012.
8015.
8016.
8018.
8019.
8018.
8019.
8019.
8019.
8019.
8017.
8016.
8013.
8011.
8008.
8006.
8004.
8001.
7997.
7995.
7992.
7989.
7986.
7983.
7979.
7975.
7972.
7968.
7966.
7964.
7964.
7965.
7968.
7972.
7976.
7982.
7989.
7996.
8002.
8009.
8017.
8025.
8032.
8038.
8046.
8052.
8058.
8065.
8070.
8076.
8081.
8085.
8090.
8095.
8100.
8104.
8110.
8114.
8119.
8122.
8125.
8128.
8131.
8133.
8134.
8136.
8136.
8137.
8138.
8139.
8140.
8140.
8140.
8141.
8139.
8138.
8139.
8137.
8136.
8136.
8136.
8136.
8136.
8136.
8139.
8140.
8141.
8143.
8143.
8144.
8146.
8149.
8151.
8153.
8156.
8159.
8160.
8164.
8168.
8170.
8173.
8175.
8177.
8180.
8182.
8182.
8185.
8186.
8188.
8189.
8192.
8195.
8198.
8200.
8204.
8206.
8208.
8211.
8215.
8219.
8222.
8227.
8229.
8231.
8232.
8232.
8230.
8230.
8229.
8227.
8224.
8223.
8221.
8217.
8214.
8210.
8207.
8203.
8200.
8196.
8192.
8189.
8184.
8180.
8176.
8172.
8167.
8163.
8159.
8154.
8151.
8144.
8138.
8133.
8129.
8123.
8117.
8112.
8105.
8099.
8092.
8086.
8080.
8074.
8067.
8061.
8054.
8048.
8041.
8034.
8028.
8023.
8017.
8010.
8004.
7997.
7991.
7985.
7980.
7975.
7971.
7966.
7963.
7959.
7956.
7953.
7952.
7950.
7948.
7948.
7948.
7948.
7948.
7951.
7952.
7955.
7956.
7959.
7963.
7965.
7968.
7973.
7977.
7982.
7987.
7992.
7996.
8001.
8006.
8012.
8019.
8025.
8030.
8037.
8044.
8051.
8057.
8064.
8072.
8078.
8087.
8093.
8101.
8109.
8116.
8124.
8132.
8141.
8148.
8154.
8160.
8169.
8175.
8180.
8187.
8194.
8197.
8201.
8202.
8199.
8195.
8187.
8177.
8163.
8151.
8138.
8124.
8108.
8093.
8078.
8061.
8045.
8031.
8016.
8004.
7992.
7981.
7973.
7967.
7961.
7955.
7953.
7950.
7948.
7946.
7944.
7943.
7941.
7941.
7940.
7940.
7939.
7940.
7940.
7942.
7942.
7943.
7944.
7948.
7948.
7952.
7955.
7958.
7960.
7964.
7967.
7971.
7975.
7980.
7986.
7989.
7995.
8001.
8005.
8011.
8016.
8022.
8029.
8034.
8040.
8044.
8049.
8057.
8062.
8068.
8074.
8081.
8088.
8096.
8102.
8108.
8116.
8124.
8129.
8137.
8144.
8151.
8158.
8165.
8172.
8177.
8182.
8187.
8189.
8186.
8182.
8177.
8169.
8161.
8150.
8141.
8131.
8120.
8109.
8099.
8088.
8078.
8069.
8062.
8056.
8050.
8045.
8040.
8034.
8030.
8026.
8021.
8016.
8011.
8006.
8002.
7995.
7990.
7984.
7979.
7974.
7969.
7964.
7958.
7952.
7947.
7941.
7935.
7929.
7924.
7918.
7911.
7904.
7899.
7893.
7886.
7880.
7873.
7866.
7858.
7852.
7844.
7837.
7832.
7824.
7817.
7810.
7804.
7798.
7790.
7784.
7779.
7774.
7768.
7762.
7758.
7751.
7746.
7743.
7741.
7740.
7740.
7740.
7741.
7741.
7742.
7742.
7743.
7744.
7744.
7743.
7741.
7740.
7737.
7736.
7734.
7733.
7732.
7733.
7733.
7732.
7732.
7733.
7735.
7737.
7741.
7744.
7744.
7745.
7745.
7747.
7749.
7750.
7753.
7755.
7758.
7761.
7763.
7764.
7768.
7772.
7776.
7781.
7786.
7790.
7794.
7798.
7803.
7808.
7813.
7818.
7822.
7830.
7836.
7843.
7848.
7855.
7861.
7868.
7875.
7882.
7888.
7896.
7902.
7909.
7916.
7922.
7928.
7935.
7941.
7947.
7953.
7958.
7963.
7968.
7974.
7980.
7984.
7989.
7993.
7997.
8000.
8003.
8006.
8008.
8010.
8014.
8016.
8019.
8021.
8021.
8022.
8023.
8025.
8026.
8024.
8025.
8026.
8025.
8024.
8024.
8024.
8024.
8023.
8021.
8021.
8020.
8018.
8016.
8015.
8014.
8013.
8011.
8010.
8008.
8007.
8005.
8004.
8004.
8004.
8006.
8007.
8011.
8014.
8018.
8021.
8024.
8027.
8030.
8033.
8036.
8039.
8042.
8043.
8045.
8048.
8048.
8051.
8052.
8054.
8054.
8055.
8058.
8058.
8058.
8059.
8061.
8062.
8064.
8065.
8067.
8069.
8070.
8072.
8075.
8078.
8081.
8083.
8085.
8088.
8089.
8090.
8093.
8094.
8095.
8094.
8094.
8094.
8094.
8093.
8090.
8089.
8086.
8082.
8076.
8072.
8066.
8061.
8056.
8049.
8042.
8036.
8030.
8023.
8016.
8009.
8002.
7994.
7986.
7980.
7972.
7966.
7958.
7950.
7943.
7935.
7928.
7922.
7914.
7907.
7899.
7891.
7884.
7877.
7871.
7865.
7857.
7851.
7844.
7836.
7830.
7822.
7815.
7808.
7801.
7794.
7787.
7778.
7771.
7764.
7757.
7751.
7745.
7744.
7744.
7746.
7749.
7754.
7762.
7769.
7778.
7787.
7791.
7795.
7799.
7804.
7808.
7813.
7816.
7820.
7822.
7826.
7829.
7833.
7841.
7847.
7854.
7862.
7869.
7876.
7882.
7887.
7891.
7895.
7902.
7909.
7914.
7919.
7925.
7929.
7933.
7938.
7941.
7946.
7949.
7952.
7955.
7958.
7959.
7961.
7961.
7962.
7962.
7962.
7964.
7965.
7965.
7965.
7965.
7965.
7965.
7966.
7968.
7970.
7972.
7977.
7980.
7984.
7988.
7994.
7999.
8006.
8012.
8018.
8025.
8031.
8039.
8045.
8054.
8062.
8070.
8080.
8087.
8096.
8105.
8114.
8123.
8131.
8140.
8149.
8158.
8166.
8176.
8185.
8194.
8202.
8210.
8216.
8221.
8226.
8228.
8228.
8226.
8220.
8212.
8204.
8194.
8183.
8171.
8158.
8147.
8135.
8122.
8112.
8099.
8090.
8083.
8075.
8070.
8064.
8061.
8059.
8056.
8056.
8054.
8054.
8053.
8051.
8049.
8045.
8040.
8036.
8030.
8023.
8016.
8010.
8002.
7995.
7987.
7979.
7971.
7963.
7957.
7950.
7941.
7932.
7925.
7920.
7914.
7909.
7905.
7901.
7896.
7894.
7892.
7890.
7888.
7886.
7886.
7884.
7883.
7883.
7883.
7882.
7881.
7880.
7881.
7881.
7880.
7880.
7879.
7877.
7877.
7877.
7875.
7876.
7874.
7873.
7874.
7873.
7871.
7870.
7869.
7869.
7867.
7865.
7864.
7861.
7859.
7858.
7856.
7854.
7852.
7850.
7847.
7847.
7843.
7840.
7837.
7833.
7830.
7827.
7824.
7821.
7818.
7816.
7812.
7808.
7804.
7799.
7796.
7793.
7789.
7786.
7781.
7776.
7772.
7767.
7764.
7759.
7754.
7751.
7746.
7741.
7736.
7734.
7730.
7725.
7722.
7716.
7712.
7709.
7706.
7703.
7698.
7695.
7692.
7688.
7685.
7682.
7680.
7678.
7676.
7675.
7674.
7673.
7672.
7672.
7673.
7672.
7672.
7674.
7675.
7678.
7681.
7684.
7689.
7694.
7701.
7706.
7714.
7721.
7730.
7738.
7748.
7758.
7767.
7777.
7790.
7803.
7815.
7829.
7842.
7855.
7870.
7884.
7898.
7911.
7926.
7940.
7953.
7966.
7981.
7995.
8008.
8022.
8033.
8046.
8058.
8069.
8082.
8093.
8103.
8113.
8123.
8132.
8142.
8149.
8157.
8165.
8170.
8174.
8179.
8184.
8185.
8186.
8186.
8185.
8183.
8181.
8178.
8176.
8173.
8170.
8167.
8166.
8163.
8159.
8158.
8157.
8154.
8153.
8149.
8145.
8141.
8138.
8135.
8132.
8130.
8127.
8126.
8124.
8123.
8122.
8121.
8118.
8117.
8114.
8112.
8110.
8107.
8104.
8101.
8099.
8095.
8092.
8088.
8085.
8082.
8078.
8074.
8071.
8069.
8067.
8064.
8059.
8056.
8053.
8050.
8046.
8043.
8040.
8037.
8033.
8030.
8027.
8024.
8022.
8019.
8018.
8017.
8015.
8012.
8012.
8010.
8009.
8009.
8010.
8010.
8011.
8012.
8012.
8012.
8012.
8010.
8011.
8012.
8012.
8012.
8012.
8014.
8016.
8017.
8019.
8020.
8023.
8023.
8023.
8025.
8027.
8028.
8031.
8034.
8038.
8041.
8044.
8046.
8050.
8052.
8054.
8057.
8061.
8065.
8068.
8071.
8073.
8075.
8077.
8080.
8081.
8082.
8084.
8085.
8086.
8088.
8090.
8091.
8092.
8093.
8094.
8094.
8093.
8091.
8091.
8089.
8088.
8086.
8085.
8082.
8079.
8075.
8074.
8072.
8071.
8067.
8064.
8061.
8060.
8057.
8054.
8052.
8051.
8048.
8046.
8045.
8041.
8039.
8037.
8035.
8033.
8031.
8029.
8029.
8027.
8027.
8026.
8026.
8025.
8024.
8024.
8026.
8027.
8027.
8028.
8029.
8032.
8033.
8037.
8040.
8042.
8045.
8048.
8051.
8055.
8057.
8062.
8066.
8070.
8075.
8079.
8084.
8088.
8094.
8098.
8103.
8109.
8114.
8119.
8124.
8130.
8137.
8143.
8148.
8155.
8161.
8167.
8173.
8179.
8184.
8188.
8189.
8184.
8177.
8166.
8155.
8143.
8128.
8113.
8097.
8081.
8065.
8047.
8032.
8016.
7999.
7984.
7970.
7959.
7949.
7941.
7936.
7930.
7926.
7924.
7921.
7919.
7918.
7917.
7914.
7914.
7914.
7911.
7909.
7908.
7906.
7904.
7903.
7901.
7900.
7899.
7898.
7899.
7901.
7902.
7904.
7905.
7907.
7911.
7913.
7918.
7921.
7926.
7930.
7935.
7940.
7945.
7950.
7955.
7961.
7967.
7972.
7978.
7985.
7990.
7997.
8002.
8009.
8016.
8022.
8029.
8036.
8043.
8049.
8056.
8062.
8069.
8075.
8082.
8087.
8092.
8094.
8095.
8090.
8085.
8079.
8068.
8057.
8045.
8034.
8022.
8007.
7995.
7982.
7970.
7957.
7949.
7940.
7933.
7928.
7923.
7919.
7915.
7913.
7908.
7905.
7902.
7900.
7896.
7892.
7890.
7887.
7885.
7882.
7880.
7877.
7875.
7872.
7870.
7866.
7863.
7860.
7858.
7855.
7852.
7849.
7846.
7843.
7841.
7839.
7835.
7832.
7829.
7829.
7824.
7821.
7818.
7817.
7813.
7811.
7809.
7806.
7802.
7800.
7798.
7794.
7790.
7788.
7784.
7781.
7778.
7775.
7770.
7768.
7764.
7761.
7756.
7752.
7748.
7745.
7741.
7736.
7732.
7728.
7722.
7719.
7715.
7711.
7706.
7704.
7701.
7697.
7693.
7689.
7687.
7682.
7680.
7677.
7674.
7673.
7670.
7666.
7663.
7658.
7656.
7655.
7651.
7649.
7646.
7644.
7641.
7639.
7636.
7636.
7633.
7631.
7630.
7627.
7625.
7623.
7619.
7618.
7618.
7618.
7617.
7619.
7618.
7616.
7614.
7613.
7611.
7609.
7607.
7605.
7603.
7599.
7596.
7591.
7587.
7584.
7583.
7582.
7581.
7578.
7576.
7575.
7574.
7575.
7574.
7576.
7576.
7578.
7580.
7581.
7583.
7586.
7588.
7591.
7595.
7598.
7603.
7607.
7613.
7618.
7623.
7629.
7635.
7641.
7649.
7655.
7660.
7669.
7676.
7683.
7692.
7700.
7707.
7715.
7724.
7732.
7740.
7747.
7754.
7762.
7769.
7776.
7784.
7791.
7798.
7805.
7812.
7818.
7824.
7830.
7836.
7839.
7846.
7850.
7855.
7859.
7863.
7866.
7870.
7872.
7875.
7876.
7880.
7880.
7883.
7884.
7885.
7885.
7886.
7885.
7886.
7887.
7886.
7883.
7885.
7883.
7883.
7882.
7880.
7880.
7878.
7874.
7873.
7871.
7868.
7866.
7863.
7861.
7857.
7855.
7851.
7848.
7845.
7840.
7838.
7835.
7830.
7826.
7822.
7817.
7813.
7810.
7805.
7801.
7795.
7792.
7787.
7781.
7777.
7772.
7768.
7762.
7758.
7752.
7746.
7741.
7736.
7730.
7724.
7719.
7711.
7707.
7701.
7695.
7690.
7683.
7676.
7671.
7665.
7660.
7655.
7648.
7642.
7636.
7630.
7627.
7619.
7614.
7608.
7602.
7596.
7591.
7585.
7579.
7574.
7567.
7563.
7556.
7551.
7546.
7540.
7535.
7529.
7523.
7518.
7513.
7506.
7501.
7495.
7491.
7484.
7479.
7473.
7467.
7462.
7456.
7451.
7445.
7439.
7432.
7425.
7417.
7410.
7402.
7395.
7386.
7379.
7370.
7360.
7351.
7345.
7336.
7329.
7322.
7317.
7314.
7315.
7317.
7324.
7330.
7337.
7346.
7353.
7363.
7371.
7379.
7386.
7395.
7403.
7411.
7419.
7429.
7438.
7447.
7456.
7464.
7471.
7479.
7487.
7497.
7507.
7517.
7526.
7535.
7542.
7551.
7560.
7568.
7578.
7586.
7596.
7605.
7615.
7625.
7635.
7643.
7651.
7660.
7666.
7674.
7682.
7688.
7694.
7700.
7705.
7711.
7714.
7719.
7723.
7729.
7732.
7737.
7743.
7748.
7754.
7761.
7766.
7773.
7780.
7786.
7792.
7799.
7805.
7811.
7819.
7826.
7833.
7841.
7848.
7855.
7861.
7869.
7877.
7884.
7891.
7898.
7907.
7914.
7922.
7930.
7937.
7945.
7952.
7961.
7969.
7977.
7985.
7992.
8001.
8009.
8013.
8019.
8024.
8027.
8027.
8026.
8021.
8015.
8008.
7998.
7989.
7977.
7966.
7954.
7944.
7935.
7926.
7917.
7908.
7901.
7896.
7891.
7886.
7883.
7880.
7880.
7880.
7879.
7881.
7882.
7884.
7887.
7890.
7892.
7895.
7897.
7899.
7902.
7905.
7909.
7911.
7915.
7918.
7922.
7926.
7929.
7934.
7939.
7942.
7948.
7953.
7956.
7961.
7965.
7970.
7976.
7981.
7985.
7992.
7996.
8003.
8007.
8013.
8019.
8025.
8030.
8036.
8042.
8049.
8054.
8060.
8065.
8071.
8077.
8084.
8089.
8095.
8101.
8108.
8114.
8119.
8124.
8130.
8137.
8143.
8149.
8154.
8159.
8166.
8172.
8176.
8182.
8188.
8193.
8198.
8203.
8209.
8215.
8220.
8227.
8231.
8236.
8240.
8247.
8253.
8258.
8263.
8267.
8273.
8277.
8281.
8285.
8286.
8287.
8283.
8277.
8271.
8264.
8257.
8253.
8249.
8245.
8241.
8238.
8236.
8236.
8235.
8234.
8234.
8233.
8231.
8230.
8228.
8227.
8226.
8224.
8222.
8218.
8217.
8214.
8212.
8210.
8207.
8203.
8200.
8197.
8193.
8190.
8187.
8183.
8180.
8177.
8172.
8168.
8165.
8161.
8156.
8152.
8147.
8143.
8138.
8133.
8129.
8124.
8119.
8114.
8109.
8106.
8099.
8094.
8090.
8085.
8081.
8077.
8073.
8067.
8062.
8059.
8055.
8051.
8046.
8042.
8038.
8035.
8032.
8029.
8027.
8023.
8021.
8020.
8019.
8017.
8017.
8017.
8016.
8017.
8018.
8021.
8023.
8026.
8028.
8032.
8037.
8043.
8048.
8055.
8062.
8070.
8077.
8085.
8095.
8104.
8115.
8126.
8137.
8148.
8159.
8172.
8182.
8192.
8201.
8206.
8210.
8207.
8199.
8188.
8176.
8163.
8148.
8135.
8123.
8111.
8099.
8085.
8070.
8053.
8037.
8022.
8006.
7991.
7976.
7958.
7941.
7926.
7910.
7897.
7885.
7870.
7857.
7841.
7828.
7813.
7801.
7790.
7778.
7766.
7753.
7742.
7730.
7721.
7711.
7702.
7693.
7685.
7677.
7672.
7666.
7662.
7659.
7655.
7653.
7652.
7650.
7651.
7651.
7652.
7653.
7656.
7658.
7660.
7662.
7664.
7670.
7672.
7677.
7682.
7686.
7690.
7696.
7700.
7704.
7707.
7709.
7711.
7712.
7713.
7713.
7713.
7712.
7709.
7708.
7707.
7705.
7702.
7700.
7698.
7695.
7690.
7687.
7683.
7679.
7674.
7670.
7663.
7659.
7653.
7647.
7642.
7637.
7631.
7625.
7618.
7615.
7607.
7600.
7594.
7587.
7580.
7574.
7567.
7561.
7554.
7547.
7540.
7534.
7527.
7522.
7516.
7509.
7501.
7495.
7488.
7483.
7477.
7469.
7463.
7457.
7450.
7443.
7437.
7431.
7424.
7419.
7411.
7406.
7400.
7394.
7388.
7382.
7377.
7376.
7379.
7384.
7393.
7404.
7417.
7432.
7447.
7466.
7483.
7501.
7517.
7535.
7553.
7569.
7586.
7603.
7617.
7632.
7645.
7654.
7662.
7667.
7674.
7678.
7681.
7685.
7689.
7692.
7695.
7699.
7703.
7708.
7711.
7713.
7717.
7720.
7725.
7728.
7731.
7735.
7739.
7743.
7746.
7750.
7753.
7757.
7760.
7764.
7768.
7771.
7773.
7778.
7780.
7784.
7788.
7792.
7794.
7797.
7799.
7803.
7806.
7810.
7814.
7816.
7820.
7823.
7826.
7827.
7832.
7835.
7838.
7841.
7844.
7849.
7853.
7855.
7860.
7866.
7869.
7874.
7880.
7884.
7890.
7897.
7902.
7909.
7916.
7923.
7930.
7938.
7946.
7953.
7962.
7970.
7980.
7989.
7997.
8008.
8017.
8027.
8037.
8047.
8057.
8067.
8077.
8087.
8098.
8109.
8120.
8130.
8141.
8152.
8163.
8173.
8182.
8193.
8203.
8211.
8217.
8219.
8220.
8215.
8207.
8197.
8185.
8173.
8160.
8145.
8132.
8117.
8103.
8090.
8077.
8063.
8051.
8040.
8032.
8026.
8021.
8019.
8020.
8019.
8020.
8022.
8023.
8025.
8027.
8029.
8032.
8034.
8036.
8039.
8043.
8046.
8048.
8051.
8055.
8058.
8062.
8064.
8068.
8072.
8075.
8078.
8081.
8085.
8089.
8093.
8096.
8101.
8105.
8109.
8114.
8118.
8122.
8127.
8132.
8137.
8141.
8146.
8151.
8156.
8161.
8166.
8170.
8174.
8180.
8185.
8190.
8195.
8200.
8205.
8209.
8215.
8219.
8224.
8229.
8234.
8240.
8243.
8248.
8250.
8251.
8248.
8242.
8235.
8226.
8216.
8206.
8196.
8186.
8176.
8169.
8163.
8156.
8153.
8150.
8149.
8145.
8144.
8140.
8137.
8134.
8130.
8126.
8121.
8119.
8115.
8110.
8106.
8103.
8099.
8094.
8089.
8084.
8079.
8074.
8069.
8063.
8058.
8053.
8046.
8041.
8035.
8029.
8022.
8016.
8010.
8004.
7997.
7990.
7985.
7977.
7971.
7964.
7956.
7950.
7941.
7935.
7928.
7921.
7914.
7906.
7899.
7892.
7886.
7879.
7871.
7863.
7856.
7849.
7844.
7836.
7830.
7824.
7816.
7811.
7804.
7797.
7792.
7786.
7780.
7773.
7767.
7762.
7755.
7748.
7741.
7734.
7726.
7718.
7713.
7707.
7700.
7693.
7687.
7680.
7674.
7668.
7664.
7658.
7650.
7644.
7638.
7633.
7627.
7624.
7621.
7618.
7614.
7609.
7602.
7598.
7593.
7589.
7587.
7586.
7584.
7583.
7580.
7579.
7579.
7578.
7577.
7578.
7579.
7581.
7584.
7586.
7590.
7593.
7598.
7603.
7608.
7612.
7619.
7625.
7632.
7640.
7647.
7655.
7664.
7672.
7680.
7688.
7697.
7705.
7714.
7723.
7732.
7740.
7749.
7758.
7766.
7775.
7781.
7789.
7796.
7804.
7811.
7816.
7822.
7826.
7832.
7835.
7839.
7842.
7845.
7848.
7851.
7852.
7852.
7852.
7853.
7852.
7853.
7851.
7850.
7847.
7845.
7844.
7841.
7839.
7834.
7830.
7826.
7822.
7816.
7813.
7807.
7803.
7797.
7794.
7788.
7782.
7777.
7770.
7765.
7758.
7752.
7745.
7738.
7731.
7725.
7717.
7709.
7702.
7695.
7688.
7681.
7674.
7666.
7658.
7651.
7644.
7637.
7629.
7621.
7613.
7606.
7598.
7591.
7584.
7577.
7570.
7561.
7553.
7547.
7539.
7532.
7525.
7517.
7510.
7502.
7495.
7489.
7481.
7474.
7468.
7460.
7453.
7445.
7438.
7431.
7425.
7416.
7410.
7402.
7396.
7388.
7384.
7381.
7379.
7381.
7386.
7394.
7406.
7416.
7431.
7444.
7458.
7473.
7487.
7503.
7516.
7531.
7545.
7558.
7572.
7582.
7591.
7598.
7604.
7608.
7612.
7614.
7616.
7619.
7622.
7624.
7627.
7629.
7631.
7634.
7637.
7638.
7640.
7643.
7645.
7646.
7649.
7652.
7655.
7656.
7658.
7661.
7662.
7665.
7665.
7668.
7670.
7670.
7672.
7675.
7676.
7677.
7677.
7681.
7683.
7683.
7685.
7685.
7687.
7687.
7688.
7688.
7689.
7690.
7691.
7692.
7693.
7691.
7693.
7694.
7695.
7695.
7696.
7698.
7698.
7700.
7701.
7702.
7703.
7704.
7707.
7709.
7712.
7715.
7719.
7722.
7726.
7730.
7734.
7738.
7744.
7749.
7755.
7761.
7766.
7773.
7780.
7787.
7794.
7801.
7809.
7818.
7824.
7834.
7841.
7850.
7859.
7867.
7875.
7884.
7893.
7903.
7912.
7921.
7931.
7940.
7949.
7959.
7969.
7978.
7989.
7998.
8008.
8017.
8027.
8038.
8047.
8057.
8066.
8077.
8087.
8096.
8105.
8114.
8122.
8128.
8131.
8131.
8127.
8121.
8112.
8100.
8089.
8076.
8064.
8052.
8040.
8027.
8012.
7999.
7988.
7979.
7973.
7966.
7963.
7961.
7961.
7961.
7962.
7964.
7964.
7966.
7967.
7970.
7972.
7973.
7975.
7978.
7981.
7983.
7986.
7990.
7994.
7996.
7999.
8004.
8008.
8011.
8017.
8021.
8027.
8031.
8037.
8042.
8047.
8052.
8058.
8064.
8070.
8076.
8082.
8088.
8095.
8101.
8108.
8114.
8118.
8121.
8122.
8119.
8115.
8108.
8101.
8093.
8085.
8075.
8066.
8056.
8048.
8039.
8030.
8024.
8018.
8014.
8010.
8006.
8005.
8001.
7998.
7996.
7994.
7990.
7987.
7982.
7981.
7977.
7973.
7970.
7966.
7963.
7959.
7955.
7951.
7947.
7942.
7937.
7932.
7928.
7924.
7919.
7914.
7909.
7905.
7901.
7895.
7889.
7885.
7880.
7875.
7870.
7866.
7860.
7856.
7851.
7847.
7842.
7837.
7831.
7827.
7822.
7817.
7813.
7807.
7802.
7797.
7792.
7787.
7780.
7775.
7770.
7764.
7759.
7752.
7748.
7741.
7734.
7729.
7722.
7717.
7710.
7704.
7697.
7690.
7683.
7676.
7670.
7664.
7656.
7649.
7642.
7635.
7628.
7620.
7613.
7605.
7596.
7590.
7583.
7574.
7567.
7559.
7551.
7543.
7535.
7528.
7520.
7512.
7503.
7495.
7487.
7481.
7472.
7464.
7456.
7449.
7441.
7434.
7426.
7420.
7413.
7407.
7401.
7395.
7390.
7384.
7380.
7375.
7370.
7366.
7364.
7362.
7360.
7358.
7357.
7355.
7356.
7355.
7357.
7358.
7362.
7365.
7369.
7374.
7378.
7386.
7393.
7401.
7409.
7418.
7429.
7441.
7453.
7463.
7476.
7489.
7501.
7514.
7528.
7541.
7557.
7571.
7585.
7597.
7612.
7627.
7641.
7653.
7666.
7680.
7691.
7701.
7712.
7722.
7732.
7741.
7750.
7757.
7764.
7771.
7778.
7782.
7787.
7793.
7796.
7799.
7803.
7806.
7808.
7808.
7811.
7812.
7813.
7815.
7814.
7815.
7815.
7814.
7814.
7813.
7813.
7814.
7814.
7816.
7816.
7817.
7817.
7818.
7819.
7820.
7820.
7821.
7821.
7821.
7822.
7823.
7823.
7826.
7826.
7827.
7826.
7824.
7826.
7825.
7824.
7822.
7821.
7818.
7816.
7814.
7810.
7808.
7805.
7802.
7800.
7797.
7794.
7792.
7791.
7788.
7787.
7785.
7785.
7783.
7782.
7780.
7780.
7781.
7780.
7779.
7779.
7780.
7779.
7780.
7779.
7778.
7777.
7775.
7774.
7772.
7769.
7764.
7759.
7753.
7750.
7744.
7737.
7733.
7728.
7721.
7716.
7711.
7705.
7701.
7697.
7690.
7687.
7682.
7676.
7671.
7666.
7661.
7658.
7654.
7650.
7649.
7647.
7649.
7654.
7660.
7666.
7673.
7680.
7689.
7698.
7705.
7712.
7718.
7724.
7728.
7733.
7735.
7736.
7737.
7735.
7732.
7729.
7726.
7722.
7718.
7714.
7710.
7706.
7703.
7700.
7698.
7698.
7697.
7697.
7699.
7699.
7700.
7701.
7705.
7708.
7711.
7715.
7719.
7722.
7726.
7729.
7734.
7738.
7740.
7743.
7746.
7748.
7750.
7753.
7755.
7759.
7763.
7765.
7769.
7771.
7773.
7775.
7777.
7778.
7779.
7779.
7781.
7781.
7783.
7784.
7784.
7787.
7789.
7789.
7790.
7791.
7793.
7793.
7794.
7795.
7796.
7797.
7798.
7798.
7799.
7801.
7800.
7800.
7801.
7801.
7801.
7801.
7800.
7802.
7802.
7803.
7802.
7802.
7801.
7799.
7797.
7797.
7796.
7796.
7795.
7796.
7797.
7798.
7799.
7800.
7800.
7801.
7800.
7801.
7801.
7802.
7803.
7802.
7801.
7802.
7804.
7803.
7805.
7805.
7803.
7804.
7803.
7803.
7801.
7801.
7801.
7803.
7803.
7804.
7805.
7807.
7806.
7806.
7807.
7807.
7807.
7808.
7808.
7809.
7808.
7809.
7809.
7808.
7809.
7808.
7808.
7808.
7809.
7808.
7809.
7808.
7808.
7807.
7809.
7808.
7807.
7805.
7803.
7802.
7801.
7802.
7801.
7801.
7800.
7799.
7801.
7799.
7799.
7798.
7798.
7798.
7800.
7800.
7802.
7801.
7802.
7803.
7804.
7806.
7807.
7809.
7812.
7815.
7817.
7821.
7824.
7828.
7831.
7833.
7836.
7839.
7842.
7846.
7849.
7852.
7853.
7857.
7860.
7864.
7867.
7868.
7871.
7873.
7875.
7877.
7879.
7880.
7881.
7884.
7887.
7888.
7890.
7891.
7892.
7894.
7894.
7896.
7896.
7895.
7896.
7897.
7898.
7898.
7896.
7897.
7897.
7897.
7897.
7898.
7897.
7897.
7897.
7897.
7896.
7896.
7896.
7896.
7895.
7895.
7894.
7894.
7895.
7895.
7895.
7895.
7895.
7896.
7897.
7897.
7898.
7899.
7899.
7900.
7901.
7900.
7901.
7901.
7902.
7900.
7898.
7895.
7887.
7880.
7872.
7861.
7851.
7842.
7835.
7828.
7821.
7812.
7801.
7791.
7782.
7774.
7765.
7757.
7747.
7738.
7729.
7719.
7712.
7704.
7699.
7692.
7686.
7678.
7673.
7668.
7663.
7657.
7654.
7652.
7650.
7648.
7647.
7647.
7646.
7645.
7645.
7645.
7646.
7647.
7648.
7651.
7654.
7656.
7659.
7662.
7665.
7671.
7674.
7678.
7683.
7689.
7693.
7698.
7704.
7710.
7716.
7724.
7730.
7735.
7741.
7749.
7754.
7760.
7765.
7771.
7775.
7781.
7786.
7792.
7796.
7800.
7804.
7808.
7811.
7815.
7817.
7820.
7822.
7824.
7825.
7826.
7826.
7827.
7827.
7827.
7827.
7826.
7824.
7824.
7822.
7820.
7817.
7816.
7814.
7810.
7808.
7803.
7800.
7796.
7792.
7789.
7786.
7781.
7777.
7772.
7769.
7763.
7759.
7754.
7748.
7743.
7740.
7734.
7730.
7724.
7719.
7715.
7710.
7705.
7698.
7695.
7689.
7682.
7677.
7672.
7667.
7660.
7655.
7650.
7645.
7640.
7634.
7628.
7622.
7616.
7611.
7606.
7600.
7595.
7589.
7584.
7578.
7572.
7568.
7562.
7556.
7550.
7545.
7540.
7534.
7529.
7524.
7518.
7512.
7507.
7502.
7496.
7491.
7486.
7480.
7474.
7469.
7464.
7459.
7452.
7447.
7441.
7436.
7432.
7428.
7426.
7429.
7434.
7440.
7451.
7460.
7471.
7482.
7494.
7505.
7516.
7526.
7536.
7543.
7547.
7550.
7552.
7555.
7557.
7558.
7558.
7558.
7560.
7562.
7565.
7566.
7567.
7570.
7572.
7574.
7577.
7580.
7580.
7582.
7585.
7586.
7588.
7590.
7591.
7595.
7596.
7598.
7600.
7602.
7605.
7605.
7607.
7610.
7612.
7613.
7615.
7616.
7616.
7620.
7621.
7623.
7625.
7626.
7628.
7631.
7633.
7635.
7636.
7639.
7641.
7642.
7644.
7647.
7649.
7652.
7655.
7659.
7663.
7665.
7669.
7673.
7678.
7681.
7686.
7691.
7698.
7703.
7709.
7716.
7722.
7728.
7735.
7742.
7749.
7757.
7765.
7774.
7782.
7791.
7800.
7808.
7818.
7827.
7835.
7845.
7855.
7865.
7874.
7885.
7894.
7904.
7915.
7925.
7935.
7945.
7956.
7965.
7975.
7985.
7994.
8004.
8014.
8023.
8033.
8044.
8052.
8061.
8068.
8074.
8077.
8077.
8074.
8067.
8060.
8051.
8042.
8031.
8021.
8012.
8002.
7993.
7985.
7976.
7972.
7970.
7970.
7971.
7972.
7976.
7978.
7980.
7982.
7985.
7988.
7991.
7995.
7997.
8002.
8005.
8008.
8011.
8015.
8019.
8022.
8026.
8030.
8033.
8037.
8041.
8045.
8049.
8053.
8057.
8062.
8066.
8071.
8077.
8081.
8085.
8090.
8096.
8101.
8106.
8112.
8117.
8121.
8127.
8132.
8137.
8143.
8148.
8154.
8159.
8165.
8170.
8175.
8181.
8186.
8191.
8197.
8201.
8208.
8212.
8217.
8223.
8229.
8233.
8238.
8243.
8249.
8253.
8258.
8262.
8268.
8273.
8277.
8280.
8280.
8278.
8273.
8266.
8261.
8252.
8245.
8237.
8231.
8225.
8221.
8219.
8218.
8215.
8213.
8212.
8209.
8207.
8205.
8202.
8200.
8196.
8194.
8190.
8187.
8181.
8177.
8172.
8169.
8163.
8158.
8154.
8149.
8144.
8137.
8133.
8127.
8121.
8115.
8109.
8103.
8097.
8090.
8084.
8078.
8072.
8065.
8059.
8052.
8045.
8039.
8032.
8025.
8018.
8011.
8003.
7997.
7989.
7983.
7973.
7967.
7960.
7953.
7946.
7938.
7931.
7925.
7916.
7909.
7903.
7896.
7889.
7883.
7876.
7870.
7864.
7858.
7852.
7846.
7841.
7836.
7831.
7828.
7824.
7820.
7815.
7813.
7810.
7806.
7804.
7803.
7803.
7802.
7802.
7801.
7803.
7805.
7808.
7812.
7814.
7818.
7823.
7829.
7836.
7842.
7849.
7856.
7865.
7873.
7881.
7893.
7902.
7913.
7924.
7935.
7948.
7958.
7970.
7983.
7994.
8006.
8019.
8031.
8043.
8054.
8065.
8077.
8088.
8097.
8109.
8119.
8127.
8137.
8145.
8152.
8160.
8167.
8174.
8179.
8185.
8190.
8193.
8197.
8202.
8204.
8207.
8208.
8210.
8210.
8210.
8206.
8198.
8190.
8179.
8170.
8160.
8151.
8144.
8139.
8133.
8127.
8120.
8113.
8106.
8098.
8091.
8083.
8075.
8068.
8061.
8054.
8047.
8040.
8032.
8025.
8018.
8012.
8005.
8000.
7993.
7987.
7982.
7976.
7971.
7967.
7961.
7955.
7951.
7947.
7943.
7940.
7937.
7934.
7930.
7926.
7923.
7917.
7912.
7907.
7900.
7894.
7888.
7882.
7876.
7870.
7864.
7857.
7851.
7845.
7839.
7833.
7827.
7821.
7816.
7809.
7802.
7795.
7789.
7783.
7777.
7771.
7764.
7758.
7752.
7745.
7738.
7731.
7726.
7719.
7713.
7706.
7700.
7694.
7687.
7680.
7674.
7669.
7663.
7656.
7650.
7644.
7638.
7632.
7626.
7620.
7614.
7608.
7602.
7595.
7590.
7584.
7577.
7571.
7564.
7558.
7553.
7546.
7541.
7535.
7528.
7524.
7518.
7513.
7507.
7503.
7500.
7501.
7504.
7513.
7523.
7535.
7546.
7558.
7568.
7575.
7583.
7589.
7593.
7598.
7602.
7603.
7606.
7608.
7611.
7614.
7617.
7617.
7619.
7622.
7625.
7626.
7628.
7630.
7633.
7636.
7640.
7642.
7645.
7649.
7652.
7655.
7658.
7662.
7665.
7669.
7673.
7677.
7682.
7686.
7692.
7696.
7700.
7705.
7711.
7716.
7721.
7726.
7731.
7738.
7743.
7749.
7755.
7762.
7767.
7773.
7780.
7787.
7792.
7799.
7806.
7813.
7819.
7826.
7833.
7840.
7848.
7855.
7862.
7869.
7877.
7882.
7888.
7897.
7903.
7909.
7913.
7915.
7916.
7911.
7906.
7898.
7890.
7882.
7870.
7861.
7854.
7847.
7840.
7834.
7829.
7827.
7824.
7821.
7821.
7821.
7821.
7821.
7823.
7823.
7824.
7825.
7826.
7827.
7826.
7824.
7823.
7819.
7816.
7812.
7808.
7802.
7797.
7792.
7784.
7779.
7774.
7769.
7764.
7758.
7753.
7749.
7745.
7741.
7738.
7734.
7733.
7730.
7730.
7729.
7727.
7727.
7725.
7727.
7729.
7732.
7733.
7736.
7739.
7742.
7746.
7749.
7752.
7756.
7759.
7763.
7767.
7771.
7775.
7778.
7783.
7787.
7792.
7795.
7800.
7804.
7808.
7811.
7815.
7817.
7821.
7825.
7829.
7834.
7836.
7839.
7840.
7844.
7846.
7850.
7853.
7856.
7858.
7860.
7863.
7866.
7867.
7870.
7873.
7876.
7877.
7879.
7881.
7882.
7885.
7887.
7889.
7892.
7893.
7895.
7897.
7899.
7902.
7902.
7905.
7907.
7909.
7912.
7913.
7916.
7920.
7923.
7926.
7928.
7932.
7936.
7940.
7944.
7950.
7954.
7959.
7964.
7969.
7975.
7983.
7988.
7995.
8002.
8010.
8019.
8026.
8036.
8045.
8054.
8063.
8073.
8084.
8094.
8105.
8116.
8129.
8140.
8153.
8165.
8177.
8188.
8196.
8197.
8193.
8181.
8167.
8151.
8135.
8119.
8106.
8095.
8086.
8079.
8075.
8072.
8067.
8065.
8060.
8054.
8049.
8044.
8041.
8037.
8033.
8029.
8027.
8022.
8018.
8014.
8011.
8006.
8002.
7998.
7994.
7991.
7989.
7985.
7981.
7978.
7974.
7971.
7969.
7967.
7964.
7962.
7959.
7958.
7956.
7955.
7954.
7951.
7952.
7952.
7951.
7951.
7952.
7953.
7954.
7956.
7959.
7960.
7962.
7963.
7967.
7969.
7972.
7975.
7978.
7984.
7987.
7992.
7995.
7999.
8004.
8009.
8012.
8015.
8021.
8025.
8029.
8032.
8035.
8039.
8042.
8045.
8048.
8050.
8052.
8054.
8055.
8056.
8059.
8057.
8057.
8057.
8057.
8056.
8056.
8055.
8051.
8049.
8047.
8045.
8042.
8038.
8034.
8029.
8025.
8021.
8016.
8012.
8007.
8003.
7998.
7993.
7988.
7982.
7976.
7970.
7964.
7959.
7953.
7948.
7942.
7936.
7931.
7926.
7919.
7914.
7907.
7902.
7896.
7891.
7884.
7879.
7873.
7868.
7861.
7855.
7848.
7843.
7836.
7831.
7826.
7820.
7814.
7808.
7802.
7796.
7789.
7783.
7777.
7771.
7765.
7760.
7754.
7748.
7741.
7734.
7729.
7723.
7717.
7712.
7705.
7700.
7693.
7688.
7683.
7676.
7670.
7664.
7659.
7652.
7645.
7640.
7634.
7628.
7621.
7615.
7609.
7603.
7596.
7592.
7586.
7579.
7573.
7566.
7561.
7554.
7549.
7544.
7543.
7542.
7545.
7550.
7554.
7560.
7564.
7567.
7570.
7573.
7574.
7573.
7572.
7569.
7565.
7563.
7558.
7554.
7551.
7547.
7543.
7540.
7536.
7534.
7533.
7532.
7530.
7530.
7532.
7533.
7536.
7539.
7545.
7550.
7556.
7561.
7567.
7575.
7582.
7586.
7594.
7602.
7608.
7614.
7620.
7627.
7632.
7637.
7643.
7647.
7652.
7656.
7659.
7663.
7667.
7673.
7676.
7680.
7683.
7685.
7686.
7689.
7689.
7691.
7693.
7696.
7699.
7703.
7705.
7710.
7713.
7717.
7721.
7726.
7731.
7737.
7742.
7748.
7754.
7760.
7766.
7772.
7778.
7786.
7793.
7800.
7808.
7815.
7822.
7830.
7840.
7847.
7854.
7863.
7871.
7879.
7886.
7897.
7906.
7915.
7923.
7932.
7940.
7950.
7959.
7966.
7976.
7984.
7991.
8000.
8009.
8016.
8021.
8025.
8027.
8026.
8023.
8020.
8013.
8004.
7996.
7985.
7973.
7962.
7952.
7941.
7932.
7922.
7912.
7905.
7899.
7894.
7891.
7888.
7887.
7888.
7888.
7889.
7890.
7893.
7894.
7896.
7898.
7900.
7902.
7906.
7908.
7911.
7915.
7918.
7921.
7924.
7928.
7931.
7934.
7937.
7941.
7946.
7948.
7953.
7956.
7960.
7963.
7967.
7970.
7974.
7979.
7982.
7985.
7989.
7992.
7996.
7999.
8003.
8006.
8008.
8011.
8013.
8017.
8018.
8021.
8025.
8027.
8029.
8031.
8032.
8034.
8036.
8037.
8038.
8040.
8041.
8041.
8041.
8043.
8044.
8045.
8046.
8046.
8048.
8049.
8048.
8049.
8051.
8051.
8051.
8051.
8052.
8053.
8054.
8054.
8056.
8056.
8057.
8057.
8058.
8060.
8061.
8063.
8064.
8066.
8068.
8070.
8072.
8073.
8076.
8079.
8082.
8085.
8088.
8092.
8093.
8098.
8102.
8107.
8110.
8115.
8119.
8123.
8128.
8133.
8139.
8144.
8150.
8156.
8161.
8167.
8173.
8178.
8186.
8191.
8199.
8207.
8213.
8221.
8227.
8232.
8238.
8243.
8243.
8242.
8232.
8218.
8202.
8185.
8170.
8154.
8141.
8130.
8119.
8106.
8096.
8085.
8076.
8068.
8062.
8058.
8055.
8051.
8045.
8040.
8036.
8031.
8028.
8025.
8021.
8018.
8015.
8012.
8010.
8008.
8007.
8006.
8004.
8003.
8001.
8001.
8001.
8003.
8003.
8003.
8005.
8007.
8008.
8011.
8014.
8017.
8021.
8025.
8030.
8036.
8042.
8048.
8054.
8061.
8068.
8075.
8084.
8092.
8100.
8110.
8119.
8130.
8139.
8150.
8161.
8169.
8179.
8188.
8199.
8206.
8217.
8226.
8235.
8244.
8253.
8259.
8266.
8273.
8277.
8280.
8280.
8279.
8273.
8264.
8254.
8242.
8231.
8220.
8210.
8199.
8189.
8179.
8168.
8159.
8149.
8140.
8131.
8122.
8113.
8104.
8094.
8087.
8079.
8073.
8064.
8057.
8050.
8044.
8039.
8031.
8025.
8019.
8015.
8008.
8003.
7997.
7990.
7984.
7977.
7970.
7964.
7958.
7953.
7947.
7941.
7936.
7931.
7927.
7922.
7918.
7914.
7910.
7905.
7901.
7898.
7895.
7890.
7887.
7885.
7883.
7880.
7879.
7878.
7876.
7874.
7873.
7869.
7867.
7864.
7861.
7857.
7852.
7847.
7843.
7837.
7832.
7827.
7821.
7816.
7812.
7805.
7799.
7794.
7789.
7783.
7776.
7771.
7764.
7757.
7751.
7746.
7741.
7734.
7728.
7721.
7715.
7711.
7705.
7700.
7694.
7686.
7681.
7675.
7669.
7665.
7660.
7655.
7648.
7643.
7638.
7631.
7625.
7621.
7615.
7610.
7604.
7600.
7592.
7589.
7583.
7578.
7573.
7568.
7562.
7557.
7551.
7545.
7540.
7533.
7529.
7524.
7519.
7514.
7508.
7504.
7499.
7494.
7489.
7484.
7481.
7477.
7470.
7466.
7462.
7458.
7454.
7451.
7447.
7445.
7441.
7439.
7437.
7434.
7433.
7431.
7430.
7430.
7430.
7429.
7432.
7432.
7431.
7431.
7432.
7432.
7433.
7434.
7438.
7438.
7438.
7439.
7439.
7439.
7440.
7441.
7441.
7442.
7444.
7446.
7446.
7447.
7450.
7452.
7455.
7458.
7464.
7468.
7474.
7481.
7488.
7498.
7509.
7522.
7536.
7550.
7565.
7579.
7593.
7608.
7622.
7636.
7649.
7661.
7673.
7683.
7694.
7704.
7715.
7726.
7735.
7746.
7758.
7767.
7778.
7789.
7800.
7811.
7823.
7835.
7845.
7855.
7865.
7874.
7882.
7889.
7895.
7900.
7904.
7908.
7912.
7916.
7920.
7923.
7925.
7927.
7931.
7934.
7939.
7940.
7943.
7945.
7945.
7945.
7944.
7943.
7943.
7941.
7941.
7938.
7936.
7934.
7932.
7930.
7927.
7924.
7922.
7918.
7914.
7912.
7909.
7907.
7902.
7900.
7897.
7894.
7891.
7888.
7886.
7884.
7882.
7880.
7880.
7881.
7882.
7883.
7884.
7888.
7889.
7892.
7896.
7898.
7901.
7904.
7908.
7910.
7913.
7917.
7920.
7924.
7927.
7931.
7934.
7938.
7940.
7943.
7946.
7949.
7952.
7956.
7958.
7960.
7963.
7965.
7967.
7969.
7971.
7972.
7974.
7975.
7977.
7979.
7981.
7980.
7981.
7980.
7980.
7981.
7982.
7983.
7983.
7980.
7980.
7981.
7982.
7981.
7981.
7981.
7980.
7979.
7980.
7979.
7979.
7979.
7978.
7977.
7979.
7978.
7978.
7978.
7979.
7979.
7981.
7982.
7982.
7983.
7985.
7986.
7987.
7989.
7990.
7992.
7996.
7998.
8000.
8004.
8008.
8012.
8016.
8019.
8025.
8028.
8033.
8038.
8044.
8049.
8055.
8062.
8066.
8068.
8070.
8067.
8061.
8052.
8043.
8033.
8022.
8015.
8003.
7991.
7980.
7967.
7957.
7947.
7938.
7928.
7917.
7907.
7898.
7889.
7883.
7878.
7873.
7868.
7863.
7858.
7853.
7850.
7844.
7841.
7838.
7837.
7835.
7833.
7832.
7830.
7827.
7825.
7822.
7820.
7818.
7818.
7816.
7815.
7815.
7816.
7817.
7819.
7820.
7821.
7824.
7827.
7829.
7833.
7837.
7843.
7847.
7851.
7856.
7860.
7864.
7867.
7870.
7874.
7877.
7881.
7882.
7885.
7887.
7889.
7890.
7892.
7893.
7894.
7895.
7895.
7895.
7895.
7894.
7893.
7892.
7891.
7888.
7885.
7883.
7879.
7877.
7873.
7868.
7864.
7860.
7855.
7851.
7845.
7840.
7835.
7828.
7822.
7817.
7810.
7802.
7796.
7790.
7784.
7778.
7771.
7763.
7756.
7750.
7743.
7735.
7729.
7723.
7715.
7709.
7703.
7696.
7689.
7683.
7675.
7669.
7663.
7655.
7649.
7642.
7635.
7629.
7622.
7615.
7609.
7602.
7595.
7590.
7582.
7577.
7570.
7563.
7557.
7550.
7544.
7537.
7530.
7526.
7519.
7514.
7508.
7500.
7495.
7488.
7482.
7476.
7470.
7465.
7459.
7453.
7448.
7441.
7436.
7430.
7424.
7418.
7414.
7412.
7413.
7418.
7426.
7435.
7447.
7459.
7472.
7484.
7496.
7508.
7518.
7527.
7536.
7543.
7550.
7556.
7559.
7561.
7564.
7565.
7568.
7570.
7573.
7577.
7579.
7583.
7585.
7588.
7591.
7594.
7598.
7601.
7603.
7606.
7609.
7613.
7616.
7619.
7621.
7625.
7629.
7632.
7635.
7639.
7642.
7645.
7647.
7653.
7656.
7659.
7663.
7666.
7671.
7673.
7677.
7681.
7684.
7687.
7692.
7696.
7700.
7704.
7708.
7712.
7717.
7721.
7725.
7730.
7736.
7740.
7744.
7748.
7755.
7760.
7766.
7772.
7779.
7783.
7791.
7797.
7803.
7810.
7818.
7824.
7831.
7839.
7848.
7853.
7862.
7870.
7878.
7886.
7892.
7903.
7911.
7917.
7927.
7934.
7943.
7951.
7960.
7967.
7976.
7985.
7994.
8002.
8011.
8018.
8028.
8036.
8044.
8052.
8060.
8068.
8073.
8079.
8085.
8086.
8089.
8086.
8084.
8081.
8077.
8071.
8063.
8056.
8049.
8041.
8032.
8025.
8018.
8012.
8006.
7998.
7992.
7984.
7978.
7972.
7966.
7961.
7955.
7950.
7944.
7941.
7935.
7930.
7929.
7925.
7922.
7919.
7915.
7913.
7910.
7909.
7907.
7904.
7902.
7897.
7893.
7889.
7887.
7884.
7883.
7880.
7876.
7873.
7871.
7868.
7867.
7867.
7865.
7865.
7864.
7864.
7865.
7866.
7866.
7864.
7863.
7864.
7863.
7863.
7864.
7864.
7865.
7865.
7866.
7868.
7870.
7871.
7872.
7874.
7876.
7876.
7878.
7881.
7884.
7884.
7886.
7886.
7888.
7889.
7890.
7891.
7892.
7893.
7893.
7892.
7893.
7893.
7892.
7892.
7892.
7891.
7891.
7889.
7889.
7887.
7886.
7885.
7884.
7882.
7881.
7879.
7877.
7875.
7872.
7871.
7870.
7869.
7866.
7865.
7862.
7860.
7858.
7856.
7855.
7851.
7851.
7849.