7954.
7955.
7954.
7955.
7956.
7956.
7958.
7960.
7960.
7961.
7963.
7964.
7965.
7966.
7968.
7969.
7970.
7974.
7976.
7977.
7980.
7982.
7985.
7988.
7990.
7993.
7997.
8000.
8002.
8006.
8010.
8013.
8017.
8021.
8024.
8028.
8032.
8037.
8041.
8046.
8050.
8056.
8059.
8063.
8067.
8073.
8078.
8083.
8085.
8087.
8089.
8087.
8084.
8081.
8076.
8076.
8075.
8077.
8079.
8080.
8084.
8085.
8086.
8088.
8088.
8089.
8089.
8092.
8092.
8091.
8093.
8093.
8093.
8093.
8093.
8092.
8092.
8091.
8091.
8091.
8090.
8089.
8088.
8087.
8086.
8086.
8084.
8082.
8081.
8080.
8077.
8075.
8073.
8072.
8069.
8067.
8064.
8062.
8060.
8057.
8055.
8053.
8051.
8047.
8045.
8042.
8039.
8036.
8033.
8029.
8027.
8024.
8022.
8018.
8015.
8011.
8008.
8006.
8003.
7999.
7997.
7993.
7988.
7985.
7982.
7978.
7975.
7972.
7967.
7963.
7960.
7957.
7956.
7955.
7956.
7958.
7961.
7965.
7968.
7972.
7977.
7981.
7982.
7983.
7983.
7983.
7983.
7983.
7980.
7981.
7980.
7979.
7978.
7978.
7977.
7977.
7976.
7976.
7976.
7974.
7973.
7973.
7973.
7972.
7971.
7972.
7970.
7969.
7968.
7968.
7967.
7967.
7967.
7967.
7966.
7964.
7965.
7963.
7962.
7962.
7962.
7962.
7961.
7959.
7961.
7960.
7958.
7958.
7958.
7956.
7955.
7955.
7956.
7954.
7954.
7954.
7953.
7952.
7952.
7951.
7951.
7950.
7950.
7949.
7948.
7948.
7948.
7947.
7947.
7946.
7944.
7945.
7945.
7945.
7944.
7944.
7942.
7942.
7942.
7941.
7941.
7941.
7941.
7939.
7940.
7940.
7940.
7940.
7940.
7939.
7940.
7939.
7939.
7939.
7938.
7938.
7939.
7937.
7938.
7938.
7938.
7937.
7940.
7939.
7938.
7939.
7939.
7939.
7939.
7939.
7941.
7940.
7941.
7943.
7943.
7943.
7944.
7945.
7945.
7945.
7947.
7947.
7949.
7950.
7950.
7950.
7953.
7953.
7953.
7955.
7956.
7957.
7958.
7960.
7961.
7962.
7964.
7965.
7967.
7967.
7970.
7972.
7974.
7975.
7977.
7980.
7983.
7984.
7986.
7988.
7991.
7993.
7995.
7998.
8001.
8004.
8007.
8010.
8013.
8016.
8020.
8023.
8027.
8030.
8034.
8039.
8043.
8047.
8051.
8054.
8058.
8058.
8056.
8052.
8046.
8037.
8029.
8021.
8016.
8010.
8007.
8006.
8005.
8005.
8006.
8006.
8007.
8007.
8008.
8008.
8008.
8009.
8008.
8009.
8009.
8008.
8009.
8010.
8009.
8008.
8008.
8009.
8008.
8007.
8008.
8007.
8008.
8008.
8008.
8008.
8009.
8009.
8009.
8010.
8011.
8012.
8012.
8012.
8014.
8017.
8018.
8019.
8020.
8023.
8025.
8028.
8031.
8034.
8036.
8039.
8044.
8049.
8052.
8056.
8060.
8064.
8070.
8075.
8078.
8083.
8088.
8094.
8099.
8105.
8110.
8115.
8121.
8125.
8132.
8139.
8144.
8149.
8154.
8159.
8166.
8173.
8179.
8183.
8190.
8192.
8193.
8190.
8185.
8179.
8172.
8163.
8158.
8152.
8148.
8147.
8144.
8143.
8142.
8142.
8143.
8141.
8141.
8140.
8139.
8136.
8135.
8135.
8133.
8130.
8127.
8126.
8123.
8121.
8119.
8116.
8113.
8109.
8107.
8103.
8099.
8096.
8092.
8089.
8085.
8081.
8076.
8071.
8066.
8061.
8056.
8054.
8050.
8044.
8040.
8035.
8030.
8027.
8023.
8017.
8014.
8010.
8006.
8003.
7999.
7996.
7994.
7991.
7988.
7986.
7984.
7982.
7980.
7978.
7977.
7978.
7977.
7976.
7976.
7976.
7977.
7977.
7978.
7980.
7981.
7983.
7985.
7988.
7991.
7992.
7995.
7997.
8001.
8002.
8005.
8009.
8012.
8016.
8021.
8025.
8027.
8030.
8034.
8040.
8044.
8048.
8053.
8056.
8061.
8065.
8070.
8075.
8080.
8084.
8089.
8095.
8100.
8104.
8109.
8115.
8120.
8125.
8130.
8136.
8141.
8146.
8152.
8159.
8164.
8169.
8175.
8181.
8186.
8193.
8199.
8204.
8211.
8216.
8223.
8229.
8235.
8242.
8249.
8255.
8259.
8259.
8258.
8253.
8245.
8236.
8228.
8221.
8215.
8210.
8207.
8204.
8203.
8202.
8200.
8198.
8197.
8197.
8196.
8194.
8192.
8189.
8189.
8186.
8183.
8180.
8176.
8173.
8171.
8166.
8162.
8159.
8154.
8150.
8147.
8142.
8136.
8132.
8126.
8122.
8117.
8112.
8107.
8101.
8095.
8089.
8084.
8078.
8072.
8067.
8059.
8054.
8047.
8042.
8034.
8028.
8021.
8016.
8008.
8001.
7995.
7988.
7981.
7974.
7967.
7961.
7954.
7948.
7939.
7934.
7927.
7920.
7913.
7908.
7903.
7903.
7905.
7908.
7912.
7917.
7919.
7923.
7926.
7926.
7928.
7929.
7930.
7930.
7929.
7928.
7926.
7923.
7922.
7920.
7918.
7915.
7914.
7912.
7911.
7909.
7908.
7906.
7904.
7903.
7901.
7900.
7900.
7900.
7899.
7897.
7897.
7895.
7895.
7895.
7896.
7897.
7896.
7897.
7897.
7898.
7899.
7900.
7903.
7905.
7906.
7909.
7911.
7913.
7916.
7919.
7923.
7927.
7931.
7935.
7939.
7945.
7950.
7955.
7960.
7966.
7972.
7979.
7987.
7994.
8000.
8008.
8016.
8024.
8032.
8040.
8049.
8056.
8063.
8067.
8067.
8062.
8055.
8047.
8041.
8039.
8036.
8034.
8036.
8038.
8039.
8039.
8040.
8040.
8040.
8040.
8040.
8040.
8040.
8039.
8038.
8037.
8036.
8033.
8032.
8031.
8028.
8027.
8025.
8025.
8021.
8018.
8015.
8013.
8011.
8009.
8005.
8002.
7999.
7996.
7993.
7989.
7985.
7980.
7978.
7974.
7970.
7966.
7961.
7958.
7953.
7948.
7946.
7941.
7936.
7932.
7928.
7923.
7919.
7915.
7910.
7906.
7901.
7898.
7894.
7888.
7884.
7880.
7875.
7872.
7869.
7863.
7859.
7854.
7850.
7846.
7842.
7839.
7834.
7829.
7825.
7822.
7818.
7814.
7809.
7807.
7803.
7800.
7796.
7792.
7790.
7787.
7786.
7782.
7778.
7776.
7773.
7771.
7770.
7767.
7765.
7764.
7762.
7761.
7760.
7759.
7758.
7758.
7758.
7759.
7761.
7761.
7763.
7764.
7767.
7770.
7773.
7777.
7780.
7786.
7791.
7795.
7801.
7807.
7815.
7821.
7828.
7838.
7846.
7854.
7863.
7872.
7882.
7892.
7900.
7907.
7921.
7933.
7944.
7955.
7968.
7978.
7988.
7999.
8010.
8022.
8032.
8042.
8053.
8063.
8072.
8082.
8091.
8098.
8107.
8115.
8120.
8127.
8133.
8138.
8142.
8146.
8149.
8150.
8151.
8152.
8152.
8152.
8152.
8150.
8148.
8146.
8144.
8140.
8137.
8134.
8130.
8126.
8121.
8118.
8115.
8110.
8105.
8100.
8096.
8090.
8084.
8079.
8074.
8069.
8064.
8058.
8054.
8048.
8043.
8037.
8032.
8026.
8023.
8017.
8010.
8006.
7999.
7993.
7988.
7982.
7977.
7972.
7966.
7960.
7956.
7951.
7944.
7939.
7934.
7928.
7923.
7917.
7913.
7907.
7901.
7895.
7891.
7884.
7881.
7875.
7870.
7865.
7861.
7856.
7851.
7844.
7840.
7834.
7829.
7824.
7819.
7815.
7811.
7806.
7801.
7797.
7792.
7788.
7784.
7780.
7775.
7770.
7766.
7762.
7759.
7754.
7751.
7747.
7743.
7739.
7735.
7732.
7728.
7724.
7720.
7718.
7719.
7720.
7725.
7731.
7737.
7746.
7754.
7764.
7773.
7783.
7792.
7799.
7806.
7812.
7817.
7821.
7825.
7829.
7833.
7839.
7843.
7851.
7854.
7859.
7866.
7871.
7876.
7882.
7889.
7894.
7902.
7908.
7914.
7920.
7929.
7935.
7942.
7949.
7956.
7964.
7972.
7979.
7987.
7994.
8002.
8010.
8017.
8024.
8033.
8039.
8048.
8055.
8062.
8069.
8075.
8083.
8090.
8097.
8104.
8109.
8115.
8121.
8126.
8133.
8140.
8144.
8148.
8152.
8156.
8161.
8164.
8168.
8171.
8175.
8176.
8177.
8180.
8181.
8182.
8183.
8185.
8184.
8185.
8185.
8184.
8183.
8182.
8180.
8180.
8179.
8178.
8176.
8173.
8170.
8168.
8165.
8162.
8159.
8156.
8152.
8147.
8144.
8141.
8137.
8132.
8129.
8125.
8121.
8116.
8111.
8107.
8101.
8097.
8091.
8088.
8082.
8077.
8072.
8067.
8061.
8056.
8051.
8047.
8042.
8037.
8033.
8029.
8024.
8020.
8016.
8012.
8009.
8005.
8004.
8001.
7999.
7998.
7996.
7996.
7994.
7994.
7994.
7992.
7994.
7994.
7995.
7995.
7997.
7997.
7999.
8002.
8002.
8005.
8007.
8009.
8013.
8016.
8019.
8022.
8026.
8031.
8035.
8039.
8043.
8049.
8053.
8057.
8063.
8070.
8074.
8080.
8083.
8083.
8080.
8075.
8067.
8058.
8049.
8041.
8036.
8030.
8027.
8024.
8023.
8021.
8019.
8018.
8019.
8020.
8020.
8019.
8018.
8019.
8019.
8018.
8017.
8017.
8016.
8014.
8014.
8011.
8010.
8009.
8007.
8004.
8002.
7999.
7997.
7993.
7990.
7988.
7984.
7981.
7977.
7973.
7968.
7965.
7962.
7957.
7954.
7950.
7945.
7942.
7938.
7935.
7930.
7926.
7922.
7919.
7916.
7912.
7909.
7907.
7905.
7904.
7902.
7900.
7897.
7896.
7896.
7895.
7894.
7894.
7895.
7895.
7895.
7897.
7898.
7899.
7900.
7902.
7905.
7907.
7909.
7912.
7915.
7918.
7921.
7924.
7929.
7932.
7936.
7941.
7946.
7949.
7953.
7958.
7963.
7968.
7973.
7978.
7982.
7987.
7993.
7997.
8003.
8009.
8015.
8020.
8027.
8033.
8037.
8043.
8050.
8056.
8062.
8069.
8074.
8080.
8087.
8094.
8100.
8106.
8112.
8115.
8116.
8114.
8111.
8107.
8102.
8097.
8092.
8088.
8085.
8083.
8084.
8083.
8083.
8082.
8079.
8077.
8076.
8074.
8071.
8068.
8066.
8062.
8059.
8056.
8052.
8047.
8042.
8036.
8032.
8027.
8022.
8016.
8010.
8005.
7998.
7993.
7986.
7980.
7975.
7967.
7960.
7955.
7948.
7942.
7937.
7931.
7926.
7919.
7915.
7910.
7907.
7904.
7899.
7896.
7893.
7891.
7890.
7889.
7889.
7888.
7887.
7889.
7889.
7890.
7894.
7895.
7897.
7899.
7903.
7907.
7910.
7913.
7916.
7920.
7926.
7931.
7935.
7939.
7942.
7946.
7951.
7956.
7962.
7968.
7972.
7978.
7982.
7988.
7994.
7999.
8003.
8010.
8015.
8022.
8028.
8032.
8037.
8041.
8042.
8043.
8041.
8039.
8039.
8041.
8041.
8042.
8043.
8047.
8049.
8051.
8050.
8050.
8050.
8051.
8051.
8050.
8050.
8049.
8047.
8045.
8042.
8040.
8038.
8034.
8031.
8027.
8024.
8020.
8016.
8013.
8008.
8005.
8000.
7996.
7990.
7988.
7982.
7977.
7971.
7967.
7961.
7955.
7949.
7944.
7939.
7934.
7927.
7920.
7914.
7909.
7903.
7896.
7890.
7883.
7876.
7869.
7863.
7855.
7850.
7841.
7834.
7829.
7821.
7813.
7805.
7799.
7791.
7785.
7777.
7769.
7762.
7756.
7750.
7746.
7745.
7747.
7750.
7756.
7761.
7766.
7770.
7773.
7775.
7779.
7781.
7783.
7784.
7784.
7786.
7786.
7787.
7786.
7784.
7785.
7786.
7786.
7787.
7789.
7790.
7792.
7794.
7796.
7797.
7798.
7801.
7805.
7807.
7811.
7814.
7816.
7819.
7821.
7825.
7827.
7829.
7832.
7834.
7836.
7838.
7841.
7845.
7849.
7852.
7856.
7861.
7866.
7871.
7877.
7882.
7888.
7894.
7901.
7909.
7915.
7922.
7931.
7939.
7947.
7956.
7963.
7973.
7983.
7993.
8003.
8012.
8023.
8032.
8042.
8053.
8062.
8073.
8084.
8095.
8104.
8111.
8116.
8117.
8115.
8110.
8104.
8099.
8092.
8088.
8085.
8084.
8084.
8079.
8078.
8078.
8074.
8072.
8068.
8065.
8063.
8059.
8056.
8053.
8049.
8045.
8040.
8036.
8032.
8027.
8024.
8019.
8014.
8009.
8004.
7998.
7994.
7988.
7984.
7978.
7973.
7968.
7962.
7956.
7951.
7947.
7940.
7935.
7930.
7924.
7919.
7912.
7908.
7901.
7896.
7889.
7883.
7879.
7873.
7867.
7861.
7856.
7851.
7844.
7838.
7833.
7827.
7821.
7816.
7810.
7804.
7798.
7793.
7788.
7782.
7777.
7770.
7764.
7759.
7754.
7748.
7743.
7737.
7732.
7727.
7722.
7716.
7710.
7706.
7700.
7694.
7689.
7684.
7679.
7674.
7669.
7663.
7658.
7652.
7647.
7643.
7637.
7631.
7626.
7622.
7616.
7613.
7607.
7601.
7597.
7593.
7589.
7584.
7581.
7576.
7570.
7567.
7562.
7558.
7554.
7551.
7546.
7542.
7538.
7534.
7530.
7526.
7523.
7518.
7515.
7511.
7508.
7505.
7502.
7500.
7500.
7503.
7507.
7516.
7524.
7535.
7548.
7562.
7577.
7592.
7608.
7622.
7636.
7651.
7664.
7676.
7686.
7696.
7704.
7713.
7724.
7733.
7743.
7752.
7761.
7772.
7782.
7791.
7802.
7812.
7822.
7833.
7845.
7855.
7867.
7877.
7889.
7900.
7912.
7923.
7935.
7946.
7956.
7967.
7977.
7990.
8000.
8008.
8017.
8027.
8034.
8041.
8049.
8056.
8060.
8066.
8070.
8075.
8078.
8080.
8083.
8083.
8084.
8084.
8083.
8082.
8081.
8079.
8077.
8074.
8072.
8069.
8066.
8063.
8060.
8055.
8050.
8047.
8044.
8039.
8035.
8031.
8026.
8023.
8017.
8012.
8008.
8003.
7998.
7993.
7987.
7983.
7979.
7973.
7968.
7963.
7957.
7953.
7947.
7942.
7937.
7933.
7928.
7922.
7917.
7911.
7906.
7901.
7895.
7891.
7884.
7878.
7874.
7869.
7863.
7859.
7852.
7847.
7842.
7836.
7830.
7824.
7819.
7813.
7808.
7802.
7797.
7791.
7785.
7779.
7774.
7768.
7763.
7757.
7751.
7747.
7746.
7747.
7749.
7754.
7760.
7766.
7774.
7782.
7789.
7798.
7804.
7809.
7815.
7817.
7819.
7822.
7824.
7828.
7831.
7833.
7837.
7841.
7843.
7846.
7850.
7855.
7860.
7864.
7870.
7875.
7879.
7885.
7890.
7896.
7903.
7909.
7914.
7921.
7927.
7933.
7939.
7946.
7953.
7959.
7968.
7976.
7983.
7990.
7998.
8005.
8013.
8020.
8027.
8034.
8042.
8050.
8057.
8065.
8072.
8079.
8087.
8094.
8100.
8106.
8113.
8118.
8125.
8130.
8136.
8143.
8148.
8154.
8158.
8163.
8167.
8172.
8176.
8180.
8183.
8186.
8191.
8194.
8195.
8198.
8200.
8201.
8203.
8206.
8206.
8205.
8206.
8207.
8207.
8206.
8206.
8205.
8204.
8203.
8202.
8200.
8198.
8197.
8195.
8192.
8189.
8187.
8185.
8182.
8178.
8175.
8173.
8169.
8165.
8161.
8158.
8152.
8149.
8145.
8141.
8136.
8133.
8128.
8124.
8119.
8114.
8109.
8104.
8099.
8095.
8090.
8085.
8080.
8076.
8070.
8066.
8061.
8056.
8050.
8046.
8041.
8038.
8034.
8029.
8025.
8022.
8019.
8016.
8013.
8010.
8007.
8004.
8003.
8001.
8000.
7998.
7998.
7997.
7995.
7995.
7995.
7995.
7995.
7994.
7996.
7996.
7997.
7997.
7999.
8002.
8004.
8006.
8008.
8011.
8014.
8016.
8018.
8022.
8026.
8029.
8033.
8037.
8041.
8046.
8050.
8055.
8059.
8063.
8068.
8072.
8078.
8084.
8089.
8094.
8099.
8104.
8110.
8115.
8121.
8127.
8133.
8136.
8136.
8132.
8127.
8120.
8115.
8107.
8102.
8098.
8093.
8089.
8086.
8082.
8082.
8082.
8080.
8080.
8081.
8082.
8081.
8082.
8081.
8080.
8079.
8078.
8076.
8075.
8073.
8070.
8068.
8066.
8064.
8061.
8059.
8055.
8049.
8046.
8042.
8038.
8032.
8027.
8023.
8016.
8012.
8008.
8002.
7996.
7992.
7986.
7980.
7976.
7970.
7967.
7963.
7958.
7953.
7948.
7946.
7943.
7939.
7937.
7934.
7933.
7931.
7931.
7930.
7929.
7929.
7930.
7931.
7932.
7934.
7935.
7938.
7939.
7942.
7946.
7950.
7953.
7956.
7960.
7963.
7967.
7971.
7976.
7980.
7985.
7991.
7994.
7998.
8004.
8009.
8013.
8019.
8024.
8030.
8036.
8041.
8047.
8053.
8060.
8066.
8072.
8078.
8083.
8089.
8094.
8097.
8097.
8095.
8092.
8089.
8084.
8079.
8076.
8072.
8069.
8069.
8068.
8068.
8066.
8066.
8064.
8063.
8063.
8060.
8058.
8056.
8053.
8051.
8047.
8045.
8042.
8037.
8033.
8028.
8024.
8019.
8014.
8009.
8003.
7998.
7994.
7988.
7981.
7975.
7970.
7965.
7959.
7952.
7946.
7941.
7936.
7930.
7925.
7921.
7916.
7911.
7908.
7905.
7901.
7899.
7897.
7896.
7894.
7893.
7893.
7892.
7894.
7896.
7895.
7898.
7899.
7902.
7903.
7906.
7908.
7912.
7915.
7917.
7921.
7926.
7928.
7933.
7938.
7941.
7945.
7949.
7954.
7959.
7964.
7969.
7974.
7979.
7984.
7988.
7994.
8001.
8004.
8010.
8014.
8018.
8019.
8018.
8016.
8014.
8012.
8012.
8010.
8011.
8011.
8011.
8013.
8014.
8015.
8016.
8016.
8015.
8015.
8012.
8011.
8010.
8007.
8007.
8005.
8002.
7999.
7996.
7992.
7989.
7986.
7983.
7979.
7974.
7969.
7966.
7962.
7957.
7953.
7948.
7944.
7939.
7934.
7929.
7925.
7920.
7914.
7909.
7904.
7899.
7893.
7887.
7882.
7877.
7871.
7865.
7858.
7852.
7848.
7842.
7837.
7830.
7823.
7817.
7812.
7807.
7800.
7794.
7789.
7785.
7778.
7773.
7766.
7762.
7756.
7751.
7747.
7742.
7738.
7734.
7729.
7726.
7722.
7720.
7720.
7721.
7726.
7733.
7738.
7744.
7749.
7753.
7757.
7760.
7761.
7761.
7762.
7760.
7759.
7757.
7755.
7754.
7754.
7752.
7750.
7750.
7750.
7749.
7747.
7747.
7747.
7746.
7744.
7744.
7743.
7742.
7742.
7743.
7742.
7742.
7743.
7744.
7743.
7744.
7746.
7747.
7748.
7750.
7751.
7754.
7756.
7759.
7762.
7765.
7768.
7772.
7774.
7779.
7783.
7788.
7793.
7796.
7801.
7807.
7813.
7819.
7825.
7832.
7839.
7846.
7852.
7859.
7867.
7876.
7884.
7891.
7899.
7908.
7918.
7925.
7935.
7945.
7954.
7964.
7974.
7984.
7995.
8005.
8016.
8027.
8039.
8050.
8060.
8072.
8083.
8095.
8106.
8118.
8129.
8141.
8150.
8159.
8167.
8173.
8173.
8167.
8157.
8147.
8136.
8129.
8121.
8116.
8112.
8107.
8105.
8103.
8099.
8095.
8092.
8087.
8082.
8080.
8075.
8072.
8066.
8063.
8057.
8053.
8049.
8045.
8039.
8034.
8029.
8023.
8019.
8014.
8008.
8003.
7997.
7991.
7987.
7980.
7974.
7969.
7964.
7958.
7953.
7946.
7940.
7936.
7929.
7923.
7919.
7913.
7907.
7901.
7895.
7890.
7883.
7879.
7874.
7868.
7863.
7858.
7853.
7849.
7842.
7838.
7833.
7829.
7824.
7819.
7814.
7811.
7805.
7799.
7795.
7792.
7788.
7785.
7780.
7777.
7772.
7768.
7767.
7765.
7761.
7759.
7756.
7754.
7752.
7752.
7749.
7748.
7748.
7748.
7748.
7749.
7749.
7752.
7753.
7755.
7757.
7758.
7762.
7766.
7770.
7775.
7781.
7787.
7793.
7800.
7808.
7815.
7823.
7831.
7842.
7851.
7860.
7871.
7881.
7892.
7903.
7914.
7926.
7939.
7951.
7963.
7976.
7990.
8003.
8016.
8029.
8042.
8055.
8067.
8080.
8092.
8104.
8115.
8127.
8139.
8149.
8160.
8169.
8178.
8186.
8194.
8201.
8207.
8213.
8218.
8223.
8227.
8231.
8235.
8238.
8240.
8242.
8244.
8246.
8246.
8245.
8242.
8236.
8229.
8219.
8209.
8202.
8196.
8190.
8183.
8176.
8169.
8163.
8158.
8152.
8147.
8145.
8141.
8137.
8134.
8129.
8125.
8122.
8119.
8117.
8114.
8111.
8109.
8106.
8104.
8101.
8099.
8097.
8094.
8092.
8089.
8086.
8084.
8082.
8078.
8076.
8073.
8070.
8067.
8062.
8059.
8056.
8052.
8048.
8045.
8041.
8037.
8034.
8029.
8025.
8023.
8019.
8015.
8010.
8007.
8003.
8000.
7996.
7990.
7986.
7983.
7979.
7974.
7970.
7966.
7962.
7956.
7953.
7949.
7944.
7939.
7934.
7930.
7924.
7920.
7915.
7909.
7905.
7901.
7898.
7897.
7896.
7899.
7902.
7908.
7914.
7922.
7931.
7938.
7945.
7950.
7956.
7960.
7964.
7966.
7969.
7971.
7973.
7975.
7979.
7981.
7985.
7987.
7990.
7995.
7999.
8004.
8007.
8013.
8018.
8023.
8028.
8033.
8037.
8044.
8049.
8056.
8061.
8067.
8074.
8081.
8089.
8094.
8101.
8109.
8116.
8123.
8130.
8138.
8146.
8152.
8160.
8168.
8175.
8182.
8191.
8199.
8205.
8213.
8220.
8226.
8232.
8240.
8246.
8251.
8257.
8262.
8267.
8271.
8275.
8280.
8283.
8286.
8288.
8292.
8295.
8296.
8298.
8299.
8299.
8301.
8300.
8300.
8301.
8300.
8299.
8298.
8297.
8296.
8295.
8292.
8290.
8289.
8288.
8286.
8283.
8281.
8279.
8275.
8273.
8270.
8268.
8265.
8262.
8259.
8256.
8252.
8249.
8246.
8243.
8240.
8236.
8233.
8229.
8225.
8220.
8217.
8214.
8209.
8205.
8201.
8197.
8193.
8188.
8184.
8179.
8173.
8170.
8166.
8160.
8155.
8149.
8144.
8139.
8135.
8130.
8124.
8120.
8114.
8109.
8103.
8097.
8092.
8087.
8078.
8073.
8068.
8061.
8057.
8051.
8045.
8040.
8032.
8026.
8020.
8016.
8010.
8005.
8000.
7994.
7990.
7987.
7982.
7979.
7974.
7971.
7969.
7968.
7965.
7962.
7961.
7960.
7958.
7956.
7955.
7955.
7956.
7955.
7956.
7956.
7956.
7957.
7959.
7960.
7961.
7963.
7965.
7967.
7968.
7970.
7974.
7976.
7979.
7982.
7987.
7991.
7995.
7998.
8003.
8006.
8010.
8016.
8021.
8025.
8031.
8036.
8042.
8046.
8053.
8059.
8065.
8071.
8076.
8082.
8088.
8095.
8102.
8108.
8114.
8121.
8128.
8135.
8142.
8148.
8152.
8155.
8155.
8151.
8143.
8136.
8127.
8120.
8114.
8108.
8103.
8100.
8097.
8097.
8097.
8097.
8096.
8096.
8096.
8096.
8095.
8096.
8095.
8093.
8091.
8089.
8087.
8084.
8081.
8078.
8077.
8072.
8069.
8065.
8062.
8057.
8055.
8051.
8047.
8041.
8038.
8034.
8029.
8025.
8021.
8017.
8013.
8008.
8004.
8001.
7998.
7995.
7992.
7989.
7987.
7985.
7984.
7983.
7984.
7982.
7982.
7981.
7983.
7984.
7985.
7986.
7989.
7991.
7993.
7995.
8000.
8002.
8005.
8010.
8015.
8019.
8022.
8027.
8032.
8036.
8042.
8047.
8052.
8057.
8061.
8067.
8074.
8081.
8085.
8090.
8096.
8101.
8104.
8103.
8101.
8097.
8091.
8085.
8081.
8078.
8076.
8074.
8075.
8072.
8072.
8072.
8072.
8072.
8070.
8068.
8067.
8065.
8063.
8062.
8059.
8057.
8054.
8052.
8048.
8043.
8039.
8035.
8030.
8027.
8022.
8018.
8013.
8007.
8002.
7997.
7992.
7986.
7981.
7975.
7969.
7965.
7960.
7953.
7949.
7942.
7938.
7933.
7928.
7924.
7920.
7916.
7912.
7909.
7907.
7904.
7902.
7902.
7900.
7898.
7900.
7898.
7899.
7901.
7902.
7903.
7904.
7907.
7911.
7912.
7914.
7919.
7922.
7924.
7928.
7932.
7936.
7939.
7943.
7948.
7952.
7956.
7960.
7965.
7969.
7975.
7979.
7985.
7990.
7995.
8001.
8004.
8011.
8017.
8021.
8027.
8033.
8037.
8044.
8050.
8055.
8061.
8067.
8072.
8078.
8084.
8089.
8093.
8097.
8098.
8099.
8097.
8095.
8093.
8091.
8091.
8091.
8094.
8095.
8097.
8099.
8100.
8101.
8100.
8100.
8098.
8098.
8097.
8096.
8094.
8093.
8090.
8088.
8085.
8084.
8079.
8076.
8074.
8071.
8067.
8063.
8059.
8055.
8052.
8047.
8042.
8038.
8033.
8029.
8024.
8019.
8015.
8008.
8003.
7998.
7992.
7986.
7982.
7976.
7969.
7964.
7959.
7951.
7947.
7940.
7934.
7927.
7922.
7915.
7910.
7904.
7897.
7891.
7886.
7879.
7872.
7866.
7858.
7853.
7847.
7841.
7837.
7834.
7836.
7838.
7843.
7849.
7854.
7859.
7863.
7866.
7869.
7873.
7875.
7877.
7878.
7877.
7875.
7873.
7871.
7869.
7865.
7864.
7860.
7858.
7856.
7854.
7852.
7849.
7847.
7844.
7843.
7842.
7840.
7837.
7835.
7834.
7833.
7832.
7832.
7831.
7830.
7831.
7831.
7832.
7832.
7833.
7835.
7837.
7838.
7841.
7844.
7848.
7850.
7854.
7858.
7863.
7868.
7874.
7881.
7887.
7894.
7900.
7908.
7916.
7925.
7932.
7941.
7951.
7961.
7971.
7982.
7993.
8004.
8015.
8026.
8037.
8051.
8062.
8073.
8085.
8098.
8110.
8121.
8133.
8145.
8156.
8165.
8175.
8185.
8192.
8202.
8210.
8216.
8222.
8227.
8231.
8237.
8239.
8243.
8244.
8246.
8245.
8247.
8248.
8246.
8245.
8245.
8244.
8242.
8239.
8237.
8234.
8231.
8230.
8225.
8223.
8219.
8215.
8212.
8207.
8203.
8199.
8195.
8191.
8186.
8181.
8176.
8173.
8169.
8165.
8160.
8156.
8151.
8146.
8142.
8139.
8134.
8131.
8126.
8122.
8118.
8113.
8110.
8105.
8102.
8098.
8094.
8090.
8087.
8083.
8080.
8077.
8073.
8071.
8067.
8063.
8060.
8058.
8056.
8053.
8049.
8047.
8043.
8041.
8038.
8036.
8034.
8032.
8030.
8029.
8027.
8024.
8023.
8022.
8020.
8018.
8017.
8017.
8016.
8016.
8015.
8014.
8012.
8012.
8012.
8011.
8012.
8011.
8011.
8011.
8011.
8012.
8012.
8012.
8013.
8015.
8015.
8017.
8018.
8019.
8020.
8021.
8022.
8024.
8026.
8027.
8029.
8030.
8032.
8034.
8036.
8038.
8040.
8042.
8045.
8048.
8051.
8054.
8057.
8060.
8064.
8067.
8072.
8075.
8078.
8083.
8086.
8091.
8096.
8101.
8107.
8111.
8116.
8121.
8127.
8134.
8139.
8145.
8151.
8158.
8165.
8172.
8178.
8185.
8192.
8201.
8207.
8214.
8221.
8228.
8235.
8242.
8248.
8255.
8261.
8266.
8274.
8278.
8283.
8288.
8292.
8295.
8298.
8300.
8304.
8305.
8305.
8307.
8307.
8306.
8305.
8303.
8301.
8301.
8298.
8296.
8293.
8288.
8286.
8283.
8279.
8275.
8271.
8267.
8263.
8259.
8254.
8248.
8244.
8240.
8235.
8230.
8226.
8221.
8216.
8212.
8208.
8203.
8199.
8195.
8191.
8186.
8184.
8179.
8175.
8173.
8169.
8166.
8161.
8157.
8154.
8150.
8145.
8142.
8138.
8135.
8131.
8128.
8124.
8121.
8117.
8113.
8110.
8107.
8103.
8101.
8098.
8094.
8090.
8087.
8083.
8082.
8078.
8075.
8072.
8068.
8066.
8063.
8061.
8058.
8055.
8052.
8048.
8046.
8042.
8040.
8037.
8036.
8033.
8030.
8027.
8024.
8022.
8018.
8015.
8013.
8010.
8008.
8004.
8001.
7998.
7995.
7993.
7989.
7986.
7982.
7979.
7976.
7973.
7969.
7966.
7962.
7958.
7954.
7950.
7946.
7940.
7937.
7933.
7929.
7923.
7919.
7913.
7909.
7904.
7899.
7893.
7888.
7883.
7879.
7878.
7879.
7882.
7886.
7893.
7898.
7904.
7909.
7914.
7918.
7920.
7921.
7922.
7922.
7922.
7923.
7923.
7925.
7923.
7923.
7922.
7923.
7922.
7922.
7923.
7923.
7923.
7923.
7923.
7923.
7924.
7925.
7925.
7925.
7926.
7926.
7926.
7927.
7928.
7929.
7929.
7931.
7931.
7931.
7933.
7933.
7935.
7935.
7935.
7938.
7937.
7939.
7940.
7940.
7941.
7942.
7943.
7943.
7944.
7945.
7945.
7945.
7946.
7947.
7948.
7948.
7949.
7950.
7950.
7950.
7950.
7951.
7950.
7952.
7953.
7952.
7953.
7953.
7953.
7955.
7956.
7957.
7959.
7959.
7961.
7963.
7965.
7966.
7967.
7969.
7972.
7975.
7977.
7980.
7982.
7985.
7988.
7992.
7994.
7999.
8001.
8006.
8009.
8013.
8018.
8022.
8026.
8031.
8036.
8041.
8046.
8052.
8056.
8062.
8068.
8074.
8080.
8086.
8093.
8099.
8106.
8114.
8120.
8126.
8132.
8138.
8141.
8141.
8138.
8132.
8123.
8114.
8106.
8097.
8090.
8084.
8078.
8074.
8071.
8069.
8069.
8068.
8068.
8069.
8070.
8070.
8070.
8070.
8071.
8071.
8071.
8071.
8070.
8071.
8070.
8070.
8072.
8071.
8070.
8070.
8070.
8069.
8069.
8068.
8068.
8069.
8071.
8070.
8071.
8072.
8071.
8071.
8071.
8072.
8074.
8074.
8077.
8079.
8081.
8082.
8085.
8089.
8090.
8095.
8096.
8101.
8105.
8109.
8112.
8116.
8122.
8125.
8130.
8136.
8141.
8145.
8151.
8157.
8161.
8163.
8166.
8164.
8161.
8155.
8146.
8140.
8132.
8126.
8119.
8115.
8110.
8106.
8103.
8100.
8097.
8094.
8093.
8092.
8089.
8088.
8085.
8083.
8080.
8077.
8075.
8071.
8068.
8064.
8061.
8057.
8052.
8050.
8044.
8041.
8036.
8032.
8027.
8022.
8017.
8011.
8006.
8002.
7997.
7993.
7986.
7983.
7977.
7973.
7969.
7965.
7960.
7957.
7954.
7950.
7947.
7945.
7942.
7941.
7941.
7939.
7938.
7939.
7940.
7940.
7941.
7944.
7944.
7946.
7948.
7951.
7955.
7958.
7962.
7966.
7970.
7974.
7978.
7983.
7987.
7992.
7997.
8003.
8008.
8014.
8019.
8025.
8030.
8036.
8041.
8047.
8054.
8059.
8066.
8072.
8079.
8084.
8090.
8097.
8104.
8111.
8116.
8123.
8130.
8137.
8144.
8150.
8157.
8158.
8160.
8159.
8154.
8150.
8144.
8138.
8133.
8126.
8121.
8116.
8111.
8110.
8107.
8106.
8105.
8103.
8101.
8099.
8095.
8093.
8090.
8088.
8083.
8080.
8077.
8073.
8069.
8066.
8062.
8057.
8054.
8049.
8044.
8040.
8035.
8030.
8025.
8020.
8015.
8008.
8004.
7999.
7993.
7988.
7982.
7977.
7971.
7966.
7962.
7957.
7952.
7946.
7942.
7938.
7933.
7929.
7926.
7921.
7918.
7915.
7912.
7909.
7906.
7903.
7901.
7898.
7896.
7895.
7893.
7891.
7889.
7888.
7888.
7886.
7885.
7884.
7884.
7884.
7883.
7883.
7883.
7883.
7884.
7883.
7883.
7883.
7884.
7885.
7886.
7886.
7886.
7887.
7889.
7890.
7890.
7892.
7894.
7895.
7897.
7899.
7900.
7904.
7905.
7907.
7910.
7913.
7915.
7917.
7921.
7924.
7927.
7931.
7935.
7939.
7943.
7947.
7951.
7955.
7960.
7965.
7969.
7975.
7978.
7985.
7990.
7995.
8001.
8006.
8012.
8017.
8024.
8030.
8036.
8042.
8049.
8056.
8063.
8071.
8078.
8085.
8090.
8095.
8095.
8090.
8082.
8073.
8064.
8055.
8049.
8044.
8041.
8038.
8037.
8036.
8036.
8034.
8035.
8035.
8032.
8031.
8031.
8029.
8027.
8026.
8024.
8021.
8018.
8015.
8011.
8008.
8003.
7999.
7995.
7990.
7986.
7982.
7976.
7973.
7967.
7962.
7957.
7951.
7945.
7939.
7934.
7927.
7921.
7916.
7909.
7902.
7894.
7889.
7883.
7875.
7868.
7861.
7856.
7847.
7842.
7834.
7827.
7819.
7814.
7807.
7799.
7792.
7784.
7778.
7770.
7764.
7756.
7750.
7743.
7735.
7729.
7722.
7714.
7709.
7703.
7698.
7696.
7697.
7700.
7703.
7709.
7714.
7719.
7723.
7726.
7730.
7732.
7733.
7735.
7735.
7736.
7738.
7739.
7741.
7742.
7744.
7747.
7750.
7753.
7757.
7760.
7764.
7769.
7774.
7779.
7786.
7793.
7800.
7807.
7816.
7824.
7833.
7842.
7853.
7862.
7873.
7883.
7894.
7906.
7917.
7929.
7940.
7953.
7966.
7979.
7991.
8003.
8019.
8031.
8045.
8056.
8070.
8083.
8096.
8110.
8123.
8135.
8147.
8160.
8171.
8183.
8192.
8203.
8213.
8221.
8229.
8235.
8242.
8248.
8254.
8257.
8260.
8263.
8265.
8266.
8267.
8267.
8264.
8256.
8246.
8235.
8224.
8213.
8205.
8197.
8189.
8184.
8178.
8173.
8167.
8162.
8157.
8152.
8146.
8142.
8137.
8132.
8125.
8119.
8115.
8109.
8104.
8097.
8093.
8086.
8081.
8077.
8071.
8066.
8060.
8054.
8048.
8044.
8038.
8034.
8028.
8023.
8018.
8013.
8008.
8002.
7997.
7992.
7988.
7982.
7976.
7970.
7965.
7961.
7955.
7949.
7945.
7940.
7935.
7930.
7924.
7919.
7913.
7907.
7904.
7899.
7895.
7888.
7883.
7879.
7875.
7868.
7863.
7858.
7853.
7848.
7844.
7840.
7836.
7830.
7825.
7820.
7816.
7811.
7807.
7802.
7797.
7792.
7788.
7784.
7777.
7771.
7765.
7761.
7755.
7749.
7744.
7737.
7731.
7724.
7718.
7710.
7704.
7696.
7690.
7683.
7676.
7671.
7666.
7660.
7654.
7650.
7645.
7644.
7643.
7643.
7646.
7651.
7655.
7661.
7667.
7674.
7680.
7687.
7695.
7702.
7709.
7717.
7725.
7731.
7738.
7743.
7750.
7757.
7763.
7769.
7773.
7778.
7783.
7788.
7792.
7797.
7802.
7805.
7810.
7817.
7822.
7828.
7834.
7839.
7844.
7850.
7853.
7860.
7865.
7871.
7876.
7882.
7889.
7897.
7905.
7912.
7918.
7926.
7932.
7940.
7947.
7955.
7962.
7969.
7977.
7983.
7992.
7998.
8007.
8013.
8020.
8026.
8033.
8040.
8046.
8052.
8057.
8062.
8067.
8071.
8076.
8079.
8082.
8085.
8088.
8089.
8092.
8094.
8094.
8096.
8097.
8097.
8097.
8095.
8094.
8093.
8093.
8091.
8090.
8087.
8085.
8084.
8080.
8078.
8074.
8071.
8068.
8066.
8064.
8059.
8056.
8052.
8049.
8046.
8042.
8038.
8035.
8030.
8027.
8023.
8019.
8015.
8010.
8006.
8002.
7998.
7994.
7990.
7984.
7979.
7976.
7972.
7967.
7964.
7960.
7955.
7949.
7945.
7940.
7936.
7932.
7926.
7920.
7917.
7911.
7905.
7900.
7894.
7890.
7884.
7879.
7873.
7866.
7861.
7855.
7850.
7844.
7840.
7832.
7827.
7821.
7816.
7816.
7817.
7821.
7826.
7834.
7840.
7848.
7853.
7858.
7863.
7868.
7870.
7872.
7874.
7875.
7876.
7877.
7879.
7881.
7883.
7885.
7887.
7887.
7889.
7891.
7894.
7896.
7898.
7899.
7901.
7904.
7906.
7908.
7910.
7913.
7916.
7918.
7921.
7925.
7928.
7930.
7933.
7935.
7938.
7941.
7945.
7950.
7953.
7956.
7961.
7966.
7969.
7973.
7979.
7983.
7988.
7992.
7997.
8003.
8007.
8013.
8020.
8026.
8031.
8037.
8042.
8048.
8052.
8056.
8057.
8056.
8050.
8044.
8034.
8024.
8016.
8011.
8008.
8004.
8001.
7999.
7998.
7998.
7998.
7998.
7999.
8001.
7999.
7998.
7999.
8000.
7998.
7998.
7997.
7997.
7996.
7996.
7993.
7994.
7992.
7991.
7989.
7988.
7986.
7984.
7983.
7981.
7979.
7977.
7975.
7974.
7971.
7968.
7967.
7965.
7964.
7962.
7961.
7960.
7959.
7959.
7957.
7957.
7956.
7957.
7955.
7957.
7956.
7957.
7957.
7958.
7959.
7960.
7962.
7963.
7964.
7965.
7968.
7971.
7971.
7973.
7975.
7978.
7982.
7985.
7988.
7992.
7995.
7999.
8003.
8007.
8013.
8015.
8021.
8026.
8030.
8035.
8040.
8046.
8052.
8056.
8063.
8068.
8073.
8079.
8084.
8092.
8098.
8104.
8110.
8116.
8123.
8128.
8132.
8136.
8137.
8134.
8128.
8122.
8115.
8111.
8105.
8103.
8101.
8101.
8101.
8100.
8105.
8101.
8100.
8100.
8099.
8099.
8098.
8096.
8095.
8094.
8092.
8089.
8086.
8084.
8081.
8078.
8074.
8071.
8067.
8064.
8060.
8056.
8050.
8046.
8040.
8036.
8029.
8026.
8020.
8017.
8010.
8006.
8002.
7997.
7994.
7989.
7985.
7983.
7979.
7977.
7976.
7973.
7971.
7969.
7969.
7969.
7970.
7971.
7970.
7972.
7973.
7976.
7979.
7981.
7985.
7988.
7991.
7996.
8000.
8003.
8008.
8013.
8018.
8023.
8027.
8033.
8036.
8043.
8048.
8053.
8059.
8064.
8068.
8075.
8081.
8085.
8092.
8098.
8104.
8110.
8113.
8115.
8115.
8113.
8110.
8106.
8104.
8104.
8104.
8106.
8108.
8110.
8112.
8113.
8113.
8113.
8114.
8114.
8112.
8112.
8111.
8110.
8109.
8107.
8105.
8102.
8100.
8098.
8095.
8091.
8089.
8085.
8082.
8080.
8075.
8071.
8067.
8063.
8058.
8055.
8051.
8045.
8040.
8035.
8030.
8026.
8020.
8013.
8009.
8002.
7997.
7992.
7987.
7981.
7975.
7968.
7963.
7957.
7951.
7946.
7940.
7933.
7926.
7921.
7913.
7908.
7903.
7897.
7891.
7887.
7885.
7886.
7888.
7893.
7900.
7905.
7911.
7918.
7922.
7926.
7930.
7932.
7935.
7937.
7936.
7936.
7934.
7932.
7929.
7928.
7925.
7923.
7921.
7920.
7917.
7915.
7912.
7910.
7908.
7906.
7903.
7901.
7898.
7896.
7894.
7890.
7888.
7887.
7884.
7881.
7880.
7875.
7875.
7873.
7870.
7868.
7866.
7865.
7862.
7860.
7859.
7857.
7855.
7855.
7853.
7853.
7852.
7851.
7851.
7851.
7851.
7854.
7854.
7854.
7856.
7857.
7860.
7862.
7867.
7869.
7873.
7878.
7882.
7887.
7891.
7896.
7903.
7909.
7915.
7923.
7930.
7936.
7944.
7952.
7960.
7968.
7976.
7986.
7996.
8005.
8015.
8026.
8035.
8046.
8056.
8068.
8078.
8091.
8101.
8113.
8124.
8134.
8146.
8158.
8169.
8179.
8188.
8198.
8207.
8216.
8224.
8231.
8239.
8244.
8249.
8253.
8258.
8262.
8265.
8267.
8269.
8269.
8271.
8272.
8272.
8272.
8272.
8270.
8269.
8266.
8266.
8264.
8261.
8257.
8254.
8253.
8251.
8247.
8243.
8240.
8236.
8233.
8229.
8227.
8224.
8219.
8215.
8211.
8207.
8203.
8199.
8195.
8192.
8187.
8184.
8180.
8176.
8172.
8168.
8163.
8159.
8156.
8152.
8148.
8145.
8141.
8138.
8133.
8132.
8128.
8125.
8122.
8120.
8117.
8114.
8112.
8108.
8105.
8101.
8100.
8097.
8093.
8092.
8090.
8088.
8086.
8085.
8083.
8081.
8081.
8078.
8078.
8077.
8077.
8077.
8076.
8075.
8075.
8075.
8075.
8076.
8078.
8077.
8079.
8082.
8083.
8084.
8086.
8089.
8092.
8094.
8097.
8102.
8104.
8110.
8113.
8117.
8122.
8128.
8133.
8140.
8147.
8153.
8160.
8168.
8175.
8183.
8191.
8200.
8209.
8218.
8228.
8236.
8245.
8253.
8257.
8255.
8250.
8242.
8234.
8227.
8220.
8214.
8210.
8205.
8203.
8201.
8198.
8198.
8197.
8196.
8194.
8192.
8189.
8186.
8184.
8180.
8177.
8174.
8170.
8166.
8161.
8158.
8153.
8148.
8145.
8140.
8136.
8131.
8125.
8122.
8117.
8113.
8108.
8103.
8097.
8092.
8087.
8082.
8075.
8070.
8065.
8061.
8055.
8050.
8045.
8041.
8035.
8028.
8025.
8019.
8016.
8009.
8004.
8000.
7996.
7990.
7985.
7982.
7977.
7972.
7969.
7965.
7960.
7955.
7951.
7949.
7944.
7941.
7938.
7935.
7931.
7927.
7925.
7921.
7918.
7916.
7914.
7911.
7909.
7906.
7905.
7902.
7900.
7900.
7899.
7896.
7896.
7894.
7894.
7891.
7892.
7890.
7890.
7890.
7890.
7890.
7890.
7888.
7889.
7889.
7890.
7890.
7891.
7892.
7893.
7893.
7895.
7895.
7897.
7898.
7899.
7900.
7902.
7905.
7906.
7907.
7909.
7911.
7912.
7914.
7917.
7918.
7920.
7924.
7926.
7927.
7929.
7933.
7934.
7937.
7939.
7941.
7943.
7946.
7948.
7951.
7953.
7953.
7957.
7960.
7962.
7965.
7966.
7969.
7972.
7974.
7975.
7978.
7980.
7982.
7984.
7986.
7987.
7989.
7991.
7993.
7994.
7997.
7997.
7999.
7999.
8001.
8002.
8004.
8005.
8006.
8006.
8006.
8007.
8008.
8010.
8009.
8011.
8011.
8012.
8012.
8013.
8013.
8012.
8014.
8015.
8014.
8014.
8015.
8014.
8014.
8014.
8013.
8013.
8012.
8012.
8012.
8010.
8008.
8007.
8006.
8004.
8002.
8001.
7999.
7997.
7994.
7992.
7989.
7987.
7984.
7982.
7979.
7975.
7971.
7967.
7964.
7961.
7956.
7952.
7948.
7943.
7940.
7935.
7929.
7925.
7921.
7916.
7911.
7906.
7901.
7896.
7892.
7887.
7881.
7875.
7871.
7866.
7861.
7856.
7851.
7845.
7841.
7837.
7833.
7828.
7824.
7821.
7819.
7817.
7815.
7813.
7812.
7811.
7811.
7811.
7811.
7812.
7813.
7815.
7817.
7819.
7820.
7823.
7826.
7830.
7832.
7836.
7841.
7845.
7848.
7853.
7857.
7863.
7867.
7873.
7878.
7884.
7889.
7895.
7901.
7907.
7913.
7919.
7926.
7931.
7938.
7944.
7953.
7959.
7966.
7973.
7979.
7986.
7993.
8000.
8008.
8015.
8022.
8030.
8037.
8046.
8053.
8062.
8069.
8076.
8083.
8087.
8090.
8086.
8083.
8077.
8073.
8070.
8068.
8066.
8066.
8068.
8069.
8070.
8072.
8072.
8075.
8076.
8077.
8079.
8081.
8081.
8081.
8082.
8083.
8084.
8085.
8085.
8084.
8084.
8084.
8085.
8083.
8083.
8083.
8083.
8082.
8082.
8082.
8081.
8080.
8081.
8081.
8080.
8079.
8080.
8081.
8082.
8082.
8083.
8084.
8085.
8087.
8088.
8090.
8092.
8095.
8098.
8101.
8105.
8108.
8111.
8115.
8121.
8124.
8129.
8133.
8138.
8143.
8148.
8153.
8157.
8160.
8160.
8156.
8153.
8145.
8138.
8133.
8127.
8120.
8114.
8112.
8107.
8103.
8099.
8097.
8095.
8093.
8091.
8087.
8085.
8083.
8079.
8076.
8073.
8070.
8067.
8064.
8058.
8054.
8050.
8047.
8041.
8036.
8032.
8027.
8022.
8018.
8014.
8009.
8004.
7997.
7993.
7987.
7983.
7978.
7974.
7970.
7966.
7963.
7960.
7956.
7955.
7951.
7949.
7948.
7948.
7947.
7946.
7946.
7946.
7947.
7948.
7951.
7953.
7955.
7957.
7959.
7962.
7966.
7969.
7974.
7977.
7981.
7986.
7991.
7995.
7999.
8004.
8009.
8015.
8019.
8024.
8030.
8035.
8040.
8047.
8053.
8057.
8063.
8070.
8075.
8081.
8088.
8094.
8099.
8106.
8112.
8119.
8125.
8131.
8137.
8145.
8152.
8156.
8164.
8170.
8176.
8185.
8190.
8197.
8203.
8210.
8216.
8222.
8229.
8236.
8243.
8249.
8256.
8261.
8268.
8271.
8273.
8271.
8267.
8261.
8254.
8246.
8241.
8237.
8232.
8229.
8226.
8223.
8220.
8219.
8218.
8215.
8213.
8213.
8210.
8208.
8204.
8202.
8199.
8194.
8191.
8187.
8184.
8179.
8175.
8172.
8168.
8165.
8161.
8157.
8153.
8149.
8145.
8143.
8140.
8135.
8131.
8127.
8122.
8120.
8115.
8110.
8106.
8103.
8099.
8095.
8092.
8089.
8085.
8083.
8081.
8078.
8075.
8072.
8070.
8067.
8064.
8062.
8059.
8056.
8054.
8049.
8047.
8043.
8040.
8037.
8034.
8028.
8024.
8021.
8016.
8010.
8005.
8001.
7996.
7993.
7990.
7989.
7992.
7997.
8002.
8010.
8015.
8021.
8026.
8028.
8031.
8032.
8033.
8035.
8035.
8036.
8033.
8031.
8029.
8029.
8027.
8026.
8025.
8024.
8021.
8020.
8018.
8018.
8016.
8015.
8014.
8014.
8014.
8012.
8012.
8010.
8009.
8009.
8010.
8010.
8011.
8012.
8011.
8012.
8014.
8017.
8018.
8020.
8023.
8027.
8030.
8034.
8039.
8043.
8048.
8055.
8060.
8067.
8073.
8081.
8089.
8097.
8106.
8116.
8126.
8136.
8146.
8157.
8168.
8179.
8191.
8202.
8214.
8227.
8238.
8251.
8264.
8276.
8286.
8292.
8292.
8286.
8275.
8263.
8253.
8245.
8234.
8226.
8218.
8213.
8208.
8203.
8200.
8196.
8191.
8188.
8183.
8178.
8174.
8169.
8164.
8159.
8154.
8148.
8144.
8139.
8134.
8130.
8124.
8118.
8113.
8108.
8102.
8096.
8091.
8085.
8081.
8076.
8069.
8064.
8060.
8054.
8048.
8044.
8039.
8033.
8027.
8023.
8018.
8013.
8008.
8003.
7999.
7993.
7989.
7985.
7981.
7976.
7971.
7967.
7962.
7959.
7954.
7950.
7947.
7942.
7939.
7934.
7931.
7928.
7925.
7921.
7920.
7916.
7913.
7912.
7909.
7908.
7906.
7903.
7903.
7903.
7902.
7901.
7900.
7902.
7901.
7903.
7904.
7906.
7908.
7910.
7912.
7916.
7920.
7925.
7929.
7933.
7939.
7945.
7951.
7958.
7965.
7972.
7980.
7989.
7998.
8006.
8016.
8026.
8036.
8047.
8057.
8066.
8079.
8089.
8099.
8112.
8122.
8133.
8143.
8153.
8163.
8174.
8182.
8192.
8201.
8210.
8217.
8225.
8232.
8237.
8242.
8248.
8253.
8257.
8259.
8261.
8263.
8263.
8263.
8263.
8261.
8261.
8259.
8257.
8254.
8251.
8246.
8242.
8239.
8233.
8230.
8225.
8219.
8215.
8210.
8203.
8198.
8193.
8187.
8182.
8176.
8171.
8165.
8159.
8152.
8147.
8142.
8136.
8129.
8125.
8119.
8113.
8106.
8102.
8096.
8090.
8084.
8078.
8073.
8068.
8062.
8057.
8052.
8045.
8041.
8035.
8030.
8024.
8018.
8013.
8007.
8001.
7997.
7991.
7986.
7979.
7975.
7970.
7964.
7958.
7954.
7948.
7943.
7938.
7932.
7927.
7921.
7916.
7912.
7906.
7902.
7896.
7891.
7887.
7883.
7876.
7872.
7866.
7861.
7856.
7851.
7847.
7842.
7834.
7829.
7823.
7820.
7813.
7808.
7802.
7798.
7792.
7786.
7780.
7774.
7770.
7763.
7758.
7750.
7742.
7734.
7727.
7719.
7711.
7701.
7692.
7688.
7685.
7684.
7685.
7689.
7692.
7697.
7702.
7709.
7713.
7717.