8061.
8062.
8059.
8056.
8053.
8051.
8052.
8052.
8054.
8056.
8057.
8060.
8062.
8063.
8064.
8065.
8067.
8066.
8067.
8068.
8069.
8069.
8069.
8069.
8069.
8069.
8069.
8069.
8067.
8066.
8066.
8065.
8064.
8062.
8062.
8059.
8059.
8056.
8055.
8054.
8052.
8049.
8047.
8045.
8043.
8039.
8036.
8036.
8032.
8029.
8026.
8024.
8021.
8018.
8015.
8012.
8009.
8004.
8002.
7999.
7997.
7993.
7990.
7985.
7982.
7979.
7975.
7972.
7968.
7964.
7960.
7957.
7952.
7948.
7945.
7943.
7939.
7935.
7930.
7927.
7924.
7919.
7914.
7912.
7910.
7905.
7901.
7897.
7894.
7890.
7887.
7884.
7882.
7881.
7883.
7887.
7890.
7897.
7903.
7909.
7911.
7914.
7917.
7920.
7921.
7922.
7922.
7922.
7922.
7922.
7923.
7923.
7921.
7921.
7921.
7921.
7922.
7922.
7924.
7924.
7924.
7924.
7925.
7925.
7925.
7927.
7927.
7928.
7930.
7931.
7932.
7934.
7936.
7938.
7938.
7940.
7943.
7945.
7948.
7950.
7953.
7954.
7958.
7960.
7963.
7966.
7969.
7971.
7977.
7981.
7984.
7988.
7991.
7995.
7998.
8002.
8009.
8013.
8017.
8021.
8026.
8032.
8036.
8042.
8046.
8048.
8051.
8051.
8051.
8048.
8044.
8042.
8041.
8038.
8042.
8046.
8048.
8051.
8053.
8054.
8055.
8057.
8058.
8060.
8058.
8059.
8063.
8064.
8065.
8064.
8065.
8065.
8064.
8063.
8064.
8063.
8064.
8064.
8062.
8061.
8061.
8059.
8058.
8056.
8056.
8053.
8052.
8051.
8048.
8045.
8044.
8041.
8039.
8037.
8035.
8033.
8029.
8027.
8026.
8022.
8020.
8017.
8015.
8012.
8010.
8007.
8004.
8001.
8000.
7996.
7995.
7990.
7988.
7986.
7983.
7980.
7978.
7975.
7972.
7969.
7967.
7965.
7962.
7959.
7956.
7954.
7951.
7949.
7946.
7943.
7941.
7939.
7937.
7935.
7932.
7931.
7929.
7927.
7926.
7927.
7925.
7925.
7925.
7925.
7927.
7927.
7928.
7930.
7932.
7932.
7936.
7938.
7941.
7943.
7948.
7951.
7955.
7958.
7963.
7968.
7972.
7976.
7983.
7987.
7993.
7998.
8004.
8010.
8015.
8021.
8027.
8033.
8037.
8039.
8034.
8034.
8029.
8024.
8017.
8011.
8003.
7999.
7994.
7988.
7982.
7978.
7973.
7970.
7968.
7967.
7968.
7968.
7969.
7970.
7969.
7970.
7971.
7973.
7973.
7973.
7973.
7974.
7974.
7976.
7976.
7977.
7977.
7976.
7978.
7980.
7979.
7981.
7981.
7981.
7983.
7984.
7985.
7986.
7989.
7991.
7993.
7995.
7998.
7999.
8003.
8006.
8008.
8012.
8015.
8018.
8022.
8026.
8030.
8034.
8036.
8041.
8046.
8049.
8054.
8056.
8060.
8063.
8070.
8073.
8078.
8080.
8084.
8089.
8093.
8096.
8099.
8102.
8107.
8109.
8113.
8116.
8121.
8126.
8129.
8132.
8136.
8140.
8143.
8147.
8152.
8157.
8161.
8165.
8170.
8174.
8179.
8183.
8189.
8194.
8198.
8204.
8210.
8215.
8222.
8228.
8233.
8241.
8248.
8254.
8261.
8269.
8275.
8283.
8291.
8299.
8306.
8315.
8323.
8331.
8340.
8347.
8356.
8365.
8373.
8381.
8389.
8397.
8404.
8410.
8416.
8423.
8428.
8432.
8436.
8441.
8442.
8445.
8446.
8444.
8438.
8426.
8406.
8381.
8357.
8333.
8311.
8290.
8271.
8254.
8239.
8225.
8213.
8202.
8191.
8181.
8171.
8160.
8149.
8140.
8129.
8118.
8109.
8099.
8089.
8080.
8069.
8060.
8051.
8042.
8034.
8023.
8014.
8007.
7998.
7991.
7982.
7975.
7966.
7958.
7950.
7942.
7935.
7927.
7920.
7913.
7906.
7900.
7892.
7885.
7879.
7874.
7867.
7861.
7856.
7851.
7845.
7841.
7838.
7833.
7829.
7825.
7823.
7820.
7817.
7814.
7812.
7810.
7808.
7808.
7806.
7805.
7806.
7806.
7806.
7807.
7807.
7810.
7813.
7814.
7818.
7820.
7823.
7826.
7831.
7835.
7838.
7843.
7847.
7851.
7857.
7860.
7867.
7872.
7877.
7883.
7888.
7893.
7899.
7904.
7909.
7916.
7922.
7926.
7932.
7937.
7943.
7947.
7952.
7958.
7962.
7968.
7972.
7976.
7982.
7986.
7990.
7994.
7998.
8000.
8004.
8008.
8010.
8013.
8016.
8019.
8020.
8023.
8024.
8026.
8026.
8028.
8029.
8031.
8033.
8034.
8033.
8033.
8033.
8034.
8035.
8033.
8034.
8033.
8034.
8034.
8033.
8032.
8032.
8031.
8030.
8030.
8029.
8028.
8029.
8029.
8029.
8028.
8030.
8030.
8032.
8033.
8035.
8037.
8040.
8042.
8046.
8050.
8054.
8058.
8064.
8069.
8075.
8081.
8089.
8095.
8103.
8110.
8115.
8119.
8119.
8114.
8106.
8097.
8083.
8069.
8053.
8039.
8025.
8010.
7998.
7985.
7972.
7963.
7955.
7949.
7947.
7947.
7947.
7948.
7950.
7951.
7953.
7955.
7958.
7961.
7964.
7966.
7969.
7973.
7977.
7981.
7984.
7988.
7993.
7997.
8001.
8007.
8012.
8018.
8023.
8028.
8033.
8039.
8046.
8053.
8059.
8066.
8072.
8080.
8086.
8094.
8102.
8108.
8117.
8124.
8132.
8140.
8147.
8154.
8162.
8170.
8177.
8185.
8193.
8201.
8207.
8214.
8222.
8227.
8232.
8234.
8233.
8228.
8220.
8211.
8201.
8190.
8180.
8171.
8162.
8154.
8150.
8145.
8141.
8138.
8134.
8129.
8123.
8118.
8114.
8108.
8101.
8095.
8088.
8082.
8075.
8069.
8062.
8056.
8048.
8040.
8033.
8027.
8018.
8011.
8003.
7996.
7988.
7980.
7970.
7962.
7952.
7944.
7935.
7927.
7917.
7909.
7900.
7890.
7881.
7871.
7862.
7851.
7844.
7840.
7838.
7838.
7845.
7852.
7862.
7873.
7881.
7888.
7894.
7901.
7909.
7920.
7927.
7933.
7936.
7935.
7935.
7934.
7932.
7928.
7926.
7921.
7920.
7917.
7915.
7911.
7907.
7904.
7902.
7900.
7896.
7893.
7890.
7887.
7884.
7882.
7881.
7880.
7878.
7878.
7876.
7876.
7876.
7878.
7878.
7880.
7881.
7885.
7888.
7891.
7896.
7902.
7905.
7909.
7916.
7922.
7929.
7936.
7942.
7949.
7956.
7963.
7971.
7981.
7988.
7996.
8005.
8012.
8021.
8027.
8035.
8042.
8049.
8056.
8065.
8070.
8075.
8080.
8085.
8089.
8095.
8098.
8101.
8102.
8103.
8103.
8104.
8104.
8104.
8103.
8102.
8100.
8097.
8093.
8089.
8086.
8082.
8077.
8073.
8067.
8063.
8057.
8052.
8045.
8041.
8035.
8030.
8024.
8019.
8012.
8006.
8001.
7996.
7990.
7985.
7977.
7973.
7967.
7960.
7954.
7950.
7944.
7937.
7932.
7927.
7921.
7916.
7909.
7904.
7897.
7892.
7887.
7882.
7876.
7870.
7866.
7860.
7854.
7849.
7843.
7839.
7832.
7827.
7821.
7816.
7812.
7807.
7800.
7795.
7790.
7784.
7779.
7774.
7769.
7762.
7755.
7751.
7745.
7740.
7733.
7727.
7721.
7715.
7710.
7704.
7698.
7694.
7687.
7681.
7675.
7669.
7664.
7659.
7653.
7647.
7642.
7637.
7631.
7627.
7621.
7617.
7612.
7607.
7602.
7597.
7593.
7589.
7585.
7584.
7580.
7579.
7577.
7575.
7574.
7573.
7572.
7572.
7571.
7571.
7570.
7571.
7572.
7573.
7575.
7578.
7579.
7581.
7584.
7587.
7590.
7593.
7598.
7603.
7609.
7616.
7621.
7628.
7637.
7645.
7654.
7661.
7671.
7678.
7687.
7694.
7700.
7705.
7709.
7715.
7717.
7720.
7721.
7721.
7721.
7720.
7720.
7719.
7718.
7719.
7721.
7724.
7727.
7731.
7733.
7736.
7739.
7741.
7744.
7748.
7751.
7756.
7761.
7766.
7772.
7778.
7783.
7788.
7793.
7800.
7805.
7813.
7819.
7826.
7831.
7839.
7844.
7852.
7858.
7865.
7872.
7879.
7885.
7892.
7900.
7906.
7913.
7919.
7925.
7932.
7939.
7946.
7953.
7959.
7966.
7972.
7977.
7985.
7991.
7998.
8004.
8011.
8017.
8022.
8028.
8035.
8042.
8047.
8051.
8056.
8061.
8066.
8072.
8076.
8082.
8086.
8091.
8095.
8100.
8105.
8109.
8113.
8117.
8121.
8124.
8129.
8134.
8137.
8141.
8146.
8149.
8153.
8157.
8163.
8167.
8171.
8176.
8179.
8184.
8190.
8195.
8200.
8207.
8213.
8219.
8225.
8231.
8237.
8245.
8252.
8259.
8266.
8273.
8281.
8289.
8296.
8303.
8311.
8319.
8326.
8335.
8342.
8349.
8358.
8365.
8371.
8378.
8385.
8390.
8395.
8398.
8404.
8409.
8411.
8414.
8417.
8419.
8421.
8421.
8421.
8420.
8419.
8418.
8417.
8415.
8412.
8409.
8406.
8403.
8401.
8397.
8394.
8391.
8387.
8383.
8380.
8375.
8371.
8367.
8363.
8359.
8354.
8351.
8346.
8343.
8340.
8334.
8331.
8327.
8322.
8318.
8314.
8311.
8308.
8306.
8302.
8299.
8295.
8293.
8290.
8287.
8285.
8284.
8282.
8281.
8279.
8278.
8279.
8278.
8279.
8279.
8280.
8281.
8283.
8285.
8289.
8291.
8293.
8296.
8300.
8304.
8309.
8315.
8320.
8325.
8333.
8339.
8347.
8354.
8360.
8369.
8377.
8387.
8397.
8404.
8413.
8423.
8433.
8442.
8451.
8460.
8465.
8467.
8461.
8446.
8429.
8407.
8387.
8366.
8348.
8331.
8314.
8300.
8289.
8279.
8271.
8265.
8263.
8259.
8256.
8252.
8249.
8245.
8243.
8239.
8234.
8230.
8225.
8221.
8216.
8212.
8208.
8203.
8200.
8194.
8189.
8185.
8180.
8176.
8170.
8166.
8160.
8156.
8151.
8144.
8139.
8134.
8129.
8125.
8119.
8115.
8109.
8102.
8098.
8092.
8085.
8080.
8073.
8068.
8061.
8055.
8049.
8042.
8036.
8029.
8024.
8017.
8010.
8002.
7996.
7989.
7982.
7976.
7969.
7963.
7958.
7954.
7947.
7943.
7939.
7936.
7933.
7930.
7927.
7925.
7923.
7923.
7923.
7923.
7923.
7925.
7927.
7928.
7932.
7935.
7940.
7944.
7948.
7954.
7957.
7962.
7969.
7975.
7980.
7987.
7992.
7999.
8006.
8014.
8020.
8027.
8034.
8041.
8050.
8057.
8065.
8072.
8080.
8087.
8096.
8104.
8110.
8115.
8117.
8117.
8112.
8104.
8092.
8082.
8069.
8056.
8044.
8031.
8021.
8010.
8001.
7993.
7988.
7986.
7984.
7982.
7979.
7979.
7977.
7975.
7972.
7970.
7968.
7965.
7963.
7960.
7957.
7955.
7953.
7949.
7945.
7942.
7940.
7936.
7935.
7930.
7928.
7926.
7923.
7920.
7918.
7916.
7914.
7912.
7912.
7910.
7909.
7909.
7907.
7907.
7907.
7907.
7907.
7908.
7908.
7909.
7910.
7910.
7912.
7913.
7914.
7916.
7917.
7919.
7919.
7921.
7922.
7924.
7926.
7927.
7927.
7929.
7931.
7931.
7932.
7932.
7934.
7934.
7935.
7935.
7936.
7936.
7937.
7935.
7936.
7937.
7936.
7937.
7936.
7937.
7937.
7935.
7936.
7936.
7937.
7938.
7937.
7938.
7939.
7939.
7939.
7941.
7942.
7944.
7946.
7948.
7951.
7952.
7955.
7958.
7962.
7965.
7968.
7973.
7978.
7982.
7987.
7992.
7998.
8006.
8012.
8019.
8026.
8033.
8041.
8048.
8055.
8065.
8076.
8085.
8096.
8105.
8116.
8126.
8137.
8148.
8159.
8171.
8181.
8193.
8203.
8214.
8225.
8235.
8243.
8252.
8260.
8269.
8276.
8282.
8286.
8291.
8294.
8298.
8300.
8303.
8303.
8303.
8302.
8301.
8300.
8297.
8295.
8291.
8288.
8284.
8280.
8275.
8270.
8265.
8261.
8256.
8250.
8244.
8240.
8233.
8228.
8222.
8216.
8211.
8206.
8200.
8194.
8187.
8182.
8179.
8171.
8164.
8160.
8154.
8148.
8143.
8137.
8131.
8126.
8118.
8115.
8109.
8105.
8100.
8095.
8091.
8087.
8081.
8078.
8074.
8071.
8065.
8062.
8058.
8056.
8052.
8049.
8045.
8042.
8038.
8036.
8033.
8030.
8027.
8025.
8022.
8019.
8017.
8015.
8013.
8010.
8008.
8007.
8005.
8002.
8000.
7998.
7996.
7996.
7992.
7989.
7987.
7986.
7983.
7981.
7979.
7977.
7974.
7972.
7969.
7966.
7963.
7959.
7957.
7954.
7950.
7948.
7945.
7941.
7937.
7933.
7930.
7925.
7920.
7915.
7911.
7906.
7902.
7898.
7893.
7886.
7880.
7876.
7869.
7862.
7856.
7847.
7839.
7832.
7824.
7817.
7809.
7802.
7796.
7790.
7783.
7778.
7774.
7768.
7763.
7757.
7753.
7751.
7749.
7751.
7753.
7758.
7763.
7769.
7777.
7784.
7789.
7795.
7799.
7805.
7812.
7818.
7823.
7827.
7831.
7835.
7837.
7843.
7845.
7847.
7848.
7851.
7854.
7858.
7859.
7861.
7861.
7861.
7861.
7860.
7859.
7856.
7856.
7857.
7857.
7857.
7858.
7859.
7861.
7862.
7864.
7868.
7871.
7875.
7880.
7885.
7890.
7894.
7900.
7906.
7911.
7917.
7923.
7928.
7934.
7941.
7947.
7953.
7960.
7967.
7974.
7978.
7982.
7984.
7981.
7978.
7972.
7963.
7955.
7946.
7939.
7932.
7927.
7924.
7925.
7925.
7924.
7925.
7926.
7927.
7928.
7928.
7928.
7929.
7930.
7929.
7928.
7928.
7929.
7928.
7927.
7926.
7926.
7924.
7925.
7924.
7922.
7921.
7921.
7920.
7919.
7917.
7916.
7917.
7916.
7915.
7915.
7913.
7913.
7914.
7913.
7914.
7913.
7912.
7914.
7914.
7913.
7915.
7915.
7914.
7914.
7915.
7916.
7916.
7916.
7915.
7916.
7916.
7916.
7917.
7916.
7916.
7916.
7915.
7914.
7914.
7914.
7912.
7912.
7911.
7909.
7908.
7907.
7906.
7904.
7901.
7899.
7897.
7894.
7890.
7888.
7885.
7882.
7879.
7873.
7871.
7866.
7863.
7858.
7853.
7848.
7843.
7838.
7834.
7827.
7821.
7816.
7810.
7804.
7797.
7791.
7784.
7777.
7771.
7764.
7760.
7756.
7754.
7757.
7761.
7766.
7773.
7780.
7787.
7793.
7798.
7802.
7805.
7806.
7808.
7810.
7809.
7808.
7807.
7804.
7801.
7799.
7797.
7796.
7794.
7792.
7792.
7788.
7789.
7787.
7786.
7786.
7787.
7787.
7786.
7786.
7788.
7790.
7792.
7794.
7796.
7798.
7803.
7807.
7810.
7813.
7818.
7823.
7828.
7833.
7840.
7847.
7853.
7861.
7867.
7874.
7880.
7888.
7895.
7902.
7911.
7919.
7925.
7934.
7940.
7948.
7955.
7961.
7968.
7976.
7983.
7989.
7996.
8000.
8004.
8008.
8012.
8015.
8018.
8021.
8022.
8022.
8023.
8024.
8022.
8020.
8019.
8017.
8014.
8012.
8009.
8006.
8002.
7999.
7994.
7992.
7987.
7982.
7977.
7973.
7968.
7963.
7958.
7952.
7948.
7942.
7939.
7932.
7927.
7923.
7917.
7912.
7908.
7903.
7897.
7892.
7887.
7881.
7877.
7873.
7867.
7862.
7859.
7854.
7849.
7845.
7840.
7835.
7830.
7825.
7821.
7817.
7812.
7808.
7804.
7798.
7794.
7789.
7784.
7780.
7775.
7770.
7765.
7760.
7755.
7750.
7745.
7740.
7736.
7730.
7727.
7719.
7715.
7710.
7705.
7700.
7695.
7689.
7685.
7679.
7674.
7668.
7663.
7658.
7654.
7648.
7644.
7639.
7634.
7629.
7624.
7619.
7615.
7611.
7606.
7602.
7599.
7596.
7593.
7588.
7585.
7583.
7579.
7577.
7573.
7571.
7566.
7565.
7563.
7562.
7561.
7559.
7558.
7558.
7558.
7559.
7560.
7562.
7564.
7568.
7570.
7574.
7576.
7581.
7588.
7595.
7603.
7610.
7619.
7628.
7638.
7647.
7657.
7667.
7675.
7684.
7692.
7699.
7704.
7710.
7715.
7720.
7724.
7731.
7735.
7740.
7742.
7744.
7745.
7746.
7748.
7749.
7751.
7752.
7754.
7757.
7758.
7760.
7764.
7767.
7769.
7772.
7775.
7779.
7783.
7787.
7792.
7795.
7800.
7807.
7812.
7817.
7823.
7827.
7833.
7840.
7845.
7852.
7857.
7863.
7870.
7876.
7883.
7891.
7897.
7903.
7910.
7917.
7925.
7932.
7939.
7945.
7954.
7961.
7967.
7975.
7982.
7989.
7996.
8004.
8010.
8016.
8023.
8028.
8031.
8032.
8031.
8028.
8025.
8022.
8021.
8023.
8025.
8026.
8029.
8031.
8031.
8033.
8033.
8033.
8033.
8034.
8034.
8033.
8032.
8031.
8027.
8024.
8022.
8020.
8017.
8014.
8010.
8005.
8001.
7998.
7993.
7988.
7983.
7978.
7973.
7968.
7962.
7956.
7951.
7943.
7937.
7931.
7925.
7918.
7912.
7904.
7898.
7890.
7882.
7875.
7868.
7860.
7852.
7843.
7836.
7828.
7820.
7813.
7809.
7807.
7810.
7817.
7827.
7842.
7856.
7869.
7880.
7890.
7897.
7905.
7912.
7917.
7921.
7923.
7922.
7921.
7916.
7915.
7911.
7906.
7902.
7897.
7893.
7890.
7886.
7881.
7877.
7873.
7869.
7864.
7859.
7856.
7851.
7846.
7842.
7838.
7833.
7829.
7826.
7822.
7819.
7815.
7812.
7809.
7805.
7800.
7799.
7795.
7792.
7792.
7790.
7788.
7786.
7784.
7783.
7782.
7782.
7780.
7779.
7779.
7780.
7779.
7779.
7781.
7782.
7785.
7787.
7790.
7792.
7796.
7798.
7803.
7808.
7811.
7816.
7821.
7828.
7834.
7841.
7848.
7854.
7860.
7867.
7875.
7883.
7892.
7898.
7908.
7915.
7924.
7931.
7938.
7945.
7954.
7963.
7971.
7979.
7987.
7995.
8001.
8008.
8015.
8021.
8027.
8031.
8036.
8041.
8042.
8046.
8050.
8053.
8054.
8055.
8056.
8055.
8054.
8054.
8053.
8051.
8048.
8045.
8044.
8040.
8036.
8033.
8028.
8025.
8021.
8016.
8011.
8008.
8003.
7999.
7994.
7990.
7986.
7981.
7978.
7972.
7968.
7962.
7958.
7953.
7949.
7944.
7939.
7935.
7930.
7925.
7920.
7916.
7911.
7908.
7904.
7899.
7894.
7889.
7886.
7881.
7876.
7871.
7867.
7862.
7858.
7854.
7849.
7845.
7841.
7836.
7831.
7828.
7824.
7817.
7814.
7810.
7805.
7799.
7795.
7789.
7785.
7781.
7776.
7770.
7765.
7762.
7757.
7752.
7747.
7742.
7736.
7733.
7730.
7730.
7733.
7737.
7744.
7754.
7763.
7772.
7778.
7784.
7787.
7791.
7792.
7794.
7795.
7795.
7794.
7792.
7793.
7793.
7792.
7793.
7793.
7794.
7794.
7796.
7799.
7799.
7803.
7807.
7812.
7818.
7824.
7831.
7837.
7845.
7852.
7859.
7866.
7873.
7881.
7889.
7896.
7903.
7908.
7912.
7918.
7923.
7926.
7929.
7932.
7934.
7936.
7937.
7938.
7939.
7940.
7941.
7944.
7946.
7948.
7949.
7953.
7957.
7960.
7964.
7969.
7973.
7978.
7984.
7989.
7995.
8003.
8007.
8012.
8018.
8025.
8031.
8038.
8045.
8053.
8060.
8068.
8075.
8082.
8090.
8097.
8104.
8111.
8114.
8114.
8112.
8108.
8100.
8092.
8083.
8073.
8066.
8059.
8053.
8050.
8047.
8046.
8046.
8046.
8048.
8047.
8048.
8047.
8047.
8046.
8046.
8046.
8046.
8045.
8044.
8044.
8042.
8042.
8041.
8039.
8039.
8039.
8037.
8037.
8036.
8035.
8035.
8035.
8035.
8033.
8033.
8033.
8034.
8035.
8035.
8036.
8038.
8039.
8041.
8044.
8045.
8048.
8051.
8053.
8054.
8057.
8060.
8064.
8067.
8070.
8074.
8077.
8082.
8085.
8087.
8092.
8096.
8100.
8103.
8108.
8112.
8116.
8120.
8123.
8128.
8131.
8136.
8140.
8144.
8147.
8151.
8155.
8159.
8162.
8167.
8171.
8176.
8180.
8183.
8188.
8192.
8197.
8202.
8205.
8210.
8214.
8218.
8223.
8228.
8232.
8239.
8242.
8246.
8248.
8245.
8240.
8234.
8226.
8221.
8216.
8214.
8211.
8208.
8208.
8208.
8208.
8209.
8208.
8208.
8210.
8209.
8209.
8208.
8207.
8207.
8205.
8205.
8202.
8200.
8197.
8196.
8193.
8190.
8188.
8185.
8182.
8178.
8173.
8171.
8167.
8164.
8158.
8154.
8150.
8145.
8141.
8134.
8129.
8125.
8118.
8114.
8108.
8102.
8096.
8090.
8084.
8078.
8073.
8066.
8060.
8055.
8049.
8043.
8036.
8029.
8024.
8018.
8012.
8006.
7999.
7994.
7988.
7982.
7976.
7971.
7964.
7958.
7954.
7949.
7944.
7939.
7935.
7931.
7926.
7922.
7918.
7914.
7910.
7906.
7903.
7900.
7898.
7896.
7894.
7891.
7890.
7889.
7889.
7889.
7890.
7889.
7890.
7893.
7895.
7899.
7902.
7906.
7912.
7916.
7924.
7928.
7936.
7943.
7952.
7959.
7968.
7978.
7988.
7997.
8009.
8019.
8033.
8043.
8055.
8066.
8077.
8089.
8102.
8114.
8127.
8140.
8151.
8163.
8174.
8185.
8196.
8208.
8219.
8228.
8237.
8247.
8256.
8262.
8270.
8279.
8287.
8292.
8299.
8306.
8311.
8317.
8320.
8324.
8327.
8331.
8334.
8337.
8339.
8341.
8342.
8344.
8346.
8345.
8345.
8344.
8343.
8343.
8342.
8340.
8338.
8335.
8332.
8323.
8311.
8295.
8279.
8260.
8242.
8226.
8213.
8200.
8190.
8181.
8174.
8169.
8164.
8161.
8157.
8154.
8151.
8147.
8143.
8139.
8134.
8129.
8122.
8117.
8112.
8107.
8101.
8096.
8091.
8085.
8079.
8075.
8069.
8063.
8058.
8052.
8047.
8043.
8038.
8034.
8030.
8026.
8022.
8018.
8015.
8012.
8010.
8006.
8002.
8002.
7999.
7999.
7997.
7995.
7994.
7992.
7993.
7993.
7994.
7996.
7997.
7999.
8003.
8005.
8007.
8011.
8014.
8020.
8023.
8029.
8033.
8039.
8045.
8051.
8056.
8061.
8067.
8074.
8081.
8088.
8095.
8101.
8110.
8118.
8126.
8134.
8142.
8150.
8157.
8166.
8171.
8174.
8173.
8170.
8162.
8153.
8142.
8131.
8119.
8107.
8096.
8087.
8080.
8075.
8069.
8067.
8066.
8065.
8065.
8066.
8067.
8065.
8065.
8063.
8063.
8063.
8062.
8061.
8060.
8060.
8057.
8057.
8057.
8057.
8056.
8056.
8056.
8057.
8057.
8058.
8060.
8062.
8063.
8065.
8069.
8074.
8077.
8080.
8086.
8089.
8093.
8098.
8103.
8109.
8115.
8120.
8127.
8133.
8139.
8145.
8151.
8157.
8162.
8168.
8175.
8181.
8187.
8193.
8197.
8203.
8206.
8207.
8207.
8204.
8197.
8189.
8181.
8171.
8163.
8153.
8143.
8134.
8125.
8119.
8115.
8111.
8107.
8104.
8102.
8098.
8095.
8091.
8087.
8085.
8082.
8078.
8075.
8070.
8066.
8062.
8057.
8054.
8050.
8047.
8043.
8040.
8036.
8034.
8032.
8029.
8028.
8027.
8025.
8024.
8023.
8021.
8018.
8015.
8014.
8011.
8009.
8007.
8003.
8000.
7996.
7991.
7988.
7982.
7977.
7971.
7965.
7960.
7953.
7946.
7939.
7933.
7925.
7918.
7912.
7905.
7897.
7891.
7884.
7880.
7879.
7880.
7885.
7894.
7904.
7915.
7927.
7936.
7945.
7951.
7955.
7958.
7961.
7965.
7966.
7966.
7964.
7963.
7960.
7959.
7956.
7954.
7952.
7949.
7947.
7944.
7941.
7940.
7938.
7937.
7934.
7934.
7931.
7929.
7929.
7929.
7928.
7928.
7927.
7927.
7928.
7929.
7931.
7934.
7936.
7939.
7942.
7945.
7948.
7952.
7957.
7964.
7969.
7974.
7983.
7989.
7996.
8004.
8010.
8019.
8027.
8037.
8046.
8055.
8063.
8073.
8082.
8090.
8101.
8109.
8117.
8127.
8136.
8144.
8152.
8161.
8167.
8174.
8181.
8187.
8193.
8197.
8202.
8206.
8209.
8213.
8213.
8215.
8216.
8216.
8215.
8215.
8214.
8213.
8211.
8207.
8204.
8202.
8198.
8194.
8190.
8185.
8180.
8176.
8172.
8167.
8161.
8155.
8150.
8145.
8141.
8135.
8131.
8125.
8120.
8115.
8110.
8105.
8097.
8093.
8089.
8084.
8077.
8071.
8067.
8062.
8057.
8051.
8046.
8040.
8034.
8029.
8025.
8020.
8015.
8010.
8006.
8002.
7997.
7992.
7987.
7982.
7977.
7972.
7968.
7964.
7960.
7954.
7949.
7944.
7938.
7933.
7928.
7923.
7918.
7913.
7908.
7904.
7901.
7901.
7903.
7907.
7913.
7921.
7927.
7931.
7934.
7937.
7942.
7946.
7947.
7949.
7949.
7949.
7950.
7951.
7951.
7950.
7950.
7950.
7949.
7948.
7947.
7947.
7946.
7944.
7944.
7942.
7941.
7940.
7940.
7939.
7938.
7938.
7937.
7937.
7934.
7934.
7932.
7932.
7929.
7930.
7930.
7929.
7930.
7930.
7929.
7929.
7931.
7933.
7933.
7936.
7936.
7939.
7941.
7943.
7946.
7950.
7953.
7956.
7960.
7964.
7970.
7973.
7978.
7983.
7987.
7993.
7998.
8003.
8010.
8015.
8022.
8028.
8034.
8041.
8048.
8055.
8061.
8069.
8076.
8083.
8091.
8099.
8105.
8113.
8120.
8130.
8137.
8144.
8152.
8160.
8169.
8176.
8182.
8184.
8182.
8179.
8173.
8164.
8155.
8147.
8140.
8133.
8128.
8122.
8121.
8120.
8122.
8121.
8120.
8121.
8122.
8122.
8122.
8121.
8121.
8121.
8119.
8118.
8119.
8118.
8118.
8116.
8115.
8114.
8112.
8111.
8109.
8108.
8107.
8105.
8102.
8102.
8101.
8099.
8099.
8097.
8096.
8095.
8094.
8091.
8090.
8088.
8089.
8088.
8086.
8085.
8085.
8083.
8082.
8082.
8082.
8081.
8080.
8078.
8079.
8077.
8076.
8075.
8073.
8072.
8070.
8069.
8067.
8066.
8064.
8061.
8060.
8059.
8056.
8053.
8051.
8049.
8045.
8042.
8039.
8035.
8032.
8029.
8025.
8022.
8017.
8014.
8010.
8004.
7999.
7995.
7991.
7985.
7980.
7976.
7970.
7965.
7959.
7953.
7947.
7941.
7936.
7929.
7923.
7917.
7910.
7905.
7898.
7892.
7884.
7878.
7872.
7863.
7857.
7850.
7843.
7835.
7828.
7821.
7814.
7805.
7798.
7790.
7783.
7775.
7766.
7757.
7749.
7739.
7730.
7722.
7712.
7703.
7694.
7684.
7676.
7669.
7660.
7652.
7644.
7637.
7631.
7628.
7625.
7624.
7625.
7627.
7630.
7633.
7633.
7635.
7638.
7641.
7645.
7647.
7653.
7658.
7662.
7667.
7669.
7674.
7676.
7681.
7686.
7690.
7694.
7700.
7705.
7710.
7716.
7721.
7726.
7732.
7737.
7743.
7749.
7755.
7761.
7768.
7774.
7780.
7786.
7793.
7798.
7804.
7809.
7815.
7821.
7829.
7836.
7842.
7849.
7856.
7864.
7870.
7877.
7884.
7891.
7897.
7904.
7910.
7916.
7921.
7927.
7934.
7940.
7945.
7949.
7956.
7960.
7964.
7968.
7973.
7977.
7980.
7983.
7988.
7991.
7993.
7996.
7998.
8000.
8001.
8003.
8004.
8004.
8005.
8004.
8004.
8005.
8004.
8005.
8002.
8002.
8000.
8000.
7997.
7995.
7993.
7991.
7989.
7987.
7984.
7981.
7978.
7976.
7974.
7971.
7968.
7965.
7961.
7959.
7956.
7951.
7949.
7945.
7942.
7939.
7935.
7931.
7927.
7924.
7921.
7917.
7914.
7911.
7907.
7903.
7899.
7895.
7891.
7888.
7885.
7881.
7878.
7874.
7870.
7867.
7863.
7859.
7856.
7851.
7848.
7844.
7841.
7835.
7832.
7828.
7824.
7820.
7816.
7812.
7808.
7803.
7799.
7795.
7792.
7786.
7782.
7779.
7773.
7768.
7763.
7760.
7755.
7749.
7744.
7738.
7733.
7727.
7722.
7718.
7715.
7714.
7716.
7723.
7727.
7734.
7739.
7745.
7751.
7755.
7761.
7767.
7772.
7776.
7780.
7787.
7793.
7801.
7808.
7814.
7820.
7827.
7832.
7837.
7839.
7844.
7847.
7853.
7856.
7860.
7863.
7866.
7870.
7872.
7875.
7877.
7880.
7881.
7882.
7883.
7884.
7885.
7886.
7888.
7890.
7889.
7890.
7891.
7892.
7891.
7889.
7891.
7891.
7893.
7895.
7899.
7904.
7909.
7915.
7919.
7925.
7931.
7937.
7942.
7948.
7955.
7961.
7967.
7974.
7980.
7987.
7993.
8000.
8006.
8013.
8020.
8027.
8033.
8039.
8047.
8052.
8057.
8064.
8069.
8072.
8071.
8068.
8063.
8059.
8052.
8048.
8043.
8043.
8045.
8046.
8047.
8048.
8048.
8047.
8047.
8048.
8047.
8047.
8046.
8045.
8044.
8041.
8038.
8035.
8033.
8028.
8026.
8022.
8018.
8013.
8009.
8004.
7999.
7994.
7989.
7983.
7977.
7971.
7966.
7961.
7953.
7947.
7938.
7934.
7927.
7919.
7913.
7905.
7898.
7890.
7882.
7876.
7868.
7861.
7851.
7845.
7836.
7828.
7819.
7811.
7803.
7794.
7786.
7779.
7775.
7772.
7776.
7781.
7790.
7801.
7813.
7821.
7831.
7839.
7844.
7849.
7854.
7860.
7865.
7870.
7873.
7872.
7871.
7867.
7865.
7863.
7859.
7857.
7855.
7852.
7849.
7849.
7844.
7843.
7841.
7837.
7834.
7833.
7831.
7830.
7828.
7828.
7827.
7826.
7826.
7826.
7827.
7828.
7829.
7830.
7832.
7833.
7835.
7838.
7839.
7843.
7847.
7851.
7855.
7860.
7865.
7870.
7875.
7880.
7884.
7890.
7897.
7902.
7909.
7915.
7921.
7927.
7935.
7940.
7947.
7953.
7960.
7964.
7970.
7976.
7982.
7987.
7991.
7997.
7999.
8003.
8006.
8009.
8011.
8013.
8013.
8013.
8015.
8015.
8013.
8012.
8008.
8008.
8007.
8004.
7999.
7997.
7994.
7989.
7986.
7981.
7976.
7971.
7968.
7962.
7957.
7952.
7948.
7943.
7937.
7932.
7926.
7920.
7916.
7910.
7904.
7900.
7894.
7888.
7883.
7878.
7872.
7866.
7861.
7855.
7850.
7844.
7841.
7836.
7830.
7825.
7820.
7815.
7810.
7805.
7801.
7796.
7791.
7786.
7782.
7778.
7772.
7767.
7762.
7757.
7753.
7748.
7743.
7737.
7734.
7731.
7729.
7730.
7733.
7737.
7745.
7755.
7763.
7770.
7773.
7777.
7779.
7779.
7781.
7782.
7784.
7785.
7786.
7787.
7788.
7790.
7791.
7793.
7794.
7796.
7796.
7800.
7802.
7803.
7803.
7806.
7807.
7809.
7810.
7811.
7812.
7814.
7815.
7815.
7817.
7817.
7817.
7819.
7819.
7821.
7820.
7820.
7819.
7821.
7820.
7819.
7820.
7820.
7819.
7819.
7819.
7818.
7818.
7818.
7818.
7817.
7817.
7817.
7816.
7814.
7815.
7814.
7815.
7817.
7817.
7818.
7818.
7821.
7822.
7823.
7826.
7828.
7832.
7836.
7840.
7842.
7844.
7847.
7851.
7852.
7855.
7859.
7862.
7864.
7867.
7870.
7873.
7877.
7881.
7885.
7890.
7895.
7900.
7906.
7911.
7916.
7921.
7924.
7927.
7929.
7929.
7931.
7931.
7934.
7936.
7938.
7938.
7940.
7942.
7942.
7944.
7943.
7945.
7945.
7944.
7943.
7942.
7942.
7941.
7941.
7939.
7939.
7938.
7937.
7936.
7935.
7935.
7935.
7936.
7936.
7937.
7938.
7938.
7939.
7939.
7941.
7943.
7947.
7948.
7953.
7955.
7957.
7960.
7962.
7965.
7966.
7969.
7971.
7974.
7977.
7979.
7981.
7983.
7986.
7987.
7991.
7992.
7994.
7997.
7999.
8001.
8004.
8006.
8010.
8010.
8012.
8014.
8015.
8015.
8016.
8019.
8019.
8021.
8023.
8025.
8025.
8026.
8026.
8027.
8027.
8026.
8027.
8027.
8028.
8026.
8026.
8025.
8026.
8024.
8022.
8022.
8023.
8021.
8020.
8020.
8018.
8016.
8015.
8014.
8012.
8010.
8010.
8009.
8008.
8006.
8006.
8004.
8004.
8004.
8002.
8002.
8002.
8002.
8002.
8003.
8004.
8005.
8006.
8008.
8009.
8011.
8013.
8017.
8020.
8023.
8027.
8032.
8037.
8041.
8048.
8053.
8059.
8065.
8073.
8083.
8091.
8099.
8107.
8116.
8125.
8135.
8144.
8154.
8164.
8174.
8184.
8196.
8207.
8219.
8230.
8240.
8251.
8262.
8272.
8282.
8292.
8301.
8309.
8316.
8323.
8323.
8323.
8316.
8311.
8300.
8291.
8283.
8275.
8265.
8257.
8252.
8245.
8238.
8233.
8228.
8222.
8215.
8209.
8203.
8197.
8190.
8183.
8179.
8172.
8166.
8160.
8153.
8147.
8141.
8136.
8129.
8124.
8118.
8113.
8107.
8100.
8095.
8090.
8083.
8078.
8072.
8067.
8061.
8058.
8053.
8047.
8041.
8037.
8032.
8028.
8023.
8019.
8014.
8010.
8006.
8002.
7998.
7993.
7991.
7988.
7984.
7980.
7976.
7973.
7970.
7966.
7963.
7959.
7956.
7953.
7949.
7946.
7943.
7939.
7936.
7933.
7930.
7927.
7923.
7919.
7916.
7911.
7909.
7905.
7901.
7897.
7892.
7889.
7885.
7880.
7876.
7873.
7869.
7865.
7861.
7860.
7857.
7860.
7863.
7868.
7875.
7881.
7888.
7894.
7899.
7902.
7903.
7903.
7904.
7904.
7903.
7901.
7901.
7899.
7897.
7896.
7894.
7893.
7891.
7889.
7886.
7884.
7881.
7879.
7875.
7872.
7871.
7868.
7867.
7866.
7864.
7863.
7863.
7862.
7862.
7859.
7860.
7861.
7864.
7868.
7873.
7879.
7884.
7892.
7901.
7910.
7919.
7927.
7937.
7945.
7954.
7962.
7970.
7979.
7987.
7994.
7999.
8006.
8013.
8018.
8026.
8029.
8034.
8039.
8043.
8047.
8051.
8054.
8058.
8060.
8062.
8065.
8067.
8068.
8069.
8071.
8074.
8077.
8079.
8082.
8086.
8089.
8092.
8096.
8100.
8103.
8107.
8111.
8114.
8117.
8122.
8126.
8131.
8136.
8139.
8145.
8148.
8154.
8158.
8164.
8167.
8173.
8178.
8184.
8188.
8194.
8200.
8205.
8211.
8216.
8221.
8222.
8220.
8216.
8209.
8200.
8190.
8183.
8176.
8171.
8167.
8163.
8162.
8164.
8163.
8164.
8165.
8164.
8164.
8165.
8164.
8166.
8163.
8163.
8164.
8165.
8162.
8160.
8159.
8157.
8155.
8153.
8151.
8149.
8148.
8144.
8142.
8139.
8136.
8133.
8129.
8126.
8123.
8119.
8115.
8112.
8108.
8104.
8100.
8095.
8091.
8086.
8083.
8077.
8072.
8066.
8062.
8057.
8049.
8045.
8040.
8033.
8027.
8021.
8015.
8010.
8002.
7997.
7990.
7983.
7975.
7969.
7962.
7955.
7946.
7940.
7932.
7925.
7917.
7909.
7901.
7893.
7885.
7878.
7870.
7864.
7861.
7860.
7863.
7867.
7874.
7880.
7887.
7893.
7894.
7895.
7896.
7899.
7901.
7906.
7910.
7916.
7919.
7920.
7922.
7922.
7920.
7919.
7917.
7917.
7917.
7915.
7914.
7914.
7914.
7915.
7916.
7918.
7921.
7922.
7924.
7926.
7928.
7930.
7934.
7938.
7940.
7941.
7944.
7948.
7951.
7955.
7959.
7963.
7968.
7975.
7979.
7984.
7990.
7995.
8001.
8006.
8011.
8019.
8026.
8031.
8035.
8041.
8047.
8054.
8059.
8065.
8070.
8074.
8080.
8084.
8087.
8092.
8096.
8098.
8101.
8103.
8105.
8109.
8111.
8112.
8112.
8113.
8112.
8112.
8110.
8110.
8108.
8107.
8103.
8101.
8098.
8096.
8091.
8087.
8084.
8080.
8076.
8071.
8065.
8061.
8056.
8050.
8046.
8040.
8035.
8028.
8022.
8017.
8012.
8006.
8000.
7995.
7989.
7984.
7977.
7972.
7965.
7960.
7954.
7948.
7943.
7937.
7933.
7928.
7922.
7917.
7910.
7905.
7899.
7894.
7888.
7884.
7879.
7874.
7869.
7864.
7859.
7857.
7857.
7859.
7863.
7869.
7878.
7886.
7894.
7903.
7911.
7918.
7923.
7927.
7930.
7932.
7934.
7938.
7941.
7942.
7945.
7947.
7950.
7953.
7956.
7959.
7962.
7966.
7970.
7972.
7975.
7981.
7984.
7986.
7990.
7993.
7998.
8001.
8005.
8009.
8012.
8017.
8021.
8024.
8027.
8031.
8035.
8038.
8041.
8045.
8048.
8052.
8054.
8056.
8059.
8061.
8065.
8066.
8069.
8072.
8073.
8076.
8078.
8080.
8082.
8084.
8084.
8086.
8089.
8090.
8090.
8089.
8090.
8091.
8091.
8091.
8090.
8091.
8091.
8091.
8089.
8088.
8089.
8089.
8088.
8087.
8082.
8072.
8060.
8046.
8031.
8016.
8002.
7989.
7979.
7975.
7972.
7973.
7972.
7973.
7975.
7978.
7980.
7985.
7989.
7993.
7997.
8002.
8007.
8014.
8019.
8027.
8033.
8040.
8047.
8054.
8060.
8069.
8077.
8084.
8092.
8101.
8109.
8118.
8125.
8134.
8144.
8153.
8163.
8172.
8182.
8191.
8199.
8208.
8218.
8227.
8236.
8245.
8254.
8264.
8273.
8282.
8291.
8300.
8309.
8315.
8318.
8319.
8314.
8307.
8299.
8291.
8281.
8271.
8261.
8251.
8242.
8231.
8223.
8216.
8209.
8206.
8204.
8202.
8198.
8196.
8192.
8190.
8186.
8183.
8177.
8176.
8170.
8165.
8162.
8157.
8153.
8147.
8142.
8137.
8130.
8125.
8119.
8113.
8108.
8101.
8095.
8087.
8081.
8075.
8067.
8059.
8052.
8045.
8039.
8031.
8023.
8015.
8008.
8000.
7991.
7983.
7975.
7968.
7959.
7951.
7943.
7934.
7926.
7917.
7908.
7900.
7892.
7887.
7883.
7884.
7888.
7896.
7904.
7914.
7922.
7929.
7933.
7936.
7939.
7943.
7945.
7946.
7945.
7943.
7939.
7935.
7931.
7929.
7924.
7921.
7917.
7914.
7910.
7907.
7902.
7899.
7895.
7894.
7890.
7886.
7885.
7882.
7880.
7879.
7876.
7875.
7874.
7873.
7874.
7874.
7874.
7874.
7875.
7877.
7881.
7883.
7886.
7890.
7894.
7899.
7904.
7909.
7915.
7920.
7927.
7933.
7940.
7947.
7954.
7963.
7969.
7978.
7984.
7994.
8002.
8008.
8015.
8022.
8029.
8036.
8043.
8050.
8056.
8061.
8066.
8071.
8076.
8079.
8078.
8081.
8081.
8080.
8080.
8078.
8077.
8074.
8071.
8070.
8065.
8060.
8057.
8052.
8046.
8041.
8035.
8031.
8025.
8020.
8015.
8009.
8002.
7996.
7991.
7987.
7980.
7974.
7969.
7963.
7956.
7951.
7944.
7940.
7933.
7927.
7921.
7916.
7912.
7906.
7899.
7895.
7889.
7884.
7879.
7874.
7871.
7870.
7869.
7872.
7878.
7885.
7893.
7902.
7910.
7918.
7926.
7932.
7937.
7940.
7944.
7947.
7951.
7954.
7956.
7959.
7962.
7965.
7968.
7970.
7974.
7978.
7980.
7982.
7986.
7989.
7991.
7994.
7997.
7998.
8002.
8006.
8008.
8010.
8012.
8013.
8016.
8018.
8021.
8020.
8023.
8025.
8026.
8027.
8027.
8028.
8028.
8028.
8027.
8027.
8026.
8027.
8027.
8025.
8024.
8023.
8019.
8019.
8017.
8016.
8014.
8013.
8010.
8007.
8004.
8001.
7999.
7998.
7995.
7992.
7989.
7987.
7985.
7982.
7980.
7978.
7976.
7973.
7973.
7972.
7972.
7971.
7973.
7975.
7976.
7977.
7980.
7985.
7988.
7992.
7996.
8001.
8007.
8013.
8018.
8024.
8032.
8039.
8046.
8052.
8059.
8067.
8076.
8083.
8091.
8100.
8108.
8115.
8124.
8133.
8141.
8150.
8158.
8167.
8175.
8184.
8192.
8200.
8208.
8216.
8225.
8233.
8241.
8250.
8256.
8259.
8259.
8255.
8249.
8241.
8232.
8223.
8215.
8207.
8201.
8194.
8190.
8186.
8185.
8185.
8184.
8184.
8185.
8186.
8186.
8186.
8187.
8189.
8189.
8187.
8188.
8190.
8190.
8189.
8189.
8188.
8188.
8187.
8185.
8187.
8187.
8186.
8187.
8187.
8188.
8186.
8188.
8189.
8188.
8189.
8189.
8191.
8194.
8193.
8194.
8194.
8196.
8197.
8199.
8201.
8201.
8202.
8204.
8206.
8206.
8206.
8209.
8209.
8210.
8211.
8212.
8212.
8213.
8214.
8215.
8215.
8215.
8216.
8216.
8217.
8215.
8215.
8216.
8216.
8215.
8215.
8213.
8215.
8214.
8214.
8215.
8213.
8214.
8214.
8213.
8214.
8215.
8215.
8216.
8216.
8218.
8218.
8219.
8222.
8223.
8224.
8227.
8232.
8235.
8238.
8242.
8245.
8250.
8255.
8260.
8265.
8271.
8277.
8283.
8290.
8297.
8304.
8312.
8318.
8319.
8315.
8305.
8291.
8275.
8261.
8249.
8236.
8226.
8215.
8206.
8198.
8191.
8185.
8179.
8174.
8169.
8162.
8157.
8151.
8145.
8139.
8131.
8126.
8119.
8112.
8105.
8098.
8091.
8084.
8076.
8067.
8061.
8054.
8046.
8039.
8031.
8024.
8016.
8009.
8002.
7993.
7987.
7980.
7972.
7966.
7959.
7950.
7943.
7938.
7932.
7923.
7918.
7910.
7903.
7897.
7890.
7884.
7878.
7872.
7866.
7862.
7856.
7852.
7847.
7843.
7838.
7835.
7829.
7827.
7826.
7823.
7820.
7818.
7817.
7815.
7815.
7814.
7814.
7813.
7815.
7815.
7817.
7819.
7820.
7822.
7826.
7830.
7834.
7839.
7843.
7847.
7852.
7859.
7864.
7870.
7876.
7882.
7887.
7894.
7902.
7910.
7918.
7924.
7931.
7940.
7948.
7956.
7964.
7972.
7981.
7989.
7994.
8002.
8009.
8016.
8024.
8030.
8037.
8044.
8050.
8055.
8060.
8065.
8071.
8076.
8081.
8084.
8086.
8090.
8094.
8097.
8100.
8101.
8105.
8105.
8106.
8107.
8108.
8109.
8109.
8109.
8109.
8109.
8108.
8106.
8106.
8103.
8102.
8101.
8099.
8097.
8094.
8092.
8089.
8088.
8085.
8083.
8080.
8077.
8074.
8071.
8069.
8065.
8062.
8059.
8056.
8053.
8050.
8047.
8043.
8040.
8037.
8035.
8031.
8027.
8025.
8020.
8016.
8013.
8010.
8006.
8002.
7999.
7994.
7991.
7988.
7986.
7981.
7978.
7976.
7973.
7969.
7966.
7963.
7961.
7960.
7959.
7956.
7955.
7953.
7950.
7951.
7950.
7948.
7948.
7948.
7946.
7947.
7946.
7946.
7947.
7949.
7949.
7950.
7952.
7953.
7956.
7960.
7964.
7968.
7973.
7977.
7981.
7985.
7991.
7996.
7998.
8001.
8004.
8006.
8005.
8005.
8003.
8002.
7999.
7994.
7988.
7982.
7976.
7970.
7965.
7959.
7955.
7949.
7943.
7938.
7931.
7924.
7918.
7912.
7909.
7906.
7906.
7905.
7907.
7908.
7909.
7909.
7911.
7912.
7913.
7914.
7916.
7918.
7919.
7920.
7922.
7923.
7924.
7926.
7926.
7928.
7930.
7932.
7932.
7934.
7934.
7936.
7937.
7939.
7938.
7939.
7941.
7940.
7941.
7941.
7939.
7940.
7939.
7939.
7938.
7936.
7935.
7932.
7931.
7931.
7928.
7924.
7923.
7919.
7916.
7913.
7910.
7906.
7900.
7896.
7891.
7887.
7883.
7879.
7874.
7871.
7873.
7876.
7883.
7892.
7903.
7913.
7923.
7930.
7937.
7943.
7948.
7949.
7951.
7951.
7950.
7948.
7946.
7944.
7942.
7938.
7935.
7932.
7930.
7927.
7924.
7921.
7918.
7915.
7913.
7910.
7908.
7905.
7903.
7900.
7898.
7897.
7896.
7893.
7891.
7890.
7889.
7888.
7888.
7888.
7887.
7889.
7889.
7889.
7890.
7893.
7895.
7897.
7901.
7904.
7907.
7909.
7914.
7919.
7923.
7928.
7935.
7940.
7945.
7952.
7960.
7967.
7973.
7981.
7988.
7996.
8003.
8010.
8017.
8025.
8032.
8039.
8045.
8052.
8058.
8063.
8069.
8073.
8078.
8081.
8083.
8085.
8086.
8085.
8086.
8086.
8085.
8083.
8080.
8078.
8074.
8070.
8066.
8062.
8058.
8053.
8048.
8042.
8037.
8032.
8025.
8019.
8014.
8010.
8003.
7998.
7992.
7986.
7979.
7973.
7968.
7963.
7957.
7951.
7946.
7940.
7934.
7928.
7923.
7918.
7912.
7907.
7902.
7896.
7890.
7886.
7880.
7875.
7870.
7867.
7861.
7857.
7852.
7849.
7843.
7839.
7834.
7831.
7828.
7824.
7819.
7815.
7810.
7806.
7802.
7798.
7794.
7790.
7784.
7780.
7774.
7770.
7766.
7759.
7754.
7747.
7741.
7734.
7728.
7722.
7716.
7710.
7704.
7698.
7693.
7687.
7682.
7677.
7673.
7669.
7669.
7670.
7674.
7680.
7689.
7699.
7711.
7721.
7730.
7741.
7754.
7765.
7779.
7790.
7799.
7808.
7819.
7829.
7837.
7845.
7852.
7860.
7866.
7872.
7878.
7883.
7888.
7893.
7896.
7901.
7905.
7909.
7911.
7914.
7917.
7920.
7922.
7925.
7927.
7930.
7934.
7939.
7942.
7947.
7953.
7958.
7965.
7970.
7975.
7981.
7987.
7993.
7999.
8004.
8009.
8016.
8022.
8028.
8034.
8041.
8048.
8054.
8062.
8070.
8076.
8082.
8089.
8096.
8105.
8113.
8118.
8127.
8133.
8139.
8146.
8151.
8155.
8154.
8151.
8143.
8132.
8123.
8112.
8102.
8093.
8086.
8082.
8080.
8080.
8080.
8082.
8084.
8087.
8090.
8092.
8095.
8097.
8100.
8103.
8106.
8108.
8110.
8112.
8114.
8115.
8117.
8118.
8121.
8122.
8125.
8126.
8127.
8129.
8130.
8131.
8131.
8133.
8133.
8134.
8134.
8134.
8134.
8134.
8136.
8135.
8136.
8135.
8135.
8134.
8135.
8134.
8136.
8134.
8135.
8135.
8135.
8134.
8133.
8134.
8134.
8133.
8132.
8133.
8132.
8131.
8131.
8130.
8128.
8128.
8127.
8125.
8124.
8122.
8120.
8118.
8116.
8115.
8112.
8109.
8107.
8104.
8101.
8099.
8095.
8091.
8088.
8085.
8080.
8076.
8071.
8068.
8063.
8057.
8053.
8048.
8043.
8039.
8033.
8027.
8021.
8014.
8010.
8004.
7998.
7991.
7985.
7979.
7973.
7967.
7960.
7954.
7947.
7940.
7933.
7927.
7919.
7912.
7904.
7898.
7890.
7883.
7876.
7869.
7863.
7855.
7847.
7841.
7832.
7825.
7819.
7811.
7802.
7796.
7788.
7780.
7772.
7764.
7756.
7749.
7742.
7733.
7725.
7717.
7709.
7702.
7694.
7688.
7680.
7674.
7669.
7663.
7657.
7652.
7648.
7644.
7640.
7639.
7635.
7633.
7632.
7630.
7631.
7635.
7639.
7642.
7648.
7655.
7664.
7672.
7679.
7688.
7698.
7705.
7714.
7725.
7734.
7742.
7752.
7763.
7774.
7786.
7798.
7810.
7821.
7834.
7847.
7857.
7868.
7878.
7889.
7900.
7908.
7917.
7927.
7936.
7944.
7951.
7958.
7964.
7970.
7974.
7978.
7982.
7985.
7987.
7990.
7991.
7991.
7990.
7990.
7991.
7988.
7987.
7985.
7983.
7980.
7978.
7973.
7970.
7968.