8019.
8022.
8027.
8029.
8033.
8038.
8040.
8044.
8045.
8045.
8045.
8045.
8045.
8046.
8046.
8045.
8044.
8044.
8046.
8047.
8047.
8046.
8048.
8049.
8050.
8050.
8052.
8053.
8054.
8054.
8056.
8058.
8058.
8062.
8063.
8066.
8068.
8069.
8072.
8075.
8078.
8082.
8083.
8086.
8091.
8094.
8097.
8100.
8105.
8110.
8114.
8118.
8122.
8127.
8131.
8137.
8141.
8145.
8151.
8157.
8162.
8169.
8173.
8179.
8184.
8189.
8196.
8200.
8206.
8212.
8216.
8221.
8226.
8226.
8230.
8229.
8228.
8226.
8225.
8225.
8225.
8226.
8230.
8231.
8234.
8235.
8236.
8238.
8237.
8238.
8241.
8241.
8242.
8242.
8242.
8242.
8241.
8243.
8242.
8243.
8242.
8241.
8240.
8241.
8239.
8239.
8237.
8237.
8235.
8234.
8234.
8232.
8230.
8229.
8228.
8226.
8224.
8222.
8221.
8218.
8217.
8214.
8212.
8211.
8206.
8205.
8204.
8202.
8199.
8195.
8193.
8191.
8187.
8185.
8182.
8179.
8176.
8173.
8170.
8167.
8164.
8160.
8157.
8152.
8149.
8146.
8143.
8140.
8138.
8132.
8129.
8126.
8122.
8118.
8115.
8111.
8106.
8103.
8100.
8096.
8092.
8088.
8082.
8080.
8075.
8071.
8066.
8063.
8058.
8055.
8050.
8046.
8041.
8037.
8033.
8027.
8023.
8018.
8015.
8012.
8012.
8012.
8015.
8020.
8024.
8029.
8033.
8038.
8042.
8046.
8050.
8053.
8056.
8056.
8057.
8057.
8057.
8057.
8057.
8056.
8056.
8055.
8055.
8056.
8055.
8056.
8056.
8057.
8057.
8056.
8059.
8060.
8060.
8061.
8063.
8064.
8065.
8067.
8069.
8072.
8075.
8076.
8080.
8082.
8086.
8088.
8090.
8095.
8097.
8103.
8106.
8111.
8115.
8119.
8124.
8129.
8133.
8138.
8143.
8148.
8151.
8157.
8163.
8168.
8173.
8178.
8184.
8190.
8195.
8200.
8204.
8212.
8216.
8222.
8226.
8232.
8238.
8242.
8248.
8254.
8260.
8265.
8270.
8274.
8280.
8283.
8288.
8291.
8291.
8288.
8279.
8267.
8254.
8240.
8226.
8213.
8201.
8190.
8180.
8172.
8167.
8166.
8163.
8163.
8164.
8166.
8167.
8169.
8169.
8171.
8173.
8176.
8179.
8181.
8186.
8189.
8193.
8197.
8201.
8206.
8210.
8213.
8218.
8224.
8229.
8235.
8241.
8246.
8252.
8258.
8262.
8269.
8274.
8281.
8286.
8291.
8297.
8303.
8309.
8314.
8319.
8324.
8328.
8334.
8337.
8341.
8345.
8350.
8354.
8358.
8362.
8366.
8371.
8374.
8378.
8382.
8385.
8389.
8393.
8399.
8405.
8410.
8414.
8421.
8425.
8432.
8437.
8444.
8450.
8458.
8463.
8471.
8478.
8486.
8494.
8503.
8512.
8520.
8528.
8536.
8545.
8553.
8563.
8572.
8581.
8589.
8599.
8607.
8614.
8620.
8626.
8632.
8636.
8640.
8643.
8647.
8648.
8649.
8650.
8651.
8651.
8649.
8647.
8645.
8641.
8640.
8635.
8632.
8627.
8622.
8618.
8612.
8607.
8602.
8595.
8590.
8583.
8578.
8571.
8565.
8557.
8551.
8544.
8538.
8531.
8525.
8521.
8513.
8508.
8500.
8494.
8488.
8483.
8477.
8471.
8466.
8461.
8455.
8449.
8443.
8438.
8433.
8428.
8423.
8416.
8412.
8406.
8402.
8396.
8391.
8386.
8381.
8377.
8371.
8366.
8361.
8357.
8352.
8347.
8344.
8339.
8334.
8329.
8324.
8320.
8317.
8313.
8308.
8304.
8300.
8296.
8291.
8287.
8283.
8279.
8276.
8272.
8269.
8264.
8261.
8257.
8253.
8249.
8244.
8240.
8236.
8231.
8227.
8222.
8217.
8212.
8210.
8205.
8200.
8196.
8192.
8187.
8184.
8178.
8173.
8169.
8165.
8160.
8156.
8152.
8147.
8144.
8140.
8136.
8132.
8128.
8125.
8122.
8120.
8119.
8119.
8118.
8118.
8120.
8123.
8124.
8128.
8132.
8136.
8141.
8148.
8155.
8161.
8169.
8174.
8183.
8192.
8200.
8210.
8219.
8228.
8238.
8248.
8257.
8267.
8278.
8287.
8297.
8308.
8318.
8328.
8339.
8348.
8358.
8367.
8376.
8385.
8393.
8400.
8406.
8412.
8416.
8414.
8408.
8399.
8389.
8378.
8365.
8350.
8334.
8320.
8308.
8297.
8288.
8283.
8280.
8279.
8278.
8277.
8277.
8279.
8280.
8282.
8284.
8286.
8289.
8291.
8293.
8295.
8295.
8295.
8294.
8294.
8294.
8292.
8290.
8286.
8285.
8281.
8277.
8274.
8271.
8267.
8264.
8261.
8257.
8253.
8250.
8246.
8241.
8236.
8233.
8229.
8225.
8220.
8216.
8213.
8210.
8207.
8205.
8202.
8200.
8198.
8198.
8196.
8195.
8195.
8197.
8198.
8197.
8200.
8202.
8203.
8205.
8209.
8212.
8215.
8217.
8220.
8225.
8227.
8230.
8232.
8234.
8237.
8239.
8240.
8242.
8243.
8243.
8243.
8242.
8240.
8238.
8235.
8233.
8230.
8226.
8223.
8219.
8214.
8208.
8203.
8196.
8190.
8184.
8178.
8170.
8162.
8154.
8147.
8141.
8132.
8124.
8116.
8109.
8100.
8093.
8085.
8078.
8071.
8062.
8055.
8047.
8041.
8032.
8026.
8019.
8013.
8006.
7999.
7993.
7986.
7978.
7972.
7966.
7958.
7952.
7946.
7941.
7934.
7928.
7922.
7916.
7909.
7903.
7897.
7891.
7886.
7880.
7872.
7867.
7861.
7856.
7848.
7844.
7839.
7835.
7831.
7827.
7824.
7821.
7819.
7818.
7819.
7818.
7818.
7818.
7821.
7824.
7827.
7831.
7837.
7843.
7850.
7856.
7864.
7871.
7880.
7888.
7898.
7908.
7918.
7926.
7937.
7946.
7955.
7966.
7975.
7987.
7997.
8008.
8019.
8029.
8041.
8052.
8063.
8074.
8084.
8093.
8104.
8115.
8125.
8134.
8144.
8153.
8164.
8174.
8184.
8195.
8203.
8214.
8225.
8234.
8243.
8252.
8261.
8271.
8279.
8287.
8296.
8305.
8312.
8320.
8329.
8337.
8345.
8351.
8359.
8367.
8373.
8379.
8384.
8390.
8394.
8400.
8405.
8412.
8415.
8420.
8425.
8431.
8435.
8441.
8447.
8452.
8457.
8462.
8468.
8474.
8480.
8486.
8493.
8500.
8507.
8514.
8522.
8530.
8537.
8545.
8552.
8559.
8566.
8573.
8580.
8586.
8592.
8596.
8602.
8605.
8608.
8611.
8611.
8611.
8611.
8610.
8608.
8606.
8602.
8597.
8593.
8586.
8580.
8574.
8567.
8560.
8553.
8544.
8535.
8528.
8520.
8512.
8503.
8495.
8486.
8477.
8468.
8459.
8450.
8442.
8433.
8424.
8416.
8407.
8399.
8390.
8382.
8375.
8365.
8357.
8351.
8344.
8336.
8327.
8320.
8313.
8305.
8298.
8291.
8283.
8276.
8269.
8262.
8256.
8249.
8242.
8236.
8231.
8224.
8217.
8211.
8203.
8198.
8192.
8186.
8177.
8173.
8166.
8160.
8154.
8149.
8142.
8136.
8129.
8123.
8116.
8110.
8106.
8100.
8093.
8088.
8083.
8078.
8072.
8066.
8062.
8055.
8051.
8046.
8041.
8036.
8031.
8025.
8020.
8016.
8011.
8005.
7999.
7996.
7989.
7984.
7980.
7973.
7968.
7964.
7958.
7953.
7948.
7941.
7936.
7932.
7926.
7921.
7916.
7910.
7904.
7900.
7895.
7889.
7885.
7881.
7879.
7874.
7871.
7868.
7866.
7864.
7863.
7861.
7863.
7864.
7866.
7867.
7871.
7875.
7881.
7888.
7895.
7902.
7910.
7920.
7930.
7940.
7949.
7961.
7973.
7983.
7995.
8004.
8015.
8027.
8039.
8053.
8066.
8079.
8091.
8105.
8118.
8133.
8147.
8161.
8174.
8187.
8200.
8211.
8220.
8228.
8229.
8228.
8224.
8216.
8204.
8192.
8178.
8164.
8149.
8133.
8118.
8103.
8090.
8080.
8071.
8066.
8062.
8061.
8059.
8059.
8060.
8061.
8060.
8062.
8062.
8063.
8066.
8067.
8069.
8070.
8069.
8070.
8070.
8071.
8070.
8069.
8069.
8070.
8068.
8067.
8064.
8064.
8059.
8056.
8053.
8048.
8044.
8040.
8034.
8029.
8023.
8016.
8010.
8004.
7997.
7989.
7983.
7976.
7968.
7961.
7954.
7948.
7939.
7934.
7928.
7920.
7912.
7907.
7902.
7894.
7888.
7883.
7878.
7873.
7869.
7866.
7863.
7860.
7858.
7854.
7854.
7853.
7852.
7853.
7854.
7854.
7856.
7857.
7859.
7862.
7864.
7868.
7872.
7877.
7880.
7884.
7889.
7893.
7897.
7902.
7905.
7908.
7912.
7916.
7918.
7922.
7924.
7925.
7926.
7927.
7928.
7926.
7926.
7924.
7923.
7920.
7917.
7913.
7910.
7905.
7900.
7894.
7889.
7884.
7878.
7873.
7866.
7858.
7853.
7847.
7840.
7832.
7825.
7819.
7812.
7805.
7799.
7793.
7786.
7779.
7772.
7765.
7759.
7754.
7746.
7741.
7736.
7731.
7724.
7719.
7714.
7708.
7702.
7697.
7691.
7686.
7680.
7675.
7670.
7663.
7658.
7654.
7648.
7644.
7638.
7633.
7628.
7624.
7617.
7614.
7611.
7609.
7606.
7604.
7603.
7603.
7604.
7606.
7609.
7612.
7619.
7626.
7632.
7639.
7646.
7654.
7663.
7673.
7683.
7695.
7706.
7716.
7729.
7741.
7751.
7761.
7772.
7783.
7796.
7809.
7821.
7832.
7844.
7856.
7867.
7876.
7885.
7896.
7905.
7915.
7925.
7936.
7944.
7955.
7964.
7972.
7981.
7989.
7997.
8004.
8011.
8019.
8026.
8033.
8038.
8044.
8053.
8059.
8066.
8071.
8076.
8082.
8085.
8087.
8087.
8085.
8082.
8078.
8071.
8069.
8066.
8066.
8067.
8066.
8065.
8065.
8065.
8065.
8064.
8063.
8063.
8064.
8062.
8060.
8058.
8056.
8053.
8048.
8044.
8039.
8036.
8030.
8025.
8020.
8015.
8008.
8001.
7995.
7989.
7980.
7974.
7968.
7960.
7953.
7946.
7938.
7930.
7924.
7915.
7909.
7901.
7894.
7888.
7881.
7875.
7868.
7861.
7856.
7850.
7845.
7838.
7833.
7827.
7823.
7820.
7815.
7812.
7809.
7806.
7803.
7802.
7799.
7798.
7798.
7797.
7797.
7797.
7798.
7798.
7799.
7801.
7804.
7807.
7808.
7811.
7815.
7818.
7822.
7826.
7830.
7834.
7839.
7843.
7846.
7849.
7851.
7855.
7859.
7862.
7864.
7865.
7866.
7869.
7870.
7869.
7868.
7867.
7866.
7865.
7863.
7860.
7856.
7854.
7849.
7844.
7841.
7837.
7833.
7827.
7822.
7817.
7812.
7806.
7800.
7794.
7790.
7783.
7776.
7771.
7765.
7759.
7755.
7748.
7743.
7738.
7731.
7726.
7721.
7715.
7709.
7704.
7699.
7694.
7688.
7682.
7677.
7673.
7668.
7663.
7658.
7652.
7647.
7643.
7639.
7633.
7628.
7622.
7618.
7614.
7607.
7602.
7597.
7593.
7589.
7583.
7581.
7576.
7573.
7570.
7566.
7565.
7563.
7562.
7561.
7562.
7563.
7567.
7570.
7574.
7580.
7586.
7593.
7599.
7608.
7616.
7625.
7636.
7646.
7658.
7667.
7678.
7690.
7702.
7713.
7725.
7739.
7751.
7763.
7776.
7788.
7801.
7813.
7824.
7838.
7851.
7864.
7876.
7889.
7902.
7914.
7928.
7940.
7953.
7963.
7975.
7988.
7997.
8009.
8018.
8027.
8036.
8045.
8054.
8061.
8066.
8069.
8069.
8066.
8063.
8056.
8048.
8040.
8031.
8023.
8014.
8006.
8001.
7994.
7989.
7985.
7980.
7979.
7978.
7977.
7976.
7976.
7976.
7975.
7974.
7974.
7974.
7974.
7975.
7975.
7975.
7975.
7976.
7975.
7974.
7973.
7971.
7969.
7966.
7964.
7960.
7958.
7954.
7951.
7947.
7942.
7938.
7933.
7927.
7922.
7917.
7909.
7903.
7896.
7890.
7881.
7874.
7866.
7859.
7850.
7841.
7833.
7824.
7816.
7807.
7798.
7790.
7781.
7772.
7761.
7752.
7744.
7733.
7724.
7714.
7705.
7697.
7688.
7679.
7672.
7663.
7655.
7649.
7641.
7635.
7628.
7624.
7618.
7615.
7610.
7607.
7604.
7604.
7603.
7601.
7601.
7603.
7606.
7607.
7611.
7616.
7621.
7627.
7633.
7639.
7646.
7653.
7660.
7668.
7676.
7685.
7693.
7700.
7708.
7717.
7724.
7731.
7736.
7742.
7747.
7753.
7758.
7759.
7763.
7765.
7766.
7767.
7767.
7769.
7767.
7763.
7761.
7756.
7753.
7749.
7744.
7739.
7733.
7729.
7723.
7716.
7711.
7704.
7697.
7690.
7682.
7675.
7670.
7663.
7656.
7648.
7642.
7635.
7629.
7621.
7615.
7610.
7604.
7596.
7591.
7585.
7578.
7573.
7567.
7562.
7556.
7550.
7546.
7538.
7533.
7527.
7523.
7518.
7513.
7509.
7504.
7500.
7495.
7491.
7488.
7486.
7484.
7482.
7481.
7481.
7481.
7482.
7484.
7488.
7491.
7495.
7500.
7504.
7511.
7518.
7525.
7533.
7540.
7549.
7558.
7567.
7578.
7588.
7598.
7609.
7618.
7629.
7640.
7650.
7661.
7670.
7679.
7687.
7696.
7704.
7712.
7721.
7730.
7736.
7744.
7751.
7758.
7764.
7772.
7778.
7785.
7790.
7795.
7799.
7800.
7802.
7802.
7801.
7800.
7799.
7797.
7797.
7793.
7789.
7786.
7783.
7778.
7775.
7773.
7769.
7765.
7763.
7759.
7755.
7751.
7747.
7743.
7740.
7737.
7736.
7734.
7734.
7735.
7736.
7736.
7739.
7740.
7741.
7741.
7744.
7746.
7749.
7751.
7752.
7754.
7755.
7754.
7753.
7753.
7753.
7752.
7752.
7750.
7748.
7746.
7742.
7738.
7733.
7728.
7721.
7717.
7711.
7703.
7698.
7692.
7686.
7679.
7673.
7666.
7659.
7653.
7646.
7641.
7634.
7627.
7621.
7616.
7611.
7605.
7600.
7595.
7592.
7588.
7584.
7580.
7578.
7576.
7574.
7573.
7571.
7571.
7570.
7571.
7571.
7574.
7577.
7578.
7580.
7581.
7583.
7585.
7587.
7589.
7590.
7592.
7593.
7594.
7596.
7597.
7597.
7597.
7597.
7596.
7595.
7593.
7592.
7590.
7588.
7585.
7583.
7580.
7575.
7573.
7570.
7567.
7563.
7559.
7556.
7553.
7547.
7544.
7542.
7538.
7535.
7531.
7529.
7524.
7521.
7520.
7516.
7514.
7510.
7508.
7504.
7501.
7498.
7497.
7494.
7492.
7489.
7486.
7485.
7482.
7480.
7477.
7475.
7474.
7473.
7474.
7474.
7475.
7475.
7479.
7481.
7485.
7489.
7495.
7500.
7509.
7518.
7527.
7537.
7546.
7557.
7569.
7581.
7592.
7606.
7618.
7632.
7645.
7660.
7673.
7686.
7699.
7713.
7725.
7738.
7751.
7764.
7777.
7791.
7803.
7814.
7825.
7837.
7848.
7859.
7870.
7882.
7892.
7904.
7915.
7926.
7935.
7946.
7955.
7966.
7977.
7987.
7994.
8001.
8006.
8007.
8007.
8003.
7998.
7991.
7984.
7977.
7969.
7961.
7953.
7948.
7944.
7941.
7940.
7941.
7942.
7942.
7942.
7942.
7941.
7941.
7939.
7937.
7936.
7933.
7931.
7928.
7924.
7920.
7915.
7910.
7906.
7901.
7895.
7889.
7882.
7876.
7868.
7861.
7853.
7846.
7838.
7830.
7821.
7812.
7803.
7796.
7788.
7778.
7769.
7761.
7752.
7743.
7735.
7726.
7718.
7710.
7702.
7694.
7687.
7680.
7674.
7669.
7664.
7659.
7653.
7648.
7645.
7642.
7639.
7637.
7637.
7636.
7634.
7635.
7637.
7637.
7640.
7643.
7646.
7651.
7657.
7662.
7668.
7673.
7678.
7684.
7691.
7698.
7704.
7709.
7715.
7720.
7726.
7731.
7736.
7742.
7745.
7749.
7752.
7755.
7756.
7759.
7760.
7761.
7761.
7762.
7761.
7760.
7756.
7754.
7752.
7748.
7744.
7739.
7735.
7730.
7724.
7720.
7714.
7708.
7702.
7696.
7690.
7684.
7678.
7671.
7664.
7658.
7649.
7643.
7638.
7632.
7625.
7618.
7616.
7610.
7605.
7602.
7598.
7595.
7593.
7591.
7589.
7589.
7590.
7591.
7592.
7591.
7590.
7590.
7587.
7586.
7588.
7588.
7589.
7590.
7592.
7593.
7595.
7594.
7594.
7593.
7592.
7593.
7596.
7596.
7596.
7597.
7598.
7600.
7601.
7600.
7602.
7600.
7598.
7596.
7594.
7591.
7589.
7589.
7589.
7590.
7590.
7590.
7592.
7597.
7601.
7606.
7613.
7619.
7626.
7631.
7638.
7644.
7652.
7661.
7667.
7673.
7679.
7685.
7690.
7695.
7701.
7705.
7709.
7714.
7717.
7722.
7724.
7728.
7731.
7734.
7737.
7740.
7742.
7746.
7748.
7753.
7757.
7759.
7763.
7767.
7772.
7776.
7783.
7788.
7794.
7801.
7809.
7817.
7825.
7833.
7842.
7851.
7860.
7869.
7879.
7887.
7898.
7907.
7916.
7925.
7934.
7941.
7949.
7957.
7963.
7969.
7974.
7979.
7982.
7985.
7988.
7989.
7989.
7990.
7989.
7987.
7985.
7983.
7980.
7977.
7972.
7968.
7963.
7958.
7953.
7947.
7941.
7935.
7927.
7920.
7913.
7904.
7896.
7888.
7881.
7873.
7865.
7856.
7848.
7840.
7831.
7823.
7815.
7806.
7796.
7787.
7779.
7771.
7762.
7754.
7745.
7737.
7729.
7721.
7712.
7704.
7698.
7690.
7682.
7675.
7668.
7661.
7653.
7646.
7640.
7634.
7627.
7620.
7616.
7609.
7602.
7596.
7591.
7586.
7580.
7576.
7571.
7564.
7560.
7555.
7550.
7545.
7538.
7534.
7530.
7525.
7520.
7515.
7511.
7506.
7503.
7500.
7496.
7493.
7491.
7489.
7487.
7487.
7487.
7489.
7492.
7495.
7498.
7503.
7508.
7514.
7520.
7528.
7535.
7544.
7553.
7561.
7571.
7582.
7591.
7601.
7613.
7624.
7636.
7647.
7658.
7669.
7681.
7694.
7706.
7718.
7728.
7740.
7754.
7764.
7776.
7787.
7798.
7810.
7822.
7834.
7847.
7859.
7871.
7883.
7893.
7903.
7915.
7927.
7939.
7950.
7961.
7970.
7982.
7992.
8002.
8012.
8022.
8033.
8043.
8053.
8062.
8072.
8081.
8091.
8101.
8110.
8119.
8129.
8136.
8145.
8153.
8159.
8168.
8175.
8182.
8188.
8195.
8202.
8207.
8212.
8219.
8224.
8228.
8233.
8239.
8243.
8249.
8252.
8258.
8261.
8266.
8269.
8274.
8280.
8285.
8289.
8294.
8299.
8305.
8310.
8317.
8323.
8330.
8338.
8344.
8350.
8358.
8365.
8369.
8376.
8383.
8390.
8395.
8401.
8406.
8410.
8413.
8416.
8419.
8420.
8421.
8421.
8421.
8420.
8420.
8418.
8416.
8414.
8410.
8408.
8406.
8402.
8398.
8394.
8389.
8385.
8380.
8375.
8370.
8366.
8362.
8357.
8352.
8348.
8343.
8337.
8332.
8327.
8321.
8316.
8312.
8306.
8301.
8296.
8291.
8287.
8280.
8276.
8269.
8265.
8260.
8253.
8246.
8241.
8235.
8228.
8221.
8214.
8207.
8200.
8193.
8185.
8180.
8173.
8165.
8157.
8149.
8142.
8135.
8126.
8118.
8110.
8103.
8096.
8088.
8081.
8073.
8066.
8059.
8052.
8044.
8037.
8031.
8024.
8016.
8010.
8004.
7997.
7991.
7985.
7979.
7972.
7967.
7960.
7954.
7948.
7943.
7937.
7932.
7926.
7920.
7914.
7908.
7903.
7897.
7891.
7887.
7882.
7877.
7872.
7868.
7862.
7858.
7854.
7850.
7844.
7839.
7835.
7833.
7829.
7826.
7825.
7822.
7822.
7822.
7821.
7822.
7824.
7827.
7832.
7837.
7842.
7847.
7854.
7863.
7869.
7878.
7886.
7895.
7904.
7913.
7925.
7935.
7945.
7954.
7965.
7974.
7984.
7994.
8005.
8016.
8026.
8037.
8046.
8056.
8064.
8070.
8073.
8074.
8070.
8063.
8053.
8041.
8028.
8016.
8002.
7987.
7972.
7957.
7941.
7927.
7914.
7902.
7889.
7877.
7865.
7855.
7845.
7838.
7833.
7827.
7824.
7822.
7821.
7822.
7821.
7821.
7822.
7822.
7823.
7825.
7826.
7829.
7830.
7832.
7834.
7835.
7836.
7837.
7838.
7839.
7839.
7840.
7839.
7836.
7837.
7836.
7833.
7832.
7829.
7828.
7825.
7821.
7818.
7816.
7812.
7809.
7805.
7801.
7797.
7791.
7788.
7783.
7777.
7772.
7768.
7764.
7758.
7755.
7752.
7747.
7743.
7739.
7737.
7735.
7732.
7730.
7729.
7728.
7728.
7727.
7728.
7730.
7730.
7731.
7734.
7737.
7740.
7744.
7749.
7754.
7757.
7762.
7767.
7773.
7776.
7782.
7788.
7793.
7798.
7804.
7809.
7814.
7818.
7822.
7826.
7828.
7832.
7833.
7836.
7839.
7839.
7841.
7842.
7840.
7840.
7839.
7836.
7834.
7830.
7828.
7823.
7819.
7815.
7810.
7805.
7801.
7796.
7790.
7785.
7778.
7773.
7766.
7760.
7754.
7748.
7741.
7735.
7730.
7724.
7718.
7711.
7705.
7700.
7694.
7689.
7682.
7676.
7671.
7666.
7660.
7655.
7650.
7646.
7642.
7637.
7631.
7625.
7622.
7617.
7613.
7608.
7603.
7598.
7595.
7590.
7586.
7581.
7577.
7572.
7568.
7565.
7562.
7559.
7557.
7554.
7552.
7549.
7549.
7549.
7550.
7551.
7553.
7556.
7559.
7562.
7566.
7572.
7577.
7585.
7590.
7599.
7606.
7614.
7622.
7630.
7639.
7648.
7657.
7665.
7674.
7683.
7694.
7704.
7714.
7724.
7733.
7745.
7755.
7765.
7775.
7785.
7795.
7805.
7816.
7827.
7837.
7847.
7858.
7869.
7880.
7889.
7900.
7909.
7919.
7929.
7939.
7949.
7959.
7968.
7976.
7985.
7995.
8004.
8012.
8022.
8030.
8039.
8049.
8056.
8064.
8070.
8079.
8087.
8094.
8100.
8107.
8112.
8118.
8124.
8131.
8137.
8141.
8145.
8149.
8153.
8156.
8156.
8160.
8161.
8163.
8163.
8161.
8158.
8153.
8145.
8137.
8131.
8125.
8117.
8111.
8106.
8099.
8093.
8087.
8080.
8073.
8067.
8062.
8056.
8049.
8041.
8034.
8028.
8023.
8018.
8013.
8008.
8001.
7994.
7988.
7982.
7976.
7969.
7963.
7957.
7953.
7949.
7944.
7941.
7937.
7931.
7926.
7924.
7922.
7920.
7919.
7918.
7918.
7916.
7915.
7914.
7913.
7912.
7911.
7912.
7911.
7913.
7913.
7914.
7915.
7916.
7916.
7918.
7917.
7917.
7915.
7915.
7914.
7914.
7914.
7913.
7914.
7914.
7914.
7913.
7913.
7911.
7910.
7909.
7908.
7906.
7904.
7902.
7901.
7897.
7894.
7892.
7889.
7885.
7883.
7879.
7874.
7871.
7865.
7862.
7857.
7851.
7847.
7841.
7835.
7830.
7824.
7820.
7815.
7808.
7803.
7797.
7793.
7788.
7782.
7776.
7770.
7765.
7761.
7755.
7751.
7746.
7741.
7736.
7732.
7728.
7722.
7718.
7714.
7710.
7706.
7702.
7698.
7694.
7690.
7685.
7682.
7680.
7675.
7672.
7670.
7666.
7663.
7659.
7658.
7656.
7656.
7655.
7655.
7655.
7656.
7658.
7660.
7665.
7668.
7673.
7679.
7684.
7693.
7700.
7708.
7716.
7725.
7735.
7743.
7752.
7762.
7771.
7783.
7793.
7804.
7815.
7826.
7837.
7848.
7859.
7870.
7881.
7893.
7904.
7916.
7927.
7940.
7951.
7964.
7974.
7986.
7997.
8007.
8018.
8026.
8036.
8044.
8052.
8058.
8061.
8061.
8059.
8054.
8046.
8037.
8028.
8018.
8008.
7996.
7984.
7972.
7960.
7952.
7945.
7941.
7937.
7936.
7936.
7935.
7935.
7935.
7937.
7938.
7937.
7935.
7933.
7933.
7931.
7930.
7927.
7925.
7921.
7916.
7913.
7909.
7905.
7899.
7894.
7888.
7882.
7877.
7871.
7864.
7857.
7851.
7843.
7837.
7829.
7822.
7815.
7809.
7800.
7793.
7786.
7780.
7772.
7768.
7760.
7756.
7751.
7745.
7740.
7736.
7732.
7729.
7728.
7726.
7723.
7722.
7722.
7722.
7723.
7722.
7726.
7728.
7730.
7733.
7738.
7741.
7744.
7748.
7752.
7756.
7758.
7763.
7767.
7770.
7774.
7778.
7781.
7784.
7786.
7788.
7790.
7792.
7792.
7792.
7794.
7794.
7793.
7792.
7792.
7792.
7794.
7796.
7799.
7804.
7810.
7817.
7823.
7830.
7836.
7844.
7851.
7856.
7861.
7864.
7869.
7871.
7871.
7871.
7867.
7863.
7859.
7854.
7849.
7845.
7840.
7835.
7829.
7823.
7817.
7810.
7806.
7800.
7794.
7788.
7783.
7779.
7773.
7769.
7764.
7760.
7754.
7751.
7745.
7742.
7736.
7733.
7729.
7725.
7721.
7717.
7713.
7709.
7706.
7703.
7700.
7696.
7692.
7690.
7687.
7684.
7684.
7682.
7682.
7682.
7683.
7685.
7688.
7692.
7694.
7698.
7703.
7709.
7714.
7721.
7727.
7734.
7742.
7751.
7761.
7770.
7777.
7788.
7797.
7808.
7819.
7829.
7840.
7850.
7860.
7872.
7883.
7894.
7905.
7917.
7928.
7938.
7949.
7960.
7973.
7983.
7995.
8006.
8017.
8027.
8038.
8049.
8059.
8070.
8079.
8088.
8097.
8104.
8107.
8106.
8103.
8096.
8087.
8079.
8069.
8059.
8050.
8042.
8038.
8034.
8034.
8036.
8037.
8038.
8040.
8041.
8043.
8043.
8044.
8043.
8041.
8040.
8039.
8037.
8035.
8032.
8030.
8025.
8022.
8017.
8013.
8007.
8005.
7998.
7994.
7989.
7983.
7977.
7972.
7966.
7960.
7953.
7948.
7942.
7936.
7930.
7924.
7917.
7912.
7907.
7900.
7894.
7889.
7884.
7881.
7877.
7871.
7868.
7864.
7859.
7857.
7854.
7851.
7849.
7848.
7848.
7846.
7846.
7847.
7848.
7849.
7849.
7852.
7855.
7858.
7861.
7866.
7870.
7875.
7879.
7883.
7888.
7892.
7898.
7902.
7908.
7912.
7916.
7921.
7926.
7930.
7934.
7938.
7941.
7944.
7946.
7947.
7948.
7949.
7950.
7950.
7950.
7947.
7944.
7942.
7940.
7937.
7934.
7929.
7925.
7921.
7917.
7910.
7906.
7900.
7895.
7889.
7883.
7878.
7873.
7867.
7860.
7853.
7847.
7842.
7836.
7831.
7824.
7819.
7814.
7809.
7803.
7798.
7792.
7786.
7783.
7776.
7772.
7767.
7763.
7758.
7753.
7747.
7743.
7739.
7735.
7731.
7727.
7722.
7718.
7715.
7711.
7707.
7703.
7700.
7696.
7692.
7687.
7683.
7681.
7676.
7673.
7669.
7666.
7662.
7660.
7658.
7657.
7656.
7657.
7658.
7659.
7662.
7666.
7671.
7676.
7681.
7688.
7695.
7704.
7711.
7719.
7729.
7738.
7747.
7759.
7769.
7779.
7790.
7801.
7814.
7825.
7837.
7849.
7861.
7874.
7886.
7897.
7909.
7922.
7934.
7947.
7960.
7973.
7986.
7997.
8009.
8023.
8036.
8050.
8061.
8073.
8085.
8097.
8107.
8118.
8129.
8137.
8144.
8145.
8144.
8139.
8132.
8122.
8113.
8103.
8092.
8082.
8073.
8065.
8060.
8056.
8054.
8053.
8053.
8054.
8055.
8053.
8054.
8055.
8054.
8055.
8054.
8054.
8053.
8052.
8050.
8046.
8045.
8044.
8039.
8035.
8032.
8027.
8023.
8018.
8012.
8006.
8000.
7994.
7988.
7979.
7972.
7964.
7957.
7948.
7940.
7932.
7922.
7913.
7903.
7894.
7884.
7877.
7867.
7857.
7848.
7840.
7829.
7820.
7810.
7801.
7792.
7783.
7775.
7765.
7756.
7750.
7741.
7734.
7727.
7720.
7715.
7709.
7705.
7698.
7696.
7691.
7686.
7683.
7681.
7677.
7675.
7674.
7675.
7676.
7677.
7678.
7680.
7682.
7685.
7686.
7692.
7696.
7699.
7702.
7706.
7710.
7714.
7719.
7724.
7727.
7730.
7732.
7736.
7738.
7740.
7742.
7745.
7745.
7744.
7744.
7742.
7741.
7738.
7736.
7733.
7729.
7725.
7721.
7717.
7713.
7707.
7703.
7698.
7693.
7687.
7681.
7676.
7671.
7666.
7661.
7657.
7652.
7647.
7642.
7636.
7632.
7627.
7624.
7620.
7614.
7611.
7606.
7602.
7598.
7594.
7590.
7587.
7583.
7578.
7575.
7571.
7568.
7563.
7560.
7555.
7552.
7549.
7545.
7542.
7539.
7537.
7534.
7533.
7533.
7533.
7534.
7537.
7539.
7542.
7547.
7552.
7557.
7564.
7569.
7576.
7584.
7593.
7601.
7610.
7620.
7629.
7638.
7649.
7658.
7667.
7678.
7688.
7698.
7708.
7720.
7730.
7739.
7749.
7761.
7769.
7779.
7789.
7798.
7808.
7817.
7824.
7833.
7842.
7850.
7858.
7865.
7872.
7880.
7888.
7895.
7902.
7909.
7915.
7921.
7927.
7934.
7940.
7946.
7951.
7957.
7960.
7967.
7973.
7979.
7984.
7990.
7996.
8002.
8007.
8014.
8019.
8026.
8033.
8040.
8048.
8054.
8060.
8068.
8076.
8084.
8092.
8101.
8110.
8118.
8127.
8136.
8143.
8152.
8160.
8168.
8174.
8182.
8189.
8195.
8200.
8204.
8208.
8210.
8212.
8214.
8215.
8214.
8214.
8212.
8209.
8206.
8202.
8198.
8193.
8187.
8183.
8178.
8172.
8165.
8157.
8151.
8144.
8137.
8129.
8123.
8115.
8108.
8102.
8095.
8087.
8079.
8072.
8065.
8058.
8050.
8044.
8036.
8030.
8022.
8016.
8008.
8002.
7995.
7988.
7982.
7976.
7968.
7961.
7956.
7951.
7944.
7938.
7935.
7929.
7925.
7920.
7915.
7910.
7906.
7903.
7900.
7896.
7891.
7888.
7885.
7882.
7879.
7877.
7873.
7870.
7867.
7864.
7861.
7858.
7857.
7854.
7853.
7851.
7848.
7844.
7843.
7842.
7839.
7837.
7834.
7832.
7829.
7828.
7827.
7825.
7823.
7822.
7820.
7819.
7819.
7819.
7818.
7817.
7819.
7821.
7823.
7827.
7831.
7836.
7840.
7847.
7853.
7860.
7868.
7877.
7885.
7897.
7907.
7915.
7925.
7937.
7948.
7958.
7971.
7984.
7997.
8009.
8022.
8035.
8049.
8061.
8074.
8086.
8098.
8110.
8121.
8133.
8144.
8155.
8167.
8176.
8187.
8196.
8206.
8215.
8223.
8233.
8242.
8250.
8259.
8267.
8273.
8276.
8279.
8281.
8280.
8280.
8280.
8279.
8277.
8275.
8271.
8268.
8263.
8260.
8256.
8253.
8248.
8244.
8240.
8235.
8231.
8227.
8224.
8221.
8218.
8214.
8210.
8208.
8205.
8202.
8199.
8198.
8196.
8194.
8192.
8188.
8186.
8182.
8178.
8178.
8176.
8173.
8172.
8170.
8170.
8169.
8169.
8167.
8168.
8169.
8169.
8169.
8170.
8171.
8171.
8172.
8172.
8172.
8172.
8172.
8171.
8171.
8171.
8170.
8168.
8166.
8165.
8163.
8162.
8157.
8156.
8152.
8148.
8145.
8142.
8137.
8133.
8127.
8123.
8118.
8113.
8107.
8102.
8097.
8090.
8084.
8079.
8073.
8065.
8060.
8054.
8049.
8042.
8037.
8033.
8026.
8023.
8019.
8016.
8012.
8009.
8008.
8006.
8005.
8004.
8005.
8007.
8010.
8015.
8018.
8022.
8026.
8031.
8038.
8045.
8052.
8059.
8067.
8075.
8085.
8094.
8102.
8111.
8119.
8129.
8139.
8148.
8155.
8165.
8173.
8179.
8186.
8191.
8198.
8204.
8208.
8213.
8217.
8222.
8224.
8226.
8228.
8229.
8229.
8231.
8230.
8229.
8227.
8226.
8224.
8219.
8216.
8211.
8207.
8201.
8196.
8191.
8185.
8180.
8172.
8164.
8157.
8149.
8142.
8135.
8128.
8120.
8113.
8107.
8099.
8092.
8084.
8077.
8068.
8059.
8048.
8034.
8023.
8011.
8000.
7990.
7982.
7975.
7967.
7957.
7947.
7938.
7928.
7919.
7909.
7898.
7888.
7878.
7866.
7856.
7847.
7838.
7828.
7820.
7809.
7801.
7793.
7784.
7775.
7766.
7758.
7749.
7742.
7735.
7728.
7720.
7711.
7706.
7702.
7697.
7693.
7691.
7690.
7690.
7693.
7699.
7704.
7709.
7716.
7723.
7730.
7737.
7743.
7751.
7759.
7767.
7776.
7785.
7792.
7800.
7809.
7817.
7824.
7832.
7840.
7846.
7854.
7864.
7870.
7877.
7885.
7894.
7899.
7907.
7914.
7920.
7927.
7935.
7941.
7948.
7953.
7959.
7966.
7973.
7978.
7984.
7990.
7997.
8004.
8012.
8021.
8028.
8034.
8043.
8051.
8059.
8070.
8079.
8088.
8098.
8109.
8120.
8130.
8142.
8155.
8166.
8176.
8190.
8202.
8213.
8227.
8241.
8251.
8263.
8275.
8287.
8297.
8307.
8318.
8326.
8336.
8343.
8349.
8355.
8360.
8365.
8370.
8374.
8377.
8379.
8380.
8380.
8381.
8380.
8379.
8378.
8376.
8373.
8371.
8368.
8366.
8363.
8360.
8356.
8352.
8349.
8346.
8342.
8338.
8334.
8330.
8325.
8320.
8316.
8312.
8308.
8302.
8297.
8293.
8288.
8282.
8276.
8271.
8265.
8260.
8255.
8250.
8242.
8235.
8228.
8221.
8213.
8204.
8197.
8189.
8180.
8173.
8163.
8154.
8146.
8136.
8127.
8117.
8109.
8100.
8090.
8083.
8073.
8065.
8056.
8048.
8039.
8030.
8022.
8015.
8007.
8000.
7990.
7983.
7974.
7967.
7958.
7952.
7945.
7939.
7932.
7925.
7918.
7909.
7903.
7897.
7890.
7884.
7879.
7873.
7868.
7862.
7856.
7851.
7845.
7840.
7835.
7830.
7826.
7819.
7814.
7810.
7807.
7801.
7798.
7794.
7791.
7788.
7786.
7786.
7786.
7786.
7787.
7788.
7790.
7793.
7797.
7801.
7805.
7811.
7817.
7824.
7831.
7839.
7847.
7854.
7863.
7871.
7880.
7890.
7900.
7910.
7921.
7930.
7939.
7949.
7958.
7968.
7978.
7988.
7999.
8008.
8018.
8028.
8039.
8049.
8057.
8067.
8076.
8086.
8095.
8105.
8113.
8120.
8125.
8127.
8126.
8121.
8115.
8105.
8091.
8079.
8065.
8050.
8034.
8019.
8002.
7985.
7970.
7956.
7940.
7928.
7916.
7907.
7898.
7892.
7887.
7882.
7880.
7878.
7876.
7875.
7875.
7873.
7872.
7870.
7870.
7870.
7869.
7868.
7866.
7865.
7863.
7862.
7860.
7858.
7856.
7853.
7850.
7847.
7844.
7839.
7836.
7832.
7828.
7822.
7818.
7814.
7808.
7803.
7796.
7792.
7787.
7781.
7776.
7770.
7764.
7758.
7753.
7747.
7743.
7738.
7734.
7728.
7726.
7722.
7718.
7715.
7712.
7712.
7711.
7710.
7709.
7712.
7713.
7715.
7718.
7721.
7725.
7728.
7735.
7741.
7747.
7754.
7761.
7768.
7775.
7783.
7790.
7798.
7806.
7814.
7820.
7827.
7835.
7841.
7847.
7852.
7856.
7862.
7865.
7869.
7871.
7873.
7876.
7877.
7879.
7878.
7878.
7878.
7876.
7874.
7871.
7868.
7864.
7860.
7856.
7851.
7845.
7839.
7833.
7826.
7819.
7811.
7803.
7796.
7788.
7779.
7771.
7761.
7752.
7743.
7734.
7725.
7716.
7707.
7699.
7689.
7680.
7671.
7662.
7653.
7645.
7636.
7627.
7618.
7609.
7601.
7593.
7585.
7578.
7569.
7561.
7554.
7547.
7540.
7534.
7526.
7520.
7513.
7505.
7499.
7494.
7487.
7481.
7474.
7469.
7463.
7456.
7451.
7445.
7439.
7434.
7429.
7422.
7416.
7410.
7406.
7401.
7396.
7391.
7386.
7384.
7381.
7379.
7377.
7375.
7375.
7374.
7376.
7378.
7381.
7385.
7389.
7394.
7398.
7405.
7409.
7416.
7423.
7430.
7436.
7446.
7454.
7462.
7470.
7479.
7487.
7496.
7504.
7513.
7523.
7531.
7540.
7550.
7559.
7568.
7578.
7587.
7597.
7605.
7615.
7625.
7635.
7644.
7654.
7664.
7673.
7684.
7693.
7703.
7713.
7722.
7732.
7740.
7749.
7759.
7767.
7776.
7786.
7794.
7802.
7810.
7818.
7827.
7834.
7842.
7849.
7858.
7866.
7874.
7880.
7886.
7892.
7899.
7907.
7912.
7918.
7923.
7930.
7935.
7940.
7947.
7952.
7957.
7963.
7968.
7973.
7977.
7983.
7990.
7995.
8000.
8006.
8011.
8018.
8025.
8030.
8038.
8044.
8053.
8060.
8069.
8078.
8087.
8097.
8106.
8115.
8122.
8132.
8141.
8152.
8160.
8167.
8177.
8184.
8192.
8199.
8205.
8210.
8214.
8219.
8224.
8227.
8227.
8228.
8229.
8230.
8229.
8229.
8227.
8224.
8221.
8218.
8215.
8211.
8208.
8203.
8199.
8195.
8190.
8185.
8180.
8176.
8171.
8166.
8160.
8155.
8149.
8144.
8138.
8131.
8125.
8119.
8113.
8106.
8100.
8094.
8086.
8079.
8072.
8065.
8057.
8050.
8043.
8036.
8027.
8019.
8012.
8004.
7996.
7987.
7979.
7971.
7963.
7954.
7946.
7938.
7929.
7922.
7915.
7907.
7900.
7893.
7883.
7876.
7871.
7863.
7856.
7850.
7842.
7836.
7830.
7823.
7819.
7812.
7806.
7800.
7794.
7790.
7783.
7778.
7774.
7770.
7764.
7760.
7755.
7750.
7746.
7742.
7738.
7734.
7730.
7726.
7722.
7718.
7714.
7709.
7704.
7700.
7696.
7692.
7689.
7683.
7680.
7678.
7675.
7673.
7668.
7667.
7665.
7663.
7663.
7663.
7663.
7664.
7665.
7667.
7671.
7674.
7677.
7682.
7687.
7694.
7700.
7706.
7713.
7721.
7729.
7735.
7744.
7753.
7762.
7770.
7781.
7788.
7797.
7807.
7818.
7828.
7838.
7848.
7856.
7865.
7876.
7885.
7896.
7906.
7915.
7927.
7937.
7946.
7956.
7967.
7975.
7986.
7995.
8004.
8015.
8023.
8033.
8040.
8050.
8059.
8067.
8075.
8084.
8091.
8098.
8104.
8111.
8116.
8121.
8125.
8127.
8129.
8129.
8127.
8124.
8121.
8119.
8116.
8114.
8109.
8108.
8106.
8104.
8103.
8102.
8102.
8103.
8101.
8101.
8101.
8101.
8101.
8100.
8099.
8100.
8101.
8100.
8100.
8100.
8099.
8099.
8097.
8096.
8095.
8094.
8091.
8088.
8088.
8087.
8083.
8080.
8078.
8075.
8071.
8067.
8061.
8056.
8052.
8047.
8043.
8038.
8031.
8026.
8021.
8016.
8010.
8004.
7999.
7993.
7985.
7981.
7975.
7969.
7964.
7958.
7953.
7948.
7943.
7939.
7934.
7930.
7926.
7923.
7919.
7916.
7914.
7912.
7911.
7909.
7909.
7909.
7909.
7909.
7911.
7913.
7916.
7919.
7923.
7927.
7930.
7935.
7939.
7943.
7948.
7953.
7957.
7962.
7967.
7971.
7976.
7978.
7981.
7985.
7987.
7991.
7992.
7995.
7995.
7996.
7997.
7997.
7997.
7995.
7996.
7991.
7988.
7984.
7980.
7977.
7972.
7968.
7963.
7958.
7952.
7946.
7939.
7933.
7926.
7919.
7911.
7905.
7898.
7890.
7881.
7875.
7867.
7859.
7853.
7847.
7838.
7830.
7822.
7816.
7809.
7802.
7795.
7788.
7782.
7777.
7769.
7763.
7757.
7751.
7746.
7740.
7735.
7731.
7726.
7722.
7717.
7713.
7709.
7702.
7691.
7692.
7693.
7691.
7689.
7684.
7681.
7678.
7676.
7674.
7672.
7672.
7671.
7670.
7671.
7672.
7674.
7676.
7678.
7683.
7687.
7694.
7701.
7707.
7714.
7722.
7730.
7739.
7754.
7753.
7753.
7771.
7789.
7798.
7808.
7819.
7829.
7840.
7852.
7864.
7875.
7887.
7899.
7910.
7921.
7933.
7944.
7956.
7967.
7978.
7990.
8002.
8014.
8025.
8035.
8047.
8057.
8069.
8081.
8091.
8102.
8113.
8124.
8135.
8144.
8154.
8164.
8174.
8184.
8194.
8203.
8211.
8221.
8230.
8239.
8247.
8255.
8262.
8269.
8272.
8272.
8267.
8260.
8249.
8236.
8223.
8211.
8197.
8183.
8173.
8165.
8159.
8154.
8149.
8145.
8141.
8137.
8132.
8128.
8124.
8118.
8114.
8108.
8103.
8097.
8091.
8084.
8078.
8072.
8065.
8057.
8050.
8044.
8037.
8029.
8024.
8018.
8011.
8005.
7998.
7991.
7986.
7981.
7977.
7972.
7967.
7964.
7960.
7958.
7953.
7951.
7949.
7947.
7945.
7943.
7941.
7942.
7943.
7942.
7942.
7943.
7943.
7945.
7945.
7946.
7947.
7948.
7949.
7951.
7952.
7955.
7955.
7958.
7957.
7958.
7957.
7958.
7958.
7958.
7955.
7955.
7953.
7951.
7949.
7947.
7943.
7939.
7935.
7930.
7924.
7919.
7913.
7906.
7901.
7893.
7889.
7881.
7873.
7867.
7860.
7854.
7847.
7840.
7832.
7827.
7819.
7812.
7806.
7799.
7792.
7786.
7780.
7774.
7768.
7763.
7758.
7751.
7747.
7741.
7736.
7732.
7726.
7721.
7717.
7713.
7708.
7704.
7699.
7696.
7691.
7686.
7682.
7677.
7673.
7669.
7665.
7661.
7655.
7650.
7646.
7644.
7640.
7636.
7632.
7628.
7626.
7624.
7623.
7621.
7620.
7619.
7620.
7620.
7622.
7624.
7627.
7632.
7636.
7641.
7646.
7653.
7660.
7667.
7674.
7682.
7691.
7699.
7708.
7716.
7725.
7737.
7746.
7756.
7766.
7776.
7787.
7797.
7807.
7820.
7831.
7842.
7853.
7863.
7874.
7887.
7897.
7907.
7917.
7929.
7939.
7949.
7959.
7971.
7981.
7990.
8001.
8012.
8023.
8032.
8043.
8054.
8064.
8074.
8085.
8095.
8104.
8111.
8115.
8116.
8114.
8108.
8101.
8093.
8081.
8072.
8065.
8056.
8052.
8048.
8048.
8049.
8050.
8051.
8053.
8055.
8055.
8055.
8055.
8055.
8055.
8054.
8053.
8053.
8050.
8048.
8045.
8042.
8039.
8036.
8033.
8027.
8022.
8018.
8013.
8007.
8001.
7994.
7988.
7981.
7974.
7966.
7958.
7951.
7944.
7935.
7927.
7917.
7909.
7901.
7893.
7883.
7874.
7867.
7857.
7848.
7839.
7831.
7823.
7815.
7807.
7799.
7791.
7784.
7776.
7768.
7762.
7756.
7750.
7744.
7737.
7732.
7726.
7722.
7718.
7713.
7710.
7707.
7704.
7702.
7700.
7698.
7697.
7698.
7698.
7697.
7698.
7699.
7700.
7701.
7704.
7706.
7709.
7711.
7713.
7717.
7721.
7724.
7728.
7733.
7736.
7739.
7742.
7746.
7750.
7751.
7754.
7756.
7758.
7759.
7761.
7761.
7761.
7762.
7760.
7759.
7758.
7757.
7754.
7750.
7748.
7746.
7742.
7738.
7733.
7729.
7725.
7721.
7717.
7711.
7708.
7704.
7698.
7692.
7688.
7683.
7677.
7673.
7666.
7662.
7657.
7651.
7646.
7642.
7636.
7632.
7628.
7622.
7616.
7613.
7608.
7604.
7599.
7595.
7589.
7586.
7582.
7577.
7574.
7570.
7566.
7562.
7558.
7553.
7550.
7546.
7543.
7539.
7534.
7531.
7528.
7525.
7521.
7518.
7515.
7512.
7509.
7507.
7505.
7506.
7505.
7504.
7506.
7508.
7512.
7515.
7521.
7525.
7531.
7537.
7543.
7550.
7558.
7566.
7574.
7584.
7592.
7602.
7612.
7621.
7630.
7641.
7649.
7660.
7670.
7679.
7690.
7699.
7709.
7719.
7729.
7739.
7748.
7759.
7769.
7780.
7791.
7800.
7811.
7820.
7831.
7842.
7852.
7861.
7872.
7883.
7893.
7902.
7913.
7925.
7935.
7944.
7954.
7964.
7972.
7983.
7992.
8000.
8011.
8020.
8028.
8037.
8043.
8047.
8047.
8043.
8037.
8028.
8019.
8008.
7996.
7986.
7976.
7965.
7956.
7950.
7944.
7941.
7938.
7938.
7937.
7937.
7936.
7934.
7920.
7928.
7918.
7921.
7929.
7927.
7925.
7923.
7921.
7918.
7917.
7914.
7910.
7908.
7906.
7902.
7898.
7894.
7890.
7886.
7881.
7878.
7871.
7867.
7863.
7857.
7852.
7845.
7841.
7835.
7828.
7823.
7818.
7811.
7805.
7798.
7792.
7786.
7778.
7772.
7767.
7761.
7754.
7748.
7741.
7735.
7731.
7726.
7722.
7717.
7714.
7709.
7706.
7703.
7702.
7700.
7699.
7697.
7696.
7696.
7697.
7699.
7700.
7701.
7703.
7704.
7704.
7707.
7708.
7710.
7712.
7714.
7715.
7718.
7721.
7724.
7728.
7731.
7735.
7741.
7745.
7750.
7755.
7758.
7763.
7764.
7766.
7768.
7767.
7765.
7764.
7761.
7757.
7756.
7755.
7754.
7754.
7754.
7753.
7755.
7757.
7764.
7761.
7761.
7761.
7760.
7761.
7761.
7761.
7759.
7756.
7752.
7750.
7746.
7742.
7739.
7734.
7728.
7724.
7720.
7713.
7708.
7702.
7697.
7692.
7687.
7680.
7675.
7671.
7664.
7658.
7653.
7647.
7642.
7638.
7633.
7627.
7622.
7617.
7612.
7607.
7602.
7598.
7593.
7589.
7585.
7580.
7576.
7570.
7565.
7561.
7557.
7553.
7549.
7545.
7539.
7534.
7529.
7525.
7520.
7515.
7512.
7508.
7505.
7503.
7500.
7497.
7497.
7495.
7496.
7496.
7498.
7501.
7504.
7506.
7511.
7515.
7521.
7526.
7531.
7536.
7542.
7550.
7556.
7561.
7568.
7576.
7584.
7591.
7598.
7606.
7615.
7622.
7629.
7638.
7646.
7654.
7662.
7670.
7677.
7686.
7694.
7702.
7710.
7718.
7726.
7734.
7742.
7749.
7755.
7762.
7766.
7768.
7769.
7766.
7760.
7752.
7741.
7730.
7719.
7709.
7698.
7689.
7684.
7682.
7680.
7683.
7683.
7683.
7685.
7686.
7688.
7689.
7689.
7689.
7690.
7691.
7690.
7690.
7689.
7689.
7689.
7689.
7688.
7688.
7686.
7685.
7684.
7684.
7684.
7685.
7685.
7686.
7687.
7687.
7688.
7689.
7690.
7692.
7694.
7697.
7700.
7703.
7706.
7710.
7715.
7719.
7722.
7728.
7733.
7738.
7743.
7748.
7753.
7758.
7763.
7770.
7773.
7779.
7784.
7788.
7792.
7795.
7798.
7803.
7807.
7809.
7811.
7813.
7816.
7817.
7817.
7819.
7819.
7818.
7818.
7818.
7816.
7814.
7813.
7811.
7808.
7806.
7803.
7800.
7797.
7793.
7791.
7786.
7784.
7780.
7774.
7771.
7765.
7761.
7757.
7753.
7748.
7742.
7737.
7732.
7727.
7722.
7717.
7712.
7707.
7701.
7697.
7693.
7687.
7682.
7677.
7673.
7669.
7663.
7661.
7657.
7653.
7649.
7646.
7642.
7639.
7636.
7631.
7628.
7625.
7622.
7619.
7617.
7614.
7612.
7610.
7606.
7603.
7600.
7598.
7594.
7591.
7588.
7585.
7582.
7579.
7577.
7574.
7571.
7569.
7567.
7566.
7565.
7564.
7565.
7565.
7566.
7566.
7570.
7573.
7577.
7581.
7586.
7591.
7597.
7603.
7611.
7616.
7625.
7634.
7643.
7649.
7659.
7668.
7677.
7686.
7694.
7704.
7714.
7723.
7733.
7743.
7753.
7762.
7772.
7782.
7792.
7802.
7812.
7821.
7831.
7841.
7851.
7861.
7871.
7882.
7892.
7902.
7911.
7921.
7931.
7939.
7949.
7959.
7969.
7977.
7987.
7997.
8003.
8013.
8021.
8031.
8039.
8047.
8054.
8062.
8071.
8077.
8082.
8088.
8093.
8098.
8100.
8101.
8097.