8127.
8132.
8138.
8144.
8146.
8148.
8149.
8146.
8143.
8136.
8134.
8132.
8131.
8132.
8134.
8136.
8138.
8138.
8140.
8140.
8141.
8142.
8141.
8141.
8142.
8141.
8142.
8143.
8141.
8140.
8140.
8138.
8138.
8137.
8136.
8135.
8135.
8133.
8131.
8129.
8128.
8126.
8124.
8121.
8121.
8119.
8116.
8114.
8112.
8110.
8108.
8104.
8102.
8099.
8096.
8093.
8091.
8087.
8085.
8082.
8079.
8076.
8073.
8070.
8066.
8064.
8060.
8057.
8053.
8050.
8046.
8042.
8038.
8038.
8034.
8030.
8027.
8023.
8019.
8016.
8011.
8008.
8004.
8000.
7997.
7993.
7990.
7986.
7982.
7978.
7976.
7971.
7966.
7963.
7959.
7955.
7951.
7948.
7943.
7940.
7936.
7932.
7930.
7926.
7925.
7926.
7928.
7931.
7937.
7942.
7947.
7952.
7953.
7957.
7957.
7957.
7957.
7956.
7957.
7956.
7955.
7955.
7954.
7955.
7955.
7954.
7955.
7955.
7954.
7953.
7954.
7953.
7954.
7955.
7955.
7955.
7955.
7954.
7954.
7955.
7956.
7955.
7957.
7957.
7957.
7958.
7959.
7961.
7961.
7963.
7963.
7965.
7966.
7968.
7970.
7973.
7973.
7975.
7978.
7981.
7987.
7986.
7989.
7991.
7996.
7999.
8001.
8006.
8008.
8013.
8016.
8022.
8024.
8029.
8034.
8037.
8043.
8048.
8053.
8057.
8059.
8061.
8060.
8058.
8053.
8049.
8048.
8048.
8049.
8052.
8054.
8056.
8059.
8061.
8063.
8064.
8065.
8067.
8069.
8070.
8070.
8072.
8072.
8073.
8075.
8074.
8075.
8076.
8076.
8075.
8075.
8075.
8074.
8074.
8073.
8073.
8072.
8071.
8070.
8069.
8068.
8066.
8066.
8063.
8061.
8059.
8058.
8057.
8053.
8051.
8050.
8047.
8044.
8041.
8038.
8037.
8033.
8030.
8027.
8024.
8022.
8018.
8015.
8012.
8010.
8006.
8003.
7999.
7997.
7993.
7989.
7986.
7983.
7978.
7976.
7973.
7970.
7966.
7963.
7959.
7956.
7954.
7951.
7947.
7945.
7940.
7938.
7935.
7931.
7928.
7926.
7922.
7920.
7917.
7914.
7911.
7909.
7907.
7905.
7902.
7901.
7899.
7897.
7895.
7894.
7892.
7891.
7890.
7889.
7890.
7890.
7889.
7889.
7890.
7892.
7893.
7893.
7897.
7900.
7902.
7905.
7908.
7913.
7916.
7922.
7926.
7932.
7936.
7942.
7948.
7955.
7961.
7968.
7976.
7981.
7988.
7996.
8002.
8010.
8017.
8025.
8031.
8041.
8048.
8054.
8060.
8069.
8076.
8083.
8089.
8096.
8101.
8102.
8102.
8097.
8089.
8082.
8074.
8067.
8062.
8058.
8055.
8054.
8053.
8053.
8052.
8053.
8052.
8050.
8048.
8047.
8044.
8041.
8037.
8033.
8029.
8026.
8021.
8015.
8009.
8005.
7998.
7992.
7986.
7979.
7974.
7966.
7958.
7950.
7942.
7934.
7927.
7919.
7911.
7902.
7893.
7885.
7876.
7869.
7858.
7851.
7841.
7832.
7823.
7815.
7805.
7796.
7787.
7776.
7767.
7758.
7749.
7738.
7730.
7719.
7711.
7702.
7691.
7683.
7675.
7666.
7658.
7651.
7643.
7636.
7627.
7619.
7612.
7605.
7598.
7592.
7586.
7579.
7573.
7566.
7560.
7556.
7550.
7544.
7540.
7534.
7531.
7526.
7521.
7517.
7513.
7509.
7504.
7500.
7498.
7495.
7491.
7487.
7484.
7481.
7478.
7475.
7474.
7471.
7468.
7467.
7465.
7463.
7463.
7461.
7461.
7459.
7459.
7458.
7458.
7458.
7458.
7458.
7457.
7457.
7457.
7456.
7457.
7458.
7459.
7460.
7461.
7463.
7462.
7464.
7465.
7469.
7471.
7472.
7477.
7481.
7486.
7490.
7495.
7501.
7509.
7519.
7528.
7535.
7546.
7558.
7569.
7581.
7595.
7608.
7621.
7635.
7648.
7662.
7676.
7690.
7704.
7718.
7732.
7745.
7758.
7771.
7783.
7796.
7807.
7819.
7828.
7840.
7849.
7860.
7869.
7879.
7888.
7897.
7905.
7914.
7921.
7929.
7936.
7943.
7950.
7956.
7962.
7969.
7975.
7980.
7985.
7991.
7996.
8001.
8006.
8011.
8016.
8021.
8027.
8033.
8038.
8046.
8052.
8058.
8065.
8073.
8080.
8087.
8094.
8101.
8107.
8116.
8121.
8129.
8135.
8140.
8148.
8152.
8157.
8161.
8164.
8167.
8169.
8168.
8168.
8166.
8164.
8160.
8156.
8150.
8144.
8136.
8128.
8121.
8114.
8104.
8095.
8086.
8074.
8066.
8055.
8044.
8034.
8023.
8012.
8002.
7992.
7981.
7971.
7961.
7952.
7942.
7931.
7922.
7913.
7904.
7895.
7885.
7879.
7870.
7863.
7856.
7848.
7841.
7833.
7828.
7822.
7815.
7808.
7803.
7797.
7792.
7787.
7782.
7776.
7770.
7765.
7762.
7758.
7753.
7749.
7743.
7740.
7735.
7731.
7726.
7722.
7718.
7712.
7708.
7704.
7700.
7695.
7690.
7686.
7682.
7678.
7675.
7671.
7668.
7663.
7660.
7658.
7656.
7654.
7652.
7650.
7651.
7652.
7654.
7657.
7660.
7665.
7670.
7676.
7682.
7688.
7697.
7706.
7716.
7726.
7738.
7749.
7761.
7773.
7785.
7797.
7811.
7825.
7838.
7852.
7868.
7880.
7896.
7910.
7924.
7939.
7954.
7969.
7984.
7999.
8015.
8029.
8045.
8057.
8070.
8081.
8088.
8088.
8089.
8085.
8078.
8070.
8061.
8051.
8041.
8033.
8024.
8016.
8008.
8000.
7995.
7993.
7992.
7993.
7994.
7996.
7999.
8001.
8002.
8003.
8006.
8008.
8009.
8009.
8010.
8012.
8012.
8011.
8010.
8010.
8009.
8006.
8004.
8001.
7998.
7994.
7989.
7982.
7975.
7972.
7962.
7955.
7947.
7937.
7929.
7918.
7908.
7896.
7886.
7875.
7864.
7852.
7841.
7829.
7816.
7804.
7791.
7778.
7766.
7753.
7742.
7729.
7716.
7705.
7691.
7679.
7666.
7654.
7642.
7631.
7618.
7608.
7596.
7586.
7575.
7564.
7554.
7545.
7533.
7526.
7515.
7507.
7499.
7494.
7493.
7496.
7504.
7520.
7539.
7562.
7586.
7614.
7643.
7672.
7700.
7728.
7754.
7778.
7799.
7817.
7830.
7842.
7853.
7865.
7875.
7887.
7898.
7907.
7917.
7927.
7936.
7943.
7952.
7960.
7968.
7975.
7982.
7989.
7995.
7999.
8006.
8010.
8013.
8017.
8021.
8022.
8026.
8027.
8029.
8030.
8031.
8032.
8032.
8031.
8031.
8031.
8030.
8029.
8028.
8027.
8026.
8023.
8022.
8019.
8018.
8014.
8011.
8008.
8004.
8001.
7997.
7994.
7991.
7988.
7985.
7984.
7982.
7982.
7980.
7981.
7983.
7984.
7989.
7995.
8003.
8010.
8018.
8027.
8040.
8052.
8064.
8076.
8088.
8102.
8115.
8129.
8143.
8157.
8172.
8183.
8197.
8212.
8225.
8237.
8250.
8262.
8275.
8287.
8300.
8309.
8317.
8319.
8319.
8312.
8304.
8294.
8281.
8267.
8253.
8243.
8234.
8227.
8223.
8221.
8219.
8216.
8214.
8212.
8208.
8204.
8198.
8194.
8188.
8183.
8176.
8169.
8161.
8153.
8145.
8136.
8129.
8118.
8107.
8097.
8086.
8076.
8064.
8051.
8040.
8028.
8016.
8004.
7990.
7977.
7965.
7951.
7939.
7925.
7913.
7899.
7886.
7874.
7860.
7849.
7836.
7824.
7812.
7799.
7788.
7777.
7765.
7755.
7744.
7734.
7724.
7715.
7706.
7696.
7687.
7679.
7673.
7665.
7658.
7650.
7644.
7639.
7635.
7629.
7625.
7622.
7619.
7616.
7615.
7613.
7611.
7612.
7613.
7613.
7616.
7617.
7620.
7622.
7628.
7633.
7639.
7644.
7651.
7658.
7665.
7673.
7681.
7689.
7699.
7709.
7717.
7725.
7734.
7741.
7750.
7757.
7765.
7773.
7781.
7786.
7792.
7798.
7804.
7808.
7812.
7816.
7821.
7823.
7825.
7826.
7828.
7829.
7830.
7823.
7828.
7828.
7827.
7825.
7824.
7822.
7820.
7818.
7816.
7813.
7810.
7807.
7805.
7803.
7800.
7796.
7794.
7792.
7788.
7786.
7782.
7781.
7779.
7774.
7772.
7769.
7765.
7764.
7761.
7758.
7755.
7754.
7752.
7753.
7751.
7751.
7754.
7756.
7759.
7764.
7771.
7778.
7785.
7794.
7803.
7812.
7823.
7836.
7848.
7860.
7873.
7884.
7898.
7912.
7926.
7939.
7954.
7968.
7981.
7995.
8009.
8021.
8036.
8048.
8062.
8074.
8086.
8098.
8110.
8120.
8130.
8137.
8141.
8142.
8139.
8133.
8126.
8116.
8106.
8096.
8087.
8080.
8075.
8071.
8071.
8073.
8072.
8073.
8075.
8074.
8074.
8075.
8073.
8073.
8072.
8070.
8069.
8066.
8064.
8060.
8056.
8052.
8048.
8045.
8037.
8032.
8027.
8019.
8014.
8006.
7998.
7990.
7981.
7973.
7965.
7954.
7945.
7935.
7924.
7914.
7902.
7890.
7879.
7868.
7856.
7844.
7831.
7819.
7807.
7795.
7782.
7769.
7755.
7742.
7729.
7717.
7704.
7691.
7677.
7666.
7653.
7640.
7627.
7614.
7602.
7590.
7577.
7566.
7554.
7542.
7531.
7521.
7509.
7499.
7488.
7479.
7471.
7461.
7453.
7444.
7437.
7431.
7427.
7427.
7430.
7439.
7453.
7472.
7493.
7516.
7543.
7570.
7597.
7624.
7652.
7679.
7706.
7730.
7753.
7772.
7790.
7804.
7818.
7829.
7840.
7852.
7864.
7874.
7885.
7894.
7904.
7913.
7921.
7931.
7940.
7947.
7955.
7964.
7970.
7976.
7982.
7988.
7993.
7997.
8001.
8007.
8010.
8011.
8013.
8017.
8018.
8019.
8020.
8020.
8021.
8020.
8020.
8017.
8016.
8015.
8012.
8009.
8007.
8005.
8002.
7998.
7996.
7993.
7988.
7986.
7981.
7978.
7974.
7968.
7964.
7961.
7955.
7951.
7948.
7942.
7938.
7935.
7931.
7928.
7926.
7925.
7925.
7926.
7929.
7932.
7937.
7941.
7947.
7954.
7961.
7969.
7977.
7986.
7995.
8004.
8014.
8023.
8033.
8044.
8055.
8065.
8075.
8085.
8096.
8106.
8117.
8127.
8136.
8146.
8157.
8166.
8175.
8186.
8195.
8204.
8214.
8223.
8231.
8237.
8239.
8235.
8228.
8219.
8208.
8200.
8191.
8185.
8180.
8177.
8173.
8173.
8172.
8170.
8169.
8166.
8162.
8160.
8155.
8151.
8146.
8140.
8136.
8129.
8121.
8116.
8109.
8100.
8093.
8085.
8075.
8068.
8060.
8051.
8042.
8033.
8025.
8016.
8006.
7996.
7986.
7977.
7968.
7957.
7946.
7936.
7928.
7918.
7910.
7899.
7891.
7880.
7872.
7865.
7856.
7849.
7841.
7834.
7828.
7821.
7815.
7810.
7805.
7798.
7794.
7792.
7789.
7785.
7782.
7780.
7778.
7777.
7776.
7774.
7776.
7774.
7776.
7776.
7779.
7781.
7784.
7787.
7790.
7793.
7797.
7802.
7806.
7812.
7817.
7821.
7826.
7830.
7836.
7841.
7845.
7849.
7852.
7856.
7858.
7861.
7863.
7866.
7868.
7871.
7872.
7872.
7872.
7872.
7871.
7870.
7867.
7867.
7863.
7861.
7857.
7856.
7851.
7848.
7845.
7841.
7839.
7834.
7831.
7826.
7822.
7817.
7814.
7810.
7806.
7802.
7797.
7793.
7789.
7786.
7782.
7779.
7774.
7770.
7767.
7763.
7761.
7757.
7754.
7750.
7747.
7743.
7738.
7735.
7733.
7730.
7729.
7726.
7724.
7722.
7722.
7722.
7724.
7727.
7728.
7732.
7738.
7743.
7749.
7754.
7762.
7772.
7780.
7791.
7800.
7810.
7821.
7832.
7843.
7855.
7867.
7880.
7893.
7904.
7917.
7931.
7943.
7956.
7968.
7981.
7993.
8005.
8017.
8031.
8043.
8054.
8065.
8078.
8090.
8102.
8113.
8125.
8135.
8145.
8154.
8165.
8175.
8185.
8195.
8203.
8213.
8222.
8232.
8241.
8249.
8256.
8264.
8272.
8280.
8287.
8292.
8300.
8306.
8314.
8320.
8325.
8332.
8338.
8344.
8349.
8355.
8362.
8368.
8375.
8380.
8388.
8395.
8402.
8408.
8416.
8424.
8431.
8442.
8449.
8457.
8467.
8476.
8485.
8492.
8500.
8509.
8516.
8524.
8531.
8539.
8543.
8549.
8554.
8557.
8560.
8560.
8560.
8560.
8557.
8555.
8552.
8548.
8543.
8539.
8532.
8526.
8520.
8512.
8504.
8496.
8487.
8479.
8470.
8461.
8453.
8445.
8435.
8427.
8418.
8408.
8399.
8391.
8383.
8374.
8365.
8357.
8349.
8341.
8332.
8325.
8318.
8310.
8303.
8296.
8291.
8284.
8277.
8271.
8266.
8260.
8255.
8250.
8245.
8240.
8235.
8232.
8227.
8223.
8219.
8217.
8212.
8209.
8206.
8205.
8202.
8200.
8196.
8194.
8192.
8189.
8187.
8186.
8185.
8180.
8178.
8177.
8173.
8172.
8169.
8167.
8164.
8161.
8159.
8157.
8153.
8149.
8145.
8141.
8131.
8118.
8099.
8077.
8051.
8021.
7991.
7965.
7938.
7916.
7897.
7883.
7874.
7866.
7859.
7854.
7853.
7854.
7854.
7857.
7859.
7861.
7862.
7863.
7867.
7872.
7874.
7879.
7882.
7886.
7889.
7894.
7898.
7903.
7908.
7913.
7917.
7923.
7927.
7933.
7939.
7943.
7949.
7955.
7960.
7966.
7972.
7977.
7982.
7989.
7994.
7998.
8003.
8009.
8014.
8017.
8022.
8028.
8032.
8035.
8038.
8042.
8046.
8048.
8051.
8055.
8058.
8061.
8063.
8065.
8071.
8075.
8078.
8082.
8085.
8089.
8094.
8098.
8102.
8107.
8113.
8119.
8126.
8134.
8141.
8148.
8158.
8167.
8175.
8183.
8194.
8202.
8213.
8222.
8232.
8241.
8251.
8262.
8271.
8281.
8290.
8300.
8309.
8316.
8322.
8329.
8334.
8338.
8341.
8343.
8343.
8344.
8343.
8339.
8336.
8333.
8329.
8323.
8317.
8311.
8304.
8296.
8289.
8283.
8276.
8267.
8261.
8255.
8247.
8239.
8234.
8226.
8219.
8212.
8205.
8201.
8194.
8187.
8180.
8175.
8169.
8164.
8158.
8152.
8146.
8140.
8135.
8130.
8125.
8120.
8114.
8110.
8105.
8099.
8095.
8090.
8085.
8080.
8075.
8069.
8064.
8060.
8055.
8049.
8045.
8040.
8034.
8026.
8025.
8022.
8019.
8015.
8014.
8013.
8011.
8010.
8012.
8015.
8017.
8022.
8028.
8033.
8040.
8049.
8056.
8064.
8074.
8083.
8092.
8104.
8115.
8125.
8137.
8148.
8157.
8171.
8182.
8195.
8207.
8220.
8233.
8245.
8257.
8269.
8283.
8294.
8308.
8319.
8329.
8335.
8338.
8338.
8332.
8324.
8314.
8302.
8291.
8277.
8263.
8251.
8238.
8226.
8216.
8209.
8204.
8203.
8201.
8200.
8199.
8198.
8195.
8194.
8193.
8190.
8188.
8185.
8182.
8181.
8177.
8173.
8169.
8165.
8162.
8156.
8150.
8144.
8138.
8131.
8125.
8120.
8110.
8104.
8096.
8086.
8079.
8070.
8061.
8052.
8041.
8031.
8022.
8012.
8001.
7991.
7978.
7968.
7955.
7945.
7933.
7921.
7909.
7900.
7893.
7890.
7892.
7896.
7907.
7918.
7931.
7944.
7951.
7957.
7957.
7958.
7960.
7963.
7966.
7965.
7963.
7960.
7957.
7953.
7951.
7949.
7947.
7946.
7945.
7943.
7944.
7944.
7945.
7947.
7947.
7949.
7951.
7954.
7957.
7962.
7964.
7968.
7973.
7977.
7981.
7985.
7991.
7995.
8000.
8005.
8010.
8015.
8021.
8024.
8027.
8031.
8035.
8039.
8044.
8045.
8046.
8048.
8050.
8052.
8051.
8051.
8050.
8050.
8050.
8049.
8047.
8046.
8044.
8042.
8040.
8037.
8035.
8032.
8029.
8027.
8024.
8022.
8016.
8014.
8011.
8009.
8004.
8001.
7999.
7996.
7991.
7989.
7986.
7982.
7979.
7975.
7972.
7968.
7963.
7958.
7955.
7952.
7947.
7943.
7940.
7936.
7934.
7930.
7928.
7926.
7926.
7926.
7930.
7933.
7935.
7939.
7943.
7949.
7955.
7962.
7969.
7975.
7985.
7993.
8001.
8010.
8021.
8029.
8039.
8048.
8057.
8067.
8075.
8086.
8095.
8105.
8114.
8123.
8133.
8142.
8151.
8160.
8169.
8178.
8187.
8197.
8204.
8211.
8219.
8223.
8221.
8218.
8212.
8207.
8201.
8195.
8193.
8193.
8194.
8194.
8195.
8195.
8196.
8195.
8195.
8195.
8193.
8192.
8189.
8186.
8183.
8180.
8177.
8174.
8169.
8164.
8161.
8154.
8150.
8146.
8141.
8134.
8129.
8123.
8117.
8112.
8106.
8099.
8094.
8087.
8083.
8079.
8074.
8069.
8062.
8058.
8055.
8049.
8043.
8039.
8037.
8033.
8030.
8028.
8026.
8023.
8021.
8019.
8018.
8020.
8015.
8014.
8013.
8014.
8014.
8014.
8016.
8017.
8017.
8017.
8020.
8021.
8023.
8025.
8027.
8029.
8029.
8031.
8033.
8036.
8037.
8039.
8040.
8041.
8041.
8042.
8043.
8042.
8041.
8041.
8040.
8039.
8038.
8037.
8036.
8034.
8032.
8032.
8028.
8027.
8023.
8020.
8015.
8013.
8009.
8006.
8002.
7998.
7994.
7989.
7985.
7982.
7977.
7973.
7969.
7964.
7961.
7957.
7953.
7950.
7944.
7941.
7937.
7933.
7929.
7925.
7922.
7918.
7913.
7910.
7906.
7901.
7897.
7895.
7890.
7886.
7884.
7879.
7876.
7872.
7868.
7865.
7860.
7857.
7853.
7849.
7845.
7841.
7838.
7834.
7831.
7827.
7823.
7821.
7817.
7813.
7810.
7808.
7804.
7800.
7797.
7794.
7791.
7789.
7787.
7785.
7785.
7785.
7787.
7788.
7791.
7794.
7797.
7802.
7808.
7814.
7822.
7831.
7839.
7849.
7859.
7870.
7882.
7892.
7904.
7916.
7929.
7942.
7954.
7967.
7980.
7993.
8006.
8019.
8033.
8047.
8060.
8073.
8085.
8099.
8113.
8126.
8137.
8149.
8162.
8174.
8186.
8197.
8208.
8218.
8227.
8233.
8235.
8233.
8229.
8221.
8213.
8205.
8196.
8188.
8180.
8171.
8165.
8160.
8157.
8155.
8155.
8154.
8153.
8153.
8151.
8148.
8145.
8144.
8141.
8137.
8133.
8128.
8124.
8119.
8113.
8106.
8100.
8093.
8086.
8078.
8070.
8061.
8052.
8043.
8033.
8023.
8013.
8002.
7991.
7980.
7968.
7957.
7944.
7932.
7920.
7908.
7894.
7881.
7866.
7855.
7842.
7828.
7814.
7801.
7788.
7775.
7762.
7749.
7736.
7725.
7717.
7712.
7712.
7718.
7727.
7740.
7753.
7767.
7785.
7802.
7819.
7834.
7848.
7860.
7873.
7882.
7890.
7895.
7899.
7902.
7903.
7907.
7910.
7913.
7913.
7917.
7920.
7924.
7925.
7930.
7933.
7937.
7940.
7942.
7945.
7947.
7950.
7954.
7957.
7960.
7961.
7962.
7964.
7967.
7968.
7969.
7969.
7970.
7971.
7970.
7970.
7970.
7970.
7968.
7969.
7968.
7967.
7965.
7963.
7962.
7959.
7957.
7955.
7952.
7950.
7947.
7945.
7941.
7938.
7935.
7932.
7929.
7924.
7921.
7919.
7916.
7913.
7911.
7909.
7907.
7906.
7906.
7906.
7908.
7911.
7914.
7918.
7923.
7929.
7935.
7941.
7948.
7957.
7965.
7972.
7982.
7990.
8000.
8011.
8018.
8027.
8039.
8047.
8057.
8068.
8077.
8086.
8095.
8106.
8114.
8124.
8133.
8143.
8151.
8160.
8169.
8179.
8188.
8196.
8203.
8212.
8219.
8225.
8231.
8232.
8230.
8223.
8216.
8205.
8197.
8191.
8187.
8186.
8185.
8185.
8185.
8185.
8183.
8181.
8178.
8175.
8173.
8169.
8164.
8160.
8156.
8151.
8145.
8140.
8134.
8127.
8120.
8113.
8106.
8099.
8091.
8084.
8076.
8069.
8061.
8053.
8044.
8036.
8030.
8021.
8014.
8005.
7997.
7990.
7983.
7975.
7967.
7961.
7954.
7946.
7939.
7934.
7928.
7922.
7915.
7912.
7906.
7901.
7896.
7893.
7888.
7884.
7882.
7879.
7877.
7875.
7873.
7871.
7870.
7868.
7868.
7866.
7868.
7869.
7870.
7870.
7871.
7872.
7875.
7875.
7876.
7877.
7880.
7881.
7882.
7883.
7885.
7886.
7887.
7890.
7891.
7892.
7893.
7893.
7893.
7893.
7893.
7893.
7893.
7892.
7891.
7890.
7889.
7888.
7887.
7885.
7883.
7881.
7879.
7877.
7875.
7873.
7869.
7868.
7865.
7861.
7857.
7856.
7853.
7851.
7848.
7844.
7843.
7840.
7836.
7834.
7831.
7826.
7825.
7821.
7819.
7817.
7814.
7810.
7808.
7805.
7803.
7801.
7799.
7796.
7796.
7795.
7793.
7794.
7792.
7792.
7792.
7794.
7798.
7802.
7808.
7814.
7820.
7827.
7835.
7844.
7853.
7865.
7875.
7887.
7897.
7908.
7920.
7932.
7945.
7958.
7971.
7984.
7997.
8010.
8023.
8036.
8051.
8064.
8077.
8090.
8104.
8115.
8129.
8141.
8154.
8166.
8179.
8191.
8201.
8209.
8216.
8219.
8217.
8213.
8208.
8199.
8189.
8179.
8167.
8157.
8147.
8140.
8132.
8126.
8124.
8123.
8123.
8123.
8125.
8125.
8126.
8125.
8125.
8125.
8124.
8124.
8123.
8123.
8121.
8119.
8117.
8115.
8112.
8108.
8104.
8100.
8096.
8092.
8087.
8082.
8076.
8069.
8061.
8055.
8049.
8041.
8033.
8025.
8016.
8007.
7997.
7988.
7978.
7969.
7959.
7948.
7939.
7927.
7916.
7905.
7892.
7880.
7869.
7858.
7845.
7834.
7821.
7808.
7796.
7784.
7771.
7758.
7747.
7734.
7722.
7710.
7698.
7685.
7674.
7663.
7649.
7640.
7629.
7618.
7606.
7596.
7585.
7575.
7565.
7557.
7547.
7537.
7530.
7521.
7512.
7503.
7498.
7493.
7491.
7495.
7501.
7513.
7527.
7544.
7563.
7581.
7603.
7624.
7644.
7662.
7678.
7690.
7700.
7707.
7715.
7723.
7731.
7739.
7747.
7756.
7765.
7772.
7781.
7788.
7797.
7805.
7813.
7822.
7829.
7837.
7844.
7852.
7859.
7865.
7871.
7878.
7882.
7886.
7891.
7894.
7899.
7902.
7905.
7906.
7908.
7909.
7912.
7912.
7913.
7912.
7912.
7912.
7912.
7910.
7910.
7909.
7907.
7905.
7903.
7901.
7899.
7896.
7894.
7891.
7888.
7884.
7883.
7879.
7877.
7873.
7871.
7867.
7864.
7860.
7857.
7854.
7850.
7847.
7842.
7838.
7835.
7832.
7830.
7829.
7828.
7829.
7831.
7832.
7836.
7838.
7844.
7849.
7853.
7859.
7866.
7874.
7881.
7888.
7897.
7905.
7913.
7920.
7928.
7938.
7947.
7956.
7965.
7972.
7979.
7987.
7995.
8004.
8013.
8020.
8027.
8035.
8043.
8049.
8056.
8063.
8070.
8077.
8082.
8088.
8095.
8101.
8108.
8114.
8121.
8126.
8133.
8140.
8146.
8152.
8161.
8167.
8174.
8183.
8191.
8200.
8210.
8218.
8227.
8235.
8246.
8255.
8264.
8273.
8283.
8294.
8303.
8313.
8322.
8331.
8339.
8347.
8353.
8359.
8364.
8367.
8371.
8372.
8372.
8372.
8371.
8368.
8364.
8359.
8354.
8349.
8343.
8336.
8332.
8320.
8313.
8305.
8294.
8287.
8278.
8269.
8261.
8251.
8241.
8233.
8223.
8213.
8204.
8195.
8185.
8176.
8168.
8160.
8152.
8143.
8134.
8126.
8118.
8110.
8103.
8096.
8090.
8083.
8077.
8071.
8064.
8057.
8052.
8048.
8044.
8040.
8035.
8030.
8027.
8023.
8021.
8016.
8012.
8010.
8007.
8005.
8001.
7998.
7997.
7993.
7991.
7988.
7985.
7983.
7979.
7977.
7974.
7971.
7967.
7965.
7963.
7961.
7958.
7954.
7952.
7949.
7948.
7945.
7943.
7941.
7940.
7940.
7939.
7940.
7941.
7942.
7946.
7949.
7955.
7960.
7967.
7975.
7982.
7991.
8000.
8010.
8020.
8031.
8044.
8055.
8066.
8078.
8090.
8102.
8115.
8126.
8139.
8150.
8162.
8173.
8185.
8198.
8210.
8222.
8234.
8246.
8259.
8269.
8281.
8291.
8301.
8310.
8315.
8317.
8315.
8310.
8302.
8292.
8283.
8271.
8260.
8249.
8241.
8234.
8231.
8231.
8230.
8231.
8232.
8231.
8232.
8232.
8230.
8229.
8227.
8225.
8221.
8219.
8215.
8211.
8206.
8203.
8197.
8191.
8186.
8179.
8171.
8165.
8157.
8149.
8141.
8133.
8123.
8114.
8105.
8095.
8086.
8076.
8066.
8056.
8047.
8037.
8027.
8016.
8009.
7998.
7990.
7980.
7971.
7962.
7953.
7944.
7937.
7928.
7920.
7913.
7906.
7899.
7892.
7885.
7878.
7871.
7866.
7860.
7855.
7850.
7845.
7840.
7835.
7832.
7826.
7821.
7819.
7815.
7812.
7808.
7804.
7802.
7799.
7797.
7795.
7793.
7791.
7790.
7788.
7787.
7785.
7784.
7783.
7781.
7781.
7780.
7779.
7778.
7778.
7777.
7775.
7776.
7774.
7774.
7774.
7775.
7774.
7775.
7775.
7775.
7776.
7779.
7780.
7782.
7787.
7791.
7796.
7802.
7810.
7818.
7826.
7836.
7846.
7857.
7868.
7880.
7893.
7904.
7917.
7930.
7942.
7956.
7970.
7983.
7996.
8009.
8021.
8034.
8048.
8060.
8072.
8084.
8095.
8107.
8118.
8130.
8142.
8152.
8164.
8174.
8185.
8195.
8204.
8213.
8219.
8223.
8224.
8222.
8217.
8209.
8203.
8195.
8188.
8182.
8179.
8178.
8177.
8178.
8176.
8175.
8176.
8173.
8172.
8170.
8167.
8164.
8160.
8155.
8151.
8146.
8142.
8135.
8129.
8123.
8115.
8109.
8101.
8094.
8085.
8077.
8069.
8060.
8051.
8044.
8033.
8024.
8016.
8005.
7994.
7984.
7974.
7962.
7952.
7941.
7929.
7918.
7907.
7895.
7884.
7873.
7861.
7849.
7837.
7825.
7813.
7801.
7788.
7776.
7764.
7752.
7739.
7728.
7717.
7705.
7693.
7681.
7671.
7659.
7648.
7637.
7626.
7616.
7609.
7603.
7602.
7603.
7611.
7620.
7634.
7650.
7668.
7687.
7705.
7725.
7742.
7758.
7773.
7785.
7796.
7805.
7814.
7821.
7829.
7836.
7844.
7851.
7858.
7865.
7874.
7882.
7890.
7898.
7907.
7914.
7923.
7931.
7939.
7949.
7957.
7967.
7976.
7984.
7993.
8001.
8007.
8013.
8020.
8026.
8031.
8037.
8040.
8043.
8046.
8048.
8049.
8051.
8052.
8052.
8053.
8052.
8052.
8050.
8048.
8047.
8045.
8043.
8041.
8037.
8036.
8033.
8030.
8027.
8025.
8021.
8019.
8015.
8012.
8009.
8005.
8002.
7998.
7995.
7993.
7990.
7986.
7982.
7980.
7975.
7974.
7970.
7965.
7965.
7961.
7957.
7955.
7951.
7950.
7949.
7949.
7949.
7951.
7954.
7958.
7963.
7969.
7976.
7985.
7995.
8004.
8014.
8025.
8037.
8048.
8059.
8070.
8083.
8095.
8107.
8119.
8131.
8142.
8154.
8165.
8175.
8186.
8196.
8207.
8218.
8228.
8239.
8250.
8259.
8269.
8278.
8287.
8295.
8304.
8314.
8322.
8328.
8333.
8335.
8329.
8321.
8310.
8297.
8289.
8279.
8272.
8267.
8264.
8261.
8259.
8255.
8252.
8250.
8248.
8245.
8242.
8238.
8234.
8229.
8225.
8220.
8214.
8210.
8205.
8200.
8195.
8191.
8185.
8180.
8174.
8171.
8167.
8162.
8156.
8153.
8148.
8145.
8140.
8138.
8134.
8130.
8125.
8122.
8121.
8118.
8115.
8113.
8111.
8110.
8108.
8105.
8105.
8104.
8104.
8102.
8101.
8101.
8101.
8101.
8102.
8102.
8105.
8106.
8107.
8108.
8109.
8112.
8114.
8115.
8117.
8119.
8120.
8122.
8123.
8125.
8127.
8129.
8130.
8131.
8131.
8132.
8131.
8131.
8132.
8132.
8130.
8130.
8128.
8126.
8125.
8124.
8121.
8119.
8117.
8114.
8111.
8109.
8104.
8101.
8099.
8096.
8093.
8090.
8087.
8085.
8082.
8077.
8075.
8072.
8069.
8067.
8064.
8061.
8058.
8055.
8053.
8050.
8047.
8043.
8040.
8037.
8035.
8031.
8028.
8026.
8021.
8018.
8015.
8012.
8009.
8007.
8002.
7999.
7997.
7993.
7990.
7986.
7983.
7981.
7977.
7974.
7971.
7969.
7964.
7961.
7959.
7957.
7955.
7954.
7955.
7954.
7956.
7957.
7961.
7964.
7969.
7974.
7980.
7986.
7992.
8002.
8004.
7997.
8026.
8039.
8048.
8056.
8066.
8076.
8087.
8098.
8110.
8119.
8131.
8143.
8153.
8165.
8175.
8185.
8196.
8207.
8218.
8228.
8239.
8249.
8261.
8270.
8279.
8289.
8299.
8308.
8318.
8327.
8335.
8343.
8346.
8348.
8344.
8338.
8329.
8318.
8307.
8295.
8285.
8276.
8270.
8265.
8260.
8255.
8253.
8250.
8247.
8245.
8242.
8238.
8235.
8232.
8229.
8223.
8219.
8214.
8209.
8204.
8200.
8195.
8189.
8185.
8178.
8173.
8168.
8164.
8159.
8155.
8151.
8147.
8144.
8140.
8137.
8133.
8130.
8126.
8124.
8121.
8121.
8119.
8117.
8117.
8115.
8115.
8114.
8114.
8113.
8112.
8112.
8110.
8111.
8109.
8109.
8110.
8108.
8108.
8105.
8104.
8102.
8101.
8098.
8097.
8096.
8094.
8091.
8089.
8087.
8084.
8081.
8078.
8076.
8072.
8069.
8065.
8062.
8059.
8056.
8053.
8049.
8045.
8042.
8038.
8034.
8032.
8029.
8026.
8022.
8020.
8017.
8013.
8011.
8007.
8005.
8003.
7999.
7995.
7993.
7990.
7988.
7984.
7981.
7979.
7976.
7973.
7970.
7968.
7965.
7961.
7958.
7955.
7953.
7950.
7949.
7947.
7948.
7950.
7952.
7956.
7960.
7967.
7972.
7978.
7987.
7996.
8003.
8013.
8023.
8032.
8042.
8053.
8064.
8076.
8086.
8097.
8108.
8118.
8130.
8141.
8153.
8163.
8175.
8186.
8197.
8207.
8218.
8229.
8240.
8251.
8261.
8271.
8282.
8291.
8302.
8310.
8320.
8329.
8338.
8347.
8356.
8365.
8374.
8380.
8388.
8395.
8402.
8407.
8408.
8405.
8399.
8390.
8381.
8371.
8365.
8359.
8352.
8349.
8345.
8342.
8336.
8334.
8330.
8327.
8325.
8319.
8314.
8308.
8302.
8296.
8290.
8283.
8276.
8269.
8262.
8254.
8245.
8237.
8229.
8220.
8211.
8203.
8193.
8184.
8175.
8165.
8154.
8144.
8133.
8125.
8114.
8103.
8092.
8081.
8069.
8058.
8046.
8013.
8026.
8016.
8005.
7994.
7982.
7972.
7962.
7951.
7941.
7931.
7920.
7913.
7904.
7897.
7889.
7883.
7877.
7872.
7867.
7862.
7859.
7856.
7851.
7851.
7851.
7850.
7851.
7851.
7853.
7854.
7856.
7860.
7863.
7866.
7871.
7877.
7882.
7887.
7894.
7899.
7905.
7911.
7917.
7922.
7927.
7932.
7937.
7941.
7947.
7949.
7952.
7957.
7959.
7961.
7962.
7962.
7964.
7966.
7966.
7967.
7967.
7966.
7966.
7962.
7960.
7958.
7958.
7955.
7954.
7951.
7947.
7946.
7944.
7941.
7938.
7936.
7933.
7930.
7927.
7924.
7921.
7918.
7915.
7913.
7911.
7908.
7905.
7903.
7901.
7899.
7897.
7895.
7893.
7892.
7890.
7889.
7888.
7887.
7886.
7885.
7883.
7881.
7881.
7881.
7882.
7881.
7881.
7882.
7885.
7888.
7893.
7897.
7903.
7911.
7920.
7929.
7939.
7950.
7963.
7974.
7989.
8001.
8015.
8027.
8041.
8055.
8070.
8083.
8096.
8111.
8125.
8137.
8151.
8166.
8180.
8195.
8208.
8222.
8236.
8249.
8261.
8274.
8287.
8300.
8313.
8325.
8336.
8348.
8359.
8371.
8382.
8390.
8396.
8399.
8398.
8395.
8390.
8381.
8361.
8346.
8354.
8345.
8335.
8326.
8318.
8313.
8309.
8305.
8303.
8302.
8300.
8298.
8295.
8293.
8291.
8288.
8286.
8282.
8278.
8273.
8268.
8263.
8258.
8251.
8244.
8238.
8231.
8225.
8216.
8208.
8199.
8191.
8182.
8173.
8164.
8154.
8144.
8133.
8122.
8112.
8101.
8090.
8078.
8068.
8056.
8045.
8034.
8022.
8010.
8000.
7989.
7976.
7965.
7953.
7942.
7932.
7920.
7908.
7898.
7889.
7879.
7868.
7859.
7849.
7842.
7833.
7825.
7818.
7810.
7804.
7798.
7793.
7788.
7783.
7780.
7779.
7777.
7775.
7776.
7777.
7778.
7778.
7780.
7782.
7785.
7790.
7794.
7798.
7805.
7811.
7819.
7826.
7832.
7839.
7848.
7855.
7864.
7872.
7879.
7886.
7892.
7899.
7904.
7910.
7913.
7917.
7920.
7923.
7924.
7923.
7924.
7924.
7922.
7921.
7919.
7915.
7912.
7907.
7903.
7899.
7895.
7889.
7884.
7878.
7872.
7866.
7860.
7854.
7850.
7843.
7836.
7831.
7827.
7820.
7815.
7809.
7804.
7800.
7794.
7789.
7784.
7777.
7772.
7767.
7762.
7756.
7752.
7747.
7743.
7737.
7733.
7729.
7724.
7718.
7713.
7708.
7703.
7700.
7695.
7692.
7688.
7685.
7681.
7677.
7675.
7673.
7672.
7671.
7671.
7671.
7672.
7674.
7678.
7682.
7685.
7693.
7699.
7704.
7710.
7719.
7727.
7733.
7746.
7755.
7764.
7775.
7785.
7795.
7805.
7816.
7827.
7838.
7850.
7861.
7872.
7882.
7894.
7906.
7916.
7927.
7939.
7950.
7962.
7973.
7984.
7995.
8006.
8015.
8028.
8037.
8047.
8057.
8068.
8077.
8087.
8095.
8105.
8114.
8122.
8132.
8140.
8148.
8155.
8162.
8170.
8177.
8184.
8192.
8198.
8204.
8210.
8215.
8220.
8227.
8233.
8237.
8243.
8247.
8252.
8257.
8262.
8269.
8275.
8279.
8284.
8290.
8296.
8302.
8309.
8316.
8323.
8330.
8339.
8346.
8353.
8361.
8369.
8376.
8383.
8390.
8399.
8405.
8412.
8417.
8423.
8427.
8428.
8429.
8425.
8419.
8409.
8395.
8381.
8367.
8355.
8341.
8329.
8317.
8307.
8295.
8284.
8271.
8259.
8246.
8234.
8222.
8210.
8198.
8188.
8178.
8168.
8160.
8152.
8142.
8133.
8127.
8120.
8112.
8106.
8100.
8094.
8088.
8081.
8075.
8069.
8064.
8059.
8054.
8048.
8043.
8038.
8034.
8028.
8024.
8019.
8015.
8010.
8005.
8001.
7996.
7992.
7988.
7983.
7979.
7973.
7968.
7964.
7959.
7955.
7950.
7946.
7940.
7936.
7931.
7926.
7921.
7916.
7911.
7907.
7902.
7899.
7895.
7892.
7890.
7888.
7888.
7888.
7889.
7890.
7891.
7894.
7898.
7901.
7906.
7911.
7917.
7922.
7929.
7935.
7943.
7949.
7957.
7966.
7973.
7980.
7989.
7997.
8007.
8014.
8022.
8031.
8040.
8048.
8057.
8065.
8074.
8083.
8090.
8099.
8108.
8117.
8126.
8134.
8143.
8152.
8159.
8166.
8170.
8171.
8166.
8161.
8154.
8148.
8141.
8135.
8133.
8131.
8132.
8131.
8131.
8133.
8133.
8135.
8134.
8134.
8134.
8134.
8133.
8130.
8127.
8123.
8119.
8116.
8112.
8107.
8101.
8097.
8090.
8083.
8078.
8070.
8062.
8054.
8046.
8038.
8030.
8021.
8012.
8002.
7992.
7982.
7971.
7961.
7950.
7940.
7931.
7921.
7910.
7901.
7890.
7880.
7870.
7860.
7849.
7840.
7830.
7821.
7812.
7802.
7792.
7785.
7776.
7767.
7759.
7751.
7744.
7737.
7731.
7724.
7718.
7711.
7706.
7702.
7697.
7692.
7687.
7682.
7678.
7674.
7670.
7666.
7663.
7660.
7657.
7654.
7649.
7648.
7646.
7644.
7641.
7640.
7638.
7636.
7634.
7635.
7632.
7632.
7630.
7629.
7628.
7627.
7627.
7627.
7627.
7626.
7626.
7627.
7627.
7627.
7629.
7628.
7628.
7630.
7631.
7632.
7632.
7632.
7632.
7633.
7634.
7633.
7635.
7635.
7637.
7636.
7637.
7638.
7637.
7637.
7637.
7638.
7639.
7639.
7639.
7638.
7638.
7640.
7637.
7637.
7638.
7637.
7638.
7639.
7638.
7639.
7642.
7644.
7645.
7648.
7652.
7656.
7662.
7669.
7675.
7683.
7691.
7700.
7710.
7721.
7731.
7742.
7753.
7763.
7776.
7788.
7801.
7813.
7825.
7837.
7849.
7861.
7873.
7885.
7898.
7910.
7923.
7935.
7947.
7960.
7970.
7982.
7993.
8005.
8016.
8028.
8040.
8050.
8057.
8061.
8062.
8063.
8061.
8057.
8052.
8048.
8044.
8040.
8040.
8040.
8043.
8047.
8048.
8050.
8053.
8056.
8060.
8061.
8064.
8064.
8067.
8067.
8068.
8070.
8071.
8072.
8071.
8070.
8071.
8071.
8068.
8066.
8066.
8065.
8063.
8061.
8058.
8055.
8051.
8047.
8043.
8039.
8034.
8030.
8024.
8019.
8014.
8008.
7999.
7993.
7987.
7978.
7970.
7962.
7954.
7944.
7934.
7925.
7915.
7907.
7896.
7885.
7874.
7865.
7853.
7843.
7831.
7821.
7811.
7800.
7789.
7777.
7766.
7757.
7746.
7736.
7727.
7726.
7728.
7735.
7746.
7763.
7780.
7802.
7823.
7843.
7859.
7875.
7887.
7896.
7902.
7906.
7911.
7914.
7916.
7919.
7921.
7923.
7925.
7928.
7932.
7934.
7938.
7942.
7945.
7948.
7951.
7957.
7962.
7966.
7970.
7975.
7979.
7986.
7989.
7995.
8000.
8005.
8008.
8013.
8018.
8021.
8025.
8026.
8030.
8033.
8035.
8035.
8037.
8040.
8040.
8041.
8041.
8040.
8040.
8039.
8038.
8038.
8037.
8036.
8034.
8033.
8031.
8029.
8027.
8026.
8024.
8022.
8019.
8018.
8015.
8013.
8010.
8008.
8005.
8002.
8001.
7997.
7995.
7993.
7990.
7987.
7985.
7982.
7978.
7975.
7972.
7970.
7968.
7965.
7961.
7958.
7957.
7953.
7949.
7947.
7946.
7945.
7944.
7939.
7943.
7946.
7947.
7950.
7955.
7960.
7964.
7969.
7975.
7981.
7987.
7996.
8003.
8010.
8018.
8027.
8035.
8044.
8052.
8060.
8070.
8077.
8085.
8094.
8103.
8111.
8119.
8128.
8136.
8144.
8151.
8158.
8166.
8173.
8180.
8188.
8195.
8201.
8208.
8215.
8221.
8228.
8234.
8240.
8246.
8251.
8258.
8265.
8271.
8278.
8283.
8290.
8297.
8302.
8309.
8313.
8317.
8318.
8310.
8298.
8285.
8270.
8257.
8246.
8237.
8229.
8223.
8219.
8216.
8213.
8210.
8207.
8203.
8198.
8193.
8188.
8184.
8180.
8174.
8169.
8163.
8158.
8152.
8145.
8140.
8133.
8125.
8118.
8110.
8104.
8096.
8089.
8082.
8073.
8064.
8056.
8048.
8042.
8034.
8027.
8020.
8012.
8004.
7997.
7990.
7982.
7974.
7968.
7961.
7955.
7948.
7941.
7936.
7929.
7922.
7915.
7911.
7906.
7899.
7894.
7888.
7883.
7877.
7874.
7868.
7865.
7859.
7854.
7850.
7846.
7842.
7838.
7834.
7832.
7828.
7826.
7823.
7822.
7819.
7816.
7816.
7815.
7814.
7814.
7812.
7812.
7812.
7810.
7809.
7809.
7808.
7809.
7809.
7809.
7808.
7808.
7808.
7807.
7807.
7807.
7807.
7808.
7806.
7806.
7806.
7805.
7803.
7803.
7801.
7801.
7800.
7801.
7799.
7798.
7796.
7796.
7795.
7795.
7794.
7793.
7791.
7790.
7789.
7787.
7787.
7787.
7787.
7787.
7787.
7789.
7790.
7793.
7797.
7801.
7806.
7811.
7817.
7823.
7831.
7838.
7847.
7855.
7865.
7875.
7885.
7896.
7905.
7918.
7928.
7940.
7951.
7962.
7974.
7987.
7998.
8009.
8021.
8031.
8044.
8056.
8066.
8078.
8089.
8100.
8112.
8122.
8133.
8144.
8153.
8160.
8163.
8162.
8161.
8158.
8152.
8145.
8138.
8133.
8129.
8126.
8126.
8127.
8130.
8133.
8135.
8138.
8141.
8144.
8146.
8149.
8151.
8152.
8154.
8155.
8156.
8157.
8159.
8159.
8160.
8158.
8157.
8156.
8154.
8151.
8149.
8147.
8143.
8140.
8137.
8132.
8127.
8121.
8115.
8110.
8104.
8097.
8089.
8081.
8073.
8064.
8057.
8048.
8040.
8031.
8022.
8013.
8005.
7996.
7987.
7977.
7968.
7960.
7952.
7942.
7933.
7924.
7917.
7909.
7901.
7894.
7887.
7880.
7873.
7867.
7862.
7858.
7855.
7850.
7849.
7847.
7847.
7844.
7842.
7844.
7844.
7845.
7847.
7848.
7851.
7853.
7856.
7860.
7863.
7866.
7872.
7875.
7880.
7883.
7888.
7893.
7895.
7898.
7902.
7905.
7909.
7910.
7913.
7914.
7915.
7917.
7919.
7919.
7918.
7919.
7920.
7919.
7919.
7917.
7918.
7917.
7916.
7914.
7913.
7911.
7910.
7909.
7908.
7907.
7905.
7902.
7900.
7898.
7896.
7895.
7894.
7892.
7889.
7888.
7886.
7883.
7880.
7879.
7877.
7875.
7873.
7871.
7869.
7868.
7864.
7862.
7860.
7857.
7856.
7855.
7855.
7854.
7856.
7858.
7859.
7862.
7867.
7872.
7877.
7884.
7890.
7897.
7905.
7912.
7922.
7931.
7941.
7951.
7961.
7973.
7984.
7995.
8006.
8017.
8028.
8038.
8050.
8062.
8072.
8085.
8096.
8107.
8119.
8128.
8141.
8153.
8165.
8175.
8186.
8198.
8207.
8216.
8224.
8228.
8229.
8226.
8222.
8216.
8209.
8203.
8196.
8190.
8185.
8181.
8180.
8180.
8182.
8182.
8183.
8185.
8185.
8184.
8182.
8182.
8181.
8180.
8177.
8174.
8172.
8168.
8163.
8159.
8155.
8150.
8145.
8139.
8133.
8127.
8120.
8113.
8104.
8098.
8089.
8080.
8072.
8063.
8053.
8044.
8033.
8024.
8014.
8003.
7993.
7982.
7970.
7960.
7948.
7937.
7925.
7913.
7900.
7888.
7878.
7865.
7855.
7842.
7829.
7819.
7807.
7794.
7784.
7773.
7762.
7750.
7740.
7731.
7721.
7712.
7703.
7694.
7684.
7677.
7670.
7654.
7634.
7650.
7646.
7641.
7637.
7633.
7628.
7625.
7623.
7621.
7619.
7618.
7619.
7620.
7624.
7622.
7624.
7626.
7627.
7629.
7633.
7636.
7640.
7644.
7647.
7653.
7658.
7663.
7668.
7674.
7679.
7685.
7690.
7695.
7701.
7706.
7711.
7716.
7720.
7725.
7728.
7733.
7735.
7739.
7742.
7744.
7746.
7749.
7749.
7751.
7751.
7752.
7754.
7754.
7754.
7754.
7755.
7755.
7754.
7753.
7753.
7753.
7753.
7752.
7751.
7752.
7750.
7748.
7747.
7747.
7745.
7744.
7743.
7742.
7742.
7740.
7740.
7738.
7736.
7735.
7734.
7734.
7732.
7733.
7734.
7735.
7736.
7739.
7742.
7745.
7750.
7756.
7762.
7767.
7775.
7783.
7791.
7800.
7811.
7819.
7827.
7838.
7848.
7857.
7869.
7879.
7890.
7900.
7911.
7921.
7932.
7943.
7955.
7966.
7977.
7990.
7999.
8010.
8021.
8032.
8042.
8053.
8063.
8075.
8085.
8094.
8104.
8111.
8118.
8122.
8123.
8121.
8117.
8113.
8107.
8102.
8098.
8096.
8093.
8093.
8096.
8098.
8100.
8102.
8104.
8108.
8109.
8110.
8111.
8112.
8113.
8113.
8114.
8113.
8113.
8111.
8110.
8108.
8105.
8103.
8100.
8098.
8094.
8090.
8086.
8081.
8076.
8072.
8065.
8060.
8054.
8047.
8040.
8032.
8024.
8016.
8007.
7998.
7990.
7981.
7971.
7962.
7951.
7940.
7930.
7918.
7910.
7899.
7887.
7877.
7867.
7857.
7846.
7837.
7827.
7817.
7807.
7797.
7788.
7779.
7771.
7761.
7752.
7744.
7736.
7727.
7719.
7712.
7705.
7699.
7692.
7685.
7680.
7674.
7668.
7664.
7659.
7653.
7649.
7645.
7639.
7635.
7630.
7626.
7622.
7618.
7615.
7612.
7608.
7605.
7601.
7599.
7597.
7595.
7591.
7590.
7587.
7586.
7584.
7584.
7582.
7581.
7579.
7578.
7577.
7578.
7581.
7586.
7596.
7610.
7627.
7644.
7660.
7674.
7688.
7699.
7711.
7719.
7726.
7733.
7737.
7743.
7747.
7752.
7756.
7761.
7766.
7768.
7773.
7779.
7782.
7787.
7791.
7796.
7798.
7801.
7806.
7810.
7814.
7818.
7822.
7826.
7831.
7836.
7840.
7847.
7851.
7855.
7861.
7866.
7872.
7878.
7884.
7889.
7897.
7901.
7909.
7915.
7923.
7930.
7936.
7942.
7948.
7956.
7964.
7969.
7977.
7985.
7991.
7998.
8004.
8012.
8017.
8024.
8030.
8037.
8042.
8049.
8055.
8059.
8067.
8071.
8076.
8081.
8086.
8091.
8096.
8103.
8108.
8111.
8116.
8120.
8123.
8126.
8122.
8117.
8106.
8096.
8084.
8076.
8070.
8066.
8061.
8059.
8057.
8056.
8055.
8055.
8054.
8054.
8052.
8051.
8051.
8049.
8048.
8046.
8045.
8044.
8043.
8040.
8039.
8037.
8034.
8032.
8030.
8026.
8024.
8021.
8016.
8012.
8008.
8004.
8000.
7994.
7989.
7984.
7977.
7972.
7966.
7960.
7953.
7946.
7939.
7933.
7927.
7920.
7912.
7905.
7898.
7891.
7885.
7879.
7872.
7867.
7859.
7853.
7848.
7841.
7835.
7829.
7823.
7819.
7813.
7808.
7803.
7798.
7795.
7790.
7786.
7783.
7780.
7776.
7773.
7771.
7768.
7764.
7763.
7760.
7758.
7756.
7752.
7751.
7749.
7748.
7746.
7745.
7744.
7742.
7741.
7741.
7739.
7738.
7737.
7737.
7735.
7735.
7733.
7734.
7733.
7732.
7732.
7731.
7729.
7729.
7729.
7727.
7727.
7725.
7723.
7722.
7721.
7719.
7717.
7716.
7714.
7712.
7710.
7708.
7705.
7704.
7703.
7701.
7700.
7697.
7696.
7694.
7694.
7691.
7689.
7689.
7690.
7689.
7688.
7687.
7688.
7689.
7690.
7692.
7694.
7698.
7699.
7702.
7707.
7714.
7720.
7727.
7734.
7741.
7749.
7757.
7766.
7773.
7783.
7792.
7802.
7814.
7823.
7834.
7843.
7856.
7867.
7878.
7890.
7901.
7913.
7924.
7936.
7949.
7961.
7973.
7984.
7997.
8008.
8020.
8031.
8043.
8055.
8066.
8078.
8088.
8100.
8106.
8110.
8114.
8112.
8108.
8101.
8093.
8085.
8077.
8069.
8062.
8055.
8048.
8043.
8039.
8038.
8037.
8039.
8041.
8044.
8046.
8049.
8051.
8053.
8054.
8056.
8058.
8059.
8060.
8060.
8060.
8062.
8061.
8061.
8059.
8058.
8057.
8056.
8053.
8051.
8047.
8044.
8041.
8037.
8032.
8028.
8023.
8018.
8011.
8004.
7998.
7991.
7986.
7979.
7972.
7965.
7958.
7950.
7944.
7938.
7929.
7919.
7915.
7909.
7903.
7897.
7891.
7888.
7882.
7879.
7875.
7870.
7869.
7868.
7866.
7866.
7867.
7870.
7871.
7872.
7875.
7878.
7880.
7885.
7890.
7894.
7900.
7905.
7911.
7917.
7922.
7928.
7933.
7938.
7943.
7948.
7954.
7957.