8133.
8131.
8128.
8126.
8123.
8120.
8118.
8116.
8113.
8111.
8107.
8103.
8101.
8099.
8095.
8092.
8090.
8087.
8082.
8079.
8078.
8074.
8069.
8067.
8062.
8059.
8056.
8052.
8049.
8046.
8042.
8039.
8036.
8032.
8027.
8024.
8023.
8024.
8024.
8028.
8034.
8038.
8042.
8046.
8050.
8053.
8057.
8062.
8065.
8067.
8068.
8068.
8067.
8066.
8067.
8065.
8065.
8064.
8065.
8064.
8065.
8063.
8062.
8062.
8062.
8061.
8062.
8061.
8061.
8061.
8060.
8061.
8060.
8060.
8062.
8062.
8061.
8062.
8061.
8062.
8062.
8063.
8063.
8062.
8064.
8065.
8065.
8065.
8066.
8067.
8069.
8069.
8070.
8071.
8071.
8073.
8074.
8076.
8077.
8080.
8080.
8083.
8085.
8086.
8087.
8089.
8091.
8094.
8096.
8099.
8101.
8102.
8107.
8111.
8113.
8116.
8117.
8121.
8123.
8127.
8131.
8136.
8138.
8142.
8144.
8145.
8147.
8144.
8141.
8137.
8137.
8134.
8133.
8133.
8134.
8136.
8137.
8140.
8141.
8144.
8146.
8147.
8147.
8149.
8151.
8152.
8153.
8155.
8156.
8158.
8157.
8159.
8159.
8160.
8161.
8162.
8162.
8162.
8162.
8163.
8164.
8164.
8164.
8164.
8164.
8164.
8164.
8163.
8163.
8162.
8163.
8163.
8163.
8161.
8161.
8160.
8160.
8160.
8159.
8156.
8156.
8155.
8155.
8154.
8152.
8150.
8148.
8148.
8145.
8143.
8142.
8140.
8139.
8136.
8135.
8132.
8130.
8128.
8126.
8123.
8121.
8120.
8117.
8114.
8111.
8108.
8106.
8103.
8100.
8097.
8094.
8091.
8088.
8085.
8083.
8080.
8077.
8073.
8068.
8066.
8063.
8061.
8056.
8054.
8050.
8047.
8044.
8042.
8037.
8034.
8031.
8027.
8024.
8022.
8018.
8014.
8013.
8013.
8015.
8020.
8025.
8032.
8037.
8044.
8048.
8052.
8056.
8058.
8063.
8066.
8067.
8067.
8067.
8067.
8068.
8067.
8067.
8066.
8067.
8067.
8068.
8067.
8066.
8068.
8068.
8067.
8068.
8068.
8069.
8069.
8069.
8068.
8067.
8067.
8068.
8069.
8069.
8068.
8068.
8069.
8069.
8069.
8070.
8070.
8071.
8071.
8070.
8070.
8071.
8071.
8072.
8073.
8073.
8074.
8074.
8074.
8076.
8077.
8078.
8079.
8080.
8082.
8083.
8084.
8085.
8088.
8088.
8090.
8091.
8093.
8097.
8098.
8100.
8103.
8105.
8108.
8110.
8113.
8115.
8118.
8121.
8123.
8122.
8120.
8115.
8110.
8106.
8102.
8100.
8100.
8100.
8099.
8102.
8104.
8105.
8107.
8109.
8109.
8111.
8112.
8114.
8115.
8115.
8117.
8117.
8118.
8119.
8119.
8121.
8121.
8122.
8122.
8123.
8123.
8123.
8123.
8124.
8123.
8122.
8122.
8120.
8120.
8120.
8120.
8118.
8117.
8116.
8117.
8115.
8115.
8113.
8113.
8110.
8109.
8107.
8107.
8104.
8104.
8100.
8099.
8098.
8095.
8095.
8092.
8091.
8088.
8085.
8085.
8083.
8080.
8079.
8077.
8076.
8074.
8072.
8070.
8070.
8068.
8067.
8065.
8065.
8063.
8062.
8061.
8061.
8061.
8059.
8059.
8060.
8060.
8059.
8059.
8059.
8060.
8062.
8062.
8063.
8064.
8065.
8066.
8068.
8069.
8071.
8072.
8075.
8077.
8078.
8080.
8082.
8085.
8086.
8089.
8093.
8096.
8098.
8101.
8103.
8107.
8110.
8113.
8117.
8121.
8124.
8127.
8130.
8135.
8138.
8143.
8146.
8148.
8152.
8157.
8161.
8166.
8170.
8174.
8178.
8182.
8186.
8190.
8196.
8199.
8202.
8203.
8202.
8199.
8195.
8190.
8186.
8184.
8184.
8185.
8187.
8188.
8191.
8193.
8196.
8199.
8200.
8201.
8201.
8203.
8203.
8205.
8205.
8207.
8207.
8208.
8208.
8208.
8208.
8209.
8209.
8209.
8208.
8209.
8208.
8209.
8208.
8207.
8206.
8205.
8203.
8202.
8202.
8200.
8198.
8196.
8194.
8191.
8191.
8188.
8185.
8183.
8180.
8178.
8175.
8173.
8170.
8168.
8165.
8162.
8158.
8155.
8152.
8149.
8145.
8142.
8140.
8136.
8131.
8126.
8125.
8121.
8116.
8114.
8110.
8105.
8102.
8099.
8094.
8091.
8088.
8083.
8079.
8076.
8073.
8069.
8065.
8062.
8058.
8054.
8051.
8048.
8041.
8038.
8035.
8033.
8029.
8026.
8022.
8019.
8017.
8012.
8010.
8007.
8003.
7999.
7996.
7995.
7992.
7989.
7985.
7985.
7986.
7990.
7994.
8000.
8008.
8017.
8024.
8031.
8037.
8042.
8046.
8048.
8050.
8053.
8053.
8052.
8052.
8052.
8051.
8052.
8051.
8050.
8051.
8050.
8051.
8050.
8050.
8051.
8050.
8050.
8049.
8048.
8048.
8047.
8047.
8047.
8046.
8046.
8046.
8045.
8044.
8044.
8044.
8044.
8045.
8046.
8045.
8044.
8044.
8044.
8046.
8045.
8046.
8047.
8048.
8050.
8052.
8053.
8054.
8056.
8057.
8060.
8062.
8064.
8067.
8070.
8074.
8078.
8082.
8086.
8089.
8093.
8097.
8102.
8107.
8113.
8118.
8124.
8129.
8135.
8141.
8147.
8153.
8160.
8166.
8173.
8179.
8187.
8196.
8202.
8209.
8216.
8223.
8231.
8238.
8244.
8252.
8259.
8265.
8271.
8278.
8283.
8289.
8295.
8301.
8306.
8310.
8316.
8319.
8322.
8327.
8331.
8333.
8336.
8338.
8339.
8341.
8344.
8345.
8346.
8346.
8347.
8347.
8346.
8345.
8345.
8345.
8345.
8343.
8342.
8341.
8340.
8338.
8337.
8335.
8333.
8331.
8329.
8327.
8325.
8322.
8321.
8317.
8315.
8313.
8311.
8308.
8306.
8303.
8299.
8297.
8294.
8291.
8288.
8284.
8283.
8280.
8276.
8274.
8271.
8268.
8264.
8262.
8259.
8255.
8253.
8249.
8247.
8242.
8239.
8236.
8232.
8230.
8227.
8223.
8220.
8216.
8213.
8210.
8205.
8203.
8199.
8196.
8193.
8189.
8185.
8182.
8179.
8176.
8173.
8169.
8166.
8162.
8158.
8155.
8151.
8147.
8144.
8141.
8137.
8133.
8130.
8126.
8122.
8119.
8115.
8112.
8108.
8104.
8100.
8095.
8092.
8088.
8084.
8080.
8076.
8072.
8069.
8065.
8062.
8056.
8051.
8049.
8045.
8040.
8037.
8033.
8029.
8024.
8021.
8018.
8013.
8008.
8005.
8001.
7996.
7993.
7988.
7984.
7980.
7977.
7973.
7969.
7966.
7961.
7957.
7953.
7948.
7945.
7942.
7937.
7934.
7930.
7927.
7923.
7920.
7916.
7915.
7909.
7906.
7903.
7901.
7897.
7893.
7890.
7887.
7885.
7882.
7878.
7877.
7874.
7870.
7868.
7864.
7862.
7860.
7857.
7856.
7853.
7850.
7849.
7846.
7845.
7842.
7841.
7840.
7838.
7836.
7834.
7834.
7833.
7831.
7830.
7830.
7830.
7828.
7827.
7827.
7827.
7827.
7827.
7828.
7829.
7830.
7830.
7831.
7834.
7836.
7836.
7839.
7843.
7845.
7848.
7851.
7855.
7859.
7863.
7868.
7872.
7878.
7882.
7889.
7895.
7901.
7905.
7912.
7920.
7927.
7933.
7942.
7948.
7956.
7964.
7972.
7979.
7986.
7994.
8000.
8008.
8016.
8021.
8027.
8033.
8039.
8045.
8050.
8054.
8057.
8062.
8065.
8068.
8069.
8071.
8072.
8074.
8075.
8074.
8074.
8073.
8071.
8071.
8069.
8066.
8065.
8062.
8059.
8056.
8053.
8049.
8047.
8044.
8040.
8036.
8032.
8028.
8025.
8021.
8017.
8013.
8008.
8003.
7999.
7994.
7989.
7983.
7977.
7971.
7965.
7960.
7951.
7945.
7937.
7927.
7921.
7915.
7908.
7901.
7895.
7889.
7884.
7881.
7878.
7874.
7872.
7871.
7872.
7875.
7878.
7883.
7891.
7898.
7906.
7913.
7922.
7928.
7937.
7944.
7948.
7954.
7961.
7964.
7968.
7973.
7976.
7980.
7983.
7987.
7991.
7994.
7998.
8002.
8006.
8009.
8012.
8016.
8019.
8021.
8025.
8028.
8033.
8037.
8041.
8043.
8048.
8053.
8055.
8060.
8064.
8068.
8072.
8077.
8080.
8083.
8088.
8093.
8097.
8101.
8104.
8108.
8113.
8115.
8118.
8122.
8125.
8130.
8133.
8136.
8139.
8143.
8145.
8149.
8152.
8155.
8158.
8160.
8161.
8164.
8167.
8168.
8170.
8172.
8173.
8174.
8176.
8176.
8177.
8176.
8177.
8177.
8179.
8178.
8179.
8179.
8178.
8177.
8176.
8176.
8174.
8174.
8173.
8172.
8169.
8168.
8166.
8165.
8161.
8159.
8157.
8155.
8153.
8151.
8147.
8145.
8142.
8138.
8135.
8131.
8129.
8126.
8123.
8118.
8115.
8112.
8107.
8103.
8100.
8095.
8090.
8087.
8083.
8079.
8073.
8067.
8062.
8058.
8053.
8047.
8041.
8034.
8028.
8021.
8013.
8007.
8000.
7992.
7984.
7975.
7969.
7960.
7952.
7943.
7936.
7928.
7919.
7912.
7906.
7899.
7895.
7892.
7892.
7892.
7894.
7897.
7901.
7908.
7916.
7920.
7928.
7937.
7944.
7951.
7957.
7963.
7967.
7970.
7975.
7976.
7979.
7980.
7982.
7983.
7985.
7986.
7985.
7986.
7987.
7985.
7984.
7984.
7984.
7983.
7983.
7984.
7982.
7983.
7984.
7983.
7984.
7985.
7984.
7984.
7985.
7986.
7987.
7988.
7988.
7989.
7988.
7989.
7991.
7993.
7993.
7995.
7996.
7996.
7997.
8000.
8002.
8002.
8003.
8006.
8009.
8009.
8011.
8013.
8014.
8017.
8020.
8023.
8025.
8027.
8030.
8032.
8031.
8019.
8035.
8044.
8047.
8050.
8053.
8055.
8057.
8061.
8065.
8068.
8071.
8075.
8079.
8081.
8085.
8087.
8091.
8094.
8097.
8102.
8106.
8110.
8113.
8117.
8121.
8124.
8128.
8132.
8136.
8139.
8142.
8146.
8151.
8154.
8158.
8162.
8165.
8170.
8173.
8177.
8181.
8185.
8190.
8192.
8196.
8200.
8203.
8207.
8211.
8215.
8218.
8221.
8226.
8229.
8233.
8235.
8239.
8242.
8246.
8250.
8252.
8256.
8258.
8262.
8266.
8269.
8272.
8275.
8278.
8280.
8282.
8285.
8288.
8291.
8293.
8296.
8299.
8303.
8306.
8308.
8311.
8314.
8316.
8320.
8323.
8326.
8328.
8330.
8333.
8338.
8339.
8342.
8344.
8344.
8342.
8338.
8331.
8323.
8315.
8307.
8300.
8293.
8289.
8285.
8283.
8281.
8281.
8280.
8280.
8280.
8279.
8279.
8279.
8277.
8276.
8275.
8274.
8274.
8272.
8272.
8269.
8267.
8266.
8264.
8262.
8261.
8259.
8257.
8254.
8251.
8249.
8247.
8244.
8240.
8237.
8234.
8232.
8229.
8226.
8221.
8217.
8214.
8211.
8207.
8203.
8200.
8195.
8192.
8187.
8182.
8177.
8173.
8170.
8165.
8161.
8155.
8151.
8146.
8142.
8137.
8132.
8128.
8123.
8117.
8112.
8107.
8103.
8097.
8094.
8089.
8082.
8079.
8074.
8069.
8064.
8059.
8053.
8049.
8045.
8038.
8034.
8027.
8021.
8017.
8012.
8006.
8000.
7995.
7989.
7983.
7978.
7973.
7968.
7962.
7958.
7954.
7955.
7955.
7960.
7967.
7973.
7981.
7988.
7994.
7998.
8003.
8006.
8010.
8012.
8014.
8014.
8014.
8012.
8011.
8010.
8009.
8006.
8004.
8004.
8004.
8002.
8001.
7999.
7999.
7998.
7997.
7997.
7995.
7995.
7994.
7994.
7993.
7991.
7991.
7990.
7990.
7987.
7987.
7987.
7985.
7984.
7983.
7983.
7982.
7981.
7980.
7979.
7977.
7976.
7976.
7973.
7972.
7972.
7970.
7968.
7967.
7965.
7963.
7963.
7960.
7959.
7957.
7954.
7952.
7949.
7947.
7945.
7943.
7940.
7937.
7935.
7932.
7930.
7928.
7925.
7922.
7918.
7916.
7914.
7911.
7909.
7906.
7904.
7900.
7896.
7895.
7893.
7891.
7890.
7885.
7883.
7883.
7882.
7880.
7878.
7877.
7875.
7874.
7874.
7872.
7874.
7872.
7872.
7872.
7873.
7874.
7874.
7874.
7875.
7876.
7877.
7879.
7881.
7884.
7886.
7887.
7888.
7891.
7893.
7896.
7900.
7902.
7905.
7909.
7912.
7914.
7918.
7922.
7926.
7930.
7934.
7938.
7941.
7946.
7951.
7955.
7959.
7964.
7968.
7972.
7978.
7981.
7987.
7991.
7997.
8001.
8006.
8012.
8017.
8023.
8026.
8032.
8038.
8043.
8048.
8053.
8057.
8063.
8068.
8073.
8077.
8078.
8079.
8075.
8072.
8069.
8064.
8063.
8062.
8063.
8064.
8066.
8068.
8069.
8073.
8075.
8076.
8078.
8079.
8080.
8083.
8085.
8086.
8087.
8088.
8088.
8087.
8088.
8091.
8091.
8090.
8090.
8088.
8088.
8089.
8087.
8087.
8088.
8086.
8085.
8084.
8082.
8081.
8079.
8078.
8076.
8075.
8074.
8072.
8070.
8068.
8065.
8063.
8061.
8059.
8057.
8055.
8053.
8051.
8049.
8047.
8044.
8043.
8040.
8037.
8034.
8031.
8030.
8028.
8026.
8024.
8023.
8020.
8018.
8015.
8013.
8011.
8009.
8007.
8007.
8004.
8002.
8001.
7998.
7997.
7996.
7993.
7992.
7992.
7990.
7989.
7985.
7985.
7983.
7981.
7980.
7978.
7977.
7976.
7973.
7972.
7971.
7969.
7968.
7966.
7966.
7964.
7963.
7961.
7959.
7958.
7958.
7955.
7953.
7952.
7951.
7950.
7949.
7946.
7945.
7943.
7942.
7939.
7938.
7937.
7935.
7932.
7930.
7929.
7927.
7924.
7922.
7920.
7918.
7915.
7912.
7909.
7907.
7903.
7902.
7903.
7907.
7912.
7921.
7931.
7941.
7954.
7962.
7969.
7975.
7980.
7985.
7989.
7994.
7994.
7996.
7997.
7996.
7996.
7996.
7997.
7997.
7996.
7996.
7995.
7995.
7995.
7996.
7996.
7996.
7997.
7996.
7997.
7998.
7998.
7998.
8000.
8001.
8003.
8003.
8006.
8005.
8006.
8006.
8008.
8008.
8008.
8009.
8008.
8008.
8009.
8008.
8010.
8009.
8011.
8010.
8011.
8012.
8013.
8013.
8014.
8015.
8016.
8017.
8018.
8020.
8019.
8020.
8022.
8022.
8023.
8024.
8026.
8027.
8028.
8030.
8032.
8034.
8036.
8038.
8040.
8041.
8043.
8046.
8050.
8052.
8055.
8059.
8062.
8064.
8068.
8072.
8078.
8082.
8084.
8092.
8097.
8101.
8108.
8113.
8119.
8125.
8132.
8138.
8144.
8152.
8158.
8164.
8170.
8178.
8185.
8191.
8195.
8197.
8195.
8188.
8180.
8174.
8168.
8165.
8161.
8162.
8163.
8164.
8165.
8166.
8166.
8166.
8166.
8166.
8166.
8166.
8167.
8167.
8167.
8166.
8164.
8164.
8163.
8164.
8161.
8161.
8160.
8158.
8157.
8155.
8155.
8152.
8151.
8150.
8148.
8147.
8145.
8143.
8141.
8138.
8136.
8135.
8133.
8130.
8129.
8125.
8124.
8121.
8119.
8117.
8115.
8112.
8109.
8106.
8104.
8101.
8099.
8096.
8094.
8091.
8087.
8086.
8082.
8079.
8077.
8074.
8071.
8069.
8065.
8062.
8058.
8055.
8053.
8049.
8046.
8043.
8039.
8036.
8033.
8029.
8025.
8022.
8018.
8014.
8011.
8006.
8005.
8001.
7997.
7992.
7988.
7986.
7982.
7978.
7974.
7970.
7967.
7962.
7958.
7955.
7952.
7947.
7943.
7939.
7935.
7931.
7927.
7923.
7918.
7912.
7910.
7906.
7901.
7897.
7891.
7887.
7882.
7878.
7873.
7868.
7865.
7860.
7856.
7853.
7848.
7843.
7838.
7835.
7829.
7825.
7820.
7816.
7812.
7807.
7802.
7798.
7792.
7788.
7784.
7779.
7773.
7769.
7764.
7760.
7754.
7749.
7744.
7739.
7735.
7730.
7725.
7720.
7716.
7710.
7705.
7702.
7696.
7692.
7687.
7681.
7678.
7673.
7667.
7664.
7659.
7654.
7649.
7644.
7640.
7635.
7631.
7626.
7621.
7616.
7611.
7607.
7602.
7597.
7593.
7589.
7585.
7583.
7586.
7588.
7593.
7602.
7612.
7622.
7633.
7645.
7657.
7669.
7680.
7694.
7705.
7718.
7731.
7744.
7756.
7766.
7774.
7780.
7787.
7794.
7800.
7806.
7812.
7818.
7824.
7830.
7836.
7843.
7850.
7856.
7862.
7869.
7875.
7883.
7890.
7897.
7905.
7911.
7920.
7928.
7935.
7936.
7951.
7958.
7966.
7973.
7979.
7988.
7996.
8001.
8008.
8015.
8022.
8027.
8032.
8037.
8043.
8046.
8051.
8055.
8057.
8059.
8061.
8063.
8065.
8064.
8065.
8064.
8065.
8064.
8063.
8061.
8060.
8059.
8056.
8052.
8051.
8047.
8045.
8042.
8038.
8035.
8031.
8027.
8025.
8021.
8015.
8012.
8007.
8003.
7999.
7995.
7991.
7986.
7982.
7977.
7973.
7968.
7963.
7958.
7955.
7949.
7944.
7940.
7936.
7930.
7926.
7920.
7915.
7910.
7905.
7900.
7896.
7891.
7886.
7882.
7882.
7883.
7887.
7894.
7904.
7913.
7925.
7936.
7949.
7962.
7974.
7984.
7994.
8006.
8014.
8023.
8029.
8033.
8040.
8046.
8050.
8056.
8061.
8066.
8072.
8079.
8083.
8089.
8095.
8101.
8107.
8113.
8120.
8125.
8132.
8138.
8143.
8150.
8158.
8163.
8169.
8174.
8179.
8186.
8192.
8196.
8201.
8206.
8209.
8212.
8217.
8221.
8224.
8225.
8227.
8229.
8229.
8231.
8231.
8232.
8231.
8231.
8230.
8229.
8227.
8225.
8223.
8220.
8217.
8216.
8212.
8209.
8205.
8203.
8199.
8197.
8194.
8189.
8185.
8181.
8179.
8174.
8170.
8166.
8162.
8158.
8155.
8150.
8146.
8142.
8137.
8134.
8130.
8126.
8121.
8117.
8113.
8108.
8104.
8098.
8094.
8090.
8086.
8080.
8075.
8069.
8064.
8057.
8049.
8042.
8034.
8025.
8017.
8008.
8000.
7992.
7983.
7974.
7966.
7960.
7953.
7947.
7941.
7940.
7940.
7940.
7942.
7944.
7947.
7949.
7953.
7956.
7961.
7967.
7971.
7978.
7985.
7992.
8000.
8008.
8017.
8024.
8031.
8037.
8042.
8047.
8052.
8054.
8057.
8062.
8065.
8068.
8072.
8073.
8076.
8077.
8078.
8079.
8081.
8084.
8085.
8086.
8086.
8089.
8090.
8090.
8089.
8089.
8090.
8089.
8090.
8091.
8091.
8092.
8094.
8095.
8096.
8096.
8097.
8098.
8098.
8100.
8101.
8101.
8102.
8103.
8103.
8104.
8107.
8105.
8107.
8108.
8109.
8109.
8110.
8111.
8111.
8112.
8113.
8114.
8115.
8116.
8117.
8117.
8118.
8118.
8118.
8119.
8121.
8122.
8121.
8122.
8123.
8123.
8125.
8126.
8127.
8127.
8127.
8127.
8128.
8129.
8130.
8131.
8133.
8133.
8134.
8134.
8136.
8138.
8138.
8139.
8140.
8141.
8141.
8144.
8145.
8147.
8146.
8147.
8148.
8150.
8152.
8152.
8154.
8154.
8156.
8158.
8159.
8161.
8162.
8164.
8165.
8167.
8168.
8171.
8173.
8174.
8176.
8178.
8182.
8184.
8185.
8187.
8190.
8192.
8195.
8198.
8201.
8203.
8205.
8208.
8210.
8214.
8218.
8222.
8225.
8229.
8232.
8235.
8238.
8239.
8242.
8241.
8236.
8230.
8224.
8218.
8210.
8205.
8201.
8200.
8199.
8198.
8198.
8197.
8199.
8199.
8199.
8201.
8201.
8200.
8201.
8201.
8202.
8202.
8202.
8203.
8202.
8201.
8201.
8201.
8201.
8202.
8203.
8201.
8200.
8201.
8201.
8202.
8201.
8200.
8201.
8201.
8199.
8199.
8198.
8198.
8199.
8196.
8196.
8196.
8197.
8196.
8197.
8197.
8197.
8196.
8197.
8197.
8197.
8198.
8198.
8199.
8199.
8200.
8202.
8203.
8206.
8207.
8208.
8210.
8212.
8215.
8216.
8218.
8223.
8226.
8227.
8229.
8232.
8235.
8239.
8243.
8246.
8249.
8253.
8253.
8251.
8245.
8238.
8229.
8220.
8210.
8202.
8196.
8190.
8185.
8183.
8180.
8181.
8180.
8179.
8180.
8181.
8181.
8179.
8180.
8180.
8180.
8179.
8178.
8178.
8179.
8177.
8176.
8176.
8176.
8174.
8173.
8171.
8170.
8169.
8167.
8166.
8164.
8162.
8160.
8158.
8157.
8155.
8151.
8150.
8146.
8144.
8142.
8140.
8137.
8134.
8131.
8127.
8126.
8122.
8117.
8114.
8111.
8109.
8105.
8102.
8098.
8095.
8091.
8088.
8084.
8081.
8077.
8073.
8069.
8065.
8061.
8058.
8054.
8050.
8047.
8043.
8039.
8036.
8033.
8030.
8026.
8022.
8019.
8016.
8013.
8010.
8007.
8004.
8002.
8000.
7997.
7995.
7993.
7990.
7988.
7987.
7984.
7983.
7982.
7980.
7978.
7976.
7975.
7975.
7974.
7974.
7973.
7972.
7972.
7971.
7973.
7973.
7973.
7973.
7974.
7975.
7976.
7976.
7977.
7979.
7982.
7985.
7985.
7986.
7988.
7991.
7994.
7997.
7998.
8001.
8005.
8008.
8010.
8013.
8017.
8020.
8023.
8027.
8030.
8033.
8036.
8041.
8044.
8048.
8051.
8054.
8057.
8061.
8065.
8070.
8073.
8076.
8077.
8075.
8072.
8067.
8061.
8055.
8047.
8040.
8033.
8029.
8023.
8018.
8014.
8011.
8010.
8009.
8008.
8006.
8004.
8003.
8002.
7999.
7997.
7996.
7995.
7993.
7992.
7990.
7989.
7987.
7986.
7986.
7985.
7984.
7983.
7985.
7983.
7984.
7984.
7983.
7983.
7984.
7985.
7985.
7986.
7987.
7987.
7988.
7989.
7990.
7990.
7990.
7990.
7991.
7992.
7993.
7994.
7994.
7993.
7993.
7993.
7992.
7992.
7992.
7992.
7992.
7991.
7990.
7990.
7991.
7990.
7989.
7988.
7987.
7986.
7986.
7985.
7984.
7983.
7982.
7980.
7980.
7979.
7978.
7977.
7976.
7974.
7973.
7972.
7969.
7968.
7968.
7966.
7964.
7963.
7963.
7960.
7957.
7956.
7955.
7952.
7950.
7947.
7947.
7943.
7941.
7938.
7937.
7935.
7932.
7930.
7929.
7925.
7923.
7919.
7917.
7915.
7911.
7909.
7906.
7903.
7900.
7897.
7894.
7891.
7888.
7885.
7881.
7879.
7876.
7872.
7869.
7867.
7863.
7859.
7857.
7853.
7853.
7853.
7855.
7860.
7867.
7876.
7884.
7893.
7898.
7905.
7909.
7913.
7917.
7919.
7920.
7920.
7919.
7917.
7916.
7913.
7912.
7910.
7909.
7907.
7905.
7905.
7903.
7901.
7899.
7898.
7895.
7894.
7892.
7890.
7888.
7886.
7884.
7882.
7880.
7879.
7877.
7875.
7873.
7871.
7870.
7868.
7865.
7865.
7863.
7861.
7860.
7858.
7857.
7855.
7854.
7853.
7851.
7850.
7849.
7847.
7846.
7845.
7844.
7845.
7843.
7844.
7842.
7843.
7843.
7842.
7842.
7843.
7844.
7843.
7843.
7845.
7847.
7848.
7850.
7850.
7852.
7854.
7857.
7859.
7863.
7867.
7870.
7873.
7877.
7880.
7884.
7889.
7893.
7898.
7905.
7909.
7916.
7922.
7929.
7935.
7941.
7947.
7954.
7961.
7968.
7976.
7984.
7993.
8001.
8010.
8018.
8026.
8033.
8041.
8048.
8056.
8066.
8074.
8083.
8090.
8098.
8105.
8112.
8119.
8127.
8132.
8139.
8146.
8154.
8160.
8165.
8171.
8176.
8180.
8186.
8190.
8194.
8197.
8200.
8203.
8207.
8210.
8212.
8214.
8216.
8218.
8218.
8219.
8221.
8222.
8222.
8223.
8223.
8224.
8224.
8223.
8222.
8221.
8221.
8220.
8222.
8221.
8219.
8218.
8216.
8215.
8215.
8213.
8213.
8211.
8210.
8208.
8207.
8206.
8205.
8204.
8203.
8202.
8200.
8198.
8197.
8196.
8195.
8192.
8191.
8190.
8189.
8187.
8186.
8185.
8183.
8182.
8181.
8179.
8178.
8177.
8175.
8174.
8173.
8171.
8169.
8169.
8168.
8166.
8165.
8164.
8162.
8161.
8160.
8159.
8158.
8156.
8156.
8153.
8153.
8151.
8150.
8149.
8148.
8147.
8146.
8144.
8143.
8142.
8142.
8141.
8141.
8138.
8137.
8137.
8135.
8133.
8131.
8131.
8131.
8130.
8129.
8128.
8127.
8126.
8125.
8126.
8125.
8125.
8124.
8123.
8123.
8123.
8122.
8121.
8120.
8120.
8121.
8121.
8122.
8122.
8121.
8121.
8121.
8120.
8122.
8122.
8121.
8122.
8123.
8123.
8124.
8126.
8127.
8127.
8129.
8131.
8130.
8133.
8135.
8137.
8138.
8140.
8141.
8144.
8146.
8148.
8150.
8153.
8155.
8159.
8160.
8163.
8166.
8169.
8172.
8174.
8177.
8181.
8185.
8188.
8191.
8196.
8199.
8202.
8205.
8209.
8212.
8216.
8220.
8223.
8226.
8231.
8233.
8237.
8240.
8242.
8243.
8247.
8249.
8251.
8253.
8254.
8256.
8256.
8257.
8257.
8258.
8258.
8259.
8257.
8256.
8255.
8255.
8253.
8252.
8249.
8247.
8245.
8242.
8239.
8238.
8233.
8231.
8226.
8223.
8219.
8216.
8212.
8209.
8206.
8201.
8196.
8192.
8188.
8183.
8179.
8175.
8169.
8166.
8161.
8156.
8151.
8148.
8142.
8136.
8132.
8127.
8121.
8117.
8113.
8109.
8104.
8098.
8093.
8088.
8084.
8078.
8073.
8068.
8063.
8058.
8054.
8049.
8045.
8040.
8035.
8029.
8025.
8018.
8012.
8006.
7999.
7992.
7985.
7977.
7970.
7964.
7955.
7947.
7940.
7934.
7928.
7920.
7914.
7908.
7904.
7899.
7895.
7893.
7888.
7886.
7885.
7884.
7885.
7884.
7886.
7887.
7891.
7894.
7896.
7899.
7902.
7906.
7909.
7912.
7914.
7916.
7918.
7919.
7923.
7925.
7925.
7927.
7928.
7930.
7931.
7932.
7934.
7936.
7937.
7939.
7941.
7942.
7945.
7945.
7948.
7950.
7952.
7953.
7955.
7957.
7959.
7960.
7962.
7963.
7964.
7965.
7966.
7968.
7968.
7969.
7970.
7970.
7972.
7972.
7972.
7975.
7976.
7976.
7978.
7978.
7979.
7979.
7979.
7980.
7978.
7980.
7981.
7981.
7981.
7981.
7982.
7981.
7982.
7981.
7981.
7981.
7979.
7979.
7979.
7977.
7977.
7976.
7975.
7975.
7973.
7972.
7971.
7970.
7969.
7967.
7966.
7964.
7963.
7961.
7959.
7956.
7954.
7953.
7950.
7946.
7944.
7941.
7939.
7936.
7935.
7932.
7928.
7925.
7923.
7920.
7917.
7914.
7910.
7906.
7903.
7899.
7897.
7892.
7888.
7885.
7881.
7878.
7874.
7869.
7865.
7861.
7857.
7853.
7849.
7844.
7840.
7835.
7831.
7827.
7822.
7817.
7813.
7809.
7805.
7801.
7796.
7793.
7787.
7783.
7778.
7774.
7769.
7762.
7757.
7752.
7744.
7738.
7731.
7724.
7717.
7707.
7701.
7693.
7684.
7676.
7670.
7661.
7655.
7650.
7644.
7641.
7638.
7636.
7635.
7635.
7635.
7637.
7638.
7641.
7644.
7647.
7651.
7656.
7662.
7667.
7673.
7676.
7683.
7688.
7693.
7698.
7703.
7708.
7712.
7718.
7723.
7728.
7731.
7735.
7739.
7743.
7745.
7748.
7751.
7754.
7758.
7760.
7763.
7767.
7769.
7771.
7774.
7776.
7778.
7781.
7782.
7784.
7785.
7787.
7790.
7792.
7792.
7793.
7796.
7797.
7799.
7801.
7803.
7804.
7806.
7808.
7810.
7813.
7814.
7816.
7817.
7821.
7821.
7824.
7826.
7828.
7829.
7832.
7834.
7836.
7838.
7839.
7842.
7845.
7846.
7848.
7852.
7855.
7857.
7859.
7861.
7865.
7866.
7869.
7872.
7875.
7877.
7879.
7882.
7885.
7889.
7891.
7894.
7898.
7899.
7903.
7906.
7910.
7912.
7916.
7920.
7925.
7928.
7931.
7936.
7939.
7943.
7947.
7951.
7956.
7958.
7961.
7962.
7961.
7957.
7951.
7944.
7935.
7929.
7923.
7918.
7916.
7916.
7917.
7917.
7918.
7918.
7918.
7920.
7921.
7922.
7922.
7923.
7924.
7926.
7925.
7926.
7927.
7927.
7927.
7928.
7928.
7928.
7928.
7929.
7929.
7928.
7928.
7928.
7929.
7928.
7928.
7928.
7928.
7928.
7927.
7927.
7927.
7926.
7926.
7926.
7926.
7924.
7924.
7924.
7923.
7922.
7921.
7921.
7921.
7921.
7920.
7919.
7919.
7918.
7917.
7918.
7917.
7915.
7915.
7915.
7915.
7914.
7914.
7913.
7913.
7912.
7911.
7911.
7912.
7911.
7911.
7910.
7909.
7909.
7909.
7908.
7908.
7907.
7908.
7908.
7907.
7907.
7906.
7906.
7906.
7906.
7907.
7906.
7906.
7904.
7905.
7906.
7905.
7905.
7905.
7906.
7904.
7904.
7905.
7905.
7903.
7904.
7904.
7904.
7904.
7904.
7905.
7906.
7905.
7906.
7904.
7905.
7904.
7905.
7905.
7907.
7906.
7907.
7908.
7908.
7908.
7909.
7910.
7910.
7910.
7911.
7911.
7913.
7913.
7914.
7915.
7917.
7917.
7919.
7919.
7920.
7921.
7922.
7924.
7925.
7927.
7927.
7930.
7930.
7931.
7933.
7935.
7936.
7939.
7939.
7941.
7944.
7946.
7947.
7948.
7951.
7952.
7954.
7956.
7958.
7960.
7962.
7964.
7966.
7968.
7970.
7972.
7974.
7976.
7979.
7980.
7984.
7987.
7988.
7991.
7994.
7997.
7997.
8000.
8002.
8004.
8003.
8002.
7998.
7992.
7987.
7982.
7977.
7974.
7969.
7968.
7967.
7966.
7963.
7962.
7962.
7960.
7960.
7958.
7959.
7959.
7957.
7957.
7957.
7956.
7957.
7957.
7958.
7959.
7959.
7959.
7960.
7961.
7963.
7962.
7963.
7966.
7966.
7967.
7966.
7967.
7968.
7968.
7970.
7971.
7972.
7973.
7974.
7976.
7976.
7978.
7979.
7981.
7984.
7986.
7988.
7989.
7991.
7992.
7994.
7995.
7996.
7997.
7997.
7998.
7999.
8000.
8000.
8000.
8002.
8003.
8003.
8003.
8004.
8004.
8005.
8006.
8007.
8006.
8006.
8006.
8008.
8007.
8007.
8006.
8008.
8008.
8007.
8006.
8005.
8005.
8005.
8005.
8004.
8004.
8004.
8003.
8004.
8003.
8002.
8002.
8000.
7999.
7999.
7998.
7997.
7996.
7996.
7994.
7994.
7991.
7990.
7988.
7988.
7985.
7984.
7982.
7981.
7979.
7978.
7975.
7973.
7972.
7970.
7968.
7965.
7963.
7961.
7958.
7957.
7955.
7952.
7949.
7948.
7944.
7941.
7940.
7937.
7935.
7932.
7928.
7926.
7924.
7919.
7917.
7913.
7910.
7908.
7905.
7901.
7899.
7895.
7893.
7889.
7886.
7882.
7879.
7876.
7872.
7868.
7864.
7861.
7857.
7854.
7850.
7846.
7841.
7837.
7834.
7829.
7826.
7822.
7818.
7814.
7809.
7807.
7801.
7797.
7794.
7789.
7785.
7781.
7778.
7774.
7770.
7766.
7762.
7759.
7754.
7750.
7746.
7743.
7737.
7734.
7730.
7725.
7721.
7716.
7716.
7716.
7718.
7720.
7724.
7729.
7733.
7737.
7743.
7747.
7750.
7752.
7754.
7754.
7756.
7757.
7757.
7758.
7757.
7756.
7756.
7756.
7756.
7755.
7755.
7756.
7756.
7758.
7758.
7760.
7760.
7761.
7762.
7764.
7766.
7768.
7770.
7772.
7775.
7778.
7781.
7783.
7786.
7789.
7793.
7797.
7801.
7806.
7810.
7814.
7818.
7821.
7827.
7833.
7837.
7842.
7847.
7853.
7857.
7861.
7867.
7872.
7878.
7881.
7884.
7891.
7895.
7898.
7902.
7907.
7911.
7914.
7917.
7920.
7924.
7925.
7928.
7930.
7934.
7934.
7937.
7937.
7939.
7939.
7939.
7939.
7940.
7940.
7940.
7940.
7940.
7939.
7939.
7938.
7935.
7934.
7934.
7932.
7929.
7928.
7926.
7923.
7922.
7919.
7916.
7915.
7914.
7910.
7907.
7904.
7902.
7900.
7896.
7894.
7892.
7888.
7885.
7882.
7879.
7876.
7873.
7869.
7866.
7863.
7859.
7856.
7852.
7848.
7846.
7843.
7839.
7836.
7831.
7828.
7824.
7820.
7817.
7814.
7810.
7806.
7802.
7798.
7794.
7792.
7787.
7783.
7780.
7776.
7772.
7768.
7763.
7759.
7757.
7753.
7749.
7743.
7739.
7736.
7731.
7727.
7724.
7719.
7715.
7710.
7705.
7700.
7697.
7693.
7689.
7684.
7680.
7675.
7671.
7668.
7663.
7659.
7655.
7650.
7646.
7642.
7637.
7633.
7628.
7624.
7621.
7616.
7614.
7612.
7616.
7618.
7626.
7633.
7640.
7646.
7654.
7663.
7671.
7679.
7686.
7695.
7702.
7707.
7712.
7718.
7721.
7724.
7727.
7730.
7733.
7736.
7739.
7743.
7746.
7750.
7754.
7757.
7761.
7766.
7771.
7776.
7781.
7787.
7792.
7797.
7802.
7809.
7813.
7820.
7826.
7832.
7839.
7844.
7850.
7855.
7861.
7866.
7871.
7875.
7881.
7884.
7888.
7893.
7895.
7896.
7900.
7903.
7905.
7906.
7906.
7907.
7906.
7906.
7906.
7905.
7903.
7901.
7900.
7896.
7895.
7892.
7888.
7887.
7882.
7879.
7875.
7873.
7869.
7863.
7859.
7856.
7852.
7846.
7843.
7840.
7834.
7830.
7826.
7821.
7819.
7813.
7808.
7804.
7800.
7794.
7789.
7786.
7780.
7774.
7770.
7764.
7759.
7754.
7750.
7748.
7748.
7751.
7755.
7761.
7767.
7773.
7783.
7793.
7802.
7813.
7823.
7835.
7846.
7857.
7867.
7878.
7886.
7895.
7903.
7913.
7922.
7931.
7941.
7951.
7960.
7969.
7980.
7992.
8003.
8013.
8023.
8033.
8043.
8052.
8061.
8068.
8078.
8086.
8094.
8102.
8110.
8116.
8123.
8129.
8137.
8144.
8149.
8155.
8163.
8168.
8174.
8180.
8184.
8189.
8194.
8198.
8201.
8203.
8205.
8206.
8208.
8206.
8205.
8203.
8202.
8201.
8199.
8195.
8192.
8190.
8187.
8184.
8180.
8178.
8175.
8171.
8166.
8162.
8158.
8154.
8150.
8144.
8140.
8136.
8130.
8126.
8120.
8115.
8111.
8106.
8101.
8095.
8091.
8086.
8080.
8075.
8070.
8065.
8059.
8055.
8050.
8044.
8040.
8034.
8029.
8025.
8020.
8015.
8010.
8005.
7999.
7994.
7989.
7984.
7980.
7975.
7968.
7964.
7959.
7953.
7948.
7943.
7938.
7933.
7928.
7922.
7916.
7909.
7905.
7899.
7892.
7886.
7879.
7872.
7864.
7858.
7851.
7844.
7837.
7832.
7828.
7824.
7824.
7824.
7824.
7827.
7830.
7833.
7835.
7839.
7842.
7847.
7851.
7855.
7859.
7862.
7865.
7869.
7871.
7875.
7877.
7880.
7884.
7888.
7894.
7896.
7899.
7903.
7906.
7910.
7913.
7916.
7919.
7922.
7924.
7926.
7928.
7929.
7930.
7932.
7934.
7936.
7937.
7936.
7935.
7935.
7935.
7935.
7934.
7933.
7933.
7933.
7934.
7933.
7933.
7933.
7933.
7934.
7935.
7935.
7935.
7936.
7937.
7938.
7939.
7940.
7941.
7942.
7943.
7943.
7945.
7946.
7948.
7950.
7951.
7951.
7953.
7954.
7955.
7956.
7958.
7959.
7961.
7962.
7965.
7966.
7967.
7969.
7970.
7972.
7974.
7977.
7980.
7982.
7984.
7986.
7989.
7992.
7993.
7995.
7998.
8001.
8004.
8007.
8010.
8013.
8017.
8020.
8024.
8026.
8029.
8033.
8037.
8041.
8044.
8047.
8051.
8053.
8057.
8059.
8059.
8056.
8053.
8046.
8038.
8030.
8023.
8017.
8013.
8011.
8011.
8011.
8010.
8010.
8011.
8012.
8013.
8015.
8016.
8017.
8018.
8020.
8020.
8021.
8021.
8022.
8023.
8025.
8026.
8026.
8026.
8027.
8028.
8028.
8029.
8031.
8032.
8031.
8032.
8033.
8035.
8034.
8036.
8037.
8038.
8040.
8040.
8041.
8042.
8043.
8043.
8046.
8047.
8047.
8048.
8052.
8053.
8053.
8055.
8051.
8029.
8058.
8061.
8063.
8065.
8066.
8067.
8069.
8071.
8074.
8075.
8079.
8080.
8083.
8084.
8086.
8090.
8091.
8094.
8098.
8101.
8102.
8106.
8108.
8112.
8114.
8116.
8121.
8124.
8129.
8131.
8135.
8139.
8142.
8145.
8149.
8153.
8155.
8160.
8164.
8168.
8169.
8170.
8167.
8164.
8158.
8151.
8144.
8136.
8127.
8123.
8119.
8115.
8112.
8111.
8110.
8110.
8109.
8108.
8106.
8105.
8103.
8102.
8099.
8100.
8097.
8096.
8095.
8091.
8088.
8087.
8086.
8085.
8083.
8082.
8080.
8079.
8078.
8077.
8078.
8077.
8076.
8076.
8075.
8077.
8076.
8076.
8077.
8077.
8075.
8075.
8071.
8068.
8064.
8060.
8055.
8049.
8044.
8040.
8034.
8028.
8025.
8022.
8018.
8015.
8012.
8008.
8005.
8002.
7999.
7998.
7997.
7997.
7994.
7993.
7993.
7992.
7992.
7991.
7991.
7991.
7991.
7990.
7991.
7991.
7988.
7990.
7991.
7991.
7989.
7991.
7992.
7991.
7993.
7993.
7993.
7994.
7996.
7995.
7997.
7998.
8000.
8000.
8001.
8004.
8003.
8006.
8007.
8008.
8010.
8011.
8015.
8017.
8018.
8020.
8023.
8025.
8028.
8030.
8033.
8037.
8039.
8040.
8043.
8048.
8051.
8054.
8057.
8060.
8062.
8066.
8069.
8073.
8075.
8079.
8082.
8086.
8089.
8094.
8096.
8100.
8103.
8108.
8113.
8117.
8120.
8123.
8128.
8130.
8128.
8127.
8125.
8121.
8117.
8112.
8110.
8108.
8106.
8105.
8106.
8107.
8107.
8107.
8107.
8108.
8108.
8109.
8108.
8108.
8106.
8108.
8107.
8108.
8106.
8105.
8105.
8105.
8104.
8103.
8103.
8102.
8100.
8100.
8099.
8098.
8096.
8095.
8094.
8092.
8091.
8090.
8088.
8087.
8085.
8083.
8081.
8080.
8078.
8076.
8074.
8072.
8070.
8068.
8065.
8064.
8059.
8058.
8056.
8054.
8053.
8049.
8046.
8045.
8042.
8039.
8036.
8033.
8032.
8027.
8025.
8022.
8019.
8015.
8011.
8009.
8005.
8003.
7998.
7995.
7991.
7989.
7986.
7983.
7978.
7976.
7972.
7968.
7964.
7959.
7956.
7952.
7948.
7945.
7939.
7935.
7931.
7928.
7922.
7919.
7914.
7910.
7905.
7901.
7897.
7892.
7887.
7882.
7879.
7874.
7869.
7863.
7860.
7855.
7851.
7847.
7841.
7837.
7832.
7827.
7821.
7817.
7813.
7807.
7802.
7797.
7794.
7789.
7784.
7780.
7774.
7770.
7766.
7762.
7757.
7752.
7749.
7744.
7741.
7737.
7733.
7732.
7733.
7736.
7742.
7750.
7758.
7767.
7777.
7788.
7796.
7802.
7806.
7811.
7817.
7822.
7827.
7831.
7837.
7843.
7847.
7852.
7856.
7863.
7867.
7872.
7875.
7880.
7881.
7885.
7888.
7890.
7892.
7895.
7897.
7898.
7899.
7903.
7903.
7906.
7908.
7910.
7912.
7915.
7918.
7918.
7920.
7922.
7921.
7923.
7925.
7926.
7927.
7930.
7933.
7935.
7936.
7938.
7939.
7941.
7943.
7944.
7947.
7949.
7950.
7951.
7954.
7956.
7957.
7958.
7961.
7961.
7963.
7965.
7967.
7968.
7969.
7971.
7973.
7975.
7974.
7976.
7977.
7978.
7980.
7979.
7981.
7982.
7983.
7983.
7984.
7984.
7985.
7985.
7986.
7986.
7985.
7986.
7986.
7985.
7986.
7985.
7984.
7984.
7983.
7983.
7982.
7982.
7981.
7979.
7979.
7978.
7977.
7975.
7974.
7972.
7972.
7971.
7968.
7967.
7965.
7963.
7962.
7959.
7958.
7956.
7954.
7952.
7950.
7947.
7944.
7942.
7939.
7937.
7935.
7932.
7930.
7927.
7925.
7922.
7919.
7915.
7913.
7910.
7906.
7904.
7898.
7897.
7893.
7890.
7887.
7883.
7880.
7876.
7874.
7869.
7867.
7862.
7858.
7856.
7851.
7848.
7846.
7842.
7837.
7833.
7830.
7827.
7822.
7818.
7814.
7811.
7806.
7803.
7798.
7793.
7790.
7786.
7781.
7777.
7773.
7768.
7764.
7760.
7756.
7751.
7748.
7743.
7738.
7734.
7730.
7725.
7721.
7718.
7713.
7709.
7704.
7699.
7695.
7692.
7687.
7682.
7678.
7674.
7669.
7666.
7662.
7656.
7652.
7647.
7644.
7639.
7635.
7631.
7628.
7623.
7620.
7615.
7613.
7608.
7604.
7601.
7598.
7594.
7592.
7589.
7584.
7582.
7578.
7576.
7573.
7570.
7567.
7565.
7562.
7560.
7558.
7557.
7554.
7551.
7548.
7547.
7546.
7546.
7543.
7543.
7541.
7539.
7539.
7538.
7536.
7536.
7536.
7535.
7534.
7536.
7536.
7536.
7535.
7537.
7537.
7537.
7539.
7538.
7539.
7540.
7542.
7543.
7545.
7546.
7547.
7550.
7550.
7552.
7554.
7555.
7556.
7558.
7559.
7559.
7561.
7562.
7565.
7565.
7567.
7566.
7567.
7569.
7569.
7569.
7569.
7568.
7569.
7569.
7568.
7568.
7566.
7567.
7565.
7564.
7562.
7561.
7560.
7558.
7557.
7556.
7553.
7550.
7549.
7546.
7543.
7543.
7546.
7551.
7558.
7569.
7581.
7596.
7613.
7628.
7646.
7666.
7685.
7704.
7722.
7742.
7763.
7782.
7801.
7819.
7836.
7854.
7870.
7885.
7899.
7912.
7922.
7931.
7939.
7945.
7951.
7956.
7960.
7965.
7968.
7971.
7976.
7980.
7981.
7982.
7984.
7985.
7986.
7987.
7988.
7988.
7988.
7988.
7988.
7987.
7984.
7984.
7983.
7980.
7979.
7976.
7975.
7972.
7968.
7966.
7964.
7961.
7957.
7954.
7948.
7947.
7943.
7939.
7937.
7933.
7928.
7923.
7919.
7916.
7911.
7907.
7903.
7899.
7895.
7891.
7885.
7882.
7876.
7872.
7867.
7862.
7859.
7855.
7849.
7843.
7839.
7834.
7828.
7824.
7818.
7815.
7808.
7805.
7798.
7794.
7788.
7784.
7778.
7772.
7768.
7763.
7758.
7753.
7748.
7743.
7737.
7731.
7726.
7721.
7715.
7711.
7705.
7702.
7698.
7699.
7703.
7708.
7715.
7723.
7732.
7742.
7751.
7761.
7769.
7777.
7786.
7792.
7799.
7803.
7807.
7809.
7811.
7813.
7815.
7817.
7820.
7822.
7825.
7827.
7829.
7832.
7835.
7838.
7841.
7844.
7847.
7851.
7853.
7857.
7859.
7862.
7866.
7871.
7875.
7880.
7883.
7886.
7890.
7894.
7899.
7903.
7907.
7911.
7914.
7919.
7925.
7929.
7933.
7938.
7942.
7946.
7951.
7955.
7959.
7964.
7968.
7974.
7977.
7983.
7987.
7990.
7995.
7999.
8003.
8008.
8012.
8016.
8020.
8024.
8027.
8030.
8034.
8037.
8042.
8045.
8049.
8052.
8055.
8058.
8062.
8066.
8069.
8072.
8075.
8078.
8081.
8084.
8086.
8088.
8092.
8095.
8098.
8100.
8103.
8104.
8108.
8110.
8112.
8114.
8117.
8119.
8121.
8123.
8125.
8127.
8128.
8130.
8132.
8135.
8137.
8138.
8139.
8141.
8143.
8144.
8146.
8149.
8151.
8152.
8153.
8156.
8158.
8160.
8162.
8165.
8167.
8170.
8171.
8172.
8176.
8177.
8179.
8182.
8185.
8187.
8189.
8193.
8194.
8196.
8199.
8203.
8204.
8206.
8208.
8211.
8214.
8217.
8220.
8223.
8224.
8226.
8225.
8222.
8217.
8209.
8200.
8189.
8180.
8172.
8164.
8158.
8152.
8148.
8144.
8142.
8140.
8137.
8137.
8136.
8136.
8134.
8135.
8135.
8135.
8134.
8134.
8134.
8134.
8134.
8134.
8136.
8134.
8133.
8134.
8136.
8136.
8136.
8135.
8136.
8137.
8136.
8137.
8139.
8139.
8139.
8140.
8142.
8141.
8143.
8143.
8144.
8145.
8145.
8147.
8150.
8150.
8152.
8154.
8156.
8159.
8161.
8163.
8165.
8167.
8169.
8173.
8176.
8179.
8181.
8186.
8189.
8192.
8195.
8198.
8203.
8207.
8209.
8214.
8218.
8223.
8228.
8232.
8235.
8241.
8245.
8249.
8253.
8259.
8263.
8264.
8266.
8265.
8262.
8254.
8247.
8237.
8230.
8222.
8215.
8206.
8200.
8192.
8185.
8181.
8177.
8176.
8175.
8174.
8173.
8172.
8171.
8170.
8169.
8167.
8168.
8166.
8165.
8164.
8162.
8160.
8159.
8158.
8156.
8154.
8152.
8150.
8149.
8147.
8145.
8144.
8142.
8139.
8138.
8137.
8135.
8133.
8131.
8129.
8126.
8126.
8125.
8123.
8122.
8121.
8120.
8119.
8118.
8116.
8116.
8116.
8115.
8114.
8114.
8114.
8114.
8113.
8112.
8113.
8113.
8114.
8114.
8113.
8114.
8115.
8116.
8116.
8118.
8119.
8120.
8122.
8121.
8123.
8125.
8127.
8129.
8132.
8133.
8135.
8139.
8139.
8142.
8143.
8146.
8149.
8151.
8155.
8157.
8160.
8162.
8166.
8169.
8172.
8175.
8177.
8181.
8185.
8188.
8193.
8196.
8200.
8202.
8206.
8208.
8212.
8210.
8206.
8201.
8196.
8188.
8180.
8173.
8165.
8160.
8154.
8151.
8149.
8148.
8147.
8146.
8145.
8144.
8144.
8143.
8141.
8139.
8138.
8136.
8134.
8132.
8129.
8127.
8124.
8121.
8118.
8115.
8114.
8110.
8108.
8104.
8100.
8097.
8093.
8090.
8086.
8083.
8079.
8075.
8071.
8068.
8064.
8059.
8055.
8050.
8047.
8043.
8038.
8034.
8029.
8024.
8020.
8016.
8011.
8007.
8002.
7998.
7993.
7989.
7985.
7980.
7977.
7973.
7967.
7965.
7960.
7957.
7953.
7949.
7946.
7941.
7938.
7933.
7930.
7927.
7921.
7917.
7913.
7908.
7903.
7899.
7893.
7889.
7886.
7881.
7877.
7872.
7869.
7865.
7862.
7859.
7854.
7851.
7850.
7849.
7847.
7846.
7848.
7848.
7848.
7849.
7851.
7852.
7854.
7857.
7857.
7860.
7861.
7861.
7861.
7861.
7860.
7861.
7861.
7862.
7863.
7861.
7863.
7864.
7865.
7865.
7866.
7867.
7868.
7869.
7870.
7872.
7872.
7872.
7872.
7871.
7870.
7870.
7869.
7867.
7865.
7863.
7862.
7861.
7860.
7859.
7857.
7856.
7855.
7853.
7853.
7854.
7852.
7851.
7850.
7849.
7847.
7845.
7843.
7843.
7842.
7841.
7839.
7840.
7838.
7838.
7838.
7836.
7836.
7836.
7834.
7834.
7833.
7835.
7834.
7833.
7834.
7834.
7834.
7836.
7836.
7836.
7838.
7840.
7840.
7842.
7844.
7846.
7847.
7849.
7852.
7854.
7857.
7860.
7864.
7867.
7870.
7874.
7877.
7881.
7884.
7888.
7894.
7898.
7903.
7909.
7914.
7919.
7923.
7929.
7936.
7940.
7946.
7952.
7958.
7963.
7968.
7974.
7981.
7986.
7991.
7995.
7999.
8005.
8009.
8014.
8018.
8023.
8027.
8030.
8032.
8036.
8039.
8041.
8044.
8046.
8048.
8050.
8052.
8052.
8054.
8054.
8056.
8056.
8055.
8056.
8056.
8056.
8056.
8056.
8055.
8054.
8053.
8050.
8050.
8049.
8048.
8047.
8046.
8043.
8040.
8037.
8038.
8034.
8032.
8031.