8480.
8481.
8480.
8480.
8481.
8481.
8481.
8481.
8482.
8482.
8483.
8483.
8482.
8483.
8482.
8481.
8480.
8480.
8480.
8479.
8478.
8477.
8477.
8475.
8475.
8473.
8473.
8471.
8470.
8469.
8468.
8467.
8465.
8463.
8462.
8460.
8458.
8456.
8454.
8453.
8451.
8449.
8446.
8444.
8442.
8440.
8438.
8435.
8432.
8429.
8427.
8424.
8422.
8419.
8417.
8414.
8411.
8408.
8406.
8403.
8400.
8395.
8393.
8390.
8386.
8383.
8381.
8378.
8376.
8372.
8371.
8371.
8374.
8378.
8384.
8391.
8397.
8402.
8405.
8409.
8410.
8413.
8415.
8417.
8416.
8415.
8414.
8413.
8414.
8414.
8413.
8413.
8412.
8411.
8411.
8411.
8412.
8410.
8410.
8409.
8410.
8410.
8411.
8410.
8409.
8410.
8409.
8410.
8410.
8411.
8410.
8411.
8411.
8412.
8411.
8412.
8414.
8413.
8414.
8414.
8416.
8415.
8415.
8417.
8419.
8417.
8418.
8420.
8422.
8422.
8423.
8425.
8426.
8427.
8428.
8430.
8432.
8434.
8435.
8438.
8439.
8441.
8443.
8445.
8448.
8451.
8453.
8455.
8458.
8462.
8464.
8467.
8470.
8474.
8477.
8481.
8484.
8488.
8492.
8496.
8500.
8503.
8505.
8506.
8506.
8502.
8496.
8490.
8487.
8484.
8481.
8480.
8482.
8483.
8485.
8486.
8488.
8490.
8492.
8492.
8493.
8494.
8495.
8496.
8496.
8496.
8497.
8498.
8497.
8497.
8498.
8498.
8498.
8499.
8498.
8497.
8499.
8499.
8499.
8496.
8497.
8497.
8497.
8496.
8496.
8494.
8492.
8492.
8491.
8490.
8489.
8487.
8487.
8487.
8484.
8482.
8482.
8481.
8478.
8477.
8475.
8473.
8473.
8470.
8467.
8466.
8464.
8462.
8460.
8458.
8456.
8454.
8452.
8449.
8447.
8444.
8442.
8441.
8437.
8435.
8431.
8430.
8428.
8424.
8421.
8418.
8416.
8412.
8410.
8408.
8404.
8401.
8398.
8395.
8392.
8389.
8386.
8382.
8380.
8377.
8373.
8369.
8366.
8364.
8361.
8360.
8360.
8363.
8366.
8371.
8377.
8382.
8386.
8389.
8391.
8393.
8395.
8395.
8395.
8393.
8391.
8390.
8390.
8389.
8387.
8387.
8386.
8386.
8384.
8384.
8384.
8382.
8381.
8380.
8380.
8379.
8378.
8377.
8378.
8376.
8377.
8377.
8375.
8375.
8375.
8373.
8374.
8373.
8371.
8372.
8372.
8372.
8371.
8371.
8370.
8370.
8370.
8370.
8368.
8369.
8369.
8370.
8367.
8368.
8369.
8368.
8368.
8367.
8368.
8367.
8368.
8368.
8368.
8368.
8369.
8367.
8368.
8367.
8368.
8369.
8370.
8370.
8370.
8370.
8371.
8369.
8371.
8372.
8372.
8372.
8375.
8374.
8375.
8377.
8376.
8377.
8379.
8379.
8379.
8381.
8382.
8382.
8383.
8384.
8387.
8387.
8389.
8391.
8393.
8394.
8395.
8397.
8401.
8404.
8405.
8408.
8410.
8413.
8414.
8417.
8420.
8424.
8426.
8430.
8434.
8437.
8440.
8444.
8448.
8452.
8455.
8459.
8463.
8468.
8471.
8473.
8474.
8471.
8468.
8463.
8459.
8456.
8454.
8455.
8455.
8456.
8456.
8458.
8460.
8461.
8462.
8464.
8465.
8465.
8466.
8467.
8466.
8466.
8467.
8467.
8468.
8468.
8467.
8466.
8466.
8465.
8466.
8465.
8464.
8466.
8465.
8463.
8462.
8462.
8461.
8460.
8459.
8458.
8457.
8455.
8454.
8454.
8451.
8452.
8450.
8446.
8445.
8444.
8442.
8441.
8438.
8437.
8435.
8432.
8430.
8428.
8426.
8424.
8421.
8419.
8417.
8415.
8412.
8410.
8409.
8406.
8402.
8400.
8397.
8394.
8391.
8389.
8385.
8382.
8380.
8378.
8375.
8372.
8368.
8365.
8362.
8360.
8358.
8353.
8351.
8348.
8345.
8342.
8341.
8343.
8345.
8348.
8351.
8355.
8359.
8362.
8364.
8363.
8361.
8361.
8358.
8356.
8354.
8354.
8353.
8351.
8351.
8351.
8351.
8350.
8350.
8350.
8351.
8352.
8353.
8352.
8354.
8354.
8356.
8358.
8360.
8362.
8362.
8363.
8364.
8366.
8368.
8369.
8370.
8372.
8372.
8373.
8374.
8375.
8376.
8378.
8379.
8380.
8382.
8383.
8385.
8386.
8388.
8390.
8392.
8392.
8395.
8397.
8400.
8402.
8405.
8406.
8410.
8413.
8416.
8418.
8422.
8425.
8428.
8432.
8435.
8439.
8443.
8447.
8452.
8455.
8459.
8462.
8467.
8471.
8476.
8480.
8484.
8489.
8493.
8498.
8503.
8506.
8510.
8516.
8521.
8525.
8526.
8525.
8522.
8516.
8511.
8506.
8502.
8499.
8498.
8498.
8499.
8500.
8501.
8502.
8504.
8505.
8506.
8507.
8508.
8507.
8508.
8509.
8509.
8509.
8510.
8509.
8509.
8508.
8508.
8507.
8507.
8507.
8505.
8504.
8504.
8502.
8502.
8501.
8499.
8498.
8498.
8497.
8494.
8491.
8492.
8490.
8488.
8485.
8484.
8481.
8480.
8478.
8476.
8473.
8471.
8468.
8465.
8465.
8462.
8459.
8456.
8454.
8450.
8449.
8447.
8443.
8440.
8438.
8436.
8433.
8429.
8425.
8422.
8419.
8417.
8413.
8410.
8407.
8403.
8400.
8397.
8393.
8390.
8386.
8382.
8379.
8378.
8373.
8368.
8366.
8363.
8360.
8358.
8358.
8360.
8363.
8367.
8371.
8376.
8379.
8382.
8385.
8387.
8387.
8387.
8386.
8385.
8384.
8383.
8381.
8382.
8379.
8378.
8378.
8377.
8376.
8375.
8376.
8375.
8375.
8372.
8372.
8371.
8371.
8369.
8367.
8366.
8366.
8366.
8366.
8366.
8364.
8364.
8364.
8365.
8364.
8363.
8362.
8362.
8360.
8360.
8359.
8359.
8358.
8358.
8358.
8357.
8356.
8357.
8356.
8356.
8355.
8355.
8355.
8355.
8353.
8353.
8354.
8353.
8353.
8352.
8353.
8352.
8352.
8352.
8352.
8352.
8352.
8351.
8351.
8351.
8352.
8353.
8352.
8351.
8352.
8352.
8353.
8353.
8353.
8353.
8353.
8353.
8354.
8354.
8355.
8356.
8356.
8357.
8357.
8358.
8358.
8358.
8359.
8360.
8361.
8361.
8363.
8365.
8365.
8366.
8368.
8369.
8370.
8371.
8373.
8375.
8377.
8378.
8380.
8381.
8384.
8385.
8388.
8390.
8393.
8397.
8399.
8401.
8405.
8408.
8411.
8415.
8418.
8422.
8425.
8429.
8432.
8437.
8441.
8445.
8449.
8452.
8453.
8452.
8450.
8447.
8445.
8441.
8441.
8442.
8442.
8444.
8446.
8447.
8450.
8452.
8454.
8455.
8456.
8457.
8458.
8459.
8459.
8461.
8462.
8462.
8463.
8463.
8464.
8463.
8464.
8465.
8464.
8464.
8464.
8464.
8465.
8465.
8464.
8464.
8462.
8462.
8461.
8462.
8460.
8458.
8458.
8456.
8455.
8454.
8453.
8452.
8450.
8449.
8447.
8446.
8444.
8441.
8440.
8439.
8436.
8435.
8433.
8431.
8429.
8427.
8425.
8422.
8419.
8417.
8416.
8413.
8410.
8408.
8405.
8404.
8400.
8396.
8395.
8393.
8389.
8385.
8383.
8381.
8378.
8375.
8372.
8368.
8366.
8363.
8361.
8360.
8358.
8360.
8362.
8368.
8372.
8377.
8381.
8384.
8386.
8386.
8388.
8389.
8390.
8387.
8389.
8387.
8386.
8386.
8386.
8385.
8384.
8384.
8384.
8383.
8383.
8382.
8382.
8383.
8383.
8383.
8382.
8382.
8381.
8380.
8380.
8381.
8381.
8381.
8381.
8380.
8382.
8381.
8381.
8381.
8381.
8381.
8381.
8381.
8381.
8382.
8381.
8382.
8382.
8382.
8383.
8383.
8383.
8383.
8384.
8384.
8385.
8386.
8387.
8387.
8388.
8389.
8390.
8390.
8391.
8393.
8394.
8396.
8397.
8397.
8399.
8402.
8403.
8404.
8406.
8409.
8410.
8411.
8413.
8417.
8419.
8421.
8423.
8427.
8430.
8432.
8434.
8438.
8441.
8445.
8449.
8452.
8456.
8458.
8462.
8466.
8468.
8471.
8472.
8472.
8468.
8464.
8461.
8459.
8459.
8459.
8460.
8461.
8464.
8465.
8466.
8469.
8469.
8469.
8471.
8473.
8473.
8475.
8475.
8476.
8476.
8477.
8477.
8478.
8478.
8480.
8480.
8480.
8480.
8481.
8481.
8480.
8480.
8480.
8480.
8481.
8479.
8479.
8479.
8478.
8477.
8478.
8475.
8475.
8474.
8474.
8473.
8473.
8471.
8469.
8469.
8467.
8466.
8464.
8463.
8461.
8459.
8458.
8457.
8455.
8454.
8452.
8449.
8446.
8446.
8443.
8442.
8440.
8437.
8435.
8434.
8430.
8429.
8426.
8423.
8421.
8420.
8417.
8414.
8411.
8408.
8406.
8404.
8401.
8398.
8395.
8392.
8389.
8386.
8384.
8379.
8377.
8373.
8371.
8368.
8365.
8361.
8357.
8354.
8350.
8349.
8345.
8344.
8344.
8344.
8346.
8349.
8352.
8356.
8361.
8364.
8367.
8369.
8370.
8370.
8372.
8372.
8371.
8370.
8369.
8368.
8368.
8367.
8367.
8367.
8366.
8367.
8366.
8365.
8365.
8365.
8365.
8365.
8364.
8364.
8363.
8363.
8363.
8362.
8364.
8363.
8362.
8363.
8361.
8364.
8362.
8361.
8362.
8362.
8363.
8363.
8365.
8365.
8364.
8364.
8366.
8366.
8366.
8368.
8369.
8368.
8370.
8370.
8371.
8372.
8373.
8373.
8375.
8376.
8377.
8379.
8380.
8381.
8383.
8384.
8387.
8388.
8390.
8391.
8394.
8396.
8398.
8401.
8404.
8406.
8408.
8411.
8415.
8418.
8423.
8424.
8428.
8432.
8434.
8438.
8442.
8445.
8449.
8454.
8458.
8462.
8466.
8470.
8474.
8478.
8482.
8487.
8492.
8495.
8497.
8497.
8497.
8496.
8493.
8491.
8487.
8485.
8484.
8485.
8485.
8487.
8488.
8490.
8492.
8492.
8492.
8492.
8493.
8495.
8495.
8494.
8495.
8495.
8495.
8495.
8495.
8495.
8495.
8495.
8495.
8494.
8493.
8493.
8493.
8492.
8491.
8489.
8489.
8486.
8486.
8485.
8483.
8482.
8481.
8480.
8478.
8476.
8474.
8474.
8472.
8470.
8468.
8467.
8465.
8462.
8461.
8458.
8455.
8454.
8451.
8449.
8447.
8443.
8442.
8440.
8437.
8435.
8432.
8429.
8427.
8424.
8420.
8418.
8415.
8412.
8409.
8407.
8403.
8400.
8398.
8394.
8390.
8387.
8385.
8382.
8379.
8376.
8372.
8370.
8366.
8362.
8359.
8356.
8353.
8350.
8348.
8346.
8347.
8349.
8354.
8358.
8363.
8366.
8370.
8373.
8375.
8378.
8377.
8375.
8376.
8375.
8374.
8373.
8372.
8370.
8370.
8369.
8370.
8370.
8368.
8368.
8368.
8367.
8366.
8366.
8365.
8365.
8364.
8364.
8364.
8363.
8362.
8363.
8364.
8363.
8362.
8362.
8362.
8361.
8361.
8361.
8362.
8362.
8363.
8363.
8363.
8363.
8362.
8362.
8362.
8362.
8363.
8363.
8363.
8364.
8364.
8365.
8366.
8367.
8366.
8367.
8367.
8369.
8370.
8371.
8372.
8373.
8372.
8374.
8375.
8376.
8377.
8379.
8381.
8381.
8383.
8385.
8388.
8389.
8390.
8392.
8396.
8397.
8399.
8402.
8404.
8408.
8409.
8412.
8415.
8418.
8421.
8424.
8427.
8432.
8435.
8439.
8442.
8446.
8450.
8453.
8457.
8461.
8465.
8468.
8474.
8479.
8481.
8484.
8487.
8487.
8484.
8479.
8475.
8471.
8469.
8468.
8467.
8467.
8468.
8468.
8470.
8472.
8473.
8473.
8474.
8475.
8474.
8475.
8476.
8476.
8477.
8477.
8477.
8476.
8476.
8477.
8475.
8475.
8475.
8474.
8475.
8473.
8472.
8472.
8470.
8469.
8469.
8468.
8467.
8464.
8464.
8462.
8461.
8459.
8459.
8456.
8454.
8452.
8450.
8449.
8446.
8445.
8442.
8440.
8438.
8436.
8434.
8431.
8431.
8427.
8426.
8422.
8419.
8417.
8416.
8412.
8410.
8406.
8403.
8402.
8399.
8396.
8393.
8390.
8388.
8384.
8382.
8379.
8376.
8372.
8369.
8366.
8363.
8360.
8356.
8354.
8351.
8348.
8345.
8342.
8341.
8341.
8343.
8346.
8348.
8353.
8357.
8362.
8366.
8368.
8370.
8370.
8372.
8371.
8371.
8371.
8370.
8369.
8368.
8367.
8367.
8366.
8365.
8365.
8365.
8364.
8363.
8364.
8363.
8363.
8361.
8362.
8363.
8361.
8361.
8361.
8361.
8361.
8361.
8360.
8361.
8360.
8361.
8360.
8360.
8360.
8361.
8361.
8361.
8361.
8361.
8361.
8363.
8363.
8363.
8362.
8362.
8364.
8364.
8364.
8366.
8365.
8366.
8368.
8369.
8369.
8369.
8370.
8373.
8373.
8374.
8376.
8378.
8379.
8379.
8381.
8383.
8385.
8386.
8388.
8389.
8392.
8394.
8397.
8400.
8404.
8405.
8407.
8411.
8414.
8417.
8418.
8423.
8427.
8429.
8433.
8437.
8439.
8444.
8448.
8451.
8455.
8458.
8461.
8466.
8470.
8472.
8474.
8473.
8470.
8467.
8462.
8460.
8458.
8457.
8455.
8456.
8457.
8458.
8460.
8461.
8463.
8463.
8464.
8466.
8465.
8466.
8465.
8466.
8466.
8465.
8466.
8466.
8467.
8465.
8465.
8465.
8464.
8465.
8463.
8463.
8464.
8461.
8461.
8460.
8458.
8457.
8456.
8455.
8455.
8452.
8452.
8449.
8447.
8446.
8444.
8443.
8440.
8438.
8437.
8434.
8433.
8431.
8429.
8426.
8424.
8421.
8419.
8417.
8415.
8413.
8410.
8406.
8404.
8402.
8399.
8398.
8394.
8392.
8389.
8386.
8384.
8381.
8378.
8374.
8371.
8369.
8365.
8362.
8358.
8356.
8352.
8350.
8347.
8343.
8340.
8339.
8339.
8340.
8342.
8347.
8351.
8357.
8360.
8363.
8365.
8368.
8369.
8370.
8370.
8370.
8369.
8369.
8367.
8367.
8366.
8365.
8365.
8364.
8364.
8365.
8363.
8363.
8363.
8363.
8363.
8363.
8363.
8363.
8362.
8362.
8362.
8362.
8362.
8362.
8362.
8363.
8363.
8363.
8363.
8362.
8363.
8363.
8363.
8365.
8366.
8365.
8365.
8366.
8366.
8366.
8368.
8369.
8369.
8370.
8372.
8372.
8374.
8375.
8376.
8378.
8379.
8380.
8382.
8383.
8386.
8388.
8390.
8392.
8393.
8396.
8399.
8401.
8403.
8406.
8408.
8411.
8414.
8417.
8420.
8423.
8426.
8430.
8433.
8436.
8440.
8443.
8447.
8452.
8456.
8459.
8462.
8468.
8471.
8475.
8479.
8484.
8487.
8491.
8495.
8500.
8504.
8507.
8510.
8515.
8520.
8523.
8526.
8529.
8529.
8528.
8527.
8523.
8520.
8517.
8515.
8512.
8511.
8511.
8512.
8512.
8514.
8514.
8515.
8515.
8515.
8514.
8514.
8515.
8515.
8515.
8514.
8513.
8512.
8513.
8512.
8511.
8510.
8509.
8509.
8508.
8506.
8506.
8504.
8503.
8502.
8500.
8498.
8497.
8497.
8496.
8494.
8492.
8491.
8489.
8487.
8486.
8484.
8482.
8479.
8477.
8474.
8472.
8471.
8469.
8467.
8464.
8460.
8459.
8457.
8454.
8452.
8448.
8446.
8444.
8441.
8438.
8435.
8433.
8431.
8427.
8425.
8423.
8418.
8415.
8411.
8409.
8407.
8404.
8400.
8396.
8392.
8390.
8388.
8384.
8380.
8378.
8374.
8370.
8367.
8363.
8360.
8356.
8353.
8351.
8351.
8352.
8354.
8358.
8362.
8367.
8371.
8376.
8381.
8383.
8384.
8385.
8386.
8387.
8386.
8386.
8385.
8386.
8385.
8383.
8383.
8384.
8383.
8383.
8383.
8382.
8382.
8382.
8382.
8383.
8381.
8381.
8381.
8380.
8381.
8382.
8382.
8383.
8382.
8383.
8383.
8383.
8384.
8383.
8384.
8384.
8386.
8387.
8387.
8387.
8388.
8389.
8390.
8390.
8391.
8393.
8393.
8394.
8395.
8397.
8399.
8399.
8400.
8403.
8405.
8405.
8407.
8409.
8411.
8413.
8415.
8419.
8420.
8422.
8425.
8428.
8432.
8434.
8435.
8440.
8443.
8446.
8450.
8453.
8455.
8459.
8463.
8467.
8470.
8474.
8478.
8481.
8485.
8489.
8494.
8497.
8501.
8505.
8509.
8514.
8518.
8520.
8522.
8521.
8519.
8516.
8511.
8507.
8505.
8503.
8502.
8504.
8504.
8506.
8508.
8509.
8510.
8511.
8510.
8510.
8511.
8511.
8511.
8511.
8511.
8510.
8511.
8511.
8509.
8510.
8509.
8509.
8508.
8507.
8508.
8506.
8505.
8504.
8503.
8503.
8501.
8500.
8498.
8496.
8495.
8495.
8493.
8491.
8488.
8487.
8485.
8484.
8482.
8480.
8478.
8477.
8474.
8472.
8469.
8467.
8465.
8463.
8460.
8457.
8455.
8452.
8450.
8447.
8445.
8442.
8439.
8437.
8434.
8431.
8428.
8425.
8423.
8420.
8416.
8414.
8411.
8408.
8405.
8401.
8398.
8395.
8392.
8389.
8385.
8382.
8379.
8375.
8372.
8370.
8367.
8363.
8359.
8354.
8352.
8352.
8352.
8354.
8355.
8360.
8366.
8371.
8375.
8379.
8383.
8386.
8389.
8389.
8389.
8389.
8388.
8388.
8388.
8387.
8386.
8385.
8385.
8385.
8385.
8384.
8385.
8384.
8384.
8383.
8384.
8384.
8383.
8385.
8384.
8384.
8384.
8385.
8385.
8383.
8385.
8385.
8386.
8385.
8387.
8387.
8387.
8388.
8387.
8389.
8389.
8390.
8389.
8391.
8390.
8392.
8393.
8395.
8395.
8395.
8397.
8398.
8398.
8400.
8402.
8403.
8405.
8407.
8408.
8410.
8412.
8413.
8415.
8417.
8419.
8422.
8423.
8425.
8427.
8429.
8432.
8436.
8438.
8439.
8443.
8446.
8449.
8452.
8455.
8459.
8462.
8465.
8468.
8473.
8477.
8479.
8482.
8487.
8490.
8494.
8497.
8501.
8506.
8510.
8514.
8517.
8521.
8524.
8528.
8532.
8536.
8540.
8542.
8546.
8549.
8549.
8549.
8547.
8545.
8543.
8540.
8538.
8537.
8536.
8535.
8537.
8538.
8538.
8538.
8540.
8541.
8540.
8539.
8540.
8540.
8540.
8540.
8540.
8540.
8540.
8537.
8537.
8536.
8536.
8535.
8535.
8534.
8534.
8532.
8531.
8530.
8529.
8528.
8526.
8525.
8524.
8522.
8521.
8520.
8517.
8516.
8514.
8514.
8512.
8510.
8508.
8507.
8504.
8501.
8499.
8497.
8496.
8492.
8491.
8489.
8487.
8484.
8483.
8479.
8476.
8474.
8472.
8469.
8467.
8464.
8462.
8460.
8456.
8454.
8451.
8448.
8444.
8442.
8439.
8437.
8433.
8430.
8427.
8423.
8420.
8418.
8413.
8411.
8407.
8405.
8401.
8399.
8394.
8392.
8388.
8387.
8385.
8386.
8388.
8391.
8396.
8400.
8406.
8408.
8410.
8412.
8414.
8415.
8416.
8416.
8416.
8415.
8413.
8413.
8413.
8412.
8412.
8412.
8412.
8412.
8412.
8411.
8411.
8411.
8412.
8411.
8411.
8412.
8410.
8411.
8411.
8411.
8412.
8411.
8411.
8411.
8411.
8412.
8413.
8413.
8413.
8413.
8414.
8414.
8415.
8415.
8415.
8416.
8417.
8418.
8419.
8420.
8421.
8422.
8423.
8425.
8425.
8426.
8428.
8429.
8430.
8432.
8433.
8435.
8437.
8439.
8440.
8442.
8445.
8446.
8448.
8452.
8455.
8455.
8459.
8463.
8466.
8468.
8473.
8475.
8480.
8481.
8486.
8489.
8493.
8496.
8499.
8503.
8504.
8504.
8503.
8497.
8494.
8489.
8485.
8483.
8481.
8479.
8480.
8481.
8483.
8483.