8345.
8351.
8356.
8361.
8363.
8366.
8369.
8370.
8371.
8371.
8371.
8370.
8369.
8368.
8368.
8369.
8368.
8368.
8368.
8368.
8366.
8367.
8366.
8366.
8366.
8366.
8366.
8366.
8367.
8365.
8365.
8365.
8365.
8366.
8366.
8364.
8365.
8365.
8365.
8366.
8366.
8365.
8366.
8367.
8366.
8366.
8366.
8367.
8368.
8368.
8368.
8370.
8371.
8371.
8372.
8373.
8373.
8375.
8376.
8378.
8379.
8380.
8381.
8384.
8385.
8387.
8389.
8391.
8392.
8394.
8397.
8401.
8403.
8404.
8408.
8411.
8415.
8417.
8420.
8425.
8427.
8432.
8435.
8440.
8442.
8444.
8444.
8442.
8436.
8429.
8422.
8418.
8414.
8412.
8413.
8414.
8416.
8418.
8421.
8422.
8423.
8424.
8425.
8427.
8426.
8427.
8427.
8429.
8429.
8430.
8429.
8430.
8429.
8429.
8430.
8431.
8431.
8430.
8430.
8429.
8430.
8429.
8428.
8427.
8427.
8427.
8424.
8425.
8423.
8423.
8422.
8420.
8418.
8418.
8416.
8414.
8411.
8410.
8408.
8407.
8405.
8402.
8400.
8397.
8395.
8392.
8391.
8388.
8385.
8383.
8381.
8378.
8376.
8373.
8370.
8367.
8364.
8361.
8359.
8356.
8352.
8349.
8345.
8343.
8340.
8337.
8334.
8330.
8326.
8324.
8322.
8322.
8324.
8328.
8333.
8340.
8345.
8350.
8355.
8358.
8361.
8363.
8365.
8365.
8363.
8362.
8361.
8360.
8361.
8360.
8359.
8359.
8359.
8360.
8359.
8359.
8359.
8358.
8358.
8358.
8358.
8357.
8357.
8356.
8357.
8357.
8357.
8358.
8357.
8357.
8357.
8357.
8357.
8358.
8358.
8358.
8359.
8359.
8359.
8360.
8361.
8362.
8362.
8363.
8364.
8365.
8366.
8367.
8368.
8368.
8370.
8372.
8373.
8374.
8376.
8378.
8379.
8381.
8383.
8386.
8389.
8390.
8394.
8396.
8400.
8402.
8405.
8409.
8412.
8414.
8420.
8423.
8427.
8430.
8433.
8437.
8439.
8441.
8438.
8433.
8425.
8418.
8412.
8407.
8404.
8402.
8402.
8404.
8406.
8408.
8408.
8412.
8412.
8413.
8413.
8413.
8415.
8414.
8415.
8415.
8415.
8415.
8414.
8416.
8415.
8416.
8415.
8414.
8413.
8413.
8413.
8412.
8411.
8410.
8409.
8408.
8407.
8406.
8403.
8402.
8401.
8400.
8397.
8395.
8393.
8391.
8388.
8388.
8385.
8382.
8379.
8378.
8375.
8371.
8370.
8368.
8365.
8361.
8358.
8356.
8353.
8351.
8348.
8343.
8341.
8339.
8336.
8333.
8329.
8326.
8323.
8320.
8317.
8315.
8311.
8309.
8308.
8311.
8315.
8321.
8328.
8335.
8341.
8345.
8347.
8348.
8349.
8349.
8348.
8349.
8347.
8347.
8345.
8345.
8344.
8345.
8345.
8343.
8343.
8342.
8340.
8341.
8342.
8340.
8340.
8340.
8339.
8340.
8340.
8339.
8339.
8338.
8339.
8338.
8339.
8338.
8337.
8337.
8338.
8337.
8337.
8337.
8337.
8336.
8336.
8337.
8338.
8336.
8336.
8336.
8338.
8337.
8336.
8336.
8337.
8336.
8336.
8338.
8337.
8337.
8337.
8337.
8338.
8340.
8339.
8339.
8339.
8340.
8340.
8341.
8340.
8342.
8341.
8342.
8343.
8344.
8344.
8345.
8347.
8348.
8348.
8350.
8350.
8351.
8351.
8352.
8353.
8355.
8356.
8358.
8359.
8361.
8362.
8363.
8366.
8368.
8370.
8372.
8374.
8376.
8378.
8382.
8384.
8387.
8390.
8392.
8396.
8399.
8402.
8406.
8409.
8413.
8416.
8416.
8416.
8410.
8403.
8395.
8389.
8385.
8383.
8381.
8380.
8382.
8384.
8386.
8388.
8389.
8390.
8390.
8392.
8394.
8393.
8395.
8396.
8396.
8396.
8397.
8397.
8398.
8397.
8398.
8398.
8398.
8399.
8397.
8397.
8397.
8397.
8397.
8397.
8394.
8395.
8394.
8393.
8392.
8391.
8389.
8389.
8387.
8384.
8383.
8382.
8380.
8378.
8376.
8374.
8372.
8370.
8368.
8364.
8363.
8362.
8358.
8356.
8353.
8352.
8348.
8346.
8343.
8341.
8337.
8335.
8333.
8329.
8327.
8324.
8320.
8318.
8313.
8311.
8308.
8305.
8303.
8303.
8306.
8310.
8318.
8326.
8332.
8338.
8343.
8348.
8351.
8356.
8358.
8359.
8360.
8360.
8360.
8359.
8358.
8358.
8358.
8358.
8358.
8358.
8359.
8358.
8359.
8358.
8360.
8360.
8360.
8361.
8361.
8362.
8363.
8361.
8363.
8364.
8364.
8364.
8366.
8367.
8368.
8371.
8371.
8371.
8373.
8375.
8377.
8378.
8379.
8381.
8382.
8384.
8387.
8389.
8391.
8394.
8396.
8399.
8401.
8404.
8408.
8410.
8413.
8417.
8420.
8423.
8427.
8430.
8435.
8438.
8441.
8445.
8449.
8450.
8447.
8442.
8437.
8431.
8426.
8422.
8419.
8418.
8420.
8421.
8423.
8425.
8427.
8429.
8431.
8432.
8432.
8432.
8434.
8435.
8435.
8436.
8436.
8436.
8436.
8437.
8437.
8437.
8437.
8438.
8436.
8436.
8436.
8436.
8436.
8435.
8435.
8433.
8433.
8431.
8430.
8430.
8428.
8426.
8425.
8424.
8422.
8420.
8420.
8418.
8416.
8414.
8413.
8410.
8408.
8406.
8404.
8402.
8400.
8397.
8395.
8393.
8390.
8386.
8385.
8380.
8379.
8376.
8373.
8370.
8367.
8364.
8362.
8359.
8356.
8353.
8350.
8347.
8343.
8340.
8338.
8334.
8331.
8328.
8324.
8321.
8321.
8322.
8324.
8328.
8333.
8338.
8342.
8348.
8352.
8357.
8361.
8365.
8365.
8366.
8365.
8364.
8365.
8364.
8364.
8364.
8363.
8362.
8362.
8362.
8362.
8361.
8362.
8363.
8362.
8361.
8363.
8362.
8362.
8362.
8362.
8363.
8363.
8363.
8365.
8366.
8364.
8365.
8366.
8366.
8368.
8368.
8369.
8369.
8369.
8370.
8370.
8372.
8374.
8374.
8376.
8378.
8379.
8379.
8382.
8384.
8385.
8385.
8389.
8391.
8393.
8396.
8398.
8400.
8403.
8406.
8408.
8412.
8415.
8418.
8421.
8424.
8428.
8431.
8435.
8438.
8441.
8445.
8448.
8450.
8451.
8448.
8445.
8440.
8433.
8431.
8428.
8427.
8427.
8428.
8429.
8431.
8435.
8435.
8437.
8438.
8438.
8441.
8441.
8442.
8444.
8443.
8444.
8443.
8443.
8444.
8445.
8445.
8446.
8446.
8445.
8445.
8445.
8445.
8444.
8444.
8444.
8443.
8442.
8440.
8439.
8439.
8440.
8438.
8438.
8436.
8435.
8433.
8433.
8431.
8429.
8426.
8425.
8424.
8422.
8419.
8419.
8416.
8414.
8412.
8409.
8407.
8405.
8403.
8400.
8398.
8396.
8393.
8391.
8387.
8385.
8382.
8379.
8376.
8373.
8370.
8366.
8364.
8362.
8358.
8355.
8352.
8347.
8344.
8341.
8338.
8337.
8335.
8334.
8337.
8340.
8344.
8350.
8355.
8361.
8365.
8368.
8370.
8372.
8373.
8374.
8373.
8372.
8372.
8371.
8370.
8370.
8369.
8369.
8369.
8369.
8369.
8367.
8367.
8367.
8367.
8368.
8368.
8367.
8367.
8366.
8367.
8368.
8368.
8368.
8367.
8367.
8368.
8369.
8369.
8368.
8368.
8369.
8368.
8368.
8369.
8370.
8370.
8371.
8372.
8373.
8373.
8375.
8375.
8376.
8376.
8378.
8377.
8378.
8380.
8381.
8382.
8384.
8384.
8387.
8389.
8391.
8393.
8394.
8396.
8398.
8399.
8402.
8405.
8406.
8408.
8410.
8413.
8417.
8420.
8422.
8426.
8430.
8433.
8437.
8440.
8444.
8448.
8451.
8455.
8459.
8462.
8465.
8462.
8457.
8453.
8445.
8441.
8438.
8435.
8435.
8435.
8438.
8439.
8441.
8442.
8444.
8444.
8446.
8447.
8450.
8450.
8451.
8450.
8450.
8450.
8451.
8450.
8450.
8451.
8451.
8452.
8450.
8450.
8451.
8450.
8450.
8449.
8448.
8447.
8446.
8446.
8445.
8444.
8443.
8441.
8440.
8438.
8438.
8436.
8435.
8433.
8431.
8429.
8426.
8426.
8424.
8420.
8418.
8416.
8415.
8413.
8409.
8407.
8404.
8401.
8400.
8397.
8395.
8392.
8389.
8386.
8383.
8381.
8377.
8375.
8372.
8368.
8366.
8363.
8359.
8357.
8353.
8352.
8350.
8351.
8354.
8357.
8362.
8368.
8375.
8379.
8383.
8385.
8387.
8387.
8388.
8389.
8388.
8386.
8387.
8385.
8385.
8385.
8385.
8384.
8383.
8384.
8384.
8383.
8383.
8382.
8382.
8382.
8382.
8382.
8381.
8381.
8381.
8381.
8381.
8381.
8381.
8381.
8381.
8381.
8381.
8381.
8381.
8382.
8381.
8381.
8382.
8382.
8382.
8382.
8384.
8384.
8384.
8385.
8385.
8386.
8386.
8387.
8388.
8388.
8390.
8390.
8390.
8391.
8392.
8394.
8396.
8397.
8397.
8399.
8401.
8402.
8404.
8406.
8408.
8411.
8413.
8414.
8416.
8419.
8422.
8425.
8428.
8430.
8433.
8436.
8437.
8435.
8432.
8427.
8421.
8417.
8414.
8412.
8411.
8411.
8412.
8413.
8417.
8417.
8419.
8420.
8421.
8422.
8423.
8423.
8424.
8425.
8425.
8427.
8426.
8427.
8426.
8426.
8427.
8428.
8427.
8427.
8428.
8427.
8427.
8428.
8426.
8426.
8426.
8425.
8425.
8425.
8424.
8423.
8421.
8421.
8419.
8420.
8419.
8418.
8416.
8415.
8413.
8411.
8408.
8408.
8408.
8405.
8403.
8402.
8399.
8397.
8395.
8393.
8390.
8387.
8385.
8383.
8380.
8378.
8375.
8372.
8371.
8368.
8364.
8361.
8359.
8355.
8352.
8350.
8347.
8344.
8340.
8339.
8335.
8331.
8330.
8331.
8333.
8335.
8340.
8346.
8351.
8356.
8361.
8365.
8368.
8370.
8371.
8372.
8371.
8369.
8370.
8369.
8368.
8368.
8367.
8367.
8367.
8366.
8366.
8368.
8367.
8367.
8366.
8366.
8366.
8366.
8366.
8366.
8366.
8366.
8366.
8367.
8366.
8367.
8366.
8366.
8366.
8367.
8368.
8367.
8367.
8369.
8369.
8368.
8370.
8371.
8370.
8371.
8373.
8375.
8374.
8376.
8378.
8379.
8379.
8381.
8383.
8384.
8386.
8388.
8390.
8392.
8393.
8395.
8398.
8399.
8402.
8405.
8407.
8410.
8413.
8415.
8419.
8423.
8426.
8429.
8432.
8433.
8431.
8427.
8422.
8417.
8413.
8408.
8407.
8407.
8408.
8408.
8410.
8412.
8414.
8415.
8416.
8418.
8418.
8419.
8420.
8420.
8421.
8421.
8422.
8421.
8423.
8423.
8424.
8424.
8423.
8424.
8424.
8423.
8422.
8422.
8423.
8423.
8422.
8422.
8421.
8421.
8421.
8420.
8418.
8417.
8416.
8414.
8412.
8412.
8411.
8409.
8407.
8405.
8403.
8402.
8400.
8398.
8396.
8395.
8392.
8390.
8388.
8386.
8383.
8380.
8378.
8375.
8373.
8370.
8367.
8366.
8363.
8359.
8358.
8355.
8350.
8349.
8345.
8342.
8339.
8337.
8333.
8330.
8327.
8323.
8321.
8317.
8315.
8312.
8311.
8313.
8316.
8320.
8326.
8332.
8338.
8341.
8345.
8348.
8350.
8352.
8353.
8354.
8353.
8353.
8352.
8351.
8352.
8352.
8350.
8350.
8351.
8350.
8350.
8349.
8349.
8348.
8349.
8349.
8350.
8348.
8349.
8349.
8349.
8348.
8350.
8350.
8350.
8350.
8350.
8350.
8350.
8351.
8352.
8352.
8352.
8352.
8352.
8355.
8356.
8356.
8357.
8359.
8360.
8362.
8362.
8363.
8366.
8367.
8368.
8370.
8372.
8375.
8377.
8378.
8381.
8383.
8385.
8389.
8391.
8394.
8396.
8401.
8405.
8408.
8411.
8414.
8418.
8422.
8425.
8428.
8433.
8436.
8438.
8437.
8435.
8429.
8424.
8420.
8417.
8416.
8416.
8417.
8418.
8420.
8422.
8424.
8424.
8425.
8427.
8427.
8429.
8430.
8431.
8431.
8432.
8431.
8432.
8433.
8432.
8433.
8434.
8433.
8433.
8433.
8433.
8432.
8431.
8431.
8430.
8429.
8430.
8428.
8427.
8426.
8425.
8424.
8422.
8421.
8419.
8418.
8417.
8415.
8413.
8411.
8408.
8408.
8406.
8404.
8403.
8399.
8396.
8396.
8394.
8390.
8388.
8385.
8383.
8381.
8378.
8376.
8374.
8369.
8368.
8365.
8362.
8359.
8357.
8354.
8351.
8348.
8344.
8342.
8338.
8335.
8332.
8330.
8326.
8323.
8321.
8320.
8321.
8323.
8327.
8332.
8338.
8342.
8347.
8350.
8354.
8354.
8356.
8357.
8356.
8357.
8356.
8355.
8355.
8353.
8354.
8353.
8352.
8352.
8352.
8351.
8351.
8350.
8351.
8351.
8350.
8350.
8350.
8350.
8350.
8350.
8350.
8350.
8350.
8350.
8350.
8350.
8351.
8350.
8350.
8350.
8350.
8352.
8351.
8353.
8352.
8354.
8353.
8354.
8353.
8354.
8354.
8355.
8356.
8357.
8357.
8357.
8359.
8359.
8360.
8362.
8362.
8365.
8366.
8367.
8368.
8370.
8371.
8372.
8375.
8377.
8378.
8379.
8382.
8383.
8388.
8390.
8391.
8394.
8396.
8398.
8400.
8403.
8408.
8412.
8414.
8417.
8421.
8424.
8429.
8432.
8435.
8438.
8442.
8446.
8450.
8454.
8457.
8457.
8458.
8453.
8450.
8445.
8442.
8440.
8438.
8438.
8439.
8441.
8443.
8446.
8447.
8448.
8447.
8449.
8451.
8453.
8453.
8454.
8454.
8455.
8455.
8455.
8456.
8456.
8455.
8456.
8455.
8455.
8456.
8456.
8455.
8454.
8454.
8454.
8454.
8452.
8452.
8451.
8449.
8449.
8448.
8446.
8445.
8443.
8442.
8440.
8439.
8437.
8436.
8435.
8433.
8430.
8428.
8426.
8425.
8422.
8421.
8417.
8415.
8413.
8411.
8408.
8406.
8404.
8401.
8400.
8396.
8393.
8388.
8388.
8385.
8381.
8378.
8376.
8373.
8370.
8366.
8364.
8361.
8359.
8354.
8351.
8349.
8345.
8343.
8342.
8342.
8344.
8347.
8354.
8360.
8366.
8373.
8376.
8379.
8382.
8386.
8389.
8390.
8391.
8391.
8390.
8391.
8390.
8390.
8390.
8389.
8390.
8389.
8390.
8389.
8390.
8390.
8390.
8391.
8392.
8392.
8392.
8390.
8392.
8392.
8393.
8394.
8394.
8394.
8395.
8395.
8397.
8397.
8398.
8400.
8401.
8401.
8403.
8404.
8404.
8406.
8406.
8408.
8409.
8410.
8412.
8415.
8416.
8417.
8419.
8422.
8424.
8427.
8429.
8432.
8434.
8436.
8439.
8441.
8445.
8448.
8451.
8454.
8458.
8460.
8463.
8467.
8471.
8474.
8476.
8476.
8473.
8468.
8464.
8458.
8454.
8453.
8452.
8452.
8453.
8456.
8459.
8459.
8460.
8462.
8463.
8465.
8465.
8467.
8467.
8468.
8469.
8468.
8469.
8471.
8471.
8472.
8472.
8473.
8474.
8473.
8473.
8474.
8474.
8474.
8473.
8474.
8474.
8473.
8472.
8471.
8471.
8471.
8470.
8471.
8468.
8468.
8467.
8468.
8467.
8466.
8466.
8464.
8462.
8461.
8460.
8459.
8456.
8455.
8456.
8453.
8451.
8450.
8448.
8446.
8444.
8443.
8441.
8439.
8436.
8434.
8432.
8430.
8428.
8426.
8423.
8421.
8417.
8415.
8414.
8411.
8408.
8406.
8403.
8400.
8397.
8393.
8390.
8388.
8385.
8381.
8379.
8377.
8372.
8370.
8367.
8364.
8359.
8356.
8354.
8350.
8346.
8344.
8342.
8337.
8335.
8335.
8338.
8343.
8346.
8353.
8358.
8364.
8368.
8371.
8376.
8378.
8379.
8378.
8379.
8378.
8376.
8376.
8376.
8376.
8375.
8375.
8374.
8374.
8374.
8375.
8374.
8374.
8375.
8373.
8374.
8373.
8375.
8374.
8373.
8374.
8374.
8374.
8374.
8374.
8374.
8374.
8375.
8375.
8376.
8376.
8376.
8377.
8377.
8377.
8379.
8379.
8379.
8379.
8380.
8381.
8381.
8383.
8383.
8385.
8386.
8386.
8387.
8389.
8391.
8391.
8394.
8395.
8398.
8399.
8401.
8404.
8406.
8408.
8409.
8413.
8415.
8417.
8419.
8423.
8426.
8429.
8434.
8437.
8439.
8442.
8447.
8450.
8453.
8453.
8454.
8450.
8444.
8441.
8436.
8432.
8430.
8429.
8432.
8434.
8436.
8439.
8439.
8440.
8441.
8442.
8443.
8444.
8444.
8445.
8446.
8447.
8448.
8448.
8449.
8449.
8449.
8449.
8449.
8449.
8449.
8450.
8450.
8449.
8449.
8449.
8449.
8449.
8447.
8448.
8447.
8446.
8446.
8444.
8443.
8443.
8442.
8442.
8440.
8439.
8438.
8438.
8436.
8434.
8433.
8432.
8430.
8428.
8426.
8424.
8423.
8421.
8419.
8417.
8415.
8413.
8410.
8408.
8406.
8405.
8402.
8400.
8397.
8394.
8392.
8390.
8386.
8384.
8381.
8379.
8377.
8373.
8370.
8367.
8364.
8361.
8357.
8354.
8351.
8347.
8345.
8342.
8340.
8336.
8333.
8333.
8335.
8336.
8341.
8346.
8350.
8355.
8358.
8363.
8367.
8371.
8374.
8374.
8376.
8376.
8376.
8374.
8374.
8375.
8374.
8374.
8374.
8374.
8373.
8373.
8374.
8373.
8373.
8372.
8373.
8373.
8373.
8372.
8373.
8373.
8373.
8373.
8373.
8373.
8372.
8373.
8374.
8373.
8373.
8373.
8374.
8375.
8376.
8377.
8377.
8377.
8377.
8377.
8378.
8378.
8379.
8379.
8381.
8381.
8382.
8383.
8384.
8386.
8387.
8387.
8388.
8390.
8392.
8393.
8394.
8397.
8399.
8400.
8402.
8403.
8405.
8408.
8409.
8412.
8415.
8416.
8419.
8423.
8425.
8428.
8431.
8434.
8438.
8439.
8443.
8445.
8445.
8443.
8439.
8434.
8428.
8426.
8424.
8422.
8423.
8423.
8425.
8427.
8429.
8429.
8430.
8432.
8434.
8435.
8435.
8435.
8436.
8438.
8439.
8439.
8438.
8439.
8439.
8440.
8440.
8440.
8440.
8440.
8440.
8440.
8439.
8438.
8439.
8438.
8437.
8438.
8437.
8437.
8435.
8434.
8434.
8433.
8431.
8430.
8429.
8428.
8427.
8425.
8423.
8422.
8420.
8419.
8418.
8414.
8413.
8412.
8410.
8407.
8405.
8404.
8401.
8398.
8396.
8394.
8391.
8389.
8386.
8384.
8381.
8379.
8375.
8373.
8371.
8369.
8366.
8362.
8359.
8355.
8353.
8349.
8346.
8344.
8340.
8337.
8334.
8333.
8331.
8330.
8332.
8336.
8341.
8346.
8351.
8356.
8360.
8364.
8367.
8370.
8371.
8372.
8372.
8373.
8372.
8371.
8371.
8371.
8370.
8370.
8369.
8369.
8368.
8369.
8370.
8370.
8370.
8370.
8370.
8370.
8370.
8371.
8370.
8369.
8370.
8371.
8371.
8372.
8372.
8373.
8373.
8375.
8374.
8375.
8376.
8377.
8378.
8377.
8380.
8381.
8382.
8384.
8385.
8386.
8388.
8389.
8392.
8393.
8394.
8397.
8400.
8402.
8404.
8407.
8409.
8411.
8414.
8417.
8419.
8422.
8426.
8429.
8433.
8435.
8438.
8443.
8447.
8450.
8452.
8456.
8459.
8460.
8459.
8454.
8450.
8446.
8442.
8439.
8437.
8437.
8438.
8438.
8440.
8443.
8444.
8444.
8446.
8445.
8447.
8448.
8448.
8449.
8450.
8450.
8449.
8451.
8450.
8451.
8450.
8450.
8449.
8448.
8448.
8448.
8448.
8447.
8445.
8445.
8446.
8445.
8445.
8443.
8442.
8441.
8440.
8438.
8437.
8437.
8434.
8433.
8432.
8431.
8428.
8426.
8425.
8423.