7624.
7624.
7624.
7625.
7625.
7625.
7625.
7625.
7625.
7624.
7625.
7625.
7624.
7625.
7624.
7624.
7624.
7624.
7624.
7624.
7622.
7622.
7621.
7621.
7620.
7621.
7620.
7620.
7620.
7618.
7618.
7617.
7617.
7615.
7613.
7613.
7612.
7611.
7610.
7609.
7607.
7606.
7604.
7603.
7600.
7599.
7598.
7596.
7594.
7591.
7590.
7587.
7585.
7582.
7579.
7577.
7575.
7571.
7569.
7566.
7563.
7560.
7557.
7555.
7552.
7548.
7545.
7541.
7537.
7534.
7530.
7527.
7524.
7521.
7517.
7513.
7510.
7506.
7503.
7502.
7502.
7505.
7511.
7519.
7529.
7542.
7554.
7565.
7578.
7587.
7594.
7600.
7608.
7613.
7619.
7623.
7625.
7625.
7625.
7625.
7624.
7623.
7623.
7623.
7622.
7621.
7620.
7620.
7620.
7620.
7619.
7620.
7618.
7618.
7618.
7619.
7617.
7617.
7616.
7616.
7615.
7615.
7614.
7614.
7614.
7614.
7613.
7613.
7613.
7612.
7612.
7612.
7612.
7611.
7612.
7611.
7610.
7610.
7608.
7609.
7608.
7607.
7607.
7607.
7606.
7604.
7603.
7603.
7601.
7600.
7599.
7598.
7597.
7597.
7595.
7594.
7591.
7591.
7590.
7588.
7586.
7584.
7582.
7579.
7578.
7575.
7572.
7571.
7567.
7565.
7563.
7560.
7557.
7553.
7550.
7548.
7544.
7541.
7537.
7535.
7531.
7528.
7525.
7521.
7518.
7513.
7509.
7506.
7502.
7500.
7499.
7501.
7507.
7514.
7523.
7533.
7545.
7556.
7566.
7574.
7581.
7586.
7590.
7594.
7598.
7602.
7604.
7605.
7605.
7605.
7604.
7602.
7602.
7601.
7599.
7599.
7598.
7597.
7597.
7597.
7596.
7595.
7593.
7593.
7592.
7591.
7591.
7591.
7590.
7588.
7588.
7587.
7587.
7587.
7586.
7586.
7586.
7585.
7585.
7585.
7584.
7583.
7582.
7583.
7581.
7581.
7581.
7581.
7579.
7579.
7578.
7578.
7577.
7577.
7577.
7575.
7575.
7575.
7574.
7573.
7572.
7572.
7571.
7568.
7567.
7567.
7565.
7564.
7563.
7561.
7558.
7557.
7555.
7553.
7552.
7550.
7548.
7545.
7543.
7541.
7538.
7535.
7532.
7529.
7528.
7524.
7522.
7520.
7516.
7513.
7512.
7513.
7515.
7520.
7528.
7535.
7546.
7557.
7568.
7575.
7581.
7585.
7590.
7595.
7600.
7604.
7607.
7608.
7608.
7607.
7607.
7605.
7605.
7604.
7604.
7602.
7601.
7602.
7601.
7601.
7601.
7599.
7598.
7598.
7597.
7596.
7597.
7596.
7595.
7594.
7594.
7593.
7594.
7593.
7592.
7593.
7592.
7592.
7592.
7593.
7593.
7592.
7593.
7592.
7593.
7593.
7593.
7594.
7593.
7595.
7595.
7597.
7598.
7598.
7599.
7600.
7601.
7602.
7602.
7603.
7605.
7606.
7607.
7609.
7611.
7613.
7614.
7616.
7617.
7618.
7617.
7615.
7611.
7605.
7599.
7594.
7589.
7588.
7587.
7586.
7588.
7590.
7592.
7594.
7596.
7596.
7597.
7599.
7600.
7600.
7601.
7601.
7603.
7603.
7604.
7604.
7605.
7605.
7606.
7606.
7607.
7607.
7607.
7608.
7610.
7610.
7611.
7611.
7612.
7613.
7614.
7615.
7616.
7616.
7617.
7618.
7618.
7620.
7620.
7621.
7622.
7623.
7624.
7626.
7627.
7629.
7630.
7632.
7633.
7635.
7635.
7637.
7639.
7640.
7642.
7644.
7644.
7643.
7641.
7635.
7630.
7624.
7619.
7615.
7612.
7610.
7611.
7612.
7614.
7614.
7615.
7616.
7617.
7618.
7620.
7620.
7621.
7621.
7621.
7622.
7621.
7621.
7621.
7622.
7622.
7622.
7622.
7622.
7621.
7620.
7622.
7623.
7622.
7621.
7620.
7620.
7620.
7620.
7620.
7619.
7619.
7618.
7617.
7616.
7615.
7615.
7614.
7613.
7612.
7611.
7610.
7609.
7607.
7606.
7605.
7603.
7601.
7600.
7597.
7596.
7595.
7593.
7590.
7589.
7586.
7585.
7584.
7580.
7578.
7575.
7573.
7570.
7568.
7564.
7562.
7558.
7556.
7554.
7549.
7548.
7544.
7541.
7537.
7534.
7531.
7528.
7525.
7521.
7518.
7514.
7511.
7508.
7504.
7501.
7498.
7498.
7499.
7504.
7511.
7520.
7530.
7541.
7552.
7561.
7571.
7578.
7585.
7590.
7597.
7603.
7609.
7611.
7613.
7614.
7614.
7614.
7614.
7613.
7613.
7612.
7612.
7611.
7610.
7611.
7611.
7610.
7610.
7610.
7609.
7609.
7608.
7608.
7608.
7606.
7607.
7606.
7606.
7606.
7606.
7606.
7606.
7604.
7605.
7605.
7606.
7605.
7604.
7605.
7605.
7605.
7604.
7605.
7605.
7605.
7604.
7605.
7604.
7605.
7605.
7604.
7604.
7604.
7604.
7604.
7604.
7604.
7603.
7602.
7603.
7602.
7602.
7601.
7601.
7600.
7599.
7598.
7596.
7596.
7595.
7594.
7592.
7590.
7591.
7589.
7587.
7586.
7585.
7582.
7581.
7580.
7578.
7576.
7574.
7572.
7569.
7566.
7564.
7562.
7558.
7556.
7554.
7550.
7548.
7544.
7542.
7537.
7535.
7531.
7529.
7525.
7522.
7518.
7514.
7510.
7506.
7503.
7500.
7496.
7492.
7489.
7486.
7480.
7479.
7477.
7477.
7481.
7488.
7496.
7505.
7516.
7528.
7538.
7546.
7553.
7559.
7564.
7567.
7572.
7574.
7574.
7575.
7574.
7573.
7572.
7572.
7571.
7569.
7568.
7568.
7567.
7566.
7564.
7564.
7563.
7563.
7562.
7561.
7561.
7559.
7558.
7558.
7557.
7556.
7555.
7555.
7554.
7553.
7553.
7552.
7551.
7551.
7551.
7550.
7550.
7549.
7547.
7547.
7547.
7546.
7546.
7546.
7546.
7546.
7545.
7545.
7544.
7545.
7545.
7545.
7544.
7544.
7544.
7545.
7545.
7544.
7545.
7544.
7544.
7544.
7544.
7545.
7544.
7545.
7545.
7545.
7546.
7546.
7546.
7546.
7546.
7546.
7545.
7546.
7547.
7547.
7548.
7548.
7547.
7548.
7549.
7549.
7549.
7551.
7550.
7551.
7551.
7553.
7553.
7553.
7553.
7555.
7556.
7556.
7556.
7557.
7557.
7559.
7559.
7560.
7561.
7561.
7563.
7564.
7564.
7565.
7566.
7567.
7569.
7570.
7571.
7573.
7575.
7576.
7577.
7579.
7582.
7582.
7584.
7586.
7587.
7589.
7591.
7593.
7595.
7596.
7595.
7593.
7590.
7586.
7579.
7572.
7568.
7564.
7563.
7564.
7565.
7567.
7571.
7572.
7574.
7576.
7577.
7579.
7580.
7580.
7581.
7582.
7582.
7584.
7585.
7586.
7586.
7586.
7587.
7588.
7588.
7590.
7591.
7591.
7593.
7593.
7593.
7594.
7595.
7596.
7598.
7598.
7598.
7600.
7601.
7602.
7603.
7603.
7605.
7606.
7607.
7609.
7611.
7612.
7614.
7614.
7616.
7618.
7620.
7622.
7624.
7625.
7627.
7629.
7632.
7635.
7636.
7637.
7637.
7635.
7631.
7626.
7621.
7616.
7612.
7609.
7606.
7607.
7607.
7608.
7610.
7613.
7615.
7616.
7617.
7617.
7619.
7621.
7622.
7623.
7623.
7623.
7624.
7625.
7625.
7627.
7626.
7626.
7627.
7627.
7628.
7628.
7628.
7629.
7629.
7628.
7629.
7630.
7629.
7630.
7630.
7628.
7628.
7629.
7630.
7628.
7628.
7628.
7628.
7628.
7627.
7627.
7626.
7627.
7626.
7626.
7625.
7624.
7623.
7623.
7622.
7621.
7619.
7619.
7617.
7617.
7616.
7614.
7613.
7611.
7609.
7610.
7608.
7605.
7603.
7602.
7600.
7597.
7595.
7593.
7591.
7588.
7586.
7585.
7581.
7578.
7576.
7572.
7569.
7566.
7563.
7561.
7558.
7554.
7551.
7547.
7544.
7540.
7537.
7533.
7530.
7526.
7523.
7518.
7514.
7511.
7508.
7504.
7499.
7496.
7493.
7488.
7486.
7485.
7487.
7492.
7499.
7508.
7520.
7532.
7544.
7555.
7565.
7575.
7584.
7593.
7600.
7607.
7611.
7613.
7615.
7614.
7615.
7614.
7614.
7614.
7613.
7612.
7611.
7611.
7611.
7612.
7611.
7611.
7610.
7609.
7608.
7608.
7608.
7607.
7606.
7605.
7605.
7606.
7604.
7604.
7604.
7605.
7603.
7604.
7603.
7602.
7603.
7602.
7603.
7603.
7603.
7603.
7603.
7603.
7604.
7604.
7605.
7606.
7607.
7607.
7607.
7608.
7610.
7611.
7612.
7613.
7613.
7615.
7616.
7618.
7619.
7621.
7622.
7624.
7626.
7629.
7630.
7632.
7634.
7635.
7637.
7638.
7637.
7634.
7632.
7627.
7622.
7617.
7614.
7612.
7613.
7614.
7615.
7617.
7619.
7621.
7623.
7624.
7625.
7626.
7628.
7629.
7628.
7631.
7631.
7631.
7632.
7632.
7632.
7632.
7633.
7633.
7634.
7634.
7635.
7636.
7637.
7637.
7637.
7637.
7637.
7638.
7637.
7638.
7638.
7639.
7638.
7639.
7639.
7639.
7639.
7639.
7640.
7639.
7639.
7638.
7638.
7638.
7639.
7638.
7637.
7637.
7637.
7637.
7636.
7636.
7636.
7635.
7636.
7634.
7633.
7632.
7632.
7631.
7631.
7629.
7629.
7628.
7626.
7626.
7625.
7623.
7623.
7621.
7620.
7619.
7617.
7616.
7615.
7613.
7610.
7609.
7607.
7605.
7602.
7600.
7599.
7596.
7594.
7591.
7589.
7586.
7583.
7581.
7577.
7575.
7572.
7569.
7566.
7562.
7559.
7556.
7554.
7550.
7546.
7543.
7539.
7535.
7532.
7528.
7525.
7521.
7518.
7513.
7509.
7506.
7503.
7499.
7496.
7492.
7489.
7486.
7486.
7487.
7492.
7499.
7509.
7519.
7530.
7542.
7553.
7562.
7570.
7576.
7581.
7586.
7589.
7594.
7598.
7600.
7601.
7601.
7602.
7602.
7602.
7601.
7601.
7601.
7600.
7600.
7599.
7599.
7598.
7598.
7598.
7597.
7596.
7596.
7596.
7595.
7595.
7594.
7594.
7594.
7593.
7593.
7593.
7593.
7593.
7593.
7593.
7593.
7592.
7592.
7592.
7593.
7593.
7593.
7595.
7594.
7594.
7595.
7595.
7596.
7596.
7598.
7598.
7599.
7600.
7601.
7602.
7603.
7606.
7606.
7607.
7609.
7610.
7612.
7614.
7615.
7618.
7619.
7621.
7623.
7624.
7627.
7628.
7630.
7632.
7633.
7630.
7627.
7622.
7616.
7611.
7605.
7602.
7600.
7600.
7601.
7603.
7606.
7608.
7610.
7612.
7613.
7615.
7615.
7615.
7615.
7616.
7617.
7617.
7618.
7617.
7618.
7619.
7619.
7619.
7619.
7620.
7620.
7621.
7621.
7620.
7622.
7621.
7621.
7621.
7621.
7622.
7621.
7622.
7622.
7621.
7621.
7620.
7620.
7621.
7621.
7621.
7619.
7620.
7620.
7618.
7618.
7618.
7617.
7616.
7615.
7615.
7615.
7613.
7612.
7611.
7611.
7609.
7608.
7607.
7605.
7604.
7602.
7601.
7599.
7597.
7595.
7593.
7591.
7589.
7587.
7585.
7582.
7580.
7577.
7575.
7572.
7569.
7567.
7565.
7561.
7558.
7555.
7553.
7549.
7546.
7541.
7538.
7536.
7532.
7529.
7526.
7522.
7519.
7515.
7511.
7509.
7508.
7510.
7514.
7520.
7528.
7538.
7550.
7560.
7571.
7579.
7586.
7592.
7598.
7604.
7608.
7611.
7612.
7614.
7613.
7612.
7613.
7611.
7610.
7609.
7608.
7608.
7607.
7607.
7606.
7605.
7605.
7605.
7604.
7604.
7603.
7602.
7602.
7600.
7600.
7600.
7600.
7599.
7598.
7598.
7597.
7596.
7597.
7596.
7596.
7595.
7596.
7596.
7595.
7595.
7595.
7594.
7594.
7595.
7595.
7595.
7595.
7594.
7595.
7594.
7595.
7596.
7596.
7596.
7596.
7597.
7597.
7597.
7597.
7599.
7598.
7600.
7601.
7601.
7602.
7604.
7604.
7605.
7606.
7607.
7608.
7609.
7610.
7612.
7614.
7616.
7617.
7618.
7619.
7621.
7623.
7625.
7627.
7629.
7631.
7631.
7631.
7628.
7624.
7618.
7613.
7607.
7601.
7599.
7599.
7599.
7602.
7603.
7606.
7606.
7608.
7610.
7610.
7612.
7613.
7614.
7613.
7614.
7615.
7614.
7616.
7616.
7616.
7616.
7616.
7616.
7616.
7618.
7618.
7618.
7618.
7618.
7619.
7617.
7618.
7618.
7618.
7618.
7618.
7618.
7617.
7619.
7619.
7618.
7618.
7617.
7617.
7617.
7617.
7616.
7616.
7617.
7617.
7616.
7616.
7616.
7614.
7613.
7614.
7614.
7613.
7612.
7610.
7610.
7609.
7608.
7607.
7607.
7605.
7605.
7604.
7602.
7601.
7599.
7598.
7596.
7595.
7593.
7591.
7589.
7588.
7586.
7585.
7582.
7580.
7578.
7575.
7572.
7570.
7567.
7565.
7563.
7561.
7557.
7555.
7552.
7549.
7545.
7542.
7539.
7536.
7532.
7528.
7526.
7522.
7519.
7516.
7511.
7508.
7505.
7503.
7500.
7498.
7500.
7504.
7512.
7519.
7530.
7542.
7552.
7562.
7570.
7577.
7583.
7588.
7592.
7596.
7598.
7601.
7602.
7602.
7602.
7600.
7600.
7599.
7598.
7598.
7598.
7597.
7597.
7597.
7596.
7596.
7596.
7595.
7594.
7594.
7592.
7592.
7592.
7592.
7591.
7591.
7590.
7589.
7590.
7588.
7588.
7588.
7588.
7587.
7588.
7588.
7587.
7587.
7586.
7586.
7587.
7586.
7585.
7586.
7586.
7586.
7586.
7586.
7586.
7586.
7585.
7586.
7586.
7586.
7586.
7586.
7586.
7586.
7585.
7585.
7585.
7586.
7585.
7585.
7585.
7585.
7585.
7585.
7584.
7584.
7584.
7585.
7585.
7583.
7583.
7584.
7582.
7582.
7583.
7581.
7582.
7580.
7580.
7579.
7578.
7578.
7577.
7576.
7574.
7575.
7574.
7573.
7572.
7569.
7569.
7567.
7566.
7565.
7562.
7560.
7560.
7558.
7555.
7555.
7552.
7550.
7548.
7547.
7544.
7542.
7539.
7537.
7534.
7532.
7529.
7526.
7524.
7520.
7518.
7515.
7512.
7510.
7506.
7504.
7502.
7500.
7501.
7504.
7511.
7518.
7528.
7538.
7548.
7557.
7564.
7570.
7576.
7581.
7585.
7589.
7593.
7597.
7598.
7599.
7598.
7598.
7598.
7598.
7597.
7596.
7596.
7594.
7593.
7595.
7594.
7594.
7594.
7593.
7592.
7592.
7593.
7592.
7592.
7592.
7592.
7591.
7592.
7591.
7592.
7592.
7593.
7593.
7593.
7592.
7593.
7594.
7595.
7595.
7595.
7595.
7596.
7596.
7597.
7598.
7599.
7601.
7602.
7603.
7604.
7605.
7607.
7609.
7610.
7610.
7614.
7615.
7616.
7618.
7620.
7620.
7623.
7625.
7628.
7630.
7631.
7633.
7634.
7633.
7631.
7627.
7623.
7618.
7613.
7610.
7608.
7609.
7610.
7611.
7614.
7616.
7617.
7619.
7620.
7621.
7622.
7623.
7623.
7624.
7625.
7626.
7627.
7628.
7629.
7628.
7628.
7629.
7629.
7631.
7631.
7631.
7632.
7632.
7633.
7633.
7633.
7633.
7633.
7634.
7634.
7634.
7634.
7635.
7635.
7635.
7634.
7635.
7635.
7635.
7635.
7635.
7635.
7635.
7635.
7635.
7636.
7636.
7635.
7634.
7635.
7634.
7634.
7634.
7635.
7634.
7634.
7634.
7634.
7633.
7632.
7633.
7631.
7632.
7630.
7630.
7629.
7630.
7628.
7628.
7627.
7626.
7625.
7625.
7623.
7622.
7621.
7620.
7619.
7618.
7617.
7616.
7614.
7612.
7611.
7610.
7608.
7606.
7604.
7602.
7601.
7599.
7595.
7593.
7592.
7590.
7587.
7586.
7583.
7581.
7578.
7575.
7572.
7569.
7567.
7564.
7560.
7557.
7554.
7551.
7547.
7544.
7541.
7538.
7535.
7531.
7528.
7525.
7522.
7519.
7514.
7511.
7508.
7505.
7504.
7506.
7508.
7514.
7523.
7532.
7542.
7553.
7561.
7569.
7578.
7585.
7591.
7597.
7602.
7605.
7609.
7610.
7609.
7609.
7608.
7608.
7607.
7607.
7606.
7605.
7605.
7605.
7604.
7604.
7603.
7601.
7602.
7602.
7601.
7602.
7602.
7600.
7600.
7599.
7599.
7599.
7599.
7598.
7598.
7597.
7597.
7597.
7596.
7596.
7596.
7597.
7597.
7597.
7596.
7596.
7597.
7597.
7596.
7597.
7597.
7597.
7597.
7597.
7597.
7598.
7599.
7598.
7598.
7598.
7600.
7601.
7601.
7602.
7602.
7603.
7602.
7604.
7605.
7606.
7608.
7609.
7610.
7611.
7612.
7613.
7614.
7615.
7617.
7618.
7621.
7622.
7624.
7626.
7627.
7628.
7627.
7627.
7622.
7618.
7612.
7607.
7605.
7602.
7601.
7602.
7603.
7604.
7606.
7609.
7609.
7609.
7610.
7611.
7612.
7612.
7612.
7613.
7613.
7612.
7613.
7613.
7613.
7612.
7613.
7614.
7614.
7614.
7613.
7614.
7613.
7613.
7612.
7611.
7613.
7612.
7612.
7612.
7612.
7611.
7610.
7610.
7610.
7610.
7609.
7608.
7609.
7607.
7606.
7606.
7606.
7604.
7603.
7602.
7602.
7600.
7599.
7598.
7596.
7595.
7593.
7592.
7591.
7589.
7588.
7586.
7585.
7583.
7581.
7579.
7578.
7574.
7572.
7570.
7568.
7566.
7564.
7560.
7558.
7556.
7554.
7551.
7548.
7545.
7542.
7538.
7536.
7532.
7530.
7527.
7524.
7521.
7518.
7515.
7512.
7509.
7507.
7507.
7510.
7514.
7520.
7528.
7539.
7548.
7556.
7563.
7569.
7573.
7577.
7580.
7583.
7583.
7585.
7586.
7586.
7584.
7583.
7583.
7583.
7583.
7582.
7580.
7579.
7578.
7578.
7578.
7577.
7576.
7575.
7574.
7573.
7572.
7572.
7571.
7570.
7570.
7569.
7569.
7569.
7567.
7566.
7565.
7565.
7565.
7564.
7564.
7563.
7562.
7562.
7561.
7561.
7560.
7559.
7559.
7559.
7559.
7558.
7557.
7557.
7556.
7557.
7554.
7554.
7553.
7553.
7552.
7552.
7552.
7551.
7550.
7549.
7549.
7548.
7546.
7546.
7545.
7545.
7544.
7544.
7542.
7541.
7539.
7539.
7538.
7536.
7536.
7534.
7533.
7530.
7529.
7528.
7527.
7526.
7524.
7522.
7521.
7519.
7517.
7516.
7513.
7511.
7509.
7507.
7503.
7501.
7498.
7497.
7494.
7491.
7488.
7486.
7483.
7480.
7478.
7478.
7481.
7487.
7493.
7499.
7508.
7517.
7525.
7533.
7541.
7548.
7554.
7562.
7568.
7575.
7579.
7581.
7582.
7583.
7582.
7582.
7581.
7581.
7580.
7578.
7578.
7579.
7579.
7578.
7578.
7578.
7577.
7577.
7576.
7576.
7577.
7577.
7576.
7577.
7577.
7577.
7577.
7577.
7577.
7578.
7579.
7580.
7580.
7582.
7582.
7582.
7583.
7584.
7586.
7588.
7589.
7590.
7591.
7592.
7595.
7596.
7598.
7598.
7600.
7602.
7602.
7604.
7603.
7599.
7595.
7589.
7583.
7578.
7575.
7575.
7576.
7578.
7580.
7582.
7584.
7586.
7587.
7588.
7589.
7590.
7591.
7592.
7593.
7593.
7595.
7595.
7597.
7596.
7598.
7599.
7599.
7600.
7601.
7602.
7603.
7604.
7604.
7606.
7607.
7607.
7608.
7610.
7611.
7612.
7612.
7615.
7616.
7616.
7617.
7619.
7619.
7620.
7622.
7623.
7625.
7627.
7629.
7630.
7632.
7634.
7635.
7637.
7638.
7640.
7642.
7644.
7645.
7647.
7650.
7652.
7654.
7653.
7653.
7649.
7645.
7640.
7634.
7629.
7626.
7625.
7625.
7625.
7626.
7627.
7630.
7631.
7632.
7633.
7633.
7635.
7634.