7747.
7743.
7744.
7746.
7754.
7764.
7778.
7792.
7809.
7825.
7840.
7854.
7868.
7881.
7891.
7900.
7907.
7912.
7915.
7918.
7918.
7918.
7917.
7917.
7916.
7916.
7916.
7915.
7914.
7914.
7913.
7913.
7914.
7912.
7912.
7912.
7911.
7911.
7911.
7910.
7910.
7910.
7910.
7910.
7909.
7910.
7909.
7909.
7909.
7910.
7909.
7910.
7909.
7909.
7909.
7909.
7910.
7909.
7909.
7908.
7909.
7909.
7909.
7909.
7908.
7907.
7907.
7908.
7906.
7906.
7906.
7905.
7905.
7905.
7903.
7902.
7902.
7901.
7900.
7897.
7896.
7895.
7893.
7891.
7889.
7887.
7885.
7883.
7881.
7880.
7876.
7873.
7870.
7868.
7865.
7862.
7858.
7854.
7850.
7846.
7841.
7839.
7834.
7829.
7825.
7821.
7816.
7811.
7807.
7803.
7798.
7793.
7788.
7786.
7784.
7787.
7792.
7802.
7815.
7827.
7842.
7856.
7869.
7880.
7892.
7903.
7912.
7920.
7926.
7929.
7933.
7934.
7934.
7932.
7931.
7931.
7930.
7929.
7927.
7927.
7927.
7926.
7926.
7925.
7925.
7924.
7924.
7924.
7922.
7923.
7923.
7924.
7924.
7922.
7923.
7923.
7923.
7922.
7923.
7924.
7923.
7924.
7925.
7925.
7925.
7925.
7925.
7927.
7927.
7928.
7928.
7929.
7929.
7930.
7931.
7931.
7933.
7934.
7935.
7935.
7936.
7936.
7939.
7940.
7941.
7941.
7943.
7944.
7946.
7947.
7948.
7949.
7950.
7951.
7953.
7954.
7955.
7957.
7958.
7959.
7961.
7963.
7964.
7967.
7968.
7970.
7972.
7973.
7974.
7976.
7978.
7979.
7981.
7983.
7985.
7986.
7989.
7992.
7993.
7996.
7997.
7999.
8001.
8003.
8006.
8008.
8010.
8012.
8013.
8014.
8016.
8016.
8015.
8013.
8011.
8010.
8009.
8010.
8011.
8013.
8013.
8014.
8016.
8016.
8017.
8017.
8018.
8017.
8017.
8017.
8018.
8017.
8017.
8018.
8017.
8018.
8016.
8016.
8016.
8014.
8013.
8012.
8011.
8010.
8009.
8008.
8006.
8004.
8004.
8001.
8000.
7997.
7996.
7993.
7990.
7988.
7986.
7983.
7981.
7977.
7975.
7972.
7969.
7965.
7963.
7960.
7956.
7952.
7948.
7945.
7940.
7937.
7933.
7928.
7924.
7919.
7915.
7911.
7907.
7903.
7899.
7893.
7888.
7884.
7879.
7875.
7869.
7865.
7860.
7855.
7850.
7844.
7839.
7834.
7829.
7825.
7820.
7815.
7808.
7804.
7798.
7794.
7790.
7785.
7780.
7775.
7772.
7770.
7769.
7773.
7780.
7791.
7803.
7815.
7828.
7840.
7853.
7864.
7876.
7886.
7897.
7907.
7914.
7921.
7928.
7931.
7934.
7935.
7935.
7935.
7934.
7934.
7933.
7932.
7932.
7933.
7932.
7933.
7932.
7932.
7931.
7931.
7931.
7932.
7932.
7931.
7930.
7931.
7932.
7931.
7931.
7932.
7932.
7932.
7932.
7932.
7932.
7932.
7932.
7933.
7933.
7933.
7933.
7934.
7933.
7935.
7935.
7935.
7936.
7936.
7936.
7937.
7938.
7937.
7938.
7938.
7938.
7938.
7938.
7939.
7939.
7939.
7939.
7940.
7940.
7940.
7939.
7938.
7938.
7938.
7939.
7938.
7937.
7937.
7937.
7937.
7935.
7935.
7933.
7933.
7933.
7932.
7930.
7930.
7928.
7927.
7926.
7924.
7924.
7922.
7921.
7920.
7917.
7915.
7913.
7911.
7909.
7907.
7904.
7902.
7900.
7897.
7895.
7892.
7889.
7886.
7884.
7880.
7877.
7874.
7871.
7866.
7861.
7857.
7852.
7849.
7846.
7841.
7835.
7831.
7827.
7822.
7818.
7813.
7808.
7802.
7798.
7794.
7792.
7792.
7794.
7801.
7811.
7821.
7834.
7847.
7860.
7871.
7883.
7893.
7902.
7909.
7914.
7919.
7922.
7924.
7924.
7923.
7922.
7921.
7920.
7920.
7918.
7917.
7916.
7915.
7916.
7914.
7913.
7912.
7912.
7911.
7912.
7910.
7909.
7909.
7909.
7908.
7908.
7907.
7905.
7905.
7905.
7904.
7903.
7902.
7902.
7901.
7902.
7901.
7900.
7898.
7899.
7898.
7898.
7897.
7897.
7897.
7896.
7895.
7895.
7893.
7894.
7892.
7891.
7891.
7890.
7888.
7887.
7885.
7884.
7882.
7881.
7880.
7878.
7877.
7874.
7872.
7870.
7868.
7865.
7864.
7861.
7858.
7856.
7853.
7850.
7847.
7845.
7842.
7842.
7845.
7850.
7858.
7869.
7880.
7890.
7901.
7910.
7916.
7922.
7927.
7931.
7934.
7937.
7939.
7940.
7940.
7940.
7939.
7938.
7938.
7937.
7936.
7935.
7935.
7935.
7934.
7934.
7933.
7931.
7932.
7930.
7930.
7930.
7930.
7929.
7927.
7926.
7926.
7925.
7924.
7923.
7923.
7922.
7920.
7920.
7920.
7919.
7917.
7916.
7915.
7914.
7912.
7911.
7910.
7909.
7907.
7905.
7904.
7903.
7900.
7898.
7894.
7893.
7890.
7888.
7885.
7881.
7879.
7876.
7873.
7870.
7867.
7863.
7858.
7855.
7851.
7847.
7843.
7839.
7834.
7830.
7826.
7820.
7816.
7811.
7806.
7802.
7796.
7792.
7789.
7787.
7788.
7794.
7804.
7814.
7828.
7841.
7854.
7865.
7878.
7889.
7900.
7909.
7918.
7926.
7933.
7939.
7943.
7945.
7946.
7945.
7943.
7943.
7942.
7941.
7940.
7939.
7938.
7939.
7938.
7939.
7938.
7937.
7938.
7937.
7937.
7937.
7937.
7936.
7936.
7937.
7937.
7937.
7937.
7937.
7938.
7938.
7938.
7938.
7939.
7940.
7940.
7941.
7942.
7942.
7943.
7944.
7945.
7945.
7947.
7948.
7947.
7950.
7951.
7953.
7953.
7954.
7956.
7957.
7958.
7960.
7961.
7963.
7965.
7966.
7968.
7969.
7971.
7973.
7976.
7977.
7978.
7980.
7983.
7985.
7987.
7989.
7991.
7993.
7995.
7997.
7999.
8002.
8002.
8004.
8002.
8000.
7996.
7992.
7987.
7982.
7979.
7979.
7978.
7980.
7981.
7983.
7984.
7986.
7987.
7987.
7987.
7988.
7987.
7987.
7986.
7986.
7986.
7986.
7986.
7985.
7984.
7983.
7982.
7982.
7981.
7980.
7978.
7978.
7975.
7973.
7972.
7971.
7970.
7968.
7965.
7963.
7960.
7958.
7956.
7954.
7950.
7947.
7944.
7941.
7938.
7934.
7931.
7927.
7923.
7919.
7917.
7912.
7909.
7905.
7901.
7896.
7892.
7887.
7882.
7878.
7873.
7868.
7863.
7858.
7854.
7849.
7844.
7839.
7835.
7829.
7824.
7819.
7814.
7809.
7804.
7799.
7793.
7790.
7784.
7780.
7775.
7770.
7766.
7763.
7763.
7765.
7772.
7781.
7793.
7807.
7821.
7834.
7848.
7860.
7872.
7880.
7889.
7897.
7906.
7915.
7923.
7930.
7935.
7937.
7938.
7938.
7938.
7938.
7937.
7937.
7937.
7937.
7936.
7935.
7935.
7936.
7935.
7935.
7934.
7936.
7935.
7935.
7935.
7936.
7936.
7936.
7937.
7937.
7937.
7938.
7938.
7938.
7939.
7940.
7940.
7941.
7941.
7942.
7944.
7944.
7946.
7947.
7948.
7949.
7951.
7952.
7952.
7954.
7956.
7958.
7960.
7961.
7963.
7965.
7967.
7968.
7969.
7973.
7974.
7976.
7978.
7980.
7982.
7985.
7987.
7990.
7992.
7994.
7997.
7999.
8001.
8003.
8005.
8008.
8010.
8012.
8015.
8018.
8020.
8019.
8018.
8017.
8013.
8010.
8007.
8003.
8002.
8004.
8005.
8007.
8009.
8011.
8011.
8012.
8012.
8012.
8012.
8012.
8013.
8012.
8011.
8012.
8011.
8011.
8010.
8010.
8010.
8009.
8009.
8008.
8007.
8005.
8004.
8003.
8002.
8000.
7998.
7998.
7995.
7993.
7992.
7990.
7988.
7986.
7983.
7981.
7978.
7976.
7973.
7969.
7967.
7965.
7961.
7958.
7955.
7952.
7949.
7946.
7942.
7939.
7935.
7930.
7927.
7923.
7919.
7914.
7910.
7906.
7902.
7898.
7894.
7889.
7885.
7880.
7876.
7871.
7865.
7861.
7857.
7852.
7847.
7842.
7838.
7833.
7828.
7824.
7819.
7815.
7811.
7806.
7801.
7796.
7794.
7793.
7795.
7802.
7811.
7823.
7835.
7848.
7861.
7872.
7883.
7893.
7902.
7910.
7918.
7926.
7931.
7936.
7940.
7942.
7942.
7942.
7941.
7941.
7940.
7940.
7939.
7939.
7939.
7939.
7938.
7939.
7939.
7938.
7938.
7938.
7937.
7937.
7938.
7937.
7937.
7936.
7936.
7937.
7937.
7937.
7936.
7936.
7936.
7936.
7936.
7936.
7936.
7937.
7937.
7937.
7937.
7938.
7937.
7939.
7939.
7938.
7938.
7939.
7939.
7939.
7939.
7939.
7939.
7939.
7939.
7938.
7938.
7938.
7938.
7937.
7937.
7937.
7936.
7936.
7935.
7935.
7933.
7933.
7931.
7930.
7929.
7928.
7926.
7924.
7923.
7921.
7920.
7917.
7914.
7913.
7912.
7908.
7905.
7902.
7899.
7896.
7893.
7890.
7887.
7882.
7880.
7876.
7872.
7868.
7864.
7859.
7855.
7851.
7846.
7842.
7837.
7833.
7828.
7823.
7818.
7814.
7809.
7804.
7799.
7793.
7790.
7785.
7779.
7775.
7770.
7768.
7769.
7773.
7780.
7791.
7804.
7818.
7832.
7847.
7860.
7873.
7884.
7895.
7906.
7914.
7921.
7927.
7931.
7932.
7933.
7933.
7930.
7928.
7928.
7926.
7926.
7926.
7924.
7924.
7923.
7923.
7923.
7922.
7921.
7921.
7921.
7920.
7919.
7919.
7919.
7918.
7917.
7918.
7919.
7917.
7917.
7918.
7918.
7918.
7918.
7918.
7917.
7918.
7919.
7920.
7919.
7920.
7921.
7923.
7923.
7923.
7924.
7925.
7926.
7927.
7928.
7930.
7931.
7931.
7932.
7934.
7935.
7937.
7939.
7941.
7942.
7943.
7944.
7947.
7948.
7950.
7951.
7953.
7956.
7958.
7959.
7961.
7963.
7965.
7966.
7968.
7970.
7973.
7974.
7975.
7974.
7972.
7968.
7964.
7959.
7957.
7954.
7953.
7955.
7956.
7958.
7959.
7961.
7962.
7963.
7964.
7965.
7964.
7965.
7965.
7964.
7966.
7965.
7965.
7965.
7965.
7963.
7964.
7964.
7964.
7963.
7962.
7961.
7960.
7958.
7958.
7957.
7956.
7954.
7954.
7952.
7950.
7948.
7947.
7945.
7943.
7940.
7939.
7935.
7934.
7932.
7929.
7927.
7923.
7921.
7917.
7914.
7910.
7908.
7904.
7901.
7897.
7893.
7889.
7885.
7881.
7878.
7874.
7870.
7865.
7861.
7857.
7851.
7847.
7842.
7838.
7833.
7829.
7823.
7818.
7814.
7809.
7804.
7801.
7796.
7791.
7786.
7783.
7782.
7782.
7787.
7795.
7806.
7819.
7831.
7845.
7856.
7868.
7878.
7885.
7894.
7903.
7911.
7917.
7922.
7925.
7926.
7927.
7927.
7926.
7925.
7925.
7924.
7922.
7922.
7923.
7922.
7922.
7922.
7922.
7921.
7921.
7920.
7921.
7921.
7921.
7920.
7921.
7920.
7919.
7919.
7919.
7919.
7919.
7919.
7920.
7920.
7920.
7920.
7920.
7921.
7922.
7922.
7923.
7923.
7923.
7925.
7925.
7925.
7927.
7927.
7929.
7930.
7931.
7932.
7933.
7934.
7936.
7936.
7938.
7939.
7941.
7942.
7943.
7945.
7947.
7948.
7950.
7952.
7953.
7955.
7957.
7959.
7961.
7963.
7965.
7967.
7968.
7970.
7972.
7974.
7977.
7979.
7981.
7984.
7984.
7985.
7984.
7982.
7977.
7973.
7968.
7962.
7960.
7958.
7958.
7959.
7962.
7963.
7966.
7967.
7968.
7968.
7968.
7968.
7967.
7968.
7967.
7967.
7967.
7968.
7966.
7966.
7966.
7966.
7965.
7965.
7963.
7962.
7960.
7959.
7959.
7957.
7956.
7955.
7953.
7951.
7949.
7948.
7946.
7945.
7943.
7939.
7938.
7934.
7932.
7930.
7927.
7924.
7921.
7918.
7915.
7912.
7909.
7906.
7902.
7898.
7895.
7891.
7887.
7883.
7879.
7875.
7872.
7867.
7864.
7859.
7855.
7851.
7847.
7842.
7837.
7832.
7828.
7824.
7820.
7815.
7811.
7809.
7808.
7809.
7814.
7821.
7829.
7841.
7853.
7864.
7873.
7882.
7891.
7901.
7907.
7913.
7920.
7925.
7928.
7931.
7931.
7930.
7929.
7928.
7927.
7926.
7926.
7925.
7925.
7924.
7923.
7922.
7922.
7921.
7921.
7920.
7920.
7920.
7919.
7919.
7918.
7917.
7917.
7915.
7915.
7915.
7915.
7915.
7915.
7914.
7915.
7914.
7913.
7913.
7912.
7913.
7913.
7914.
7913.
7914.
7913.
7913.
7914.
7914.
7914.
7915.
7913.
7914.
7916.
7915.
7914.
7916.
7916.
7916.
7917.
7917.
7918.
7918.
7918.
7919.
7920.
7920.
7922.
7922.
7922.
7922.
7923.
7924.
7924.
7925.
7926.
7927.
7928.
7928.
7930.
7930.
7932.
7932.
7934.
7935.
7936.
7938.
7938.
7940.
7941.
7942.
7943.
7945.
7946.
7948.
7949.
7951.
7952.
7955.
7955.
7957.
7959.
7960.
7961.
7958.
7955.
7954.
7951.
7949.
7948.
7949.
7949.
7951.
7952.
7953.
7955.
7955.
7957.
7957.
7958.
7958.
7958.
7959.
7959.
7959.
7961.
7960.
7961.
7960.
7960.
7962.
7962.
7960.
7961.
7961.
7960.
7960.
7960.
7960.
7958.
7958.
7957.
7956.
7956.
7956.
7955.
7954.
7953.
7952.
7951.
7949.
7948.
7946.
7945.
7943.
7941.
7939.
7937.
7936.
7934.
7931.
7928.
7927.
7925.
7921.
7918.
7916.
7913.
7909.
7907.
7904.
7900.
7897.
7894.
7890.
7886.
7883.
7879.
7875.
7871.
7867.
7863.
7859.
7854.
7850.
7846.
7841.
7837.
7832.
7827.
7823.
7820.
7815.
7810.
7806.
7801.
7798.
7797.
7798.
7804.
7813.
7823.
7835.
7847.
7860.
7872.
7884.
7895.
7906.
7916.
7924.
7930.
7936.
7939.
7942.
7944.
7943.
7943.
7942.
7942.
7941.
7940.
7940.
7939.
7939.
7939.
7938.
7937.
7936.
7937.
7936.
7937.
7936.
7935.
7936.
7936.
7935.
7935.
7935.
7935.
7935.
7935.
7935.
7935.
7935.
7936.
7937.
7937.
7937.
7937.
7938.
7938.
7939.
7940.
7940.
7941.
7942.
7942.
7945.
7945.
7946.
7947.
7949.
7950.
7951.
7952.
7954.
7955.
7957.
7959.
7961.
7962.
7964.
7965.
7967.
7968.
7969.
7972.
7973.
7976.
7977.
7979.
7979.
7978.
7976.
7971.
7967.
7961.
7956.
7952.
7951.
7951.
7952.
7953.
7956.
7958.
7959.
7960.
7961.
7960.
7961.
7961.
7961.
7960.
7960.
7961.
7960.
7959.
7959.
7957.
7957.
7957.
7956.
7956.
7955.
7954.
7953.
7950.
7950.
7949.
7949.
7947.
7945.
7944.
7941.
7939.
7938.
7935.
7932.
7930.
7929.
7927.
7924.
7921.
7919.
7917.
7913.
7909.
7907.
7904.
7900.
7897.
7893.
7890.
7885.
7883.
7880.
7876.
7872.
7868.
7865.
7861.
7856.
7852.
7849.
7844.
7840.
7836.
7831.
7827.
7823.
7819.
7815.
7813.
7812.
7816.
7821.
7830.
7841.
7853.
7866.
7877.
7890.
7900.
7910.
7918.
7924.
7928.
7931.
7934.
7938.
7938.
7939.
7938.
7936.
7936.
7936.
7935.
7933.
7933.
7933.
7932.
7931.
7930.
7930.
7930.
7929.
7929.
7928.
7927.
7926.
7926.
7925.
7925.
7924.
7925.
7924.
7924.
7923.
7923.
7922.
7922.
7921.
7923.
7923.
7923.
7921.
7921.
7921.
7921.
7922.
7923.
7922.
7922.
7921.
7921.
7921.
7922.
7921.
7922.
7921.
7922.
7920.
7921.
7921.
7922.
7922.
7921.
7922.
7921.
7921.
7920.
7920.
7919.
7919.
7918.
7918.
7917.
7917.
7916.
7915.
7915.
7913.
7913.
7912.
7910.
7910.
7908.
7907.
7905.
7904.
7903.
7900.
7898.
7896.
7894.
7892.
7889.
7887.
7885.
7883.
7880.
7877.
7874.
7872.
7868.
7865.
7862.
7857.
7855.
7851.
7847.
7844.
7841.
7836.
7832.
7828.
7823.
7820.
7816.
7812.
7808.
7805.
7804.
7805.
7809.
7817.
7826.
7838.
7849.
7859.
7869.
7879.
7887.
7896.
7902.
7909.
7914.
7920.
7925.
7927.
7930.
7930.
7930.
7929.
7928.
7929.
7928.
7927.
7926.
7925.
7926.
7926.
7926.
7925.
7925.
7925.
7924.
7924.
7924.
7923.
7923.
7923.
7923.
7923.
7924.
7923.
7924.
7923.
7923.
7924.
7925.
7924.
7924.
7925.
7926.
7926.
7927.
7927.
7928.
7929.
7930.
7930.
7931.
7931.
7932.
7933.
7934.
7935.
7937.
7938.
7939.
7940.
7943.
7943.
7944.
7945.
7948.
7949.
7950.
7953.
7954.
7956.
7959.
7960.
7962.
7963.
7965.
7966.
7969.
7971.
7973.
7974.
7977.
7979.
7981.
7984.
7986.
7986.
7986.
7985.
7982.
7980.
7975.
7971.
7969.
7969.
7969.
7970.
7971.
7973.
7975.
7976.
7977.
7977.
7976.
7975.
7976.
7976.
7976.
7976.
7976.
7974.
7975.
7974.
7974.
7973.
7972.
7971.
7970.
7969.
7968.
7967.
7966.
7965.
7965.
7962.
7962.
7959.
7957.
7954.
7953.
7951.
7949.
7947.
7944.
7941.
7939.
7937.
7934.
7931.
7928.
7925.
7922.
7919.
7915.
7912.
7909.
7905.
7901.
7898.
7894.
7891.
7885.
7882.
7878.
7874.
7870.
7865.
7862.
7858.
7853.
7848.
7844.
7840.
7836.
7832.
7827.
7824.
7819.
7814.
7811.
7810.
7811.
7815.
7821.
7830.
7841.
7852.
7863.
7873.
7883.
7892.
7900.
7909.
7916.
7924.
7930.
7938.
7942.
7946.
7947.
7946.
7946.
7946.
7944.
7944.
7943.
7943.
7942.
7942.
7942.
7942.
7941.
7941.
7940.
7940.
7940.
7939.
7939.
7938.
7939.
7939.
7938.
7939.
7939.
7938.
7937.
7938.
7939.
7938.
7938.
7938.
7939.
7939.
7939.
7939.
7939.
7940.
7940.
7941.
7942.
7942.
7943.
7945.
7944.
7945.
7947.
7948.
7950.
7949.
7950.
7951.
7953.
7954.
7954.
7957.
7958.
7959.
7961.
7962.
7964.
7965.
7968.
7969.
7969.
7971.
7973.
7974.
7976.
7978.
7980.
7982.
7984.
7985.
7988.
7990.
7991.
7993.
7993.
7992.
7990.
7987.
7983.
7980.
7978.
7975.
7976.
7977.
7978.
7978.
7979.
7980.
7980.
7981.
7981.
7981.
7981.
7980.
7981.
7980.
7979.
7979.
7979.
7978.
7977.
7976.
7975.
7975.
7974.
7973.
7971.
7970.
7968.
7967.
7967.
7964.
7962.
7961.
7959.
7957.
7955.
7954.
7951.
7948.
7946.
7942.
7940.
7939.
7937.
7933.
7930.
7926.
7923.
7920.
7917.
7914.
7912.
7907.
7904.
7900.
7897.
7893.
7889.
7885.
7881.
7877.
7874.
7869.
7864.
7861.
7857.
7853.
7848.
7843.
7840.
7836.
7832.
7827.
7824.
7820.
7818.
7816.
7816.
7821.
7828.
7836.
7846.
7857.
7866.
7876.
7884.
7891.
7897.
7904.
7909.
7915.
7919.
7922.
7926.
7928.
7928.
7927.
7926.
7926.
7926.
7925.
7924.
7924.
7923.
7923.
7923.
7922.
7922.
7921.
7921.
7920.
7920.
7918.
7919.
7919.
7918.
7917.
7916.
7917.
7917.
7916.
7915.
7915.
7914.
7913.
7914.
7914.
7913.
7914.
7914.
7913.