7587.
7583.
7579.
7572.
7566.
7561.
7557.
7557.
7557.
7558.
7559.
7561.
7562.
7562.
7562.
7563.
7564.
7564.
7563.
7564.
7564.
7564.
7562.
7562.
7562.
7562.
7562.
7561.
7560.
7559.
7559.
7558.
7557.
7557.
7556.
7556.
7554.
7553.
7551.
7551.
7549.
7548.
7546.
7545.
7544.
7542.
7541.
7539.
7538.
7536.
7533.
7531.
7530.
7528.
7525.
7524.
7521.
7519.
7516.
7515.
7512.
7510.
7507.
7504.
7502.
7499.
7496.
7494.
7490.
7488.
7486.
7483.
7480.
7477.
7473.
7471.
7468.
7465.
7462.
7460.
7457.
7456.
7455.
7459.
7465.
7474.
7483.
7494.
7504.
7514.
7522.
7528.
7534.
7539.
7543.
7544.
7546.
7546.
7545.
7544.
7544.
7543.
7543.
7542.
7541.
7542.
7541.
7542.
7542.
7542.
7541.
7540.
7540.
7541.
7540.
7540.
7539.
7540.
7539.
7538.
7539.
7540.
7540.
7539.
7540.
7540.
7541.
7540.
7540.
7541.
7541.
7542.
7540.
7542.
7542.
7543.
7543.
7543.
7544.
7545.
7545.
7546.
7546.
7548.
7547.
7548.
7549.
7550.
7551.
7552.
7553.
7555.
7555.
7557.
7558.
7559.
7561.
7562.
7564.
7566.
7568.
7570.
7571.
7573.
7575.
7577.
7580.
7581.
7584.
7586.
7588.
7588.
7589.
7587.
7584.
7578.
7573.
7569.
7565.
7562.
7561.
7563.
7563.
7566.
7567.
7569.
7570.
7571.
7572.
7572.
7573.
7574.
7574.
7575.
7575.
7575.
7575.
7576.
7574.
7575.
7576.
7574.
7574.
7574.
7574.
7573.
7573.
7572.
7572.
7571.
7571.
7571.
7570.
7568.
7567.
7567.
7566.
7564.
7564.
7562.
7560.
7558.
7558.
7557.
7554.
7554.
7552.
7550.
7547.
7546.
7544.
7542.
7539.
7537.
7534.
7533.
7529.
7528.
7526.
7523.
7521.
7518.
7515.
7512.
7509.
7506.
7503.
7500.
7498.
7495.
7492.
7488.
7486.
7483.
7480.
7477.
7474.
7471.
7468.
7465.
7463.
7460.
7458.
7460.
7465.
7472.
7480.
7490.
7501.
7511.
7520.
7527.
7531.
7534.
7538.
7539.
7541.
7541.
7541.
7540.
7539.
7538.
7538.
7538.
7538.
7537.
7536.
7536.
7535.
7535.
7534.
7534.
7533.
7533.
7533.
7532.
7531.
7531.
7530.
7530.
7530.
7529.
7529.
7528.
7528.
7528.
7528.
7528.
7527.
7527.
7527.
7527.
7527.
7526.
7526.
7526.
7526.
7526.
7526.
7525.
7526.
7526.
7525.
7525.
7526.
7525.
7524.
7525.
7525.
7524.
7524.
7524.
7524.
7523.
7523.
7524.
7523.
7523.
7522.
7522.
7522.
7522.
7522.
7521.
7521.
7521.
7520.
7520.
7520.
7519.
7519.
7519.
7517.
7518.
7518.
7516.
7516.
7515.
7515.
7514.
7514.
7512.
7512.
7511.
7510.
7509.
7508.
7507.
7506.
7505.
7503.
7502.
7500.
7498.
7498.
7496.
7495.
7493.
7491.
7489.
7487.
7485.
7482.
7481.
7479.
7476.
7474.
7474.
7475.
7478.
7483.
7491.
7498.
7508.
7516.
7524.
7529.
7532.
7535.
7536.
7538.
7538.
7538.
7538.
7537.
7537.
7536.
7535.
7535.
7535.
7535.
7534.
7534.
7533.
7533.
7532.
7533.
7533.
7533.
7533.
7532.
7532.
7532.
7532.
7530.
7531.
7532.
7531.
7531.
7532.
7532.
7532.
7531.
7533.
7533.
7533.
7535.
7535.
7536.
7537.
7537.
7539.
7539.
7541.
7542.
7542.
7544.
7546.
7547.
7549.
7551.
7553.
7554.
7555.
7558.
7561.
7563.
7565.
7566.
7569.
7572.
7573.
7576.
7577.
7577.
7575.
7570.
7564.
7559.
7554.
7553.
7551.
7551.
7552.
7555.
7557.
7559.
7560.
7562.
7564.
7565.
7566.
7567.
7568.
7569.
7570.
7570.
7571.
7571.
7573.
7573.
7572.
7574.
7575.
7575.
7575.
7575.
7576.
7577.
7577.
7578.
7577.
7576.
7577.
7577.
7577.
7576.
7577.
7576.
7576.
7575.
7574.
7574.
7573.
7573.
7573.
7572.
7572.
7570.
7570.
7569.
7568.
7567.
7565.
7563.
7563.
7562.
7560.
7558.
7557.
7555.
7555.
7553.
7549.
7548.
7546.
7544.
7541.
7539.
7537.
7535.
7532.
7530.
7528.
7526.
7523.
7520.
7517.
7515.
7512.
7508.
7505.
7503.
7501.
7498.
7495.
7492.
7489.
7486.
7483.
7480.
7477.
7476.
7476.
7478.
7485.
7493.
7501.
7511.
7522.
7532.
7540.
7545.
7551.
7553.
7556.
7559.
7559.
7560.
7558.
7559.
7557.
7557.
7557.
7557.
7557.
7557.
7556.
7557.
7556.
7555.
7555.
7554.
7554.
7554.
7553.
7554.
7553.
7553.
7552.
7553.
7552.
7551.
7552.
7550.
7551.
7551.
7551.
7551.
7551.
7550.
7550.
7550.
7550.
7550.
7551.
7551.
7551.
7551.
7552.
7552.
7551.
7552.
7553.
7553.
7553.
7554.
7554.
7555.
7555.
7556.
7557.
7557.
7556.
7557.
7558.
7559.
7559.
7559.
7559.
7560.
7560.
7561.
7562.
7563.
7564.
7564.
7565.
7566.
7567.
7568.
7569.
7570.
7571.
7570.
7573.
7574.
7574.
7576.
7578.
7579.
7581.
7582.
7583.
7585.
7587.
7588.
7589.
7591.
7590.
7587.
7585.
7582.
7574.
7570.
7567.
7564.
7564.
7565.
7566.
7567.
7568.
7570.
7570.
7571.
7572.
7572.
7573.
7573.
7572.
7573.
7573.
7573.
7573.
7574.
7573.
7574.
7573.
7573.
7572.
7572.
7573.
7572.
7570.
7570.
7569.
7569.
7569.
7569.
7567.
7566.
7566.
7565.
7564.
7564.
7561.
7560.
7559.
7557.
7557.
7555.
7554.
7552.
7550.
7549.
7547.
7545.
7543.
7540.
7538.
7536.
7534.
7531.
7530.
7528.
7525.
7522.
7520.
7517.
7515.
7513.
7509.
7507.
7504.
7501.
7499.
7496.
7493.
7490.
7486.
7484.
7482.
7479.
7477.
7475.
7475.
7478.
7484.
7490.
7498.
7506.
7515.
7522.
7529.
7535.
7539.
7542.
7544.
7546.
7547.
7547.
7546.
7545.
7545.
7545.
7544.
7543.
7545.
7543.
7543.
7544.
7543.
7543.
7543.
7543.
7543.
7543.
7543.
7541.
7542.
7541.
7540.
7541.
7541.
7541.
7542.
7541.
7540.
7541.
7540.
7540.
7541.
7541.
7541.
7542.
7541.
7541.
7542.
7542.
7543.
7542.
7543.
7543.
7544.
7543.
7544.
7545.
7545.
7545.
7545.
7545.
7547.
7547.
7547.
7548.
7548.
7549.
7549.
7549.
7549.
7550.
7550.
7551.
7552.
7553.
7554.
7554.
7554.
7554.
7555.
7556.
7557.
7558.
7558.
7559.
7561.
7561.
7562.
7564.
7565.
7566.
7568.
7568.
7570.
7571.
7572.
7574.
7574.
7572.
7569.
7566.
7562.
7558.
7557.
7556.
7557.
7558.
7559.
7559.
7561.
7561.
7562.
7564.
7564.
7565.
7565.
7566.
7566.
7566.
7567.
7568.
7569.
7570.
7569.
7571.
7571.
7571.
7571.
7572.
7572.
7573.
7574.
7574.
7574.
7574.
7575.
7575.
7576.
7576.
7576.
7576.
7577.
7576.
7576.
7577.
7578.
7577.
7577.
7577.
7577.
7578.
7578.
7577.
7576.
7576.
7576.
7577.
7575.
7575.
7576.
7575.
7575.
7573.
7574.
7573.
7573.
7572.
7571.
7570.
7569.
7568.
7567.
7567.
7566.
7565.
7564.
7563.
7561.
7560.
7559.
7558.
7557.
7555.
7553.
7551.
7550.
7548.
7547.
7544.
7542.
7540.
7538.
7535.
7533.
7531.
7528.
7525.
7524.
7521.
7519.
7517.
7514.
7511.
7508.
7505.
7502.
7498.
7497.
7494.
7492.
7489.
7485.
7481.
7480.
7477.
7475.
7473.
7472.
7474.
7478.
7485.
7492.
7501.
7511.
7519.
7525.
7531.
7535.
7538.
7540.
7540.
7540.
7540.
7540.
7539.
7539.
7539.
7538.
7537.
7537.
7538.
7538.
7537.
7537.
7536.
7536.
7536.
7535.
7535.
7535.
7536.
7536.
7535.
7534.
7533.
7533.
7532.
7533.
7533.
7532.
7532.
7532.
7533.
7532.
7531.
7531.
7531.
7531.
7531.
7532.
7531.
7532.
7532.
7532.
7532.
7533.
7531.
7531.
7532.
7532.
7532.
7533.
7533.
7532.
7533.
7533.
7533.
7533.
7533.
7533.
7532.
7533.
7532.
7533.
7533.
7534.
7533.
7532.
7533.
7534.
7533.
7533.
7533.
7533.
7533.
7533.
7532.
7533.
7533.
7532.
7531.
7532.
7532.
7532.
7532.
7531.
7530.
7530.
7529.
7530.
7530.
7530.
7529.
7528.
7528.
7527.
7526.
7526.
7525.
7526.
7524.
7523.
7522.
7521.
7520.
7519.
7518.
7517.
7516.
7515.
7512.
7513.
7510.
7509.
7507.
7506.
7504.
7503.
7500.
7498.
7496.
7494.
7492.
7490.
7487.
7485.
7485.
7484.
7486.
7490.
7495.
7503.
7510.
7518.
7525.
7531.
7537.
7540.
7544.
7546.
7549.
7551.
7551.
7553.
7552.
7552.
7552.
7552.
7553.
7552.
7552.
7552.
7552.
7551.
7551.
7553.
7552.
7552.
7552.
7552.
7553.
7553.
7554.
7553.
7554.
7554.
7555.
7555.
7556.
7556.
7557.
7556.
7557.
7557.
7558.
7558.
7560.
7560.
7562.
7563.
7563.
7565.
7566.
7566.
7567.
7569.
7570.
7571.
7573.
7573.
7575.
7576.
7579.
7581.
7582.
7583.
7586.
7588.
7589.
7591.
7592.
7593.
7591.
7588.
7582.
7577.
7570.
7566.
7562.
7561.
7561.
7561.
7562.
7564.
7565.
7567.
7568.
7569.
7569.
7571.
7572.
7572.
7573.
7573.
7573.
7573.
7574.
7574.
7575.
7575.
7575.
7575.
7575.
7575.
7575.
7575.
7575.
7574.
7575.
7575.
7575.
7575.
7576.
7574.
7573.
7573.
7573.
7572.
7572.
7570.
7571.
7568.
7568.
7568.
7568.
7565.
7564.
7563.
7562.
7561.
7559.
7558.
7557.
7555.
7553.
7551.
7550.
7548.
7546.
7544.
7542.
7540.
7537.
7535.
7532.
7530.
7528.
7525.
7524.
7521.
7518.
7515.
7512.
7510.
7508.
7504.
7501.
7498.
7495.
7494.
7489.
7487.
7486.
7484.
7485.
7489.
7495.
7502.
7511.
7521.
7530.
7539.
7545.
7551.
7556.
7560.
7562.
7565.
7567.
7567.
7567.
7566.
7566.
7565.
7565.
7566.
7564.
7565.
7565.
7564.
7564.
7564.
7564.
7564.
7564.
7563.
7564.
7563.
7564.
7563.
7563.
7563.
7563.
7563.
7564.
7564.
7564.
7564.
7566.
7565.
7565.
7566.
7566.
7567.
7568.
7568.
7568.
7569.
7568.
7571.
7571.
7573.
7574.
7573.
7575.
7577.
7577.
7578.
7579.
7580.
7582.
7583.
7584.
7585.
7588.
7590.
7592.
7594.
7595.
7597.
7599.
7601.
7602.
7605.
7606.
7608.
7611.
7612.
7612.
7609.
7605.
7601.
7598.
7595.
7592.
7593.
7593.
7595.
7597.
7598.
7600.
7601.
7602.
7604.
7605.
7606.
7606.
7608.
7609.
7609.
7610.
7610.
7611.
7611.
7612.
7612.
7613.
7613.
7613.
7613.
7614.
7615.
7614.
7614.
7615.
7615.
7615.
7615.
7614.
7615.
7615.
7615.
7614.
7614.
7614.
7614.
7614.
7614.
7613.
7612.
7612.
7611.
7609.
7611.
7609.
7609.
7607.
7607.
7605.
7605.
7604.
7603.
7602.
7600.
7598.
7596.
7595.
7594.
7592.
7590.
7588.
7586.
7584.
7582.
7581.
7579.
7576.
7574.
7573.
7569.
7567.
7564.
7562.
7559.
7557.
7554.
7551.
7547.
7545.
7543.
7541.
7537.
7534.
7530.
7527.
7525.
7522.
7519.
7515.
7512.
7508.
7506.
7502.
7499.
7497.
7495.
7491.
7489.
7487.
7487.
7491.
7497.
7505.
7514.
7522.
7531.
7538.
7544.
7548.
7552.
7556.
7560.
7563.
7564.
7563.
7564.
7563.
7563.
7563.
7561.
7560.
7560.
7560.
7559.
7559.
7559.
7559.
7559.
7558.
7557.
7557.
7557.
7557.
7556.
7556.
7556.
7556.
7556.
7556.
7556.
7556.
7556.
7555.
7555.
7556.
7555.
7556.
7555.
7556.
7557.
7557.
7556.
7556.
7557.
7558.
7557.
7558.
7559.
7559.
7561.
7562.
7563.
7564.
7564.
7563.
7565.
7567.
7568.
7568.
7570.
7571.
7572.
7574.
7576.
7577.
7579.
7581.
7581.
7583.
7585.
7587.
7588.
7591.
7594.
7596.
7598.
7600.
7601.
7602.
7602.
7599.
7596.
7590.
7584.
7579.
7575.
7573.
7572.
7572.
7574.
7576.
7578.
7579.
7580.
7581.
7581.
7581.
7583.
7583.
7583.
7583.
7583.
7584.
7583.
7583.
7584.
7583.
7584.
7583.
7581.
7581.
7582.
7581.
7581.
7580.
7579.
7580.
7578.
7579.
7578.
7577.
7576.
7575.
7574.
7572.
7572.
7571.
7570.
7569.
7567.
7565.
7563.
7562.
7560.
7559.
7557.
7556.
7554.
7551.
7550.
7548.
7546.
7544.
7541.
7538.
7537.
7534.
7531.
7529.
7526.
7525.
7521.
7519.
7516.
7513.
7510.
7508.
7504.
7502.
7499.
7497.
7493.
7489.
7487.
7484.
7481.
7479.
7478.
7481.
7484.
7491.
7499.
7507.
7516.
7526.
7532.
7538.
7543.
7546.
7547.
7548.
7548.
7547.
7547.
7546.
7545.
7545.
7545.
7544.
7544.
7543.
7544.
7543.
7544.
7543.
7542.
7542.
7541.
7540.
7540.
7540.
7540.
7539.
7538.
7539.
7539.
7539.
7538.
7538.
7538.
7537.
7538.
7537.
7536.
7538.
7538.
7537.
7536.
7535.
7536.
7536.
7537.
7536.
7537.
7536.
7536.
7536.
7537.
7536.
7536.
7536.
7536.
7537.
7536.
7536.
7537.
7537.
7536.
7537.
7537.
7537.
7536.
7538.
7537.
7537.
7537.
7536.
7536.
7536.
7536.
7537.
7536.
7535.
7535.
7535.
7534.
7534.
7534.
7535.
7534.
7533.
7534.
7533.
7532.
7532.
7530.
7530.
7529.
7529.
7528.
7527.
7527.
7525.
7525.
7524.
7523.
7522.
7521.
7520.
7518.
7517.
7516.
7515.
7513.
7512.
7510.
7508.
7507.
7505.
7504.
7503.
7500.
7498.
7497.
7497.
7498.
7500.
7506.
7513.
7519.
7526.
7531.
7535.
7539.
7543.
7546.
7548.
7551.
7551.
7550.
7551.
7550.
7550.
7550.
7551.
7551.
7550.
7550.
7550.
7550.
7550.
7550.
7550.
7550.
7551.
7551.
7550.
7550.
7550.
7550.
7551.
7552.
7550.
7552.
7552.
7552.
7554.
7554.
7555.
7555.
7556.
7557.
7557.
7558.
7559.
7561.
7562.
7563.
7564.
7567.
7568.
7569.
7570.
7573.
7574.
7575.
7577.
7579.
7579.
7577.
7574.
7568.
7564.
7558.
7554.
7553.
7552.
7552.
7553.
7554.
7557.
7558.
7558.
7560.
7560.
7561.
7562.
7563.
7563.
7564.
7564.
7564.
7565.
7566.
7566.
7567.
7567.
7566.
7568.
7568.
7567.
7567.
7567.
7567.
7568.
7567.
7567.
7568.
7568.
7567.
7567.
7567.
7566.
7565.
7564.
7564.
7564.
7563.
7563.
7563.
7562.
7561.
7560.
7560.
7558.
7557.
7556.
7555.
7554.
7552.
7552.
7549.
7548.
7547.
7546.
7543.
7543.
7541.
7539.
7537.
7534.
7533.
7531.
7529.
7527.
7525.
7523.
7520.
7518.
7515.
7513.
7511.
7507.
7506.
7503.
7501.
7498.
7496.
7493.
7491.
7488.
7486.
7483.
7480.
7478.
7478.
7479.
7482.
7487.
7494.
7502.
7511.
7518.
7526.
7532.
7535.
7537.
7538.
7538.
7538.
7537.
7536.
7535.
7534.
7534.
7533.
7532.
7532.
7531.
7530.
7530.
7529.
7528.
7528.
7528.
7527.
7526.
7526.
7526.
7525.
7525.
7524.
7522.
7523.
7522.
7522.
7520.
7521.
7520.
7520.
7519.
7520.
7520.
7519.
7519.
7519.
7519.
7519.
7519.
7519.
7520.
7518.
7519.
7519.
7519.
7520.
7520.
7521.
7521.
7520.
7520.
7520.
7521.
7521.
7522.
7523.
7523.
7523.
7523.
7525.
7526.
7526.
7527.
7528.
7528.
7528.
7529.
7530.
7530.
7532.
7533.
7534.
7535.
7536.
7536.
7537.
7538.
7540.
7541.
7543.
7544.
7546.
7547.
7549.
7550.
7551.
7553.
7554.
7556.
7559.
7560.
7562.
7564.
7566.
7567.
7570.
7572.
7575.
7577.
7580.
7583.
7584.
7588.
7590.
7592.
7592.
7589.
7586.
7582.
7575.
7570.
7566.
7563.
7561.
7562.
7564.
7565.
7566.
7568.
7570.
7572.
7573.
7573.
7573.
7574.
7574.
7575.
7574.
7574.
7575.
7575.
7575.
7575.
7575.
7575.
7574.
7573.
7573.
7573.
7573.
7573.
7572.
7571.
7570.
7570.
7568.
7568.
7567.
7566.
7564.
7564.
7562.
7562.
7560.
7559.
7557.
7556.
7555.
7553.
7552.
7549.
7549.
7546.
7544.
7542.
7540.
7538.
7536.
7534.
7532.
7530.
7528.
7526.
7523.
7522.
7519.
7517.
7515.
7512.
7509.
7506.
7503.
7501.
7499.
7496.
7493.
7491.
7489.
7487.
7483.
7481.
7478.
7475.
7472.
7471.
7468.
7468.
7468.
7472.
7477.
7485.
7496.
7503.
7511.
7518.
7524.
7527.
7531.
7531.
7533.
7532.
7532.
7530.
7530.
7529.
7529.
7529.
7529.
7528.
7528.
7528.
7528.
7527.
7527.
7525.
7525.
7525.
7525.
7525.
7524.
7524.
7523.
7523.
7523.
7523.
7523.
7522.
7522.
7522.
7522.
7522.
7522.
7521.
7522.
7522.
7522.
7522.
7522.
7522.
7522.
7522.
7522.
7523.
7524.
7525.
7526.
7525.
7525.
7527.
7528.
7529.
7530.
7531.
7531.
7533.
7534.
7535.
7537.
7538.
7539.
7540.
7542.
7543.
7545.
7547.
7548.
7551.
7553.
7553.
7555.
7557.
7559.
7560.
7558.
7557.
7555.
7550.
7545.
7541.
7540.
7539.
7540.
7541.
7543.
7545.
7547.
7548.
7549.
7550.
7551.
7552.
7553.
7553.
7554.
7555.
7555.
7555.
7556.
7556.
7558.
7558.
7559.
7558.
7559.
7559.
7560.
7560.
7560.
7560.
7560.
7562.
7562.
7562.
7563.
7563.
7562.
7562.
7563.
7562.
7562.
7563.
7563.
7563.
7563.
7562.
7563.
7563.
7563.
7561.
7561.
7562.
7562.
7561.
7562.
7561.
7560.
7561.
7560.
7560.
7559.
7559.
7558.
7557.
7557.
7556.
7555.
7554.
7554.
7553.
7552.
7551.
7550.
7548.
7548.
7547.
7546.
7544.
7542.
7540.
7539.
7538.
7537.
7535.
7533.
7531.
7529.
7528.
7525.
7523.
7522.
7519.
7518.
7515.
7512.
7510.
7508.
7505.
7503.
7501.
7499.
7496.
7493.
7491.
7489.
7486.
7484.
7482.
7479.
7476.
7474.
7473.
7472.
7474.
7479.
7487.
7495.
7503.
7514.
7524.
7533.
7539.
7542.
7544.
7545.
7545.
7546.
7545.
7544.
7543.
7543.
7541.
7542.
7541.
7541.
7542.
7542.
7541.
7541.
7541.
7540.
7540.
7540.
7540.
7539.
7540.
7539.
7539.
7539.
7539.
7540.
7540.
7539.
7539.
7540.
7540.
7541.
7540.
7541.
7541.
7541.
7542.
7543.
7543.
7543.
7545.
7545.
7545.
7547.
7548.
7548.
7550.
7550.
7551.
7553.
7554.
7555.
7557.
7558.
7559.
7561.
7562.
7565.
7565.
7566.
7569.
7572.
7574.
7575.
7577.
7580.