7888.
7885.
7880.
7875.
7870.
7864.
7860.
7859.
7858.
7859.
7861.
7864.
7864.
7867.
7868.
7869.
7869.
7868.
7869.
7870.
7870.
7870.
7871.
7870.
7871.
7870.
7871.
7870.
7869.
7869.
7869.
7868.
7868.
7868.
7868.
7866.
7866.
7866.
7866.
7864.
7863.
7862.
7861.
7859.
7859.
7858.
7856.
7855.
7854.
7853.
7851.
7850.
7847.
7846.
7844.
7842.
7840.
7838.
7836.
7834.
7831.
7830.
7827.
7825.
7821.
7819.
7816.
7814.
7811.
7808.
7804.
7802.
7799.
7794.
7792.
7789.
7785.
7783.
7779.
7776.
7771.
7767.
7764.
7761.
7758.
7753.
7750.
7745.
7742.
7738.
7735.
7732.
7728.
7724.
7721.
7720.
7721.
7725.
7732.
7743.
7754.
7765.
7777.
7789.
7799.
7807.
7815.
7823.
7826.
7830.
7832.
7833.
7833.
7833.
7831.
7831.
7830.
7829.
7828.
7828.
7826.
7826.
7826.
7825.
7824.
7824.
7823.
7823.
7822.
7822.
7822.
7822.
7821.
7821.
7820.
7820.
7820.
7820.
7820.
7820.
7820.
7820.
7820.
7820.
7820.
7821.
7820.
7821.
7821.
7821.
7823.
7823.
7823.
7824.
7825.
7825.
7827.
7827.
7829.
7830.
7831.
7832.
7834.
7835.
7835.
7837.
7838.
7840.
7841.
7843.
7845.
7847.
7849.
7850.
7852.
7855.
7856.
7858.
7862.
7863.
7867.
7868.
7870.
7872.
7876.
7878.
7880.
7882.
7882.
7881.
7878.
7874.
7869.
7864.
7862.
7862.
7863.
7863.
7865.
7867.
7870.
7872.
7873.
7874.
7874.
7875.
7875.
7877.
7878.
7879.
7878.
7879.
7880.
7879.
7880.
7880.
7879.
7879.
7878.
7880.
7879.
7879.
7878.
7879.
7877.
7878.
7878.
7876.
7875.
7875.
7874.
7873.
7872.
7870.
7870.
7869.
7867.
7865.
7865.
7863.
7861.
7860.
7857.
7855.
7854.
7851.
7849.
7848.
7845.
7842.
7840.
7837.
7834.
7831.
7829.
7826.
7823.
7820.
7817.
7814.
7811.
7808.
7804.
7801.
7798.
7793.
7790.
7786.
7783.
7779.
7775.
7771.
7767.
7763.
7759.
7756.
7752.
7748.
7744.
7741.
7738.
7737.
7738.
7743.
7750.
7760.
7771.
7783.
7795.
7805.
7815.
7822.
7827.
7834.
7839.
7843.
7845.
7846.
7846.
7846.
7845.
7845.
7843.
7843.
7842.
7841.
7841.
7840.
7841.
7841.
7841.
7840.
7839.
7840.
7839.
7840.
7840.
7839.
7839.
7839.
7839.
7838.
7839.
7839.
7840.
7840.
7840.
7841.
7843.
7844.
7843.
7844.
7844.
7846.
7846.
7848.
7850.
7851.
7851.
7852.
7854.
7857.
7857.
7859.
7861.
7863.
7865.
7867.
7869.
7871.
7873.
7875.
7877.
7880.
7881.
7884.
7886.
7889.
7891.
7890.
7888.
7885.
7880.
7876.
7870.
7867.
7865.
7865.
7866.
7868.
7870.
7873.
7874.
7875.
7877.
7877.
7878.
7879.
7880.
7880.
7880.
7880.
7880.
7880.
7880.
7880.
7881.
7880.
7880.
7879.
7879.
7880.
7880.
7878.
7878.
7878.
7878.
7878.
7878.
7876.
7875.
7874.
7873.
7872.
7871.
7870.
7868.
7867.
7866.
7864.
7862.
7861.
7859.
7857.
7856.
7853.
7852.
7850.
7846.
7844.
7842.
7839.
7837.
7834.
7832.
7829.
7826.
7823.
7820.
7817.
7813.
7810.
7808.
7806.
7802.
7798.
7795.
7792.
7788.
7784.
7781.
7778.
7774.
7770.
7767.
7764.
7761.
7758.
7755.
7755.
7757.
7762.
7769.
7777.
7787.
7796.
7806.
7814.
7820.
7826.
7830.
7834.
7836.
7838.
7840.
7841.
7841.
7840.
7838.
7837.
7836.
7835.
7834.
7835.
7833.
7834.
7832.
7832.
7831.
7830.
7830.
7830.
7828.
7829.
7828.
7828.
7827.
7827.
7826.
7827.
7826.
7825.
7825.
7825.
7825.
7825.
7825.
7826.
7826.
7825.
7826.
7826.
7826.
7827.
7827.
7827.
7829.
7829.
7829.
7831.
7831.
7831.
7832.
7834.
7834.
7835.
7836.
7838.
7838.
7840.
7840.
7842.
7843.
7846.
7847.
7848.
7850.
7852.
7854.
7856.
7857.
7859.
7860.
7862.
7864.
7867.
7869.
7871.
7873.
7875.
7874.
7874.
7872.
7867.
7864.
7862.
7862.
7861.
7862.
7865.
7867.
7869.
7870.
7872.
7872.
7873.
7875.
7875.
7877.
7878.
7878.
7880.
7880.
7880.
7881.
7882.
7882.
7884.
7884.
7884.
7885.
7886.
7887.
7887.
7887.
7888.
7888.
7888.
7888.
7888.
7888.
7888.
7888.
7888.
7888.
7888.
7887.
7887.
7886.
7886.
7884.
7884.
7884.
7884.
7883.
7882.
7882.
7881.
7881.
7880.
7878.
7878.
7876.
7874.
7873.
7871.
7870.
7869.
7866.
7864.
7863.
7861.
7859.
7857.
7854.
7852.
7851.
7847.
7845.
7842.
7839.
7835.
7833.
7831.
7827.
7824.
7821.
7818.
7816.
7811.
7807.
7804.
7802.
7798.
7794.
7791.
7786.
7783.
7780.
7776.
7772.
7769.
7765.
7762.
7758.
7754.
7750.
7747.
7744.
7741.
7740.
7744.
7749.
7757.
7766.
7773.
7782.
7791.
7800.
7809.
7815.
7821.
7826.
7831.
7835.
7836.
7837.
7837.
7836.
7836.
7835.
7834.
7835.
7833.
7833.
7831.
7831.
7832.
7832.
7830.
7829.
7831.
7829.
7829.
7828.
7828.
7828.
7828.
7827.
7827.
7827.
7827.
7828.
7828.
7828.
7827.
7827.
7828.
7828.
7829.
7828.
7829.
7829.
7829.
7831.
7832.
7832.
7833.
7834.
7835.
7835.
7837.
7837.
7838.
7839.
7840.
7841.
7843.
7845.
7846.
7847.
7849.
7850.
7853.
7854.
7856.
7858.
7860.
7861.
7864.
7867.
7868.
7870.
7872.
7874.
7876.
7879.
7881.
7884.
7886.
7888.
7888.
7886.
7885.
7881.
7877.
7873.
7870.
7868.
7869.
7871.
7871.
7874.
7876.
7878.
7879.
7879.
7880.
7880.
7881.
7882.
7881.
7881.
7882.
7881.
7881.
7881.
7881.
7882.
7882.
7881.
7881.
7881.
7881.
7881.
7880.
7879.
7879.
7878.
7878.
7878.
7877.
7876.
7875.
7873.
7874.
7872.
7872.
7870.
7867.
7867.
7866.
7864.
7862.
7861.
7860.
7857.
7855.
7854.
7852.
7850.
7848.
7845.
7842.
7840.
7838.
7835.
7834.
7830.
7828.
7826.
7823.
7820.
7817.
7814.
7810.
7807.
7804.
7801.
7799.
7795.
7792.
7788.
7785.
7782.
7778.
7775.
7771.
7768.
7764.
7761.
7757.
7754.
7750.
7747.
7745.
7743.
7745.
7749.
7755.
7763.
7773.
7781.
7790.
7797.
7804.
7811.
7817.
7821.
7823.
7826.
7826.
7825.
7825.
7824.
7823.
7822.
7822.
7821.
7819.
7819.
7819.
7818.
7817.
7817.
7816.
7816.
7815.
7814.
7813.
7813.
7812.
7812.
7812.
7810.
7810.
7809.
7809.
7808.
7808.
7807.
7808.
7806.
7807.
7807.
7807.
7807.
7807.
7807.
7807.
7807.
7808.
7807.
7808.
7807.
7809.
7809.
7809.
7808.
7808.
7810.
7810.
7810.
7810.
7811.
7812.
7813.
7812.
7813.
7814.
7815.
7816.
7817.
7818.
7818.
7819.
7820.
7821.
7823.
7823.
7825.
7827.
7827.
7829.
7830.
7831.
7832.
7834.
7836.
7840.
7841.
7842.
7844.
7845.
7847.
7850.
7851.
7852.
7854.
7853.
7852.
7848.
7844.
7840.
7837.
7836.
7837.
7839.
7840.
7842.
7843.
7845.
7846.
7848.
7848.
7849.
7850.
7850.
7851.
7853.
7853.
7854.
7854.
7854.
7853.
7855.
7855.
7856.
7856.
7856.
7857.
7858.
7859.
7858.
7858.
7858.
7859.
7861.
7860.
7860.
7861.
7861.
7862.
7862.
7863.
7862.
7863.
7863.
7862.
7863.
7863.
7864.
7865.
7864.
7864.
7864.
7865.
7865.
7865.
7865.
7864.
7865.
7865.
7865.
7864.
7865.
7865.
7865.
7865.
7866.
7865.
7865.
7864.
7864.
7864.
7864.
7864.
7864.
7864.
7864.
7863.
7862.
7862.
7862.
7863.
7863.
7862.
7861.
7860.
7860.
7860.
7859.
7858.
7857.
7857.
7856.
7856.
7855.
7854.
7854.
7853.
7852.
7852.
7851.
7850.
7849.
7847.
7845.
7844.
7842.
7842.
7841.
7838.
7837.
7835.
7834.
7832.
7830.
7827.
7826.
7824.
7822.
7819.
7817.
7815.
7813.
7810.
7807.
7804.
7802.
7799.
7796.
7793.
7791.
7787.
7784.
7780.
7777.
7775.
7770.
7767.
7764.
7760.
7757.
7754.
7750.
7747.
7744.
7740.
7739.
7740.
7742.
7749.
7758.
7769.
7778.
7789.
7799.
7808.
7816.
7821.
7827.
7833.
7837.
7839.
7839.
7840.
7838.
7838.
7838.
7838.
7837.
7836.
7835.
7834.
7834.
7834.
7833.
7832.
7831.
7831.
7832.
7832.
7831.
7829.
7829.
7828.
7828.
7829.
7828.
7827.
7827.
7828.
7826.
7826.
7825.
7825.
7825.
7826.
7825.
7825.
7825.
7825.
7825.
7825.
7826.
7826.
7826.
7824.
7825.
7827.
7827.
7826.
7827.
7826.
7825.
7825.
7826.
7826.
7826.
7826.
7827.
7826.
7826.
7826.
7825.
7826.
7825.
7825.
7825.
7824.
7823.
7824.
7822.
7822.
7821.
7821.
7820.
7819.
7819.
7817.
7817.
7816.
7814.
7814.
7812.
7810.
7808.
7807.
7806.
7803.
7801.
7799.
7797.
7794.
7792.
7790.
7788.
7785.
7782.
7779.
7776.
7772.
7769.
7766.
7763.
7760.
7756.
7753.
7749.
7745.
7742.
7738.
7734.
7731.
7727.
7722.
7718.
7714.
7710.
7707.
7703.
7700.
7697.
7698.
7701.
7707.
7717.
7727.
7739.
7751.
7761.
7770.
7780.
7790.
7797.
7801.
7805.
7807.
7806.
7807.
7805.
7804.
7803.
7803.
7801.
7799.
7799.
7799.
7799.
7798.
7797.
7796.
7796.
7795.
7795.
7795.
7794.
7794.
7793.
7793.
7792.
7792.
7792.
7792.
7792.
7792.
7792.
7793.
7793.
7794.
7794.
7794.
7794.
7795.
7795.
7796.
7797.
7797.
7799.
7800.
7801.
7803.
7803.
7805.
7806.
7808.
7810.
7811.
7812.
7813.
7817.
7818.
7820.
7821.
7824.
7826.
7828.
7832.
7832.
7835.
7837.
7839.
7842.
7845.
7847.
7848.
7846.
7844.
7841.
7835.
7831.
7825.
7823.
7821.
7821.
7824.
7826.
7829.
7830.
7832.
7833.
7834.
7835.
7836.
7836.
7836.
7838.
7838.
7838.
7839.
7839.
7838.
7840.
7840.
7839.
7839.
7839.
7839.
7840.
7840.
7839.
7840.
7839.
7839.
7839.
7839.
7838.
7837.
7836.
7837.
7836.
7836.
7836.
7834.
7834.
7833.
7833.
7832.
7831.
7830.
7830.
7828.
7827.
7826.
7825.
7824.
7822.
7821.
7821.
7819.
7817.
7815.
7814.
7811.
7810.
7808.
7807.
7803.
7801.
7799.
7797.
7794.
7792.
7790.
7788.
7785.
7781.
7779.
7776.
7773.
7771.
7767.
7763.
7761.
7757.
7754.
7751.
7749.
7743.
7741.
7738.
7735.
7735.
7736.
7740.
7747.
7756.
7766.
7778.
7788.
7795.
7801.
7805.
7810.
7814.
7816.
7820.
7820.
7819.
7818.
7818.
7817.
7816.
7816.
7815.
7814.
7814.
7813.
7814.
7813.
7813.
7812.
7812.
7812.
7812.
7810.
7810.
7810.
7810.
7810.
7809.
7808.
7809.
7808.
7809.
7808.
7809.
7809.
7809.
7808.
7809.
7809.
7809.
7809.
7809.
7810.
7811.
7811.
7811.
7813.
7813.
7813.
7815.
7814.
7816.
7817.
7820.
7820.
7821.
7821.
7822.
7823.
7825.
7826.
7828.
7829.
7831.
7831.
7835.
7837.
7837.
7840.
7843.
7845.
7846.
7848.
7850.
7852.
7854.
7857.
7859.
7862.
7864.
7866.
7869.
7870.
7871.
7870.
7869.
7866.
7863.
7859.
7857.
7856.
7857.
7858.
7860.
7862.
7864.
7865.
7866.
7868.
7868.
7869.
7870.
7870.
7871.
7872.
7872.
7872.
7873.
7873.
7873.
7874.
7874.
7874.
7874.
7873.
7874.
7874.
7873.
7872.
7873.
7873.
7872.
7872.
7872.
7872.
7871.
7871.
7870.
7870.
7869.
7868.
7866.
7866.
7864.
7864.
7863.
7861.
7860.
7859.
7859.
7857.
7855.
7854.
7853.
7851.
7850.
7847.
7846.
7844.
7842.
7840.
7838.
7835.
7833.
7830.
7828.
7825.
7822.
7821.
7818.
7815.
7812.
7809.
7805.
7803.
7799.
7797.
7795.
7791.
7787.
7783.
7780.
7778.
7773.
7770.
7766.
7764.
7759.
7756.
7753.
7750.
7747.
7743.
7739.
7736.
7733.
7732.
7734.
7737.
7745.
7754.
7763.
7773.
7783.
7792.
7799.
7804.
7811.
7815.
7819.
7823.
7825.
7825.
7826.
7824.
7823.
7821.
7822.
7821.
7820.
7820.
7819.
7818.
7818.
7817.
7817.
7815.
7814.
7814.
7813.
7813.
7813.
7812.
7812.
7810.
7809.
7811.
7809.
7809.
7808.
7808.
7808.
7809.
7808.
7808.
7809.
7809.
7808.
7808.
7808.
7808.
7810.
7811.
7811.
7812.
7813.
7813.
7815.
7815.
7817.
7818.
7818.
7820.
7820.
7821.
7824.
7825.
7826.
7828.
7829.
7830.
7833.
7834.
7837.
7839.
7841.
7842.
7844.
7846.
7848.
7851.
7853.
7855.
7858.
7860.
7862.
7863.
7864.
7862.
7859.
7853.
7849.
7846.
7844.
7844.
7843.
7846.
7848.
7851.
7853.
7854.
7855.
7856.
7858.
7858.
7858.
7859.
7861.
7861.
7861.
7861.
7862.
7863.
7863.
7862.
7863.
7863.
7863.
7863.
7863.
7863.
7864.
7864.
7864.
7864.
7862.
7863.
7863.
7862.
7863.
7862.
7863.
7861.
7860.
7860.
7859.
7860.
7858.
7857.
7857.
7855.
7854.
7854.
7853.
7851.
7850.
7849.
7848.
7847.
7845.
7842.
7841.
7840.
7839.
7837.
7834.
7833.
7830.
7827.
7824.
7823.
7821.
7818.
7816.
7812.
7809.
7807.
7804.
7802.
7798.
7795.
7792.
7789.
7786.
7782.
7779.
7777.
7773.
7770.
7767.
7764.
7760.
7757.
7754.
7752.
7748.
7746.
7746.
7749.
7755.
7763.
7772.
7782.
7792.
7802.
7811.
7818.
7825.
7831.
7835.
7838.
7839.
7839.
7839.
7838.
7837.
7837.
7836.
7835.
7834.
7832.
7832.
7832.
7831.
7831.
7830.
7831.
7829.
7829.
7828.
7828.
7827.
7826.
7827.
7826.
7826.
7826.
7826.
7826.
7825.
7825.
7824.
7825.
7826.
7826.
7825.
7826.
7827.
7827.
7828.
7828.
7829.
7829.
7831.
7831.
7833.
7833.
7835.
7836.
7836.
7837.
7838.
7840.
7842.
7843.
7844.
7846.
7848.
7849.
7851.
7851.
7854.
7857.
7859.
7862.
7862.
7864.
7866.
7868.
7870.
7873.
7875.
7878.
7880.
7882.
7885.
7888.
7889.
7892.
7893.
7893.
7892.
7889.
7885.
7880.
7874.
7871.
7869.
7868.
7869.
7870.
7872.
7874.
7876.
7877.
7877.
7878.
7878.
7879.
7879.
7878.
7878.
7877.
7877.
7878.
7877.
7876.
7876.
7876.
7875.
7874.
7875.
7874.
7873.
7871.
7870.
7869.
7869.
7868.
7866.
7865.
7864.
7862.
7861.
7859.
7859.
7856.
7856.
7853.
7852.
7850.
7848.
7846.
7843.
7841.
7839.
7837.
7835.
7833.
7831.
7827.
7825.
7822.
7820.
7818.
7815.
7812.
7809.
7807.
7803.
7799.
7797.
7794.
7791.
7788.
7785.
7781.
7779.
7774.
7771.
7767.
7764.
7762.
7758.
7755.
7751.
7748.
7747.
7748.
7750.
7755.
7763.
7771.
7780.
7788.
7795.
7803.
7810.
7817.
7824.
7828.
7833.
7835.
7837.
7837.
7836.
7835.
7835.
7834.
7834.
7833.
7834.
7832.
7831.
7831.
7831.
7831.
7830.
7831.
7829.
7829.
7829.
7827.
7827.
7828.
7828.
7828.
7827.
7827.
7825.
7826.
7825.
7825.
7826.
7826.
7826.
7826.
7827.
7827.
7828.
7827.
7828.
7829.
7829.
7831.
7831.
7832.
7833.
7834.
7836.
7836.
7837.
7837.
7839.
7840.
7842.
7844.
7845.
7847.
7848.
7851.
7852.
7854.
7855.
7857.
7859.
7861.
7862.
7865.
7867.
7869.
7872.
7873.
7875.
7877.
7880.
7883.
7885.
7885.
7883.
7880.
7876.
7871.
7866.
7863.
7862.
7862.
7863.
7865.
7867.
7868.
7870.
7872.
7872.
7871.
7872.
7873.
7873.
7873.
7873.
7874.
7874.
7873.
7874.
7873.
7872.
7873.
7872.
7872.
7872.
7873.
7871.
7869.
7869.
7869.
7868.
7867.
7867.
7866.
7865.
7864.
7863.
7862.
7862.
7860.
7858.
7857.
7856.
7854.
7853.
7851.
7850.
7848.
7847.
7846.
7842.
7840.
7839.
7837.
7834.
7833.
7830.
7828.
7825.
7823.
7821.
7818.
7815.
7813.
7810.
7807.
7805.
7801.
7798.
7796.
7793.
7790.
7786.
7784.
7780.
7778.
7775.
7772.
7768.
7763.
7762.
7758.
7755.
7752.
7749.
7746.
7743.
7744.
7749.
7756.
7763.
7773.
7784.
7795.
7803.
7811.
7817.
7820.
7824.
7827.
7829.
7831.
7831.
7831.
7830.
7828.
7828.
7827.
7827.
7827.
7826.
7824.
7825.
7823.
7823.
7823.
7821.
7822.
7821.
7821.
7820.
7820.
7820.
7820.
7819.
7819.
7819.
7818.
7818.
7818.
7819.
7818.
7818.
7818.
7818.
7818.
7818.
7818.
7819.
7819.
7819.
7819.
7820.
7820.
7819.
7820.
7821.
7822.
7823.
7824.
7825.
7826.
7825.
7827.
7829.
7829.
7830.
7831.
7833.
7834.
7836.
7837.
7838.
7840.
7842.
7843.
7845.
7846.
7848.
7849.
7852.
7853.
7856.
7858.
7860.
7862.
7863.
7865.
7866.
7865.
7863.
7860.
7855.
7852.
7848.
7845.
7844.
7846.
7848.
7849.
7850.
7852.
7853.
7854.
7854.
7854.
7854.
7855.
7855.
7856.
7855.
7855.
7855.
7856.
7855.
7855.
7854.
7854.
7855.
7855.
7855.
7854.
7854.
7854.
7853.
7852.
7853.
7851.
7850.
7850.
7849.
7848.
7847.
7847.
7847.
7845.
7844.
7843.
7841.
7841.
7839.
7837.
7836.
7834.
7832.
7831.
7830.
7827.
7825.
7823.
7821.
7819.
7817.
7815.
7812.
7809.
7808.
7806.
7803.
7799.
7797.
7794.
7792.
7789.
7788.
7784.
7782.
7778.
7775.
7771.
7768.
7766.
7764.
7760.
7757.
7754.
7750.
7747.
7745.
7742.
7739.
7738.
7740.
7743.
7749.
7757.
7768.
7779.
7788.
7796.
7805.
7811.
7816.
7821.
7826.
7829.
7832.
7833.
7831.
7831.
7831.
7831.
7830.
7829.
7829.
7828.
7828.
7828.
7827.
7828.
7828.
7827.
7826.
7826.
7826.
7826.
7825.
7826.
7825.
7826.
7825.
7824.
7825.
7825.
7825.
7825.
7826.
7827.
7825.
7827.
7827.
7828.
7827.
7829.
7830.
7830.
7830.
7831.
7832.
7833.
7834.
7836.
7837.
7837.
7839.
7840.
7842.
7844.
7844.
7846.
7847.
7849.
7851.
7853.
7854.
7856.
7858.
7860.
7862.
7864.
7866.
7869.
7870.
7873.
7876.
7876.
7878.
7878.
7876.
7874.
7870.
7866.
7862.
7860.
7859.
7860.
7860.
7863.
7864.
7866.
7867.
              