8387.
8388.
8390.
8391.
8392.
8395.
8396.
8399.
8400.
8401.
8403.
8404.
8405.
8404.
8401.
8396.
8391.
8386.
8381.
8378.
8377.
8376.
8378.
8379.
8380.
8381.
8382.
8382.
8382.
8382.
8381.
8380.
8381.
8379.
8379.
8378.
8378.
8377.
8377.
8376.
8375.
8374.
8372.
8372.
8370.
8369.
8367.
8366.
8365.
8363.
8361.
8360.
8358.
8355.
8353.
8352.
8350.
8348.
8345.
8344.
8342.
8339.
8336.
8333.
8330.
8327.
8325.
8322.
8319.
8316.
8313.
8309.
8307.
8303.
8300.
8297.
8293.
8290.
8287.
8283.
8280.
8277.
8272.
8269.
8265.
8262.
8258.
8254.
8251.
8247.
8244.
8241.
8239.
8240.
8244.
8251.
8259.
8269.
8279.
8290.
8300.
8311.
8320.
8327.
8335.
8341.
8345.
8348.
8348.
8348.
8347.
8347.
8345.
8344.
8343.
8342.
8340.
8339.
8339.
8337.
8337.
8337.
8335.
8335.
8333.
8333.
8334.
8332.
8331.
8331.
8330.
8331.
8330.
8329.
8329.
8329.
8328.
8329.
8328.
8328.
8327.
8328.
8328.
8328.
8328.
8328.
8328.
8328.
8328.
8328.
8328.
8329.
8329.
8330.
8329.
8330.
8330.
8330.
8330.
8331.
8331.
8330.
8331.
8331.
8332.
8331.
8331.
8330.
8330.
8331.
8330.
8331.
8330.
8329.
8329.
8329.
8329.
8329.
8328.
8328.
8327.
8327.
8327.
8326.
8325.
8324.
8324.
8323.
8323.
8321.
8319.
8319.
8318.
8316.
8315.
8313.
8313.
8312.
8310.
8308.
8305.
8303.
8301.
8300.
8298.
8297.
8294.
8292.
8290.
8288.
8284.
8282.
8279.
8277.
8274.
8271.
8268.
8265.
8262.
8259.
8255.
8252.
8248.
8245.
8242.
8237.
8234.
8231.
8226.
8222.
8220.
8218.
8219.
8221.
8227.
8235.
8244.
8256.
8268.
8278.
8286.
8294.
8302.
8309.
8315.
8319.
8322.
8323.
8323.
8323.
8322.
8320.
8320.
8319.
8317.
8318.
8316.
8315.
8314.
8314.
8314.
8313.
8313.
8312.
8312.
8311.
8310.
8312.
8312.
8311.
8311.
8311.
8310.
8311.
8310.
8311.
8312.
8311.
8313.
8314.
8314.
8315.
8316.
8316.
8318.
8319.
8320.
8321.
8321.
8322.
8324.
8326.
8327.
8328.
8330.
8331.
8333.
8334.
8336.
8338.
8338.
8341.
8343.
8345.
8347.
8348.
8350.
8353.
8354.
8356.
8359.
8360.
8362.
8364.
8365.
8366.
8366.
8362.
8359.
8355.
8350.
8347.
8346.
8346.
8346.
8348.
8350.
8353.
8353.
8354.
8356.
8356.
8356.
8356.
8356.
8356.
8356.
8356.
8356.
8356.
8355.
8355.
8355.
8355.
8354.
8354.
8354.
8353.
8353.
8352.
8351.
8351.
8350.
8349.
8349.
8348.
8348.
8346.
8345.
8344.
8343.
8341.
8340.
8339.
8336.
8336.
8334.
8332.
8330.
8329.
8326.
8324.
8322.
8320.
8318.
8315.
8313.
8309.
8307.
8305.
8303.
8300.
8296.
8294.
8292.
8289.
8285.
8281.
8279.
8275.
8272.
8268.
8265.
8261.
8257.
8255.
8251.
8249.
8248.
8249.
8255.
8262.
8271.
8282.
8292.
8301.
8310.
8318.
8323.
8330.
8334.
8338.
8340.
8340.
8340.
8339.
8339.
8337.
8336.
8335.
8335.
8333.
8332.
8331.
8330.
8329.
8330.
8328.
8327.
8326.
8325.
8325.
8324.
8324.
8324.
8322.
8322.
8322.
8322.
8321.
8321.
8321.
8321.
8320.
8321.
8321.
8321.
8321.
8321.
8321.
8320.
8322.
8322.
8322.
8322.
8322.
8323.
8323.
8323.
8324.
8325.
8326.
8327.
8329.
8329.
8329.
8331.
8332.
8333.
8334.
8336.
8337.
8339.
8340.
8341.
8342.
8344.
8345.
8347.
8348.
8350.
8351.
8354.
8355.
8357.
8357.
8357.
8356.
8353.
8350.
8344.
8340.
8338.
8336.
8336.
8337.
8339.
8340.
8342.
8344.
8345.
8345.
8345.
8345.
8346.
8345.
8345.
8346.
8345.
8345.
8345.
8345.
8344.
8344.
8344.
8344.
8343.
8342.
8342.
8341.
8341.
8340.
8340.
8339.
8337.
8337.
8337.
8335.
8333.
8332.
8332.
8330.
8329.
8328.
8325.
8324.
8322.
8321.
8319.
8317.
8315.
8314.
8310.
8308.
8305.
8304.
8300.
8299.
8296.
8293.
8291.
8288.
8285.
8282.
8280.
8277.
8273.
8271.
8267.
8264.
8261.
8259.
8254.
8252.
8247.
8245.
8241.
8238.
8236.
8235.
8238.
8242.
8249.
8257.
8266.
8276.
8285.
8295.
8305.
8315.
8323.
8329.
8334.
8337.
8339.
8340.
8340.
8338.
8337.
8336.
8336.
8335.
8335.
8334.
8333.
8334.
8334.
8333.
8333.
8332.
8332.
8332.
8332.
8332.
8331.
8331.
8332.
8333.
8332.
8332.
8332.
8333.
8333.
8333.
8335.
8334.
8335.
8335.
8336.
8337.
8338.
8339.
8339.
8339.
8341.
8341.
8343.
8344.
8344.
8346.
8348.
8349.
8351.
8351.
8353.
8355.
8355.
8356.
8358.
8361.
8362.
8364.
8365.
8367.
8369.
8370.
8372.
8374.
8376.
8377.
8379.
8380.
8383.
8385.
8388.
8390.
8391.
8393.
8394.
8397.
8399.
8401.
8403.
8404.
8406.
8405.
8403.
8402.
8399.
8396.
8395.
8393.
8393.
8395.
8396.
8398.
8398.
8398.
8398.
8398.
8398.
8397.
8397.
8396.
8397.
8395.
8395.
8395.
8395.
8393.
8392.
8391.
8391.
8390.
8390.
8388.
8387.
8385.
8385.
8383.
8381.
8380.
8378.
8376.
8375.
8373.
8371.
8369.
8367.
8366.
8363.
8361.
8358.
8355.
8354.
8352.
8349.
8347.
8345.
8343.
8339.
8335.
8333.
8330.
8327.
8324.
8321.
8319.
8315.
8312.
8308.
8305.
8301.
8298.
8295.
8292.
8289.
8285.
8281.
8277.
8274.
8271.
8267.
8263.
8260.
8256.
8254.
8253.
8255.
8260.
8268.
8276.
8285.
8294.
8304.
8313.
8322.
8328.
8334.
8338.
8341.
8344.
8345.
8345.
8345.
8344.
8343.
8342.
8341.
8340.
8340.
8340.
8337.
8338.
8337.
8337.
8336.
8335.
8335.
8334.
8334.
8334.
8333.
8334.
8333.
8333.
8332.
8333.
8332.
8332.
8333.
8332.
8332.
8333.
8332.
8331.
8331.
8332.
8333.
8331.
8332.
8333.
8332.
8332.
8333.
8334.
8333.
8335.
8334.
8333.
8335.
8334.
8334.
8334.
8335.
8336.
8336.
8336.
8336.
8337.
8338.
8336.
8338.
8339.
8339.
8340.
8340.
8340.
8341.
8341.
8342.
8344.
8342.
8344.
8343.
8345.
8345.
8347.
8348.
8348.
8348.
8349.
8350.
8351.
8352.
8353.
8354.
8355.
8357.
8357.
8358.
8360.
8361.
8361.
8363.
8364.
8366.
8367.
8368.
8369.
8371.
8372.
8373.
8374.
8377.
8378.
8379.
8380.
8382.
8383.
8383.
8384.
8381.
8379.
8376.
8373.
8372.
8370.
8370.
8370.
8372.
8372.
8373.
8374.
8375.
8374.
8375.
8374.
8373.
8374.
8372.
8373.
8374.
8373.
8371.
8372.
8371.
8371.
8370.
8370.
8369.
8368.
8368.
8366.
8365.
8365.
8364.
8363.
8363.
8361.
8360.
8360.
8358.
8356.
8356.
8354.
8353.
8351.
8350.
8348.
8346.
8345.
8343.
8341.
8339.
8337.
8335.
8334.
8331.
8329.
8326.
8324.
8321.
8319.
8316.
8314.
8311.
8309.
8307.
8304.
8301.
8299.
8295.
8292.
8289.
8286.
8284.
8281.
8278.
8274.
8271.
8268.
8264.
8260.
8257.
8254.
8251.
8248.
8245.
8244.
8246.
8252.
8260.
8267.
8278.
8288.
8298.
8308.
8315.
8323.
8330.
8335.
8340.
8342.
8346.
8348.
8348.
8348.
8346.
8346.
8346.
8344.
8342.
8343.
8342.
8342.
8342.
8341.
8341.
8340.
8340.
8339.
8339.
8339.
8339.
8338.
8339.
8338.
8339.
8339.
8339.
8338.
8340.
8340.
8341.
8341.
8342.
8343.
8342.
8343.
8345.
8346.
8348.
8349.
8350.
8351.
8352.
8353.
8354.
8355.
8357.
8359.
8359.
8362.
8364.
8365.
8367.
8370.
8371.
8372.
8375.
8376.
8378.
8379.
8382.
8386.
8386.
8387.
8391.
8394.
8395.
8398.
8401.
8402.
8404.
8404.
8408.
8411.
8412.
8413.
8413.
8411.
8408.
8405.
8401.
8400.
8399.
8398.
8399.
8402.
8404.
8405.
8407.
8409.
8408.
8409.
8409.
8408.
8409.
8410.
8410.
8410.
8410.
8410.
8409.
8410.
8409.
8409.
8409.
8409.
8409.
8408.
8408.
8408.
8407.
8406.
8406.
8406.
8406.
8405.
8402.
8401.
8401.
8400.
8399.
8397.
8396.
8395.
8393.
8391.
8390.
8388.
8386.
8385.
8383.
8381.
8379.
8377.
8375.
8372.
8371.
8368.
8366.
8364.
8360.
8358.
8354.
8352.
8349.
8347.
8344.
8340.
8338.
8334.
8330.
8327.
8324.
8320.
8318.
8314.
8311.
8307.
8305.
8301.
8297.
8297.
8299.
8304.
8312.
8320.
8332.
8342.
8352.
8361.
8371.
8379.
8385.
8390.
8396.
8398.
8400.
8400.
8400.
8400.
8399.
8399.
8397.
8396.
8395.
8394.
8393.
8393.
8392.
8392.
8391.
8392.
8391.
8389.
8390.
8390.
8389.
8388.
8389.
8389.
8389.
8389.
8388.
8389.
8389.
8389.
8390.
8390.
8390.
8391.
8393.
8393.
8395.
8394.
8395.
8396.
8397.
8398.
8399.
8400.
8401.
8401.
8403.
8405.
8405.
8407.
8408.
8409.
8411.
8412.
8414.
8416.
8417.
8419.
8419.
8421.
8419.
8417.
8414.
8409.
8405.
8401.
8399.
8398.
8399.
8401.
8402.
8405.
8407.
8408.
8409.
8410.
8410.
8410.
8411.
8412.
8412.
8413.
8413.
8414.
8414.
8415.
8415.
8416.
8416.
8416.
8416.
8417.
8418.
8418.
8418.
8418.
8417.
8419.
8419.
8419.
8418.
8418.
8418.
8418.
8417.
8417.
8417.
8417.
8416.
8416.
8416.
8415.
8414.
8413.
8412.
8412.
8411.
8410.
8410.
8409.
8408.
8407.
8405.
8404.
8402.
8401.
8400.
8400.
8399.
8396.
8394.
8392.
8391.
8390.
8388.
8385.
8382.
8381.
8379.
8376.
8374.
8370.
8368.
8365.
8362.
8360.
8357.
8354.
8352.
8348.
8345.
8342.
8339.
8335.
8332.
8329.
8325.
8322.
8318.
8314.
8311.
8308.
8305.
8303.
8304.
8306.
8310.
8318.
8327.
8337.
8346.
8355.
8364.
8371.
8379.
8384.
8389.
8392.
8395.
8396.
8396.
8398.
8396.
8396.
8393.
8394.
8393.
8392.
8392.
8390.
8391.
8390.
8390.
8390.
8388.
8388.
8388.
8386.
8387.
8386.
8386.
8386.
8386.
8386.
8386.
8385.
8386.
8386.
8386.
8386.
8387.
8387.
8386.
8387.
8387.
8388.
8387.
8387.
8389.
8388.
8390.
8390.
8389.
8390.
8391.
8392.
8393.
8394.
8393.
8394.
8395.
8395.
8396.
8396.
8398.
8397.
8398.
8398.
8398.
8398.
8400.
8400.
8400.
8401.
8401.
8401.
8401.
8400.
8400.
8401.
8400.
8401.
8401.
8401.
8400.
8400.
8399.
8400.
8398.
8397.
8397.
8397.
8396.
8396.
8396.
8394.
8394.
8393.
8391.
8390.
8390.
8388.
8386.
8386.
8384.
8383.
8382.
8381.
8379.
8377.
8376.
8374.
8372.
8370.
8367.
8365.
8363.
8361.
8358.
8356.
8354.
8351.
8348.
8346.
8343.
8340.
8337.
8334.
8331.
8327.
8324.
8322.
8318.
8315.
8311.
8308.
8304.
8300.
8297.
8293.
8289.
8286.
8282.
8278.
8278.
8278.
8281.
8286.
8294.
8302.
8311.
8320.
8329.
8336.
8344.
8350.
8356.
8363.
8368.
8371.
8372.
8374.
8374.
8373.
8372.
8371.
8369.
8369.
8368.
8366.
8366.
8365.
8365.
8364.
8362.
8363.
8362.
8361.
8361.
8361.
8360.
8359.
8358.
8358.
8358.
8358.
8357.
8358.
8357.
8356.
8358.
8358.
8358.
8358.
8358.
8360.
8361.
8361.
8361.
8361.
8362.
8363.
8364.
8365.
8366.
8366.
8367.
8369.
8369.
8370.
8372.
8373.
8374.
8376.
8378.
8379.
8380.
8380.
8383.
8384.
8386.
8387.
8389.
8391.
8392.
8394.
8396.
8398.
8399.
8401.
8403.
8405.
8406.
8408.
8410.
8412.
8413.
8415.
8416.
8418.
8418.
8416.
8413.
8409.
8405.
8402.
8400.
8398.
8399.
8400.
8402.
8405.
8406.
8405.
8406.
8406.
8406.
8405.
8405.
8406.
8405.
8405.
8404.
8404.
8405.
8403.
8402.
8402.
8401.
8401.
8400.
8399.
8399.
8397.
8397.
8396.
8394.
8393.
8392.
8390.
8388.
8388.
8387.
8385.
8384.
8382.
8381.
8379.
8377.
8375.
8373.
8371.
8369.
8367.
8364.
8362.
8359.
8357.
8355.
8353.
8350.
8348.
8344.
8342.
8340.
8336.
8334.
8330.
8326.
8324.
8320.
8318.
8314.
8310.
8306.
8304.
8300.
8297.
8294.
8294.
8295.
8298.
8304.
8310.
8317.
8325.
8334.
8343.
8349.
8355.
8361.
8365.
8371.
8375.
8379.
8382.
8384.
8385.
8384.
8383.
8382.
8381.
8381.
8382.
8380.
8379.
8380.
8379.
8379.
8377.
8378.
8377.
8376.
8376.
8375.
8375.
8374.
8375.
8375.
8375.
8375.
8375.
8376.
8376.
8376.
8375.
8376.
8376.
8376.
8376.
8376.
8377.
8377.
8377.
8378.
8378.
8379.
8379.
8379.
8380.
8381.
8381.
8382.
8383.
8383.
8384.
8385.
8387.
8387.
8388.
8388.
8389.
8391.
8392.
8392.
8393.
8394.
8395.
8396.
8397.
8398.
8399.
8400.
8401.
8401.
8403.
8404.
8405.
8407.
8408.
8410.
8411.
8411.
8413.
8414.
8416.
8417.
8418.
8420.
8421.
8422.
8423.
8424.
8427.
8428.
8429.
8430.
8432.
8432.
8433.
8432.
8429.
8425.
8421.
8418.
8415.
8413.
8413.
8413.
8414.
8414.
8415.
8416.
8416.
8416.
8414.
8415.
8412.
8413.
8412.
8411.
8410.
8410.
8410.
8409.
8407.
8407.
8406.
8405.
8405.
8402.
8400.
8399.
8398.
8396.
8394.
8393.
8392.
8391.
8388.
8387.
8385.
8382.
8380.
8379.
8376.
8375.
8372.
8369.
8367.
8365.
8362.
8360.
8357.
8354.
8352.
8349.
8347.
8344.
8342.
8337.
8334.
8331.
8328.
8325.
8322.
8319.
8315.
8312.
8310.
8306.
8302.
8299.
8296.
8291.
8288.
8285.
8280.
8278.
8275.
8274.
8273.
8276.
8281.
8289.
8296.
8304.
8313.
8320.
8329.
8337.
8345.
8352.
8358.
8364.
8369.
8374.
8377.
8378.
8378.
8377.
8377.
8377.
8375.
8375.
8375.
8375.
8374.
8373.
8374.
8374.
8372.
8373.
8372.
8372.
8372.
8373.
8372.
8372.
8371.
8372.
8372.
8372.
8372.
8372.
8374.
8373.
8373.
8374.
8374.
8375.
8375.
8376.
8377.
8377.
8379.
8378.
8379.
8380.
8380.
8381.
8382.
8384.
8384.
8387.
8387.
8388.
8389.
8391.
8392.
8393.
8394.
8396.
8397.
8398.
8400.
8402.
8403.
8405.
8406.
8408.
8409.
8411.
8410.
8409.
8407.
8404.
8399.
8397.
8394.
8392.
8392.
8393.
8394.
8395.
8396.
8398.
8399.
8398.
8398.
8398.
8398.
8398.
8396.
8395.
8395.
8396.
8395.
8395.
8394.
8394.
8393.
8392.
8391.
8390.
8388.
8388.
8387.
8386.
8385.
8383.
8382.
8380.
8379.
8377.
8376.
8375.
8373.
8371.
8369.
8367.
8365.
8363.
8361.
8358.
8357.
8353.
8351.
8349.
8345.
8344.
8342.
8338.
8336.
8334.
8331.
8327.
8324.
8321.
8318.
8314.
8312.
8309.
8305.
8302.
8298.
8295.
8291.
8288.
8285.
8281.
8277.
8274.
8271.
8268.
8264.
8265.
8267.
8272.
8279.
8285.
8293.
8302.
8310.
8319.
8325.
8331.
8336.
8339.
8341.
8344.
8345.
8345.
8344.
8343.
8341.
8340.
8340.
8340.
8340.
8339.
8338.
8337.
8337.
8335.
8334.
8333.
8333.
8332.
8331.
8330.
8330.
8329.
8328.
8327.
8327.
8325.
8326.
8324.
8324.
8324.
8323.
8322.
8323.
8321.
8320.
8320.
8320.
8320.
8319.
8319.
8318.
8317.
8317.
8317.
8316.
8315.
8315.
8314.
8313.
8312.
8312.
8310.
8309.
8308.
8307.
8307.
8305.
8305.
8303.
8302.
8300.
8299.
8298.
8296.
8295.
8292.
8291.
8289.
8287.
8284.
8282.
8280.
8278.
8276.
8273.
8272.
8271.
8271.
8274.
8279.
8285.
8291.
8299.
8306.
8313.
8321.
8326.
8331.
8336.
8337.
8337.
8336.
8336.
8337.
8335.
8335.
8334.
8332.
8332.
8332.
8331.
8331.
8331.
8329.
8329.
8328.
8327.
8327.
8327.
8327.
8326.
8325.
8325.
8324.
8325.
8324.
8323.
8324.
8324.
8323.
8322.
8323.
8322.
8322.
8322.
8322.
8322.
8323.
8322.
8323.
8322.
8322.
8323.
8322.
8322.
8321.
8322.
8322.
8323.
8323.
8323.
8323.
8323.
8324.
8325.
8324.
8324.
8325.
8325.
8325.
8326.
8327.
8327.
8326.
8327.
8328.
8328.
8328.
8329.
8330.
8331.
8331.
8332.
8332.
8333.
8334.
8334.
8334.
8336.
8337.
8337.
8338.
8339.
8340.
8339.
8341.
8342.
8343.
8344.
8344.
8346.
8347.
8348.
8348.
8348.
8350.
8351.
8352.
8353.
8355.
8355.
8356.
8357.
8359.
8360.
8362.
8363.
8364.
8364.
8364.
8362.
8360.
8356.
8352.
8350.
8349.
8349.
8350.
8351.
8350.
8352.
8352.
8352.
8352.
8352.
8352.
8351.
8352.
8351.
8350.
8349.
8350.
8348.
8346.
8348.
8346.
8346.
8344.
8344.
8343.
8341.
8340.
8339.
8338.
8337.
8335.
8333.
8333.
8331.
8329.
8329.
8326.
8324.
8322.
8320.
8319.
8317.
8316.
8313.
8311.
8308.
8305.
8303.
8300.
8298.
8296.
8292.
8290.
8287.
8284.
8280.
8277.
8273.
8272.
8269.
8267.
8267.
8268.
8273.
8278.
8287.
8294.
8302.
8310.
8317.
8323.
8328.
8333.
8337.
8342.
8347.
8349.
8351.
8352.
8352.
8351.
8351.
8350.
8349.
8349.
8348.
8349.
8348.
8347.
8347.
8346.
8346.
8345.
8344.
8344.
8342.
8342.
8342.
8342.
8341.
8341.
8340.
8339.
8339.
8338.
8338.
8339.
8338.
8336.
8336.
8336.
8335.
8334.
8332.
8331.
8331.
8330.
8329.
8327.
8327.
8327.
8325.
8324.
8323.
8321.
8319.
8319.
8316.
8314.
8313.
8311.
8310.
8308.
8306.
8303.
8301.
8299.
8297.
8294.
8292.
8289.
8287.
8284.
8282.
8278.
8275.
8274.
8271.
8267.
8264.
8261.
8258.
8255.
8252.
8248.
8244.
8241.
8236.
8233.
8230.
8226.
8221.
8218.
8215.
8211.
8208.
8205.
8206.
8210.
8214.
8221.
8229.
8237.
8246.
8254.
8261.
8267.
8274.
8281.
8286.
8290.
8295.
8299.
8303.
8305.
8305.
8304.
8304.
8302.
8302.
8301.
8303.
8302.
8302.
8300.
8299.
8299.
8299.
8300.
8298.
8299.
8298.
8298.
8298.
8297.
8297.
8298.
8298.
8298.
8297.
8298.
8298.
8299.
8299.
8299.
8300.
8299.
8300.
8300.
8302.
8302.
8302.
8303.
8305.