7987.
7987.
7986.
7987.
7985.
7985.
7985.
7985.
7984.
7984.
7983.
7982.
7981.
7982.
7982.
7980.
7980.
7979.
7978.
7978.
7977.
7977.
7977.
7975.
7974.
7973.
7971.
7969.
7968.
7968.
7966.
7964.
7963.
7961.
7959.
7957.
7956.
7954.
7952.
7950.
7946.
7944.
7942.
7940.
7938.
7934.
7932.
7928.
7925.
7922.
7918.
7914.
7911.
7908.
7905.
7900.
7896.
7894.
7893.
7893.
7895.
7900.
7908.
7915.
7921.
7928.
7933.
7937.
7940.
7942.
7943.
7943.
7943.
7942.
7942.
7941.
7940.
7939.
7939.
7939.
7939.
7939.
7939.
7940.
7939.
7940.
7940.
7940.
7940.
7940.
7939.
7941.
7941.
7941.
7940.
7941.
7942.
7943.
7942.
7943.
7944.
7945.
7946.
7946.
7946.
7948.
7949.
7950.
7951.
7953.
7953.
7955.
7955.
7957.
7959.
7961.
7962.
7962.
7965.
7968.
7969.
7972.
7974.
7977.
7980.
7981.
7984.
7989.
7991.
7993.
7998.
8000.
8003.
8006.
8010.
8014.
8017.
8022.
8025.
8028.
8031.
8031.
8029.
8025.
8021.
8016.
8013.
8011.
8010.
8011.
8012.
8015.
8018.
8019.
8020.
8022.
8024.
8023.
8024.
8024.
8025.
8027.
8028.
8027.
8027.
8027.
8027.
8027.
8026.
8026.
8025.
8024.
8024.
8023.
8022.
8021.
8021.
8018.
8018.
8017.
8015.
8013.
8011.
8009.
8006.
8005.
8003.
8000.
7998.
7995.
7994.
7991.
7988.
7985.
7982.
7980.
7976.
7973.
7970.
7968.
7966.
7962.
7959.
7956.
7952.
7950.
7947.
7944.
7940.
7936.
7934.
7932.
7930.
7932.
7935.
7940.
7948.
7955.
7963.
7968.
7972.
7975.
7979.
7983.
7987.
7989.
7988.
7989.
7989.
7990.
7990.
7990.
7989.
7991.
7991.
7991.
7991.
7991.
7992.
7993.
7992.
7993.
7993.
7994.
7995.
7995.
7996.
7996.
7997.
7997.
7998.
8000.
8000.
8001.
8004.
8006.
8005.
8005.
8006.
8008.
8009.
8012.
8013.
8016.
8016.
8019.
8021.
8023.
8025.
8027.
8030.
8032.
8034.
8037.
8040.
8044.
8047.
8050.
8053.
8058.
8061.
8064.
8068.
8073.
8075.
8079.
8080.
8080.
8078.
8072.
8068.
8065.
8062.
8063.
8063.
8065.
8065.
8068.
8070.
8072.
8072.
8073.
8076.
8076.
8076.
8078.
8078.
8080.
8080.
8080.
8081.
8081.
8082.
8082.
8081.
8082.
8082.
8082.
8082.
8081.
8080.
8081.
8080.
8079.
8079.
8077.
8077.
8075.
8075.
8073.
8071.
8070.
8068.
8067.
8066.
8063.
8062.
8060.
8059.
8056.
8054.
8052.
8051.
8047.
8045.
8042.
8039.
8037.
8035.
8031.
8029.
8025.
8022.
8019.
8017.
8014.
8010.
8008.
8004.
8002.
7997.
7994.
7990.
7988.
7985.
7980.
7977.
7973.
7970.
7966.
7964.
7960.
7957.
7952.
7949.
7945.
7941.
7939.
7939.
7941.
7943.
7947.
7953.
7961.
7966.
7969.
7973.
7976.
7977.
7979.
7981.
7981.
7980.
7981.
7980.
7979.
7979.
7977.
7977.
7977.
7978.
7977.
7976.
7976.
7976.
7977.
7976.
7977.
7975.
7975.
7976.
7976.
7977.
7975.
7975.
7977.
7977.
7976.
7976.
7975.
7975.
7975.
7976.
7976.
7976.
7976.
7976.
7975.
7976.
7975.
7975.
7977.
7977.
7976.
7974.
7972.
7970.
7968.
7967.
7965.
7962.
7959.
7956.
7953.
7950.
7946.
7943.
7940.
7939.
7938.
7936.
7937.
7935.
7935.
7934.
7934.
7933.
7933.
7933.
7932.
7931.
7930.
7929.
7928.
7927.
7926.
7926.
7925.
7925.
7924.
7925.
7925.
7924.
7924.
7924.
7923.
7923.
7923.
7924.
7923.
7924.
7923.
7922.
7921.
7921.
7920.
7919.
7919.
7918.
7918.
7917.
7915.
7913.
7913.
7912.
7910.
7908.
7908.
7907.
7904.
7903.
7900.
7899.
7897.
7894.
7895.
7891.
7887.
7886.
7884.
7880.
7878.
7876.
7875.
7876.
7879.
7883.
7890.
7898.
7906.
7912.
7920.
7923.
7926.
7929.
7931.
7934.
7934.
7934.
7935.
7935.
7936.
7935.
7935.
7935.
7935.
7936.
7936.
7937.
7938.
7938.
7939.
7940.
7939.
7939.
7941.
7943.
7942.
7943.
7944.
7945.
7947.
7948.
7949.
7951.
7952.
7953.
7955.
7958.
7959.
7962.
7963.
7966.
7968.
7968.
7972.
7975.
7977.
7980.
7981.
7985.
7988.
7992.
7995.
7998.
8002.
8006.
8009.
8013.
8017.
8021.
8024.
8029.
8033.
8037.
8041.
8041.
8040.
8038.
8033.
8029.
8026.
8026.
8025.
8025.
8027.
8029.
8031.
8033.
8036.
8036.
8038.
8038.
8040.
8042.
8042.
8042.
8044.
8044.
8045.
8045.
8045.
8046.
8045.
8046.
8047.
8045.
8044.
8044.
8045.
8043.
8042.
8042.
8041.
8039.
8037.
8037.
8036.
8034.
8032.
8030.
8029.
8027.
8025.
8024.
8020.
8018.
8015.
8013.
8011.
8007.
8005.
8002.
7998.
7997.
7994.
7991.
7989.
7986.
7982.
7978.
7976.
7974.
7970.
7967.
7964.
7961.
7957.
7956.
7958.
7959.
7964.
7972.
7978.
7985.
7991.
7996.
8001.
8006.
8009.
8012.
8015.
8018.
8019.
8018.
8019.
8019.
8020.
8020.
8020.
8020.
8020.
8021.
8021.
8022.
8022.
8023.
8024.
8024.
8024.
8026.
8026.
8027.
8027.
8030.
8030.
8031.
8032.
8033.
8035.
8036.
8038.
8039.
8042.
8044.
8045.
8047.
8049.
8052.
8053.
8056.
8058.
8061.
8064.
8067.
8070.
8073.
8078.
8080.
8084.
8087.
8090.
8093.
8095.
8095.
8092.
8089.
8083.
8079.
8074.
8070.
8068.
8068.
8069.
8072.
8074.
8075.
8076.
8077.
8079.
8077.
8079.
8079.
8082.
8082.
8081.
8082.
8082.
8082.
8083.
8083.
8084.
8084.
8082.
8083.
8082.
8082.
8081.
8080.
8078.
8078.
8077.
8075.
8074.
8073.
8070.
8069.
8069.
8066.
8064.
8061.
8061.
8057.
8056.
8054.
8052.
8049.
8046.
8043.
8040.
8038.
8034.
8032.
8028.
8026.
8023.
8020.
8018.
8014.
8010.
8007.
8003.
8000.
7998.
7994.
7990.
7987.
7984.
7979.
7975.
7973.
7970.
7966.
7962.
7958.
7955.
7952.
7947.
7943.
7941.
7938.
7939.
7940.
7944.
7949.
7954.
7959.
7965.
7969.
7972.
7974.
7974.
7976.
7975.
7975.
7974.
7974.
7972.
7972.
7971.
7970.
7969.
7968.
7969.
7969.
7969.
7968.
7967.
7967.
7966.
7965.
7966.
7965.
7965.
7965.
7963.
7964.
7964.
7962.
7963.
7962.
7963.
7963.
7962.
7961.
7961.
7961.
7961.
7962.
7962.
7962.
7962.
7961.
7962.
7961.
7962.
7962.
7964.
7963.
7964.
7965.
7965.
7965.
7965.
7966.
7966.
7968.
7970.
7971.
7973.
7973.
7974.
7975.
7978.
7980.
7981.
7984.
7986.
7989.
7990.
7992.
7995.
7997.
8000.
8002.
8005.
8008.
8012.
8014.
8018.
8020.
8018.
8016.
8011.
8009.
8005.
8004.
8005.
8006.
8006.
8009.
8012.
8013.
8014.
8015.
8018.
8020.
8021.
8022.
8023.
8026.
8026.
8027.
8029.
8030.
8030.
8031.
8032.
8034.
8034.
8035.
8035.
8036.
8037.
8036.
8038.
8038.
8036.
8037.
8037.
8037.
8037.
8036.
8036.
8035.
8035.
8036.
8035.
8035.
8033.
8032.
8031.
8032.
8030.
8028.
8029.
8027.
8024.
8024.
8022.
8020.
8019.
8017.
8015.
8013.
8011.
8009.
8007.
8004.
8002.
7998.
7996.
7993.
7990.
7987.
7985.
7981.
7979.
7977.
7974.
7971.
7967.
7963.
7961.
7957.
7954.
7950.
7947.
7943.
7940.
7938.
7936.
7936.
7937.
7940.
7944.
7949.
7955.
7960.
7965.
7969.
7972.
7975.
7977.
7978.
7979.
7979.
7978.
7979.
7978.
7978.
7978.
7978.
7977.
7977.
7977.
7977.
7978.
7978.
7977.
7978.
7978.
7978.
7978.
7978.
7978.
7979.
7977.
7978.
7979.
7979.
7980.
7981.
7980.
7980.
7980.
7981.
7981.
7982.
7983.
7982.
7983.
7984.
7984.
7985.
7986.
7988.
7989.
7989.
7989.
7992.
7994.
7994.
7996.
7997.
7998.
7999.
8000.
8002.
8006.
8006.
8007.
8011.
8014.
8017.
8018.
8020.
8024.
8025.
8028.
8032.
8035.
8037.
8040.
8043.
8043.
8044.
8042.
8039.
8036.
8033.
8033.
8034.
8037.
8039.
8040.
8043.
8045.
8046.
8047.
8049.
8050.
8052.
8051.
8054.
8056.
8057.
8056.
8058.
8059.
8061.
8062.
8062.
8063.
8065.
8065.
8067.
8068.
8067.
8068.
8067.
8067.
8069.
8069.
8069.
8070.
8070.
8068.
8068.
8068.
8067.
8068.
8067.
8066.
8065.
8064.
8063.
8063.
8062.
8060.
8060.
8059.
8058.
8056.
8055.
8054.
8052.
8050.
8048.
8046.
8044.
8043.
8041.
8039.
8035.
8032.
8030.
8029.
8026.
8022.
8022.
8018.
8015.
8013.
8009.
8007.
8003.
8001.
7997.
7994.
7992.
7990.
7986.
7982.
7979.
7976.
7972.
7968.
7964.
7962.
7959.
7955.
7952.
7949.
7945.
7943.
7943.
7943.
7946.
7950.
7955.
7961.
7965.
7969.
7971.
7975.
7978.
7980.
7981.
7981.
7981.
7981.
7980.
7980.
7980.
7980.
7979.
7979.
7978.
7978.
7978.
7978.
7978.
7977.
7976.
7977.
7977.
7977.
7976.
7977.
7976.
7976.
7977.
7977.
7977.
7975.
7976.
7976.
7976.
7976.
7975.
7975.
7976.
7975.
7975.
7975.
7974.
7974.
7974.
7974.
7974.
7976.
7976.
7975.
7975.
7974.
7975.
7976.
7975.
7974.
7975.
7975.
7974.
7974.
7975.
7975.
7975.
7975.
7975.
7976.
7975.
7975.
7975.
7975.
7974.
7973.
7974.
7974.
7972.
7973.
7974.
7974.
7972.
7972.
7972.
7972.
7973.
7972.
7972.
7972.
7971.
7971.
7970.
7971.
7971.
7970.
7968.
7969.
7968.
7969.
7967.
7968.
7968.
7968.
7966.
7966.
7966.
7965.
7965.
7964.
7964.
7964.
7962.
7962.
7962.
7963.
7961.
7961.
7960.
7960.
7960.
7960.
7959.
7958.
7957.
7957.
7955.
7955.
7955.
7954.
7953.
7952.
7951.
7950.
7949.
7948.
7947.
7946.
7945.
7944.
7943.
7941.
7939.
7939.
7937.
7936.
7935.
7933.
7931.
7929.
7928.
7925.
7923.
7920.
7918.
7915.
7914.
7912.
7914.
7917.
7920.
7923.
7927.
7932.
7934.
7938.
7938.
7941.
7942.
7943.
7944.
7943.
7943.
7943.
7943.
7943.
7943.
7942.
7942.
7942.
7941.
7941.
7941.
7942.
7942.
7942.
7942.
7942.
7943.
7943.
7942.
7942.
7941.
7941.
7942.
7942.
7941.
7941.
7943.
7943.
7943.
7943.
7943.
7942.
7943.
7943.
7943.
7944.
7945.
7944.
7945.
7945.
7947.
7947.
7946.
7948.
7949.
7949.
7951.
7951.
7952.
7953.
7954.
7955.
7957.
7958.
7959.
7962.
7963.
7964.
7967.
7968.
7970.
7972.
7975.
7977.
7979.
7982.
7984.
7987.
7990.
7992.
7994.
7997.
7999.
8001.
8003.
8002.
7999.
7996.
7994.
7993.
7993.
7994.
7997.
7998.
8000.
8001.
8003.
8005.
8007.
8007.
8009.
8011.
8012.
8013.
8015.
8016.
8017.
8019.
8019.
8020.
8021.
8020.
8021.
8022.
8025.
8024.
8024.
8026.
8026.
8026.
8026.
8025.
8025.
8027.
8026.
8025.
8025.
8024.
8024.
8023.
8023.
8022.
8020.
8019.
8019.
8017.
8017.
8015.
8015.
8013.
8011.
8009.
8007.
8005.
8003.
8001.
7999.
7997.
7995.
7992.
7990.
7988.
7985.
7982.
7980.
7977.
7975.
7971.
7968.
7966.
7964.
7960.
7956.
7955.
7952.
7948.
7944.
7942.
7939.
7936.
7933.
7931.
7929.
7931.
7933.
7938.
7943.
7949.
7955.
7962.
7968.
7971.
7975.
7978.
7980.
7980.
7980.
7980.
7980.
7979.
7979.
7979.
7980.
7979.
7979.
7980.
7980.
7981.
7981.
7981.
7981.
7982.
7981.
7982.
7983.
7984.
7982.
7983.
7984.
7984.
7987.
7986.
7987.
7988.
7988.
7990.
7992.
7991.
7992.
7994.
7995.
7997.
7997.
7998.
8000.
8003.
8003.
8006.
8008.
8011.
8012.
8015.
8017.
8018.
8022.
8024.
8026.
8029.
8032.
8034.
8038.
8039.
8039.
8037.
8031.
8028.
8025.
8022.
8023.
8024.
8025.
8027.
8031.
8033.
8034.
8034.
8036.
8038.
8038.
8040.
8042.
8042.
8044.
8045.
8046.
8047.
8048.
8048.
8049.
8050.
8050.
8052.
8053.
8052.
8053.
8053.
8054.
8055.
8055.
8054.
8053.
8054.
8054.
8055.
8054.
8053.
8053.
8052.
8052.
8051.
8051.
8051.
8050.
8048.
8047.
8046.
8046.
8045.
8044.
8042.
8040.
8039.
8037.
8034.
8033.
8031.
8030.
8027.
8027.
8024.
8021.
8019.
8017.
8014.
8012.
8010.
8007.
8005.
8002.
7999.
7995.
7995.
7990.
7986.
7985.
7981.
7978.
7976.
7972.
7969.
7966.
7963.
7960.
7956.
7953.
7950.
7946.
7943.
7940.
7936.
7934.
7933.
7934.
7936.
7940.
7945.
7951.
7956.
7962.
7966.
7969.
7972.
7973.
7973.
7976.
7976.
7974.
7974.
7973.
7972.
7972.
7972.
7973.
7973.
7972.
7972.
7972.
7972.
7973.
7971.
7971.
7971.
7971.
7970.
7970.
7971.
7971.
7971.
7971.
7971.
7972.
7972.
7971.
7972.
7972.
7972.
7971.
7972.
7972.
7973.
7973.
7974.
7974.
7974.
7975.
7975.
7975.
7976.
7977.
7977.
7978.
7979.
7978.
7980.
7981.
7980.
7981.
7982.
7983.
7985.
7987.
7988.
7988.
7990.
7990.
7993.
7995.
7997.
7997.
7998.
8001.
8004.
8006.
8007.
8011.
8013.
8015.
8018.
8022.
8024.
8027.
8029.
8032.
8034.
8036.
8035.
8034.
8029.
8026.
8025.
8025.
8025.
8026.
8028.
8029.
8033.
8035.
8036.
8038.
8038.
8040.
8041.
8042.
8044.
8045.
8045.
8048.
8047.
8049.
8050.
8050.
8052.
8053.
8052.
8053.
8055.
8054.
8055.
8054.
8057.
8056.
8056.
8056.
8056.
8055.
8055.
8056.
8055.
8056.
8055.
8055.
8054.
8054.
8054.
8053.
8052.
8051.
8049.
8048.
8048.
8046.
8044.
8043.
8041.
8040.
8038.
8037.
8036.
8034.
8033.
8031.
8029.
8025.
8025.
8022.
8020.
8017.
8015.
8012.
8011.
8008.
8005.
8002.
8000.
7997.
7993.
7991.
7989.
7986.
7982.
7979.
7977.
7974.
7971.
7968.
7965.
7962.
7959.
7956.
7953.
7951.
7950.
7953.
7957.
7962.
7968.
7972.
7978.
7982.
7985.
7987.
7990.
7992.
7993.
7993.
7993.
7994.
7994.
7992.
7993.
7992.
7992.
7992.
7993.
7992.
7992.
7991.
7992.
7993.
7992.
7991.
7992.
7992.
7992.
7992.
7993.
7993.
7993.
7993.
7993.
7993.
7993.
7993.
7994.
7994.
7994.
7993.
7994.
7995.
7995.
7995.
7996.
7996.
7997.
7997.
7997.
7997.
7998.
7997.
7998.
7999.
7999.
7998.
8000.
8000.
8001.
8003.
8003.
8004.
8004.
8005.
8006.
8006.
8008.
8009.
8009.
8010.
8011.
8013.
8015.
8016.
8017.
8018.
8020.
8023.
8024.
8026.
8027.
8030.
8031.
8033.
8037.
8040.
8042.
8044.
8046.
8049.
8050.
8048.
8045.
8038.
8033.
8029.
8025.
8024.
8024.
8025.
8026.
8027.
8029.
8030.
8031.
8031.
8032.
8032.
8032.
8033.
8034.
8033.
8033.
8035.
8034.
8034.
8034.
8033.
8034.
8033.
8034.
8033.
8032.
8033.
8031.
8030.
8029.
8028.
8027.
8027.
8025.
8024.
8023.
8021.
8019.
8018.
8016.
8013.
8011.
8010.
8009.
8005.
8003.
8001.
7998.
7996.
7994.
7991.
7988.
7987.
7984.
7981.
7977.
7975.
7973.
7970.
7967.
7963.
7961.
7957.
7954.
7951.
7949.
7944.
7942.
7938.
7934.
7932.
7928.
7926.
7924.
7925.
7927.
7930.
7934.
7940.
7945.
7949.
7953.
7956.
7955.
7957.
7955.
7954.
7952.
7949.
7946.
7944.
7941.
7937.
7937.
7933.
7931.
7927.
7926.
7923.
7920.
7919.
7917.
7916.
7914.
7912.
7911.
7910.
7912.
7913.
7916.
7919.
7922.
7925.
7927.
7930.
7933.
7934.
7936.
7940.
7942.
7944.
7946.
7948.
7950.
7952.
7954.
7956.
7958.
7959.
7961.
7962.
7963.
7964.
7965.
7966.
7967.
7970.
7972.
7975.
7976.
7977.
7978.
7981.
7984.
7987.
7989.
7991.
7994.
7995.
7997.
8001.
8004.
8008.
8010.
8013.
8018.
8020.
8023.
8027.
8031.
8034.
8038.
8040.
8045.
8050.
8053.
8056.
8061.
8062.
8064.
8063.
8060.
8056.
8050.
8045.
8041.
8038.
8037.
8036.
8036.
8035.
8038.
8039.
8041.
8041.
8043.
8043.
8043.
8044.
8045.
8044.
8044.
8044.
8045.
8044.
8044.
8042.
8042.
8042.
8040.
8040.
8039.
8038.
8036.
8036.
8034.
8033.
8030.
8030.
8028.
8026.
8024.
8023.
8020.
8018.
8015.
8013.
8010.
8009.
8007.
8002.
8000.
7998.
7995.
7992.
7989.
7987.
7983.
7981.
7978.
7975.
7972.
7968.
7965.
7961.
7959.
7955.
7953.
7949.
7946.
7943.
7940.
7936.
7933.
7930.
7926.
7922.
7920.
7917.
7917.
7918.
7921.
7926.
7932.
7937.
7943.
7947.
7953.
7956.
7959.
7962.
7963.
7963.
7964.
7964.
7963.
7963.
7962.
7962.
7962.
7962.
7962.
7963.
7962.
7963.
7963.
7961.
7962.
7963.
7962.
7961.
7962.
7963.
7964.
7963.
7963.
7964.
7965.
7964.
7965.
7965.
7966.
7967.
7966.
7967.
7969.
7969.
7969.
7970.
7971.
7971.
7974.
7975.
7976.
7977.
7978.
7979.
7981.
7983.
7984.
7987.
7989.
7991.
7993.
7996.
7997.
8000.
8003.
8006.
8009.
8012.
8015.
8019.
8023.
8025.
8027.
8031.
8035.
8039.
8044.
8048.
8050.
8053.
8054.
8056.
8055.
8053.
8053.
8052.
8052.
8053.
8054.
8056.
8059.
8061.
8064.
8067.
8068.
8070.
8071.
8073.
8075.
8077.
8079.
8080.
8082.
8082.
8083.
8084.
8084.
8085.
8086.
8087.
8088.
8089.
8089.
8089.
8090.
8090.
8090.
8091.
8091.
8091.
8092.
8091.
8091.
8089.
8089.
8088.
8087.
8087.
8086.
8086.
8085.
8083.
8082.
8080.
8079.
8079.
8077.
8076.
8074.
8073.
8070.
8069.
8066.
8064.
8062.
8059.
8057.
8055.
8053.
8051.
8049.
8046.
8044.
8040.
8038.
8035.
8033.
8031.
8028.
8025.
8022.
8019.
8014.
8013.
8010.
8006.
8002.
8000.
7997.
7994.
7990.
7986.
7983.
7979.
7977.
7973.
7971.
7968.
7964.
7961.
7958.
7956.
7957.
7958.
7963.
7968.
7973.
7976.
7979.
7983.
7986.
7988.
7991.
7992.
7993.
7993.
7993.
7992.
7992.
7992.
7992.
7991.
7990.
7990.
7991.
7992.
7990.
7991.
7991.
7991.
7990.
7990.
7990.
7990.
7989.
7990.
7990.
7989.
7988.
7988.
7989.
7988.
7989.
7990.
7990.
7989.
7990.
7989.
7990.
7990.
7990.
7990.
7990.
7989.
7989.
7989.
7990.
7989.
7989.
7990.
7991.
7989.
7990.
7990.
7990.
7990.
7990.
7990.
7989.
7989.
7989.
7990.
7989.
7990.
7990.
7988.
7989.
7989.
7990.
7988.
7989.
7988.
7988.
7989.
7988.
7988.
7987.
7988.
7987.
7989.
7990.
7989.
7988.
7989.
7988.
7989.
7989.
7989.
7988.
7990.
7990.
7990.
7990.
7991.
7990.
7991.
7991.
7991.
7992.
7994.
7994.
7994.
7995.
7996.
7997.
7999.
7998.
7999.
8001.
8002.
8003.
8005.
8006.
8008.
8009.
8011.
8013.
8014.
8016.
8019.
8021.
8021.
8025.
8027.
8029.
8032.
8033.
8036.
8040.
8042.
8044.
8045.
8042.
8037.
8032.
8030.
8028.
8029.
8030.
8032.
8034.
8035.
8037.
8038.
8039.
8040.
8040.
8042.
8042.
8043.
8044.
8045.
8046.
8046.
8047.
8046.
8047.
8047.
8048.
8048.
8049.
8047.
8049.
8048.
8049.
8048.
8048.
8047.
8047.
8045.
8045.
8044.
8045.
8043.
8042.
8041.
8040.
8039.
8037.
8037.
8035.
8034.
8033.
8031.
8029.
8027.
8024.
8023.
8021.
8019.
8017.
8015.
8011.
8011.
8007.
8004.
8002.
7999.
7996.
7994.
7992.
7989.
7985.
7984.
7979.
7977.
7975.
7971.
7969.
7966.
7962.
7957.
7955.
7952.
7948.
7946.
7943.
7939.
7936.
7933.
7930.
7930.
7929.
7932.
7935.
7939.
7946.
7952.
7957.
7961.
7964.
7968.
7970.
7971.
7971.
7972.
7972.
7972.
7972.
7970.
7971.
7971.
7971.
7970.
7970.
7970.
7970.
7970.
7969.
7969.
7969.
7969.
7969.
7970.
7970.
7971.
7971.
7970.
7971.
7970.
7971.
7971.
7972.
7972.
7973.
7973.
7973.
7974.
7974.
7975.
7975.
7975.
7977.
7977.
7978.
7979.
7980.
7979.
7981.
7981.
7983.
7985.
7985.
7987.
7988.
7989.
7991.
7993.
7995.
7996.
7997.
7999.
8003.
8004.
8007.
8011.
8012.
8015.
8018.
8020.
8024.
8026.
8028.
8033.
8036.
8038.
8041.
8043.
8043.
8041.
8038.
8035.
8032.
8031.
8031.
8032.
8033.
8034.
8036.
8039.
8041.
8042.
8043.
8045.
8045.
8046.
8048.
8049.
8050.
8051.
8051.
8053.
8052.
8054.
8054.
8055.
8056.
8055.
8055.
8055.
8055.
8055.
8055.
8055.
8054.
8054.
8054.
8052.
8052.
8053.
8051.
8050.
8051.
8049.
8047.
8046.
8045.
8044.
8043.
8040.
8039.
8036.
8035.
8033.
8032.
8029.
8027.
8025.
8023.
8020.
8019.
8017.
8014.
8012.
8009.
8007.
8005.
8002.
8000.
7998.
7996.
7993.
7991.
7988.
7985.
7981.
7977.
7972.
7968.
7963.
7958.
7952.
7947.
7940.
7934.
7929.
7926.
7925.
7925.
7928.
7930.
7932.
7936.
7939.
7942.
7945.
7947.
7950.
7952.
7956.
7958.
7960.
7961.
7963.
7965.
7965.
7968.
7969.
7970.
7972.
7975.
7975.
7976.
7977.
7977.
7978.
7979.
7980.
7981.
7981.
7983.
7983.
7983.
7982.
7983.
7983.
7984.
7982.
7983.
7983.
7983.
7983.
7983.
7983.
7985.
7985.
7985.
7985.
7988.
7988.
7988.
7989.
7990.
7990.
7992.
7992.
7993.
7995.
7995.
7997.
7998.
7999.
8000.
8001.
8003.
8003.
8006.
8007.
8008.
8010.
8011.
8013.
8016.
8018.
8019.
8022.
8024.
8026.
8028.
8030.
8032.
8033.
8032.
8029.
8026.
8021.
8017.
8016.
8015.
8017.
8016.
8019.
8021.
8022.
8023.
8024.
8024.
8026.
8026.
8026.
8027.
8027.
8028.
8028.
8029.
8029.
8029.
8030.
8030.
8030.
8031.
8029.
8029.
8030.
8031.
8030.
8028.
8029.
8028.
8027.
8027.
8026.
8026.
8025.
8023.
8022.
8021.
8021.
8018.
8018.
8016.
8014.
8012.
8009.
8008.
8006.
8003.
8001.
8000.
7998.
7995.
7993.
7990.
7987.
7985.
7982.
7979.
7976.
7973.
7969.
7967.
7964.
7961.
7957.
7955.
7952.
7947.
7944.
7940.
7937.
7934.
7930.
7928.
7925.
7922.
7918.
7915.
7911.
7908.
7904.
7902.
7902.
7903.
7905.
7910.
7916.
7922.
7924.
7927.
7928.
7929.
7927.
7926.
7923.
7922.
7920.
7917.
7916.
7914.
7912.
7909.
7909.
7906.
7904.
7903.
7900.
7897.
7895.
7892.
7890.
7887.
7883.
7881.
7879.
7878.
7875.
7874.
7876.
7875.
7875.
7877.
7879.
7881.
7882.
7882.
7884.
7886.
7886.
7888.
7891.
7893.
7894.
7895.
7897.
7899.
7902.
7903.
7903.
7904.
7906.
7906.
7907.
7908.
7909.
7909.
7911.
7911.
7913.
7914.
7914.
7915.
7916.
7917.
7916.
7917.
7918.
7919.
7919.
7918.
7917.
7917.
7918.
7919.
7919.
7919.
7921.
7921.
7921.
7923.
7924.
7924.
7924.
7926.
7929.
7930.
7932.
7931.
7933.
7935.
7935.
7938.
7939.
7940.
7941.
7943.
7945.
7949.
7950.
7953.
7954.
7956.
7957.
7961.
7964.
7966.
7968.
7970.
7973.
7977.
7978.
7981.
7984.
7987.
7991.
7992.
7994.
7994.
7995.
7995.
7993.
7993.
7992.
7991.
7991.
7992.
7994.
7997.
7999.
8000.
8002.
8003.
8006.
8006.
8007.
8009.
8010.
8011.
8012.
8015.
8015.
8016.
8016.
8016.
8017.
8018.
8018.
8018.
8019.
8019.
8019.
8018.
8019.
8018.
8019.
8018.
8018.
8017.
8017.
8016.
8016.
8014.
8014.
8012.
8011.
8010.
8009.
8008.
8006.
8003.
8002.
8001.
7998.
7997.
7995.
7994.
7990.
7988.
7986.
7985.
7982.
7979.
7976.
7973.
7970.
7968.
7966.
7963.
7959.
7957.
7954.
7952.
7948.
7946.
7943.
7939.
7935.
7933.
7929.
7925.
7923.
7921.
7917.
7912.
7909.
7905.
7902.
7899.
7896.
7891.
7889.
7885.
7881.
7879.
7877.
7878.
7880.
7884.
7887.
7894.
7897.
7901.
7903.
7904.
7905.
7905.
7902.
7900.
7898.
7895.
7891.
7889.
7885.
7883.
7881.
7877.
7875.
7874.
7872.
7870.
7871.
7869.
7871.
7870.
7872.
7875.
7876.
7878.
7880.
7881.
7882.
7884.
7886.
7887.
7888.
7890.
7891.
7892.
7895.
7897.
7898.
7901.
7902.
7904.
7907.
7909.
7909.
7911.
7912.
7913.
7914.
7914.
7915.
7916.
7918.
7919.
7921.
7922.
7923.
7924.
7926.
7927.
7928.
7930.
7931.
7932.
7933.
7934.
7936.
7936.
7937.
7937.
7938.
7939.
7939.
7938.
7939.
7938.
7937.
7936.
7933.
7932.
7930.
7929.
7928.
7926.
7925.
7923.
7922.
7922.
7921.
7919.
7918.
7918.
7917.
7916.
7916.
7916.
7915.
7915.
7917.
7917.
7918.
7919.
7921.
7923.
7925.
7926.
7928.
7930.
7931.
7932.
7933.
7934.
7934.
7935.
7934.
7936.
7936.
7937.
7938.
7938.
7938.
7938.
7939.
7940.
7941.
7941.
7943.
7943.
7944.
7945.
7947.
7948.
7947.
7948.
7948.
7949.
7949.
7951.
7952.
7952.
7952.
7951.
7953.
7952.
7952.
7953.
7953.
7953.
7953.
7952.
7951.
7951.
7951.
7951.
7951.
7950.
7948.
7948.
7948.
7948.
7945.
7946.
7945.
7944.
7943.
7942.
7942.
7939.
7937.
7937.
7934.
7933.
7930.
7929.
7929.
7925.
7924.
7920.
7919.
7916.
7914.
7912.
7910.
7908.
7908.
7911.
7915.
7920.
7926.
7932.
7937.
7939.
7941.
7943.
7945.
7946.
7948.
7948.
7948.
7948.
7948.
7948.
7947.
7948.
7948.
7947.
7947.
7946.
7946.
7947.
7946.
7947.
7947.
7947.
7946.
7947.
7945.
7945.
7946.
7945.
7945.
7944.
7945.
7945.
7945.
7946.
7945.
7945.
7944.
7946.
7947.
7946.
7945.
7946.
7946.
7946.
7946.
7946.
7947.
7947.
7947.
7947.
7948.
7949.
7948.
7949.
7949.
7949.
7950.
7949.
7950.
7951.
7951.
7951.
7952.
7954.
7953.
7954.
7955.
7955.
7956.
7957.
7958.
7958.
7959.
7960.
7960.
7961.
7962.
7962.
7964.
7963.
7965.
7965.
7965.
7967.
7969.
7969.
7970.
7971.
7972.
7973.
7974.
7974.
7975.
7977.
7979.
7979.
7981.
7982.
7983.
7984.
7986.
7986.
7987.
7989.
7991.
7992.
7995.
7996.
7997.
7998.
7999.
8003.
8005.
8006.
8007.
8010.
8011.
8014.
8017.
8019.
8021.
8023.
8027.
8029.
8033.
8034.
8037.
8041.
8043.
8046.
8050.
8054.
8058.
8060.
8063.
8066.
8070.
8070.
8069.
8068.
8066.
8064.
8062.
8062.
8062.
8063.
8066.
8068.
8070.
8070.
8072.
8074.
8076.
8077.
8077.
8078.
8079.
8080.
8081.
8082.
8083.
8084.
8083.
8084.
8084.
8084.
8084.
8084.
8084.
8084.
8084.
8084.
8084.
8083.
8081.
8082.
8081.
8079.
8080.
8077.
8078.
8077.
8075.
8073.
8071.
8070.
8069.
8067.
8065.
8063.
8061.
8060.
8056.
8056.
8053.
8050.
8048.
8045.
8043.
8042.
8037.
8036.
8033.
8030.
8027.
8025.
8022.
8019.
8017.
8014.
8010.
8007.
8004.
8000.
7998.
7994.
7992.
7989.
7985.
7982.
7979.
7975.
7972.
7969.
7965.
7962.
7959.
7954.
7951.
7948.
7946.
7945.
7945.
7946.
7951.
7955.
7960.
7966.
7969.
7974.
7976.
7979.
7981.
7981.
7982.
7983.
7982.
7981.
7980.
7980.
7980.
7979.
7979.
7978.
7978.
7977.
7977.
7976.
7977.
7977.
7976.
7977.
7976.
7976.
7976.
7976.
7975.
7975.
7975.
7975.
7975.
7975.
7975.
7975.
7975.
7975.
7973.
7974.
7975.
7975.
7975.
7975.
7976.
7977.
7976.
7977.
7978.
7977.
7977.
7979.
7980.
7981.
7982.
7982.
7983.
7984.
7985.
7987.
7987.
7989.
7990.
7990.
7992.
7994.
7995.
7997.
7998.
7999.
8001.
8002.
8004.
8007.
8009.
8012.
8015.
8018.
8019.
8022.
8026.
8029.
8032.
8034.
8038.
8041.
8045.
8048.
8052.
8056.
8059.
8062.
8067.
8071.
8075.
8079.
8083.
8085.
8089.
8087.
8085.
8082.
8080.
8076.
8076.
8075.
8074.
8076.
8078.
8081.
8081.
8084.
8085.
8085.
8086.
8086.
8088.
8088.
8088.
8089.
8089.
8090.
8089.
8090.
8090.
8089.
8088.
8088.
8088.
8087.
8086.
8086.
8085.
8085.
8084.
8083.
8082.
8080.
8079.
8077.
8075.
8074.
8072.
8071.
8070.
8068.
8066.
8063.
8062.
8060.
8058.
8056.
8052.
8051.
8049.
8045.
8044.
8041.
8037.
8036.
8032.
8030.
8027.
8024.
8022.
8019.
8015.
8012.
8009.
8006.
8003.
8001.
7997.
7994.
7991.
7988.
7985.
7981.
7977.
7975.
7971.
7968.
7966.
7962.
7958.
7956.
7952.
7948.
7945.
7942.
7940.
7936.
7932.
7931.
7930.
7931.
7934.
7937.
7941.
7946.
7951.
7955.
7958.
7963.
7965.
7966.
7967.
7967.
7967.
7966.
7966.
7966.
7966.
7966.
7965.
7965.
7965.
7965.
7965.
7964.
7965.
7966.
7965.
7966.
7966.
7967.
7966.
7967.
7966.
7967.
7967.
7968.
7967.
7969.
7970.
7970.
7971.
7972.
7972.
7972.
7974.
7975.
7976.
7977.
7978.
7979.
7982.
7983.
7985.
7988.
7989.
7992.
7993.
7995.
7997.
8001.
8003.
8005.
8007.
8010.
8013.
8016.
8019.
8022.
8026.
8028.
8033.
8035.
8038.
8042.
8045.
8048.
8053.
8057.
8061.
8064.
8070.
8073.
8076.
8079.
8078.
8076.
8073.
8070.
8067.
8066.
8064.
8065.
8066.
8067.
8069.
8071.
8072.
8074.
8074.
8075.
8077.
8076.
8077.
8077.
8077.
8078.
8078.
8077.
8078.
8077.
8079.
8078.
8077.
8077.
8076.
8076.
8075.
8073.
8072.
8072.
8071.
8070.
8068.
8067.
8066.
8064.
8062.
8062.
8060.
8057.
8055.
8055.
8052.
8050.
8048.
8044.
8044.
8041.
8037.
8036.
8034.
8031.
8028.
8026.
8023.
8020.
8017.
8015.
8012.
8007.
8005.
8003.
8000.
7996.
7993.
7991.
7987.
7984.
7979.
7977.
7974.
7971.
7968.
7965.
7962.
7958.
7955.
7951.
7949.
7946.
7942.
7939.
7938.
7937.
7939.
7943.
7947.
7951.
7954.
7959.
7962.
7966.
7968.
7967.
7967.
7967.
7967.
7967.
7965.
7965.
7964.
7964.
7963.
7961.
7962.
7961.
7960.
7961.
7960.
7959.
7958.
7958.
7958.
7958.
7958.
7957.
7957.
7956.
7957.
7956.
7955.
7955.
7955.
7955.
7955.
7955.
7955.
7955.
7954.
7954.
7954.
7954.
7954.
7955.
7954.
7954.
7956.
7956.
7957.
7957.
7956.
7957.
7958.
7958.
7959.
7960.
7960.
7962.
7962.
7964.
7965.
7966.
7967.
7968.
7970.
7972.
7973.
7974.
7976.
7978.
7979.
7982.
7985.
7986.
7988.
7992.
7994.
7998.
7999.
8002.
8007.
8010.
8012.
8015.
8018.
8021.
8025.
8028.
8031.
8034.
8035.
8034.
8032.
8029.
8027.
8026.
8028.
8030.
8032.
8034.
8037.
8039.
8041.
8043.
8046.
8046.
8049.
8050.
8052.
8055.
8055.
8058.
8058.
8061.
8062.
8063.
8064.
8065.
8066.
8068.
8069.
8069.
8070.
8071.
8072.
8072.
8072.
8073.
8074.
8075.
8074.
8076.
8076.
8076.
8076.
8076.
8074.
8075.
8075.
8075.
8072.
8073.
8073.
8072.
8072.
8069.
8069.
8068.
8068.
8067.
8066.
8064.
8063.
8063.
8062.
8059.
8058.
8057.
8055.
8053.
8052.
8050.
8046.
8046.
8044.
8043.
8039.
8037.
8036.
8032.
8030.
8028.
8025.
8022.
8019.
8018.
8013.
8011.
8009.
8006.
8003.
8000.
7997.
7994.
7990.
7987.
7984.
7981.
7977.
7975.
7971.
7968.
7965.
7961.
7958.
7954.
7952.
7948.
7944.
7941.
7937.
7933.
7931.
7930.
7930.
7932.
7936.
7942.
7948.
7952.
7956.
7959.
7962.
7966.
7968.
7969.
7971.
7971.
7970.
7971.
7970.
7970.
7969.
7969.
7968.
7968.
7968.
7967.
7968.
7968.
7968.
7968.
7967.
7967.
7967.
7966.
7967.
7966.
7966.
7966.
7966.
7967.
7966.
7966.
7966.
7966.
7966.
7966.
7966.
7967.
7966.
7967.
7967.
7967.
7967.
7968.
7968.
7968.
7968.
7968.
7968.
7968.
7969.
7970.
7972.
7972.
7972.
7971.
7973.
7972.
7975.
7975.
7975.
7975.
7977.
7977.
7978.
7980.
7980.
7982.
7983.
7985.
7987.
7988.
7989.
7991.
7992.
7993.
7995.
7997.
7999.
8000.
8002.
8007.
8006.
8009.
8014.
8017.
8019.
8022.
8025.
8030.
8032.
8035.
8038.
8042.
8044.
8047.
8048.
8049.
8047.
8043.
8040.
8039.
8038.
8039.
8040.
8043.
8045.
8047.
8049.
8050.
8050.
8052.
8053.
8056.
8056.
8057.
8057.
8059.
8059.
8060.
8062.
8063.
8063.
8064.
8063.
8063.
8063.
8063.
8064.
8064.
8064.
8063.
8064.
8063.
8064.
8063.
8063.
8062.
8061.
8061.
8061.
8060.
8060.
8057.
8057.
8056.
8056.
8054.
8053.
8051.
8050.
8047.
8046.
8044.
8043.
8041.
8039.
8036.
8035.
8033.
8030.
8028.
8026.
8024.
8021.
8018.
8016.
8013.
8011.
8008.
8007.
8003.
8000.
7996.
7994.
7992.
7989.
7986.
7983.
7980.
7975.
7973.
7969.
7967.
7965.
7961.
7957.
7955.
7953.
7949.
7946.
7943.
7939.
7936.
7933.
7931.
7930.
7930.
7932.
7937.
7942.
7948.
7954.
7960.
7965.
7970.
7974.
7975.
7978.
7979.
7979.
7980.
7979.
7979.
7980.
7979.
7979.
7979.
7978.
7979.
7980.
7980.
7980.
7981.
7980.
7981.
7982.
7982.
7982.
7982.
7982.
7983.
7983.
7985.
7985.
7985.
7987.
7987.
7987.
7987.
7989.
7989.
7988.
7990.
7991.
7992.
7993.
7995.
7996.
7997.
7997.
7997.
7999.
8000.
8001.
8002.
8003.
8005.
8006.
8008.
8010.
8012.
8014.
8016.
8018.
8022.
8024.
8026.
8029.
8032.
8036.
8038.
8041.
8043.
8046.
8050.
8054.
8057.
8060.
8064.
8068.
8072.
8072.
8075.
8075.
8074.
8071.
8067.
8065.
8063.
8064.
8064.
8065.
8067.
8069.
8071.
8072.
8074.
8075.
8075.
8076.
8078.
8080.
8080.
8081.
8082.
8081.
8081.
8083.
8083.
8083.
8082.
8084.
8084.
8083.
8082.
8082.
8084.
8083.
8081.
8080.
8080.
8080.
8079.
8077.
8077.
8075.
8075.
8074.
8073.
8071.
8069.
8068.
8067.
8066.
8063.
8062.
8060.
8057.
8056.
8054.
8051.
8050.
8046.
8045.
8043.
8040.
8038.
8034.
8033.
8030.
8028.
8024.
8022.
8019.
8016.
8014.
8010.
8006.
8004.
8000.
7997.
7995.
7991.
7988.
7984.
7983.
7979.
7975.
7972.
7969.
7967.
7962.
7961.
7957.
7953.
7950.
7950.
7951.
7953.
7957.
7962.
7967.
7973.
7977.
7980.
7984.
7987.
7990.
7992.
7993.
7993.
7992.
7992.
7993.
7992.
7992.
7992.
7991.
7992.
7991.
7992.
7991.
7991.
7991.
7991.
7991.
7991.
7991.
7991.
7990.
7991.
7991.
7990.
7990.
7991.
7991.
7992.
7992.
7991.
7992.
7992.
7992.
7993.
7993.
7993.
7994.
7995.
7996.
7996.
7997.
7997.
7997.
7998.
7999.
8000.
8001.
8002.
8003.
8004.
8006.
8006.
8007.
8009.
8011.
8012.
8013.
8015.
8016.
8019.
8021.
8024.
8025.
8027.
8030.
8032.
8036.
8038.
8041.
8043.
8047.
8050.
8053.
8057.
8059.
8062.
8066.
8070.
8073.
8075.
8074.
8072.
8070.
8067.
8064.
8064.
8063.
8063.
8065.
8067.
8070.
8072.
8073.
8074.
8076.
8077.
8077.
8079.
8080.
8081.
8082.
8084.
8085.
8085.
8086.
8086.
8085.
8086.
8086.
8087.
8088.
8086.
8087.
8086.
8087.
8088.
8085.
8086.
8085.
8085.
8085.
8084.
8082.
8082.
8080.
8080.
8079.
8079.
8077.
8076.
8075.
8072.
8071.
8070.
8067.
8067.
8066.
8063.
8060.
8059.
8057.
8055.
8052.
8049.
8049.
8045.
8044.
8042.
8038.
8035.
8032.
8031.
8028.
8026.
8023.
8020.
8017.
8014.
8012.
8008.
8005.
8002.
7999.
7995.
7992.
7988.
7984.
7981.
7979.
7975.
7972.
7969.
7964.
7964.
7960.
7961.
7963.
7965.
7970.
7975.
7981.
7986.
7990.
7992.
7996.
7998.
7999.
8001.
8002.
8002.
8003.
8003.
8003.
8003.
8001.
8001.
8002.
8002.
8001.
8003.
8001.
8002.
8002.
8003.
8001.
8002.
8001.
8002.
8002.
8002.
8002.
8002.
8002.
8003.
8002.
8003.
8002.
8003.
8003.
8004.
8003.
8004.
8004.
8003.
8004.
8004.
8004.
8003.
8004.
8004.
8004.
8005.
8005.
8005.
8005.
8005.
8004.
8004.
8005.
8005.
8005.
8004.
8005.
8004.
8004.
8002.
8003.
8002.
8003.
8002.
8002.
8000.
8000.
8000.
7999.
7999.
7999.
7997.
7997.
7996.
7996.
7994.
7992.
7992.
7991.
7990.
7986.
7986.
7984.
7984.
7982.
7980.
7978.
7977.
7975.
7973.
7970.
7968.
7967.
7965.
7962.
7959.
7957.
7954.
7952.
7949.
7946.
7943.
7940.
7937.
7934.
7931.
7927.
7924.
7919.
7916.
7913.
7910.
7907.
7903.
7899.
7895.
7892.
7889.
7887.
7887.
7889.
7893.
7898.
7903.
7909.
7914.
7920.
7924.
7928.
7931.
7934.
7936.
7937.
7938.
7939.
7937.
7937.
7936.
7936.
7937.
7937.
7936.
7937.
7937.
7937.
7938.
7938.
7938.
7939.
7939.
7938.
7939.
7939.
7940.
7940.
7942.
7941.
7942.
7943.
7944.
7944.
7945.
7946.
7947.
7949.
7950.
7950.
7953.
7955.
7957.
7957.
7959.
7961.
7964.
7965.
7967.
7968.
7971.
7973.
7975.
7978.
7981.
7984.
7986.
7990.
7993.
7995.
7998.
8002.
8005.
8008.
8011.
8014.
8019.
8023.
8026.
8029.
8034.
8038.
8041.
8045.
8048.
8048.
8047.
8045.
8043.
8040.
8037.
8038.
8038.
8038.
8039.
8041.
8045.
8046.
8046.
8048.
8050.
8050.
8050.
8051.
8052.
8053.
8054.
8054.
8054.
8053.
8053.
8054.
8054.
8053.
8053.
8053.
8052.
8051.
8050.
8050.
8049.
8047.
8047.
8045.
8044.
8042.
8040.
8039.
8037.
8037.
8034.
8033.
8031.
8028.
8026.
8024.
8021.
8019.
8017.
8014.
8011.
8009.
8007.
8003.
8001.
7998.
7996.
7993.
7989.
7986.
7983.
7981.
7978.
7974.
7971.
7968.
7964.
7962.
7959.
7955.
7952.
7950.
7945.
7942.
7939.
7937.
7933.
7930.
7929.
7931.
7934.
7939.
7944.
7949.
7956.
7958.
7960.
7963.
7966.
7967.
7968.
7969.
7969.
7968.
7968.
7968.
7968.
7968.
7968.
7966.
7967.
7967.
7968.
7968.
7966.
7967.
7967.
7966.
7965.
7965.
7965.
7965.
7964.
7964.
7966.
7965.
7965.
7966.
7965.
7965.
7965.
7965.
7966.
7966.
7967.
7967.
7967.
7966.
7968.
7968.
7968.
7969.
7969.
7971.
7971.
7971.
7972.
7973.
7975.
7976.
7976.
7977.
7979.
7980.
7980.
7982.
7984.
7985.
7988.
7989.
7990.
7993.
7995.
7997.
8000.
8002.
8004.
8007.
8011.
8013.
8016.
8020.
8021.
8025.
8029.
8032.
8036.
8039.
8042.
8046.
8050.
8053.
8056.
8059.
8061.
8060.
8058.
8056.
8055.
8055.
8056.
8058.
8061.
8063.
8064.
8067.
8069.
8071.
8072.
8074.
8076.
8078.
8079.
8082.
8083.
8085.
8085.
8085.
8087.
8088.
8088.
8088.
8090.
8090.
8092.
8092.
8092.
8093.
8093.
8093.
8093.
8093.
8095.
8093.
8093.
8093.
8093.
8092.
8092.
8090.
8089.
8089.
8089.
8087.
8086.
8085.
8086.
8085.
8083.
8081.
8081.
8080.
8077.
8074.
8074.
8072.
8070.
8067.
8066.
8064.
8063.
8060.
8057.
8055.
8054.
8051.
8048.
8046.
8044.
8042.
8040.
8037.
8032.
8030.
8027.
8025.
8022.
8019.
8015.
8013.
8009.
8005.
8004.
7999.
7997.
7995.
7992.
7988.
7985.
7981.
7978.
7975.
7971.
7968.
7966.
7961.
7958.
7954.
7951.
7949.
7947.
7946.
7949.
7951.
7957.
7962.
7967.
7970.
7975.
7977.
7981.
7984.
7987.
7988.
7988.
7989.
7989.
7987.
7987.
7986.
7987.
7986.
7987.
7986.
7986.
7986.
7986.
7986.
7985.
7986.
7986.
7986.
7986.
7985.
7985.
7984.
7986.
7986.
7986.
7985.
7986.
7986.
7987.
7986.
7986.
7987.
7986.
7986.
7987.
7986.
7987.
7988.
7988.
7987.
7987.
7987.
7988.
7989.
7988.
7990.
7989.
7990.
7991.
7990.
7990.
7990.
7991.
7992.
7992.
7992.
7992.
7993.
7992.
7992.
7994.
7994.
7993.
7995.
7996.
7996.
7996.
7996.
7997.
7997.
7998.
7998.
7999.
7999.
8001.
8002.
8003.
8004.
8006.
8007.
8008.
8009.
8010.
8013.
8015.
8017.
8018.
8020.
8023.
8024.
8027.
8029.
8030.
8034.
8035.
8036.
8036.
8032.
8029.
8026.
8023.
8023.
8023.
8024.
8026.
8028.
8029.
8031.
8031.
8033.
8034.
8033.
8035.
8037.
8038.
8038.
8039.
8039.
8040.
8041.
8041.
8041.
8042.
8044.
8044.
8045.
8044.
8045.
8044.
8045.
8045.
8044.
8045.
8045.
8046.
8045.
8044.
8043.
8043.
8041.
8041.
8041.
8040.
8040.
8039.
8037.
8036.
8035.
8035.
8033.
8032.
8031.
8029.
8027.
8025.
8025.
8024.
8020.
8019.
8017.
8015.
8013.
8010.
8008.
8006.
8004.
8002.
8000.
7997.
7995.
7992.
7990.
7987.
7983.
7981.
7978.
7975.
7972.
7970.
7966.
7964.
7961.
7958.
7953.
7950.
7948.
7944.
7941.
7937.
7935.
7933.
7933.
7937.
7940.
7944.
7951.
7957.
7959.
7963.
7966.
7968.
7969.
7970.
7971.
7971.
7970.
7970.
7970.
7969.
7969.
7969.
7968.
7968.
7968.
7967.
7967.
7967.
7966.
7966.
7965.
7966.
7967.
7966.
7965.
7965.
7965.
7965.
7965.
7965.
7964.
7963.
7963.
7965.
7965.
7965.
7965.
7964.
7964.
7964.
7964.
7964.
7966.
7966.
7965.
7966.
7966.
7966.
7966.
7966.
7967.
7968.
7968.
7968.
7968.
7969.
7971.
7970.
7972.
7973.
7973.
7974.
7974.
7976.
7977.
7980.
7980.
7981.
7982.
7984.
7986.
7988.
7990.
7992.
7993.
7995.
7998.
8001.
8003.
8006.
8009.
8012.
8014.
8017.
8021.
8025.
8027.
8031.
8033.
8035.
8036.
8035.
8032.
8028.
8025.
8021.
8020.
8020.
8021.
8023.
8024.
8026.
8028.
8030.
8030.
8032.
8033.
8034.
8035.
8035.
8036.
8037.
8039.
8039.
8040.
8039.
8040.
8040.
8041.
8040.
8040.
8040.
8039.
8039.
8040.
8038.
8038.
8037.
8037.
8036.
8034.
8034.
8033.
8032.
8031.
8030.
8029.
8027.
8025.
8025.
8024.
8022.
8019.
8017.
8015.
8012.
8011.
8008.
8006.
8005.
8001.
7999.
7996.
7995.
7993.
7990.
7987.
7984.
7981.
7979.
7975.
7973.
7970.
7967.
7964.
7961.
7958.
7956.
7952.
7949.
7945.
7942.
7942.
7943.
7946.
7948.
7953.
7957.
7961.
7965.
7970.
7973.
7975.
7978.
7980.
7982.
7984.
7983.
7985.
7983.
7982.
7983.
7983.
7982.
7981.
7981.
7981.
7980.
7981.
7981.
7981.
7982.
7981.
7981.
7982.
7981.
7982.
7981.
7981.
7981.
7982.
7982.
7983.
7983.
7983.
7984.
7984.
7984.
7984.
7985.
7986.
7987.
7985.
7986.
7988.
7987.
7987.
7989.
7989.
7990.
7991.
7992.
7993.
7994.
7993.
7995.
7997.
7997.
7997.
7999.
8001.
8002.
8004.
8006.
8007.
8009.
8010.
8012.
8013.
8016.
8018.
8020.
8023.
8026.
8028.
8030.
8033.
8035.
8038.
8042.
8044.
8048.
8051.
8054.
8056.
8061.
8064.
8068.
8070.
8069.
8068.
8063.
8060.
8056.
8056.
8056.
8058.
8059.
8063.
8064.
8066.
8068.
8070.
8070.
8071.
8074.
8074.
8074.
8076.
8078.
8079.
8079.
8079.
8081.
8081.
8082.
8083.
8083.
8083.
8083.
8085.
8085.
8086.
8086.
8086.
8085.
8086.
8086.
8085.
8085.
8085.
8085.
8085.
8084.
8084.
8084.
8084.
8083.
8082.
8081.
8080.
8081.
8079.
8080.
8080.
8078.
8077.
8076.
8075.
8074.
8073.
8072.
8072.
8071.
8069.
8067.
8066.
8065.
8065.
8064.
8061.
8060.