8583.
8581.
8578.
8577.
8576.
8574.
8572.
8570.
8567.
8564.
8562.
8559.
8557.
8555.
8551.
8548.
8545.
8542.
8540.
8537.
8533.
8529.
8526.
8523.
8520.
8516.
8512.
8509.
8505.
8501.
8496.
8492.
8488.
8484.
8479.
8477.
8473.
8468.
8462.
8457.
8454.
8451.
8446.
8441.
8436.
8432.
8428.
8424.
8420.
8416.
8410.
8408.
8402.
8397.
8394.
8390.
8386.
8383.
8379.
8375.
8371.
8368.
8363.
8357.
8354.
8351.
8347.
8344.
8341.
8338.
8334.
8332.
8331.
8332.
8337.
8345.
8357.
8367.
8379.
8390.
8404.
8416.
8427.
8439.
8449.
8458.
8467.
8472.
8477.
8483.
8485.
8489.
8491.
8492.
8494.
8493.
8494.
8493.
8493.
8492.
8492.
8491.
8491.
8491.
8490.
8490.
8490.
8489.
8487.
8486.
8487.
8486.
8485.
8484.
8484.
8483.
8482.
8481.
8481.
8480.
8480.
8479.
8478.
8478.
8478.
8478.
8477.
8477.
8476.
8475.
8474.
8473.
8473.
8473.
8474.
8472.
8471.
8470.
8469.
8468.
8467.
8465.
8463.
8462.
8462.
8460.
8457.
8456.
8454.
8452.
8450.
8448.
8445.
8443.
8440.
8438.
8435.
8432.
8430.
8426.
8423.
8420.
8417.
8413.
8411.
8407.
8403.
8399.
8395.
8392.
8388.
8383.
8379.
8377.
8373.
8369.
8364.
8361.
8356.
8352.
8349.
8344.
8340.
8335.
8330.
8326.
8321.
8317.
8311.
8308.
8301.
8295.
8291.
8287.
8284.
8278.
8272.
8267.
8260.
8256.
8252.
8246.
8241.
8237.
8232.
8227.
8222.
8217.
8213.
8210.
8204.
8200.
8196.
8193.
8189.
8188.
8188.
8194.
8203.
8216.
8231.
8246.
8262.
8280.
8296.
8312.
8329.
8345.
8359.
8373.
8387.
8402.
8415.
8428.
8438.
8447.
8454.
8459.
8462.
8463.
8463.
8462.
8462.
8461.
8459.
8457.
8455.
8453.
8453.
8451.
8450.
8449.
8447.
8446.
8446.
8444.
8443.
8442.
8442.
8441.
8441.
8439.
8440.
8439.
8439.
8439.
8438.
8438.
8438.
8438.
8439.
8439.
8439.
8440.
8441.
8441.
8441.
8440.
8442.
8443.
8443.
8442.
8444.
8444.
8445.
8447.
8446.
8447.
8448.
8449.
8451.
8452.
8452.
8453.
8454.
8454.
8454.
8456.
8458.
8457.
8457.
8459.
8460.
8460.
8460.
8460.
8461.
8463.
8463.
8464.
8465.
8465.
8466.
8467.
8467.
8467.
8468.
8467.
8468.
8469.
8469.
8469.
8469.
8469.
8470.
8470.
8469.
8469.
8470.
8469.
8469.
8468.
8467.
8465.
8466.
8465.
8464.
8462.
8462.
8461.
8458.
8458.
8456.
8454.
8454.
8450.
8449.
8447.
8445.
8442.
8439.
8436.
8434.
8431.
8430.
8426.
8422.
8420.
8416.
8412.
8408.
8404.
8400.
8398.
8394.
8390.
8386.
8382.
8378.
8375.
8370.
8365.
8361.
8357.
8353.
8350.
8345.
8340.
8335.
8330.
8328.
8322.
8317.
8314.
8309.
8305.
8301.
8295.
8291.
8287.
8282.
8279.
8275.
8272.
8268.
8267.
8268.
8270.
8278.
8289.
8301.
8315.
8330.
8345.
8359.
8373.
8386.
8398.
8409.
8420.
8429.
8439.
8445.
8453.
8460.
8463.
8467.
8470.
8472.
8471.
8472.
8471.
8469.
8468.
8468.
8467.
8467.
8465.
8463.
8464.
8462.
8461.
8460.
8460.
8458.
8457.
8455.
8454.
8455.
8454.
8452.
8451.
8450.
8449.
8450.
8449.
8448.
8449.
8449.
8448.
8447.
8447.
8445.
8446.
8445.
8445.
8444.
8445.
8443.
8444.
8443.
8443.
8443.
8442.
8441.
8440.
8439.
8439.
8438.
8438.
8437.
8436.
8434.
8433.
8432.
8430.
8430.
8428.
8427.
8425.
8423.
8421.
8419.
8416.
8416.
8412.
8411.
8408.
8407.
8405.
8402.
8399.
8397.
8393.
8391.
8388.
8385.
8383.
8380.
8379.
8374.
8372.
8369.
8365.
8362.
8357.
8355.
8352.
8348.
8343.
8341.
8337.
8333.
8330.
8326.
8323.
8319.
8315.
8311.
8307.
8304.
8301.
8295.
8293.
8288.
8286.
8282.
8278.
8274.
8270.
8267.
8263.
8260.
8256.
8253.
8250.
8246.
8243.
8241.
8241.
8246.
8253.
8263.
8277.
8292.
8306.
8321.
8334.
8349.
8362.
8374.
8386.
8398.
8408.
8420.
8432.
8442.
8452.
8460.
8467.
8470.
8472.
8473.
8473.
8473.
8473.
8472.
8472.
8471.
8470.
8469.
8467.
8466.
8465.
8464.
8463.
8463.
8463.
8462.
8462.
8461.
8460.
8461.
8460.
8460.
8459.
8460.
8459.
8459.
8459.
8459.
8460.
8460.
8461.
8462.
8462.
8462.
8462.
8463.
8463.
8464.
8466.
8466.
8467.
8468.
8469.
8470.
8472.
8473.
8474.
8476.
8477.
8479.
8479.
8481.
8482.
8484.
8485.
8488.
8489.
8491.
8492.
8495.
8495.
8496.
8496.
8497.
8498.
8497.
8494.
8487.
8479.
8469.
8459.
8451.
8445.
8442.
8442.
8443.
8446.
8450.
8453.
8456.
8457.
8459.
8460.
8462.
8463.
8463.
8466.
8467.
8467.
8468.
8469.
8469.
8469.
8470.
8469.
8469.
8470.
8470.
8471.
8471.
8472.
8471.
8473.
8472.
8471.
8471.
8471.
8470.
8472.
8472.
8471.
8471.
8470.
8470.
8470.
8471.
8469.
8469.
8470.
8469.
8468.
8468.
8468.
8468.
8468.
8467.
8467.
8464.
8464.
8464.
8463.
8461.
8461.
8459.
8458.
8457.
8456.
8455.
8455.
8454.
8452.
8449.
8448.
8447.
8446.
8444.
8443.
8441.
8438.
8437.
8435.
8433.
8430.
8428.
8426.
8425.
8421.
8418.
8416.
8414.
8412.
8409.
8407.
8405.
8401.
8399.
8395.
8394.
8390.
8387.
8383.
8381.
8380.
8376.
8373.
8370.
8367.
8363.
8361.
8358.
8354.
8350.
8348.
8344.
8342.
8338.
8336.
8334.
8329.
8326.
8324.
8322.
8318.
8317.
8312.
8310.
8305.
8303.
8300.
8297.
8295.
8294.
8293.
8296.
8301.
8310.
8322.
8335.
8348.
8362.
8377.
8393.
8406.
8418.
8428.
8439.
8450.
8459.
8469.
8480.
8489.
8497.
8503.
8509.
8511.
8513.
8514.
8515.
8512.
8511.
8510.
8508.
8507.
8508.
8506.
8505.
8503.
8502.
8501.
8499.
8499.
8498.
8496.
8496.
8495.
8494.
8494.
8494.
8493.
8492.
8492.
8491.
8490.
8490.
8489.
8490.
8489.
8489.
8489.
8490.
8489.
8489.
8489.
8489.
8488.
8488.
8490.
8488.
8489.
8490.
8490.
8490.
8490.
8489.
8491.
8490.
8490.
8490.
8490.
8490.
8490.
8490.
8490.
8489.
8488.
8488.
8489.
8488.
8486.
8486.
8485.
8485.
8484.
8483.
8482.
8481.
8481.
8480.
8478.
8476.
8475.
8473.
8472.
8470.
8469.
8467.
8466.
8463.
8460.
8459.
8456.
8453.
8450.
8449.
8445.
8442.
8439.
8436.
8434.
8431.
8427.
8423.
8420.
8417.
8413.
8409.
8407.
8401.
8398.
8394.
8389.
8385.
8382.
8377.
8373.
8368.
8363.
8359.
8354.
8349.
8344.
8341.
8336.
8331.
8325.
8321.
8317.
8312.
8307.
8303.
8297.
8293.
8289.
8285.
8280.
8276.
8271.
8267.
8263.
8259.
8255.
8250.
8246.
8243.
8241.
8243.
8249.
8258.
8270.
8283.
8297.
8312.
8328.
8343.
8357.
8371.
8384.
8397.
8409.
8421.
8433.
8444.
8456.
8465.
8472.
8478.
8482.
8486.
8488.
8488.
8488.
8487.
8486.
8485.
8484.
8482.
8480.
8479.
8478.
8477.
8475.
8474.
8473.
8472.
8472.
8471.
8470.
8470.
8469.
8468.
8467.
8468.
8467.
8466.
8466.
8467.
8465.
8466.
8464.
8465.
8464.
8464.
8465.
8464.
8465.
8465.
8463.
8464.
8462.
8463.
8463.
8463.
8463.
8463.
8462.
8461.
8461.
8460.
8461.
8460.
8460.
8459.
8458.
8457.
8456.
8455.
8455.
8454.
8452.
8452.
8451.
8449.
8448.
8446.
8446.
8444.
8442.
8440.
8439.
8436.
8433.
8431.
8430.
8428.
8426.
8424.
8421.
8419.
8415.
8411.
8411.
8407.
8406.
8401.
8398.
8398.
8392.
8390.
8387.
8384.
8380.
8377.
8373.
8370.
8367.
8363.
8360.
8356.
8352.
8349.
8345.
8341.
8338.
8334.
8330.
8326.
8321.
8317.
8314.
8311.
8307.
8302.
8298.
8294.
8290.
8287.
8283.
8280.
8276.
8272.
8268.
8265.
8262.
8261.
8260.
8264.
8271.
8281.
8291.
8304.
8320.
8335.
8349.
8363.
8378.
8393.
8405.
8415.
8427.
8438.
8447.
8453.
8461.
8465.
8469.
8471.
8472.
8471.
8473.
8474.
8472.
8473.
8471.
8471.
8470.
8470.
8468.
8468.
8467.
8468.
8467.
8467.
8465.
8465.
8465.
8466.
8465.
8466.
8465.
8466.
8467.
8466.
8468.
8469.
8469.
8469.
8472.
8474.
8474.
8475.
8476.
8479.
8479.
8481.
8483.
8485.
8486.
8488.
8489.
8493.
8494.
8494.
8497.
8499.
8499.
8500.
8499.
8498.
8493.
8487.
8479.
8470.
8460.
8451.
8446.
8444.
8444.
8446.
8450.
8452.
8455.
8458.
8460.
8462.
8462.
8463.
8467.
8467.
8469.
8470.
8473.
8473.
8473.
8473.
8473.
8475.
8475.
8475.
8476.
8477.
8476.
8478.
8478.
8479.
8479.
8480.
8480.
8481.
8480.
8479.
8480.
8481.
8480.
8481.
8479.
8480.
8480.
8480.
8478.
8479.
8478.
8477.
8476.
8476.
8476.
8474.
8473.
8474.
8473.
8472.
8470.
8470.
8468.
8468.
8467.
8466.
8466.