7750.
7748.
7745.
7743.
7740.
7737.
7735.
7731.
7728.
7725.
7722.
7718.
7716.
7713.
7709.
7706.
7703.
7700.
7695.
7692.
7690.
7686.
7682.
7681.
7678.
7678.
7680.
7685.
7689.
7695.
7700.
7704.
7711.
7718.
7722.
7725.
7727.
7728.
7728.
7728.
7728.
7727.
7727.
7725.
7725.
7725.
7725.
7725.
7724.
7724.
7723.
7723.
7722.
7722.
7722.
7722.
7721.
7721.
7720.
7719.
7719.
7719.
7719.
7719.
7718.
7719.
7719.
7718.
7720.
7718.
7718.
7719.
7719.
7720.
7722.
7721.
7722.
7724.
7726.
7726.
7726.
7728.
7729.
7730.
7733.
7734.
7735.
7736.
7739.
7741.
7743.
7745.
7748.
7750.
7752.
7754.
7758.
7760.
7763.
7765.
7769.
7772.
7775.
7778.
7781.
7784.
7789.
7791.
7796.
7801.
7804.
7808.
7811.
7815.
7817.
7817.
7817.
7814.
7809.
7803.
7798.
7794.
7793.
7795.
7797.
7800.
7802.
7805.
7806.
7808.
7808.
7809.
7810.
7812.
7811.
7811.
7811.
7812.
7810.
7810.
7809.
7808.
7809.
7809.
7807.
7806.
7806.
7803.
7802.
7802.
7800.
7799.
7796.
7796.
7793.
7792.
7790.
7787.
7785.
7783.
7780.
7779.
7776.
7774.
7771.
7768.
7765.
7763.
7760.
7756.
7755.
7752.
7748.
7745.
7741.
7739.
7736.
7732.
7729.
7725.
7723.
7720.
7716.
7713.
7709.
7707.
7704.
7699.
7697.
7695.
7695.
7696.
7701.
7706.
7714.
7722.
7730.
7736.
7740.
7742.
7746.
7747.
7749.
7749.
7751.
7749.
7749.
7748.
7747.
7748.
7748.
7748.
7747.
7747.
7745.
7746.
7744.
7744.
7744.
7744.
7742.
7742.
7741.
7741.
7740.
7739.
7738.
7738.
7737.
7736.
7735.
7734.
7734.
7733.
7734.
7732.
7732.
7732.
7731.
7730.
7729.
7727.
7727.
7727.
7726.
7724.
7725.
7724.
7722.
7720.
7719.
7718.
7717.
7714.
7714.
7712.
7711.
7708.
7708.
7706.
7704.
7701.
7699.
7696.
7695.
7692.
7689.
7686.
7683.
7680.
7677.
7674.
7671.
7668.
7665.
7661.
7657.
7654.
7651.
7648.
7643.
7640.
7637.
7636.
7634.
7636.
7642.
7650.
7658.
7667.
7676.
7683.
7688.
7692.
7694.
7695.
7696.
7697.
7696.
7694.
7695.
7693.
7693.
7692.
7693.
7693.
7692.
7691.
7691.
7691.
7691.
7689.
7690.
7691.
7690.
7690.
7690.
7689.
7690.
7689.
7688.
7689.
7690.
7689.
7690.
7690.
7691.
7690.
7691.
7693.
7694.
7694.
7696.
7697.
7699.
7700.
7701.
7703.
7705.
7706.
7709.
7710.
7713.
7714.
7716.
7719.
7721.
7724.
7727.
7729.
7732.
7735.
7737.
7741.
7743.
7747.
7750.
7753.
7758.
7761.
7765.
7767.
7768.
7769.
7766.
7762.
7757.
7753.
7751.
7753.
7753.
7756.
7759.
7762.
7764.
7766.
7767.
7770.
7771.
7772.
7774.
7776.
7777.
7778.
7778.
7779.
7779.
7780.
7781.
7782.
7781.
7783.
7784.
7784.
7784.
7784.
7784.
7785.
7784.
7783.
7784.
7785.
7782.
7782.
7782.
7781.
7780.
7779.
7779.
7777.
7777.
7775.
7774.
7771.
7769.
7768.
7767.
7766.
7764.
7762.
7759.
7757.
7756.
7754.
7752.
7749.
7747.
7744.
7740.
7738.
7735.
7733.
7730.
7727.
7724.
7721.
7719.
7715.
7711.
7708.
7704.
7704.
7699.
7697.
7693.
7689.
7686.
7683.
7680.
7677.
7674.
7672.
7673.
7675.
7680.
7688.
7696.
7703.
7711.
7717.
7722.
7726.
7729.
7732.
7733.
7732.
7731.
7731.
7731.
7730.
7731.
7730.
7730.
7730.
7728.
7728.
7727.
7727.
7727.
7726.
7726.
7725.
7725.
7725.
7724.
7724.
7723.
7723.
7724.
7723.
7722.
7722.
7722.
7722.
7722.
7723.
7723.
7723.
7723.
7723.
7723.
7724.
7723.
7725.
7726.
7725.
7725.
7726.
7726.
7727.
7729.
7729.
7730.
7732.
7733.
7733.
7735.
7735.
7738.
7739.
7740.
7740.
7743.
7745.
7746.
7748.
7751.
7752.
7755.
7757.
7761.
7762.
7765.
7768.
7770.
7772.
7776.
7778.
7782.
7785.
7788.
7790.
7793.
7794.
7795.
7793.
7791.
7789.
7787.
7786.
7787.
7789.
7792.
7796.
7798.
7800.
7802.
7804.
7806.
7808.
7810.
7812.
7815.
7816.
7819.
7820.
7821.
7822.
7824.
7826.
7826.
7828.
7829.
7830.
7832.
7833.
7833.
7835.
7837.
7838.
7838.
7838.
7840.
7841.
7842.
7842.
7844.
7844.
7844.
7845.
7845.
7844.
7846.
7844.
7845.
7844.
7846.
7847.
7846.
7844.
7845.
7845.
7843.
7844.
7843.
7842.
7841.
7840.
7840.
7839.
7838.
7837.
7836.
7834.
7833.
7832.
7831.
7830.
7829.
7826.
7826.
7824.
7820.
7820.
7817.
7815.
7814.
7812.
7810.
7806.
7803.
7802.
7799.
7796.
7795.
7791.
7788.
7787.
7784.
7781.
7778.
7774.
7771.
7769.
7766.
7763.
7761.
7757.
7752.
7749.
7747.
7743.
7739.
7735.
7733.
7731.
7727.
7723.
7721.
7716.
7713.
7710.
7707.
7703.
7700.
7698.
7694.
7691.
7687.
7684.
7681.
7677.
7674.
7673.
7669.
7668.
7669.
7673.
7678.
7687.
7695.
7703.
7709.
7715.
7720.
7725.
7727.
7729.
7731.
7731.
7732.
7729.
7730.
7730.
7730.
7730.
7730.
7731.
7732.
7730.
7729.
7730.
7730.
7731.
7730.
7730.
7731.
7730.
7731.
7731.
7730.
7731.
7730.
7731.
7732.
7731.
7731.
7733.
7733.
7733.
7734.
7734.
7735.
7736.
7737.
7738.
7739.
7740.
7741.
7743.
7745.
7745.
7748.
7750.
7752.
7755.
7756.
7758.
7762.
7763.
7766.
7768.
7771.
7773.
7777.
7779.
7781.
7785.
7788.
7790.
7793.
7793.
7791.
7787.
7783.
7777.
7772.
7768.
7769.
7770.
7771.
7774.
7776.
7779.
7780.
7781.
7782.
7783.
7784.
7786.
7786.
7786.
7786.
7787.
7788.
7787.
7788.
7788.
7788.
7788.
7788.
7786.
7787.
7786.
7786.
7785.
7784.
7784.
7783.
7782.
7781.
7780.
7780.
7778.
7777.
7775.
7772.
7771.
7769.
7768.
7767.
7764.
7763.
7760.
7758.
7756.
7754.
7752.
7749.
7747.
7744.
7742.
7738.
7736.
7734.
7730.
7728.
7726.
7723.
7720.
7716.
7713.
7709.
7707.
7705.
7703.
7700.
7696.
7693.
7688.
7687.
7684.
7681.
7677.
7674.
7674.
7675.
7679.
7685.
7692.
7699.
7707.
7716.
7724.
7727.
7731.
7733.
7736.
7736.
7736.
7736.
7735.
7736.
7736.
7735.
7736.
7736.
7736.
7736.
7736.
7735.
7735.
7735.
7734.
7734.
7735.
7734.
7734.
7734.
7734.
7734.
7734.
7736.
7736.
7736.
7736.
7736.
7738.
7739.
7738.
7740.
7740.
7741.
7741.
7742.
7743.
7744.
7745.
7747.
7748.
7750.
7751.
7752.
7755.
7757.
7757.
7758.
7762.
7763.
7765.
7767.
7769.
7772.
7774.
7777.
7780.
7783.
7785.
7787.
7790.
7792.
7796.
7799.
7802.
7806.
7807.
7806.
7806.
7803.
7798.
7792.
7787.
7784.
7782.
7783.
7785.
7787.
7788.
7792.
7794.
7793.
7794.
7796.
7796.
7797.
7799.
7799.
7799.
7800.
7799.
7799.
7801.
7801.
7800.
7800.
7800.
7800.
7800.
7800.
7800.
7800.
7797.
7797.
7795.
7796.
7795.
7794.
7793.
7792.
7790.
7790.
7789.
7787.
7786.
7784.
7783.
7781.
7780.
7778.
7776.
7774.
7771.
7771.
7767.
7766.
7763.
7762.
7759.
7756.
7754.
7751.
7749.
7748.
7745.
7741.
7738.
7737.
7734.
7732.
7729.
7727.
7722.
7719.
7718.
7714.
7710.
7708.
7705.
7703.
7699.
7696.
7694.
7689.
7686.
7683.
7680.
7676.
7674.
7674.
7675.
7678.
7684.
7692.
7700.
7705.
7710.
7717.
7720.
7724.
7727.
7727.
7727.
7727.
7728.
7728.
7728.
7727.
7727.
7726.
7725.
7724.
7724.
7723.
7724.
7722.
7723.
7721.
7722.
7721.
7721.
7720.
7719.
7721.
7721.
7719.
7720.
7719.
7720.
7720.
7719.
7720.
7721.
7720.
7720.
7720.
7720.
7720.
7720.
7721.
7721.
7721.
7722.
7722.
7722.
7723.
7725.
7725.
7727.
7727.
7729.
7729.
7731.
7731.
7733.
7733.
7735.
7736.
7738.
7739.
7741.
7742.
7743.
7746.
7748.
7750.
7753.
7755.
7757.
7758.
7762.
7764.
7766.
7768.
7771.
7774.
7776.
7778.
7782.
7784.
7785.
7783.
7781.
7778.
7775.
7776.
7777.
7779.
7781.
7783.
7786.
7789.
7791.
7792.
7794.
7795.
7796.
7797.
7801.
7802.
7804.
7804.
7807.
7808.
7809.
7810.
7812.
7814.
7815.
7816.
7817.
7818.
7818.
7820.
7821.
7822.
7821.
7823.
7823.
7824.
7825.
7825.
7825.
7827.
7826.
7827.
7827.
7829.
7827.
7827.
7828.
7828.
7827.
7828.
7828.
7828.
7827.
7827.
7826.
7826.
7825.
7824.
7824.
7823.
7822.
7822.
7821.
7821.
7819.
7817.
7817.
7816.
7813.
7813.
7811.
7810.
7807.
7805.
7804.
7803.
7800.
7798.
7797.
7795.
7792.
7791.
7788.
7786.
7783.
7781.
7777.
7775.
7772.
7770.
7767.
7764.
7761.
7758.
7754.
7753.
7748.
7745.
7742.
7740.
7737.
7732.
7728.
7725.
7723.
7718.
7715.
7713.
7708.
7705.
7703.
7700.
7696.
7692.
7689.
7686.
7685.
7686.
7689.
7696.
7701.
7709.
7714.
7720.
7727.
7731.
7737.
7739.
7741.
7743.
7744.
7743.
7745.
7745.
7746.
7745.
7743.
7745.
7744.
7744.
7744.
7743.
7743.
7742.
7743.
7744.
7742.
7741.
7742.
7742.
7741.
7742.
7742.
7742.
7741.
7742.
7743.
7741.
7742.
7742.
7743.
7743.
7744.
7745.
7745.
7746.
7746.
7747.
7747.
7747.
7749.
7749.
7751.
7751.
7752.
7753.
7754.
7755.
7756.
7758.
7759.
7760.
7761.
7763.
7765.
7767.
7769.
7770.
7773.
7775.
7777.
7780.
7783.
7784.
7787.
7790.
7792.
7795.
7796.
7796.
7795.
7791.
7786.
7782.
7776.
7773.
7772.
7772.
7773.
7775.
7776.
7777.
7778.
7780.
7781.
7781.
7783.
7784.
7784.
7783.
7784.
7784.
7784.
7785.
7784.
7784.
7783.
7783.
7783.
7783.
7783.
7781.
7781.
7781.
7779.
7778.
7778.
7777.
7775.
7774.
7774.
7771.
7770.
7769.
7767.
7766.
7763.
7762.
7759.
7757.
7755.
7753.
7751.
7748.
7747.
7744.
7740.
7737.
7735.
7732.
7729.
7728.
7725.
7722.
7719.
7716.
7713.
7710.
7707.
7704.
7702.
7698.
7695.
7692.
7690.
7686.
7682.
7679.
7677.
7674.
7671.
7668.
7663.
7661.
7658.
7655.
7650.
7649.
7649.
7653.
7659.
7667.
7675.
7683.
7691.
7698.
7702.
7707.
7709.
7712.
7714.
7714.
7713.
7713.
7713.
7713.
7712.
7712.
7712.
7712.
7712.
7711.
7710.
7711.
7711.
7710.
7710.
7710.
7710.
7711.
7711.
7711.
7711.
7711.
7711.
7709.
7711.
7712.
7712.
7713.
7714.
7715.
7716.
7716.
7717.
7718.
7720.
7721.
7723.
7725.
7726.
7728.
7730.
7732.
7733.
7735.
7737.
7740.
7742.
7745.
7748.
7751.
7753.
7756.
7759.
7763.
7765.
7767.
7771.
7774.
7778.
7781.
7784.
7790.
7791.
7793.
7793.
7793.
7790.
7785.
7780.
7776.
7774.
7773.
7775.
7777.
7779.
7781.
7783.
7785.
7787.
7788.
7789.
7791.
7791.
7791.
7793.
7793.
7793.
7793.
7794.
7794.
7793.
7794.
7794.
7793.
7793.
7792.
7792.
7792.
7790.
7790.
7789.
7787.
7786.
7786.
7785.
7782.
7782.
7781.
7780.
7778.
7777.
7774.
7772.
7770.
7769.
7766.
7764.
7763.
7760.
7756.
7755.
7752.
7751.
7748.
7745.
7742.
7739.
7737.
7735.
7732.
7730.
7726.
7723.
7719.
7716.
7714.
7712.
7709.
7706.
7702.
7700.
7696.
7693.
7689.
7686.
7683.
7681.
7677.
7675.
7674.
7674.
7678.
7682.
7687.
7694.
7703.
7709.
7714.
7717.
7722.
7725.
7727.
7728.
7729.
7729.
7728.
7728.
7728.
7728.
7727.
7727.
7726.
7725.
7727.
7725.
7724.
7724.
7724.
7724.
7724.
7724.
7723.
7723.
7722.
7721.
7723.
7722.
7722.
7722.
7722.
7722.
7722.
7721.
7721.
7722.
7723.
7722.
7723.
7723.
7723.
7724.
7724.
7725.
7727.
7728.
7729.
7729.
7730.
7732.
7733.
7734.
7735.
7738.
7739.
7740.
7742.
7744.
7746.
7747.
7750.
7751.
7754.
7756.
7759.
7762.
7764.
7765.
7768.
7771.
7775.
7777.
7779.
7783.
7785.
7785.
7785.
7781.
7778.
7774.
7772.
7769.
7769.
7771.
7773.
7774.
7777.
7780.
7782.
7782.
7784.
7786.
7787.
7789.
7788.
7790.
7791.
7791.
7792.
7792.
7793.
7794.
7793.
7794.
7794.
7795.
7795.
7796.
7795.
7796.
7797.
7795.
7796.
7796.
7797.
7796.
7796.
7796.
7795.
7794.
7794.
7794.
7794.
7793.
7791.
7790.
7789.
7789.
7787.
7787.
7787.
7787.
7784.
7783.
7781.
7780.
7779.
7778.
7775.
7774.
7773.
7771.
7769.
7767.
7764.
7763.
7762.
7760.
7756.
7754.
7753.
7750.
7747.
7745.
7743.
7740.
7736.
7734.
7732.
7729.
7725.
7723.
7720.
7717.
7713.
7710.
7708.
7705.
7702.
7699.
7696.
7693.
7690.
7688.
7684.
7683.
7684.
7686.
7692.
7697.
7703.
7707.
7714.
7720.
7724.
7729.
7731.
7733.
7735.
7735.
7736.
7737.
7737.
7736.
7736.
7736.
7737.
7736.
7736.
7735.
7736.
7735.
7735.
7735.
7735.
7735.
7734.
7734.
7734.
7734.
7734.
7733.
7733.
7732.
7733.
7732.
7732.
7733.
7733.
7733.
7733.
7733.
7733.
7733.
7733.
7733.
7733.
7733.
7733.
7734.
7733.
7734.
7734.
7734.
7734.
7735.
7734.
7735.
7736.
7735.
7737.
7737.
7737.
7739.
7737.
7739.
7738.
7738.
7739.
7740.
7740.
7741.
7740.
7741.
7741.
7742.
7742.
7741.
7743.
7742.
7743.
7743.
7743.
7743.
7744.
7744.
7744.
7743.
7744.
7745.
7745.
7745.
7745.
7745.
7745.
7745.
7745.
7744.
7745.
7745.
7746.
7746.
7747.
7747.
7747.
7748.
7747.
7748.
7748.
7750.
7750.
7751.
7751.
7751.
7753.
7752.
7753.
7753.
7751.
7746.
7743.
7738.
7735.
7733.
7733.
7733.
7734.
7733.
7733.
7734.
7734.
7733.
7733.
7734.
7733.
7733.
7733.
7733.
7733.
7732.
7731.
7731.
7731.
7730.
7730.
7728.
7728.
7727.
7726.
7726.
7726.
7725.
7724.
7722.
7721.
7719.
7718.
7718.
7715.
7714.
7712.
7711.
7710.
7708.
7705.
7704.
7701.
7698.
7697.
7695.
7692.
7690.
7687.
7685.
7682.
7679.
7678.
7676.
7678.
7683.
7687.
7693.
7701.
7708.
7715.
7719.
7725.
7729.
7732.
7736.
7740.
7741.
7742.
7741.
7742.
7742.
7742.
7742.
7739.
7741.
7743.
7744.
7742.
7743.
7743.
7742.
7743.
7742.
7743.
7743.
7744.
7743.
7743.
7743.
7745.
7744.
7744.
7744.
7744.
7745.
7746.
7747.
7748.
7749.
7749.
7750.
7751.
7752.
7754.
7756.
7757.
7758.
7759.
7760.
7762.
7763.
7765.
7767.
7768.
7772.
7773.
7775.
7778.
7780.
7783.
7786.
7789.
7789.
7789.
7789.
7785.
7780.
7776.
7770.
7768.
7766.
7767.
7769.
7771.
7771.
7774.
7777.
7778.
7779.
7780.
7782.
7782.
7783.
7783.
7785.
7785.
7785.
7786.
7786.
7787.
7787.
7788.
7788.
7788.
7789.
7789.
7788.
7788.
7789.
7789.
7788.
7789.
7788.
7787.
7786.
7787.
7786.
7786.
7786.
7785.
7784.
7783.
7782.
7782.
7781.
7780.
7779.
7778.
7778.
7776.
7774.
7773.
7771.
7769.
7768.
7767.
7764.
7764.
7762.
7760.
7758.
7756.
7752.
7752.
7749.
7746.
7745.
7741.
7737.
7735.
7733.
7730.
7728.
7724.
7721.
7719.
7716.
7713.
7710.
7707.
7703.
7700.
7698.
7694.
7690.
7687.
7684.
7680.
7676.
7674.
7672.
7669.
7670.
7672.
7677.
7682.
7688.
7697.
7704.
7711.
7716.
7720.
7723.
7724.
7725.
7724.
7724.
7725.
7725.
7723.
7724.
7723.
7722.
7722.
7722.
7721.
7722.
7721.
7721.
7720.
7720.
7720.
7720.
7720.
7719.
7719.
7720.
7719.
7718.
7720.
7719.
7719.
7719.
7720.
7721.
7721.
7722.
7722.
7724.
7725.
7724.
7725.
7727.
7728.
7728.
7730.
7732.
7733.
7734.
7735.
7738.
7740.
7742.
7744.
7747.
7749.
7751.
7755.
7757.
7759.
7761.
7764.
7768.
7769.
7773.
7775.
7777.
7776.
7773.
7771.
7764.
7759.
7755.
7753.
7753.
7754.
7757.
7759.
7761.
7763.
7764.
7767.
7768.
7769.
7769.
7771.
7771.
7772.
7772.
7774.
7773.
7775.
7774.
7775.
7776.
7777.
7777.
7774.
7775.
7776.
7776.
7776.
7776.
7776.
7774.
7774.
7774.
7773.
7773.
7772.
7770.
7770.
7769.
7767.
7766.
7765.
7764.
7763.
7762.
7760.
7759.
7757.
7754.
7753.
7752.
7750.
7747.
7744.
7743.
7739.
7737.
7735.
7733.
7731.
7727.
7725.
7723.
7718.
7716.
7714.
7711.
7708.
7705.
7703.
7699.
7696.
7693.
7691.
7686.
7683.
7681.
7679.
7679.
7681.
7687.
7692.
7700.
7706.
7710.
7715.
7719.
7721.
7723.
7725.
7723.
7723.
7722.
7721.
7719.
7720.
7719.
7719.
7717.
7717.
7716.
7716.
7715.
7714.
7713.
7711.
7711.
7711.
7709.
7707.
7707.
7706.
7706.
7705.
7705.
7704.
7704.
7702.
7702.
7700.
7700.
7700.
7699.
7698.
7697.
7696.
7696.
7696.
7695.
7694.
7694.
7692.
7692.
7691.
7691.
7690.
7690.
7689.
7688.
7688.
7687.
7686.
7685.
7685.
7683.
7683.
7682.
7681.
7681.
7680.
7679.
7678.
7678.
7675.
7675.
7673.
7672.
7672.
7670.
7668.
7666.
7664.
7663.
7660.
7659.
7658.
7656.
7654.
7652.
7650.
7647.
7646.
7646.
7648.
7650.
7654.
7660.
7667.
7671.
7675.
7679.
7683.
7687.
7691.
7693.
7694.
7694.
7697.
7697.
7696.
7696.
7696.
7696.
7696.
7697.
7698.
7697.
7698.
7697.
7697.
7698.
7698.
7698.
7698.
7700.
7700.
7699.
7700.
7701.
7702.
7703.
7704.
7705.
7706.
7707.
7708.
7709.
7711.
7712.
7714.
7715.
7717.
7719.
7721.
7723.
7726.
7728.
7729.
7733.
7735.
7738.
7740.
7743.
7746.
7749.
7752.
7755.
7758.
7761.
7765.
7768.
7771.
7774.
7775.
7774.
7772.
7768.
7762.
7758.
7756.
7756.
7756.
7758.
7760.
7763.
7765.
7768.
7769.
7769.
7770.
7772.
7772.
7774.
7774.
7775.
7774.
7774.