7471.
7469.
7468.
7466.
7466.
7463.
7462.
7459.
7456.
7455.
7452.
7451.
7448.
7445.
7442.
7440.
7438.
7434.
7431.
7429.
7426.
7423.
7421.
7416.
7415.
7415.
7416.
7419.
7426.
7435.
7445.
7453.
7460.
7468.
7471.
7475.
7477.
7482.
7484.
7487.
7489.
7489.
7488.
7487.
7488.
7488.
7487.
7487.
7487.
7486.
7486.
7486.
7486.
7486.
7486.
7486.
7485.
7484.
7484.
7485.
7484.
7485.
7484.
7484.
7484.
7486.
7485.
7484.
7485.
7484.
7485.
7486.
7487.
7487.
7487.
7488.
7488.
7490.
7490.
7492.
7493.
7493.
7495.
7497.
7497.
7499.
7500.
7502.
7504.
7504.
7506.
7507.
7510.
7512.
7513.
7516.
7518.
7520.
7521.
7523.
7526.
7527.
7528.
7529.
7528.
7522.
7517.
7511.
7504.
7499.
7496.
7495.
7496.
7498.
7499.
7501.
7503.
7503.
7504.
7505.
7505.
7506.
7506.
7508.
7508.
7508.
7508.
7508.
7509.
7509.
7509.
7509.
7509.
7508.
7508.
7509.
7508.
7507.
7507.
7506.
7506.
7505.
7506.
7505.
7504.
7504.
7503.
7503.
7501.
7501.
7500.
7498.
7497.
7496.
7495.
7493.
7492.
7490.
7488.
7487.
7485.
7483.
7480.
7479.
7477.
7475.
7472.
7470.
7469.
7466.
7463.
7461.
7459.
7457.
7454.
7451.
7448.
7445.
7442.
7440.
7436.
7433.
7430.
7427.
7424.
7420.
7418.
7415.
7411.
7409.
7406.
7404.
7403.
7405.
7409.
7417.
7427.
7438.
7447.
7456.
7462.
7466.
7469.
7472.
7474.
7474.
7474.
7473.
7472.
7472.
7471.
7470.
7470.
7469.
7469.
7469.
7469.
7466.
7466.
7465.
7466.
7464.
7464.
7462.
7462.
7461.
7460.
7460.
7459.
7458.
7458.
7458.
7459.
7457.
7457.
7457.
7456.
7456.
7456.
7456.
7456.
7456.
7456.
7456.
7456.
7457.
7456.
7455.
7456.
7457.
7456.
7456.
7456.
7457.
7458.
7457.
7456.
7457.
7458.
7459.
7460.
7459.
7460.
7461.
7461.
7461.
7462.
7463.
7462.
7463.
7463.
7465.
7465.
7466.
7467.
7467.
7467.
7468.
7469.
7469.
7471.
7470.
7471.
7472.
7473.
7474.
7474.
7475.
7477.
7477.
7478.
7479.
7481.
7482.
7483.
7484.
7485.
7487.
7487.
7489.
7491.
7492.
7494.
7496.
7498.
7500.
7501.
7503.
7504.
7507.
7509.
7509.
7508.
7505.
7500.
7496.
7491.
7487.
7485.
7485.
7486.
7487.
7488.
7490.
7492.
7493.
7492.
7493.
7493.
7492.
7492.
7493.
7492.
7493.
7492.
7492.
7492.
7492.
7490.
7490.
7489.
7489.
7489.
7488.
7487.
7486.
7486.
7484.
7483.
7482.
7481.
7479.
7479.
7478.
7475.
7476.
7474.
7472.
7470.
7469.
7468.
7465.
7464.
7461.
7459.
7457.
7455.
7452.
7451.
7448.
7445.
7444.
7440.
7438.
7435.
7432.
7429.
7427.
7424.
7421.
7420.
7417.
7416.
7418.
7424.
7431.
7439.
7445.
7453.
7459.
7466.
7470.
7474.
7476.
7479.
7483.
7485.
7485.
7484.
7485.
7483.
7485.
7484.
7484.
7483.
7483.
7482.
7482.
7482.
7481.
7480.
7480.
7479.
7480.
7479.
7477.
7477.
7476.
7475.
7475.
7474.
7474.
7474.
7473.
7471.
7472.
7471.
7471.
7471.
7470.
7469.
7469.
7469.
7469.
7469.
7468.
7468.
7468.
7467.
7467.
7465.
7465.
7465.
7465.
7464.
7464.
7462.
7461.
7460.
7459.
7458.
7458.
7457.
7456.
7455.
7453.
7450.
7450.
7449.
7447.
7446.
7444.
7441.
7440.
7439.
7436.
7434.
7432.
7432.
7434.
7439.
7445.
7453.
7462.
7472.
7479.
7484.
7488.
7491.
7494.
7496.
7497.
7498.
7497.
7498.
7497.
7498.
7498.
7497.
7496.
7496.
7495.
7496.
7496.
7495.
7495.
7494.
7495.
7495.
7495.
7496.
7495.
7496.
7495.
7496.
7495.
7495.
7496.
7497.
7497.
7496.
7496.
7498.
7497.
7497.
7497.
7497.
7498.
7499.
7499.
7500.
7501.
7502.
7503.
7504.
7505.
7506.
7507.
7509.
7510.
7510.
7513.
7514.
7515.
7517.
7517.
7520.
7522.
7523.
7524.
7523.
7524.
7520.
7516.
7511.
7506.
7502.
7501.
7500.
7502.
7503.
7505.
7507.
7507.
7507.
7507.
7509.
7510.
7511.
7511.
7511.
7511.
7513.
7513.
7513.
7512.
7512.
7512.
7513.
7513.
7513.
7513.
7513.
7512.
7512.
7512.
7512.
7512.
7512.
7511.
7511.
7511.
7509.
7508.
7508.
7507.
7506.
7505.
7505.
7504.
7502.
7501.
7499.
7498.
7498.
7495.
7494.
7491.
7490.
7489.
7486.
7485.
7483.
7481.
7479.
7476.
7472.
7470.
7468.
7465.
7463.
7461.
7458.
7455.
7451.
7449.
7445.
7442.
7440.
7437.
7433.
7431.
7427.
7423.
7421.
7418.
7414.
7414.
7415.
7419.
7425.
7433.
7440.
7449.
7457.
7464.
7470.
7475.
7478.
7482.
7486.
7487.
7488.
7489.
7489.
7489.
7488.
7488.
7488.
7487.
7486.
7486.
7485.
7485.
7485.
7486.
7484.
7483.
7483.
7483.
7482.
7482.
7482.
7482.
7481.
7481.
7479.
7480.
7479.
7479.
7478.
7479.
7478.
7479.
7478.
7477.
7478.
7478.
7479.
7478.
7479.
7478.
7478.
7477.
7479.
7479.
7478.
7478.
7478.
7477.
7479.
7480.
7479.
7479.
7479.
7478.
7480.
7479.
7479.
7479.
7479.
7480.
7480.
7479.
7480.
7479.
7480.
7481.
7481.
7481.
7482.
7482.
7482.
7483.
7482.
7482.
7484.
7483.
7483.
7483.
7484.
7484.
7484.
7485.
7484.
7483.
7483.
7485.
7485.
7485.
7485.
7484.
7485.
7484.
7484.
7485.
7485.
7486.
7484.
7484.
7484.
7483.
7484.
7483.
7483.
7483.
7483.
7481.
7482.
7481.
7479.
7480.
7479.
7479.
7478.
7478.
7476.
7476.
7475.
7474.
7472.
7471.
7469.
7468.
7466.
7465.
7464.
7462.
7460.
7457.
7456.
7454.
7453.
7450.
7448.
7446.
7443.
7440.
7438.
7436.
7434.
7431.
7428.
7424.
7422.
7420.
7420.
7424.
7426.
7431.
7439.
7447.
7454.
7462.
7469.
7474.
7479.
7482.
7487.
7488.
7490.
7491.
7492.
7491.
7490.
7489.
7490.
7489.
7489.
7490.
7489.
7488.
7487.
7487.
7488.
7488.
7488.
7488.
7488.
7487.
7487.
7486.
7486.
7488.
7487.
7487.
7486.
7486.
7487.
7486.
7486.
7487.
7488.
7488.
7486.
7487.
7487.
7489.
7489.
7489.
7489.
7490.
7491.
7492.
7492.
7494.
7494.
7495.
7495.
7496.
7497.
7498.
7499.
7500.
7501.
7502.
7504.
7505.
7506.
7508.
7508.
7511.
7512.
7513.
7514.
7516.
7518.
7520.
7522.
7524.
7526.
7527.
7528.
7528.
7528.
7524.
7520.
7515.
7511.
7508.
7507.
7505.
7507.
7509.
7510.
7514.
7514.
7514.
7516.
7516.
7517.
7519.
7518.
7519.
7519.
7520.
7519.
7520.
7520.
7520.
7521.
7521.
7521.
7520.
7519.
7521.
7520.
7519.
7520.
7520.
7519.
7519.
7518.
7519.
7518.
7517.
7515.
7515.
7515.
7514.
7512.
7510.
7509.
7508.
7508.
7506.
7504.
7502.
7500.
7499.
7497.
7496.
7495.
7492.
7490.
7488.
7486.
7482.
7480.
7478.
7475.
7472.
7469.
7468.
7465.
7461.
7460.
7456.
7453.
7450.
7448.
7444.
7441.
7438.
7434.
7431.
7428.
7424.
7421.
7418.
7414.
7411.
7407.
7405.
7403.
7403.
7405.
7410.
7418.
7427.
7436.
7446.
7455.
7462.
7469.
7472.
7476.
7479.
7480.
7481.
7480.
7479.
7479.
7479.
7478.
7478.
7477.
7476.
7476.
7476.
7475.
7474.
7474.
7473.
7474.
7473.
7473.
7471.
7471.
7472.
7470.
7471.
7471.
7469.
7470.
7469.
7469.
7469.
7469.
7469.
7469.
7469.
7469.
7470.
7469.
7470.
7470.
7471.
7470.
7469.
7470.
7471.
7472.
7472.
7472.
7473.
7473.
7473.
7476.
7476.
7476.
7478.
7478.
7479.
7480.
7483.
7483.
7485.
7485.
7488.
7490.
7491.
7493.
7494.
7496.
7497.
7498.
7500.
7502.
7503.
7505.
7506.
7503.
7501.
7498.
7492.
7488.
7488.
7486.
7488.
7490.
7491.
7492.
7494.
7495.
7496.
7496.
7498.
7499.
7499.
7500.
7499.
7501.
7501.
7501.
7502.
7503.
7503.
7503.
7504.
7504.
7504.
7505.
7505.
7505.
7505.
7504.
7504.
7505.
7505.
7504.
7505.
7504.
7503.
7502.
7503.
7503.
7503.
7502.
7501.
7500.
7500.
7500.
7499.
7498.
7498.
7497.
7496.
7494.
7494.
7493.
7490.
7489.
7489.
7487.
7485.
7485.
7482.
7481.
7479.
7478.
7475.
7474.
7471.
7469.
7467.
7464.
7462.
7459.
7457.
7454.
7452.
7449.
7446.
7443.
7440.
7437.
7434.
7432.
7430.
7427.
7427.
7429.
7434.
7440.
7447.
7454.
7462.
7466.
7470.
7476.
7481.
7486.
7489.
7491.
7492.
7492.
7492.
7493.
7492.
7491.
7490.
7490.
7490.
7491.
7490.
7489.
7489.
7489.
7489.
7488.
7488.
7487.
7487.
7487.
7486.
7486.
7487.
7486.
7485.
7485.
7484.
7484.
7483.
7482.
7484.
7482.
7482.
7483.
7482.
7483.
7484.
7481.
7483.
7482.
7482.
7482.
7482.
7483.
7481.
7481.
7482.
7481.
7480.
7481.
7481.
7479.
7481.
7480.
7480.
7479.
7479.
7478.
7478.
7478.
7476.
7477.
7475.
7474.
7474.
7473.
7473.
7472.
7471.
7470.
7469.
7468.
7467.
7465.
7463.
7462.
7462.
7460.
7459.
7456.
7454.
7453.
7451.
7449.
7446.
7444.
7443.
7441.
7437.
7435.
7433.
7431.
7428.
7425.
7424.
7425.
7428.
7433.
7439.
7445.
7453.
7460.
7464.
7469.
7472.
7476.
7478.
7480.
7481.
7481.
7479.
7480.
7481.
7480.
7479.
7479.
7478.
7478.
7478.
7478.
7477.
7477.
7477.
7476.
7475.
7475.
7476.
7475.
7474.
7474.
7474.
7473.
7473.
7473.
7473.
7473.
7473.
7473.
7473.
7472.
7473.
7473.
7474.
7474.
7474.
7474.
7474.
7474.
7475.
7473.
7474.
7475.
7475.
7477.
7477.
7476.
7476.
7477.
7477.
7477.
7478.
7477.
7479.
7478.
7481.
7480.
7481.
7481.
7482.
7482.
7482.
7482.
7482.
7483.
7484.
7484.
7485.
7486.
7486.
7485.
7487.
7487.
7487.
7487.
7487.
7488.
7488.
7488.
7489.
7490.
7490.
7490.
7491.
7491.
7491.
7491.
7492.
7493.
7493.
7493.
7492.
7493.
7494.
7495.
7494.
7493.
7495.
7495.
7494.
7496.
7496.
7496.
7495.
7497.
7495.
7495.
7496.
7496.
7496.
7496.
7497.
7497.
7497.
7496.
7496.
7496.
7497.
7496.
7497.
7496.
7497.
7496.
7496.
7497.
7497.
7497.
7496.
7496.
7496.
7495.
7494.
7494.
7495.
7493.
7492.
7493.
7492.
7492.
7491.
7490.
7490.
7489.
7488.
7487.
7486.
7486.
7485.
7483.
7483.
7481.
7480.
7479.
7477.
7475.
7474.
7473.
7470.
7469.
7468.
7466.
7464.
7462.
7460.
7458.
7455.
7453.
7451.
7449.
7446.
7444.
7440.
7438.
7435.
7433.
7431.
7427.
7424.
7422.
7423.
7426.
7431.
7438.
7446.
7454.
7462.
7468.
7472.
7476.
7479.
7483.
7486.
7489.
7488.
7490.
7488.
7489.
7490.
7489.
7487.
7488.
7487.
7487.
7487.
7487.
7486.
7486.
7486.
7486.
7486.
7485.
7486.
7485.
7485.
7485.
7485.
7485.
7483.
7483.
7484.
7484.
7484.
7484.
7484.
7484.
7485.
7484.
7486.
7486.
7487.
7487.
7486.
7487.
7488.
7489.
7490.
7490.
7491.
7491.
7492.
7493.
7495.
7495.
7496.
7498.
7499.
7499.
7500.
7503.
7503.
7504.
7506.
7508.
7509.
7511.
7513.
7515.
7517.
7519.
7520.
7523.
7524.
7524.
7522.
7520.
7516.
7512.
7509.
7505.
7504.
7504.
7506.
7506.
7508.
7511.
7511.
7513.
7514.
7514.
7514.
7515.
7516.
7516.
7517.
7516.
7517.
7517.
7517.
7517.
7518.
7518.
7518.
7517.
7517.
7517.
7517.
7518.
7516.
7515.
7515.
7514.
7515.
7514.
7514.
7514.
7512.
7511.
7510.
7509.
7508.
7507.
7505.
7505.
7503.
7502.
7500.
7499.
7497.
7495.
7494.
7493.
7490.
7488.
7488.
7485.
7482.
7479.
7479.
7477.
7475.
7472.
7469.
7466.
7463.
7461.
7457.
7455.
7454.
7451.
7447.
7445.
7442.
7438.
7435.
7432.
7429.
7426.
7423.
7419.
7416.
7413.
7409.
7406.
7404.
7400.
7398.
7399.
7401.
7405.
7411.
7418.
7426.
7436.
7443.
7449.
7453.
7456.
7459.
7460.
7463.
7463.
7463.
7462.
7462.
7462.
7461.
7461.
7460.
7461.
7458.
7459.
7459.
7458.
7457.
7457.
7457.
7456.
7456.
7455.
7454.
7454.
7454.
7454.
7453.
7452.
7452.
7451.
7452.
7451.
7450.
7450.
7450.
7450.
7450.
7450.
7450.
7451.
7452.
7452.
7451.
7452.
7452.
7453.
7454.
7454.
7455.
7455.
7456.
7458.
7458.
7458.
7460.
7460.
7461.
7463.
7464.
7465.
7466.
7468.
7469.
7470.
7472.
7474.
7475.
7477.
7478.
7480.
7482.
7484.
7484.
7487.
7489.
7491.
7490.
7488.
7485.
7482.
7478.
7475.
7475.
7474.
7476.
7478.
7479.
7480.
7482.
7484.
7484.
7485.
7485.
7488.
7487.
7488.
7489.
7489.
7490.
7490.
7491.
7492.
7492.
7492.
7492.
7493.
7493.
7494.
7494.
7495.
7496.
7495.
7495.
7495.
7496.
7496.
7495.
7496.
7496.
7494.
7494.
7494.
7494.
7493.
7493.
7492.
7492.
7492.
7490.
7489.
7489.
7489.
7488.
7487.
7485.
7484.
7483.
7483.
7481.
7479.
7477.
7476.
7474.
7472.
7471.
7469.
7467.
7466.
7463.
7462.
7459.
7457.
7454.
7452.
7449.
7447.
7445.
7442.
7439.
7436.
7433.
7430.
7428.
7425.
7422.
7419.
7417.
7415.
7416.
7419.
7423.
7429.
7437.
7445.
7453.
7459.
7466.
7470.
7472.
7476.
7479.
7482.
7481.
7483.
7482.
7483.
7484.
7483.
7481.
7482.
7482.
7480.
7480.
7480.
7480.
7480.
7479.
7480.
7478.
7477.
7477.
7479.
7479.
7477.
7477.
7477.
7477.
7477.
7477.
7477.
7477.
7476.
7477.
7476.
7476.
7478.
7477.
7477.
7477.
7476.
7477.
7478.
7477.
7478.
7477.
7479.
7479.
7479.
7479.
7479.
7479.
7480.
7481.
7483.
7483.
7483.
7485.
7485.
7485.
7485.
7486.
7487.
7489.
7488.
7489.
7490.
7492.
7493.
7495.
7495.
7495.
7497.
7498.
7499.
7500.
7501.
7501.
7504.
7505.
7506.
7508.
7510.
7511.
7512.
7512.
7512.
7510.
7507.
7503.
7500.
7498.
7497.
7498.
7499.
7499.
7499.
7501.
7504.
7504.
7505.
7504.
7504.
7505.
7506.
7506.
7506.
7507.
7507.
7506.
7508.
7507.
7508.
7508.
7509.
7510.
7509.
7508.
7510.
7510.
7510.
7510.
7510.
7510.
7509.
7509.
7509.
7509.
7509.
7509.
7509.
7509.
7509.
7507.
7508.
7507.
7506.
7505.
7504.
7503.
7502.
7502.
7500.
7499.
7498.
7497.
7497.
7494.
7493.
7492.
7490.
7488.
7486.
7484.
7482.
7480.
7478.
7476.
7474.
7471.
7470.
7466.
7464.
7461.
7459.
7457.
7454.
7450.
7447.
7446.
7443.
7440.
7440.
7441.
7444.
7451.
7457.
7465.
7470.
7474.
7480.
7485.
7489.
7492.
7496.
7498.
7500.
7500.
7502.
7502.
7501.
7500.
7502.
7501.
7500.
7500.
7500.
7499.
7500.
7501.
7500.
7499.
7498.
7499.
7498.
7497.
7498.
7497.
7498.
7496.
7498.
7497.
7497.
7496.
7495.
7497.
7495.
7496.
7495.
7495.
7495.
7495.
7494.
7494.
7495.
7494.
7494.
7494.
7493.
7493.
7493.
7492.
7492.
7491.
7491.
7491.
7491.
7489.
7490.
7489.
7488.
7488.
7487.
7487.
7486.
7485.
7484.
7483.
7482.
7482.
7481.
7479.
7478.
7477.
7476.
7473.
7472.
7472.
7469.
7468.
7467.
7465.
7463.
7460.
7457.
7456.
7455.
7452.
7449.
7447.
7445.
7443.
7440.
7437.
7435.
7432.
7429.
7427.
7426.
7427.
7427.
7432.
7438.
7443.
7448.
7453.
7457.
7462.
7464.
7467.
7471.
7473.
7474.
7476.
7475.
7475.
7476.
7475.
7474.
7474.
7474.
7472.
7472.
7472.
7472.
7471.
7471.
7470.
7469.
7470.
7469.
7469.
7469.
7468.
7468.
7468.
7468.
7468.
7468.
7467.
7467.
7468.
7468.
7466.
7468.
7469.
7467.
7468.
7468.
7468.
7468.
7469.
7468.
7469.
7469.
7469.
7469.
7469.
7469.
7470.
7469.
7470.
7471.
7472.
7472.
7472.
7473.
7473.
7474.
7474.
7473.
7474.
7475.
7476.
7475.
7477.
7477.
7478.
7478.
7477.
7477.
7478.
7479.
7479.
7480.
7480.
7482.
7481.
7481.
7482.
7483.
7483.
7483.
7484.
7485.
7484.
7484.
7484.
7486.
7486.
7486.
7487.
7487.
7487.
7488.
7488.
7489.
7490.
7491.
7490.
7491.
7491.
7491.
7492.
7492.
7492.
7493.
7494.
7495.
7495.
7496.
7495.
7497.
7497.
7498.
7498.
7498.
7499.
7499.
7500.
7502.
7503.
7504.
7504.
7504.
7506.
7507.
7509.
7509.
7512.
7512.
7511.
7508.
7506.
7504.
7502.
7500.
7500.
7500.
7501.
7501.
7502.
7502.
7503.
7503.
7504.
7505.
7505.
7505.
7505.
7505.
7505.
7506.
7506.
7506.
7505.
7505.
7505.
7505.
7505.
7505.
7504.
7504.
7505.
7504.
7504.
7503.
7502.
7501.
7501.
7500.
7500.
7498.
7497.
7497.
7497.
7495.
7494.
7492.
7491.
7489.
7490.
7487.
7486.
7484.
7482.
7481.
7478.
7477.
7476.
7473.
7471.
7468.
7467.
7464.
7462.
7459.
7457.
7454.
7452.
7448.
7446.
7443.
7441.
7440.
7436.
7433.
7432.
7430.
7430.
7433.
7438.
7444.
7451.
7460.
7468.
7472.
7477.
7483.
7486.
7488.
7491.
7491.
7489.
7489.
7489.
7488.
7489.
7488.
7488.
7488.
7487.
7486.
7485.
7485.
7486.
7486.
7485.
7484.
7484.
7484.
7482.
7483.
7481.
7481.
7482.
7481.
7480.
7480.
7480.
7480.
7478.
7479.
7477.
7477.
7477.
7478.
7477.
7476.
7475.
7476.
7475.
7474.
7474.
7474.
7474.
7472.
7473.
7472.
7472.
7472.
7471.
7470.
7469.
7469.
7469.
7467.
7467.
7466.
7466.
7465.
7464.
7462.
7462.
7460.
7460.
7457.
7457.
7456.
7454.
7452.
7450.
7448.
7446.
7445.
7444.
7441.
7440.
7438.
7435.
7434.
7431.
7429.
7426.
7424.
7421.
7418.
7416.
7413.
7410.
7408.
7406.
7404.
7404.
7405.
7409.
7415.
7421.
7428.
7434.
7441.
7444.
7449.
7453.
7457.
7459.
7460.
7461.
7463.
7462.
7462.
7462.
7461.
7460.
7460.
7459.
7458.
7459.
7458.
7458.