8284.
8280.
8277.
8273.
8269.
8266.
8261.
8258.
8254.
8250.
8245.
8242.
8237.
8233.
8230.
8227.
8224.
8223.
8224.
8226.
8233.
8245.
8258.
8273.
8288.
8305.
8321.
8335.
8349.
8364.
8378.
8390.
8402.
8411.
8421.
8429.
8436.
8443.
8448.
8451.
8453.
8454.
8455.
8453.
8453.
8452.
8450.
8449.
8448.
8447.
8447.
8445.
8444.
8442.
8442.
8441.
8440.
8441.
8439.
8438.
8438.
8437.
8436.
8436.
8436.
8436.
8435.
8435.
8434.
8435.
8436.
8435.
8437.
8437.
8439.
8438.
8439.
8442.
8443.
8443.
8445.
8445.
8448.
8448.
8449.
8450.
8453.
8456.
8456.
8459.
8460.
8462.
8462.
8465.
8466.
8467.
8467.
8465.
8463.
8457.
8449.
8439.
8426.
8416.
8408.
8403.
8401.
8400.
8403.
8406.
8410.
8413.
8415.
8418.
8419.
8421.
8421.
8422.
8423.
8426.
8426.
8427.
8427.
8428.
8429.
8429.
8429.
8430.
8431.
8431.
8432.
8433.
8433.
8434.
8436.
8436.
8436.
8436.
8437.
8438.
8439.
8438.
8438.
8438.
8438.
8439.
8439.
8439.
8439.
8440.
8440.
8440.
8441.
8440.
8440.
8440.
8439.
8439.
8438.
8438.
8439.
8438.
8438.
8437.
8435.
8434.
8434.
8434.
8432.
8432.
8430.
8428.
8428.
8425.
8423.
8422.
8421.
8419.
8417.
8416.
8413.
8411.
8410.
8408.
8405.
8402.
8400.
8396.
8394.
8391.
8388.
8385.
8382.
8377.
8375.
8372.
8368.
8365.
8360.
8357.
8353.
8349.
8345.
8341.
8337.
8332.
8327.
8323.
8320.
8315.
8310.
8307.
8302.
8297.
8292.
8289.
8284.
8279.
8274.
8270.
8265.
8261.
8256.
8250.
8246.
8242.
8236.
8231.
8227.
8223.
8218.
8215.
8213.
8214.
8218.
8226.
8236.
8250.
8263.
8276.
8290.
8304.
8316.
8327.
8336.
8345.
8356.
8363.
8373.
8381.
8388.
8393.
8398.
8400.
8402.
8402.
8403.
8404.
8404.
8402.
8402.
8402.
8400.
8399.
8398.
8397.
8397.
8396.
8395.
8395.
8395.
8394.
8393.
8393.
8393.
8392.
8391.
8392.
8392.
8390.
8390.
8389.
8390.
8391.
8391.
8393.
8393.
8393.
8394.
8395.
8395.
8395.
8398.
8398.
8399.
8400.
8401.
8402.
8404.
8406.
8406.
8409.
8412.
8412.
8414.
8417.
8418.
8420.
8424.
8426.
8428.
8430.
8431.
8434.
8437.
8439.
8441.
8444.
8448.
8448.
8451.
8454.
8459.
8460.
8464.
8466.
8469.
8472.
8472.
8476.
8478.
8478.
8479.
8475.
8470.
8463.
8454.
8442.
8431.
8423.
8418.
8415.
8416.
8419.
8422.
8424.
8428.
8430.
8432.
8434.
8435.
8437.
8437.
8438.
8440.
8441.
8442.
8442.
8441.
8442.
8442.
8442.
8444.
8443.
8443.
8444.
8443.
8443.
8444.
8442.
8442.
8442.
8442.
8443.
8442.
8442.
8442.
8440.
8440.
8440.
8439.
8438.
8438.
8436.
8436.
8436.
8435.
8434.
8433.
8432.
8432.
8430.
8429.
8427.
8426.
8424.
8422.
8420.
8419.
8418.
8415.
8413.
8410.
8408.
8407.
8405.
8402.
8398.
8397.
8394.
8391.
8387.
8384.
8380.
8377.
8374.
8370.
8367.
8364.
8359.
8355.
8351.
8347.
8342.
8338.
8334.
8329.
8325.
8321.
8315.
8310.
8306.
8301.
8297.
8292.
8287.
8283.
8277.
8274.
8269.
8264.
8259.
8255.
8252.
8246.
8242.
8238.
8236.
8236.
8241.
8249.
8260.
8273.
8288.
8304.
8319.
8333.
8347.
8362.
8377.
8389.
8401.
8412.
8422.
8431.
8439.
8445.
8451.
8455.
8456.
8457.
8457.
8457.
8456.
8454.
8454.
8453.
8451.
8449.
8447.
8446.
8445.
8442.
8441.
8440.
8438.
8437.
8434.
8433.
8432.
8432.
8430.
8428.
8428.
8426.
8424.
8423.
8422.
8421.
8419.
8419.
8417.
8415.
8414.
8413.
8411.
8410.
8408.
8407.
8405.
8403.
8401.
8400.
8399.
8397.
8396.
8392.
8392.
8390.
8387.
8385.
8382.
8380.
8379.
8375.
8372.
8369.
8367.
8363.
8360.
8358.
8354.
8350.
8348.
8343.
8339.
8335.
8332.
8329.
8325.
8320.
8316.
8311.
8307.
8302.
8297.
8293.
8288.
8283.
8277.
8272.
8268.
8262.
8256.
8250.
8246.
8240.
8234.
8229.
8223.
8218.
8212.
8207.
8202.
8194.
8189.
8184.
8179.
8173.
8167.
8162.
8157.
8152.
8147.
8144.
8141.
8141.
8146.
8155.
8165.
8178.
8194.
8209.
8226.
8242.
8257.
8272.
8287.
8304.
8319.
8332.
8346.
8359.
8373.
8387.
8400.
8410.
8418.
8424.
8427.
8428.
8428.
8427.
8424.
8424.
8422.
8419.
8417.
8416.
8414.
8411.
8410.
8407.
8405.
8403.
8402.
8400.
8398.
8398.
8396.
8396.
8394.
8392.
8391.
8391.
8390.
8389.
8387.
8387.
8387.
8385.
8385.
8385.
8386.
8385.
8384.
8385.
8385.
8385.
8385.
8386.
8385.
8387.
8387.
8387.
8387.
8387.
8387.
8387.
8390.
8389.
8390.
8391.
8390.
8393.
8393.
8394.
8395.
8395.
8398.
8398.
8400.
8400.
8401.
8403.
8404.
8405.
8406.
8406.
8408.
8409.
8409.
8411.
8413.
8414.
8414.
8416.
8418.
8420.
8421.
8422.
8424.
8426.
8427.
8428.
8432.
8432.
8433.
8436.
8438.
8440.
8441.
8441.
8440.
8438.
8432.
8428.
8419.
8411.
8403.
8398.
8394.
8392.
8391.
8392.
8394.
8396.
8398.
8399.
8402.
8403.
8404.
8405.
8406.
8407.
8407.
8408.
8409.
8409.
8409.
8410.
8411.
8411.
8411.
8412.
8413.
8414.
8415.
8415.
8416.
8418.
8418.
8420.
8420.
8421.
8422.
8424.
8424.
8426.
8427.
8429.
8429.
8429.
8426.
8421.
8413.
8404.
8395.
8386.
8379.
8377.
8378.
8379.
8382.
8384.
8387.
8390.
8391.
8392.
8392.
8392.
8394.
8395.
8396.
8397.
8397.
8397.
8398.
8398.
8399.
8398.
8398.
8398.
8398.
8400.
8400.
8399.
8401.
8403.
8402.
8401.
8401.
8401.
8401.
8402.
8402.
8403.
8402.
8401.
8402.
8403.
8402.
8402.
8403.
8402.
8402.
8401.
8400.
8401.
8400.
8401.
8400.
8400.
8399.
8399.
8397.
8396.
8396.
8396.
8394.
8394.
8394.
8392.
8390.
8389.
8387.
8387.
8385.
8384.
8384.
8381.
8380.
8378.
8376.
8375.
8372.
8370.
8369.
8366.
8364.
8362.
8358.
8355.
8353.
8351.
8347.
8345.
8341.
8337.
8334.
8330.
8326.
8323.
8319.
8316.
8312.
8307.
8303.
8299.
8294.
8290.
8287.
8282.
8277.
8272.
8269.
8262.
8259.
8254.
8249.
8244.
8238.
8235.
8230.
8225.
8220.
8215.
8210.
8205.
8200.
8195.
8190.
8186.
8181.
8177.
8174.
8172.
8174.
8181.
8193.
8207.
8223.
8238.
8255.
8273.
8291.
8307.
8322.
8337.
8351.
8367.
8380.
8392.
8404.
8415.
8423.
8431.
8438.
8440.
8441.
8441.
8440.
8439.
8438.
8438.
8435.
8433.
8432.
8431.
8431.
8429.
8427.
8427.
8426.
8424.
8423.
8422.
8421.
8419.
8418.
8418.
8418.
8417.
8416.
8415.
8414.
8414.
8413.
8413.
8413.
8414.
8412.
8412.
8413.
8413.
8412.
8412.
8413.
8413.
8412.
8411.
8413.
8413.
8413.
8412.
8412.
8412.
8412.
8412.
8412.
8412.
8412.
8411.
8411.
8411.
8411.
8411.
8411.
8410.
8409.
8408.
8408.
8408.
8408.
8407.
8407.
8405.
8405.
8403.
8401.
8401.
8400.
8398.
8397.
8395.
8395.
8392.
8390.
8388.
8386.
8384.
8380.
8379.
8377.
8375.
8372.
8369.
8367.
8365.
8362.
8358.
8354.
8351.
8349.
8346.
8341.
8338.
8336.
8332.
8328.
8325.
8321.
8318.
8313.
8311.
8306.
8302.
8297.
8294.
8291.
8287.
8282.
8277.
8274.
8270.
8265.
8261.
8258.
8254.
8250.
8246.
8241.
8237.
8233.
8230.
8224.
8221.
8216.
8213.
8209.
8204.
8201.
8197.
8192.
8189.
8186.
8183.
8180.
8179.
8177.
8179.
8186.
8195.
8209.
8227.
8242.
8260.
8276.
8293.
8310.
8326.
8340.
8356.
8371.
8384.
8395.
8405.
8412.
8418.
8422.
8426.
8426.
8427.
8427.
8425.
8426.
8424.
8424.
8424.
8423.
8422.
8421.
8421.
8421.
8420.
8420.
8419.
8418.
8417.
8416.
8416.
8417.
8417.
8417.
8417.
8417.
8419.
8419.
8419.
8418.
8419.
8419.
8421.
8422.
8423.
8423.
8424.
8426.
8427.
8428.
8429.
8430.
8433.
8434.
8436.
8437.
8439.
8439.
8441.
8443.
8445.
8447.
8448.
8449.
8451.
8452.
8454.
8455.
8458.
8458.
8459.
8461.
8463.
8466.
8467.
8469.
8470.
8473.
8474.
8475.
8477.
8479.
8481.
8483.
8486.
8487.
8489.
8491.
8493.
8496.
8497.
8499.
8503.
8504.
8508.
8509.
8512.
8515.
8516.
8519.
8521.
8523.
8526.
8528.
8531.
8533.
8535.
8537.
8540.
8543.
8545.
8548.
8552.
8553.
8555.
8557.
8560.
8562.
8564.
8567.
8569.
8570.
8571.
8575.
8577.
8577.
8579.
8581.
8583.
8584.
8584.
8586.
8589.
8590.
8592.
8594.
8594.
8597.
8595.
8596.
8597.
8598.
8599.
8599.
8598.
8599.
8599.
8599.
8601.
8601.
8600.
8601.
8599.
8598.
8599.
8598.
8598.
8598.
8597.
8596.
8595.
8594.
8594.
8593.
8592.
8590.
8588.
8587.
8586.
8585.