7334.
7333.
7329.
7327.
7322.
7319.
7318.
7314.
7310.
7308.
7305.
7300.
7297.
7293.
7290.
7285.
7281.
7278.
7273.
7269.
7266.
7262.
7257.
7256.
7255.
7259.
7264.
7271.
7278.
7285.
7291.
7295.
7299.
7301.
7302.
7304.
7304.
7303.
7302.
7303.
7303.
7302.
7300.
7300.
7300.
7300.
7299.
7298.
7297.
7296.
7295.
7293.
7295.
7294.
7294.
7294.
7292.
7292.
7292.
7291.
7290.
7290.
7288.
7288.
7289.
7287.
7286.
7287.
7288.
7286.
7287.
7287.
7287.
7287.
7286.
7287.
7288.
7287.
7288.
7287.
7288.
7289.
7289.
7288.
7290.
7291.
7292.
7292.
7292.
7294.
7294.
7296.
7296.
7297.
7300.
7302.
7304.
7305.
7307.
7309.
7311.
7313.
7315.
7317.
7320.
7322.
7325.
7329.
7332.
7334.
7337.
7341.
7344.
7348.
7352.
7354.
7356.
7358.
7356.
7354.
7351.
7346.
7343.
7342.
7341.
7342.
7344.
7348.
7351.
7353.
7355.
7356.
7359.
7359.
7360.
7363.
7364.
7365.
7366.
7367.
7368.
7368.
7369.
7370.
7370.
7371.
7370.
7370.
7371.
7370.
7370.
7370.
7369.
7371.
7369.
7369.
7368.
7367.
7366.
7364.
7363.
7361.
7360.
7359.
7358.
7354.
7353.
7352.
7349.
7348.
7346.
7343.
7341.
7337.
7336.
7334.
7331.
7327.
7324.
7321.
7317.
7315.
7312.
7309.
7305.
7302.
7299.
7296.
7293.
7293.
7295.
7300.
7306.
7313.
7321.
7326.
7332.
7336.
7339.
7343.
7345.
7346.
7346.
7344.
7344.
7345.
7344.
7344.
7343.
7344.
7343.
7343.
7341.
7342.
7340.
7340.
7341.
7340.
7339.
7339.
7338.
7336.
7336.
7336.
7335.
7336.
7336.
7334.
7333.
7333.
7333.
7332.
7331.
7330.
7331.
7330.
7329.
7328.
7328.
7328.
7327.
7326.
7325.
7324.
7325.
7324.
7323.
7323.
7322.
7320.
7319.
7318.
7318.
7317.
7315.
7315.
7313.
7313.
7311.
7309.
7307.
7306.
7305.
7302.
7301.
7299.
7296.
7295.
7291.
7291.
7291.
7293.
7297.
7302.
7309.
7314.
7318.
7322.
7323.
7326.
7328.
7331.
7333.
7333.
7334.
7335.
7335.
7335.
7334.
7335.
7335.
7334.
7334.
7334.
7334.
7334.
7332.
7333.
7333.
7333.
7333.
7332.
7333.
7332.
7332.
7331.
7332.
7331.
7331.
7332.
7331.
7330.
7331.
7332.
7332.
7332.
7332.
7333.
7332.
7333.
7333.
7333.
7334.
7334.
7334.
7336.
7336.
7336.
7337.
7338.
7338.
7339.
7340.
7341.
7342.
7343.
7344.
7346.
7347.
7349.
7349.
7352.
7353.
7356.
7358.
7360.
7362.
7364.
7367.
7369.
7371.
7375.
7379.
7381.
7384.
7388.
7390.
7391.
7392.
7390.
7389.
7386.
7385.
7382.
7383.
7384.
7386.
7389.
7392.
7395.
7397.
7400.
7400.
7403.
7405.
7408.
7409.
7411.
7414.
7415.
7417.
7418.
7419.
7419.
7423.
7425.
7425.
7426.
7427.
7429.
7430.
7432.
7431.
7432.
7433.
7434.
7433.
7434.
7435.
7436.
7434.
7434.
7435.
7435.
7436.
7435.
7436.
7435.
7434.
7435.
7435.
7434.
7432.
7431.
7431.
7431.
7429.
7428.
7427.
7425.
7424.
7422.
7421.
7418.
7417.
7416.
7413.
7411.
7409.
7408.
7406.
7403.
7401.
7399.
7395.
7392.
7389.
7387.
7385.
7382.
7379.
7375.
7372.
7370.
7366.
7362.
7358.
7355.
7352.
7349.
7343.
7341.
7337.
7332.
7329.
7326.
7322.
7318.
7314.
7311.
7306.
7303.
7299.
7295.
7294.
7295.
7298.
7305.
7311.
7318.
7325.
7329.
7333.
7338.
7341.
7345.
7349.
7349.
7349.
7350.
7351.
7350.
7350.
7351.
7351.
7350.
7349.
7348.
7348.
7349.
7348.
7348.
7347.
7347.
7347.
7347.
7346.
7346.
7347.
7346.
7345.
7345.
7346.
7346.
7346.
7345.
7346.
7347.
7348.
7348.
7348.
7349.
7350.
7352.
7352.
7353.
7354.
7356.
7358.
7359.
7361.
7364.
7366.
7367.
7369.
7372.
7376.
7378.
7381.
7384.
7387.
7391.
7395.
7397.
7400.
7404.
7408.
7410.
7412.
7413.
7413.
7411.
7408.
7405.
7402.
7402.
7403.
7406.
7409.
7411.
7414.
7417.
7419.
7420.
7422.
7424.
7425.
7427.
7428.
7430.
7432.
7433.
7434.
7435.
7436.
7437.
7437.
7439.
7440.
7439.
7440.
7440.
7441.
7441.
7441.
7441.
7440.
7441.
7441.
7441.
7440.
7440.
7438.
7438.
7437.
7436.
7435.
7434.
7432.
7430.
7428.
7428.
7426.
7423.
7421.
7419.
7417.
7416.
7414.
7411.
7408.
7407.
7404.
7401.
7397.
7394.
7392.
7388.
7386.
7383.
7379.
7376.
7373.
7369.
7365.
7362.
7358.
7354.
7351.
7348.
7344.
7340.
7337.
7333.
7329.
7326.
7323.
7322.
7323.
7326.
7330.
7336.
7342.
7349.
7353.
7357.
7360.
7364.
7366.
7368.
7369.
7371.
7369.
7370.
7371.
7370.
7370.
7370.
7369.
7370.
7368.
7369.
7370.
7370.
7369.
7369.
7368.
7368.
7367.
7368.
7368.
7370.
7368.
7368.
7368.
7368.
7369.
7368.
7370.
7368.
7370.
7369.
7370.
7370.
7371.
7372.
7372.
7372.
7373.
7374.
7373.
7375.
7375.
7376.
7377.
7377.
7377.
7379.
7379.
7381.
7381.
7382.
7384.
7384.
7385.
7388.
7388.
7391.
7391.
7394.
7397.
7398.
7400.
7403.
7405.
7407.
7410.
7413.
7415.
7418.
7421.
7425.
7427.
7429.
7429.
7426.
7423.
7418.
7414.
7412.
7410.
7410.
7411.
7413.
7415.
7417.
7418.
7420.
7422.
7422.
7423.
7425.
7425.
7425.
7426.
7426.
7428.
7428.
7428.
7428.
7427.
7428.
7428.
7427.
7426.
7426.
7425.
7426.
7424.
7424.
7422.
7422.
7420.
7418.
7417.
7416.
7414.
7413.
7410.
7409.
7408.
7405.
7402.
7400.
7399.
7397.
7394.
7390.
7388.
7385.
7382.
7380.
7378.
7374.
7370.
7368.
7363.
7360.
7356.
7353.
7350.
7348.
7343.
7340.
7336.
7333.
7329.
7325.
7321.
7317.
7314.
7310.
7307.
7303.
7302.
7303.
7307.
7311.
7318.
7324.
7331.
7336.
7341.
7347.
7349.
7352.
7352.
7351.
7352.
7351.
7350.
7351.
7350.
7350.
7349.
7349.
7349.
7349.
7348.
7348.
7348.
7347.
7346.
7346.
7345.
7346.
7346.
7346.
7346.
7345.
7345.
7345.
7344.
7345.
7346.
7346.
7347.
7346.
7346.
7348.
7348.
7350.
7350.
7351.
7351.
7352.
7353.
7355.
7356.
7358.
7359.
7360.
7364.
7366.
7368.
7371.
7373.
7376.
7377.
7381.
7383.
7387.
7389.
7393.
7397.
7399.
7403.
7408.
7411.
7412.
7412.
7408.
7406.
7402.
7398.
7397.
7397.
7398.
7401.
7405.
7408.
7410.
7411.
7415.
7416.
7418.
7418.
7420.
7422.
7423.
7423.
7426.
7427.
7427.
7429.
7430.
7428.
7429.
7432.
7432.
7431.
7431.
7431.
7431.
7432.
7431.
7431.
7431.
7430.
7429.
7427.
7427.
7426.
7425.
7424.
7422.
7421.
7420.
7419.
7417.
7415.
7413.
7410.
7409.
7406.
7404.
7401.
7399.
7395.
7393.
7391.
7388.
7385.
7381.
7380.
7377.
7373.
7369.
7365.
7362.
7359.
7354.
7352.
7349.
7345.
7342.
7338.
7333.
7330.
7327.
7323.
7319.
7316.
7314.
7315.
7316.
7322.
7326.
7330.
7336.
7339.
7343.
7347.
7351.
7355.
7357.
7358.
7357.
7358.
7356.
7356.
7356.
7357.
7356.
7355.
7355.
7353.
7354.
7353.
7353.
7352.
7352.
7352.
7352.
7352.
7352.
7351.
7351.
7350.
7349.
7349.
7350.
7349.
7348.
7348.
7347.
7349.
7349.
7349.
7348.
7349.
7349.
7350.
7349.
7349.
7349.
7350.
7351.
7351.
7352.
7353.
7354.
7354.
7356.
7356.
7358.
7359.
7362.
7362.
7363.
7367.
7368.
7370.
7372.
7375.
7377.
7380.
7383.
7386.
7388.
7391.
7395.
7399.
7401.
7403.
7403.
7400.
7396.
7392.
7389.
7388.
7388.
7388.
7391.
7393.
7396.
7397.
7400.
7402.
7403.
7404.
7406.
7409.
7408.
7410.
7412.
7412.
7413.
7413.
7414.
7415.
7416.
7416.
7418.
7418.
7417.
7417.
7418.
7418.
7418.
7419.
7419.
7417.
7417.
7417.
7416.
7416.
7415.
7414.
7412.
7412.
7410.
7410.
7408.
7407.
7406.
7404.
7404.
7401.
7398.
7396.
7394.
7392.
7389.
7388.
7386.
7382.
7380.
7376.
7375.
7372.
7369.
7365.
7362.
7360.
7357.
7353.
7350.
7347.
7344.
7340.
7337.
7334.
7331.
7326.
7322.
7319.
7315.
7312.
7307.
7305.
7303.
7306.
7309.
7313.
7318.
7322.
7328.
7334.
7336.
7340.
7343.
7346.
7347.
7349.
7347.
7346.
7347.
7346.
7345.
7344.
7345.
7344.
7344.
7343.
7342.
7341.
7342.
7342.
7341.
7341.
7339.
7339.
7338.
7338.
7337.
7337.
7336.
7336.
7337.
7336.
7337.
7336.
7335.
7334.
7335.
7335.
7334.
7334.
7334.
7335.
7334.
7335.
7335.
7333.
7334.
7336.
7337.
7336.
7337.
7338.
7339.
7340.
7341.
7342.
7342.
7344.
7346.
7348.
7349.
7351.
7354.
7355.
7358.
7360.
7362.
7366.
7367.
7370.
7373.
7376.
7379.
7382.
7385.
7389.
7392.
7395.
7400.
7404.
7407.
7409.
7411.
7409.
7409.
7404.
7399.
7396.
7395.
7395.
7396.
7399.
7401.
7405.
7407.
7409.
7411.
7411.
7412.
7415.
7416.
7417.
7418.
7418.
7419.
7419.
7420.
7421.
7420.
7420.
7420.
7421.
7420.
7421.
7419.
7419.
7418.
7419.
7417.
7417.
7415.
7414.
7412.
7411.
7410.
7409.
7407.
7404.
7402.
7400.
7399.
7396.
7393.
7391.
7389.
7385.
7384.
7381.
7379.
7375.
7373.
7370.
7367.
7364.
7360.
7356.
7353.
7351.
7347.
7344.
7340.
7337.
7333.
7329.
7326.
7322.
7321.
7315.
7311.
7310.
7308.
7308.
7311.
7316.
7322.
7327.
7335.
7340.
7345.
7347.
7351.
7353.
7355.
7356.
7356.
7356.
7356.
7355.
7355.
7356.
7355.
7355.
7354.
7353.
7354.
7353.
7351.
7352.
7352.
7351.
7350.
7350.
7349.
7349.
7350.
7350.
7348.
7348.
7349.
7347.
7349.
7348.
7348.
7348.
7348.
7348.
7348.
7349.
7348.
7348.
7348.
7348.
7348.
7348.
7349.
7349.
7350.
7352.
7352.
7351.
7352.
7352.
7352.
7352.
7354.
7354.
7356.
7357.
7358.
7358.
7360.
7360.
7362.
7363.
7364.
7366.
7367.
7368.
7370.
7372.
7373.
7374.
7377.
7378.
7380.
7382.
7386.
7388.
7390.
7393.
7396.
7399.
7402.
7404.
7408.
7411.
7414.
7417.
7420.
7420.
7421.
7418.
7415.
7412.
7409.
7409.
7409.
7410.
7412.
7416.
7420.
7422.
7423.
7423.
7426.
7428.
7427.
7429.
7431.
7432.
7432.
7432.
7433.
7434.
7436.
7435.
7437.
7435.
7435.
7436.
7436.
7436.
7435.
7435.
7436.
7434.
7434.
7432.
7430.
7430.
7430.
7429.
7427.
7425.
7423.
7422.
7421.
7419.
7418.
7416.
7414.
7411.
7409.
7407.
7405.
7402.
7398.
7396.
7394.
7391.
7387.
7386.
7383.
7380.
7376.
7374.
7371.
7366.
7364.
7360.
7358.
7354.
7352.
7346.
7343.
7340.
7337.
7333.
7329.
7325.
7322.
7319.
7317.
7316.
7318.
7323.
7327.
7334.
7342.
7348.
7353.
7357.
7359.
7360.
7363.
7365.
7365.
7366.
7365.
7364.
7364.
7364.
7364.
7363.
7364.
7364.
7363.
7363.
7363.
7362.
7362.
7361.
7361.
7362.
7361.
7362.
7362.
7362.
7361.
7361.
7361.
7360.
7360.
7361.
7361.
7361.
7361.
7361.
7362.
7361.
7362.
7362.
7362.
7363.
7365.
7365.
7366.
7366.
7368.
7368.
7368.
7370.
7371.
7373.
7374.
7375.
7377.
7380.
7381.
7383.
7384.
7388.
7389.
7391.
7394.
7397.
7399.
7401.
7405.
7408.
7410.
7413.
7416.
7417.
7417.
7417.
7414.
7411.
7408.
7407.
7407.
7408.
7409.
7411.
7414.
7417.
7419.
7420.
7421.
7422.
7423.
7426.
7428.
7430.
7431.
7431.
7432.
7433.
7434.
7435.
7435.
7436.
7437.
7436.
7437.
7437.
7438.
7438.
7437.
7437.
7436.
7436.
7436.
7435.
7436.
7435.
7433.
7433.
7432.
7431.
7430.
7428.
7427.
7426.
7423.
7422.
7419.
7418.
7415.
7414.
7412.
7410.
7407.
7406.
7403.
7400.
7398.
7395.
7393.
7390.
7386.
7383.
7381.
7378.
7375.
7372.
7369.
7365.
7361.
7358.
7354.
7352.
7349.
7345.
7341.
7339.
7333.
7331.
7326.
7323.
7321.
7317.
7316.
7317.
7320.
7324.
7329.
7334.
7341.
7345.
7349.
7352.
7356.
7360.
7361.
7362.
7362.
7363.
7363.
7362.
7362.
7361.
7360.
7360.
7359.
7361.
7361.
7359.
7359.
7359.
7359.
7359.
7359.
7358.
7357.
7357.
7357.
7356.
7356.
7356.
7357.
7354.
7354.
7355.
7354.
7354.
7353.
7354.
7353.
7353.
7354.
7353.
7354.
7355.
7356.
7355.
7355.
7357.
7358.
7358.
7358.
7359.
7359.
7360.
7360.
7362.
7364.
7364.
7366.
7368.
7367.
7370.
7371.
7373.
7376.
7378.
7380.
7381.
7384.
7387.
7389.
7391.
7394.
7396.
7400.
7403.
7405.
7408.
7411.
7412.
7411.
7410.
7407.
7405.
7403.
7403.
7405.
7407.
7408.
7410.
7413.
7416.
7418.
7419.
7420.
7423.
7425.
7425.
7429.
7428.
7429.
7431.
7432.
7433.
7435.
7436.
7436.
7438.
7438.
7439.
7441.
7441.
7442.
7441.
7443.
7443.
7442.
7443.
7443.
7443.
7443.
7442.
7442.
7442.
7440.
7440.
7441.
7440.
7439.
7438.
7438.
7437.
7436.
7434.
7433.
7432.
7431.
7428.
7427.
7425.
7424.
7421.
7419.
7417.
7415.
7412.
7410.
7408.
7406.
7404.
7400.
7398.
7394.
7390.
7389.
7386.
7382.
7380.
7377.
7373.
7370.
7367.
7364.
7360.
7357.
7354.
7350.
7346.
7342.
7339.
7337.
7333.
7331.
7328.
7330.
7333.
7340.
7346.
7351.
7353.
7357.
7360.
7365.
7366.
7370.
7370.
7370.
7371.
7370.
7371.
7371.
7371.
7370.
7370.
7370.
7370.
7370.
7370.
7369.
7368.
7369.
7368.
7367.
7368.
7367.
7367.
7366.
7366.
7367.
7366.
7367.
7367.
7366.
7365.
7365.
7365.
7367.
7365.
7365.
7365.
7367.
7366.
7366.
7367.
7367.
7368.
7367.
7368.
7368.
7368.
7369.
7370.
7370.
7371.
7372.
7372.
7372.
7374.
7374.
7375.
7376.
7377.
7377.
7379.
7379.
7381.
7382.
7384.
7384.
7386.
7389.
7391.
7392.
7393.
7395.
7399.
7399.
7402.
7405.
7405.
7406.
7406.
7404.
7400.
7394.
7389.
7386.
7386.
7386.
7387.
7389.
7390.
7390.
7392.
7392.
7394.
7394.
7396.
7395.
7396.
7397.
7397.
7397.
7397.
7397.
7397.
7397.
7396.
7396.
7396.
7395.
7394.
7394.
7392.
7392.
7390.
7389.
7390.
7388.
7387.
7386.
7384.
7382.
7382.
7379.
7378.
7376.
7374.
7370.
7370.
7366.
7365.
7362.
7359.
7357.
7354.
7352.
7350.
7346.
7343.
7340.
7337.
7334.
7330.
7328.
7325.
7323.
7320.
7320.
7322.
7326.
7331.
7335.
7341.
7346.
7348.
7352.
7354.
7355.
7356.
7357.
7357.
7357.
7356.
7357.
7356.
7355.
7355.
7355.
7354.
7354.
7352.
7352.
7352.
7352.
7350.
7350.
7348.
7350.
7348.
7347.
7348.
7346.
7344.
7344.
7343.
7342.
7342.
7341.
7339.
7340.
7337.
7338.
7336.
7335.
7334.
7334.
7333.
7332.
7330.
7329.
7327.
7327.
7324.
7323.
7322.
7321.
7319.
7318.
7317.
7316.
7315.
7312.
7309.
7307.
7306.
7305.
7301.
7299.
7297.
7295.
7293.
7292.
7293.
7296.
7302.
7307.
7313.
7320.
7325.
7329.
7332.
7336.
7338.
7340.
7341.
7342.
7342.
7342.
7343.
7343.
7343.
7342.
7343.
7342.
7343.
7342.
7343.
7343.
7344.
7343.
7343.
7343.
7344.
7345.
7345.
7345.
7345.
7346.
7347.
7348.
7348.
7350.
7349.
7350.
7351.
7353.
7352.
7354.
7355.
7357.
7358.
7359.
7360.
7363.
7365.
7367.
7369.
7372.
7375.
7377.
7379.
7381.
7386.
7388.
7390.
7395.
7398.
7401.
7404.
7409.
7412.
7415.
7419.
7422.
7426.
7428.
7430.
7430.
7429.
7427.
7425.
7421.
7419.
7419.
7418.
7420.
7424.
7425.
7427.
7430.
7432.
7434.
7433.
7435.
7436.
7438.
7439.
7440.
7440.
7442.
7441.
7442.
7441.
7442.
7442.
7441.
7440.
7441.
7440.
7438.
7438.
7437.
7436.
7435.
7435.
7432.
7432.
7430.
7428.
7426.
7424.
7422.
7420.
7419.
7416.
7415.
7411.
7409.
7406.
7403.
7401.
7398.
7395.
7393.
7389.
7388.
7384.
7380.
7378.
7374.
7371.
7368.
7365.
7361.
7357.
7354.
7351.
7348.
7345.
7341.
7336.
7333.
7329.
7325.
7322.
7318.
7314.
7310.
7309.
7306.
7305.
7308.
7313.
7318.
7323.
7328.
7334.
7340.
7346.
7350.
7351.
7353.
7354.
7354.
7354.
7354.
7353.
7353.
7352.
7352.
7352.
7353.
7352.
7352.
7351.
7351.
7351.
7351.
7350.
7351.
7351.
7350.
7350.
7350.
7350.
7350.
7351.
7351.
7351.
7352.
7351.
7351.
7352.
7352.
7353.
7354.
7356.
7356.
7357.
7359.
7360.
7361.
7363.
7365.
7367.
7367.
7369.
7371.
7375.
7377.
7379.
7382.
7384.
7386.
7389.
7393.
7396.
7399.
7402.
7405.
7409.
7412.
7416.
7420.
7423.
7427.
7430.
7435.
7439.
7442.
7447.
7451.
7453.
7455.
7455.
7455.
7452.
7449.
7445.
7445.
7444.
7446.
7448.
7451.
7454.
7455.
7457.
7460.
7461.
7462.
7463.
7464.
7464.
7464.
7465.
7465.
7467.
7466.
7466.
7466.
7465.
7465.
7464.
7463.
7464.
7463.
7462.
7461.
7459.
7458.
7457.
7456.
7454.
7453.
7450.
7449.
7447.
7445.
7443.
7441.
7438.
7435.
7433.
7432.
7428.
7427.
7423.
7420.
7417.
7415.
7411.
7409.
7406.
7402.
7399.
7395.
7392.
7390.
7386.
7383.
7379.
7375.
7372.
7368.
7365.
7361.
7358.
7355.
7350.
7346.
7343.
7341.
7339.
7339.
7341.
7347.
7352.
7358.
7364.
7367.
7371.
7375.
7377.
7381.
7383.
7383.
7384.
7384.
7384.
7384.
7383.
7383.
7382.
7383.
7382.
7382.
7383.
7383.
7383.
7382.
7382.
7382.
7381.
7382.
7382.
7382.
7381.
7383.
7381.
7381.
7381.
7382.
7382.
7382.
7382.
7382.
7382.
7383.
7383.
7383.
7384.
7384.
7384.
7385.
7387.
7387.
7388.
7388.
7390.
7391.
7392.
7392.
7395.
7397.
7398.
7401.
7402.
7404.
7406.
7408.