9721.
9719.
9717.
9716.
9714.
9710.
9708.
9705.
9702.
9698.
9695.
9691.
9687.
9683.
9678.
9674.
9669.
9665.
9659.
9655.
9650.
9645.
9641.
9635.
9630.
9625.
9620.
9614.
9610.
9605.
9599.
9592.
9586.
9581.
9576.
9570.
9565.
9558.
9552.
9547.
9540.
9535.
9528.
9523.
9517.
9511.
9505.
9500.
9496.
9494.
9498.
9504.
9512.
9523.
9534.
9546.
9558.
9570.
9582.
9593.
9604.
9615.
9627.
9638.
9650.
9663.
9675.
9687.
9698.
9706.
9715.
9723.
9729.
9734.
9739.
9741.
9743.
9745.
9746.
9746.
9746.
9746.
9746.
9748.
9747.
9747.
9747.
9747.
9747.
9746.
9746.
9745.
9745.
9743.
9741.
9740.
9738.
9734.
9734.
9731.
9728.
9726.
9722.
9719.
9716.
9712.
9709.
9704.
9700.
9695.
9690.
9687.
9681.
9676.
9671.
9668.
9662.
9658.
9654.
9648.
9644.
9639.
9634.
9627.
9623.
9617.
9612.
9606.
9601.
9596.
9590.
9584.
9581.
9574.
9568.
9561.
9556.
9551.
9546.
9540.
9535.
9531.
9532.
9535.
9542.
9551.
9562.
9573.
9585.
9597.
9611.
9624.
9638.
9652.
9665.
9679.
9693.
9706.
9720.
9733.
9746.
9756.
9766.
9773.
9784.
9789.
9796.
9800.
9801.
9803.
9805.
9805.
9804.
9804.
9804.
9803.
9802.
9801.
9799.
9798.
9795.
9794.
9793.
9790.
9789.
9786.
9782.
9780.
9777.
9774.
9770.
9767.
9763.
9759.
9754.
9750.
9747.
9744.
9739.
9734.
9729.
9724.
9720.
9715.
9710.
9704.
9699.
9694.
9690.
9683.
9679.
9674.
9668.
9663.
9658.
9653.
9647.
9641.
9636.
9629.
9624.
9618.
9612.
9608.
9602.
9595.
9589.
9584.
9578.
9572.
9564.
9559.
9553.
9547.
9541.
9535.
9527.
9521.
9516.
9509.
9501.
9496.
9489.
9482.
9475.
9469.
9463.
9457.
9451.
9444.
9438.
9430.
9424.
9417.
9410.
9404.
9397.
9391.
9385.
9378.
9370.
9364.
9357.
9350.
9344.
9336.
9330.
9323.
9317.
9308.
9301.
9296.
9289.
9282.
9275.
9268.
9261.
9255.
9247.
9240.
9232.
9226.
9219.
9212.
9205.
9198.
9190.
9184.
9176.
9169.
9162.
9156.
9147.
9139.
9133.
9126.
9119.
9112.
9103.
9096.
9090.
9082.
9075.
9068.
9061.
9054.
9045.
9039.
9031.
9023.
9015.
9009.
9001.
8993.
8986.
8979.
8972.
8964.
8956.
8947.
8940.
8933.
8925.
8918.
8911.
8902.
8895.
8888.
8880.
8872.
8865.
8858.
8850.
8842.
8836.
8827.
8819.
8812.
8806.
8797.
8790.
8783.
8776.
8768.
8761.
8752.
8746.
8738.
8731.
8723.
8716.
8708.
8700.
8693.
8685.
8680.
8672.
8664.
8658.
8651.
8643.
8635.
8628.
8619.
8613.
8607.
8601.
8595.
8589.
8580.
8574.
8568.
8563.
8557.
8551.
8545.
8539.
8532.
8526.
8522.
8516.
8511.
8507.
8503.
8498.
8495.
8488.
8485.
8480.
8475.
8470.
8466.
8462.
8459.
8455.
8452.
8450.
8447.
8444.
8441.
8438.
8436.
8433.
8431.
8429.
8427.
8426.
8425.
8424.
8422.
8421.
8419.
8418.
8417.
8416.
8412.
8406.
8395.
8380.
8360.
8338.
8313.
8287.
8259.
8231.
8204.
8177.
8149.
8120.
8092.
8065.
8038.
8016.
7998.
7984.
7971.
7958.
7946.
7935.
7923.
7914.
7903.
7892.
7880.
7869.
7859.
7847.
7836.
7826.
7813.
7802.
7791.
7780.
7768.
7757.
7746.
7732.
7721.
7710.
7699.
7688.
7675.
7665.
7653.
7642.
7630.
7619.
7607.
7596.
7587.
7576.
7565.
7555.
7544.
7536.
7526.
7516.
7508.
7499.
7491.
7481.
7474.
7465.
7458.
7449.
7441.
7435.
7428.
7423.
7416.
7410.
7405.
7400.
7394.
7390.
7385.
7381.
7377.
7373.
7369.
7364.
7362.
7359.
7355.
7352.
7346.
7339.
7325.
7307.
7285.
7261.
7233.
7203.
7173.
7140.
7107.
7072.
7039.
7005.
6970.
6937.
6904.
6873.
6845.
6818.
6795.
6774.
6756.
6737.
6721.
6705.
6690.
6675.
6659.
6645.
6628.
6615.
6600.
6585.
6571.
6557.
6545.
6530.
6516.
6502.
6489.
6473.
6461.
6449.
6435.
6423.
6411.
6400.
6388.
6377.
6366.
6357.
6348.
6338.
6330.
6322.
6315.
6308.
6301.
6297.
6292.
6290.
6286.
6284.
6281.
6278.
6278.
6277.
6276.
6276.
6277.
6277.
6277.
6278.
6279.
6280.
6281.
6282.
6283.
6283.
6282.
6278.
6270.
6257.
6241.
6222.
6202.
6180.
6157.
6133.
6108.
6081.
6054.
6028.
6001.
5973.
5946.
5919.
5890.
5863.
5836.
5810.
5786.
5764.
5744.
5727.
5710.
5697.
5683.
5670.
5659.
5646.
5636.
5625.
5616.
5605.
5595.
5586.
5578.
5569.
5562.
5554.
5547.
5540.
5534.
5530.
5526.
5521.
5516.
5514.
5511.
5510.
5509.
5507.
5508.
5508.
5509.
5510.
5512.
5514.
5517.
5520.
5523.
5528.
5530.
5533.
5536.
5541.
5545.
5549.
5554.
5558.
5564.
5567.
5571.
5577.
5580.
5584.
5587.
5591.
5593.
5590.
5583.
5572.
5556.
5538.
5519.
5497.
5476.
5452.
5430.
5405.
5381.
5357.
5333.
5309.
5286.
5262.
5237.
5215.
5193.
5172.
5152.
5132.
5114.
5096.
5078.
5063.
5048.
5034.
5023.
5014.
5007.
5001.
4997.
4993.
4991.
4989.
4987.
4986.
4985.
4984.
4985.
4985.
4986.
4988.
4990.
4991.
4995.
4997.
5001.
5005.
5010.
5014.
5018.
5024.
5029.
5035.
5039.
5047.
5054.
5060.
5066.
5072.
5079.
5084.
5091.
5097.
5101.
5106.
5110.
5113.
5114.
5111.
5107.
5102.
5093.
5084.
5075.
5064.
5052.
5042.
5031.
5018.
5006.
4995.
4983.
4974.
4962.
4951.
4941.
4930.
4920.
4911.
4902.
4892.
4883.
4874.
4865.
4856.
4850.
4843.
4836.
4831.
4827.
4821.
4816.
4810.
4805.
4801.
4795.
4790.
4785.
4780.
4777.
4774.
4771.
4767.
4765.
4762.
4760.
4758.
4757.
4756.
4755.
4754.
4753.
4751.
4749.
4749.
4749.
4751.
4752.
4754.
4754.
4756.
4758.
4761.
4763.
4763.
4766.
4768.
4769.
4771.
4773.
4776.
4778.
4780.
4780.
4782.
4785.
4788.
4791.
4795.
4798.
4799.
4803.
4806.
4811.
4816.
4822.
4830.
4837.
4844.
4852.
4860.
4867.
4877.
4884.
4892.
4899.
4907.
4914.
4920.
4927.
4934.
4940.
4946.
4952.
4957.
4961.
4964.
4968.
4970.
4970.
4972.
4973.
4975.
4977.
4979.
4982.
4984.
4986.
4989.
4993.
4996.
4999.
5002.
5006.
5010.
5013.
5018.
5023.
5029.
5033.
5039.
5044.
5049.
5053.
5057.
5062.
5066.
5070.
5075.
5079.
5083.
5086.
5092.
5096.
5101.
5106.
5111.
5116.
5120.
5123.
5128.
5132.
5137.
5142.
5146.
5150.
5154.
5158.
5163.
5166.
5171.
5174.
5177.
5182.
5186.
5189.
5192.
5196.
5200.
5202.
5207.
5209.
5213.
5214.
5217.
5221.
5223.
5228.
5230.
5235.
5237.
5241.
5245.
5247.
5251.
5254.
5257.
5261.
5264.
5268.
5271.
5279.
5291.
5303.
5319.
5336.
5354.
5371.
5387.
5403.
5421.
5436.
5447.
5459.
5470.
5482.
5496.
5508.
5520.
5533.
5545.
5561.
5577.
5594.
5612.
5630.
5648.
5665.
5684.
5702.
5721.
5740.
5760.
5778.
5795.
5811.
5826.
5840.
5853.
5864.
5874.
5883.
5891.
5899.
5906.
5914.
5922.
5930.
5938.
5945.
5952.
5960.
5968.
5976.
5983.
5990.
5999.
6006.
6013.
6021.
6028.
6034.
6042.
6050.
6057.
6064.
6072.
6080.
6087.
6094.
6100.
6107.
6115.
6121.
6129.
6137.
6144.
6152.
6159.
6167.
6176.
6184.
6192.
6201.
6209.
6217.
6225.
6234.
6239.
6245.
6252.
6259.
6264.
6269.
6276.
6282.
6288.
6294.
6301.
6309.
6318.
6326.
6335.
6346.
6355.
6365.
6374.
6383.
6390.
6399.
6410.
6421.
6433.
6442.
6451.
6460.
6469.
6478.
6488.
6499.
6510.
6523.
6536.
6551.
6568.
6584.
6600.
6616.
6631.
6647.
6663.
6679.
6695.
6712.
6729.
6748.
6765.
6783.
6801.
6816.
6831.
6847.
6864.
6880.
6895.
6909.
6924.
6938.
6952.
6965.
6976.
6989.
7001.
7011.
7023.
7033.
7045.
7056.
7066.
7077.
7088.
7099.
7109.
7120.
7132.
7142.
7154.
7164.
7174.
7184.
7195.
7205.
7216.
7226.
7237.
7246.
7255.
7266.
7275.
7286.
7295.
7305.
7314.
7322.
7329.
7337.
7346.
7352.
7359.
7365.
7371.
7378.
7383.
7393.
7407.
7423.
7445.
7470.
7498.
7528.
7559.
7590.
7622.
7655.
7687.
7720.
7752.
7786.
7819.
7852.
7884.
7917.
7949.
7983.
8015.
8049.
8083.
8115.
8145.
8173.
8199.
8223.
8243.
8263.
8280.
8295.
8309.
8322.
8333.
8346.
8356.
8366.
8376.
8385.
8393.
8402.
8409.
8416.
8424.
8430.
8435.
8440.
8445.
8449.
8451.
8454.
8458.
8460.
8462.
8463.
8466.
8467.
8470.
8473.
8478.
8483.
8491.
8500.
8510.
8522.
8533.
8546.
8561.
8574.
8590.
8605.
8622.
8639.
8658.
8677.
8697.
8718.
8739.
8760.
8783.
8805.
8825.
8849.
8870.
8892.
8914.
8936.
8958.
8979.
9001.
9021.
9042.
9063.
9082.
9099.
9118.
9137.
9154.
9170.
9186.
9201.
9217.
9230.
9245.
9260.
9274.
9286.
9299.
9310.
9323.
9333.
9343.
9351.
9359.
9365.
9370.
9373.
9376.
9378.
9380.
9379.
9378.
9377.
9375.
9373.
9371.
9367.
9365.
9362.
9359.
9356.
9355.
9355.
9358.
9361.
9364.
9368.
9373.
9378.
9384.
9389.
9395.
9402.
9406.
9412.
9419.
9425.
9432.
9439.
9446.
9456.
9464.
9471.
9480.
9488.
9497.
9508.
9518.
9527.
9538.
9547.
9556.
9566.
9576.
9584.
9594.
9603.
9612.
9622.
9631.
9641.
9649.
9659.
9667.
9675.
9682.
9689.
9696.
9703.
9708.
9715.
9721.
9726.
9730.
9734.
9739.
9743.
9745.
9749.
9751.
9755.
9757.
9757.
9759.
9760.
9760.
9758.
9757.
9755.
9752.
9748.
9744.
9739.
9736.
9730.
9725.
9721.
9717.
9712.
9707.
9702.
9697.
9693.
9688.
9682.
9679.
9673.
9669.
9666.
9664.
9665.
9667.
9673.
9678.
9687.
9694.
9701.
9709.
9719.
9727.
9736.
9746.
9756.
9766.
9776.
9785.
9793.
9800.
9807.
9812.
9816.
9821.
9825.
9828.
9830.
9832.
9835.
9836.
9836.
9838.
9839.
9840.
9840.
9841.
9841.
9842.
9842.
9840.
9840.
9840.
9838.
9837.
9835.
9833.
9831.
9828.
9826.
9823.
9821.
9817.
9811.
9809.
9805.
9800.
9795.
9790.
9786.
9781.
9777.
9771.
9765.
9761.
9756.
9751.
9745.
9740.
9735.
9729.
9725.
9719.
9712.
9706.
9702.
9695.
9690.
9684.
9677.
9671.
9666.
9660.
9653.
9646.
9640.
9634.
9627.
9621.
9614.
9609.
9603.
9597.
9590.
9583.
9577.
9571.
9564.
9558.
9551.
9544.
9539.
9531.
9526.
9519.
9510.
9503.
9496.
9490.
9483.
9476.
9469.
9462.
9454.
9448.
9440.
9433.
9426.
9418.
9411.
9406.
9399.
9391.
9383.
9377.
9369.
9362.
9354.
9348.
9340.
9332.
9325.
9319.
9311.
9304.
9296.
9288.
9280.
9272.
9266.
9259.
9251.
9243.
9237.
9229.
9221.
9214.
9208.
9201.
9193.
9186.
9179.
9172.
9165.
9158.
9151.
9144.
9137.
9128.
9122.
9115.
9108.
9102.
9095.
9088.
9081.
9073.
9067.
9059.
9052.
9045.
9038.
9031.
9024.
9018.
9012.
9004.
8996.
8990.
8982.
8975.
8969.
8963.
8954.
8948.
8941.
8933.
8926.
8919.
8912.
8906.
8898.
8892.
8885.
8877.
8870.
8864.
8857.
8849.
8843.
8835.
8829.
8822.
8815.
8808.
8802.
8795.
8789.
8782.
8775.
8769.
8760.
8755.
8747.
8739.
8734.
8728.
8720.
8713.
8706.
8699.
8692.
8684.
8677.
8670.
8664.
8656.
8649.
8645.
8641.
8637.
8634.
8637.
8644.
8653.
8662.
8674.
8687.
8703.
8718.
8733.
8750.
8766.
8779.
8793.
8805.
8816.
8825.
8832.
8839.
8842.
8843.
8843.
8842.
8839.
8836.
8833.
8830.
8828.
8824.
8821.
8816.
8812.
8806.
8799.
8793.
8789.
8784.
8780.
8778.
8777.
8777.
8777.
8777.
8776.
8775.
8775.
8776.
8776.
8775.
8774.
8774.
8775.
8773.
8773.
8773.
8775.
8774.
8771.
8768.
8760.
8749.
8731.
8708.
8682.
8651.
8619.
8585.
8556.
8528.
8504.
8482.
8463.
8448.
8438.
8430.
8425.
8418.
8412.
8406.
8400.
8394.
8388.
8383.
8378.
8371.
8363.
8356.
8350.
8344.
8337.
8329.
8322.
8316.
8310.
8303.
8297.
8289.
8281.
8275.
8267.
8260.
8253.
8245.
8238.
8232.
8225.
8217.
8211.
8204.
8198.
8191.
8184.
8177.
8171.
8165.
8159.
8153.
8148.
8141.
8136.
8131.
8125.
8121.
8115.
8109.
8106.
8101.
8095.
8091.
8086.
8077.
8064.
8044.
8019.
7987.
7954.
7917.
7881.
7843.
7807.
7769.
7731.
7694.
7657.
7619.
7582.
7544.
7508.
7473.
7440.
7407.
7379.
7353.
7332.
7313.
7298.
7286.
7272.
7259.
7247.
7234.
7222.
7209.
7198.
7186.
7175.
7164.
7152.
7141.
7130.
7118.
7107.
7093.
7083.
7072.
7060.
7048.
7038.
7028.
7018.
7008.
6998.
6990.
6980.
6970.
6962.
6954.
6945.
6940.
6931.
6924.
6918.
6912.
6907.
6901.
6897.
6891.
6888.
6883.
6881.
6878.
6875.
6871.
6869.
6866.
6864.
6863.
6861.
6860.
6859.
6859.
6856.
6856.
6855.
6855.
6855.
6854.
6853.
6853.
6851.
6844.
6832.
6818.
6797.
6774.
6751.
6724.
6698.
6669.
6638.
6608.
6575.
6542.
6512.
6480.
6450.
6417.
6385.
6354.
6325.
6295.
6267.
6239.
6213.
6184.
6159.
6133.
6107.
6084.
6063.
6043.
6025.
6010.
5996.
5985.
5974.
5962.
5952.
5942.
5932.
5924.
5915.
5906.
5900.
5893.
5886.
5881.
5875.
5871.
5865.
5861.
5857.
5854.
5852.
5850.
5847.
5846.
5845.
5844.
5846.
5845.
5845.
5847.
5848.
5851.
5853.
5855.
5858.
5862.
5863.
5867.
5871.
5874.
5878.
5881.
5885.
5890.
5893.
5898.
5902.
5906.
5909.
5915.
5920.
5923.
5928.
5933.
5938.
5942.
5946.
5951.
5955.
5959.
5964.
5968.
5971.
5971.
5965.
5957.
5943.
5928.
5910.
5891.
5871.
5849.
5824.
5798.
5772.
5744.
5720.
5694.
5669.
5643.
5617.
5594.
5571.
5550.
5530.
5510.
5488.
5470.
5450.
5434.
5417.
5401.
5386.
5373.
5359.
5346.
5332.
5320.
5308.
5297.
5287.
5275.
5266.
5256.
5247.
5238.
5229.
5222.
5214.
5209.
5203.
5197.
5192.
5186.
5181.
5175.
5170.
5165.
5160.
5155.
5151.
5148.
5144.
5141.
5138.
5136.
5135.
5136.
5135.
5137.
5137.
5138.
5140.
5143.
5147.
5150.
5155.
5160.
5166.
5171.
5177.
5181.
5188.
5194.
5200.
5207.
5213.
5220.
5227.
5234.
5241.
5248.
5255.
5262.
5269.
5276.
5285.
5292.
5299.
5306.
5313.
5320.
5327.
5334.
5341.
5347.
5354.
5361.
5368.
5375.
5381.
5385.
5389.
5388.
5385.
5378.
5369.
5358.
5347.
5333.
5319.
5303.
5288.
5273.
5257.
5241.
5228.
5217.
5205.
5194.
5185.
5176.
5169.
5164.
5160.
5156.
5154.
5151.
5151.
5150.
5148.
5147.
5146.
5146.
5144.
5144.
5141.
5139.
5138.
5132.
5130.
5127.
5126.
5123.
5121.
5119.
5118.
5116.
5117.
5116.
5118.
5120.
5121.
5124.
5126.
5129.
5131.
5135.
5139.
5143.
5147.
5151.
5158.
5163.
5169.
5176.
5182.
5189.
5195.
5202.
5209.
5216.
5221.
5227.
5235.
5240.
5247.
5253.
5258.
5265.
5270.
5275.
5281.
5287.
5291.
5297.
5301.
5307.
5312.
5318.
5322.
5327.
5332.
5338.
5344.
5348.
5354.
5358.
5364.
5368.
5373.
5377.
5383.
5388.
5393.
5398.
5402.
5406.
5412.
5416.
5420.
5425.
5429.
5434.
5438.
5443.
5447.
5451.
5454.
5459.
5463.
5467.
5470.
5473.
5478.
5482.
5485.
5489.
5492.
5496.
5499.
5502.
5505.
5507.
5511.
5513.
5517.
5519.
5520.
5522.
5525.
5526.
5528.
5530.
5532.
5532.
5535.
5536.
5536.
5538.
5538.
5539.
5541.
5541.
5542.
5543.
5545.
5546.
5548.
5549.
5551.
5553.
5554.
5555.
5556.
5559.
5561.
5566.
5575.
5589.
5604.
5620.
5637.
5654.
5671.
5685.
5700.
5711.
5722.
5736.
5749.
5762.
5773.
5784.
5794.
5803.
5813.
5826.
5840.
5855.
5869.
5882.
5897.
5911.
5926.
5941.
5955.
5971.
5985.
5999.
6014.
6030.
6046.
6060.
6076.
6090.
6106.
6120.
6137.
6151.
6166.
6178.
6191.
6203.
6214.
6223.
6232.
6242.
6251.
6259.
6267.
6275.
6284.
6292.
6300.
6307.
6315.
6323.
6331.
6340.
6348.
6356.
6364.
6373.
6381.
6389.
6397.
6406.
6415.
6422.
6430.
6439.
6449.
6458.
6465.
6474.
6483.
6492.
6501.
6511.
6520.
6528.
6535.
6546.
6555.
6564.
6573.
6582.
6589.
6598.
6608.
6617.
6625.
6634.
6642.
6650.
6659.
6666.
6674.
6682.
6690.
6698.
6708.
6721.
6735.
6753.
6772.
6793.
6816.
6838.
6860.
6884.
6905.
6925.
6943.
6963.
6981.
7000.
7015.
7031.
7045.
7059.
7070.
7083.
7094.
7105.
7116.
7126.
7136.
7147.
7157.
7168.
7179.
7189.
7200.
7211.
7223.
7235.
7247.
7259.
7273.
7288.
7303.
7321.
7337.
7354.
7373.
7390.
7405.
7422.
7441.
7458.
7474.
7492.
7506.
7523.
7540.
7557.
7573.
7589.
7605.
7623.
7640.
7654.
7670.
7684.
7699.
7712.
7725.
7738.
7749.
7760.
7770.
7780.
7789.
7797.
7807.
7816.
7824.
7831.
7838.
7846.
7853.
7859.
7866.
7871.
7876.
7880.
7886.
7891.
7896.
7900.
7903.
7906.
7909.
7913.
7916.
7919.
7921.
7922.
7924.
7926.
7926.
7927.
7932.
7934.
7941.
7952.
7967.
7983.
8000.
8020.
8039.
8058.
8077.
8097.
8118.
8138.
8158.
8179.
8197.
8215.
8234.
8254.
8273.
8291.
8309.
8327.
8344.
8359.
8376.
8393.
8410.
8426.
8443.
8460.
8478.
8496.
8513.
8530.
8548.
8565.
8584.
8603.
8622.
8640.
8659.
8677.
8696.
8715.
8733.
8752.
8768.
8785.
8801.
8816.
8834.
8850.
8866.
8881.
8897.
8912.
8927.
8943.
8959.
8975.
8991.
9004.
9019.
9032.
9045.
9057.
9071.
9082.
9094.
9106.
9116.
9127.
9138.
9147.
9156.
9163.
9170.
9176.
9180.
9184.
9188.
9190.
9191.
9192.
9191.
9191.
9189.
9189.
9187.
9185.
9184.
9182.
9180.
9177.
9176.
9174.
9172.
9168.
9166.
9164.
9163.
9162.
9162.
9164.
9168.
9172.
9178.
9185.
9193.
9202.
9211.
9220.
9230.
9240.
9250.
9260.
9270.
9280.
9289.
9297.
9305.
9315.
9324.
9335.
9345.
9353.
9363.
9372.
9383.
9395.
9404.
9412.
9421.
9427.
9434.
9439.
9446.
9451.
9457.
9463.
9468.
9474.
9478.
9483.
9486.
9488.
9492.
9495.
9498.
9500.
9503.
9506.
9508.
9510.
9513.
9515.
9516.
9517.
9516.
9515.
9515.
9512.
9511.
9509.
9507.
9505.
9501.
9498.
9496.
9492.
9489.
9485.
9481.
9476.
9472.
9468.
9465.
9460.
9454.
9450.
9446.
9441.
9436.
9431.
9427.
9421.
9417.
9411.
9406.
9402.
9397.
9393.
9388.
9382.
9377.
9371.
9365.
9360.
9354.
9349.
9343.
9335.
9328.
9321.
9313.
9307.
9300.
9294.
9287.
9282.
9275.
9271.
9269.
9268.
9269.
9270.
9274.
9278.
9282.
9288.
9293.
9299.
9304.
9312.
9317.
9323.
9330.
9335.
9340.
9345.
9351.
9358.
9364.
9372.
9379.
9384.
9389.
9395.
9402.
9407.
9414.
9420.
9425.
9429.
9434.
9439.
9443.
9446.
9451.
9456.
9460.
9462.
9465.
9468.
9470.
9473.
9475.
9476.
9477.
9479.
9480.
9481.
9482.
9482.
9483.
9482.
9482.
9482.
9482.
9481.
9480.
9480.
9480.
9478.
9477.
9476.
9474.
9471.
9468.
9467.
9465.
9463.
9459.
9456.
9454.
9452.
9448.
9444.
9441.
9437.
9434.
9430.
9426.
9422.
9418.
9414.
9411.
9405.
9403.
9398.
9394.
9389.
9384.
9380.
9376.
9372.
9365.
9360.
9355.
9351.
9346.
9340.
9336.
9330.
9325.
9320.
9315.
9309.
9303.
9300.
9293.
9287.
9283.
9278.
9272.
9266.
9260.
9255.
9250.
9244.
9237.
9233.
9226.
9219.
9213.
9207.
9201.
9196.
9189.
9184.
9178.
9171.
9166.
9160.
9154.
9149.
9142.
9135.
9129.
9123.
9117.
9110.
9104.
9098.
9091.
9085.
9079.
9073.
9067.
9060.
9054.
9049.
9043.
9036.
9029.
9024.
9019.
9011.
9005.
8999.
8994.
8988.
8981.
8975.
8969.
8963.
8957.
8951.
8945.
8940.
8934.
8928.
8922.
8916.
8912.
8906.
8900.
8895.
8889.
8883.
8878.
8874.
8867.
8863.
8858.
8854.
8848.
8844.
8838.
8834.
8829.
8825.
8821.
8817.
8813.
8810.
8806.
8803.
8798.
8795.
8792.
8789.
8785.
8783.
8781.
8777.
8775.
8773.
8771.
8769.
8768.
8767.
8765.
8765.
8763.
8761.
8761.
8762.
8760.
8760.
8760.
8760.
8760.
8761.
8761.
8762.
8760.
8755.
8748.
8735.
8717.
8695.
8670.
8644.
8619.
8594.
8571.
8547.
8523.
8499.
8475.
8451.
8431.
8414.
8401.
8391.
8382.
8374.
8368.
8363.
8355.
8349.
8342.
8335.
8328.
8321.
8314.
8308.
8300.
8293.
8286.
8279.
8271.
8263.
8255.
8247.
8239.
8232.
8225.
8217.
8208.
8201.
8193.
8186.
8178.
8170.
8161.
8155.
8146.
8140.
8132.
8125.
8117.
8111.
8104.
8098.
8090.
8084.
8077.
8070.
8061.
8050.
8035.
8013.
7987.
7955.
7922.
7887.
7850.
7814.
7778.
7742.
7707.
7673.
7640.
7609.
7578.
7550.
7523.
7502.
7484.
7468.
7455.
7442.
7431.
7420.
7409.
7397.
7386.
7375.
7363.
7353.
7342.
7331.
7320.
7310.
7299.
7288.
7278.
7266.
7256.
7245.
7235.
7224.
7213.
7203.
7192.
7182.
7171.
7161.
7152.
7142.
7132.
7122.
7115.
7104.
7097.
7087.
7079.
7071.
7062.
7057.
7049.
7042.
7037.
7030.
7025.
7019.
7015.
7008.
7005.
6999.
6996.
6992.
6989.
6985.
6982.
6979.
6977.
6974.
6971.
6970.
6968.
6965.
6965.
6962.
6961.
6960.
6959.
6957.
6954.
6948.
6938.
6921.
6901.
6879.
6855.
6829.
6803.
6775.
6747.
6718.
6690.
6661.
6633.
6603.
6575.
6547.
6520.
6490.
6462.
6432.
6404.
6375.
6347.
6319.
6294.
6268.
6244.
6222.
6202.
6185.
6170.
6156.
6142.
6130.
6119.
6109.
6097.
6087.
6078.
6068.
6059.
6050.
6042.
6034.
6025.
6019.
6010.
6004.
5999.
5992.
5987.
5983.
5977.
5972.
5969.
5966.
5963.
5959.
5958.
5956.
5955.
5956.
5956.
5956.
5957.
5959.
5959.
5961.
5963.
5965.
5969.
5970.
5972.
5975.
5979.
5982.
5984.
5988.
5992.
5995.
5997.
5997.
5996.
5990.
5979.
5966.
5947.
5928.
5905.
5883.
5858.
5833.
5809.
5785.
5758.
5732.
5707.
5679.
5653.
5627.
5602.
5578.
5556.
5532.
5510.
5488.
5467.
5445.
5428.
5410.
5395.
5382.
5372.
5364.
5357.
5352.
5347.
5344.
5342.
5339.
5338.
5335.
5333.
5332.
5332.
5332.
5332.
5333.
5334.
5335.
5337.
5340.
5342.
5345.
5349.
5353.
5357.
5361.
5365.
5370.
5374.
5379.
5385.
5390.
5394.
5400.
5404.
5409.
5415.
5421.
5429.
5434.
5439.
5443.
5447.
5448.
5446.
5440.
5431.
5420.
5407.
5391.
5375.
5358.
5339.
5320.
5301.
5281.
5263.
5244.
5225.
5208.
5191.
5172.
5154.
5137.
5122.
5107.
5092.
5078.
5064.
5050.
5036.
5025.
5014.
5002.
4991.
4980.
4972.
4964.
4956.
4948.
4941.
4933.
4925.
4919.
4912.
4906.
4899.
4892.
4886.
4880.
4876.
4870.
4865.
4861.
4859.
4855.
4851.
4849.
4846.
4843.
4841.
4839.
4836.
4833.
4828.
4826.
4825.
4823.
4822.
4820.
4816.
4815.
4813.
4812.
4812.
4813.
4812.
4812.
4812.
4810.
4811.
4810.
4810.
4811.
4815.
4818.
4822.
4828.
4833.
4839.
4847.
4853.
4859.
4867.
4873.
4880.
4887.
4893.
4901.
4908.
4916.
4925.
4933.
4941.
4950.
4959.
4968.
4976.
4985.
4994.
5001.
5010.
5019.
5028.
5037.
5045.
5054.
5065.
5074.
5081.
5089.
5100.
5110.
5118.
5126.
5135.
5145.
5153.
5161.
5170.
5180.
5188.
5196.
5205.
5213.
5222.
5231.
5240.
5249.
5257.
5266.
5274.
5283.
5292.
5299.
5307.
5316.
5324.
5332.
5340.
5348.
5356.
5364.
5372.
5380.
5388.
5395.
5403.
5410.
5417.
5424.
5432.
5440.
5446.
5455.
5463.
5471.
5479.
5488.
5497.
5507.
5515.
5525.
5533.
5542.
5550.
5558.
5563.
5569.
5577.
5583.
5586.
5592.
5597.
5603.
5607.
5613.
5618.
5623.
5628.
5634.
5640.
5645.
5650.
5655.
5661.
5666.
5672.
5678.
5684.
5687.
5692.
5696.
5701.
5705.
5709.
5713.
5719.
5727.
5734.
5739.
5747.
5754.
5761.
5769.
5777.
5786.
5794.
5799.
5806.
5814.
5820.
5827.
5833.
5841.
5849.
5856.
5863.
5872.
5880.
5887.
5892.
5900.
5907.
5913.
5919.
5927.
5932.
5940.
5945.
5953.
5960.
5968.
5974.
5982.
5989.
5996.
6001.
6009.
6015.
6020.
6026.
6033.
6038.
6043.
6049.
6055.
6061.
6067.
6073.
6079.
6086.
6091.
6097.
6103.
6110.
6118.
6125.
6132.
6139.
6146.
6153.
6162.
6172.
6179.
6189.
6197.
6206.
6215.
6223.
6233.
6242.
6251.
6260.
6269.
6279.
6290.
6298.
6309.
6319.
6329.
6339.
6347.
6356.
6366.
6375.
6382.
6390.
6399.
6408.
6416.
6426.
6434.
6444.
6452.
6464.
6474.
6484.
6494.
6503.
6512.
6521.
6530.
6538.
6545.
6552.
6559.
6567.
6575.
6584.
6592.
6599.
6607.
6615.
6623.
6631.
6639.
6647.
6654.
6661.
6669.
6677.
6684.
6694.
6703.
6712.
6723.
6733.
6744.
6755.
6766.
6777.
6788.
6799.
6810.
6821.
6833.
6843.
6856.
6869.
6882.
6895.
6908.
6921.
6936.
6950.
6964.
6980.
6997.
7012.
7027.
7042.
7058.
7071.
7086.
7100.
7114.
7128.
7143.
7156.
7171.
7184.
7198.
7214.
7229.
7243.
7257.
7269.
7283.
7297.
7310.
7323.
7336.
7348.
7360.
7373.
7383.
7394.
7404.
7416.
7426.
7437.
7444.
7454.
7463.
7472.
7485.
7498.
7510.
7523.
7535.
7549.
7561.
7576.
7591.
7609.
7625.
7641.
7656.
7672.
7687.
7705.
7721.
7738.
7755.
7770.
7786.
7804.
7820.
7837.
7854.
7869.
7886.
7903.
7921.
7940.
7956.
7975.
7993.
8010.
8027.
8043.
8060.
8076.
8093.
8110.
8130.
8146.
8164.
8181.
8199.
8216.
8232.
8249.
8264.
8279.
8292.
8304.
8314.
8323.
8332.
8340.
8346.
8353.
8359.
8364.
8369.
8372.
8377.
8380.
8383.
8386.
8389.
8391.
8394.
8394.
8395.
8396.
8398.
8400.
8401.
8401.
8402.
8401.
8402.
8402.
8402.
8403.
8404.
8408.
8414.
8424.
8436.
8448.
8462.
8478.
8496.
8514.
8532.
8550.
8568.
8588.
8606.
8626.
8644.
8663.
8682.
8700.
8717.
8733.
8751.
8767.
8784.
8800.
8818.
8832.
8848.
8861.
8877.
8891.
8906.
8919.
8932.
8944.
8957.
8968.
8980.
8990.
9000.
9010.
9021.
9032.
9042.
9054.
9067.
9077.
9089.
9099.
9110.
9120.
9129.
9138.
9146.
9154.
9160.
9165.
9170.
9174.
9176.
9180.
9182.
9182.
9183.
9184.
9183.
9185.
9186.
9186.
9184.
9184.
9184.
9183.
9182.
9182.
9180.
9179.
9177.
9176.
9174.
9173.
9170.
9169.
9167.
9165.
9164.
9163.
9162.
9163.
9165.
9166.
9171.
9175.
9181.
9186.
9192.
9197.
9203.
9208.
9215.
9220.
9226.
9232.
9237.
9243.
9249.
9254.
9259.
9265.
9272.
9278.
9284.
9290.
9296.
9302.
9307.
9313.
9320.
9328.
9331.
9337.
9342.
9348.
9352.
9357.
9361.
9365.
9370.
9371.
9377.
9379.
9383.
9387.
9391.
9393.
9395.
9398.
9400.
9401.
9404.
9405.
9405.
9405.
9406.
9406.
9406.
9404.
9404.
9402.
9400.
9400.
9399.
9396.
9394.
9393.
9391.
9388.
9385.
9382.
9380.
9377.
9374.
9371.
9367.
9365.
9362.
9358.
9354.
9352.
9349.
9345.
9341.
9337.
9334.
9328.
9325.
9320.
9317.
9313.
9308.
9304.
9300.
9294.
9291.
9287.
9282.
9277.
9273.
9268.
9262.
9258.
9255.
9257.
9258.
9262.
9267.
9274.
9282.
9290.
9297.
9304.
9312.
9321.
9331.
9339.
9345.
9351.
9358.
9366.
9373.
9378.
9384.
9389.
9392.
9397.
9399.
9402.
9405.
9407.
9408.
9410.
9411.
9413.
9414.
9414.
9415.
9416.
9415.
9415.
9414.
9414.
9413.
9410.
9410.
9409.
9407.
9408.
9407.
9406.
9405.
9405.
9405.
9404.
9403.
9402.
9401.
9399.
9396.
9396.
9394.
9392.
9389.
9388.
9385.
9383.
9381.
9378.
9376.
9373.
9371.
9369.
9367.
9364.
9360.
9358.
9355.
9353.
9351.
9348.
9347.
9343.
9341.
9338.
9334.
9331.
9329.
9326.
9322.
9319.
9316.
9313.
9310.
9308.
9305.
9302.
9300.
9297.
9293.
9290.
9287.
9284.
9281.
9278.
9273.
9265.
9252.
9235.
9212.
9186.
9160.
9134.
9109.
9085.
9065.
9046.
9030.
9017.
9009.
9001.
8996.
8992.
8989.
8985.
8981.
8977.
8973.
8967.
8962.
8957.
8952.
8946.
8941.
8936.
8932.
8926.
8921.
8914.
8909.
8905.
8900.
8894.
8890.
8886.
8880.
8876.
8870.
8866.
8862.
8856.
8851.
8847.
8842.
8837.
8833.
8830.
8825.
8821.
8817.
8813.
8809.
8805.
8802.
8799.
8796.
8792.
8788.
8786.
8782.
8779.
8775.
8770.
8763.
8751.
8734.
8711.
8684.
8653.
8622.
8588.
8555.
8523.
8491.
8464.
8436.
8408.
8384.
8361.
8340.
8324.
8312.
8302.
8294.
8285.
8278.
8270.
8262.
8254.
8246.
8238.
8231.
8221.
8214.
8207.
8198.
8189.
8181.
8173.
8165.
8158.
8149.
8139.
8131.
8122.
8114.
8106.
8098.
8088.
8081.
8072.
8064.
8056.
8047.
8039.
8031.
8023.
8015.
8007.
8000.
7992.
7985.
7977.
7969.
7963.
7956.
7949.
7942.
7935.
7929.
7922.
7917.
7911.
7905.
7900.
7894.
7888.
7884.
7879.
7874.
7869.
7866.
7861.
7858.
7853.
7850.
7846.
7844.
7839.
7836.
7834.
7832.
7828.
7826.
7824.
7819.
7809.
7797.
7777.
7755.
7731.
7705.
7677.
7651.
7622.
7593.
7566.
7535.
7507.
7479.
7451.
7423.
7396.
7371.
7346.
7322.
7303.
7284.
7269.
7255.
7244.
7232.
7221.
7211.
7200.
7190.
7180.
7170.
7161.
7151.
7142.
7133.
7123.
7113.
7104.
7095.
7086.
7076.
7067.
7058.
7049.
7039.
7031.
7023.
7014.
7007.
6997.
6990.
6983.
6975.
6969.
6962.
6954.
6948.
6943.
6938.
6933.
6928.
6922.
6917.
6914.
6911.
6906.
6902.
6900.
6896.
6894.
6891.
6889.
6887.
6885.
6882.
6876.
6868.
6856.
6840.
6821.
6801.
6778.
6754.
6728.
6702.
6678.
6653.
6624.
6597.
6569.
6541.
6514.
6487.
6459.
6432.
6404.
6377.
6351.
6325.
6300.
6277.
6255.
6236.
6219.
6204.
6191.
6181.
6170.
6161.
6151.
6143.
6136.
6129.
6122.
6115.
6109.
6103.
6098.
6093.
6089.
6085.
6079.
6076.
6072.
6070.
6066.
6063.
6060.
6058.
6057.
6056.
6057.
6056.
6056.
6056.
6056.
6056.
6057.
6058.
6059.
6060.
6060.
6062.
6064.
6065.
6068.
6069.
6071.
6072.
6073.
6070.
6066.
6059.
6047.
6032.
6017.
6001.
5983.
5963.
5944.
5926.
5907.
5888.
5868.
5848.
5829.
5810.
5790.
5772.
5754.
5738.
5720.
5704.
5688.
5673.
5657.
5642.
5627.
5616.
5601.
5589.
5577.
5564.
5552.
5539.
5528.
5518.
5507.
5497.
5485.
5474.
5463.
5455.
5446.
5439.
5431.
5424.
5419.
5412.
5405.
5399.
5395.
5390.
5386.
5382.
5377.
5374.
5370.
5366.
5363.
5360.
5358.
5356.
5354.
5353.
5350.
5348.
5346.
5345.
5343.
5345.
5346.
5345.
5344.
5345.
5344.
5342.
5340.
5338.
5335.
5333.
5330.
5327.
5325.
5323.
5320.
5318.
5317.
5315.
5314.
5312.
5311.
5309.
5307.
5305.
5304.
5301.
5301.
5298.
5298.
5297.
5295.
5294.
5292.
5290.
5288.
5285.
5284.
5282.
5278.
5275.
5271.
5269.
5268.
5265.
5264.
5262.
5260.
5257.
5254.
5252.
5251.
5250.
5248.
5247.
5245.
5243.
5240.
5239.
5237.
5235.
5234.
5231.
5228.
5224.
5220.
5218.
5215.
5213.
5211.
5208.
5204.
5201.
5198.
5195.
5193.
5189.
5185.
5182.
5179.
5178.
5177.
5177.
5177.
5175.
5174.
5174.
5172.
5172.
5172.
5171.
5170.
5170.
5168.
5167.
5167.
5167.
5166.
5166.
5166.
5165.
5166.
5166.
5167.
5169.
5170.
5173.
5173.
5175.
5177.
5177.
5179.
5179.
5181.
5182.
5182.
5182.
5184.
5183.
5185.
5184.
5186.
5186.
5186.
5186.
5187.
5187.
5186.
5187.
5186.
5188.
5189.
5190.
5192.
5193.
5194.
5196.
5197.
5200.
5201.
5204.
5206.
5208.
5211.
5214.
5218.
5222.
5226.
5231.
5237.
5242.
5247.
5252.
5256.
5261.
5267.
5273.
5278.
5285.
5289.
5295.
5300.
5306.
5311.
5315.
5321.
5327.
5333.
5338.
5344.
5349.
5355.
5361.
5367.
5372.
5377.
5384.
5388.
5394.
5399.
5405.
5410.
5415.
5420.
5426.
5432.
5437.
5443.
5448.
5453.
5457.
5463.
5469.
5474.
5480.
5485.
5489.
5495.
5500.
5505.
5509.
5514.
5520.
5524.
5529.
5533.
5539.
5543.
5549.
5553.
5557.
5563.
5567.
5573.
5578.
5582.
5587.
5592.
5597.
5604.
5610.
5617.
5624.
5632.
5641.
5650.
5659.
5669.
5677.
5686.
5696.
5707.
5715.
5724.
5734.
5741.
5750.
5759.
5767.
5773.
5782.
5787.
5793.
5800.
5805.
5810.
5815.
5821.
5826.
5831.
5837.
5844.
5849.
5855.
5860.
5867.
5871.
5877.
5884.
5889.
5895.
5901.
5906.
5912.
5917.
5924.
5931.
5936.
5941.
5946.
5953.
5959.
5965.
5972.
5977.
5985.
5990.
5998.
6003.
6010.
6017.
6022.
6030.
6037.
6043.
6051.
6058.
6065.
6073.
6082.
6090.
6098.
6105.
6115.
6124.
6134.
6144.
6154.
6164.
6175.
6185.
6196.
6207.
6219.
6231.
6244.
6256.
6266.
6279.
6291.
6304.
6317.
6328.
6339.
6350.
6360.
6370.
6381.
6391.
6402.
6413.
6424.
6435.
6446.
6457.
6470.
6481.
6492.
6504.
6515.
6528.
6539.
6550.
6559.
6570.
6582.
6593.
6604.
6614.
6626.
6636.
6647.
6659.
6672.
6685.
6697.
6710.
6722.
6735.
6748.
6762.
6775.
6789.
6803.
6818.
6832.
6846.
6859.
6874.
6887.
6901.
6913.
6926.
6939.
6951.
6963.
6976.
6988.
7000.
7012.
7024.
7035.
7048.
7059.
7071.
7083.
7095.
7107.
7117.
7128.
7139.
7148.
7159.
7170.
7181.
7192.
7202.
7211.
7222.
7232.
7242.
7252.
7261.
7270.
7279.
7287.
7295.
7304.
7312.
7321.
7329.
7337.
7345.
7352.
7359.
7365.
7371.
7378.
7384.
7390.
7394.
7400.
7404.
7410.
7416.
7421.
7424.
7430.
7433.
7437.
7442.
7445.
7448.
7454.
7458.
7461.
7467.
7472.
7480.
7491.
7504.
7521.
7539.
7557.
7577.
7597.
7616.
7636.
7655.
7674.
7693.
7710.
7729.
7747.
7765.
7782.
7799.
7816.
7832.
7848.
7865.
7882.
7898.
7913.
7930.
7945.
7962.
7979.
7995.
8012.
8028.
8044.
8061.
8078.
8096.
8113.
8131.
8146.
8163.
8177.
8193.
8206.
8220.
8232.
8244.
8254.
8265.
8276.
8286.
8295.
8303.
8311.
8319.
8327.
8333.
8340.
8347.
8352.
8359.
8364.
8369.
8375.
8378.
8381.
8385.
8387.
8391.
8393.
8394.
8397.
8400.
8401.
8402.
8404.
8404.
8404.
8407.
8408.
8408.
8407.
8408.
8409.
8409.
8411.
8416.
8424.
8435.
8450.
8468.
8488.
8510.
8530.
8551.
8571.
8592.
8614.
8638.
8661.
8681.
8702.
8723.
8744.
8765.
8785.
8806.
8828.
8849.
8870.
8892.
8911.
8932.
8952.
8973.
8993.
9012.
9031.
9048.
9065.
9079.
9096.
9110.
9123.
9133.
9142.
9150.
9157.
9163.
9168.
9173.
9177.
9180.
9182.
9184.
9185.
9187.
9188.
9188.
9188.
9188.
9189.
9188.
9188.
9187.
9187.
9187.
9185.
9183.
9181.
9179.
9178.
9175.
9173.
9171.
9170.
9166.
9165.
9162.
9161.
9160.
9158.
9157.
9159.
9162.
9167.
9173.
9179.
9186.
9192.
9198.
9205.
9211.
9217.
9222.
9228.
9234.
9241.
9248.
9255.
9262.
9269.
9277.
9285.
9293.
9300.
9309.
9318.
9326.
9333.
9340.
9348.
9356.
9366.
9375.
9382.
9391.
9398.
9406.
9413.
9421.
9428.
9434.
9439.
9444.
9450.
9454.
9457.
9461.
9463.
9465.
9466.
9466.
9467.
9466.
9465.
9464.
9463.
9461.
9460.
9457.
9454.
9451.
9450.
9447.
9444.
9442.
9440.
9436.
9432.
9428.
9423.
9420.
9417.
9412.
9408.
9405.
9400.
9397.
9391.
9387.
9383.
9379.
9374.
9369.
9365.
9361.
9355.
9352.
9347.
9343.
9338.
9333.
9332.
9333.
9336.
9342.
9348.
9358.
9368.
9378.
9388.
9400.
9411.
9424.
9437.
9449.
9462.
9474.
9482.
9492.
9501.
9511.
9520.
9529.
9538.
9546.
9553.
9561.
9566.
9572.
9577.
9582.
9586.
9590.
9594.
9596.
9599.
9602.
9604.
9606.
9605.
9606.
9607.
9605.
9605.
9604.
9603.
9601.
9600.
9598.
9596.
9595.
9591.
9589.
9587.
9585.
9582.
9579.
9576.
9571.
9568.
9565.
9562.
9558.
9555.
9552.
9545.
9543.
9539.
9534.
9530.
9526.
9520.
9516.
9511.
9507.
9502.
9498.
9494.
9488.
9483.
9478.
9474.
9469.
9462.
9456.
9452.
9445.
9440.
9436.
9431.
9425.
9420.
9414.
9409.
9403.
9398.
9392.
9388.
9382.
9378.
9372.
9366.
9361.
9356.
9351.
9346.
9339.
9334.
9328.
9324.
9318.
9313.
9307.
9303.
9297.
9293.
9288.
9284.
9279.
9275.
9269.
9264.
9259.
9255.
9251.
9246.
9241.
9236.
9232.
9229.
9224.
9220.
9217.
9211.
9207.
9205.
9201.
9197.
9194.
9191.
9189.
9186.
9183.
9179.
9178.
9175.
9172.
9169.
9168.
9165.
9163.
9162.
9159.
9157.
9156.
9155.
9153.
9151.
9149.
9147.
9145.
9140.
9130.
9116.
9098.
9076.
9052.
9028.
9006.
8984.
8964.
8944.
8925.
8907.
8888.
8870.
8853.
8838.
8820.
8806.
8791.
8777.
8762.
8748.
8734.
8718.
8703.
8689.
8675.
8661.
8648.
8635.
8624.
8613.
8598.
8584.
8571.
8559.
8546.
8532.
8520.
8509.
8498.
8489.
8481.
8472.
8464.
8457.
8450.
8444.
8437.
8429.
8423.
8416.
8410.
8404.
8398.
8391.
8384.
8378.
8371.
8364.
8360.
8354.
8346.
8340.
8334.
8327.
8320.
8314.
8308.
8301.
8295.
8289.
8283.
8278.
8271.
8265.
8259.
8254.
8247.
8242.
8236.
8230.
8225.
8220.
8215.
8209.
8204.
8199.
8194.
8189.
8183.
8180.
8174.
8170.
8166.
8161.
8157.
8153.
8149.
8146.
8142.
8139.
8134.
8132.
8129.
8124.
8121.
8118.
8115.
8112.
8107.
8099.
8088.
8071.
8050.
8026.
8000.
7975.
7947.
7920.
7892.
7862.
7830.
7801.
7773.
7743.
7715.
7688.
7659.
7631.
7604.
7577.
7549.
7523.
7497.
7471.
7446.
7422.
7399.
7376.
7353.
7332.
7309.
7286.
7264.
7241.
7221.
7199.
7179.
7159.
7142.
7126.
7111.
7098.
7086.
7076.
7066.
7055.
7046.
7037.
7028.
7019.
7010.
7000.
6992.
6984.
6973.
6967.
6959.
6950.
6943.
6935.
6927.
6921.
6913.
6906.
6899.
6893.
6886.
6881.
6875.
6869.
6864.
6859.
6854.
6849.
6845.
6841.
6837.
6832.
6829.
6826.
6824.
6819.
6817.
6815.
6814.
6813.
6811.
6809.
6807.
6806.
6805.
6804.
6804.
6802.
6803.
6804.
6802.
6801.
6800.
6798.
6793.
6785.
6773.
6758.
6740.
6720.
6701.
6678.
6655.
6632.
6607.
6583.
6559.
6535.
6510.
6486.
6463.
6439.
6416.
6395.
6376.
6360.
6345.
6334.
6324.
6313.
6304.
6296.
6287.
6279.
6271.
6263.
6256.
6248.
6242.
6235.
6228.
6222.
6215.
6210.
6205.
6199.
6195.
6189.
6184.
6182.
6178.
6175.
6171.
6168.
6166.
6163.
6162.
6161.
6159.
6157.
6156.
6155.
6155.
6155.
6155.
6156.
6156.
6157.
6157.
6159.
6162.
6161.
6164.
6165.
6165.
6161.
6153.
6144.
6130.
6115.
6096.
6075.
6054.
6031.
6009.
5985.
5962.
5938.
5914.
5889.
5866.
5844.
5819.
5797.
5776.
5753.
5732.
5710.
5689.
5668.
5648.
5627.
5610.
5592.
5573.
5555.
5538.
5521.
5506.
5490.
5476.
5463.
5448.
5434.
5421.
5409.
5397.
5385.
5374.
5365.
5354.
5346.
5337.
5328.
5321.
5314.
5307.
5300.
5293.
5288.
5281.
5276.
5273.
5269.
5268.
5268.
5269.
5272.
5275.
5280.
5283.
5287.
5294.
5298.
5304.
5308.
5313.
5318.
5323.
5329.
5334.
5339.
5344.
5346.
5349.
5353.
5353.
5353.
5351.
5347.
5345.
5341.
5337.
5333.
5329.
5327.
5324.
5321.
5317.
5313.
5312.
5312.
5311.
5309.
5308.
5306.
5305.
5304.
5303.
5304.
5304.
5304.
5305.
5304.
5305.
5306.
5307.
5308.
5308.
5309.
5308.
5307.
5307.
5304.
5303.
5301.
5297.
5293.
5292.
5289.
5287.
5285.
5283.
5279.
5276.
5273.
5271.
5268.
5265.
5262.
5258.
5255.
5254.
5252.
5252.
5250.
5247.
5244.
5241.
5240.
5240.
5240.
5239.
5237.
5237.
5235.
5234.
5235.
5236.
5236.
5237.
5238.
5239.
5239.
5240.
5240.
5239.
5240.
5239.
5240.
5240.
5239.
5239.
5237.
5236.
5235.
5235.
5235.
5236.
5236.
5237.
5238.
5238.
5238.
5240.
5241.
5243.
5243.
5245.
5248.
5250.
5252.
5254.
5258.
5260.
5264.
5265.
5268.
5271.
5273.
5277.
5279.
5282.
5286.
5290.
5296.
5300.
5303.
5309.
5314.
5319.
5322.
5327.
5332.
5337.
5342.
5346.
5352.
5356.
5362.
5366.
5370.
5375.
5378.
5382.
5386.
5390.
5393.
5397.
5401.
5405.
5407.
5411.
5415.
5419.
5423.
5427.
5432.
5436.
5441.
5444.
5447.
5452.
5456.
5460.
5466.
5471.
5475.
5480.
5485.
5490.
5494.
5500.
5505.
5510.
5515.
5519.
5525.
5530.
5534.
5539.
5545.
5551.
5556.
5561.
5568.
5574.
5581.
5587.
5594.
5602.
5609.
5617.
5625.
5634.
5643.
5652.
5659.
5668.
5676.
5685.
5692.
5702.
5709.
5717.
5725.
5732.
5740.
5748.
5756.
5762.
5768.
5774.
5780.
5784.
5789.
5793.
5798.
5802.
5808.
5812.
5817.
5823.
5831.
5838.
5842.
5848.
5853.
5859.
5865.
5872.
5879.
5886.
5893.
5900.
5908.
5915.
5923.
5931.
5939.
5948.
5957.
5965.
5972.
5982.
5990.
5999.
6007.
6017.
6024.
6033.
6042.
6048.
6057.
6065.
6072.
6081.
6087.
6093.
6101.
6107.
6115.
6124.
6130.
6138.
6145.
6151.
6159.
6166.
6173.
6179.
6187.
6194.
6202.
6210.
6218.
6225.
6233.
6240.
6248.
6256.
6264.
6271.
6280.
6287.
6295.
6301.
6310.
6318.
6328.
6338.
6349.
6359.
6371.
6382.
6394.
6405.
6418.
6430.
6442.
6456.
6467.
6479.
6490.
6502.
6513.
6525.
6536.
6549.
6559.
6571.
6582.
6595.
6604.
6615.
6624.
6632.
6641.
6650.
6659.
6669.
6677.
6685.
6694.
6704.
6710.
6721.
6728.
6736.
6743.
6751.
6758.
6767.
6775.
6783.
6791.
6797.
6805.
6813.
6819.
6826.
6833.
6839.
6846.
6853.
6858.
6864.
6871.
6878.
6883.
6890.
6896.
6901.
6908.
6913.
6919.
6924.
6930.
6936.
6943.
6951.
6963.
6976.
6990.
7006.
7023.
7041.
7060.
7080.
7100.
7118.
7133.
7147.
7160.
7173.
7184.
7194.
7202.
7211.
7219.
7229.
7238.
7246.
7256.
7264.
7274.