6281.
6288.
6295.
6300.
6304.
6307.
6308.
6310.
6309.
6308.
6308.
6309.
6308.
6307.
6307.
6308.
6308.
6308.
6308.
6308.
6308.
6309.
6310.
6310.
6309.
6310.
6311.
6312.
6312.
6312.
6312.
6313.
6313.
6315.
6315.
6317.
6318.
6319.
6320.
6322.
6321.
6323.
6325.
6327.
6329.
6331.
6333.
6336.
6338.
6340.
6343.
6345.
6348.
6351.
6354.
6356.
6359.
6363.
6365.
6369.
6372.
6376.
6380.
6384.
6387.
6392.
6394.
6399.
6404.
6409.
6411.
6414.
6414.
6412.
6409.
6402.
6396.
6391.
6388.
6387.
6388.
6389.
6391.
6395.
6397.
6400.
6400.
6402.
6403.
6406.
6407.
6408.
6409.
6411.
6411.
6411.
6413.
6413.
6413.
6414.
6414.
6414.
6415.
6415.
6415.
6415.
6415.
6415.
6414.
6415.
6414.
6414.
6413.
6412.
6412.
6412.
6411.
6410.
6408.
6408.
6406.
6406.
6405.
6404.
6404.
6402.
6399.
6399.
6397.
6395.
6394.
6392.
6390.
6388.
6386.
6385.
6383.
6381.
6380.
6376.
6375.
6372.
6371.
6367.
6365.
6363.
6360.
6357.
6356.
6353.
6351.
6348.
6345.
6342.
6340.
6337.
6334.
6331.
6330.
6329.
6325.
6324.
6321.
6320.
6316.
6314.
6311.
6309.
6307.
6305.
6303.
6301.
6299.
6298.
6298.
6299.
6303.
6306.
6312.
6315.
6319.
6322.
6324.
6325.
6327.
6327.
6326.
6325.
6325.
6325.
6326.
6326.
6325.
6326.
6326.
6326.
6326.
6326.
6325.
6327.
6326.
6327.
6328.
6329.
6328.
6330.
6331.
6331.
6333.
6333.
6333.
6335.
6337.
6338.
6339.
6341.
6342.
6343.
6346.
6347.
6349.
6352.
6354.
6356.
6358.
6362.
6364.
6367.
6371.
6374.
6375.
6379.
6383.
6387.
6389.
6394.
6398.
6402.
6404.
6405.
6404.
6402.
6397.
6393.
6387.
6382.
6378.
6376.
6377.
6379.
6382.
6384.
6386.
6389.
6389.
6391.
6393.
6394.
6395.
6396.
6397.
6399.
6400.
6400.
6401.
6401.
6401.
6401.
6401.
6402.
6403.
6403.
6402.
6403.
6404.
6403.
6403.
6402.
6402.
6402.
6401.
6400.
6400.
6400.
6399.
6398.
6397.
6397.
6394.
6394.
6393.
6392.
6390.
6389.
6387.
6386.
6383.
6383.
6381.
6381.
6378.
6375.
6374.
6372.
6369.
6366.
6364.
6362.
6360.
6357.
6355.
6354.
6349.
6348.
6345.
6342.
6341.
6338.
6336.
6333.
6330.
6327.
6324.
6322.
6319.
6317.
6313.
6311.
6308.
6305.
6303.
6301.
6298.
6295.
6293.
6290.
6289.
6286.
6283.
6280.
6278.
6277.
6275.
6272.
6269.
6268.
6267.
6267.
6270.
6273.
6276.
6283.
6288.
6291.
6294.
6297.
6299.
6300.
6301.
6301.
6301.
6301.
6302.
6303.
6302.
6303.
6304.
6303.
6304.
6304.
6304.
6306.
6305.
6307.
6307.
6307.
6308.
6309.
6310.
6311.
6312.
6313.
6313.
6315.
6316.
6318.
6319.
6321.
6324.
6325.
6327.
6329.
6332.
6333.
6336.
6339.
6341.
6344.
6347.
6349.
6354.
6356.
6360.
6364.
6367.
6371.
6374.
6378.
6383.
6386.
6388.
6391.
6390.
6389.
6386.
6382.
6379.
6374.
6371.
6370.
6369.
6369.
6370.
6371.
6373.
6375.
6377.
6378.
6380.
6383.
6384.
6385.
6385.
6386.
6388.
6388.
6390.
6390.
6389.
6390.
6391.
6392.
6390.
6391.
6390.
6392.
6392.
6392.
6391.
6392.
6390.
6390.
6389.
6389.
6389.
6387.
6387.
6387.
6386.
6384.
6383.
6382.
6381.
6380.
6378.
6377.
6375.
6375.
6372.
6370.
6368.
6366.
6366.
6363.
6361.
6358.
6356.
6355.
6352.
6350.
6348.
6344.
6342.
6340.
6337.
6335.
6332.
6330.
6327.
6325.
6323.
6321.
6318.
6315.
6312.
6309.
6307.
6305.
6302.
6300.
6298.
6295.
6294.
6292.
6288.
6285.
6284.
6282.
6280.
6279.
6279.
6282.
6286.
6291.
6297.
6304.
6308.
6311.
6314.
6315.
6316.
6315.
6316.
6318.
6317.
6317.
6317.
6318.
6317.
6318.
6318.
6318.
6318.
6319.
6320.
6319.
6320.
6320.
6321.
6322.
6324.
6324.
6324.
6325.
6327.
6327.
6328.
6330.
6331.
6333.
6334.
6336.
6337.
6338.
6341.
6344.
6345.
6347.
6350.
6353.
6354.
6357.
6360.
6362.
6366.
6369.
6372.
6375.
6379.
6381.
6384.
6389.
6392.
6396.
6399.
6403.
6407.
6411.
6411.
6410.
6408.
6404.
6399.
6396.
6393.
6391.
6391.
6392.
6393.
6396.
6397.
6400.
6401.
6404.
6405.
6408.
6409.
6410.
6413.
6412.
6414.
6413.
6416.
6416.
6418.
6419.
6419.
6420.
6420.
6421.
6421.
6422.
6421.
6422.
6422.
6423.
6423.
6424.
6422.
6422.
6423.
6424.
6423.
6422.
6421.
6422.
6421.
6420.
6419.
6419.
6418.
6418.
6417.
6415.
6413.
6413.
6412.
6411.
6410.
6409.
6406.
6406.
6403.
6402.
6400.
6399.
6398.
6395.
6394.
6393.
6390.
6389.
6387.
6386.
6386.
6391.
6397.
6407.
6418.
6430.
6443.
6455.
6466.
6475.
6483.
6489.
6492.
6495.
6498.
6498.
6499.
6501.
6502.
6504.
6505.
6505.
6506.
6508.
6508.
6509.
6510.
6511.
6512.
6514.
6516.
6517.
6518.
6519.
6521.
6521.
6524.
6525.
6527.
6529.
6530.
6531.
6534.
6537.
6538.
6540.
6542.
6546.
6548.
6549.
6553.
6556.
6558.
6560.
6563.
6567.
6570.
6573.
6576.
6580.
6583.
6587.
6590.
6594.
6597.
6602.
6606.
6609.
6615.
6620.
6625.
6628.
6634.
6637.
6641.
6646.
6650.
6654.
6657.
6658.
6657.
6653.
6648.
6644.
6640.
6640.
6642.
6644.
6649.
6652.
6655.
6659.
6663.
6665.
6668.
6672.
6673.
6677.
6677.
6680.
6682.
6685.
6685.
6688.
6690.
6691.
6694.
6696.
6697.
6699.
6699.
6700.
6703.
6704.
6706.
6708.
6709.
6709.
6710.
6712.
6712.
6713.
6715.
6714.
6716.
6716.
6717.
6716.
6717.
6717.
6717.
6717.
6718.
6717.
6717.
6717.
6717.
6716.
6715.
6714.
6714.
6712.
6712.
6712.
6711.
6711.
6709.
6707.
6706.
6704.
6704.
6701.
6700.
6699.
6697.
6695.
6693.
6691.
6689.
6687.
6685.
6683.
6681.
6679.
6677.
6675.
6673.
6670.
6669.
6666.
6665.
6668.
6669.
6676.
6684.
6695.
6705.
6716.
6728.
6737.
6743.
6749.
6754.
6759.
6763.
6765.
6767.
6769.
6770.
6771.
6771.
6771.
6772.
6772.
6773.
6775.
6776.
6777.
6778.
6779.
6779.
6780.
6781.
6783.
6783.
6783.
6786.
6786.
6787.
6790.
6791.
6793.
6793.
6795.
6797.
6799.
6799.
6802.
6804.
6807.
6808.
6810.
6813.
6816.
6817.
6819.
6823.
6825.
6829.
6831.
6834.
6836.
6841.
6843.
6846.
6850.
6852.
6856.
6860.
6864.
6867.
6872.
6876.
6879.
6883.
6887.
6892.
6897.
6901.
6905.
6910.
6913.
6919.
6923.
6928.
6934.
6938.
6942.
6943.
6944.
6943.
6940.
6935.
6932.
6931.
6932.
6936.
6940.
6945.
6953.
6959.
6966.
6973.
6980.
6988.
6996.
7002.
7010.
7015.
7021.
7027.
7031.
7036.
7040.
7044.
7049.
7053.
7056.
7058.
7060.
7062.
7064.
7064.
7063.
7065.
7064.
7064.
7064.
7066.
7066.
7069.
7070.
7074.
7078.
7082.
7085.
7089.
7093.
7096.
7099.
7103.
7108.
7111.
7114.
7117.
7120.
7122.
7124.
7128.
7132.
7137.
7141.
7144.
7148.
7150.
7153.
7157.
7159.
7163.
7166.
7169.
7173.
7176.
7178.
7182.
7185.
7188.
7192.
7194.
7196.
7199.
7202.
7205.
7208.
7209.
7212.
7214.
7217.
7221.
7223.
7227.
7230.
7231.
7233.
7236.
7240.
7243.
7247.
7249.
7251.
7254.
7257.
7259.
7263.
7265.
7268.
7271.
7274.
7277.
7280.
7283.
7286.
7289.
7292.
7294.
7298.
7302.
7305.
7308.
7312.
7315.
7318.
7322.
7326.
7330.
7332.
7336.
7340.
7345.
7349.
7352.
7357.
7361.
7364.
7370.
7375.
7379.
7384.
7389.
7393.
7395.
7394.
7391.
7384.
7377.
7368.
7361.
7355.
7352.
7351.
7350.
7349.
7350.
7352.
7353.
7356.
7360.
7364.
7369.
7372.
7376.
7379.
7381.
7385.
7388.
7391.
7392.
7395.
7398.
7400.
7399.
7400.
7400.
7400.
7399.
7398.
7397.
7397.
7397.
7397.
7395.
7396.
7393.
7392.
7394.
7393.
7395.
7396.
7398.
7399.
7399.
7401.
7402.
7402.
7403.
7404.
7405.
7404.
7406.
7408.
7410.
7411.
7413.
7412.
7413.
7414.
7415.
7416.
7416.
7417.
7416.
7417.
7416.
7417.
7417.
7416.
7415.
7415.
7414.
7415.
7414.
7414.
7412.
7412.
7411.
7410.
7409.
7408.
7407.
7406.
7406.
7403.
7402.
7401.
7399.
7398.
7397.
7395.
7393.
7391.
7390.
7388.
7386.
7383.
7382.
7381.
7379.
7377.
7375.
7373.
7370.
7369.
7367.
7366.
7363.
7361.
7358.
7356.
7356.
7354.
7354.
7353.
7354.
7358.
7364.
7372.
7381.
7392.
7401.
7411.
7421.
7430.
7438.
7445.
7448.
7451.
7455.
7458.
7460.
7460.
7461.
7460.
7460.
7460.
7458.
7458.
7459.
7460.
7462.
7464.
7465.
7469.
7470.
7471.
7471.
7470.
7472.
7470.
7471.
7471.
7470.
7470.
7469.
7468.
7468.
7468.
7467.
7466.
7467.
7467.
7466.
7466.
7466.
7466.
7467.
7466.
7468.
7467.
7469.
7469.
7469.
7469.
7470.
7472.
7472.
7474.
7474.
7475.
7476.
7477.
7477.
7478.
7479.
7480.
7481.
7483.
7483.
7485.
7486.
7487.
7489.
7490.
7491.
7492.
7494.
7497.
7498.
7500.
7501.
7504.
7505.
7507.
7510.
7513.
7515.
7518.
7520.
7522.
7526.
7529.
7532.
7535.
7538.
7541.
7544.
7548.
7553.
7556.
7561.
7565.
7569.
7573.
7578.
7583.
7587.
7591.
7597.
7602.
7607.
7612.
7617.
7623.
7629.
7635.
7640.
7646.
7649.
7651.
7651.
7649.
7645.
7643.
7639.
7638.
7640.
7643.
7647.
7654.
7659.
7665.
7671.
7676.
7681.
7685.
7690.
7695.
7700.
7704.
7708.
7713.
7718.
7724.
7728.
7733.
7737.
7740.
7745.
7748.
7754.
7760.
7763.
7769.
7773.
7779.
7784.
7790.
7796.
7801.
7806.
7813.
7818.
7824.
7828.
7832.
7838.
7843.
7848.
7852.
7856.
7862.
7869.
7873.
7877.
7882.
7886.
7891.
7895.
7900.
7904.
7909.
7912.
7917.
7920.
7926.
7931.
7935.
7939.
7944.
7946.
7952.
7956.
7960.
7964.
7968.
7971.
7975.
7980.
7984.
7987.
7992.
7996.
8000.
8003.
8008.
8012.
8016.
8021.
8026.
8030.
8032.
8037.
8041.
8044.
8048.
8052.
8057.
8062.
8065.
8069.
8074.
8077.
8081.
8085.
8089.
8093.
8096.
8103.
8107.
8111.
8115.
8119.
8124.
8127.
8131.
8134.
8139.
8144.
8148.
8152.
8156.
8159.
8163.
8168.
8172.
8176.
8180.
8184.
8189.
8194.
8198.
8203.
8208.
8211.
8215.
8214.
8212.
8204.
8196.
8185.
8174.
8164.
8154.
8145.
8138.
8132.
8128.
8124.
8121.
8119.
8117.
8114.
8113.
8111.
8110.
8110.
8109.
8108.
8109.
8109.
8109.
8112.
8113.
8115.
8118.
8121.
8123.
8125.
8128.
8130.
8134.
8136.
8139.
8141.
8144.
8147.
8150.
8152.
8157.
8157.
8161.
8162.
8165.
8167.
8167.
8170.
8172.
8174.
8177.
8178.
8181.
8184.
8185.
8187.
8188.
8191.
8193.
8192.
8194.
8195.
8198.
8198.
8200.
8201.
8201.
8202.
8203.
8204.
8205.
8206.
8205.
8205.
8205.
8206.
8207.
8208.
8207.
8208.
8208.
8209.
8208.
8209.
8208.
8208.
8209.
8208.
8208.
8207.
8206.
8207.
8207.
8205.
8206.
8205.
8204.
8203.
8203.
8204.
8202.
8201.
8201.
8199.
8199.
8199.
8198.
8196.
8195.
8194.
8194.
8191.
8191.
8189.
8189.
8187.
8187.
8185.
8184.
8182.
8181.
8179.
8178.
8175.
8174.
8173.
8172.
8169.
8166.
8163.
8162.
8158.
8154.
8151.
8147.
8143.
8139.
8138.
8137.
8137.
8138.
8141.
8144.
8148.
8153.
8157.
8160.
8162.
8164.
8164.
8167.
8168.
8168.
8169.
8171.
8174.
8176.
8177.
8180.
8181.
8182.
8183.
8184.
8185.
8187.
8188.
8189.
8191.
8193.
8195.
8197.
8199.
8200.
8202.
8204.
8207.
8208.
8209.
8213.
8215.
8217.
8219.
8221.
8223.
8225.
8228.
8229.
8232.
8234.
8236.
8239.
8242.
8243.
8247.
8250.
8252.
8255.
8257.
8261.
8265.
8268.
8271.
8275.
8278.
8282.
8284.
8288.
8292.
8295.
8299.
8303.
8306.
8310.
8314.
8318.
8323.
8327.
8331.
8337.
8342.
8346.
8350.
8355.
8359.
8365.
8369.
8374.
8379.
8385.
8391.
8396.
8402.
8407.
8412.
8418.
8424.
8430.
8437.
8443.
8450.
8455.
8460.
8467.
8474.
8480.
8487.
8494.
8500.
8506.
8514.
8520.
8526.
8532.
8539.
8545.
8551.
8556.
8562.
8567.
8573.
8577.
8582.
8587.
8591.
8595.
8599.
8603.
8606.
8609.
8612.
8614.
8615.
8618.
8620.
8621.
8624.
8624.
8625.
8627.
8627.
8628.
8627.
8629.
8630.
8629.
8630.
8631.
8630.
8630.
8629.
8629.
8628.
8628.
8627.
8626.
8626.
8624.
8623.
8622.
8620.
8619.
8617.
8615.
8614.
8612.
8610.
8609.
8608.
8605.
8605.
8604.
8601.
8600.
8600.
8600.
8600.
8603.
8607.
8614.
8620.
8627.
8636.
8644.
8653.
8662.
8667.
8673.
8679.
8684.
8686.
8690.
8694.
8696.
8698.
8699.
8700.
8702.
8702.
8703.
8704.
8704.
8705.
8707.
8708.
8709.
8711.
8713.
8714.
8716.
8717.
8717.
8719.
8720.
8722.
8722.
8723.
8723.
8724.
8726.
8725.
8727.
8729.
8731.
8732.
8733.
8735.
8735.
8737.
8738.
8741.
8743.
8744.
8748.
8750.
8751.
8753.
8754.
8757.
8760.
8763.
8764.
8765.
8768.
8770.
8773.
8774.
8776.
8778.
8779.
8781.
8784.
8787.
8790.
8792.
8792.
8795.
8797.
8800.
8802.
8805.
8807.
8810.
8813.
8814.
8818.
8821.
8823.
8825.
8828.
8830.
8833.
8835.
8836.
8839.
8841.
8844.
8846.
8847.
8849.
8853.
8854.
8855.
8858.
8859.
8861.
8862.
8863.
8865.
8867.
8867.
8868.
8870.
8871.
8871.
8872.
8874.
8874.
8874.
8876.
8875.
8876.
8876.
8876.
8874.
8875.
8873.
8872.
8872.
8872.
8871.
8869.
8869.
8868.
8867.
8867.
8869.
8873.
8874.
8878.
8881.
8886.
8891.
8896.
8899.
8902.
8907.
8911.
8914.
8917.
8919.
8922.
8924.
8928.
8930.
8934.
8938.
8942.
8946.
8951.
8955.
8959.
8963.
8966.
8969.
8973.
8977.
8980.
8984.
8988.
8993.
8995.
9001.
9005.
9008.
9012.
9015.
9018.
9021.
9023.
9026.
9028.
9031.
9033.
9036.
9039.
9040.
9042.
9044.
9047.
9049.
9051.
9052.
9053.
9054.
9056.
9057.
9057.
9058.
9059.
9061.
9061.
9062.
9064.
9064.
9063.
9064.
9066.
9064.
9063.
9064.
9064.
9063.
9062.
9062.
9061.
9060.
9059.
9058.
9057.
9055.
9055.
9052.
9051.
9050.
9048.
9047.
9046.
9044.
9043.
9040.
9037.
9037.
9034.
9032.
9028.
9025.
9022.
9019.
9015.
9013.
9009.
9005.
9003.
9000.
8999.
8996.
8994.
8991.
8991.
8990.
8990.
8991.
8992.
8993.
8996.
8999.
9002.
9004.
9006.
9010.
9015.
9018.
9023.
9027.
9033.
9039.
9044.
9050.
9054.
9061.
9067.
9074.
9079.
9085.
9092.
9097.
9102.
9108.
9113.
9118.
9124.
9128.
9135.
9138.
9143.
9147.
9151.
9157.
9163.
9167.
9171.
9178.
9183.
9187.
9192.
9197.
9201.
9206.
9210.
9214.
9218.
9222.
9225.
9229.
9233.
9237.
9239.
9241.
9245.
9248.
9251.
9253.
9256.
9258.
9260.
9260.
9263.
9262.
9264.
9264.
9265.
9264.
9263.
9262.
9262.
9262.
9261.
9259.
9259.
9257.
9255.
9252.
9250.
9251.
9248.
9245.
9244.
9242.
9239.
9236.
9233.
9230.
9228.
9224.
9223.
9220.
9215.
9213.
9211.
9208.
9204.
9200.
9196.
9192.
9188.
9183.
9179.
9175.
9170.
9167.
9162.
9160.
9155.
9152.
9150.
9146.
9144.
9142.
9140.
9138.
9138.
9137.
9137.
9138.
9140.
9141.
9144.
9148.
9151.
9156.
9158.
9163.
9170.
9175.
9182.
9186.
9191.
9197.
9202.
9205.
9211.
9217.
9223.
9229.
9234.
9240.
9246.
9253.
9259.
9265.
9270.
9276.
9281.
9286.
9291.
9295.
9300.
9303.
9308.
9312.
9316.
9319.
9322.
9325.
9329.
9332.
9336.
9339.
9342.
9345.
9349.
9351.
9355.
9358.
9360.
9364.
9368.
9369.
9371.
9374.
9377.
9377.
9379.
9380.
9382.
9382.
9384.
9384.
9385.
9386.
9385.
9385.
9385.
9383.
9383.
9382.
9380.
9380.
9378.
9377.
9376.
9374.
9372.
9369.
9366.
9364.
9362.
9359.
9357.
9353.
9350.
9348.
9345.
9343.
9338.
9333.
9330.
9326.
9322.
9320.
9315.
9312.
9309.
9306.
9303.
9299.
9297.
9296.
9295.
9293.
9294.
9294.
9295.
9297.
9297.
9299.
9302.
9306.
9309.
9313.
9315.
9319.
9324.
9328.
9335.
9340.
9344.
9348.
9354.
9358.
9364.
9370.
9374.
9380.
9385.
9390.
9396.
9401.
9406.
9411.
9416.
9419.
9425.
9428.
9432.
9437.
9442.
9445.
9450.
9454.
9459.
9463.
9467.
9470.
9475.
9478.
9480.
9482.
9485.
9487.
9489.
9490.
9492.
9493.
9494.
9496.
9497.
9497.
9497.
9498.
9498.
9499.
9499.
9498.
9498.
9497.
9496.
9495.
9494.
9493.
9490.
9488.
9486.
9484.
9481.
9479.
9476.
9474.
9471.
9469.
9466.
9465.
9462.
9459.
9456.
9453.
9449.
9447.
9444.
9441.
9436.
9432.
9429.
9423.
9419.
9414.
9409.
9407.
9406.
9407.
9410.
9415.
9420.
9426.
9434.
9439.
9448.
9454.
9462.
9467.
9473.
9480.
9486.
9494.
9500.
9507.
9514.
9521.
9529.
9536.
9544.
9552.
9558.
9565.
9573.
9581.
9589.
9596.
9602.
9607.
9615.
9621.
9627.
9635.
9641.
9648.
9654.
9660.
9666.
9669.
9672.
9677.
9679.
9682.
9685.
9688.
9689.
9689.
9690.
9690.
9690.
9691.
9691.
9689.
9688.
9688.
9686.
9684.
9683.
9679.
9677.
9674.
9672.
9669.
9667.
9665.
9661.
9658.
9654.
9651.
9647.
9643.
9639.
9634.
9631.
9628.
9623.
9620.
9615.
9611.
9608.
9604.
9599.
9595.
9591.
9586.
9582.
9578.
9573.
9569.
9566.
9560.
9556.
9551.
9546.
9542.
9536.
9531.
9529.
9529.
9532.
9536.
9541.
9547.
9555.
9562.
9570.
9576.
9582.
9589.
9595.
9602.
9608.
9616.
9621.
9628.
9635.
9642.
9649.
9657.
9663.
9668.
9675.
9682.
9687.
9694.
9699.
9706.
9711.
9717.
9722.
9727.
9732.
9737.
9742.
9745.
9750.
9752.
9754.
9756.
9757.
9758.
9760.
9761.
9761.
9762.
9762.
9761.
9760.
9760.
9760.
9758.
9757.
9755.
9754.
9752.
9751.
9749.
9745.
9743.
9739.
9737.
9733.
9730.
9727.
9722.
9719.
9717.
9712.
9708.
9704.
9700.
9697.
9692.
9687.
9683.
9679.
9673.
9669.
9665.
9660.
9656.
9650.
9647.
9642.
9638.
9632.
9627.
9622.
9617.
9611.
9608.
9603.
9599.
9594.
9590.
9590.
9591.
9596.
9603.
9611.
9619.
9628.
9637.
9645.
9653.
9663.
9672.
9682.
9690.
9696.
9704.
9710.
9718.
9723.
9730.
9735.
9740.
9745.
9749.
9750.
9752.
9754.
9755.
9756.
9756.
9755.
9755.
9755.
9756.
9755.
9754.
9755.
9754.
9755.
9754.
9754.
9754.
9753.
9752.
9751.
9751.
9749.
9748.
9747.
9745.
9744.
9743.
9741.
9739.
9738.
9735.
9733.
9732.
9729.
9727.
9726.
9723.
9721.
9718.
9717.
9714.
9713.
9711.
9708.
9706.
9704.
9702.
9704.
9708.
9714.
9723.
9730.
9739.
9750.
9759.
9768.
9778.
9789.
9798.
9808.
9817.
9826.
9835.
9843.
9851.
9860.
9867.
9874.
9883.
9890.
9899.
9906.
9912.
9919.
9925.
9930.
9935.
9940.
9942.
9945.
9948.
9949.
9949.
9949.
9948.
9946.
9944.
9942.
9938.
9936.
9933.
9931.
9927.
9922.
9919.
9914.
9910.
9907.
9903.
9898.
9893.
9889.
9885.
9880.
9876.
9871.
9866.
9862.
9857.
9852.
9848.
9842.
9838.
9835.
9830.
9825.
9821.
9817.
9813.
9809.
9805.
9799.
9796.
9791.
9787.
9782.
9777.
9773.
9769.
9765.
9760.
9755.
9750.
9743.
9738.
9732.
9728.
9724.
9718.
9713.
9706.
9701.
9696.
9692.
9689.
9688.
9688.
9692.
9695.
9700.
9708.
9714.
9722.
9729.
9737.
9742.
9749.
9755.
9763.
9771.
9778.
9786.
9793.
9801.
9809.
9816.
9826.
9833.
9839.
9846.
9852.
9858.
9864.
9870.
9874.
9878.
9883.
9887.
9889.
9894.
9897.
9901.
9906.
9908.
9911.
9913.
9916.
9917.
9919.
9919.
9919.
9919.
9918.
9917.
9916.
9914.
9911.
9910.
9907.
9905.
9903.
9900.
9898.
9895.
9892.
9890.
9886.
9885.
9883.
9881.
9877.
9875.
9872.
9870.
9867.
9864.
9860.
9858.
9854.
9852.
9849.
9846.
9842.
9838.
9834.
9830.
9827.
9824.
9820.
9815.
9811.
9806.
9801.
9797.
9791.
9785.
9779.
9771.
9762.
9753.
9744.
9734.
9727.
9718.
9710.
9704.
9698.
9692.
9685.
9679.
9672.
9665.
9659.
9654.
9646.
9641.
9635.
9629.
9621.
9614.
9607.
9600.
9591.
9583.
9575.
9566.
9558.
9551.
9545.
9537.
9532.
9525.
9518.
9512.
9504.
9498.
9492.
9486.
9481.
9477.
9472.
9468.
9465.
9462.
9459.
9456.
9453.
9450.
9447.
9444.
9442.
9438.
9436.
9433.
9431.
9430.
9427.
9424.
9421.
9418.
9416.
9414.
9412.
9408.
9406.
9404.
9401.
9398.
9396.
9392.
9389.
9387.
9384.
9382.
9378.
9375.
9373.
9370.
9367.
9364.
9362.
9359.
9356.
9354.
9351.
9348.
9344.
9341.
9339.
9337.
9334.
9330.
9328.
9326.
9322.
9320.
9318.
9316.
9314.
9311.
9308.
9305.
9302.
9299.
9296.
9293.
9290.
9287.
9284.
9281.
9279.
9275.
9272.
9267.
9265.
9262.
9258.
9254.
9249.
9246.
9242.
9238.
9235.
9231.
9228.
9224.
9220.
9216.
9212.
9209.
9206.
9202.
9199.
9196.
9192.
9188.
9184.
9181.
9175.
9170.
9163.
9157.
9152.
9146.
9140.
9133.
9126.
9120.
9114.
9108.
9101.
9096.
9089.
9083.
9077.
9072.
9065.
9059.
9053.
9044.
9037.
9028.
9021.
9013.
9007.
9000.
8994.
8987.
8982.
8976.
8971.
8964.
8957.
8948.
8940.
8931.
8923.
8915.
8907.
8900.
8892.
8884.
8875.
8864.
8853.
8843.
8832.
8821.
8811.
8800.
8790.
8779.
8768.
8758.
8746.
8735.
8723.
8711.
8700.
8689.
8679.
8670.
8659.
8646.
8634.
8622.
8611.
8598.
8586.
8575.
8561.
8550.
8538.
8526.
8514.
8504.
8494.
8481.
8472.
8461.
8452.
8444.
8435.
8427.
8418.
8410.
8402.
8392.
8385.
8377.
8367.
8359.
8350.
8340.
8331.
8323.
8316.
8309.
8302.
8295.
8289.
8283.
8276.
8269.
8263.
8257.
8251.
8243.
8236.
8230.
8222.
8216.
8211.
8205.
8199.
8193.
8188.
8180.
8173.
8168.
8162.
8158.
8153.
8147.
8142.
8137.
8130.
8125.
8123.
8118.
8113.
8111.
8106.
8102.
8098.
8094.
8091.
8086.
8082.
8078.
8074.
8072.
8068.
8065.
8060.
8057.
8054.
8051.
8048.
8044.
8040.
8037.
8033.
8030.
8026.
8026.
8021.
8018.
8015.
8013.
8010.
8006.
8002.
7999.
7997.
7994.
7990.
7988.
7985.
7982.
7979.
7975.
7973.
7969.
7967.
7964.
7961.
7958.
7956.
7954.
7951.
7950.
7948.
7945.
7944.
7943.
7940.
7939.
7937.
7936.
7934.
7933.
7932.
7930.
7928.
7926.
7924.
7923.
7921.
7919.
7916.
7915.
7913.
7911.
7908.
7905.
7902.
7898.
7896.
7894.
7890.
7888.
7887.
7886.
7883.
7883.
7881.
7877.
7875.
7872.
7868.
7865.
7861.
7857.
7853.
7850.
7847.
7843.
7840.
7834.
7829.
7824.
7820.
7816.
7813.
7810.
7807.
7805.
7800.
7798.
7796.
7793.
7792.
7790.
7789.
7788.
7787.
7785.
7785.
7786.
7788.
7788.
7790.
7792.
7795.
7799.
7804.
7808.
7814.
7818.
7824.
7828.
7834.
7841.
7848.
7854.
7862.
7869.
7877.
7886.
7897.
7906.
7916.
7928.
7940.
7953.
7967.
7978.
7990.
8000.
8011.
8023.
8033.
8043.
8051.
8060.
8068.
8075.
8079.
8085.
8090.
8092.
8097.
8102.
8105.
8110.
8114.
8118.
8123.
8127.
8133.
8137.
8143.
8146.
8149.
8154.
8160.
8163.
8168.
8173.
8177.
8181.
8186.
8191.
8195.
8201.
8205.
8210.
8214.
8220.
8223.
8229.
8234.
8237.
8242.
8247.
8251.
8256.
8261.
8265.
8269.
8273.
8277.
8281.
8285.
8289.
8292.
8296.
8300.
8303.
8306.
8310.
8312.
8314.
8317.
8320.
8323.
8324.
8325.
8330.
8331.
8333.
8335.
8337.
8339.
8342.
8343.
8344.
8344.
8345.
8345.
8346.
8345.
8346.
8345.
8345.
8344.
8342.
8340.
8339.
8337.
8336.
8335.
8334.
8332.
8332.
8331.
8331.
8331.
8330.
8332.
8333.
8335.
8336.
8336.
8338.
8337.
8337.
8338.
8338.
8338.
8338.
8339.
8338.
8337.
8337.
8336.
8334.
8333.
8332.
8331.
8329.
8328.
8329.
8328.
8328.
8327.
8328.
8327.
8327.
8325.
8323.
8321.
8319.
8317.
8315.
8314.
8312.
8311.
8310.
8309.
8309.
8308.
8306.
8305.
8303.
8301.
8299.
8298.
8296.
8294.
8294.
8290.
8288.
8284.
8281.
8277.
8273.
8271.
8269.
8267.
8265.
8263.
8260.
8255.
8252.
8247.
8244.
8239.
8236.
8233.
8229.
8226.
8222.
8219.
8217.
8214.
8212.
8209.
8207.
8204.
8201.
8199.
8197.
8194.
8193.
8191.
8188.
8185.
8182.
8177.
8173.
8169.
8166.
8161.
8156.
8151.
8147.
8143.
8139.
8133.
8130.
8126.
8123.
8117.
8113.
8108.
8105.
8102.
8098.
8092.
8087.
8083.
8078.
8073.
8071.
8067.
8064.
8059.
8056.
8052.
8048.
8044.
8040.
8037.
8033.
8030.
8027.
8023.
8019.
8017.
8013.
8009.
8006.
8003.
8000.
7998.
7996.
7995.
7994.
7993.
7992.
7990.
7990.
7988.
7989.
7987.
7985.
7985.
7984.
7983.
7981.
7978.
7978.
7978.
7974.
7974.
7974.
7973.
7972.
7973.
7973.
7973.
7974.
7975.
7976.
7977.
7978.
7981.
7981.
7983.
7986.
7988.
7989.
7992.
7994.
7995.
7996.
7997.
7997.
7996.
7997.
7998.
7997.
7998.
7997.
7998.
7998.
7998.
7997.
7997.
7997.
7998.
7997.
7997.
7997.
7997.
7998.
7997.
7997.
7997.
7997.
7997.
7996.
7996.
7996.
7995.
7996.
7995.
7995.
7994.
7994.
7994.
7994.
7994.
7994.
7993.
7993.
7993.
7994.
7993.
7992.
7991.
7991.
7990.
7991.
7990.
7990.
7990.
7990.
7990.
7990.
7989.
7989.
7988.
7988.
7989.
7987.
7986.
7985.
7985.
7984.
7983.
7983.
7982.
7981.
7981.
7981.
7980.
7980.
7978.
7978.
7977.
7977.
7977.
7976.
7976.
7974.
7974.
7972.
7972.
7970.
7969.
7969.
7969.
7968.
7966.
7965.
7965.
7964.
7964.
7964.
7968.
7977.
7992.
8012.
8035.
8059.
8088.
8121.
8152.
8186.
8220.
8254.
8288.
8322.
8356.
8390.
8423.
8456.
8487.
8517.
8549.
8578.
8609.
8638.
8667.
8695.
8723.
8751.
8779.
8805.
8829.
8854.
8878.
8900.
8919.
8938.
8956.
8969.
8982.
8995.
9003.
9012.
9020.
9028.
9034.
9041.
9047.
9053.
9057.
9061.
9065.
9069.
9073.
9076.
9079.
9082.
9084.
9086.
9086.
9088.
9089.
9089.
9089.
9089.
9089.
9088.
9086.
9086.
9083.
9083.
9081.
9080.
9078.
9076.
9072.
9070.
9067.
9065.
9064.
9059.
9058.
9056.
9051.
9048.
9045.
9042.
9038.
9035.
9034.
9034.
9037.
9043.
9053.
9064.
9079.
9095.
9112.
9129.
9148.
9166.
9185.
9202.
9219.
9238.
9252.
9268.
9285.
9302.
9318.
9334.
9349.
9365.
9381.
9397.
9414.
9431.
9446.
9462.
9479.
9496.
9513.
9531.
9549.
9567.
9582.
9599.
9616.
9633.
9649.
9665.
9680.
9694.
9707.
9722.
9735.
9747.
9758.
9769.
9780.
9789.
9798.
9806.
9815.
9822.
9828.
9836.
9842.
9847.
9851.
9853.
9853.
9853.
9852.
9849.
9847.
9842.
9838.
9833.
9829.
9824.
9819.
9815.
9810.
9805.
9799.
9795.
9789.
9784.
9780.
9773.
9768.
9761.
9756.
9749.
9743.
9737.
9731.
9725.
9718.
9713.
9708.
9701.
9696.
9690.
9684.
9678.
9670.
9666.
9660.
9654.
9647.
9641.
9635.
9627.
9620.
9613.
9607.
9600.
9594.
9587.
9580.
9572.
9566.
9558.
9551.
9543.
9538.
9531.
9523.
9518.
9512.
9507.
9501.
9497.
9495.
9494.
9495.
9496.
9498.
9502.
9506.
9510.
9514.
9519.
9523.
9528.
9532.
9536.
9540.
9544.
9548.
9552.
9556.
9558.
9563.
9568.
9573.
9579.
9583.
9589.
9592.
9595.
9598.
9602.
9605.
9608.
9611.
9613.
9614.
9615.
9617.
9618.
9619.
9620.
9622.
9622.
9623.
9622.
9622.
9622.
9621.
9620.
9619.
9617.
9616.
9616.
9614.
9612.
9611.
9608.
9606.
9604.
9603.
9600.
9599.
9597.
9595.
9592.
9590.
9587.
9585.
9583.
9581.
9580.
9577.
9576.
9573.
9570.
9568.
9565.
9561.
9556.
9553.
9549.
9543.
9539.
9535.
9532.
9527.
9523.
9518.
9512.
9506.
9502.
9496.
9492.
9486.
9480.
9474.
9468.
9461.
9454.
9446.
9439.
9434.
9427.
9421.
9413.
9405.
9397.
9390.
9382.
9376.
9369.
9363.
9355.
9347.
9341.
9333.
9324.
9316.
9307.
9298.
9289.
9281.
9274.
9266.
9258.
9251.
9244.
9236.
9229.
9221.
9215.
9206.
9199.
9192.
9183.
9176.
9167.
9158.
9149.
9141.
9133.
9125.
9116.
9107.
9096.
9086.
9076.
9067.
9059.
9051.
9044.
9035.
9026.
9016.
9006.
8997.
8991.
8983.
8975.
8967.
8959.
8951.
8942.
8933.
8922.
8912.
8905.
8897.
8889.
8880.
8873.
8865.
8856.
8847.
8836.
8827.
8818.
8808.
8801.
8793.
8784.
8777.
8769.
8762.
8756.
8749.
8742.
8734.
8726.
8717.
8706.
8697.
8689.
8679.
8673.
8666.
8658.
8652.
8645.
8636.
8629.
8622.
8616.
8611.
8607.
8603.
8600.
8596.
8592.
8591.
8589.
8586.
8583.
8579.
8576.
8572.
8570.
8569.
8568.
8567.
8565.
8563.
8562.
8561.
8561.
8559.
8558.
8557.
8555.
8556.
8557.
8556.
8556.
8556.
8557.
8555.
8554.
8553.
8552.
8551.
8551.
8551.
8552.
8554.
8554.
8556.
8557.
8559.
8562.
8567.
8570.
8574.
8578.
8582.
8588.
8593.
8598.
8601.
8605.
8610.
8614.
8619.
8624.
8630.
8636.
8643.
8648.
8656.
8665.
8673.
8681.
8688.
8696.
8702.
8710.
8717.
8725.
8732.
8740.
8747.
8754.
8760.
8767.
8772.
8777.
8781.
8786.
8789.
8793.
8795.
8799.
8802.
8805.
8808.
8811.
8814.
8816.
8819.
8821.
8824.
8826.
8829.
8830.
8832.
8833.
8836.
8836.
8837.
8838.
8840.
8840.
8841.
8841.
8843.
8843.
8842.
8843.
8842.
8841.
8842.
8843.
8842.
8842.
8841.
8840.
8839.
8838.
8836.
8837.
8834.
8833.
8831.
8830.
8827.
8826.
8825.
8823.
8821.
8820.
8819.
8817.
8813.
8811.
8809.
8808.
8806.
8802.
8800.
8798.
8795.
8793.
8790.
8788.
8785.
8782.
8779.
8777.
8774.
8771.
8768.
8765.
8761.
8760.
8756.
8752.
8748.
8745.
8742.
8737.
8735.
8732.
8729.
8725.
8722.
8718.
8713.
8711.
8707.
8702.
8700.
8696.
8693.
8690.
8686.
8684.
8687.
8695.
8706.
8718.
8732.
8748.
8765.
8783.
8801.
8822.
8844.
8865.
8885.
8906.
8926.
8945.
8966.
8982.
8999.
9015.
9033.
9052.
9068.
9085.
9102.
9117.
9131.
9145.
9158.
9171.
9182.
9191.
9202.
9208.
9214.
9219.
9224.
9228.
9229.
9233.
9236.
9238.
9240.
9242.
9245.
9248.
9250.
9251.
9255.
9257.
9258.
9261.
9262.
9264.
9265.
9266.
9268.
9269.
9269.
9271.
9271.
9271.
9271.
9270.
9269.
9269.
9267.
9266.
9264.
9263.
9260.
9259.
9257.
9255.
9252.
9251.
9247.
9244.
9241.
9237.
9233.
9232.
9228.
9225.
9221.
9216.
9213.
9209.
9204.
9200.
9197.
9193.
9187.
9183.
9178.
9175.
9170.
9164.
9160.
9155.
9149.
9144.
9141.
9135.
9129.
9124.
9118.
9114.
9108.
9103.
9097.
9091.
9085.
9081.
9075.
9070.
9064.
9058.
9052.
9047.
9042.
9035.
9030.
9023.
9018.
9011.
9006.
8999.
8993.
8987.
8981.
8975.
8970.
8963.
8957.
8952.
8944.
8938.
8933.
8928.
8921.
8914.
8908.
8903.
8896.
8891.
8884.
8878.
8872.
8867.
8861.
8854.
8848.
8843.
8836.
8831.
8825.
8819.
8812.
8808.
8802.
8796.
8790.
8784.
8779.
8773.
8767.
8760.
8755.
8750.
8743.
8738.
8732.
8727.
8720.
8715.
8710.
8703.
8700.
8693.
8688.
8683.
8677.
8672.
8667.
8661.
8655.
8649.
8644.
8638.
8632.
8626.
8620.
8615.
8609.
8604.
8598.
8591.
8587.
8583.
8576.
8572.
8567.
8561.
8556.
8552.
8548.
8542.
8538.
8534.
8531.
8529.
8530.
8531.
8533.
8536.
8540.
8545.
8549.
8555.
8561.
8566.
8569.
8574.
8578.
8582.
8583.
8584.
8586.
8588.
8586.
8586.
8586.
8587.
8588.
8590.
8590.
8590.
8592.
8594.
8596.
8597.
8599.
8600.
8600.
8601.
8601.
8602.
8602.
8603.
8603.
8605.
8606.
8606.
8606.
8606.
8608.
8609.
8610.
8612.
8613.
8614.
8614.
8615.
8616.
8617.
8618.
8619.
8620.
8621.
8623.
8625.
8625.
8626.
8628.
8629.
8631.
8632.
8633.
8634.
8636.
8637.
8638.
8639.
8640.
8640.
8642.
8644.
8645.
8646.
8647.
8648.
8649.
8651.
8652.
8652.
8653.
8655.
8656.
8657.
8658.
8658.
8658.
8660.
8660.
8661.
8660.
8661.
8661.
8662.
8663.
8663.
8662.
8662.
8662.
8662.
8661.
8661.
8661.
8661.
8660.
8660.
8660.
8658.
8658.
8657.
8657.
8656.
8655.
8653.
8654.
8652.
8652.
8650.
8649.
8647.
8647.
8646.
8645.
8643.
8641.
8641.
8639.
8638.
8636.
8635.
8634.
8633.
8630.
8629.
8627.
8624.
8622.
8620.
8619.
8617.
8614.
8613.
8610.
8608.
8606.
8604.
8603.
8600.
8598.
8596.
8593.
8589.
8588.
8584.
8582.
8581.
8577.
8574.
8572.
8568.
8567.
8564.
8561.
8558.
8555.
8553.
8551.
8548.
8545.
8543.
8540.
8537.
8534.
8531.
8528.
8526.
8523.
8520.
8517.
8515.
8511.
8507.
8503.
8499.
8496.
8492.
8488.
8485.
8482.
8478.
8475.
8472.
8468.
8466.
8463.
8460.
8458.
8454.
8451.
8449.
8447.
8443.
8441.
8438.
8437.
8435.
8432.
8429.
8428.
8427.
8426.
8425.
8423.
8423.
8423.
8422.
8422.
8423.
8424.
8425.
8425.
8427.
8428.
8431.
8435.
8439.
8443.
8448.
8452.
8454.
8456.
8457.
8456.
8456.
8456.
8456.
8455.
8456.
8455.
8456.
8456.
8456.
8456.
8457.
8456.
8456.
8457.
8458.
8457.
8458.
8458.
8458.
8459.
8459.
8460.
8461.
8462.
8462.
8464.
8466.
8465.
8467.
8468.
8470.
8470.
8473.
8473.
8474.
8477.
8477.
8480.
8481.
8483.
8483.
8485.
8487.
8490.
8492.
8493.
8495.
8497.
8498.
8501.
8503.
8505.
8506.
8507.
8509.
8511.
8514.
8516.
8518.
8520.
8522.
8524.
8525.
8527.
8529.
8530.
8531.
8532.
8534.
8534.
8534.
8531.
8528.
8520.
8510.
8501.
8491.
8481.
8473.
8467.
8464.
8462.
8462.
8461.
8460.
8459.
8458.
8457.
8455.
8453.
8452.
8449.
8447.
8445.
8445.
8440.
8439.
8437.
8435.
8433.
8430.
8428.
8425.
8423.
8420.
8418.
8414.
8411.
8409.
8406.
8404.
8402.
8398.
8394.
8392.
8389.
8386.
8383.
8380.
8376.
8374.
8370.
8367.
8363.
8359.
8356.
8352.
8349.
8345.
8342.
8337.
8333.
8330.
8326.
8321.
8318.
8312.
8309.
8305.
8300.
8295.
8291.
8288.
8283.
8279.
8275.
8270.
8265.
8262.
8257.
8252.
8247.
8244.
8238.
8233.
8229.
8224.
8219.
8215.
8210.
8204.
8200.
8195.
8190.
8185.
8180.
8176.
8171.
8166.
8161.
8156.
8151.
8147.
8142.
8136.
8131.
8126.
8121.
8115.
8112.
8106.
8101.
8094.
8090.
8085.
8080.
8075.
8070.
8066.
8060.
8057.
8053.
8048.
8044.
8040.
8035.
8029.
8023.
8019.
8016.
8014.
8016.
8020.
8027.
8037.
8043.
8052.
8057.
8063.
8067.
8069.
8072.
8072.
8073.
8073.
8073.
8071.
8070.
8067.
8065.
8063.
8060.
8058.
8056.
8054.
8052.
8049.
8047.
8045.
8044.
8042.
8041.
8039.
8039.
8038.
8038.
8038.
8040.
8041.
8040.
8042.
8044.
8046.
8046.
8048.
8049.
8050.
8051.
8051.
8053.
8051.
8051.
8051.
8048.
8048.
8046.
8046.
8047.
8047.
8045.
8043.
8043.
8042.
8042.
8041.
8041.
8041.
8040.
8041.
8040.
8040.
8041.
8039.
8040.
8040.
8039.
8039.
8039.
8039.
8040.
8041.
8042.
8043.
8043.
8043.
8044.
8045.
8046.
8046.
8046.
8046.
8047.
8048.
8048.
8048.
8049.
8049.
8050.
8052.
8051.
8052.
8052.
8052.
8053.
8054.
8054.
8055.
8056.
8057.
8058.
8058.
8060.
8060.
8061.
8062.
8062.
8064.
8066.
8065.
8065.
8067.
8068.
8070.
8070.
8071.
8073.
8073.
8075.
8075.
8076.
8077.
8078.
8080.
8081.
8081.
8082.
8082.
8084.
8085.
8085.
8087.
8089.
8090.
8091.
8092.
8092.
8094.
8095.
8096.
8099.
8098.
8100.
8102.
8102.
8102.
8105.
8107.
8107.
8108.
8108.
8110.
8111.
8112.
8112.
8113.
8114.
8115.
8116.
8118.
8120.
8120.
8120.
8121.
8122.
8123.
8124.
8124.
8125.
8126.
8126.
8127.
8127.
8126.
8128.
8128.
8129.
8128.
8128.
8129.
8129.
8129.
8130.
8129.
8129.
8129.
8130.
8129.
8129.
8130.
8129.
8129.
8129.
8129.
8128.
8128.
8128.
8127.
8126.
8126.
8126.
8125.
8125.
8124.
8124.
8123.
8122.
8122.
8122.
8120.
8119.
8119.
8118.
8116.
8115.
8115.
8114.
8114.
8112.
8111.
8109.
8108.
8106.
8106.
8104.
8102.
8100.
8099.
8098.
8096.
8094.
8091.
8091.
8089.
8086.
8084.
8082.
8080.
8078.
8075.
8073.
8071.
8069.
8065.
8064.
8061.
8059.
8056.
8053.
8051.
8047.
8045.
8043.
8038.
8036.
8033.
8029.
8027.
8024.
8020.
8017.
8014.
8011.
8006.
8002.
7999.
7995.
7992.
7987.
7985.
7979.
7976.
7973.
7968.
7964.
7961.
7957.
7953.
7949.
7944.
7939.
7935.
7930.
7926.
7923.
7920.
7914.
7909.
7905.
7901.
7895.
7890.
7886.
7882.
7877.
7872.
7868.
7863.
7858.
7853.
7847.
7843.
7840.
7833.
7829.
7824.
7820.
7816.
7809.
7806.
7800.
7796.
7790.
7785.
7781.
7776.
7770.
7766.
7761.
7755.
7750.
7745.
7739.
7734.
7730.
7726.
7721.
7717.
7714.
7714.
7717.
7722.
7729.
7738.
7745.
7752.
7758.
7762.
7765.
7765.
7766.
7764.
7762.
7761.
7757.
7755.
7754.
7752.
7751.
7747.
7745.
7743.
7741.
7739.
7737.
7735.
7733.
7732.
7730.
7727.
7726.
7723.
7721.
7719.
7717.
7715.
7713.
7712.
7709.
7706.
7705.
7703.
7702.
7699.
7697.
7696.
7694.
7692.
7690.
7689.
7686.
7685.
7683.
7681.
7679.
7677.
7676.
7674.
7671.
7670.
7668.
7667.
7665.
7663.
7661.
7660.
7659.
7656.
7653.
7652.
7649.
7647.
7646.
7644.
7642.
7639.
7637.
7635.
7635.
7632.
7628.
7627.
7624.
7623.
7619.
7617.
7615.
7612.
7610.
7607.
7604.
7602.
7599.
7597.
7595.
7592.
7589.
7587.
7585.
7581.
7579.
7576.
7572.
7569.
7566.
7564.
7560.
7557.
7553.
7551.
7547.
7543.
7540.
7537.
7532.
7530.
7527.
7522.
7519.
7515.
7510.
7507.
7503.
7500.
7496.
7491.
7488.
7484.
7479.
7475.
7471.
7468.
7463.
7458.
7455.
7450.
7446.
7441.
7437.
7433.
7428.
7423.
7419.
7415.
7409.
7405.
7400.
7396.
7390.
7386.
7383.
7379.
7377.
7378.
7382.
7389.
7398.
7406.
7415.
7422.
7429.
7433.
7438.
7440.
7441.
7441.
7440.
7439.
7438.
7438.
7434.
7432.
7432.
7430.
7427.
7426.
7424.
7424.
7422.
7419.
7418.
7417.
7414.
7413.
7412.
7411.
7410.
7408.
7406.
7404.
7403.
7402.
7401.
7399.
7398.
7397.
7396.
7396.
7393.
7391.
7391.
7389.
7389.
7387.
7386.
7385.
7384.
7383.
7383.
7381.
7381.
7379.
7377.
7377.
7378.
7377.
7376.
7375.
7375.
7374.
7373.
7373.
7371.
7370.
7369.
7368.
7368.
7366.
7366.
7364.
7364.
7363.
7362.
7362.
7361.
7360.
7360.
7358.
7358.
7358.
7357.
7355.
7356.
7355.
7353.
7353.
7352.
7352.
7352.
7351.
7351.
7351.
7349.
7349.
7348.
7347.
7345.
7346.
7346.
7344.
7343.
7343.
7342.
7341.
7339.
7339.
7338.
7337.
7337.
7336.
7334.
7334.
7334.
7333.
7332.
7331.
7329.
7328.
7328.
7326.
7326.
7326.
7325.
7324.
7324.
7323.
7322.
7321.
7320.
7319.
7318.
7315.
7313.
7314.
7313.
7313.
7311.
7311.
7309.
7308.
7307.
7307.
7305.
7303.
7302.
7301.
7300.
7299.
7297.
7296.
7294.
7294.
7293.
7291.
7290.
7289.
7288.
7289.
7288.
7289.
7288.
7289.
7289.
7289.
7288.
7288.
7287.
7287.
7285.
7283.
7280.
7279.
7276.
7274.
7272.
7270.
7267.
7265.
7264.
7262.
7260.
7258.
7256.
7253.
7251.
7249.
7247.
7246.
7243.
7239.
7239.
7237.
7234.
7234.
7234.
7232.
7231.
7230.
7229.
7227.
7227.
7228.
7227.
7225.
7224.
7224.
7222.
7221.
7220.
7219.
7219.
7217.
7217.
7216.
7216.
7216.
7214.
7215.
7213.
7213.
7212.
7212.
7212.
7211.
7211.
7210.
7210.
7210.
7210.
7210.
7210.
7208.
7210.
7209.
7209.
7209.
7209.
7208.
7208.
7208.
7208.
7207.
7206.
7206.
7206.
7206.
7205.
7205.
7205.
7205.
7205.
7205.
7204.
7204.
7203.
7202.
7203.
7202.
7202.
7201.
7200.
7200.
7201.
7200.
7199.
7199.
7198.
7197.
7197.
7197.
7197.
7197.
7198.
7197.
7196.
7197.
7196.
7195.
7195.
7195.
7195.
7194.
7194.
7193.
7192.
7192.
7192.
7191.
7191.
7192.
7191.
7190.
7189.
7190.
7190.
7189.
7189.
7188.
7188.
7188.
7188.
7186.
7186.
7185.
7186.
7185.
7185.
7185.
7184.
7185.
7183.
7184.
7183.
7184.
7182.
7182.
7182.
7181.
7180.
7180.
7180.
7179.
7179.
7178.
7177.
7178.
7178.
7177.
7176.
7176.
7176.
7175.
7175.
7174.
7174.
7174.
7174.
7173.
7173.
7173.
7172.
7172.
7171.
7170.
7171.
7171.
7170.
7170.
7169.
7168.
7168.
7169.
7168.
7168.
7168.
7167.
7167.
7167.
7168.
7167.
7167.
7166.
7166.
7167.
7167.
7167.
7167.
7166.
7166.
7166.
7166.
7167.
7166.
7165.
7165.
7166.
7166.
7165.
7165.
7166.
7166.
7165.
7165.
7167.
7165.
7166.
7168.
7167.
7168.
7168.
7170.
7170.
7170.
7171.
7171.
7171.
7172.
7172.
7172.
7173.
7174.
7175.
7176.
7176.
7176.
7178.
7179.
7180.
7181.
7182.
7184.
7184.
7185.
7187.
7188.
7188.
7190.
7189.
7186.
7180.
7171.
7160.
7147.
7133.
7119.
7104.
7090.
7078.
7064.
7053.
7044.
7035.
7029.
7024.
7021.
7016.
7013.
7012.
7009.
7007.
7003.
7000.
6997.
6994.
6992.
6988.
6985.
6982.
6978.
6975.
6972.
6969.
6966.
6962.
6958.
6954.
6951.
6946.
6943.
6939.
6935.
6930.
6926.
6922.
6918.
6915.
6910.
6904.
6901.
6896.
6891.
6885.
6882.
6877.
6874.
6870.
6864.
6860.
6855.
6850.
6845.
6840.
6836.
6831.
6826.
6822.
6817.
6812.
6807.
6803.
6798.
6794.
6789.
6784.
6780.
6775.
6771.
6767.
6762.
6758.
6754.
6749.
6744.
6740.
6735.
6732.
6728.
6723.
6720.
6715.
6710.
6706.
6703.
6699.
6694.
6692.