5867.
5867.
5868.
5867.
5868.
5865.
5866.
5865.
5864.
5865.
5863.
5862.
5861.
5860.
5859.
5859.
5858.
5856.
5855.
5853.
5851.
5850.
5849.
5847.
5846.
5844.
5842.
5841.
5839.
5835.
5835.
5833.
5830.
5829.
5827.
5825.
5822.
5822.
5820.
5817.
5815.
5814.
5811.
5809.
5807.
5807.
5804.
5804.
5801.
5800.
5798.
5797.
5796.
5794.
5793.
5792.
5790.
5789.
5788.
5787.
5785.
5786.
5785.
5784.
5784.
5783.
5784.
5784.
5783.
5784.
5785.
5784.
5784.
5785.
5786.
5787.
5789.
5790.
5791.
5793.
5795.
5796.
5798.
5800.
5802.
5804.
5807.
5810.
5812.
5815.
5819.
5821.
5825.
5827.
5832.
5834.
5839.
5842.
5847.
5851.
5854.
5858.
5861.
5865.
5868.
5868.
5867.
5863.
5858.
5854.
5848.
5844.
5840.
5840.
5839.
5838.
5838.
5839.
5841.
5842.
5843.
5843.
5843.
5844.
5844.
5846.
5845.
5844.
5844.
5844.
5843.
5844.
5843.
5842.
5842.
5842.
5841.
5840.
5839.
5839.
5837.
5836.
5834.
5833.
5833.
5831.
5830.
5828.
5827.
5825.
5823.
5822.
5820.
5818.
5816.
5815.
5812.
5811.
5809.
5807.
5804.
5803.
5801.
5799.
5797.
5796.
5794.
5792.
5790.
5788.
5786.
5785.
5782.
5782.
5780.
5778.
5776.
5774.
5774.
5772.
5771.
5769.
5769.
5767.
5766.
5767.
5766.
5764.
5764.
5764.
5764.
5763.
5763.
5763.
5763.
5764.
5763.
5765.
5766.
5766.
5767.
5768.
5769.
5770.
5771.
5773.
5774.
5775.
5778.
5779.
5781.
5783.
5786.
5788.
5792.
5794.
5796.
5800.
5801.
5804.
5808.
5812.
5815.
5818.
5822.
5825.
5831.
5832.
5836.
5841.
5845.
5850.
5854.
5858.
5862.
5867.
5872.
5878.
5882.
5886.
5891.
5896.
5900.
5905.
5911.
5916.
5920.
5924.
5925.
5924.
5921.
5915.
5909.
5905.
5899.
5895.
5892.
5889.
5887.
5885.
5885.
5884.
5887.
5888.
5889.
5890.
5891.
5892.
5891.
5891.
5893.
5890.
5890.
5889.
5890.
5889.
5888.
5887.
5888.
5887.
5886.
5885.
5885.
5883.
5881.
5881.
5880.
5879.
5876.
5874.
5874.
5871.
5869.
5867.
5866.
5864.
5862.
5860.
5857.
5855.
5855.
5854.
5851.
5848.
5846.
5845.
5842.
5840.
5838.
5836.
5834.
5832.
5830.
5829.
5826.
5826.
5824.
5821.
5819.
5818.
5817.
5814.
5813.
5812.
5811.
5809.
5808.
5808.
5807.
5806.
5805.
5805.
5804.
5805.
5805.
5804.
5803.
5803.
5804.
5804.
5804.
5805.
5806.
5806.
5806.
5808.
5809.
5811.
5812.
5813.
5815.
5816.
5819.
5819.
5823.
5824.
5826.
5828.
5831.
5833.
5836.
5838.
5840.
5844.
5848.
5850.
5855.
5857.
5861.
5863.
5868.
5870.
5875.
5880.
5884.
5887.
5892.
5895.
5900.
5904.
5909.
5915.
5919.
5924.
5928.
5933.
5936.
5938.
5938.
5935.
5930.
5926.
5918.
5913.
5906.
5904.
5901.
5900.
5900.
5901.
5902.
5902.
5904.
5905.
5907.
5906.
5907.
5908.
5907.
5909.
5909.
5907.
5907.
5907.
5907.
5906.
5907.
5905.
5905.
5902.
5902.
5901.
5901.
5900.
5900.
5899.
5897.
5895.
5893.
5891.
5891.
5889.
5887.
5886.
5884.
5881.
5881.
5877.
5875.
5875.
5873.
5871.
5869.
5867.
5865.
5863.
5860.
5857.
5856.
5854.
5851.
5850.
5848.
5847.
5845.
5843.
5841.
5839.
5838.
5836.
5834.
5833.
5831.
5831.
5829.
5828.
5828.
5827.
5826.
5825.
5825.
5824.
5825.
5824.
5824.
5823.
5824.
5823.
5824.
5824.
5825.
5827.
5826.
5827.
5828.
5829.
5830.
5832.
5834.
5836.
5838.
5839.
5841.
5844.
5847.
5850.
5852.
5854.
5857.
5861.
5863.
5866.
5870.
5873.
5876.
5881.
5884.
5888.
5891.
5895.
5899.
5904.
5908.
5911.
5916.
5921.
5925.
5930.
5933.
5934.
5934.
5931.
5925.
5920.
5915.
5908.
5902.
5897.
5893.
5889.
5888.
5887.
5888.
5889.
5889.
5890.
5891.
5892.
5893.
5893.
5893.
5892.
5891.
5891.
5891.
5891.
5890.
5890.
5889.
5888.
5888.
5887.
5886.
5884.
5883.
5882.
5880.
5881.
5879.
5877.
5875.
5874.
5873.
5871.
5870.
5868.
5866.
5864.
5862.
5862.
5859.
5857.
5856.
5853.
5852.
5849.
5848.
5847.
5844.
5842.
5841.
5839.
5837.
5836.
5834.
5833.
5830.
5829.
5828.
5826.
5826.
5825.
5824.
5822.
5821.
5819.
5819.
5818.
5816.
5816.
5815.
5815.
5815.
5813.
5814.
5814.
5814.
5815.
5814.
5813.
5815.
5815.
5817.
5817.
5817.
5817.
5820.
5821.
5821.
5822.
5823.
5825.
5826.
5828.
5829.
5830.
5833.
5835.
5837.
5839.
5841.
5845.
5847.
5849.
5852.
5856.
5859.
5860.
5864.
5868.
5871.
5873.
5878.
5882.
5885.
5888.
5893.
5897.
5902.
5905.
5910.
5914.
5918.
5923.
5928.
5932.
5936.
5940.
5945.
5950.
5956.
5960.
5966.
5969.
5972.
5973.
5972.
5968.
5962.
5956.
5950.
5946.
5943.
5941.
5941.
5938.
5939.
5941.
5941.
5944.
5945.
5945.
5947.
5949.
5950.
5950.
5951.
5951.
5950.
5950.
5951.
5949.
5951.
5951.
5950.
5950.
5951.
5949.
5949.
5948.
5948.
5946.
5946.
5946.
5945.
5945.
5944.
5942.
5941.
5940.
5939.
5937.
5937.
5935.
5933.
5931.
5931.
5930.
5928.
5926.
5924.
5921.
5921.
5920.
5918.
5916.
5915.
5912.
5911.
5910.
5908.
5906.
5906.
5903.
5902.
5900.
5898.
5896.
5895.
5894.
5893.
5892.
5890.
5888.
5887.
5886.
5885.
5883.
5882.
5881.
5880.
5880.
5879.
5877.
5878.
5877.
5876.
5875.
5875.
5874.
5874.
5874.
5874.
5874.
5874.
5874.
5874.
5874.
5874.
5875.
5875.
5875.
5875.
5876.
5877.
5877.
5879.
5878.
5880.
5881.
5882.
5882.
5883.
5884.
5885.
5886.
5887.
5888.
5889.
5891.
5892.
5895.
5896.
5897.
5899.
5901.
5902.
5904.
5906.
5908.
5909.
5911.
5915.
5916.
5918.
5920.
5923.
5925.
5928.
5931.
5933.
5935.
5940.
5943.
5945.
5948.
5951.
5954.
5957.
5962.
5965.
5969.
5972.
5976.
5980.
5984.
5989.
5994.
5998.
6002.
6006.
6012.
6016.
6021.
6027.
6031.
6037.
6040.
6046.
6052.
6057.
6060.
6064.
6064.
6063.
6060.
6055.
6049.
6045.
6042.
6041.
6040.
6041.
6041.
6044.
6047.
6049.
6052.
6053.
6055.
6057.
6060.
6059.
6061.
6062.
6064.
6065.
6065.
6064.
6066.
6066.
6067.
6067.
6067.
6068.
6067.
6066.
6067.
6067.
6068.
6067.
6066.
6066.
6065.
6065.
6064.
6064.
6063.
6062.
6061.
6061.
6060.
6059.
6058.
6056.
6055.
6054.
6053.
6051.
6050.
6048.
6047.
6046.
6044.
6041.
6039.
6037.
6036.
6034.
6032.
6030.
6029.
6027.
6026.
6024.
6022.
6020.
6018.
6016.
6015.
6013.
6011.
6010.
6008.
6006.
6004.
6003.
6001.
6001.
5999.
5998.
5995.
5995.
5994.
5993.
5991.
5989.
5989.
5987.
5986.
5986.
5985.
5983.
5983.
5982.
5982.
5981.
5980.
5980.
5981.
5979.
5979.
5979.
5979.
5979.
5979.
5979.
5979.
5979.
5979.
5981.
5981.
5981.
5982.
5982.
5981.
5983.
5984.
5984.
5985.
5986.
5987.
5989.
5990.
5992.
5992.
5993.
5996.
5997.
5998.
6000.
6001.
6003.
6005.
6007.
6009.
6012.
6014.
6016.
6018.
6020.
6023.
6025.
6028.
6031.
6034.
6038.
6040.
6044.
6047.
6049.
6054.
6056.
6061.
6064.
6068.
6072.
6076.
6080.
6084.
6088.
6092.
6097.
6102.
6106.
6110.
6114.
6118.
6124.
6129.
6134.
6137.
6139.
6138.
6137.
6132.
6127.
6121.
6116.
6112.
6109.
6106.
6106.
6106.
6109.
6111.
6113.
6115.
6117.
6119.
6120.
6121.
6123.
6124.
6124.
6125.
6126.
6126.
6126.
6127.
6127.
6128.
6128.
6128.
6128.
6128.
6128.
6128.
6129.
6127.
6127.
6127.
6127.
6126.
6125.
6124.
6123.
6123.
6122.
6120.
6119.
6119.
6117.
6116.
6115.
6115.
6113.
6112.
6110.
6108.
6107.
6106.
6105.
6102.
6100.
6098.
6097.
6095.
6094.
6092.
6090.
6088.
6086.
6085.
6082.
6081.
6078.
6077.
6074.
6072.
6072.
6069.
6067.
6065.
6063.
6061.
6060.
6059.
6056.
6054.
6054.
6053.
6051.
6050.
6048.
6047.
6046.
6044.
6044.
6043.
6042.
6042.
6041.
6039.
6039.
6039.
6039.
6038.
6038.
6037.
6037.
6037.
6037.
6038.
6037.
6036.
6037.
6037.
6038.
6038.
6039.
6039.
6040.
6041.
6041.
6042.
6043.
6043.
6044.
6045.
6046.
6047.
6048.
6049.
6050.
6053.
6054.
6055.
6055.
6057.
6059.
6060.
6062.
6063.
6066.
6067.
6069.
6071.
6074.
6076.
6078.
6079.
6081.
6083.
6086.
6090.
6091.
6094.
6097.
6100.
6103.
6105.
6108.
6112.
6115.
6118.
6122.
6125.
6129.
6132.
6136.
6140.
6143.
6147.
6152.
6156.
6160.
6164.
6169.
6173.
6177.
6181.
6187.
6192.
6197.
6201.
6207.
6209.
6211.
6210.
6208.
6205.
6200.
6195.
6193.
6191.
6191.
6191.
6193.
6196.
6197.
6200.
6202.
6205.
6207.
6209.
6212.
6213.
6215.
6216.
6218.
6219.
6220.
6222.
6224.
6224.
6226.
6227.
6227.
6229.
6230.
6231.
6232.
6231.
6234.
6233.
6234.
6234.
6235.
6235.
6235.
6236.
6236.
6236.
6236.
6235.
6236.
6236.
6235.
6235.
6236.
6235.
6234.
6234.
6232.
6232.
6232.
6231.
6230.
6231.
6228.
6229.
6227.
6226.
6226.
6224.
6224.
6222.
6220.
6220.
6218.
6216.
6215.
6213.
6213.
6210.
6211.
6209.
6207.
6207.
6203.
6203.
6201.
6199.
6198.
6197.
6195.
6193.
6192.
6191.
6188.
6187.
6186.
6184.
6181.
6181.
6179.
6178.
6176.
6176.
6175.
6173.
6172.
6171.
6169.
6169.
6167.
6165.
6163.
6162.
6161.
6161.
6158.
6158.
6157.
6157.
6155.
6153.
6153.
6151.
6151.
6150.
6150.
6148.
6148.
6148.
6147.
6147.
6146.
6145.
6144.
6144.
6144.
6142.
6142.
6142.
6143.
6142.
6142.
6141.
6141.
6141.
6140.
6140.
6141.
6140.
6142.
6141.
6142.
6141.
6142.
6141.
6141.
6143.
6144.
6143.
6144.
6145.
6145.
6146.
6146.
6146.
6148.
6149.
6150.
6149.
6151.
6152.
6152.
6153.
6154.
6157.
6158.
6159.
6160.
6162.
6164.
6165.
6166.
6167.
6169.
6171.
6174.
6174.
6177.
6178.
6180.
6182.
6185.
6187.
6190.
6192.
6194.
6197.
6200.
6202.
6206.
6209.
6212.
6215.
6218.
6221.
6224.
6227.
6231.
6236.
6239.
6242.
6245.
6250.
6254.
6259.
6263.
6267.
6270.
6276.
6280.
6285.
6290.
6295.
6299.
6303.
6309.
6314.
6319.
6324.
6328.
6331.
6331.
6329.
6325.
6322.
6318.
6315.
6312.
6313.
6314.
6316.
6320.
6322.
6325.
6329.
6332.
6335.
6338.
6340.
6343.
6345.
6347.
6348.
6351.
6352.
6354.
6356.
6358.
6359.
6362.
6362.
6363.
6365.
6366.
6368.
6370.
6371.
6372.
6373.
6373.
6374.
6375.
6376.
6378.
6378.
6380.
6379.
6380.
6380.
6381.
6381.
6381.
6382.
6382.
6382.
6383.
6383.
6383.
6383.
6383.
6383.
6383.
6383.
6382.
6381.
6381.
6381.
6380.
6380.
6379.
6379.
6378.
6377.
6376.
6375.
6374.
6372.
6371.
6370.
6369.
6367.
6367.
6366.
6365.
6364.
6361.
6361.
6360.
6358.
6356.
6356.
6353.
6351.
6350.
6349.
6347.
6345.
6342.
6340.
6340.
6338.
6336.
6335.
6333.
6331.
6330.
6328.
6326.
6323.
6321.
6321.
6319.
6316.
6315.
6314.
6311.
6311.
6311.
6312.
6316.
6321.
6328.
6336.
6344.
6352.
6357.
6361.
6364.
6367.
6367.
6367.
6367.
6367.
6368.
6368.
6368.
6368.
6369.
6368.
6370.
6371.
6370.
6371.
6371.
6372.
6372.
6373.
6375.
6374.
6375.
6375.
6376.
6378.
6378.
6379.
6381.
6382.
6382.
6383.
6385.
6386.
6388.
6388.
6391.
6392.
6395.
6396.
6398.
6399.
6401.
6404.
6406.
6409.
6410.
6413.
6415.
6418.
6421.
6425.
6428.
6430.
6433.
6436.
6441.
6443.
6447.
6451.
6456.
6460.
6463.
6468.
6472.
6475.
6479.
6484.
6488.
6492.
6499.
6502.
6507.
6513.
6518.
6523.
6528.
6529.
6530.
6529.
6526.
6520.
6514.
6508.
6504.
6501.
6500.
6502.
6505.
6508.
6510.
6513.
6516.
6519.
6522.
6523.
6526.
6526.
6528.
6530.
6531.
6533.
6534.
6535.
6536.
6537.
6538.
6540.
6541.
6542.
6541.
6543.
6542.
6543.
6545.
6545.
6545.
6545.
6545.
6545.
6546.
6545.
6547.
6546.
6547.
6547.
6546.
6544.
6545.
6545.
6544.
6544.
6544.
6542.
6543.
6542.
6540.
6539.
6539.
6538.
6537.
6537.
6536.
6535.
6534.
6532.
6531.
6530.
6528.
6527.
6527.
6524.
6522.
6520.
6520.
6519.
6517.
6514.
6514.
6512.
6510.
6509.
6507.
6504.
6503.
6502.
6499.
6499.
6496.
6495.
6493.
6489.
6489.
6487.
6485.
6482.
6480.
6478.
6476.
6475.
6473.
6470.
6469.
6468.
6465.
6462.
6461.
6460.
6458.
6456.
6455.
6454.
6454.
6455.
6459.
6466.
6472.
6476.
6481.
6483.
6486.
6488.
6489.
6489.
6488.
6488.
6488.
6488.
6488.
6488.
6489.
6489.
6489.
6488.
6489.
6488.
6489.
6489.
6489.
6489.
6490.
6490.
6492.
6491.
6492.
6493.
6492.
6493.
6493.
6496.
6495.
6497.
6499.
6499.
6500.
6501.
6503.
6504.
6506.
6509.
6510.
6512.
6514.
6516.
6518.
6520.
6523.
6526.
6528.
6531.
6534.
6537.
6539.
6542.
6544.
6549.
6554.
6556.
6559.
6562.
6567.
6570.
6575.
6578.
6583.
6587.
6589.
6590.
6590.
6588.
6582.
6575.
6570.
6563.
6560.
6560.
6560.
6561.
6563.
6566.
6570.
6572.
6574.
6577.
6578.
6581.
6583.
6584.
6585.
6587.
6588.
6589.
6591.
6592.
6592.
6594.
6594.
6596.
6596.
6598.
6598.
6599.
6600.
6601.
6601.
6603.
6603.
6603.
6603.
6603.
6603.
6604.
6605.
6605.
6605.
6605.
6605.
6605.
6605.
6605.
6606.
6606.
6605.
6604.
6605.
6605.
6604.
6602.
6602.
6602.
6601.
6600.
6600.
6599.
6598.
6597.
6597.
6596.
6595.
6593.
6592.
6592.
6590.
6588.
6587.
6586.
6585.
6584.
6583.
6581.
6580.
6577.
6576.
6573.
6572.
6570.
6568.
6566.
6564.
6562.
6560.
6558.
6557.
6555.
6553.
6551.
6548.
6546.
6544.
6541.
6540.
6537.
6535.
6532.
6531.
6528.
6526.
6524.
6521.
6519.
6517.
6516.
6518.
6520.
6523.
6529.
6536.
6541.
6545.
6548.
6551.
6553.
6555.
6555.
6555.
6553.
6554.
6553.
6553.
6553.
6553.
6552.
6552.
6551.
6552.
6550.
6551.
6551.
6551.
6551.
6550.
6550.
6550.
6550.
6551.
6549.
6549.
6549.
6548.
6548.
6548.
6549.
6550.
6550.
6549.
6550.
6551.
6549.
6550.
6550.
6551.
6551.
6551.
6552.
6552.
6552.
6553.
6553.
6553.
6554.
6554.
6556.
6557.
6557.
6557.
6559.
6559.
6560.
6562.
6563.
6563.
6564.
6565.
6567.
6567.
6569.
6570.
6571.
6573.
6574.
6575.
6577.
6579.
6581.
6583.
6584.
6586.
6589.
6589.
6592.
6595.
6597.
6599.
6601.
6604.
6606.
6611.
6613.
6615.
6618.
6622.
6625.
6627.
6632.
6635.
6639.
6642.
6646.
6652.
6655.
6659.
6663.
6668.
6672.
6676.
6681.
6686.
6691.
6695.
6701.
6706.
6709.
6710.
6710.
6707.
6703.
6697.
6692.
6689.
6687.
6687.
6688.
6691.
6695.
6697.
6701.
6705.
6708.
6711.
6713.
6717.
6718.
6719.
6722.
6725.
6726.
6728.
6731.
6732.
6734.
6736.
6737.
6739.
6741.
6743.
6746.
6747.
6747.
6750.
6751.
6752.
6753.
6754.
6755.
6756.
6757.
6759.
6759.
6761.
6762.
6763.
6765.
6765.
6766.
6767.
6767.
6768.
6769.
6771.
6772.
6773.
6774.
6776.
6778.
6779.
6781.
6784.
6787.
6789.
6792.
6793.
6797.
6800.
6804.
6804.
6806.
6808.
6808.
6809.
6809.
6809.
6810.
6810.
6810.
6811.
6812.
6812.
6813.
6813.
6812.
6813.
6813.
6812.
6813.
6813.
6814.
6816.
6818.
6820.
6821.
6822.
6823.
6823.
6826.
6827.
6828.
6830.
6832.
6833.
6835.
6837.
6838.
6840.
6841.
6841.
6842.
6843.
6845.
6846.
6846.
6849.
6850.
6853.
6855.
6855.
6857.
6858.
6860.
6861.
6863.
6865.
6867.
6867.
6869.
6870.
6872.
6872.
6874.
6875.
6877.
6878.
6880.
6881.
6882.
6883.
6885.
6885.
6888.
6888.
6889.
6890.
6892.
6894.
6894.
6896.
6898.
6899.
6901.
6902.
6903.
6904.
6907.
6908.
6910.
6911.
6913.
6914.
6915.
6917.
6918.
6920.
6921.
6923.
6925.
6926.
6929.
6930.
6932.
6934.
6936.
6938.
6940.
6941.
6943.
6947.
6949.
6952.
6955.
6957.
6960.
6961.
6964.
6964.
6964.
6959.
6955.
6949.
6943.
6937.
6931.
6928.
6925.
6924.
6924.
6926.
6927.
6927.
6930.
6930.
6931.
6933.
6933.
6934.
6934.
6935.
6936.
6936.
6935.
6936.
6936.
6935.
6936.
6936.
6936.
6935.
6934.
6935.
6936.
6935.
6935.
6935.
6935.
6933.
6934.
6933.
6932.
6931.
6930.
6930.
6929.
6928.
6928.
6926.
6925.
6924.
6924.
6921.
6921.
6920.
6918.
6917.
6915.
6914.
6912.
6910.
6908.
6906.
6905.
6902.
6901.
6899.
6897.
6895.
6894.
6891.
6889.
6888.
6885.
6883.
6881.
6878.
6875.
6873.
6871.
6870.
6866.
6863.
6861.
6858.
6857.
6856.
6854.
6851.
6847.
6847.
6844.
6844.
6842.
6839.
6838.
6839.
6837.
6838.
6838.
6841.
6847.
6853.
6858.
6865.
6872.
6879.
6883.
6887.
6890.
6893.
6894.
6895.
6896.
6897.
6897.
6896.
6895.
6894.
6892.
6891.
6889.
6889.
6887.
6887.
6886.
6885.
6885.
6884.
6884.
6884.
6884.
6883.
6884.
6883.
6884.
6884.
6884.
6885.
6885.
6884.
6883.
6884.
6883.
6883.
6883.
6885.
6884.
6884.
6885.
6886.
6887.
6889.
6889.
6890.
6893.
6893.
6894.
6897.
6898.
6899.
6901.
6903.
6905.
6906.
6908.
6910.
6911.
6914.
6916.
6918.
6920.
6923.
6926.
6927.
6930.
6934.
6937.
6940.
6942.
6944.
6947.
6950.
6953.
6957.
6961.
6964.
6969.
6971.
6975.
6979.
6981.
6986.
6988.
6985.
6982.
6977.
6971.
6965.
6959.
6956.
6953.
6955.
6956.
6960.
6962.
6965.
6967.
6969.
6973.
6975.
6976.
6978.
6979.
6982.
6983.
6985.
6986.
6986.
6988.
6990.
6991.
6991.
6992.
6994.
6995.
6996.
6997.
6998.
6999.
7002.
7001.
7004.
7004.
7006.
7005.
7006.
7008.
7009.
7011.
7011.
7012.
7012.
7012.
7012.
7014.
7016.
7016.
7017.
7017.
7018.
7019.
7019.
7020.
7021.
7022.
7023.
7024.
7022.
7023.
7023.
7024.
7025.
7025.
7027.
7027.
7027.
7027.
7028.
7028.
7028.
7028.
7029.
7029.
7028.
7028.
7029.
7029.
7029.
7029.
7029.
7028.
7028.
7028.
7028.
7027.
7027.
7026.
7026.
7026.
7026.
7025.
7024.
7023.
7022.
7022.
7021.
7020.
7019.
7017.
7016.
7015.
7014.
7013.
7012.
7011.
7008.
7007.
7006.
7005.
7003.
7001.
7000.
6999.
6998.
6995.
6996.
6996.
7000.
7004.
7010.
7017.
7025.
7031.
7036.
7040.
7045.
7049.
7052.
7054.
7054.
7056.
7056.
7055.
7055.
7056.
7056.
7057.
7057.
7056.
7057.
7057.
7058.
7060.
7060.
7060.
7061.
7061.
7062.
7064.
7064.
7065.
7066.
7068.
7069.
7069.
7072.
7073.
7074.
7075.
7076.
7078.
7079.
7082.
7083.
7086.
7088.
7089.
7092.
7095.
7097.
7098.
7102.
7105.
7109.
7112.
7115.
7118.
7119.
7124.
7127.
7131.
7135.
7138.
7143.
7147.
7150.
7155.
7160.
7164.
7170.
7174.
7177.
7182.
7186.
7191.
7197.
7201.
7206.
7211.
7214.
7218.
7219.
7217.
7213.
7208.
7204.
7198.
7195.
7195.
7198.
7201.
7203.
7207.
7212.
7216.
7219.
7222.
7225.
7228.
7230.
7232.
7234.
7237.
7239.
7242.
7243.
7246.
7248.
7250.
7252.
7256.
7256.
7258.
7260.
7262.
7263.
7265.
7266.
7268.
7270.
7271.
7273.
7275.
7276.
7277.
7279.
7280.
7281.
7282.
7283.
7285.
7285.
7286.
7288.
7288.
7289.
7290.
7291.
7292.
7292.
7293.
7293.
7294.
7295.
7296.
7296.
7296.
7296.
7297.
7297.
7297.
7297.
7298.
7298.
7297.
7297.
7296.
7297.
7297.
7296.
7296.
7295.
7294.
7295.
7295.
7294.
7294.
7293.
7291.
7292.
7290.
7291.
7289.
7289.
7288.
7287.
7285.
7283.
7282.
7280.
7279.
7277.
7275.
7274.
7272.
7271.
7270.
7268.
7266.
7264.
7263.
7261.
7259.
7257.
7256.
7254.
7253.
7252.
7249.
7247.
7245.
7243.
7240.
7239.
7237.
7235.
7234.
7232.
7229.
7227.
7225.
7223.
7222.
7220.
7219.
7218.
7215.
7214.
7211.
7210.
7209.
7208.
7208.
7210.
7212.
7218.
7224.
7230.
7234.
7238.
7242.
7245.
7248.
7251.
7253.
7254.
7255.
7254.
7255.
7256.
7255.
7255.
7257.
7257.
7257.
7259.
7260.
7261.
7261.
7262.
7262.
7262.
7264.
7264.
7265.
7266.
7268.
7270.
7270.
7272.
7272.
7275.
7276.
7277.
7279.
7281.
7284.
7285.
7287.
7290.
7293.
7293.
7296.
7300.
7303.
7305.
7307.
7310.
7315.
7317.
7320.
7324.
7327.
7331.
7334.
7338.
7342.
7346.
7349.
7353.
7357.
7361.
7366.
7370.
7374.
7379.
7383.
7389.
7392.
7395.
7396.
7396.
7394.
7389.
7383.
7378.
7374.
7373.
7374.
7374.
7378.
7380.
7384.
7387.
7391.
7393.
7396.
7399.
7402.
7404.
7405.
7407.
7409.
7411.
7413.
7415.
7416.
7418.
7420.
7420.
7422.
7423.
7425.
7426.
7429.
7429.
7431.
7431.
7433.
7433.
7435.
7435.
7437.
7437.
7438.
7439.
7440.
7440.
7441.
7442.
7443.
7444.
7443.
7443.
7444.
7445.
7444.
7445.
7445.
7446.
7445.
7446.
7446.
7445.
7446.
7444.
7445.
7445.
7444.
7445.
7442.
7442.
7442.
7442.
7441.
7440.
7440.
7439.
7438.
7437.
7437.
7435.
7434.
7433.
7432.
7431.
7430.
7428.
7426.
7424.
7422.
7422.
7419.
7418.
7416.
7413.
7412.
7410.
7408.
7408.
7405.
7402.
7399.
7398.
7396.
7393.
7390.
7389.
7387.
7384.
7381.
7379.
7376.
7374.
7371.
7369.
7366.
7363.
7361.
7359.
7356.
7353.
7350.
7348.
7345.
7343.
7341.
7338.
7335.
7332.
7332.
7334.
7336.
7343.
7349.
7357.
7365.
7371.
7375.
7381.
7383.
7387.
7389.
7389.
7391.
7391.
7390.
7390.
7390.
7389.
7389.
7388.
7387.
7387.
7387.
7387.
7386.
7385.
7386.
7385.
7386.
7385.
7386.
7385.
7386.
7384.
7384.
7384.
7385.
7385.
7386.
7386.
7388.
7390.
7391.
7393.
7394.
7394.
7396.
7397.
7398.
7399.
7400.
7400.
7402.
7402.
7404.
7406.
7407.
7409.
7412.
7413.
7415.
7417.
7419.
7423.
7425.
7426.
7430.
7433.
7434.
7439.
7441.
7445.
7447.
7450.
7453.
7457.
7460.
7464.
7467.
7470.
7474.
7478.
7482.
7486.
7490.
7494.
7497.
7501.
7505.
7509.
7513.
7519.
7523.
7527.
7532.
7534.
7540.
7545.
7549.
7553.
7555.
7555.
7553.
7549.
7545.
7540.
7538.
7537.
7537.
7538.
7541.
7544.
7548.
7553.
7556.
7557.
7560.
7562.
7565.
7567.
7568.
7570.
7573.
7574.
7576.
7578.
7579.
7581.
7582.
7585.
7586.
7587.
7588.
7590.
7592.
7594.
7595.
7596.
7597.
7599.
7601.
7601.
7603.
7605.
7606.
7607.
7608.
7610.
7609.
7611.
7612.
7613.
7613.
7614.
7614.
7616.
7617.
7617.
7618.
7618.
7620.
7620.
7620.
7621.
7620.
7621.
7621.
7621.
7622.
7622.
7622.
7623.
7622.
7623.
7624.
7624.
7623.
7623.
7622.
7623.
7623.
7623.
7622.
7622.
7620.
7620.
7620.
7619.
7619.
7618.
7618.
7617.
7617.
7615.
7615.
7615.
7613.
7612.
7611.
7611.
7610.
7608.
7608.
7606.
7604.
7604.
7604.
7603.
7602.
7602.
7601.
7600.
7599.
7598.
7597.
7596.
7597.
7598.
7600.
7604.
7607.
7610.
7616.
7621.
7627.
7631.
7636.
7639.
7644.
7648.
7653.
7656.
7659.
7663.
7667.
7669.
7671.
7674.
7675.
7677.
7681.
7683.
7684.
7687.
7688.
7690.
7691.
7692.
7693.
7695.
7696.
7697.
7698.
7698.
7699.
7701.
7701.
7703.
7704.
7705.
7707.
7710.
7712.
7715.
7717.
7719.
7722.
7724.
7726.
7728.
7732.
7734.
7736.
7739.
7740.
7745.
7747.
7749.
7753.
7757.
7759.
7761.
7766.
7769.
7772.
7776.
7779.
7783.
7787.
7790.
7794.
7799.
7802.
7806.
7809.
7814.
7817.
7820.
7820.
7821.
7818.
7815.
7811.
7807.
7805.
7804.
7806.
7808.
7810.
7813.
7817.
7819.
7821.
7823.
7826.
7828.
7829.
7831.
7832.
7834.
7836.
7837.
7839.
7840.
7841.
7842.
7844.
7846.
7846.
7847.
7850.
7850.
7851.
7853.
7853.
7854.
7855.
7856.
7857.
7858.
7860.
7861.
7861.
7861.
7862.
7863.
7865.
7865.
7865.
7866.
7866.
7866.
7868.
7868.
7870.
7870.
7871.
7871.
7870.
7872.
7872.
7872.
7874.
7874.
7874.
7872.
7873.
7875.
7875.
7875.
7873.
7874.
7875.
7875.
7875.
7876.
7875.
7875.
7874.
7874.
7874.
7874.
7873.
7873.
7873.
7872.
7872.
7871.
7871.
7870.
7870.
7870.
7868.
7868.
7867.
7867.
7866.
7865.
7864.
7863.
7863.
7862.
7860.
7860.
7858.
7857.
7857.
7854.
7854.
7853.
7852.
7850.
7850.
7849.
7849.
7848.
7847.
7845.
7845.
7843.
7842.
7841.
7839.
7838.
7836.
7834.
7833.
7832.
7831.
7831.
7831.
7830.
7830.
7829.
7829.
7829.
7829.
7829.
7829.
7829.
7829.
7829.
7828.
7831.
7832.
7832.
7833.
7835.
7836.
7837.
7839.
7841.
7842.
7843.
7845.
7845.
7846.
7847.
7847.
7849.
7850.
7850.
7850.
7850.
7851.
7850.
7852.
7852.
7855.
7854.
7856.
7857.
7859.
7859.
7860.
7860.
7862.
7862.
7864.
7865.
7866.
7867.
7868.
7869.
7870.
7872.
7873.
7874.
7876.
7877.
7879.
7880.
7881.
7882.
7884.
7887.
7887.
7890.
7892.
7893.
7894.
7896.
7898.
7901.
7901.
7904.
7906.
7908.
7910.
7913.
7915.
7918.
7920.
7923.
7925.
7928.
7930.
7933.
7935.
7939.
7940.
7941.
7940.
7938.
7935.
7931.
7928.
7923.
7921.
7919.
7920.
7920.
7922.
7924.
7926.
7928.
7929.
7930.
7931.
7931.
7933.
7934.
7933.
7934.
7936.
7936.
7937.
7937.
7937.
7938.
7939.
7939.
7940.
7940.
7941.
7941.
7942.
7942.
7942.
7943.
7943.
7944.
7944.
7945.
7945.
7945.
7945.
7945.
7946.
7946.
7946.
7947.
7946.
7946.
7946.
7947.
7946.
7946.
7947.
7947.
7947.
7946.
7945.
7945.
7944.
7945.
7944.
7944.
7944.
7943.
7941.
7941.
7941.
7940.
7939.
7938.
7937.
7936.
7935.
7933.
7932.
7931.
7929.
7928.
7927.
7926.
7924.
7922.
7921.
7919.
7918.
7915.
7914.
7911.
7910.
7908.
7906.
7905.
7903.
7900.
7897.
7897.
7894.
7891.
7890.
7887.
7886.
7884.
7881.
7880.
7877.
7875.
7873.
7873.
7875.
7879.
7885.
7890.
7899.
7908.
7916.
7924.
7930.
7935.
7940.
7943.
7948.
7949.
7952.
7954.
7955.
7956.
7958.
7958.
7959.
7961.
7961.
7964.
7965.
7967.
7968.
7969.
7971.
7973.
7975.
7977.
7980.
7982.
7984.
7987.
7988.
7990.
7994.
7998.
7999.
8001.
8005.
8008.
8011.
8015.
8018.
8022.
8025.
8030.
8033.
8036.
8039.
8045.
8049.
8052.
8056.
8061.
8065.
8069.
8073.
8078.
8082.
8086.
8092.
8097.
8101.
8107.
8111.
8117.
8121.
8126.
8130.
8137.
8141.
8146.
8151.
8155.
8161.
8166.
8170.
8175.
8180.
8184.
8190.
8194.
8198.
8201.
8206.
8210.
8214.
8217.
8221.
8224.
8228.
8231.
8233.
8236.
8237.
8240.
8242.
8245.
8245.
8248.
8249.
8250.
8250.
8252.
8254.
8255.
8256.
8256.
8257.
8258.
8256.
8257.
8258.
8259.
8258.
8258.
8259.
8259.
8258.
8257.
8257.
8256.
8257.
8256.
8256.
8254.
8253.
8252.
8252.
8251.
8250.
8249.
8248.
8245.
8245.
8243.
8242.
8240.
8239.
8236.
8235.
8234.
8233.
8230.
8229.
8227.
8224.
8223.
8221.
8219.
8216.
8214.
8212.
8209.
8207.
8204.
8202.
8198.
8196.
8193.
8190.
8188.
8185.
8183.
8180.
8176.
8174.
8171.
8168.
8164.
8162.
8159.
8155.
8153.
8149.
8146.
8144.
8141.
8138.
8133.
8132.
8128.
8125.
8122.
8119.
8116.
8113.
8109.
8105.
8103.
8100.
8097.
8096.
8096.
8096.
8099.
8105.
8109.
8115.
8121.
8128.
8134.
8139.
8144.
8148.
8151.
8152.
8155.
8157.
8159.
8161.
8163.
8164.
8166.
8167.
8168.
8171.
8173.
8173.
8175.
8176.
8177.
8180.
8182.
8183.
8185.
8189.
8190.
8193.
8194.
8197.
8200.
8202.
8204.
8207.
8209.
8211.
8215.
8218.
8220.
8223.
8227.
8230.
8233.
8236.
8240.
8242.
8245.
8250.
8252.
8256.
8259.
8264.
8268.
8271.
8274.
8279.
8282.
8287.
8292.
8296.
8299.
8304.
8307.
8312.
8316.
8320.
8324.
8327.
8333.
8338.
8341.
8345.
8351.
8356.
8359.
8364.
8368.
8373.
8376.
8380.
8386.
8388.
8393.
8396.
8400.
8404.
8408.
8411.
8414.
8417.
8420.
8423.
8426.
8429.
8430.
8432.
8434.
8437.
8438.
8439.
8439.
8441.
8443.
8445.
8444.
8444.
8444.
8445.
8446.
8446.
8446.
8446.
8447.
8445.
8445.
8445.
8445.
8444.
8443.
8442.
8440.
8438.
8438.
8438.
8436.
8434.
8434.
8432.
8430.
8428.
8427.
8425.
8422.
8421.
8418.
8415.
8413.
8411.
8409.
8407.
8404.
8402.
8399.
8396.
8393.
8391.
8388.
8384.
8381.
8379.
8375.
8371.
8370.
8366.
8362.
8358.
8355.
8350.
8349.
8346.
8341.
8338.
8334.
8330.
8326.
8322.
8318.
8314.
8312.
8307.
8302.
8299.
8295.
8290.
8286.
8282.
8277.
8274.
8271.
8266.
8263.
8261.
8260.
8262.
8266.
8272.
8279.
8285.
8290.
8295.
8300.
8303.
8305.
8306.
8307.
8308.
8307.
8306.
8305.
8305.
8304.
8304.
8305.
8304.
8303.
8303.
8302.
8302.
8303.
8302.
8302.
8303.
8303.
8302.
8304.
8304.
8304.
8304.
8305.
8305.
8305.
8307.
8307.
8308.
8310.
8311.
8314.
8314.
8315.
8317.
8320.
8321.
8322.
8325.
8327.
8329.
8332.
8335.
8336.
8339.
8341.
8344.
8348.
8350.
8353.
8356.
8359.
8362.
8367.
8371.
8375.
8379.
8382.
8387.
8391.
8394.
8398.
8402.
8406.
8410.
8414.
8419.
8423.
8427.
8432.
8436.
8441.
8446.
8450.
8454.
8460.
8465.
8469.
8474.
8477.
8482.
8488.
8492.
8496.
8501.
8504.
8509.
8513.
8517.
8520.
8524.
8527.
8529.
8533.
8536.
8537.
8539.
8542.
8544.
8544.
8546.
8549.
8548.
8549.
8549.
8550.
8550.
8550.
8551.
8551.
8550.
8548.
8549.
8548.
8548.
8547.
8547.
8545.
8545.
8542.
8542.
8541.
8539.
8537.
8536.
8534.
8533.
8531.
8528.
8526.
8524.
8523.
8521.
8518.
8515.
8512.
8510.
8508.
8505.
8503.
8500.
8496.
8494.
8491.
8487.
8485.
8483.
8480.
8476.
8473.
8469.
8466.
8462.
8459.
8455.
8451.
8448.
8444.
8440.
8436.
8434.
8429.
8426.
8423.
8418.
8414.
8409.
8407.
8402.
8400.
8398.
8398.
8400.
8403.
8408.
8414.
8421.
8428.
8434.
8438.
8441.
8444.
8445.
8446.
8447.
8448.
8447.
8448.
8449.
8448.
8449.
8448.
8448.
8449.
8450.
8449.
8450.
8451.
8452.
8453.
8454.
8455.
8455.
8457.
8458.
8460.
8461.
8462.
8465.
8467.
8468.
8470.
8472.
8474.
8476.
8479.
8482.
8485.
8489.
8492.
8494.
8498.
8501.
8504.
8508.
8512.
8516.
8520.
8524.
8527.
8532.
8536.
8539.
8545.
8549.
8553.
8558.
8561.
8567.
8571.
8577.
8581.
8586.
8591.
8596.
8601.
8605.
8610.
8614.
8619.
8625.
8629.
8633.
8637.
8641.
8644.
8648.
8653.
8656.
8658.
8661.
8663.
8665.
8666.
8667.
8668.
8668.
8670.
8669.
8670.
8670.
8670.
8670.
8670.
8669.
8667.
8668.
8666.
8666.
8665.
8664.
8662.
8660.
8659.
8657.
8656.
8653.
8651.
8649.
8646.
8644.
8642.
8640.
8638.
8635.
8631.
8628.
8625.
8622.
8620.
8616.
8614.
8611.
8608.
8605.
8600.
8597.
8593.
8590.
8586.
8581.
8578.
8574.
8570.
8567.
8562.
8559.
8555.
8550.
8547.
8544.
8540.
8539.
8538.
8540.
8544.
8547.
8554.
8558.
8562.
8567.
8569.
8571.
8573.
8574.
8573.
8573.
8572.
8571.
8571.
8571.
8571.
8570.
8570.
8571.
8571.
8572.
8571.
8572.
8572.
8572.
8572.
8573.
8573.
8574.
8574.
8575.
8576.
8577.
8578.
8580.
8582.
8583.
8584.
8585.
8588.
8590.
8592.
8594.
8597.
8599.
8602.
8604.
8607.
8610.
8614.
8616.
8620.
8622.
8626.
8629.
8633.
8637.
8641.
8644.
8649.
8653.
8657.
8661.
8665.
8670.
8675.
8678.
8683.
8689.
8693.
8696.
8702.
8707.
8711.
8716.
8721.
8725.
8729.
8733.
8738.
8743.
8747.
8752.
8756.
8758.
8761.
8764.
8767.
8770.
8772.
8772.
8774.
8775.
8776.
8777.
8777.
8778.
8777.
8778.
8777.
8776.
8776.
8775.
8774.
8773.
8772.
8770.
8769.
8767.
8765.
8764.
8761.
8760.
8758.
8755.
8753.
8751.
8749.
8747.
8743.
8740.
8737.
8734.
8731.
8728.
8726.
8722.
8719.
8716.
8712.
8708.
8704.
8701.
8697.
8694.
8690.
8686.
8682.
8678.
8674.
8670.
8666.
8662.
8658.
8654.
8650.
8647.
8642.
8637.
8634.
8632.
8632.
8635.
8639.
8641.
8647.
8653.
8660.
8668.
8672.
8677.
8681.
8685.
8688.
8691.
8693.
8694.
8695.
8695.
8695.
8695.
8697.
8697.
8698.
8700.
8701.
8702.
8703.
8706.
8706.
8709.
8711.
8713.
8716.
8718.
8721.
8724.
8726.
8729.
8731.
8734.
8737.
8740.
8744.
8746.
8750.
8754.
8758.
8761.
8764.
8768.
8772.
8777.
8781.
8784.
8788.
8791.
8798.
8803.
8807.
8812.
8816.
8821.
8825.
8828.
8834.
8839.
8843.
8848.
8853.
8857.
8861.
8865.
8868.
8874.
8876.
8879.
8882.
8884.
8887.
8888.
8890.
8889.
8891.
8892.
8891.
8890.
8891.
8890.
8891.
8890.
8888.
8887.
8887.
8885.
8884.
8882.
8881.
8879.
8877.
8875.
8872.
8870.
8867.
8866.
8863.
8860.
8857.
8853.
8851.
8848.
8844.
8840.
8837.
8833.
8830.
8827.
8822.
8818.
8814.
8811.
8807.
8803.
8799.
8793.
8790.
8786.
8781.
8778.
8773.
8768.
8764.
8759.
8754.
8750.
8745.
8741.
8736.
8732.
8728.
8724.
8720.
8718.
8719.
8722.
8725.
8728.
8732.
8736.
8740.
8744.
8747.
8750.
8753.
8757.
8758.
8758.
8759.
8757.
8756.
8757.
8756.
8756.
8757.
8757.
8757.
8758.
8760.
8760.
8762.
8762.
8764.
8764.
8766.
8767.
8769.
8771.
8772.
8773.
8775.
8779.
8782.
8784.
8786.
8788.
8791.
8795.
8798.
8802.
8804.
8808.
8812.
8815.
8817.
8820.
8824.
8828.
8832.
8838.
8842.
8845.
8849.
8854.
8858.
8862.
8865.
8871.
8876.
8879.
8884.
8889.
8893.
8897.
8901.
8906.
8911.
8914.
8917.
8919.
8923.
8927.
8928.
8930.
8933.
8934.
8935.
8936.
8935.
8936.
8936.
8936.
8936.
8935.
8934.
8934.
8931.
8931.
8929.
8927.
8925.
8922.
8921.
8918.
8915.
8913.
8911.
8908.
8906.
8902.
8899.
8895.
8892.
8889.
8886.
8881.
8878.
8874.
8871.
8867.
8862.
8859.
8855.
8851.
8847.
8841.
8838.
8835.
8830.
8825.
8820.
8817.
8812.
8808.
8803.
8798.
8794.
8790.
8785.
8780.
8776.
8771.
8765.
8761.
8757.
8754.
8754.
8755.
8760.
8766.
8772.
8779.
8787.
8791.
8797.
8803.
8809.
8813.
8817.
8821.
8823.
8823.
8825.
8825.
8827.
8828.
8829.
8830.
8831.
8832.
8834.
8836.
8838.
8839.
8841.
8844.
8846.
8848.
8851.
8854.
8856.
8860.
8863.
8866.
8869.
8872.
8874.
8878.
8882.
8885.
8888.
8893.
8898.
8901.
8906.
8911.
8914.
8918.
8923.
8927.
8932.
8937.
8941.
8945.
8950.
8954.
8959.
8964.
8967.
8973.
8976.
8981.
8986.
8989.
8993.
8995.
8997.
8998.
9001.
9001.
9001.
9001.
9003.
9002.
9002.
9001.
9000.
8998.
8995.
8995.
8995.
8992.
8990.
8988.
8986.
8983.
8981.
8978.
8976.
8973.
8970.
8967.
8963.
8961.
8957.
8953.
8951.
8947.
8944.
8939.
8936.
8933.
8928.
8924.
8919.
8914.
8910.
8906.
8901.
8897.
8893.
8890.
8888.
8889.
8892.
8900.
8907.
8917.
8926.
8933.
8940.
8947.
8957.
8964.
8972.
8980.
8985.
8988.
8992.
8995.
8995.
8997.
8998.
8997.
8998.
9000.
9001.
9002.
9003.
9003.
9005.
9007.
9008.
9009.
9010.
9014.
9016.
9019.
9022.
9025.
9029.
9034.
9038.
9043.
9048.
9053.
9058.
9063.
9070.
9074.
9081.
9085.
9090.
9096.
9102.
9107.
9113.
9118.
9124.
9129.
9135.
9139.
9143.
9147.
9152.
9156.
9159.
9162.
9166.
9170.
9174.
9176.
9180.
9181.
9183.
9187.
9190.
9191.
9193.
9193.
9194.
9196.
9195.
9195.
9195.
9195.
9194.
9192.
9191.
9189.
9188.
9186.
9184.
9183.
9180.
9178.
9175.
9173.
9169.
9166.
9163.
9162.
9158.
9154.
9151.
9147.
9142.
9141.
9135.
9133.
9128.
9126.
9120.
9117.
9112.
9108.
9104.
9099.
9094.
9091.
9087.
9081.
9076.
9072.
9067.
9062.
9058.
9051.
9046.
9042.
9037.
9032.
9027.
9022.
9016.
9011.
9005.
9001.
8996.
8990.
8983.
8980.
8974.
8970.
8968.
8969.
8972.
8976.
8981.
8987.
8993.
8998.
9005.
9010.
9018.
9025.
9034.
9041.
9047.
9051.
9056.
9059.
9061.
9063.
9063.
9065.
9066.
9068.
9069.
9070.
9072.
9074.
9077.
9078.
9080.
9083.
9085.
9087.
9091.
9093.
9096.
9098.
9102.
9105.
9108.
9111.
9113.
9117.
9120.
9124.
9127.
9130.
9135.
9137.
9141.
9145.
9148.
9153.
9156.
9161.
9165.
9168.
9171.
9175.
9180.
9182.
9186.
9190.
9190.
9193.
9195.
9196.
9196.
9197.
9198.
9198.
9198.
9197.
9195.
9194.
9194.
9192.
9190.
9189.
9186.
9184.
9181.
9178.
9175.
9173.
9170.
9167.
9164.
9160.
9156.
9153.
9149.
9145.
9142.
9138.
9134.
9129.
9125.
9121.
9116.
9113.
9108.
9103.
9099.
9095.
9091.
9084.
9080.
9075.
9071.
9068.
9069.
9070.
9075.
9082.
9089.
9098.
9108.
9116.
9126.
9135.
9144.
9154.
9164.
9172.
9182.
9188.
9193.
9198.
9202.
9206.
9207.
9210.
9212.
9214.
9216.
9218.
9220.
9222.
9225.
9227.
9229.
9230.
9232.
9236.
9239.
9241.
9244.
9246.
9249.
9251.
9254.
9258.
9260.
9263.
9266.
9269.
9272.
9276.
9279.
9280.
9283.
9287.
9289.
9290.
9291.
9294.
9297.
9297.
9298.
9298.
9299.
9299.
9298.
9296.
9297.
9296.
9295.
9293.
9292.
9290.
9287.
9285.
9283.
9280.
9277.
9274.
9271.
9269.
9265.
9261.
9259.
9254.
9252.
9247.
9244.
9239.
9236.
9231.
9227.
9222.
9218.
9213.
9208.
9204.
9199.
9194.
9190.
9184.
9179.
9173.
9170.
9165.
9159.
9155.
9152.
9153.
9156.
9161.
9169.
9177.
9188.
9196.
9207.
9216.
9225.
9235.
9245.
9256.
9266.
9274.
9282.
9289.
9295.
9299.
9302.
9305.
9307.
9309.
9312.
9313.
9315.
9316.
9318.
9320.
9323.
9326.
9329.
9331.
9333.
9336.
9337.
9342.
9342.
9346.
9348.
9351.
9354.
9356.
9358.
9361.
9364.
9367.
9369.
9373.
9375.
9377.
9378.
9380.
9381.
9381.
9382.
9383.
9382.
9382.
9381.
9379.
9379.
9377.
9375.
9373.
9372.
9370.
9367.
9365.
9363.
9358.
9354.
9351.
9348.
9345.
9342.
9338.
9334.
9330.
9325.
9321.
9317.
9312.
9308.
9303.
9298.
9294.
9289.
9285.
9279.
9275.
9269.
9264.
9259.
9254.
9249.
9243.
9238.
9233.
9228.
9222.
9217.
9210.
9205.
9199.
9195.
9192.
9194.
9197.
9203.
9210.
9220.
9229.
9240.
9252.
9263.
9274.
9287.
9299.
9311.
9323.
9336.
9348.
9359.
9369.
9377.
9386.
9390.
9395.
9400.
9402.
9405.
9407.
9409.
9412.
9414.
9416.
9418.
9419.
9423.
9425.
9426.
9430.
9432.
9434.
9436.
9439.
9441.
9443.
9446.
9448.
9450.
9452.
9455.
9455.
9458.
9459.
9461.
9461.
9463.
9462.
9462.
9461.
9461.
9459.
9457.
9455.
9454.
9451.
9449.
9445.
9442.
9440.
9437.
9434.
9429.
9425.
9421.
9418.
9413.
9410.
9405.
9401.
9397.
9391.
9386.
9382.
9378.
9373.
9368.
9363.
9357.
9352.
9347.
9343.
9337.
9332.
9326.
9321.
9315.
9310.
9304.
9298.
9292.
9287.
9281.
9276.
9270.
9263.
9257.
9252.
9246.
9240.
9234.
9228.
9222.
9216.
9210.
9203.
9198.
9192.
9186.
9181.
9180.
9182.
9186.
9195.
9204.
9214.
9225.
9237.
9247.
9260.
9272.
9283.
9296.
9309.
9323.
9337.
9353.
9369.
9382.
9395.
9408.
9418.
9429.
9436.
9441.
9446.
9450.
9454.
9457.
9459.
9462.
9465.
9466.
9469.
9472.
9474.
9477.
9480.
9482.
9484.
9486.
9490.
9491.
9493.
9496.
9498.
9501.
9501.
9504.
9505.
9507.
9508.
9508.
9507.
9507.
9506.
9505.
9503.
9501.
9499.
9496.
9494.
9491.
9488.
9485.
9483.
9480.
9476.
9472.
9469.
9464.
9461.
9456.
9453.
9450.
9446.
9441.
9437.
9433.
9429.
9425.
9420.
9415.
9412.
9407.
9403.
9399.
9394.
9390.
9386.
9382.
9378.
9374.
9370.
9365.
9361.
9357.
9353.
9349.
9346.
9342.
9336.
9333.
9330.
9327.
9327.
9330.
9335.
9344.
9355.
9368.
9381.
9394.
9409.
9425.
9439.
9453.
9466.
9480.
9496.
9510.
9523.
9538.
9552.
9566.
9578.
9592.
9605.
9618.
9630.
9641.
9648.
9655.
9661.
9664.
9669.
9672.
9674.
9675.
9676.
9677.
9677.
9677.
9678.
9677.
9677.
9676.
9676.
9675.
9674.
9672.
9671.
9669.
9666.
9663.
9661.
9657.
9654.
9650.
9647.
9642.
9638.
9634.
9630.
9625.
9621.
9617.
9611.
9606.
9601.
9596.
9591.
9585.
9580.
9574.
9568.
9562.
9556.
9551.
9545.
9539.
9533.
9526.
9521.
9515.
9509.
9502.
9496.
9489.
9482.
9477.
9469.
9464.
9457.
9450.
9443.
9437.
9430.
9425.
9416.
9410.
9404.
9398.
9390.
9383.
9377.
9370.
9363.
9355.
9349.
9342.
9335.
9327.
9320.
9313.
9307.
9301.
9301.
9303.
9309.
9317.
9326.
9338.
9347.
9360.
9372.
9382.
9395.
9408.
9423.
9436.
9449.
9463.
9476.
9489.
9498.
9507.
9514.
9519.
9521.
9523.
9525.
9527.
9528.
9530.
9530.
9530.
9533.
9534.
9535.
9537.
9538.
9540.
9541.
9542.
9544.
9545.
9547.
9549.
9550.
9552.
9553.
9554.
9558.
9558.
9561.
9562.
9563.
9563.
9564.
9565.
9566.
9566.
9566.
9565.
9565.
9563.
9562.
9559.
9556.
9554.
9552.
9550.
9546.
9543.
9540.
9536.
9532.
9529.
9524.
9520.
9515.
9510.
9506.
9501.
9497.
9493.
9486.
9482.
9476.
9472.
9465.
9461.
9456.
9450.
9444.
9440.
9435.
9429.
9423.
9417.
9411.
9405.
9399.
9394.
9390.
9390.
9393.
9398.
9406.
9415.
9426.
9438.
9449.
9461.
9470.
9483.
9496.
9507.
9521.
9535.
9549.
9560.
9570.
9580.
9589.
9594.
9601.
9607.
9611.
9614.
9615.
9617.
9618.
9619.
9620.
9620.
9622.
9623.
9625.
9625.
9624.