9498.
9494.
9490.
9488.
9485.
9480.
9475.
9471.
9468.
9461.
9457.
9453.
9448.
9442.
9437.
9433.
9428.
9423.
9417.
9412.
9407.
9401.
9396.
9391.
9385.
9378.
9374.
9368.
9363.
9355.
9350.
9344.
9338.
9332.
9328.
9326.
9328.
9334.
9340.
9348.
9358.
9368.
9376.
9385.
9395.
9405.
9416.
9425.
9436.
9448.
9457.
9469.
9478.
9486.
9492.
9496.
9497.
9499.
9500.
9501.
9501.
9502.
9503.
9502.
9503.
9503.
9503.
9504.
9506.
9505.
9506.
9506.
9507.
9508.
9508.
9508.
9509.
9511.
9512.
9513.
9514.
9514.
9514.
9515.
9516.
9517.
9519.
9520.
9520.
9521.
9521.
9522.
9522.
9523.
9523.
9523.
9523.
9522.
9522.
9521.
9520.
9520.
9517.
9516.
9514.
9513.
9510.
9508.
9506.
9504.
9500.
9497.
9494.
9491.
9489.
9486.
9481.
9478.
9474.
9470.
9465.
9462.
9457.
9452.
9448.
9444.
9439.
9434.
9428.
9424.
9418.
9413.
9408.
9402.
9397.
9391.
9387.
9380.
9374.
9370.
9363.
9358.
9352.
9345.
9339.
9334.
9327.
9322.
9319.
9317.
9320.
9325.
9333.
9341.
9350.
9360.
9368.
9377.
9383.
9390.
9395.
9399.
9404.
9408.
9409.
9410.
9410.
9409.
9407.
9407.
9406.
9406.
9406.
9405.
9406.
9406.
9406.
9405.
9405.
9406.
9407.
9406.
9407.
9407.
9408.
9408.
9409.
9410.
9410.
9410.
9412.
9413.
9413.
9414.
9417.
9419.
9420.
9421.
9421.
9423.
9425.
9426.
9428.
9429.
9431.
9433.
9435.
9436.
9438.
9440.
9442.
9443.
9446.
9446.
9449.
9450.
9452.
9453.
9455.
9456.
9457.
9458.
9458.
9459.
9460.
9459.
9459.
9459.
9458.
9457.
9457.
9456.
9455.
9453.
9451.
9450.
9449.
9446.
9444.
9442.
9439.
9437.
9434.
9432.
9429.
9426.
9423.
9420.
9416.
9412.
9409.
9406.
9402.
9397.
9393.
9391.
9386.
9381.
9377.
9372.
9368.
9363.
9358.
9353.
9348.
9345.
9339.
9333.
9329.
9323.
9318.
9313.
9309.
9305.
9306.
9309.
9316.
9325.
9334.
9344.
9355.
9367.
9380.
9393.
9404.
9414.
9424.
9431.
9437.
9443.
9447.
9449.
9450.
9452.
9452.
9452.
9452.
9453.
9453.
9453.
9455.
9455.
9457.
9458.
9457.
9458.
9460.
9461.
9461.
9461.
9462.
9464.
9464.
9466.
9468.
9468.
9471.
9472.
9474.
9475.
9476.
9479.
9480.
9481.
9483.
9485.
9486.
9488.
9491.
9492.
9494.
9495.
9497.
9498.
9500.
9501.
9501.
9503.
9503.
9503.
9503.
9502.
9501.
9501.
9500.
9499.
9497.
9495.
9494.
9493.
9492.
9490.
9486.
9484.
9480.
9478.
9475.
9472.
9468.
9464.
9460.
9457.
9453.
9450.
9445.
9441.
9436.
9432.
9428.
9423.
9419.
9414.
9409.
9405.
9400.
9394.
9389.
9383.
9379.
9373.
9367.
9364.
9357.
9352.
9347.
9341.
9335.
9328.
9324.
9319.
9313.
9308.
9307.
9308.
9313.
9319.
9327.
9337.
9347.
9358.
9368.
9378.
9389.
9400.
9410.
9420.
9428.
9434.
9438.
9439.
9441.
9441.
9441.
9440.
9442.
9441.
9442.
9443.
9442.
9444.
9445.
9445.
9446.
9446.
9447.
9447.
9448.
9449.
9450.
9451.
9452.
9453.
9454.
9454.
9456.
9458.
9459.
9459.
9461.
9463.
9464.
9465.
9468.
9470.
9471.
9472.
9473.
9476.
9477.
9479.
9481.
9483.
9483.
9484.
9487.
9487.
9488.
9488.
9489.
9490.
9490.
9490.
9489.
9489.
9488.
9487.
9486.
9485.
9484.
9482.
9479.
9477.
9474.
9472.
9470.
9467.
9465.
9463.
9458.
9456.
9453.
9449.
9446.
9441.
9438.
9433.
9430.
9426.
9422.
9417.
9413.
9409.
9405.
9399.
9393.
9390.
9385.
9381.
9375.
9370.
9365.
9360.
9355.
9350.
9344.
9338.
9332.
9328.
9321.
9316.
9310.
9305.
9298.
9292.
9287.
9280.
9276.
9268.
9263.
9257.
9252.
9245.
9241.
9240.
9244.
9248.
9255.
9263.
9272.
9281.
9291.
9301.
9310.
9317.
9324.
9330.
9334.
9336.
9337.
9337.
9337.
9336.
9335.
9335.
9333.
9333.
9334.
9333.
9334.
9334.
9333.
9333.
9334.
9334.
9335.
9335.
9336.
9336.
9336.
9337.
9339.
9339.
9339.
9342.
9342.
9344.
9346.
9346.
9347.
9348.
9350.
9351.
9354.
9355.
9357.
9359.
9360.
9363.
9364.
9367.
9369.
9371.
9374.
9375.
9377.
9379.
9381.
9382.
9385.
9387.
9389.
9390.
9393.
9395.
9396.
9398.
9399.
9400.
9400.
9402.
9403.
9403.
9403.
9403.
9401.
9401.
9400.
9400.
9398.
9397.
9396.
9394.
9393.
9390.
9389.
9385.
9384.
9380.
9379.
9377.
9374.
9371.
9368.
9364.
9362.
9360.
9355.
9353.
9349.
9345.
9342.
9339.
9334.
9331.
9327.
9322.
9319.
9315.
9310.
9307.
9302.
9296.
9292.
9287.
9282.
9277.
9272.
9266.
9262.
9257.
9252.
9246.
9239.
9234.
9228.
9224.
9218.
9213.
9207.
9203.
9197.
9194.
9194.
9197.
9202.
9208.
9216.
9222.
9228.
9235.
9242.
9246.
9250.
9255.
9259.
9260.
9260.
9259.
9258.
9257.
9256.
9255.
9254.
9253.
9253.
9251.
9251.
9253.
9253.
9252.
9252.
9253.
9252.
9251.
9251.
9252.
9252.
9254.
9253.
9255.
9256.
9257.
9259.
9259.
9260.
9262.
9263.
9264.
9267.
9268.
9269.
9270.
9272.
9274.
9276.
9278.
9279.
9282.
9284.
9287.
9289.
9290.
9293.
9296.
9298.
9301.
9304.
9306.
9309.
9310.
9313.
9315.
9318.
9319.
9323.
9325.
9327.
9328.
9330.
9331.
9332.
9334.
9335.
9336.
9336.
9335.
9335.
9335.
9336.
9335.
9334.
9334.
9332.
9331.
9329.
9327.
9326.
9325.
9323.
9322.
9319.
9316.
9313.
9311.
9309.
9306.
9303.
9301.
9297.
9294.
9291.
9288.
9284.
9280.
9277.
9274.
9269.
9265.
9262.
9257.
9253.
9248.
9245.
9240.
9236.
9231.
9228.
9223.
9217.
9213.
9208.
9203.
9199.
9194.
9189.
9183.
9177.
9171.
9165.
9160.
9155.
9149.
9144.
9141.
9140.
9141.
9146.
9152.
9158.
9166.
9175.
9182.
9188.
9195.
9201.
9205.
9208.
9211.
9212.
9212.
9211.
9210.
9209.
9209.
9206.
9207.
9206.
9206.
9205.
9205.
9204.
9204.
9205.
9205.
9205.
9205.
9204.
9205.
9205.
9206.
9206.
9206.
9207.
9207.
9209.
9209.
9212.
9213.
9213.
9214.
9216.
9217.
9218.
9220.
9222.
9224.
9226.
9227.
9230.
9231.
9233.
9235.
9236.
9237.
9240.
9242.
9245.
9248.
9250.
9252.
9254.
9256.
9259.
9262.
9264.
9266.
9269.
9270.
9274.
9275.
9278.
9279.
9281.
9282.
9283.
9286.
9286.
9287.
9287.
9288.
9288.
9286.
9287.
9286.
9287.
9285.
9284.
9284.
9283.
9281.
9279.
9278.
9275.
9273.
9271.
9269.
9267.
9265.
9263.
9259.
9255.
9253.
9251.
9247.
9244.
9241.
9237.
9234.
9231.
9228.
9223.
9221.
9215.
9211.
9208.
9203.
9201.
9196.
9190.
9186.
9182.
9178.
9173.
9168.
9163.
9157.
9153.
9147.
9142.
9137.
9132.
9127.
9120.
9116.
9112.
9105.
9100.
9093.
9087.
9080.
9075.
9070.
9066.
9065.
9068.
9071.
9076.
9083.
9089.
9096.
9104.
9110.
9116.
9122.
9127.
9134.
9136.
9139.
9141.
9140.
9139.
9138.
9135.
9134.
9132.
9132.
9132.
9131.
9130.
9130.
9130.
9130.
9130.
9129.
9129.
9128.
9129.
9129.
9129.
9129.
9130.
9130.
9131.
9132.
9133.
9133.
9133.
9134.
9136.
9137.
9138.
9139.
9140.
9141.
9143.
9144.
9145.
9148.
9149.
9151.
9153.
9155.
9156.
9158.
9161.
9163.
9165.
9167.
9169.
9171.
9173.
9175.
9178.
9181.
9183.
9187.
9188.
9190.
9192.
9195.
9197.
9198.
9201.
9202.
9205.
9206.
9207.
9209.
9211.
9211.
9213.
9214.
9214.
9214.
9215.
9214.
9214.
9213.
9213.
9212.
9211.
9211.
9209.
9208.
9206.
9206.
9203.
9200.
9200.
9197.
9196.
9194.
9192.
9189.
9187.
9184.
9181.
9178.
9175.
9172.
9169.
9166.
9164.
9160.
9156.
9152.
9148.
9145.
9141.
9137.
9134.
9130.
9125.
9121.
9116.
9113.
9108.
9104.
9098.
9094.
9090.
9084.
9080.
9075.
9070.
9064.
9058.
9054.
9048.
9043.
9038.
9032.
9026.
9020.
9015.
9009.
9003.
8998.
8991.
8985.
8978.
8974.
8968.
8966.
8967.
8971.
8976.
8982.
8991.
8997.
9004.
9011.
9016.
9021.
9025.
9028.
9033.
9035.
9038.
9039.
9038.
9035.
9034.
9031.
9031.
9029.
9029.
9029.
9028.
9027.
9026.
9027.
9025.
9024.
9024.
9024.
9025.
9024.
9024.
9025.
9024.
9023.
9024.
9025.
9025.
9026.
9026.
9027.
9028.
9028.
9030.
9030.
9030.
9033.
9034.
9034.
9034.
9037.
9039.
9041.
9042.
9043.
9045.
9047.
9048.
9050.
9052.
9054.
9056.
9058.
9060.
9062.
9064.
9066.
9068.
9071.
9073.
9076.
9078.
9080.
9082.
9083.
9086.
9088.
9090.
9093.
9095.
9097.
9100.
9101.
9102.
9105.
9106.
9107.
9108.
9109.
9111.
9111.
9111.
9111.
9111.
9112.
9112.
9112.
9112.
9110.
9111.
9109.
9107.
9107.
9104.
9103.
9102.
9100.
9097.
9096.
9094.
9092.
9090.
9087.
9084.
9083.
9080.
9076.
9074.
9071.
9068.
9064.
9061.
9058.
9055.
9051.
9046.
9043.
9039.
9035.
9032.
9026.
9022.
9018.
9013.
9009.
9005.
8999.
8995.
8990.
8985.
8980.
8975.
8970.
8966.
8960.
8954.
8950.
8944.
8938.
8932.
8927.
8921.
8914.
8909.
8902.
8898.
8892.
8887.
8885.
8887.
8889.
8894.
8899.
8906.
8912.
8920.
8927.
8933.
8938.
8944.
8949.
8952.
8955.
8956.
8956.
8954.
8952.
8950.
8949.
8947.
8947.
8946.
8944.
8944.
8944.
8942.
8942.
8941.
8940.
8939.
8939.
8938.
8937.
8936.
8938.
8938.
8937.
8937.
8938.
8938.
8938.
8937.
8939.
8940.
8940.
8941.
8941.
8942.
8943.
8944.
8946.
8946.
8946.
8948.
8949.
8950.
8952.
8954.
8957.
8958.
8959.
8961.
8964.
8965.
8966.
8968.
8970.
8972.
8975.
8977.
8979.
8982.
8983.
8985.
8987.
8991.
8992.
8996.
8997.
9000.
9002.
9004.
9006.
9008.
9010.
9013.
9015.
9017.
9019.
9019.
9020.
9022.
9024.
9025.
9026.
9026.
9028.
9027.
9029.
9028.
9027.
9028.
9027.
9027.
9026.
9026.
9025.
9024.
9022.
9022.
9020.
9018.
9017.
9015.
9013.
9012.
9010.
9008.
9006.
9003.
9000.
8998.
8995.
8992.
8989.
8987.
8984.
8980.
8977.
8974.
8972.
8969.
8964.
8961.
8958.
8955.
8949.
8945.
8942.
8937.
8933.
8929.
8925.
8920.
8916.
8910.
8907.
8903.
8896.
8891.
8888.
8882.
8877.
8872.
8866.
8860.
8855.
8850.
8845.
8839.
8834.
8831.
8827.
8828.
8831.
8836.
8841.
8847.
8852.
8858.
8863.
8866.
8870.
8874.
8875.
8877.
8878.
8878.
8877.
8876.
8874.
8873.
8871.
8870.
8868.
8867.
8865.
8864.
8862.
8862.
8861.
8860.
8859.
8857.
8856.
8856.
8854.
8855.
8855.
8854.
8853.
8853.
8851.
8851.
8851.
8852.
8851.
8850.
8850.
8851.
8851.
8851.
8852.
8853.
8852.
8854.
8855.
8855.
8856.
8856.
8856.
8857.
8858.
8860.
8860.
8862.
8863.
8863.
8866.
8866.
8868.
8871.
8871.
8872.
8874.
8876.
8876.
8879.
8881.
8883.
8885.
8886.
8889.
8891.
8893.
8895.
8898.
8900.
8902.
8904.
8906.
8908.
8910.
8913.
8915.
8917.
8921.
8922.
8924.
8926.
8928.
8931.
8932.
8934.
8935.
8937.
8938.
8941.
8941.
8942.
8944.
8944.
8945.
8947.
8947.
8948.
8948.
8948.
8948.
8947.
8947.
8947.
8946.
8946.
8946.
8944.
8944.
8942.
8942.
8941.
8939.
8938.
8937.
8935.
8933.
8932.
8929.
8927.
8925.
8924.
8921.
8918.
8916.
8913.
8910.
8908.
8905.
8902.
8900.
8897.
8894.
8890.
8887.
8884.
8881.
8878.
8873.
8870.
8865.
8862.
8858.
8854.
8850.
8845.
8840.
8837.
8832.
8828.
8823.
8818.
8814.
8809.
8803.
8800.
8794.
8789.
8783.
8779.
8773.
8767.
8763.
8758.
8751.
8745.
8739.
8734.
8727.
8722.
8715.
8710.
8703.
8698.
8694.
8690.
8691.
8693.
8697.
8702.
8709.
8715.
8721.
8725.
8729.
8732.
8734.
8735.
8734.
8735.
8734.
8731.
8730.
8727.
8725.
8722.
8720.
8718.
8716.
8713.
8711.
8708.
8706.
8704.
8702.
8701.
8697.
8696.
8694.
8693.
8690.
8688.
8685.
8683.
8681.
8679.
8678.
8676.
8673.
8673.
8671.
8668.
8668.
8665.
8664.
8662.
8661.
8658.
8657.
8656.
8654.
8652.
8651.
8650.
8647.
8647.
8645.
8643.
8642.
8640.
8639.
8638.
8636.
8634.
8634.
8631.
8631.
8628.
8627.
8626.
8624.
8622.
8620.
8619.
8617.
8615.
8613.
8613.
8610.
8609.
8606.
8605.
8603.
8601.
8599.
8597.
8595.
8593.
8591.
8588.
8586.
8584.
8581.
8579.
8576.
8575.
8572.
8569.
8566.
8563.
8560.
8555.
8553.
8549.
8546.
8543.
8540.
8536.
8531.
8529.
8525.
8521.
8517.
8513.
8508.
8505.
8504.
8506.
8511.
8518.
8526.
8535.
8545.
8552.
8558.
8564.
8569.
8573.
8576.
8578.
8579.
8579.
8579.
8578.
8576.
8574.
8573.
8572.
8571.
8571.
8571.
8571.
8569.
8569.
8567.
8568.
8568.
8568.
8567.
8568.
8567.
8566.
8567.
8566.
8566.
8568.
8568.
8570.
8570.
8569.
8570.
8571.
8573.
8574.
8575.
8576.
8578.
8578.
8580.
8581.
8583.
8585.
8587.
8588.
8589.
8592.
8592.
8594.
8596.
8599.
8602.
8603.
8606.
8608.
8609.
8612.
8614.
8616.
8618.
8622.
8622.
8625.
8628.
8631.
8633.
8636.
8638.
8641.
8643.
8646.
8648.
8651.
8653.
8656.
8658.
8660.
8662.
8664.
8667.
8668.
8671.
8672.
8674.
8675.
8677.
8678.
8679.
8679.
8680.
8681.
8682.
8682.
8681.
8682.
8681.
8682.
8682.
8681.
8682.
8680.
8680.
8679.
8678.
8677.
8676.
8674.
8672.
8671.
8669.
8667.
8666.
8663.
8662.
8661.
8658.
8656.
8652.
8652.
8649.
8646.
8641.
8640.
8638.
8635.
8631.
8627.
8624.
8620.
8617.
8613.
8609.
8605.
8603.
8597.
8592.
8589.
8585.
8581.
8576.
8571.
8565.
8561.
8555.
8551.
8546.
8542.
8536.
8530.
8526.
8521.
8517.
8511.
8507.
8502.
8497.
8493.
8486.
8482.
8477.
8471.
8464.
8457.
8450.
8442.
8436.
8432.
8428.
8424.
8425.
8428.
8434.
8439.
8447.
8455.
8462.
8468.
8473.
8479.
8482.
8486.
8489.
8494.
8497.
8499.
8500.
8502.
8502.
8501.
8499.
8499.
8500.
8499.
8498.
8496.
8495.
8493.
8491.
8491.
8489.
8489.
8488.
8489.
8487.
8487.
8487.
8486.
8486.
8486.
8485.
8485.
8485.
8485.
8485.
8484.
8485.
8484.
8485.
8484.
8485.
8486.
8486.
8486.
8487.
8488.
8488.
8489.
8489.
8490.
8490.
8493.
8493.
8495.
8495.
8495.
8496.
8497.
8499.
8501.
8502.
8503.
8505.
8507.
8508.
8510.
8511.
8513.
8515.
8518.
8520.
8522.
8523.
8525.
8527.
8529.
8531.
8533.
8535.
8538.
8542.
8542.
8545.
8548.
8550.
8552.
8556.
8556.
8556.
8552.
8548.
8541.
8535.
8529.
8525.
8521.
8522.
8521.
8522.
8524.
8524.
8524.
8523.
8522.
8522.
8520.
8519.
8518.
8517.
8516.
8514.
8513.
8510.
8508.
8506.
8504.
8501.
8499.
8496.
8494.
8491.
8489.
8487.
8483.
8482.
8478.
8474.
8472.
8468.
8465.
8461.
8457.
8454.
8450.
8445.
8443.
8438.
8434.
8429.
8426.
8421.
8416.
8411.
8406.
8402.
8397.
8392.
8388.
8381.
8376.
8371.
8365.
8359.
8353.
8347.
8340.
8335.
8330.
8325.
8318.
8312.
8307.
8300.
8293.
8287.
8282.
8275.
8270.
8266.
8264.
8267.
8273.
8281.
8292.
8303.
8314.
8325.
8335.
8342.
8348.
8351.
8352.
8353.
8352.
8353.
8350.
8349.
8346.
8345.
8341.
8339.
8338.
8336.
8335.
8332.
8330.
8329.
8328.
8325.
8324.
8323.
8322.
8320.
8319.
8317.
8316.
8314.
8314.
8312.
8311.
8309.
8309.
8308.
8307.
8305.
8305.
8304.
8303.
8302.
8301.
8301.
8300.
8299.
8299.
8298.
8298.
8297.
8297.
8295.
8295.
8295.
8294.
8294.
8293.
8293.
8293.
8292.
8293.
8291.
8291.
8291.
8292.
8292.
8291.
8291.
8291.
8290.
8290.
8290.
8290.
8289.
8289.
8289.
8289.
8289.
8288.
8288.
8289.
8289.
8289.
8288.
8287.
8288.
8287.
8287.
8287.
8287.
8286.
8285.
8286.
8285.
8284.
8284.
8285.
8284.
8284.
8284.
8283.
8282.
8283.
8282.
8282.
8281.
8281.
8281.
8282.
8281.
8281.
8280.
8281.
8281.
8279.
8280.
8279.
8280.
8280.
8280.
8280.
8281.
8281.
8280.
8280.
8280.
8280.
8281.
8281.
8281.
8281.
8281.
8282.
8282.
8283.
8284.
8283.
8283.
8284.
8285.
8286.
8287.
8287.
8288.
8289.
8290.
8291.
8291.
8292.
8293.
8294.
8296.
8297.
8298.
8299.
8301.
8303.
8304.
8305.
8307.
8309.
8310.
8311.
8313.
8316.
8318.
8319.
8322.
8324.
8326.
8328.
8330.
8332.
8335.
8337.
8339.
8342.
8345.
8347.
8350.
8353.
8355.
8358.
8361.
8363.
8366.
8369.
8371.
8374.
8378.
8380.
8383.
8385.
8389.
8392.
8393.
8396.
8399.
8402.
8404.
8405.
8409.
8412.
8414.
8416.
8419.
8420.
8422.
8424.
8425.
8425.
8429.
8430.
8430.
8432.
8431.
8433.
8433.
8432.
8434.
8435.
8434.
8435.
8434.
8434.
8434.
8432.
8433.
8431.
8432.
8430.
8430.
8429.
8428.
8427.
8425.
8424.
8423.
8422.
8420.
8419.
8416.
8415.
8413.
8411.
8409.
8407.
8405.
8402.
8400.
8397.
8395.
8393.
8390.
8387.
8384.
8381.
8379.
8375.
8371.
8368.
8364.
8361.
8357.
8354.
8349.
8346.
8343.
8338.
8334.
8330.
8325.
8320.
8316.
8312.
8308.
8303.
8297.
8294.
8289.
8284.
8279.
8274.
8269.
8263.
8257.
8253.
8247.
8242.
8236.
8230.
8226.
8220.
8213.
8208.
8203.
8196.
8190.
8184.
8178.
8173.
8167.
8160.
8155.
8149.
8143.
8137.
8131.
8127.
8124.
8125.
8126.
8130.
8138.
8146.
8154.
8162.
8167.
8172.
8174.
8179.
8180.
8182.
8182.
8181.
8180.
8180.
8178.
8175.
8175.
8173.
8172.
8169.
8168.
8166.
8164.
8163.
8162.
8159.
8158.
8155.
8154.
8153.
8151.
8148.
8145.
8144.
8143.
8140.
8138.
8135.
8134.
8132.
8128.
8128.
8126.
8123.
8121.
8119.
8117.
8114.
8111.
8110.
8108.
8106.
8102.
8099.
8096.
8095.
8092.
8088.
8085.
8083.
8080.
8076.
8073.
8068.
8064.
8062.
8057.
8055.
8050.
8047.
8042.
8038.
8032.
8028.
8023.
8018.
8014.
8008.
8002.
7997.
7992.
7987.
7981.
7975.
7969.
7964.
7958.
7952.
7945.
7940.
7933.
7926.
7920.
7916.
7914.
7917.
7922.
7930.
7940.
7952.
7962.
7971.
7979.
7986.
7992.
7997.
8002.
8008.
8011.
8012.
8013.
8011.
8010.
8008.
8007.
8005.
8004.
8002.
8000.
7998.
7997.
7997.
7996.
7995.
7993.
7993.
7992.
7991.
7989.
7989.
7988.
7988.
7986.
7986.
7985.
7984.
7983.
7983.
7983.
7984.
7983.
7984.
7984.
7983.
7984.
7983.
7985.
7984.
7984.
7984.
7984.
7986.
7986.
7987.
7988.
7989.
7990.
7990.
7991.
7991.
7993.
7994.
7996.
7998.
7998.
8000.
8001.
8002.
8004.
8006.
8007.
8009.
8010.
8012.
8014.
8017.
8018.
8020.
8022.
8024.
8027.
8029.
8029.
8032.
8034.
8037.
8039.
8041.
8044.
8047.
8049.
8051.
8054.
8056.
8059.
8062.
8063.
8067.
8070.
8073.
8075.
8078.
8081.
8083.
8086.
8089.
8092.
8097.
8097.
8100.
8103.
8106.
8109.
8112.
8114.
8117.
8119.
8122.
8125.
8128.
8130.
8132.
8134.
8137.
8138.
8142.
8144.
8144.
8146.
8148.
8149.
8151.
8153.
8154.
8154.
8155.
8155.
8158.
8157.
8158.
8159.
8160.
8160.
8160.
8160.
8159.
8159.
8159.
8159.
8160.
8159.
8159.
8157.
8157.
8155.
8154.
8153.
8153.
8152.
8150.
8148.
8148.
8146.
8144.
8142.
8139.
8139.
8137.
8134.
8131.
8129.
8127.
8125.
8122.
8120.
8117.
8115.
8111.
8108.
8105.
8102.
8099.
8094.
8091.
8087.
8084.
8080.
8076.
8072.
8067.
8063.
8060.
8055.
8050.
8046.
8040.
8036.
8030.
8027.
8022.
8017.
8011.
8006.
8000.
7996.
7992.
7987.
7982.
7977.
7972.
7968.
7963.
7959.
7953.
7947.
7942.
7936.
7930.
7923.
7919.
7913.
7908.
7902.
7898.
7895.
7892.
7891.
7892.
7894.
7898.
7903.
7909.
7914.
7920.
7924.
7929.
7935.
7937.
7941.
7944.
7948.
7951.
7953.
7954.
7956.
7957.
7957.
7957.
7958.
7958.
7958.
7958.
7958.
7958.
7958.
7959.
7959.
7959.
7957.
7957.
7956.
7956.
7958.
7957.
7957.
7957.
7957.
7958.
7959.
7959.
7958.
7958.
7958.
7958.
7958.
7958.
7958.
7959.
7960.
7960.
7959.
7960.
7962.
7961.
7961.
7963.
7963.
7964.
7962.
7964.
7966.
7966.
7967.
7967.
7968.
7969.
7969.
7970.
7970.
7971.
7973.
7975.
7975.
7977.
7977.
7979.
7980.
7981.
7984.
7985.
7985.
7987.
7989.
7992.
7993.
7994.
7996.
7998.
8000.
8001.
8004.
8006.
8009.
8011.
8013.
8014.
8018.
8020.
8023.
8024.
8028.
8030.
8033.
8035.
8038.
8040.
8041.
8041.
8037.
8032.
8023.
8016.
8008.
7999.
7996.
7995.
7994.
7994.
7995.
7996.
7997.
7997.
7996.
7995.
7994.
7993.
7991.
7990.
7988.
7988.
7987.
7985.
7984.
7981.
7979.
7976.
7975.
7972.
7970.
7968.
7966.
7962.
7960.
7957.
7955.
7951.
7948.
7944.
7942.
7939.
7934.
7931.
7928.
7924.
7919.
7917.
7912.
7907.
7903.
7900.
7894.
7889.
7885.
7880.
7876.
7871.
7866.
7860.
7855.
7850.
7843.
7838.
7833.
7827.
7822.
7816.
7811.
7805.
7799.
7793.
7787.
7782.
7776.
7770.
7764.
7759.
7752.
7745.
7740.
7734.
7728.
7722.
7716.
7708.
7703.
7697.
7692.
7684.
7680.
7674.
7670.
7667.
7667.
7670.
7676.
7684.
7695.
7705.
7714.
7724.
7730.
7733.
7737.
7742.
7745.
7748.
7750.
7750.
7750.
7748.
7747.
7745.
7742.
7741.
7739.
7738.
7737.
7735.
7734.
7733.
7731.
7728.
7727.
7726.
7724.
7722.
7720.
7720.
7717.
7715.
7713.
7712.
7710.
7708.
7706.
7704.
7703.
7701.
7699.
7698.
7695.
7694.
7691.
7689.
7687.
7686.
7683.
7681.
7677.
7675.
7674.
7671.
7667.
7667.
7663.
7661.
7659.
7655.
7652.
7649.
7647.
7643.
7640.
7637.
7633.
7629.
7625.
7621.
7618.
7615.
7612.
7613.
7616.
7621.
7629.
7639.
7648.
7657.
7665.
7673.
7678.
7684.
7689.
7694.
7696.
7695.
7694.
7693.
7693.
7692.
7691.
7689.
7689.
7687.
7687.
7686.
7684.
7684.
7684.
7684.
7682.
7683.
7682.
7682.
7681.
7681.
7680.
7679.
7679.
7679.
7679.
7679.
7678.
7677.
7679.
7679.
7679.
7678.
7678.
7680.
7680.
7679.
7681.
7680.
7680.
7682.
7682.
7683.
7684.
7685.
7686.
7687.
7687.
7688.
7690.
7692.
7693.
7694.
7696.
7696.
7698.
7700.
7701.
7703.
7705.
7706.
7707.
7709.
7712.
7713.
7715.
7717.
7719.
7722.
7724.
7726.
7727.
7728.
7727.
7723.
7718.
7714.
7708.
7704.
7702.
7703.
7702.
7703.
7705.
7707.
7708.
7709.
7710.
7711.
7709.
7710.
7711.
7711.
7710.
7709.
7709.
7708.
7709.
7708.
7709.
7709.
7707.
7707.
7705.
7705.
7705.
7704.
7702.
7701.
7702.
7699.
7698.
7697.
7697.
7695.
7693.
7691.
7690.
7688.
7686.
7685.
7682.
7680.
7679.
7676.
7674.
7672.
7669.
7666.
7663.
7660.
7657.
7654.
7651.
7648.
7645.
7641.
7636.
7633.
7630.
7626.
7621.
7618.
7615.
7611.
7607.
7601.
7596.
7591.
7587.
7584.
7578.
7573.
7568.
7564.
7558.
7554.
7548.
7545.
7541.
7540.
7539.
7545.
7551.
7559.
7570.
7582.
7593.
7602.
7611.
7619.
7626.
7633.
7639.
7644.
7643.
7645.
7644.
7644.
7643.
7641.
7640.
7639.
7637.
7637.
7636.
7635.
7634.
7633.
7633.
7632.
7631.
7630.
7630.
7628.
7629.
7626.
7625.
7625.
7625.
7624.
7624.
7623.
7622.
7621.
7621.
7620.
7621.
7620.
7620.
7618.
7618.
7617.
7617.
7618.
7617.
7617.
7617.
7616.
7617.
7617.
7616.
7616.
7617.
7617.
7617.
7617.
7616.
7616.
7615.
7617.
7618.
7617.
7617.
7617.
7617.
7618.
7617.
7618.
7619.
7620.
7620.
7621.
7622.
7622.
7622.
7623.
7624.
7625.
7626.
7627.
7628.
7629.
7630.
7632.
7634.
7635.
7635.
7637.
7638.
7640.
7642.
7643.
7645.
7647.
7649.
7651.
7653.
7655.
7657.
7659.
7661.
7663.
7665.
7666.
7665.
7661.
7659.
7654.
7649.
7644.
7642.
7641.
7641.
7642.
7643.
7644.
7645.
7647.
7646.
7648.
7648.
7647.
7647.
7648.
7647.
7647.
7647.
7646.
7645.
7646.
7645.
7645.
7644.
7643.
7642.
7641.
7640.
7639.
7638.
7638.
7635.
7634.
7633.
7632.
7629.
7627.
7625.
7624.
7621.
7621.
7619.
7616.
7614.
7611.
7608.
7606.
7604.
7600.
7598.
7595.
7592.
7588.
7585.
7582.
7578.
7574.
7570.
7567.
7562.
7558.
7555.
7551.
7547.
7542.
7537.
7533.
7528.
7524.
7519.
7514.
7509.
7505.
7501.
7495.
7491.
7486.
7481.
7476.
7471.
7466.
7460.
7455.
7450.
7444.
7440.
7435.
7432.
7430.
7431.
7436.
7442.
7450.
7460.
7470.
7481.
7488.
7494.
7498.
7502.
7506.
7508.
7510.
7509.
7509.
7508.
7507.
7504.
7503.
7501.
7500.
7500.
7498.
7497.
7495.
7493.
7492.
7491.
7489.
7488.
7485.
7485.
7483.
7480.
7479.
7477.
7475.
7473.
7472.
7470.
7469.
7467.
7465.
7463.
7462.
7460.
7458.
7457.
7455.
7453.
7451.
7449.
7447.
7446.
7443.
7440.
7439.
7436.
7433.
7431.
7429.
7426.
7423.
7420.
7418.
7414.
7411.
7410.
7407.
7403.
7399.
7396.
7392.
7388.
7385.
7381.
7378.
7373.
7369.
7365.
7361.
7357.
7352.
7348.
7342.
7337.
7332.
7328.
7323.
7318.
7312.
7307.
7302.
7297.
7291.
7287.
7284.
7283.
7285.
7292.
7300.
7309.
7321.
7331.
7342.
7350.
7357.
7364.
7368.
7372.
7375.
7376.
7377.
7377.
7375.
7372.
7370.
7369.
7368.
7366.
7365.
7364.
7362.
7362.
7361.
7359.
7357.
7356.
7355.
7353.
7352.
7352.
7351.
7348.
7347.
7346.
7344.
7344.
7343.
7341.
7341.
7340.
7339.
7337.
7336.
7335.
7334.
7334.
7333.
7332.
7332.
7330.
7328.
7328.
7327.
7326.
7325.
7326.
7324.
7322.
7321.
7320.
7321.
7319.
7319.
7318.
7317.
7317.
7315.
7315.
7314.
7313.
7312.
7311.
7310.
7309.
7308.
7307.
7307.
7306.
7304.
7303.
7302.
7301.
7300.
7298.
7298.
7297.
7297.
7295.
7294.
7293.
7293.
7291.
7289.
7288.
7287.
7285.
7283.
7282.
7280.
7280.
7277.
7276.
7275.
7272.
7269.
7270.
7267.
7264.
7261.
7259.
7257.
7256.
7254.
7251.
7248.
7246.
7242.
7240.
7238.
7238.
7239.
7243.
7250.
7260.
7270.
7282.
7293.
7302.
7308.
7313.
7317.
7320.
7324.
7326.
7327.
7328.
7328.
7328.
7326.
7327.
7325.
7325.
7326.
7324.
7324.
7324.
7324.
7325.
7324.
7323.
7324.
7325.
7324.
7324.
7324.
7324.
7324.
7325.
7326.
7324.
7325.
7327.
7326.
7326.
7328.
7329.
7329.
7331.
7331.
7332.
7334.
7335.
7337.
7337.
7339.
7341.
7340.
7342.
7345.
7347.
7348.
7351.
7352.
7353.
7354.
7357.
7361.
7362.
7364.
7367.
7369.
7371.
7372.
7376.
7379.
7381.
7384.
7387.
7388.
7390.
7393.
7394.
7395.
7392.
7387.
7382.
7375.
7369.
7363.
7361.
7359.
7359.
7361.
7362.
7363.
7364.
7366.
7365.
7366.
7366.
7366.
7367.
7368.
7368.
7367.
7366.
7365.
7366.
7365.
7363.
7363.
7362.
7362.
7361.
7360.
7358.
7357.
7357.
7355.
7354.
7352.
7351.
7349.
7347.
7345.
7344.
7342.
7340.
7337.
7335.
7333.
7330.
7327.
7324.
7322.
7319.
7316.
7312.
7309.
7306.
7303.
7300.
7296.
7292.
7288.
7285.
7281.
7276.
7273.
7269.
7264.
7260.
7257.
7252.
7247.
7243.
7238.
7234.
7230.
7225.
7220.
7215.
7209.
7206.
7202.
7197.
7193.
7188.
7184.
7182.
7183.
7188.
7197.
7204.
7217.
7230.
7241.
7252.
7258.
7263.
7268.
7273.
7274.
7277.
7277.
7275.
7276.
7273.
7271.
7271.
7268.
7268.
7267.
7266.
7265.
7263.
7263.
7261.
7261.
7259.
7257.
7257.
7255.
7255.
7254.
7253.
7251.
7250.
7248.
7247.
7245.
7245.
7244.
7242.
7241.
7239.
7238.
7237.
7236.
7234.
7234.
7232.
7231.
7230.
7227.
7225.
7223.
7221.
7220.
7218.
7215.
7214.
7212.
7208.
7206.
7204.
7202.
7198.
7195.
7194.
7191.
7187.
7184.
7181.
7178.
7174.
7171.
7167.
7164.
7161.
7156.
7151.
7147.
7144.
7139.
7134.
7129.
7125.
7121.
7115.
7111.
7106.
7100.
7095.
7089.
7084.
7079.
7072.
7068.
7062.
7056.
7051.
7046.
7039.
7034.
7029.
7024.
7019.
7016.
7015.
7018.
7025.
7033.
7044.
7054.
7065.
7075.
7083.
7089.
7093.
7096.
7101.
7103.
7103.
7103.
7101.
7099.
7099.
7097.
7095.
7094.
7092.
7091.
7090.
7089.
7089.
7088.
7087.
7085.
7084.
7082.
7081.
7079.
7078.
7076.
7075.
7074.
7072.
7070.
7069.
7067.
7066.
7065.
7064.
7061.
7059.
7058.
7056.
7056.
7054.
7052.
7051.
7048.
7046.
7045.
7043.
7041.
7039.
7037.
7035.
7033.
7030.
7028.
7025.
7024.
7022.
7019.
7016.
7013.
7011.
7007.
7005.
7002.
7000.
6997.
6994.
6990.
6986.
6983.
6980.
6976.
6971.
6968.
6964.
6959.
6954.
6951.
6946.
6942.
6940.
6942.
6945.
6952.
6960.
6969.
6980.
6989.
6997.
7003.
7009.
7015.
7019.
7023.
7024.
7024.
7026.
7025.
7024.
7022.
7021.
7018.
7015.
7014.
7009.
7007.
7005.
7001.
6999.
6997.
6992.
6989.
6986.
6983.
6980.
6977.
6974.
6972.
6968.
6965.
6963.
6961.
6957.
6956.
6954.
6952.
6950.
6948.
6946.
6945.
6944.
6941.
6940.
6938.
6935.
6933.
6931.
6929.
6927.
6924.
6921.
6919.
6917.
6915.
6912.
6909.
6906.
6905.
6902.
6898.
6896.
6893.
6890.
6887.
6884.
6880.
6878.
6874.
6871.
6867.
6863.
6860.
6855.
6852.
6849.
6843.
6840.
6835.
6832.
6827.
6822.
6818.
6814.
6809.
6804.
6800.
6794.
6790.
6785.
6780.
6775.
6769.
6764.
6759.
6754.
6749.
6743.
6739.
6734.
6729.
6726.
6726.
6729.
6734.
6743.
6755.
6764.
6773.
6781.
6788.
6793.
6798.
6806.
6811.
6818.
6821.
6824.
6826.
6825.
6826.
6824.
6823.
6823.
6821.
6821.
6822.
6821.
6819.
6818.
6818.
6819.
6818.
6817.
6817.
6816.
6815.
6816.
6814.
6814.
6814.
6814.
6814.
6813.
6814.
6814.
6812.
6812.
6814.
6813.
6814.
6814.
6814.
6814.
6814.
6815.
6816.
6815.
6816.
6818.
6818.
6818.
6820.
6821.
6823.
6823.
6823.
6825.
6826.
6827.
6828.
6830.
6832.
6833.
6835.
6837.
6839.
6841.
6843.
6844.
6846.
6849.
6851.
6853.
6855.
6857.
6859.
6862.
6865.
6868.
6871.
6872.
6875.
6879.
6881.
6884.
6887.
6889.
6892.
6896.
6898.
6900.
6901.
6903.
6901.
6898.
6892.
6887.
6883.
6881.
6881.
6882.
6884.
6886.
6888.
6889.
6890.
6891.
6891.
6893.
6893.
6894.
6896.
6895.
6895.
6896.
6896.
6897.
6896.
6895.
6895.
6895.
6895.
6894.
6893.
6893.
6892.
6892.
6891.
6889.
6888.
6887.
6886.
6884.
6882.
6881.
6879.
6877.
6875.
6873.
6871.
6869.
6867.
6864.
6863.
6858.
6857.
6854.
6851.
6847.
6845.
6840.
6837.
6834.
6831.
6827.
6824.
6820.
6816.
6812.
6809.
6804.
6799.
6795.
6792.
6787.
6782.
6778.
6773.
6768.
6765.
6759.
6755.
6751.
6744.
6740.
6735.
6730.
6726.
6722.
6717.
6713.
6708.
6704.
6700.
6695.
6690.
6685.
6681.
6676.
6673.
6669.
6668.
6667.
6672.
6678.
6686.
6695.
6705.
6714.
6721.
6728.
6734.
6738.
6741.
6741.
6741.
6741.
6741.
6738.
6739.
6737.
6736.
6735.
6735.
6735.
6735.
6735.
6734.
6733.
6732.
6731.
6730.
6730.
6730.
6729.
6728.
6728.
6728.
6726.
6725.
6724.
6724.
6724.
6723.
6723.
6722.
6721.
6720.
6721.
6719.
6719.
6718.
6717.
6718.
6718.
6716.
6716.
6715.
6716.
6715.
6714.
6714.
6714.
6713.
6712.
6713.
6712.
6711.
6711.
6710.
6710.
6709.
6709.
6709.
6708.
6707.
6707.
6707.
6706.
6705.
6705.
6704.
6703.
6703.
6703.
6702.
6702.
6702.
6702.
6701.
6700.
6699.
6699.
6698.
6698.
6698.
6698.
6698.
6697.
6697.
6696.
6695.
6695.
6695.
6695.
6695.
6695.
6695.
6695.
6695.
6695.
6695.
6695.
6695.
6695.
6696.
6696.
6698.
6697.
6698.
6698.
6700.
6698.
6699.
6701.
6702.
6702.
6704.
6706.
6707.
6708.
6709.
6710.
6712.
6712.
6715.
6717.
6719.
6720.
6722.
6723.
6724.
6724.
6722.
6717.
6712.
6706.
6700.
6698.
6694.
6693.
6695.
6694.
6695.
6695.
6694.
6696.
6696.
6697.
6697.
6696.
6695.
6694.
6693.
6693.
6692.
6690.
6689.
6688.
6686.
6685.
6685.
6684.
6682.
6681.
6678.
6676.
6675.
6671.
6670.
6668.
6666.
6664.
6661.
6659.
6655.
6653.
6649.
6647.
6642.
6639.
6637.
6633.
6629.
6625.
6621.
6618.
6614.
6610.
6604.
6600.
6596.
6591.
6587.
6582.
6577.
6572.
6567.
6561.
6558.
6552.
6547.
6542.
6537.
6532.
6528.
6523.
6520.
6514.
6511.
6506.
6502.
6498.
6496.
6491.
6488.
6485.
6480.
6475.
6471.
6467.
6463.
6461.
6461.
6462.
6466.
6470.
6473.
6477.
6482.
6486.
6488.
6490.
6492.
6494.
6496.
6498.
6498.
6498.
6499.
6499.
6499.
6501.
6500.
6499.
6500.
6500.
6501.
6501.
6501.
6501.
6502.
6502.
6501.
6500.
6500.
6500.
6499.
6500.
6500.
6501.
6501.
6502.
6502.
6503.
6503.
6504.
6505.
6506.
6506.
6507.
6508.
6509.
6510.
6510.
6511.
6513.
6514.
6515.
6517.
6517.
6519.
6521.
6523.
6523.
6524.
6527.
6529.
6530.
6532.
6533.
6536.
6537.
6540.
6542.
6544.
6546.
6548.
6552.
6554.
6556.
6559.
6561.
6565.
6567.
6569.
6573.
6575.
6578.
6581.
6583.
6582.
6581.
6579.
6572.
6567.
6560.
6556.
6552.
6550.
6550.
6551.
6551.
6552.
6553.
6553.
6552.
6553.
6553.
6551.
6550.
6550.
6549.
6548.
6547.
6546.
6545.
6543.
6540.
6539.
6538.
6536.
6534.
6532.
6529.
6528.
6526.
6523.
6521.
6518.
6514.
6511.
6508.
6504.
6502.
6498.
6494.
6491.
6487.
6484.
6480.
6476.
6472.
6468.
6464.
6459.
6454.
6450.
6445.
6441.
6436.
6431.
6427.
6422.
6417.
6411.
6408.
6402.
6397.
6394.
6388.
6383.
6379.
6374.
6370.
6364.
6360.
6356.
6352.
6348.
6343.
6338.
6334.
6330.
6326.
6323.
6320.
6316.
6312.
6308.
6306.
6302.
6299.
6295.
6293.
6290.
6287.
6285.
6282.
6278.
6275.
6273.
6271.
6269.
6267.
6264.
6262.
6260.
6257.
6256.
6252.
6251.
6249.
6248.
6245.
6243.
6242.
6240.
6239.
6239.
6237.
6236.
6234.
6235.
6235.
6234.
6233.
6233.
6232.
6230.
6229.
6228.
6227.
6225.
6225.
6223.
6221.
6221.
6219.
6217.
6215.
6213.
6211.
6209.
6205.
6203.
6202.
6200.
6198.
6196.
6196.
6194.
6195.
6195.
6195.
6196.
6196.
6196.
6197.
6199.
6200.
6202.
6204.
6206.
6209.
6210.
6212.
6215.
6216.
6219.
6219.
6220.
6220.
6221.
6221.
6222.
6223.
6223.
6226.
6226.
6226.
6226.
6226.
6228.
6230.
6231.
6231.
6233.
6235.
6235.
6237.
6238.
6238.
6240.
6241.
6241.
6244.
6245.
6247.
6248.
6249.
6251.
6252.
6253.
6254.
6256.
6257.
6260.
6262.
6263.
6266.
6266.
6268.
6270.
6273.
6274.
6277.
6279.
6281.
6283.
6285.
6288.
6292.
6294.
6296.
6296.
6301.
6304.
6305.
6309.
6311.
6313.
6316.
6320.
6323.
6325.
6328.
6330.
6330.
6329.
6325.
6322.
6319.
6314.
6312.
6310.
6310.
6310.
6311.
6312.
6313.
6313.
6313.
6312.
6313.
6313.
6311.
6311.
6310.
6310.
6308.
6307.
6306.
6303.
6302.
6299.
6298.
6297.
6295.
6293.
6290.
6287.
6284.
6282.
6278.
6276.
6273.
6269.
6266.
6262.
6258.
6254.
6251.
6246.
6242.
6238.
6234.
6230.
6224.
6221.
6216.
6210.
6205.
6201.
6197.
6191.
6186.
6180.
6176.
6171.
6166.
6161.
6157.
6152.
6147.
6143.
6138.
6132.
6129.
6125.
6121.
6116.
6113.
6109.
6105.
6101.
6097.
6094.
6091.
6089.
6087.
6083.
6082.
6079.
6076.
6074.
6071.
6071.
6069.
6068.
6066.
6064.
6063.
6063.
6062.
6061.
6061.
6060.
6062.
6061.
6060.
6060.
6060.
6063.
6061.
6062.
6064.
6065.
6065.
6065.
6067.
6069.
6069.
6071.
6073.
6074.
6076.
6078.
6080.
6083.
6084.
6087.
6089.
6091.
6094.
6096.
6100.
6102.
6104.
6106.
6108.
6112.
6115.
6118.
6120.
6124.
6126.
6129.
6132.
6137.
6141.
6143.
6147.
6151.
6155.
6159.
6164.
6167.
6173.
6178.
6184.
6190.
6197.
6204.
6211.
6216.
6220.
6222.
6221.
6219.
6214.
6212.
6208.
6205.
6200.
6197.
6194.
6191.
6188.
6184.
6181.
6176.
6171.
6165.
6161.
6155.
6149.
6145.
6142.
6138.
6134.
6130.
6128.
6125.
6123.
6122.
6118.
6115.
6114.
6113.
6110.
6108.
6105.
6103.
6100.
6098.
6095.
6093.
6089.
6087.
6084.
6082.
6078.
6075.
6072.
6068.
6065.
6061.
6058.
6054.
6049.
6046.
6041.
6038.
6033.
6030.
6023.
6019.
6015.
6010.
6007.
6002.
5997.
5993.
5990.
5986.
5981.
5977.
5972.
5969.
5965.
5960.
5956.
5952.
5949.
5946.
5943.
5939.
5937.
5933.
5930.
5928.
5925.
5922.
5920.
5918.
5916.
5915.
5914.
5912.
5910.
5910.
5909.
5909.
5909.
5909.
5908.
5908.
5907.
5909.
5908.
5909.
5911.
5911.
5913.
5913.
5915.
5916.
5919.
5920.
5922.
5923.
5927.
5928.
5930.
5933.
5936.
5937.
5940.
5943.
5945.
5949.
5952.
5955.
5958.
5961.
5964.
5968.
5971.
5974.
5977.
5981.
5984.
5987.
5990.
5994.
5997.
6000.
6002.
6003.
6002.
5999.
5996.
5992.
5987.
5982.
5980.
5979.
5979.
5978.
5979.
5979.
5980.
5981.
5981.
5981.
5982.
5980.
5980.
5981.
5980.
5978.
5978.
5976.
5976.
5975.
5973.
5972.
5971.
5968.
5965.
5964.
5960.
5958.
5955.
5953.
5950.
5947.
5944.
5941.
5937.
5934.
5930.
5927.
5924.
5920.
5917.
5913.
5910.
5905.
5901.
5897.
5892.
5888.
5885.
5882.
5877.
5874.
5868.
5865.
5860.
5857.
5853.
5851.
5846.
5843.
5840.
5835.
5833.
5829.
5827.
5825.
5822.
5819.
5818.
5816.
5815.
5813.
5811.
5811.
5810.
5809.
5809.
5809.
5808.
5808.
5808.
5810.
5811.
5811.
5813.
5815.
5817.
5818.
5819.
5821.
5821.
5825.
5826.
5829.
5832.
5834.
5837.
5840.
5845.
5847.
5850.
5854.
5858.
5862.
5868.
5871.
5877.
5882.
5888.
5894.
5899.
5905.
5908.
5912.
5916.
5918.
5917.
5917.
5915.
5914.
5911.
5910.
5907.
5905.
5901.
5898.
5894.
5890.
5886.
5882.
5878.
5872.
5867.
5862.
5858.
5855.
5851.
5848.
5843.
5840.
5836.
5833.
5829.
5826.
5822.
5817.
5813.
5809.
5804.
5800.
5797.
5793.
5787.
5784.
5778.
5776.
5772.
5767.
5763.
5760.
5757.
5754.
5749.
5746.
5742.
5738.
5733.
5730.
5726.
5723.
5719.
5715.
5713.
5710.
5707.
5704.
5702.
5699.
5697.
5694.
5693.
5691.
5690.
5688.
5687.
5686.
5683.
5684.
5683.
5684.
5683.
5684.
5685.
5685.
5686.
5686.
5688.
5690.
5692.
5694.
5696.
5700.
5701.
5703.
5707.
5709.
5711.
5713.
5717.
5719.
5723.
5725.
5730.
5734.
5736.
5740.
5744.
5749.
5754.
5758.
5763.
5769.
5774.
5780.
5787.
5794.
5800.
5807.
5814.
5821.
5828.
5834.
5839.
5845.
5851.
5855.
5857.
5857.
5857.
5855.
5851.
5847.
5841.
5836.
5831.
5826.
5821.
5816.
5811.
5805.
5800.
5794.
5787.
5781.
5776.
5769.
5763.
5757.
5752.
5746.
5739.
5735.
5729.
5725.
5719.
5714.
5708.
5703.
5698.
5694.
5688.
5682.
5678.
5673.
5667.
5663.
5658.
5654.
5649.
5646.
5642.
5638.
5633.
5630.
5626.
5622.
5620.
5616.
5613.
5610.
5607.
5606.
5602.
5601.
5599.
5597.
5596.
5595.
5593.
5594.
5593.
5594.
5594.
5594.
5595.
5596.
5598.
5598.
5600.
5603.
5603.
5605.
5608.
5612.
5614.
5617.
5620.
5625.
5627.
5629.
5634.
5637.
5641.
5643.
5648.
5650.
5654.
5658.
5663.
5667.
5670.
5674.
5679.
5684.
5690.
5694.
5700.
5706.
5711.
5717.
5724.
5730.
5736.
5740.
5745.
5751.
5752.
5754.
5753.
5751.
5748.
5746.
5741.
5738.
5734.
5731.
5728.
5722.
5717.
5711.
5706.
5700.
5693.
5688.
5679.
5672.
5664.
5656.
5646.
5635.
5626.
5615.
5604.
5595.
5585.
5576.
5566.
5559.
5549.
5541.
5533.
5526.
5517.
5510.
5502.
5494.
5487.
5480.
5474.
5467.
5461.
5455.
5451.
5445.
5440.
5437.
5432.
5429.
5426.
5424.
5423.
5421.
5419.
5418.
5417.
5417.
5416.
5416.
5418.
5418.
5419.
5420.
5423.
5424.
5425.
5428.
5431.
5434.
5438.
5441.
5444.
5447.
5452.
5455.
5459.
5463.
5467.
5471.
5475.
5479.
5483.
5487.
5494.
5499.
5504.
5510.
5515.
5521.
5527.
5534.
5540.
5548.
5552.
5557.
5560.
5561.
5561.
5560.
5560.
5558.
5556.
5553.
5548.
5542.
5539.
5533.
5527.
5522.
5516.
5511.
5506.
5499.
5494.
5489.
5485.
5479.
5473.
5467.
5461.
5452.
5445.
5436.
5428.
5421.
5413.
5408.
5400.
5393.
5387.
5380.
5374.
5369.
5362.
5356.
5352.
5346.
5342.
5336.
5331.
5327.
5323.
5318.
5313.
5308.
5303.
5299.
5295.
5291.
5287.
5284.
5280.
5277.
5274.
5270.
5268.
5266.
5264.
5263.
5262.
5261.
5260.
5259.
5260.
5260.
5259.
5260.
5261.
5261.
5262.
5264.
5264.
5265.
5265.
5265.
5267.
5269.
5271.
5271.
5272.
5274.
5274.
5273.
5272.
5270.
5269.
5268.
5268.
5267.
5265.
5263.
5262.
5259.
5258.
5256.
5252.
5250.
5247.
5243.
5239.
5235.
5231.
5228.
5224.
5223.
5221.
5217.
5213.
5211.
5209.
5206.
5204.
5200.
5197.
5194.
5191.
5188.
5184.
5181.
5177.
5174.
5170.
5166.
5162.
5160.
5156.
5153.
5151.
5149.
5146.
5143.
5141.
5140.
5137.
5135.
5132.
5129.
5128.
5126.
5123.
5121.
5119.
5117.
5114.
5112.
5109.
5108.
5105.
5104.
5102.
5100.
5099.
5097.
5096.
5097.
5095.
5097.
5097.
5098.
5100.
5102.
5106.
5109.
5112.
5116.
5121.
5124.
5126.
5130.
5134.
5136.
5139.
5141.
5142.
5142.
5143.
5144.
5144.
5143.
5141.
5141.
5140.
5136.
5133.
5130.
5126.
5122.
5121.
5119.
5117.
5115.
5114.
5112.
5109.
5107.
5106.
5104.
5102.
5102.
5100.
5099.
5098.
5097.
5098.
5096.
5095.
5093.
5092.
5091.
5089.
5087.
5085.