5872.
5872.
5873.
5873.
5874.
5875.
5875.
5879.
5880.
5880.
5882.
5883.
5885.
5887.
5889.
5892.
5894.
5896.
5899.
5902.
5903.
5908.
5911.
5913.
5916.
5918.
5922.
5926.
5930.
5934.
5937.
5941.
5946.
5950.
5954.
5958.
5962.
5967.
5972.
5976.
5980.
5986.
5991.
5996.
6001.
6005.
6010.
6012.
6016.
6017.
6015.
6011.
6007.
6002.
6000.
5996.
5996.
5997.
5998.
6000.
6002.
6004.
6007.
6008.
6011.
6012.
6013.
6015.
6017.
6018.
6019.
6020.
6022.
6022.
6022.
6023.
6023.
6023.
6025.
6023.
6024.
6025.
6024.
6024.
6024.
6025.
6023.
6023.
6022.
6022.
6021.
6020.
6020.
6018.
6019.
6016.
6015.
6015.
6013.
6012.
6010.
6010.
6008.
6006.
6005.
6004.
6002.
5999.
5998.
5997.
5995.
5993.
5993.
5991.
5988.
5987.
5985.
5984.
5982.
5979.
5977.
5975.
5973.
5972.
5971.
5969.
5967.
5966.
5964.
5962.
5960.
5958.
5957.
5954.
5953.
5952.
5951.
5948.
5948.
5947.
5945.
5943.
5944.
5943.
5941.
5940.
5939.
5939.
5938.
5936.
5936.
5935.
5936.
5934.
5934.
5934.
5934.
5934.
5934.
5934.
5934.
5934.
5932.
5933.
5933.
5934.
5934.
5934.
5936.
5935.
5936.
5937.
5938.
5939.
5940.
5941.
5941.
5942.
5943.
5945.
5946.
5946.
5947.
5949.
5950.
5953.
5955.
5956.
5958.
5960.
5962.
5963.
5965.
5968.
5970.
5972.
5974.
5976.
5979.
5981.
5985.
5988.
5991.
5993.
5996.
6000.
6003.
6006.
6010.
6013.
6017.
6021.
6026.
6029.
6034.
6037.
6041.
6046.
6051.
6056.
6060.
6065.
6069.
6075.
6080.
6085.
6090.
6095.
6099.
6103.
6105.
6104.
6099.
6093.
6088.
6083.
6081.
6080.
6081.
6083.
6086.
6089.
6091.
6094.
6097.
6100.
6102.
6106.
6108.
6110.
6110.
6113.
6115.
6115.
6116.
6117.
6117.
6119.
6119.
6119.
6120.
6120.
6122.
6122.
6123.
6122.
6123.
6122.
6122.
6121.
6121.
6121.
6120.
6120.
6119.
6118.
6116.
6116.
6116.
6115.
6114.
6111.
6111.
6110.
6109.
6107.
6107.
6104.
6103.
6100.
6099.
6098.
6096.
6093.
6091.
6090.
6087.
6086.
6084.
6082.
6081.
6078.
6076.
6074.
6071.
6068.
6066.
6065.
6063.
6060.
6058.
6056.
6055.
6052.
6050.
6048.
6046.
6044.
6041.
6039.
6038.
6035.
6034.
6031.
6029.
6028.
6026.
6025.
6022.
6020.
6019.
6017.
6015.
6013.
6012.
6010.
6009.
6008.
6007.
6006.
6006.
6005.
6003.
6003.
6001.
6000.
5999.
5999.
5998.
5997.
5996.
5997.
5997.
5996.
5995.
5996.
5996.
5995.
5996.
5996.
5996.
5997.
5996.
5996.
5998.
5997.
5998.
5997.
5999.
5999.
6000.
6001.
6001.
6002.
6003.
6003.
6005.
6007.
6008.
6009.
6011.
6011.
6014.
6015.
6018.
6020.
6022.
6023.
6026.
6028.
6031.
6034.
6037.
6039.
6042.
6045.
6049.
6052.
6057.
6060.
6062.
6066.
6070.
6074.
6079.
6082.
6087.
6089.
6090.
6087.
6083.
6079.
6072.
6066.
6062.
6058.
6057.
6057.
6059.
6060.
6063.
6065.
6068.
6069.
6071.
6071.
6073.
6075.
6076.
6077.
6078.
6078.
6078.
6078.
6078.
6079.
6078.
6079.
6078.
6078.
6077.
6078.
6077.
6075.
6076.
6074.
6072.
6073.
6071.
6070.
6068.
6068.
6067.
6065.
6064.
6062.
6060.
6060.
6059.
6056.
6054.
6051.
6050.
6047.
6046.
6044.
6041.
6040.
6037.
6035.
6032.
6031.
6028.
6026.
6023.
6022.
6019.
6017.
6015.
6012.
6010.
6007.
6004.
6003.
6001.
5999.
5995.
5994.
5991.
5989.
5986.
5984.
5982.
5980.
5978.
5976.
5974.
5972.
5972.
5970.
5969.
5967.
5965.
5964.
5963.
5962.
5961.
5960.
5960.
5957.
5957.
5956.
5956.
5955.
5954.
5955.
5954.
5954.
5955.
5955.
5955.
5956.
5956.
5956.
5957.
5957.
5957.
5959.
5960.
5961.
5962.
5964.
5965.
5967.
5967.
5970.
5971.
5972.
5974.
5976.
5978.
5982.
5982.
5984.
5986.
5991.
5993.
5995.
5998.
6002.
6005.
6008.
6011.
6015.
6019.
6022.
6027.
6031.
6035.
6038.
6043.
6047.
6051.
6056.
6059.
6065.
6070.
6074.
6078.
6083.
6089.
6093.
6098.
6102.
6103.
6103.
6103.
6100.
6098.
6097.
6096.
6097.
6102.
6105.
6109.
6114.
6117.
6119.
6123.
6128.
6132.
6134.
6138.
6141.
6143.
6147.
6150.
6154.
6157.
6159.
6163.
6166.
6168.
6172.
6175.
6179.
6181.
6184.
6187.
6188.
6191.
6194.
6197.
6199.
6202.
6205.
6212.
6224.
6240.
6260.
6285.
6313.
6340.
6370.
6399.
6429.
6457.
6484.
6513.
6538.
6563.
6586.
6605.
6622.
6636.
6647.
6655.
6664.
6674.
6682.
6691.
6701.
6708.
6718.
6727.
6737.
6746.
6755.
6765.
6775.
6784.
6794.
6804.
6814.
6824.
6834.
6844.
6855.
6866.
6875.
6886.
6898.
6908.
6919.
6931.
6941.
6954.
6964.
6975.
6987.
6998.
7011.
7022.
7034.
7046.
7059.
7070.
7083.
7094.
7107.
7119.
7131.
7143.
7155.
7168.
7180.
7192.
7203.
7215.
7227.
7240.
7251.
7263.
7274.
7286.
7298.
7311.
7323.
7333.
7345.
7355.
7365.
7378.
7387.
7398.
7407.
7417.
7427.
7437.
7445.
7454.
7463.
7471.
7480.
7488.
7497.
7506.
7513.
7520.
7527.
7535.
7542.
7549.
7555.
7561.
7567.
7574.
7581.
7587.
7592.
7598.
7603.
7609.
7615.
7619.
7625.
7629.
7634.
7640.
7645.
7650.
7655.
7660.
7666.
7671.
7677.
7683.
7686.
7691.
7694.
7699.
7702.
7706.
7709.
7713.
7716.
7720.
7723.
7726.
7729.
7732.
7735.
7736.
7739.
7742.
7749.
7757.
7767.
7781.
7796.
7813.
7832.
7851.
7868.
7887.
7904.
7923.
7941.
7961.
7980.
7998.
8017.
8034.
8051.
8066.
8081.
8093.
8106.
8117.
8131.
8142.
8154.
8165.
8177.
8190.
8202.
8214.
8226.
8238.
8250.
8263.
8275.
8287.
8300.
8312.
8324.
8339.
8352.
8363.
8376.
8390.
8404.
8417.
8430.
8444.
8457.
8469.
8483.
8496.
8511.
8525.
8539.
8552.
8565.
8579.
8592.
8603.
8614.
8626.
8637.
8648.
8656.
8666.
8674.
8683.
8690.
8697.
8703.
8708.
8714.
8717.
8721.
8725.
8729.
8732.
8736.
8738.
8740.
8742.
8746.
8747.
8749.
8751.
8753.
8754.
8754.
8756.
8758.
8759.
8760.
8760.
8760.
8761.
8762.
8764.
8768.
8775.
8784.
8797.
8812.
8829.
8845.
8863.
8881.
8898.
8916.
8934.
8951.
8970.
8989.
9008.
9027.
9047.
9068.
9088.
9108.
9128.
9147.
9166.
9186.
9206.
9223.
9240.
9259.
9275.
9292.
9309.
9327.
9343.
9357.
9372.
9384.
9398.
9411.
9425.
9437.
9449.
9462.
9473.
9482.
9491.
9501.
9507.
9514.
9520.
9525.
9529.
9532.
9535.
9537.
9538.
9539.
9541.
9542.
9542.
9541.
9540.
9540.
9539.
9537.
9535.
9533.
9531.
9529.
9526.
9524.
9522.
9517.
9515.
9511.
9508.
9505.
9501.
9498.
9495.
9492.
9486.
9483.
9479.
9476.
9472.
9468.
9465.
9462.
9457.
9455.
9451.
9447.
9444.
9439.
9435.
9432.
9427.
9422.
9419.
9414.
9409.
9405.
9402.
9401.
9403.
9408.
9417.
9428.
9441.
9455.
9470.
9485.
9501.
9517.
9533.
9551.
9568.
9586.
9605.
9621.
9638.
9656.
9673.
9691.
9708.
9725.
9741.
9757.
9772.
9785.
9798.
9812.
9826.
9839.
9853.
9866.
9876.
9886.
9897.
9908.
9918.
9927.
9936.
9943.
9951.
9956.
9961.
9967.
9971.
9973.
9974.
9975.
9977.
9977.
9976.
9977.
9976.
9976.
9973.
9971.
9968.
9966.
9964.
9961.
9957.
9953.
9951.
9946.
9944.
9939.
9936.
9932.
9929.
9925.
9921.
9917.
9913.
9909.
9906.
9901.
9898.
9893.
9890.
9886.
9881.
9877.
9873.
9868.
9863.
9858.
9854.
9850.
9846.
9842.
9838.
9834.
9831.
9826.
9822.
9820.
9816.
9812.
9808.
9805.
9800.
9798.
9794.
9790.
9787.
9784.
9781.
9777.
9773.
9770.
9767.
9762.
9760.
9756.
9750.
9746.
9743.
9739.
9733.
9729.
9725.
9721.
9718.
9715.
9712.
9709.
9707.
9706.
9707.
9709.
9712.
9715.
9718.
9723.
9727.
9729.
9733.
9738.
9741.
9746.
9752.
9757.
9760.
9761.
9765.
9770.
9774.
9774.
9777.
9780.
9782.
9784.
9787.
9790.
9792.
9795.
9798.
9802.
9803.
9805.
9808.
9811.
9813.
9816.
9817.
9819.
9821.
9822.
9823.
9824.
9825.
9826.
9828.
9828.
9830.
9831.
9831.
9833.
9832.
9833.
9833.
9834.
9833.
9834.
9833.
9833.
9834.
9833.
9833.
9832.
9830.
9828.
9827.
9827.
9826.
9824.
9822.
9820.
9817.
9816.
9814.
9811.
9809.
9805.
9804.
9800.
9798.
9796.
9793.
9791.
9787.
9785.
9782.
9778.
9775.
9772.
9768.
9765.
9763.
9758.
9757.
9753.
9749.
9746.
9742.
9738.
9735.
9731.
9728.
9725.
9721.
9717.
9714.
9710.
9707.
9703.
9701.
9697.
9693.
9690.
9686.
9682.
9680.
9676.
9673.
9669.
9665.
9661.
9657.
9654.
9650.
9646.
9644.
9639.
9635.
9631.
9626.
9623.
9620.
9618.
9614.
9610.
9607.
9603.
9599.
9595.
9593.
9588.
9585.
9582.
9579.
9576.
9573.
9569.
9566.
9562.
9561.
9558.
9554.
9553.
9549.
9546.
9543.
9541.
9539.
9536.
9534.
9530.
9528.
9526.
9523.
9521.
9520.
9518.
9516.
9514.
9511.
9510.
9508.
9507.
9505.
9503.
9503.
9501.
9500.
9498.
9497.
9496.
9495.
9495.
9493.
9493.
9493.
9493.
9492.
9492.
9492.
9492.
9493.
9492.
9493.
9494.
9494.
9494.
9497.
9497.
9497.
9497.
9500.
9502.
9504.
9506.
9508.
9510.
9511.
9513.
9516.
9519.
9522.
9524.
9527.
9530.
9534.
9538.
9540.
9544.
9547.
9550.
9555.
9559.
9561.
9566.
9570.
9574.
9577.
9580.
9585.
9590.
9595.
9598.
9602.
9606.
9609.
9612.
9617.
9621.
9625.
9627.
9629.
9632.
9635.
9637.
9638.
9640.
9641.
9643.
9644.
9644.
9644.
9644.
9644.
9644.
9643.
9642.
9640.
9640.
9640.
9638.
9636.
9635.
9632.
9631.
9629.
9627.
9624.
9622.
9620.
9618.
9616.
9614.
9611.
9609.
9606.
9602.
9600.
9597.
9594.
9592.
9589.
9585.
9583.
9580.
9575.
9572.
9569.
9565.
9562.
9558.
9555.
9551.
9547.
9544.
9541.
9536.
9532.
9529.
9526.
9522.
9518.
9515.
9511.
9507.
9502.
9499.
9496.
9493.
9490.
9486.
9483.
9478.
9475.
9472.
9468.
9465.
9462.
9458.
9456.
9452.
9448.
9446.
9442.
9440.
9435.
9433.
9430.
9427.
9425.
9423.
9419.
9417.
9414.
9412.
9409.
9407.
9406.
9403.
9402.
9400.
9398.
9396.
9395.
9393.
9393.
9391.
9390.
9389.
9387.
9388.
9386.
9386.
9387.
9386.
9385.
9385.
9385.
9386.
9386.
9386.
9387.
9387.
9388.
9389.
9389.
9391.
9391.
9394.
9395.
9397.
9398.
9399.
9403.
9402.
9405.
9406.
9409.
9411.
9414.
9416.
9418.
9422.
9424.
9425.
9426.
9425.
9422.
9415.
9406.
9395.
9381.
9365.
9349.
9335.
9322.
9312.
9304.
9296.
9292.
9288.
9284.
9281.
9279.
9275.
9271.
9267.
9264.
9260.
9257.
9252.
9249.
9246.
9241.
9237.
9233.
9230.
9225.
9221.
9218.
9214.
9208.
9204.
9201.
9197.
9193.
9190.
9185.
9181.
9176.
9173.
9167.
9165.
9160.
9157.
9153.
9149.
9145.
9142.
9139.
9135.
9131.
9128.
9125.
9120.
9117.
9112.
9105.
9093.
9076.
9053.
9023.
8990.
8954.
8916.
8878.
8840.
8804.
8768.
8733.
8697.
8662.
8628.
8595.
8564.
8535.
8513.
8494.
8479.
8467.
8457.
8448.
8439.
8430.
8420.
8409.
8401.
8392.
8383.
8374.
8364.
8354.
8344.
8334.
8325.
8316.
8306.
8296.
8286.
8278.
8267.
8257.
8247.
8237.
8229.
8219.
8209.
8200.
8188.
8178.
8169.
8161.
8151.
8142.
8132.
8123.
8114.
8104.
8095.
8087.
8079.
8070.
8062.
8054.
8047.
8040.
8032.
8024.
8017.
8010.
8003.
7998.
7991.
7985.
7978.
7972.
7966.
7962.
7957.
7951.
7946.
7941.
7938.
7932.
7929.
7924.
7922.
7916.
7908.
7893.
7874.
7851.
7822.
7792.
7760.
7727.
7697.
7667.
7638.
7611.
7586.
7561.
7537.
7512.
7490.
7468.
7448.
7433.
7419.
7410.
7401.
7393.
7385.
7376.
7368.
7359.
7352.
7344.
7336.
7329.
7320.
7312.
7304.
7297.
7287.
7280.
7271.
7264.
7255.
7246.
7238.
7229.
7223.
7215.
7207.
7197.
7190.
7182.
7174.
7167.
7159.
7153.
7146.
7138.
7131.
7124.
7119.
7113.
7107.
7101.
7095.
7091.
7086.
7082.
7078.
7075.
7072.
7066.
7057.
7046.
7029.
7008.
6984.
6958.
6933.
6907.
6880.
6855.
6827.
6801.
6775.
6751.
6728.
6707.
6690.
6677.
6665.
6656.
6647.
6640.
6634.
6627.
6621.
6615.
6610.
6604.
6599.
6595.
6589.
6584.
6579.
6574.
6569.
6564.
6557.
6553.
6548.
6543.
6536.
6530.
6523.
6515.
6505.
6496.
6486.
6475.
6464.
6451.
6441.
6429.
6417.
6407.
6395.
6384.
6371.
6359.
6346.
6335.
6323.
6311.
6300.
6287.
6275.
6262.
6251.
6240.
6230.
6223.
6214.
6208.
6203.
6198.
6192.
6187.
6182.
6178.
6174.
6170.
6166.
6163.
6160.
6157.
6153.
6150.
6149.
6147.
6147.
6147.
6145.
6144.
6143.
6144.
6145.
6145.
6146.
6145.
6147.
6149.
6151.
6152.
6153.
6156.
6159.
6162.
6164.
6167.
6170.
6173.
6176.
6179.
6183.
6186.
6190.
6194.
6198.
6202.
6205.
6209.
6214.
6218.
6222.
6227.
6231.
6231.
6228.
6224.
6217.
6207.
6197.
6185.
6175.
6165.
6154.
6141.
6127.
6112.
6096.
6084.
6070.
6060.
6050.
6040.
6033.
6023.
6016.
6008.
5998.
5989.
5978.
5967.
5955.
5944.
5931.
5919.
5908.
5895.
5883.
5871.
5860.
5851.
5842.
5833.
5824.
5815.
5807.
5799.
5791.
5785.
5779.
5774.
5767.
5761.
5756.
5750.
5745.
5740.
5735.
5732.
5728.
5726.
5722.
5721.
5718.
5716.
5716.
5716.
5716.
5716.
5717.
5717.
5718.
5720.
5722.
5723.
5725.
5729.
5730.
5734.
5737.
5740.
5744.
5748.
5751.
5755.
5761.
5765.
5771.
5775.
5780.
5785.
5791.
5797.
5802.
5808.
5813.
5819.
5826.
5830.
5837.
5842.
5847.
5853.
5859.
5865.
5870.
5877.
5882.
5889.
5895.
5902.
5908.
5914.
5919.
5925.
5931.
5934.
5934.
5931.
5927.
5922.
5916.
5911.
5906.
5901.
5896.
5895.
5891.
5888.
5888.
5886.
5886.
5886.
5887.
5887.
5888.
5888.
5888.
5888.
5888.
5888.
5887.
5887.
5886.
5885.
5884.
5884.
5881.
5879.
5878.
5878.
5876.
5875.
5875.
5874.
5872.
5871.
5871.
5869.
5867.
5867.
5867.
5865.
5862.
5861.
5860.
5858.
5858.
5856.
5855.
5854.
5852.
5851.
5851.
5849.
5848.
5846.
5845.
5844.
5844.
5843.
5843.
5843.
5843.
5842.
5842.
5842.
5841.
5842.
5844.
5844.
5845.
5846.
5847.
5848.
5849.
5849.
5851.
5854.
5855.
5857.
5858.
5861.
5863.
5865.
5868.
5870.
5873.
5878.
5880.
5882.
5886.
5889.
5893.
5897.
5901.
5904.
5908.
5913.
5918.
5922.
5926.
5931.
5935.
5941.
5946.
5951.
5957.
5962.
5968.
5972.
5978.
5984.
5990.
5995.
6001.
6007.
6015.
6020.
6025.
6032.
6037.
6044.
6050.
6057.
6064.
6071.
6077.
6084.
6086.
6090.
6089.
6089.
6085.
6081.
6076.
6073.
6070.
6069.
6070.
6072.
6074.
6075.
6078.
6080.
6082.
6084.
6084.
6086.
6087.
6088.
6089.
6091.
6090.
6091.
6090.
6091.
6090.
6090.
6090.
6090.
6089.
6089.
6088.
6086.
6085.
6084.
6082.
6081.
6079.
6077.
6076.
6073.
6072.
6071.
6068.
6066.
6064.
6061.
6059.
6056.
6055.
6052.
6049.
6047.
6044.
6041.
6038.
6036.
6032.
6031.
6028.
6025.
6023.
6021.
6017.
6015.
6014.
6011.
6009.
6007.
6006.
6005.
6003.
6000.
5999.
5998.
5996.
5995.
5995.
5995.
5994.
5993.
5992.
5991.
5991.
5990.
5991.
5991.
5992.
5992.
5992.
5992.
5993.
5994.
5995.
5996.
5997.
5999.
6000.
6002.
6002.
6004.
6005.
6006.
6010.
6011.
6013.
6015.
6018.
6022.
6024.
6026.
6030.
6032.
6034.
6037.
6041.
6044.
6048.
6052.
6055.
6058.
6062.
6066.
6070.
6075.
6079.
6084.
6087.
6091.
6092.
6092.
6090.
6083.
6076.
6069.
6060.
6053.
6048.
6043.
6039.
6036.
6035.
6036.
6037.
6037.
6038.
6038.
6038.
6038.
6038.
6037.
6037.
6037.
6036.
6036.
6034.
6033.
6031.
6030.
6029.
6027.
6024.
6023.
6022.
6019.
6017.
6015.
6012.
6010.
6007.
6004.
6002.
6000.
5996.
5993.
5991.
5987.
5984.
5980.
5978.
5975.
5971.
5968.
5963.
5960.
5957.
5954.
5951.
5949.
5946.
5943.
5940.
5938.
5935.
5932.
5930.
5928.
5926.
5924.
5924.
5922.
5920.
5919.
5918.
5918.
5918.
5919.
5918.
5918.
5918.
5918.
5920.
5919.
5922.
5923.
5924.
5926.
5928.
5930.
5931.
5934.
5936.
5938.
5942.
5943.
5947.
5952.
5955.
5959.
5964.
5970.
5975.
5982.
5988.
5995.
6003.
6010.
6017.
6023.
6028.
6033.
6037.
6042.
6048.
6053.
6057.
6061.
6064.
6067.
6068.
6068.
6066.
6062.
6059.
6055.
6050.
6047.
6044.
6040.
6036.
6031.
6025.
6021.
6015.
6010.
6003.
5999.
5994.
5991.
5988.
5987.
5987.
5988.
5987.
5989.
5990.
5991.
5992.
5993.
5995.
5996.
5998.
6001.
6005.
6008.
6009.
6012.
6015.
6017.
6019.
6023.
6028.
6030.
6033.
6036.
6040.
6043.
6046.
6049.
6053.
6056.
6060.
6064.
6066.
6071.
6073.
6075.
6078.
6081.
6083.
6085.
6086.
6089.
6090.
6091.
6093.
6096.
6097.
6099.
6100.
6103.
6105.
6110.
6117.
6129.
6144.
6163.
6187.
6212.
6237.
6264.
6289.
6311.
6332.
6349.
6365.
6381.
6394.
6406.
6416.
6426.
6433.
6440.
6445.
6452.
6457.
6463.
6470.
6477.
6482.
6487.
6495.
6502.
6507.
6515.
6523.
6529.
6536.
6544.
6551.
6559.
6566.
6573.
6581.
6589.
6596.
6606.
6613.
6622.
6630.
6641.
6653.
6669.
6692.
6719.
6749.
6782.
6816.
6851.
6885.
6921.
6956.
6990.
7021.
7051.
7078.
7103.
7123.
7141.
7156.
7170.
7183.
7195.
7208.
7220.
7232.
7243.
7255.
7267.
7279.
7290.
7301.
7313.
7324.
7336.
7348.
7360.
7371.
7382.
7393.
7406.
7417.
7430.
7440.
7452.
7462.
7474.
7486.
7497.
7509.
7520.
7533.
7544.
7556.
7567.
7577.
7589.
7598.
7608.
7618.
7628.
7637.
7646.
7655.
7664.
7673.
7680.
7686.
7694.
7701.
7708.
7714.
7720.
7726.
7731.
7737.
7742.
7748.
7752.
7756.
7762.
7765.
7770.
7774.
7780.
7789.
7798.
7811.
7829.
7851.
7872.
7896.
7919.
7944.
7969.
7995.
8020.
8045.
8070.
8093.
8118.
8143.
8168.
8194.
8220.
8246.
8272.
8298.
8323.
8348.
8372.
8397.
8420.
8445.
8467.
8489.
8511.
8532.
8552.
8572.
8593.
8613.
8633.
8652.
8670.
8689.
8708.
8724.
8740.
8756.
8771.
8786.
8800.
8813.
8825.
8837.
8843.
8854.
8864.
8871.
8878.
8886.
8893.
8897.
8903.
8907.
8911.
8916.
8918.
8922.
8924.
8926.
8927.
8928.
8929.
8929.
8929.
8930.
8929.
8928.
8927.
8927.
8926.
8924.
8922.
8921.
8919.
8916.
8914.
8912.
8909.
8906.
8903.
8901.
8900.
8895.
8894.
8890.
8888.
8886.
8883.
8880.
8878.
8875.
8873.
8870.
8867.
8864.
8863.
8861.
8861.
8865.
8871.
8880.
8893.
8908.
8924.
8940.
8959.
8976.
8995.
9014.
9032.
9052.
9070.
9090.
9109.
9128.
9145.
9163.
9181.
9199.
9217.
9234.
9252.
9270.
9287.
9302.
9318.
9333.
9349.
9364.
9378.
9392.
9405.
9418.
9430.
9442.
9454.
9465.
9477.
9487.
9497.
9506.
9515.
9523.
9530.
9536.
9541.
9546.
9551.
9555.
9557.
9559.
9562.
9562.
9565.
9563.
9564.
9564.
9563.
9562.
9561.
9560.
9559.
9557.
9555.
9553.
9552.
9549.
9549.
9547.
9546.
9543.
9543.
9540.
9537.
9535.
9533.
9530.
9528.
9526.
9523.
9522.
9520.
9517.
9514.
9511.
9510.
9509.
9508.
9507.
9507.
9505.
9507.
9508.
9509.
9510.
9510.
9512.
9512.
9514.
9515.
9516.
9517.
9518.
9519.
9521.
9523.
9525.
9526.
9529.
9532.
9535.
9538.
9542.
9547.
9551.
9555.
9561.
9567.
9572.
9578.
9585.
9591.
9595.
9602.
9609.
9616.
9623.
9630.
9638.
9646.
9654.
9661.
9669.
9677.
9686.
9695.
9704.
9715.
9722.
9731.
9740.
9749.
9758.
9765.
9776.
9786.
9796.
9805.
9813.
9822.
9830.
9838.
9845.
9853.
9858.
9863.
9866.
9872.
9874.
9875.
9876.
9876.
9876.
9875.
9873.
9872.
9871.
9867.
9866.
9865.
9862.
9860.
9858.
9855.
9853.
9851.
9848.
9846.
9843.
9840.
9837.
9835.
9831.
9828.
9825.
9823.
9819.
9817.
9812.
9810.
9806.
9804.
9799.
9796.
9794.
9790.
9789.
9789.
9790.
9793.
9797.
9802.
9808.
9816.
9820.
9825.
9832.
9839.
9846.
9855.
9862.
9867.
9874.
9880.
9887.
9893.
9899.
9905.
9911.
9915.
9920.
9923.
9927.
9931.
9934.
9937.
9941.
9944.
9947.
9950.
9953.
9956.
9957.
9958.
9961.
9962.
9961.
9962.
9963.
9963.
9962.
9962.
9960.
9959.
9957.
9955.
9954.
9953.
9949.
9947.
9943.
9940.
9937.
9934.
9931.
9928.
9925.
9922.
9918.
9914.
9911.
9906.
9905.
9900.
9897.
9893.
9889.
9885.
9881.
9878.
9874.
9871.
9866.
9862.
9858.
9854.
9850.
9847.
9844.
9839.
9837.
9831.
9827.
9824.
9820.
9817.
9813.
9809.
9805.
9801.
9798.
9793.
9789.
9785.
9783.
9778.
9774.
9771.
9768.
9765.
9761.
9757.
9754.
9750.
9746.
9743.
9738.
9735.
9732.
9728.
9726.
9723.
9720.
9717.
9714.
9711.
9708.
9704.
9701.
9698.
9695.
9692.
9690.
9688.
9685.
9682.
9680.
9676.
9674.
9671.
9669.
9666.
9664.
9661.
9659.
9656.
9653.
9651.
9648.
9647.
9645.
9643.
9641.
9639.
9638.
9637.
9634.
9632.
9630.
9628.
9627.
9625.
9623.
9623.
9622.
9621.
9619.
9619.
9617.
9616.
9615.
9614.
9612.
9611.
9610.
9610.
9608.
9607.
9605.
9604.
9603.
9602.
9602.
9601.
9600.
9600.
9599.
9599.
9598.
9597.
9596.
9597.
9597.
9596.
9595.
9595.
9596.
9596.
9596.
9597.
9596.
9596.
9597.
9597.
9598.
9598.
9599.
9600.
9602.
9602.
9601.
9603.
9604.
9605.
9606.
9607.
9607.
9608.
9609.
9610.
9613.
9617.
9625.
9635.
9647.
9661.
9676.
9692.
9708.
9724.
9738.
9752.
9763.
9774.
9782.
9788.
9794.
9799.
9801.
9804.
9805.
9806.
9804.
9805.
9804.
9804.
9802.
9801.
9802.
9800.
9799.
9798.
9797.
9795.
9794.
9794.
9791.
9789.
9788.
9786.
9784.
9782.
9780.
9778.
9776.
9775.
9772.
9771.
9767.
9764.
9761.
9759.
9757.
9753.
9750.
9747.
9743.
9740.
9737.
9733.
9730.
9727.
9723.
9719.
9715.
9713.
9709.
9705.
9702.
9698.
9694.
9690.
9687.
9683.
9678.
9675.
9672.
9668.
9665.
9661.
9657.
9654.
9650.
9646.
9641.
9637.
9632.
9627.
9621.
9618.
9613.
9608.
9603.
9598.
9593.
9590.
9586.
9584.
9585.
9588.
9594.
9603.
9613.
9623.
9635.
9646.
9658.
9668.
9677.
9687.
9696.
9705.
9712.
9719.
9727.
9731.
9736.
9741.
9746.
9749.
9753.
9755.
9757.
9759.
9761.
9763.
9763.
9765.
9768.
9768.
9769.
9770.
9770.
9770.
9769.
9768.
9770.
9769.
9769.
9769.
9769.
9769.
9768.
9769.
9767.
9767.
9767.
9765.
9764.
9763.
9762.
9760.
9759.
9758.
9755.
9753.
9751.
9749.
9747.
9744.
9743.
9740.
9738.
9735.
9732.
9730.
9727.
9726.
9722.
9719.
9716.
9714.
9711.
9707.
9704.
9701.
9698.
9694.
9691.
9688.
9684.
9681.
9675.
9673.
9670.
9665.
9661.
9657.
9654.
9648.
9644.
9641.
9636.
9632.
9629.
9623.
9620.
9616.
9611.
9608.
9603.
9599.
9595.
9591.
9586.
9582.
9578.
9575.
9570.
9566.
9562.
9557.
9553.
9547.
9544.
9540.
9534.
9531.
9526.
9522.
9517.
9512.
9508.
9503.
9498.
9494.
9490.
9485.
9480.
9475.
9471.
9467.
9461.
9457.
9452.
9447.
9442.
9438.
9434.
9429.
9425.
9421.
9416.
9413.
9408.
9405.
9400.
9396.
9392.
9388.
9384.
9381.
9377.
9374.
9371.
9368.
9364.
9362.
9358.
9357.
9354.
9351.
9349.
9347.
9345.
9343.
9341.
9338.
9335.
9332.
9325.
9313.
9296.
9273.
9245.
9210.
9173.
9134.
9094.
9054.
9015.
8976.
8938.
8900.
8862.
8827.
8791.
8759.
8727.
8695.
8664.
8635.
8608.
8585.
8566.
8551.
8540.
8532.
8526.
8520.
8514.
8509.
8501.
8495.
8487.
8481.
8473.
8467.
8460.
8454.
8446.
8438.
8431.
8425.
8416.
8410.
8403.
8395.
8387.
8380.
8372.
8365.
8357.
8350.
8342.
8335.
8327.
8320.
8313.
8305.
8298.
8291.
8284.
8277.
8271.
8263.
8257.
8250.
8243.
8236.
8229.
8223.
8216.
8211.
8204.
8198.
8193.
8187.
8181.
8176.
8169.
8165.
8158.
8154.
8149.
8144.
8139.
8135.
8131.
8126.
8122.
8119.
8115.
8110.
8103.
8093.
8079.
8058.
8035.
8008.
7977.
7946.
7915.
7883.
7848.
7815.
7782.
7748.
7715.
7684.
7655.
7625.
7597.
7570.
7548.
7528.
7509.
7494.
7482.
7471.
7461.
7450.
7440.
7430.
7421.
7412.
7401.
7392.
7381.
7373.
7364.
7354.
7344.
7335.
7324.
7315.
7306.
7297.
7286.
7277.
7267.
7259.
7249.
7240.
7231.
7223.
7215.
7205.
7199.
7189.
7181.
7175.
7167.
7159.
7153.
7146.
7140.
7134.
7128.
7124.
7119.
7114.
7109.
7106.
7102.
7098.
7096.
7093.
7090.
7087.
7085.
7083.
7081.
7079.
7076.
7076.
7074.
7073.
7072.
7072.
7071.
7071.
7070.
7070.
7069.
7066.
7061.
7051.
7037.
7019.
6999.
6976.
6955.
6931.
6908.
6883.
6859.
6833.
6809.
6785.
6762.
6739.
6718.
6699.
6680.
6663.
6647.
6632.
6619.
6607.
6595.
6581.
6568.
6556.
6543.
6531.
6520.
6507.
6496.
6486.
6474.
6465.
6457.
6447.
6437.
6428.
6420.
6409.
6400.
6394.
6386.
6379.
6372.
6367.
6362.
6356.
6350.
6344.
6339.
6334.
6331.
6326.
6323.
6319.
6316.
6313.
6310.
6308.
6305.
6303.
6302.
6301.
6299.
6298.
6297.
6296.
6295.
6295.
6295.
6295.
6295.
6296.
6296.
6296.
6297.
6298.
6298.
6300.
6301.
6304.
6305.
6307.
6308.
6312.
6312.
6314.
6317.
6320.
6322.
6325.
6327.
6329.
6333.
6337.
6340.
6343.
6346.
6349.
6352.
6355.
6359.
6364.
6368.
6373.
6379.
6382.
6388.
6393.
6398.
6403.
6409.
6413.
6414.
6414.
6410.
6402.
6392.
6380.
6368.
6356.
6342.
6328.
6312.
6294.
6279.
6261.
6244.
6227.
6209.
6195.
6179.
6163.
6149.
6135.
6124.
6112.
6101.
6090.
6080.
6070.
6062.
6052.
6042.
6033.
6023.
6012.
6002.
5994.
5984.
5976.
5968.
5960.
5953.
5945.
5939.
5931.
5925.
5919.
5914.
5909.
5903.
5899.
5893.
5888.
5882.
5877.
5872.
5866.
5862.
5858.
5855.
5852.
5850.
5846.
5846.
5845.
5844.
5843.
5843.
5844.
5843.
5845.
5845.
5846.
5848.
5850.
5851.
5853.
5854.
5857.
5859.
5862.
5866.
5869.
5873.
5875.
5880.
5884.
5888.
5891.
5896.
5901.
5905.
5908.
5914.
5919.
5925.
5929.
5934.
5939.
5944.
5949.
5953.
5959.
5964.
5970.
5974.
5979.
5981.
5980.
5977.
5971.
5962.
5954.
5945.
5935.
5926.
5915.
5906.
5898.
5889.
5885.
5881.
5878.
5876.
5874.
5873.
5873.
5870.
5869.
5866.
5864.
5861.
5859.
5857.
5855.
5851.
5848.
5845.
5842.
5839.
5835.
5832.
5829.
5826.
5822.
5819.
5816.
5812.
5810.
5806.
5802.
5799.
5796.
5793.
5791.
5788.
5784.
5782.
5779.
5778.
5776.
5774.
5773.
5772.
5771.
5770.
5770.
5770.
5769.
5770.
5772.
5772.
5772.
5773.
5776.
5778.
5780.
5782.
5784.
5786.
5790.
5793.
5796.
5799.
5803.
5807.
5812.
5815.
5820.
5824.
5827.
5833.
5838.
5845.
5851.
5857.
5863.
5870.
5877.
5884.
5891.
5900.
5906.
5914.
5921.
5929.
5936.
5943.
5949.
5954.
5959.
5960.
5958.
5956.
5953.
5948.
5941.
5934.
5927.
5919.
5913.
5907.
5901.
5895.
5890.
5886.
5882.
5879.
5876.
5873.
5871.
5869.
5867.
5864.
5863.
5861.
5859.
5858.
5855.
5853.
5852.
5852.
5850.
5849.
5849.
5847.
5846.
5845.
5843.
5841.
5840.
5838.
5838.
5835.
5834.
5833.
5831.
5828.
5826.
5824.
5823.
5821.
5818.
5816.
5814.
5812.
5812.
5809.
5808.
5806.
5805.
5803.
5802.
5802.
5800.
5799.
5798.
5797.
5797.
5797.
5796.
5796.
5796.
5796.
5796.
5797.
5797.
5797.
5796.
5798.
5797.
5798.
5798.
5799.
5800.
5802.
5803.
5805.
5807.
5808.
5810.
5811.
5814.
5815.
5817.
5820.
5822.
5824.
5826.
5828.
5831.
5835.
5837.
5840.
5844.
5845.
5848.
5851.
5855.
5858.
5862.
5865.
5870.
5874.
5876.
5880.
5884.
5888.
5892.
5895.
5901.
5905.
5909.
5913.
5919.
5924.
5928.
5932.
5939.
5943.
5949.
5955.
5960.
5967.
5972.
5976.
5982.
5988.
5994.
5996.
5997.
5996.
5993.
5989.
5984.
5980.
5974.
5968.
5964.
5960.
5953.
5951.
5948.
5947.
5944.
5944.
5943.
5942.
5943.
5943.
5942.
5943.
5942.
5943.
5944.
5942.
5941.
5939.
5938.
5935.
5933.
5929.
5926.
5922.
5916.
5913.
5909.
5905.
5901.
5896.
5892.
5889.
5886.
5883.
5880.
5877.
5875.
5873.
5869.
5867.
5866.
5863.
5862.
5860.
5859.
5857.
5857.
5855.
5853.
5853.
5851.
5850.
5849.
5849.
5848.
5848.
5849.
5847.
5848.
5847.
5847.
5848.
5848.
5848.
5848.
5848.
5850.
5851.
5851.
5853.
5854.
5854.
5855.
5856.
5858.
5859.
5862.
5864.
5866.
5868.
5870.
5872.
5875.
5877.
5880.
5882.
5884.
5887.
5890.
5894.
5897.
5899.
5903.
5907.
5910.
5914.
5918.
5921.
5924.
5930.
5933.
5937.
5942.
5946.
5951.
5954.
5959.
5964.
5968.
5972.
5978.
5982.
5987.
5992.
5997.
6002.
6006.
6012.
6018.
6023.
6028.
6033.
6035.
6035.
6032.
6029.
6025.
6020.
6016.
6013.
6010.
6010.
6009.
6010.
6012.
6013.
6015.
6017.
6019.
6021.
6021.
6021.
6023.
6024.
6025.
6026.
6026.
6027.
6025.
6025.
6025.
6023.
6023.
6022.
6022.
6021.
6019.
6019.
6017.
6016.
6014.
6012.
6011.
6010.
6008.
6007.
6005.
6004.
6001.
6000.
5999.
5997.
5995.
5992.
5991.
5989.
5988.
5987.
5986.
5983.
5982.
5980.
5979.
5978.
5976.
5975.
5976.
5974.
5976.
5975.
5976.
5977.
5976.
5978.
5980.
5983.
5987.
5996.
6009.
6022.
6040.
6060.
6081.
6101.
6124.
6148.
6171.
6190.
6210.
6228.
6246.
6265.
6283.
6299.
6316.
6332.
6351.
6370.
6388.
6406.
6424.
6442.
6459.
6477.
6497.
6515.
6535.
6555.
6573.
6591.
6608.
6628.
6648.
6669.
6690.
6712.
6733.
6754.
6776.
6795.
6816.
6835.
6854.
6875.
6895.
6914.
6934.
6951.
6971.
6990.
7008.
7027.
7044.
7060.
7076.
7091.
7106.
7123.
7137.
7152.
7166.
7177.
7188.
7198.
7208.
7217.
7228.
7239.
7249.
7260.
7270.
7280.
7291.
7300.
7311.
7320.
7329.
7341.
7351.
7359.
7369.
7379.
7388.
7398.
7410.
7419.
7429.
7439.
7449.
7459.
7468.
7480.
7489.
7499.
7508.
7519.
7529.
7538.
7548.
7557.
7566.
7577.
7587.
7596.
7605.
7614.
7623.
7632.
7641.
7649.
7658.
7665.
7671.
7679.
7686.
7693.
7698.
7703.
7708.
7713.
7717.
7722.
7727.
7730.
7734.
7738.
7742.
7745.
7750.
7756.
7766.
7781.
7800.
7821.
7846.
7871.
7898.
7922.
7948.
7973.
7998.
8023.
8048.
8073.
8100.
8125.
8152.
8178.
8204.
8229.
8254.
8278.
8299.
8320.
8336.
8354.
8367.
8380.
8392.
8402.
8411.
8423.
8433.
8443.
8453.
8461.
8470.
8478.
8487.
8495.
8503.
8510.
8518.
8524.
8531.
8538.
8543.
8548.
8555.
8559.
8564.
8567.
8572.
8576.
8579.
8582.
8585.
8589.
8590.
8592.
8594.
8595.
8597.
8597.
8599.
8600.
8600.
8602.
8603.
8603.
8604.
8605.
8604.
8605.
8604.
8605.
8604.
8607.
8609.
8613.
8622.
8634.
8648.
8666.
8685.
8705.
8726.
8746.
8766.
8788.
8810.
8831.
8855.
8878.
8902.
8925.
8948.
8971.
8994.
9016.
9038.
9060.
9079.
9100.
9119.
9137.
9156.
9173.
9189.
9204.
9217.
9228.
9238.
9247.
9257.
9265.
9271.
9279.
9285.
9290.
9295.
9299.
9305.
9308.
9311.
9315.
9318.
9320.
9320.
9321.
9322.
9323.
9323.
9323.
9322.
9321.
9320.
9319.
9318.
9317.
9314.
9311.
9309.
9306.
9304.
9301.
9299.
9295.
9293.
9290.
9286.
9283.
9279.
9275.
9272.
9268.
9263.
9258.
9255.
9252.
9247.
9242.
9237.
9234.
9230.
9225.
9222.
9219.
9211.
9208.
9204.
9200.
9195.
9191.
9188.
9183.
9179.
9175.
9171.
9168.
9164.
9158.
9155.
9150.
9146.
9142.
9140.
9137.
9134.
9131.
9127.
9126.
9127.
9129.
9134.
9143.
9154.
9165.
9180.
9194.
9210.
9228.
9245.
9261.
9278.
9294.
9312.
9330.
9347.
9367.
9385.
9404.
9422.
9439.
9458.
9476.
9494.
9514.
9533.
9552.
9571.
9590.
9608.
9626.
9642.
9660.
9676.
9692.
9708.
9723.
9736.
9750.
9759.
9768.
9776.
9782.
9786.
9791.
9794.
9796.
9798.
9800.
9800.
9801.
9801.
9800.
9799.
9797.
9795.
9793.
9791.
9788.
9785.
9783.
9780.
9775.
9772.
9769.
9765.
9761.
9758.
9754.
9749.
9744.
9741.
9737.
9732.
9728.
9724.
9719.
9716.
9711.
9706.
9701.
9696.
9692.
9686.
9682.
9677.
9670.
9667.
9661.
9657.
9652.
9647.
9642.
9638.
9634.
9628.
9625.
9620.
9614.
9610.
9606.
9600.
9596.
9591.
9586.
9582.
9578.
9574.
9570.
9568.
9566.
9569.
9572.
9577.
9585.
9593.
9605.
9615.
9628.
9641.
9653.
9664.
9676.
9687.
9699.
9709.
9720.
9731.
9741.
9751.
9761.
9769.
9779.
9788.
9795.
9804.
9811.
9818.
9826.
9833.
9839.
9845.
9851.
9857.
9863.
9870.
9875.
9880.
9884.
9888.
9892.
9895.
9899.
9903.
9906.
9908.
9912.
9912.
9914.
9915.
9915.
9914.
9914.
9913.
9912.
9909.
9907.
9906.
9905.
9903.
9900.
9898.
9895.
9891.
9889.
9886.
9883.
9880.
9877.
9874.
9870.
9867.
9864.
9861.
9856.
9853.
9850.
9847.
9843.
9840.
9837.
9834.
9831.
9828.
9824.
9822.
9817.
9814.
9813.
9808.
9803.
9800.
9795.
9791.
9789.
9785.
9782.
9778.
9774.
9770.
9767.
9764.
9761.
9757.
9752.
9749.
9745.
9740.
9738.
9733.
9729.
9727.
9722.
9720.
9716.
9711.
9708.
9704.
9700.
9696.
9694.
9689.
9686.
9683.
9679.
9676.
9672.
9670.
9666.
9663.
9659.
9656.
9652.
9648.
9645.
9642.
9640.
9636.
9634.
9630.
9627.
9624.
9622.
9619.
9616.
9613.
9610.
9609.
9606.
9604.
9600.
9598.
9596.
9593.
9590.
9589.
9587.
9584.
9582.
9579.
9577.
9575.
9573.
9572.
9570.
9569.
9567.
9564.
9563.
9562.
9561.
9559.
9558.
9557.
9556.
9554.
9553.
9552.
9550.
9550.
9549.
9547.
9546.
9545.
9545.
9545.
9546.
9546.
9547.
9547.
9546.
9546.
9548.
9548.
9549.
9550.
9551.
9552.
9554.
9555.
9556.
9558.
9559.
9561.
9563.
9564.
9566.
9568.
9570.
9573.
9576.
9578.
9580.
9582.
9584.
9587.
9589.
9591.
9594.
9596.
9600.
9602.
9604.
9607.
9609.
9612.
9615.
9617.
9619.
9621.
9623.
9626.
9628.
9629.
9631.
9633.
9634.
9635.
9636.
9638.
9639.
9639.
9639.
9639.
9639.
9638.
9637.
9638.
9637.
9636.
9634.
9634.
9633.
9630.
9629.
9628.
9625.
9623.
9622.
9620.
9618.
9615.
9613.
9611.
9608.
9607.
9604.
9601.
9598.
9595.
9591.
9589.
9587.
9583.
9581.
9578.
9576.
9571.
9569.
9565.
9562.
9560.
9556.
9552.
9550.
9547.
9543.
9539.
9536.
9533.
9530.
9526.
9523.
9519.
9517.
9513.
9509.
9506.
9503.
9499.
9495.
9492.
9490.
9487.
9482.
9480.
9476.
9472.
9470.
9467.
9464.
9460.
9457.
9455.
9451.
9448.
9446.
9443.
9440.
9437.
9434.
9432.
9429.
9426.
9422.
9420.
9418.
9415.
9412.
9409.
9408.
9405.
9402.
9400.
9397.
9395.
9394.
9391.
9389.
9387.
9384.
9383.
9381.
9380.
9377.
9376.
9375.
9372.
9371.
9369.
9366.
9365.
9364.
9363.
9361.
9359.
9357.
9357.
9356.
9354.
9353.
9352.
9351.
9350.
9350.
9350.
9349.
9348.
9347.
9347.
9346.
9347.
9346.
9345.
9344.
9344.
9345.
9345.
9345.
9345.
9346.
9346.
9347.
9347.
9347.
9348.
9347.
9348.
9349.
9350.
9351.
9352.
9353.
9355.
9356.
9357.
9358.
9360.
9362.
9364.
9366.
9367.
9370.
9372.
9373.
9376.
9378.
9380.
9383.
9386.
9387.
9390.
9393.
9395.
9398.
9401.
9404.
9406.
9409.
9411.
9413.
9415.
9418.
9420.
9424.
9425.
9427.
9430.
9432.
9433.
9435.
9436.
9437.
9438.
9438.
9439.
9440.
9440.
9436.
9429.
9416.
9399.
9374.
9346.
9316.
9286.
9256.
9230.
9205.
9181.
9157.
9133.
9111.
9092.
9077.
9065.
9055.
9048.
9042.
9038.
9033.
9028.
9024.
9018.
9013.
9008.
9003.
8998.
8993.
8987.
8983.
8977.
8971.
8967.
8961.
8956.
8951.
8945.
8940.
8935.
8930.
8924.
8919.
8913.
8908.
8902.
8897.
8891.
8886.
8881.
8874.
8868.
8864.
8858.
8849.
8838.
8818.
8794.
8764.
8731.
8694.
8657.
8621.
8582.
8543.
8507.
8471.
8436.
8404.
8373.
8346.
8322.
8304.
8290.
8277.
8267.
8257.
8247.
8236.
8227.
8217.
8208.
8197.
8188.
8178.
8168.
8159.
8149.
8139.
8129.
8119.
8110.
8101.
8090.
8080.
8071.
8061.
8052.
8042.
8031.
8023.
8013.
8003.
7993.
7984.
7974.
7965.
7954.
7946.
7937.
7927.
7918.
7909.
7900.
7892.
7882.
7875.
7866.
7858.
7849.
7841.
7833.
7826.
7818.
7811.
7804.
7797.
7790.
7783.
7776.
7771.
7764.
7757.
7752.
7746.
7741.
7735.
7731.
7725.
7720.
7715.
7711.
7707.
7704.
7699.
7696.
7692.
7689.
7687.
7684.
7681.
7678.
7677.
7676.
7674.
7672.
7671.
7668.
7664.
7657.
7644.
7627.
7607.
7583.
7558.
7534.
7508.
7482.
7455.
7426.
7399.
7370.
7342.
7311.
7282.
7254.
7228.
7205.
7184.
7167.
7152.
7140.
7129.
7118.
7106.
7095.
7084.
7074.
7064.
7054.
7043.
7032.
7023.
7012.
7001.
6991.
6981.
6970.
6960.
6949.
6939.
6929.
6918.
6908.
6898.
6888.
6879.
6869.
6858.
6848.
6840.
6829.
6820.
6810.
6801.
6793.
6785.
6776.
6769.
6760.
6754.
6748.
6741.
6735.
6730.
6725.
6720.
6717.
6712.
6707.
6704.
6702.
6699.
6697.
6694.
6692.
6691.
6688.
6688.
6687.
6687.
6687.
6686.
6687.
6687.
6686.
6688.
6689.
6690.
6689.
6689.
6690.
6690.
6691.
6691.
6689.
6685.
6677.
6665.
6649.
6630.
6610.
6588.
6566.
6543.
6520.
6497.
6475.
6453.
6431.
6410.
6389.
6368.
6348.
6328.
6309.
6289.
6267.
6247.
6228.
6209.
6192.
6175.
6158.
6143.
6128.
6113.
6101.
6087.
6075.
6063.
6055.
6046.
6038.
6030.
6023.
6015.
6009.
6002.
5996.
5991.
5985.
5979.
5974.
5969.
5964.
5959.
5955.
5951.
5948.
5944.
5942.
5940.
5938.
5936.
5933.
5933.
5931.
5931.
5932.
5931.
5932.
5933.
5934.
5935.
5936.
5940.
5941.
5943.
5946.
5949.
5952.
5956.
5960.
5964.
5967.
5970.
5974.
5978.
5983.
5986.
5992.
5995.
5999.
6003.
6008.
6013.
6018.
6023.
6028.
6033.
6039.
6047.
6054.
6061.
6068.
6075.
6082.
6089.
6095.
6100.
6107.
6113.
6118.
6124.
6128.
6129.
6127.
6120.
6112.
6101.
6091.
6077.
6064.
6047.
6033.
6015.
5998.
5981.
5965.
5951.
5936.
5923.
5909.
5897.
5883.
5870.
5858.
5848.
5838.
5827.
5820.
5812.
5804.
5797.
5788.
5780.
5772.
5767.
5760.
5754.
5748.
5742.
5737.
5731.
5726.
5720.
5716.
5711.
5707.
5703.
5700.
5696.
5694.
5689.
5687.
5684.
5683.
5680.
5679.
5679.
5677.
5676.
5677.
5675.
5677.
5676.
5676.
5678.
5679.
5681.
5682.
5683.
5688.
5691.
5694.
5697.
5701.
5704.
5708.
5712.
5715.
5720.
5725.
5729.
5733.
5738.
5743.
5748.
5752.
5759.
5764.
5768.
5773.
5779.
5784.
5791.
5795.
5801.
5807.
5812.
5818.
5823.
5829.
5835.
5840.
5847.
5851.
5853.
5854.
5853.
5848.
5839.
5831.
5822.
5811.
5800.
5787.
5774.
5761.
5748.
5735.
5720.
5708.
5697.
5688.
5679.
5669.
5661.
5652.
5645.
5638.
5632.
5626.
5620.
5614.
5609.
5603.
5597.
5591.
5587.
5582.
5575.
5570.
5565.
5562.
5558.
5553.
5549.
5547.
5542.
5540.
5539.
5537.
5534.
5532.
5530.
5528.
5527.
5528.
5527.
5526.
5528.
5528.
5529.
5530.
5532.
5533.
5535.
5539.
5542.
5544.
5548.
5552.
5555.
5559.
5562.
5567.
5572.
5577.
5583.
5586.
5590.
5595.
5601.
5606.
5612.
5618.
5623.
5628.
5634.
5641.
5646.
5652.
5657.
5664.
5669.
5676.
5681.
5688.
5694.
5701.
5706.
5712.
5718.
5724.
5730.
5736.
5741.
5749.
5756.
5762.
5768.
5775.
5781.
5787.
5792.
5799.
5806.
5809.
5811.
5810.
5804.
5798.
5791.
5784.
5776.
5769.
5761.
5754.
5749.
5745.
5742.
5741.
5739.
5741.
5742.
5742.
5743.
5743.
5742.
5742.
5741.
5741.
5738.
5738.
5737.
5735.
5734.
5732.
5730.
5728.
5726.
5724.
5721.
5718.
5715.
5715.
5712.
5711.
5708.
5706.
5703.
5702.
5698.
5698.
5696.
5694.
5693.
5691.
5689.
5687.
5686.
5686.
5684.
5683.
5683.
5683.
5684.
5684.
5684.
5685.
5686.
5687.
5688.
5690.
5690.
5692.
5693.
5696.
5699.
5700.
5703.
5706.
5708.
5711.
5714.
5718.
5720.
5724.
5727.
5731.
5734.
5737.
5741.
5746.
5750.
5754.
5756.
5759.
5762.
5760.
5757.
5754.
5749.
5744.
5738.
5733.
5727.
5722.
5715.
5710.
5705.
5701.
5696.
5695.
5693.
5693.
5694.
5695.
5697.
5697.
5698.
5699.
5700.
5701.
5700.
5699.
5699.
5697.
5694.
5692.
5689.
5688.
5685.
5684.
5683.
5681.
5680.
5679.
5677.
5678.
5676.
5677.
5678.
5677.
5677.
5679.
5678.
5680.
5679.
5680.
5681.
5683.
5684.
5686.
5687.
5690.
5690.
5692.
5693.
5696.
5698.
5699.
5702.
5703.
5705.
5708.
5712.
5713.
5716.
5719.
5723.
5724.
5728.
5731.
5733.
5737.
5739.
5742.
5745.
5747.
5751.
5754.
5759.
5761.
5764.
5768.
5772.
5776.
5779.
5782.
5786.
5790.
5794.
5798.
5804.
5808.
5814.
5818.
5825.
5831.
5835.
5842.
5847.
5853.
5857.
5865.
5872.
5878.
5885.
5891.
5899.
5904.
5911.
5916.
5923.
5929.
5933.
5938.
5943.
5948.
5950.
5955.
5960.
5964.
5968.
5973.
5978.
5983.
5989.