9715.
9714.
9713.
9712.
9710.
9709.
9706.
9704.
9701.
9699.
9696.
9692.
9689.
9686.
9683.
9679.
9675.
9671.
9667.
9663.
9658.
9655.
9650.
9645.
9642.
9636.
9632.
9628.
9624.
9619.
9614.
9609.
9604.
9599.
9594.
9589.
9584.
9578.
9574.
9569.
9563.
9558.
9554.
9548.
9543.
9539.
9538.
9541.
9546.
9554.
9563.
9573.
9583.
9593.
9603.
9614.
9626.
9637.
9648.
9659.
9669.
9680.
9691.
9699.
9708.
9717.
9726.
9732.
9738.
9743.
9746.
9750.
9752.
9752.
9753.
9753.
9754.
9754.
9754.
9754.
9753.
9753.
9753.
9753.
9753.
9753.
9752.
9750.
9750.
9749.
9747.
9746.
9744.
9743.
9740.
9738.
9735.
9734.
9730.
9727.
9724.
9720.
9716.
9712.
9709.
9705.
9701.
9698.
9693.
9688.
9684.
9680.
9676.
9671.
9666.
9661.
9656.
9652.
9646.
9643.
9638.
9632.
9627.
9623.
9617.
9612.
9606.
9601.
9597.
9590.
9585.
9579.
9575.
9569.
9564.
9558.
9553.
9547.
9541.
9537.
9530.
9524.
9519.
9513.
9508.
9501.
9496.
9491.
9484.
9480.
9476.
9475.
9476.
9480.
9487.
9495.
9506.
9517.
9528.
9539.
9550.
9562.
9574.
9586.
9596.
9607.
9616.
9626.
9635.
9642.
9650.
9654.
9658.
9660.
9662.
9664.
9665.
9666.
9666.
9666.
9667.
9668.
9669.
9670.
9670.
9670.
9671.
9673.
9673.
9675.
9675.
9676.
9677.
9678.
9677.
9679.
9679.
9679.
9679.
9680.
9680.
9680.
9679.
9679.
9677.
9676.
9675.
9673.
9671.
9669.
9666.
9664.
9660.
9659.
9655.
9652.
9648.
9644.
9641.
9638.
9633.
9629.
9624.
9620.
9616.
9611.
9607.
9603.
9598.
9592.
9588.
9583.
9579.
9574.
9569.
9563.
9558.
9553.
9548.
9542.
9537.
9531.
9527.
9522.
9516.
9510.
9505.
9498.
9494.
9489.
9482.
9477.
9470.
9465.
9460.
9453.
9446.
9441.
9436.
9430.
9423.
9418.
9412.
9406.
9399.
9394.
9386.
9380.
9374.
9369.
9362.
9356.
9348.
9343.
9337.
9330.
9325.
9318.
9312.
9306.
9299.
9292.
9286.
9279.
9272.
9266.
9259.
9252.
9245.
9239.
9232.
9225.
9218.
9210.
9204.
9196.
9189.
9183.
9175.
9169.
9161.
9155.
9146.
9141.
9132.
9125.
9117.
9110.
9103.
9096.
9087.
9081.
9071.
9065.
9056.
9049.
9043.
9035.
9027.
9020.
9013.
9005.
8996.
8989.
8981.
8973.
8965.
8958.
8950.
8942.
8935.
8926.
8918.
8911.
8902.
8896.
8887.
8879.
8871.
8862.
8855.
8849.
8844.
8844.
8847.
8853.
8862.
8872.
8883.
8893.
8905.
8917.
8927.
8936.
8943.
8950.
8955.
8958.
8958.
8956.
8956.
8954.
8952.
8951.
8950.
8949.
8948.
8947.
8947.
8946.
8947.
8947.
8946.
8946.
8947.
8947.
8948.
8949.
8949.
8951.
8952.
8953.
8953.
8955.
8957.
8959.
8960.
8964.
8965.
8967.
8969.
8972.
8973.
8976.
8979.
8982.
8985.
8987.
8990.
8993.
8995.
8997.
9001.
9004.
9008.
9010.
9011.
9012.
9006.
8997.
8984.
8966.
8944.
8924.
8905.
8890.
8875.
8861.
8848.
8837.
8828.
8822.
8816.
8812.
8807.
8803.
8797.
8793.
8788.
8782.
8776.
8771.
8764.
8758.
8753.
8747.
8740.
8735.
8729.
8721.
8715.
8708.
8702.
8694.
8690.
8683.
8675.
8668.
8661.
8655.
8647.
8641.
8634.
8627.
8620.
8613.
8608.
8600.
8593.
8586.
8579.
8572.
8566.
8558.
8554.
8547.
8539.
8533.
8526.
8521.
8514.
8508.
8502.
8495.
8489.
8483.
8477.
8473.
8467.
8461.
8456.
8451.
8445.
8441.
8435.
8430.
8426.
8422.
8415.
8408.
8398.
8384.
8364.
8341.
8312.
8284.
8253.
8222.
8189.
8156.
8125.
8093.
8063.
8033.
8005.
7980.
7956.
7937.
7920.
7907.
7894.
7882.
7869.
7857.
7845.
7835.
7822.
7810.
7797.
7786.
7773.
7760.
7748.
7735.
7723.
7710.
7697.
7684.
7673.
7660.
7647.
7634.
7622.
7609.
7595.
7583.
7570.
7557.
7545.
7533.
7521.
7508.
7496.
7484.
7472.
7461.
7449.
7439.
7427.
7416.
7405.
7395.
7384.
7374.
7365.
7356.
7346.
7337.
7329.
7322.
7313.
7305.
7297.
7290.
7282.
7276.
7270.
7264.
7259.
7254.
7246.
7241.
7236.
7232.
7227.
7224.
7219.
7216.
7213.
7210.
7206.
7203.
7202.
7199.
7196.
7194.
7193.
7192.
7189.
7188.
7188.
7186.
7186.
7186.
7184.
7185.
7185.
7185.
7185.
7183.
7180.
7175.
7165.
7149.
7133.
7114.
7094.
7072.
7048.
7024.
7001.
6975.
6950.
6926.
6901.
6878.
6856.
6839.
6821.
6804.
6790.
6775.
6761.
6749.
6735.
6722.
6707.
6695.
6681.
6669.
6656.
6643.
6631.
6618.
6604.
6592.
6578.
6567.
6554.
6541.
6529.
6517.
6505.
6491.
6480.
6468.
6456.
6445.
6434.
6423.
6413.
6403.
6393.
6383.
6375.
6366.
6357.
6350.
6344.
6336.
6330.
6325.
6320.
6315.
6311.
6308.
6305.
6302.
6299.
6298.
6295.
6295.
6294.
6292.
6293.
6292.
6293.
6292.
6293.
6294.
6294.
6295.
6297.
6297.
6299.
6300.
6303.
6306.
6306.
6307.
6311.
6314.
6315.
6316.
6314.
6311.
6303.
6292.
6276.
6260.
6243.
6223.
6203.
6182.
6159.
6136.
6110.
6087.
6061.
6037.
6011.
5987.
5962.
5941.
5920.
5902.
5885.
5869.
5854.
5840.
5827.
5814.
5801.
5789.
5777.
5765.
5753.
5741.
5731.
5721.
5709.
5699.
5688.
5678.
5669.
5659.
5649.
5641.
5633.
5624.
5617.
5610.
5604.
5599.
5593.
5589.
5586.
5583.
5579.
5579.
5577.
5576.
5576.
5577.
5577.
5579.
5581.
5583.
5585.
5588.
5591.
5594.
5597.
5600.
5605.
5608.
5612.
5615.
5618.
5623.
5627.
5631.
5635.
5639.
5643.
5647.
5650.
5652.
5649.
5643.
5633.
5618.
5602.
5583.
5562.
5542.
5520.
5499.
5477.
5453.
5431.
5407.
5384.
5360.
5336.
5314.
5292.
5270.
5248.
5229.
5211.
5196.
5180.
5168.
5159.
5151.
5142.
5137.
5131.
5125.
5120.
5115.
5111.
5106.
5102.
5099.
5097.
5096.
5092.
5091.
5089.
5090.
5089.
5090.
5092.
5093.
5094.
5097.
5100.
5106.
5109.
5112.
5118.
5122.
5128.
5135.
5140.
5147.
5152.
5157.
5163.
5170.
5174.
5180.
5187.
5191.
5196.
5201.
5204.
5208.
5209.
5210.
5209.
5206.
5201.
5195.
5189.
5180.
5171.
5163.
5152.
5141.
5131.
5120.
5109.
5096.
5084.
5070.
5058.
5045.
5033.
5020.
5008.
4996.
4983.
4971.
4962.
4952.
4943.
4936.
4929.
4922.
4917.
4913.
4911.
4909.
4908.
4906.
4906.
4905.
4906.
4907.
4907.
4909.
4908.
4909.
4908.
4907.
4905.
4903.
4900.
4895.
4892.
4887.
4884.
4880.
4874.
4869.
4864.
4860.
4855.
4851.
4849.
4846.
4844.
4843.
4843.
4843.
4843.
4843.
4842.
4843.
4845.
4847.
4849.
4850.
4853.
4855.
4858.
4859.
4862.
4864.
4866.
4871.
4874.
4878.
4884.
4890.
4896.
4903.
4910.
4916.
4923.
4931.
4937.
4943.
4951.
4957.
4964.
4972.
4980.
4987.
4995.
5002.
5010.
5018.
5026.
5032.
5040.
5049.
5056.
5063.
5071.
5079.
5087.
5095.
5102.
5110.
5118.
5125.
5134.
5142.
5149.
5156.
5165.
5174.
5181.
5190.
5198.
5206.
5213.
5222.
5229.
5237.
5245.
5251.
5259.
5268.
5275.
5283.
5290.
5298.
5306.
5312.
5320.
5327.
5334.
5341.
5348.
5356.
5362.
5369.
5375.
5382.
5389.
5395.
5400.
5407.
5412.
5418.
5423.
5430.
5435.
5440.
5446.
5450.
5456.
5461.
5466.
5470.
5474.
5478.
5480.
5484.
5488.
5490.
5494.
5496.
5498.
5500.
5502.
5504.
5505.
5508.
5508.
5509.
5512.
5512.
5513.
5516.
5516.
5516.
5516.
5515.
5515.
5515.
5514.
5512.
5511.
5509.
5506.
5503.
5500.
5499.
5496.
5495.
5491.
5491.
5490.
5491.
5491.
5491.
5492.
5493.
5494.
5497.
5499.
5503.
5509.
5514.
5518.
5523.
5527.
5532.
5537.
5543.
5549.
5555.
5561.
5568.
5574.
5579.
5582.
5587.
5592.
5594.
5596.
5598.
5600.
5601.
5603.
5605.
5605.
5607.
5608.
5610.
5612.
5612.
5613.
5615.
5615.
5616.
5616.
5618.
5619.
5620.
5620.
5623.
5628.
5640.
5654.
5670.
5688.
5708.
5727.
5746.
5762.
5777.
5790.
5802.
5813.
5820.
5827.
5831.
5837.
5839.
5843.
5846.
5850.
5855.
5857.
5859.
5862.
5865.
5868.
5870.
5872.
5875.
5876.
5879.
5880.
5883.
5884.
5886.
5888.
5887.
5890.
5891.
5892.
5895.
5895.
5897.
5897.
5899.
5901.
5903.
5906.
5908.
5909.
5912.
5913.
5915.
5918.
5919.
5921.
5924.
5930.
5939.
5951.
5968.
5985.
6002.
6022.
6040.
6056.
6071.
6085.
6098.
6112.
6127.
6141.
6156.
6175.
6194.
6212.
6230.
6247.
6264.
6283.
6303.
6323.
6343.
6363.
6381.
6398.
6415.
6434.
6452.
6472.
6490.
6508.
6525.
6541.
6558.
6574.
6589.
6603.
6617.
6632.
6645.
6658.
6672.
6683.
6695.
6707.
6717.
6728.
6737.
6747.
6758.
6768.
6779.
6789.
6799.
6809.
6818.
6829.
6839.
6848.
6857.
6868.
6878.
6887.
6898.
6907.
6917.
6927.
6937.
6947.
6957.
6967.
6976.
6986.
6997.
7007.
7017.
7027.
7037.
7046.
7056.
7066.
7077.
7086.
7095.
7106.
7116.
7125.
7133.
7142.
7150.
7158.
7166.
7175.
7182.
7190.
7197.
7204.
7210.
7218.
7224.
7231.
7237.
7242.
7248.
7254.
7259.
7264.
7270.
7274.
7278.
7284.
7289.
7293.
7297.
7302.
7307.
7312.
7317.
7322.
7326.
7330.
7333.
7338.
7343.
7347.
7351.
7355.
7359.
7363.
7367.
7371.
7376.
7380.
7384.
7386.
7390.
7394.
7398.
7403.
7408.
7412.
7415.
7420.
7426.
7430.
7435.
7440.
7445.
7451.
7458.
7466.
7473.
7481.
7489.
7498.
7508.
7516.
7525.
7534.
7543.
7554.
7563.
7573.
7585.
7595.
7608.
7622.
7634.
7647.
7659.
7671.
7682.
7694.
7703.
7712.
7721.
7729.
7738.
7747.
7755.
7764.
7773.
7782.
7792.
7800.
7809.
7819.
7827.
7837.
7846.
7855.
7864.
7873.
7882.
7891.
7901.
7911.
7921.
7929.
7938.
7948.
7958.
7968.
7976.
7985.
7994.
8004.
8013.
8022.
8031.
8037.
8044.
8051.
8059.
8065.
8071.
8077.
8083.
8090.
8096.
8100.
8104.
8108.
8113.
8116.
8120.
8124.
8128.
8130.
8133.
8136.
8139.
8140.
8141.
8142.
8143.
8144.
8145.
8145.
8144.
8145.
8146.
8146.
8148.
8150.
8156.
8162.
8172.
8183.
8197.
8211.
8227.
8242.
8258.
8274.
8291.
8310.
8329.
8349.
8369.
8388.
8410.
8430.
8450.
8472.
8492.
8513.
8531.
8552.
8572.
8592.
8613.
8632.
8651.
8669.
8686.
8703.
8721.
8736.
8751.
8766.
8782.
8795.
8809.
8821.
8832.
8842.
8852.
8861.
8870.
8878.
8885.
8892.
8898.
8904.
8910.
8916.
8920.
8925.
8929.
8933.
8935.
8938.
8939.
8940.
8940.
8940.
8939.
8939.
8938.
8936.
8934.
8931.
8931.
8928.
8925.
8922.
8919.
8915.
8913.
8909.
8906.
8902.
8899.
8894.
8890.
8886.
8882.
8877.
8873.
8869.
8865.
8860.
8856.
8851.
8849.
8849.
8852.
8858.
8867.
8878.
8889.
8902.
8913.
8925.
8939.
8953.
8969.
8986.
9003.
9018.
9035.
9052.
9068.
9087.
9104.
9120.
9137.
9153.
9170.
9186.
9203.
9220.
9238.
9256.
9274.
9291.
9306.
9323.
9341.
9356.
9373.
9386.
9401.
9412.
9425.
9435.
9445.
9453.
9461.
9466.
9472.
9475.
9479.
9481.
9482.
9483.
9485.
9485.
9485.
9485.
9485.
9483.
9481.
9479.
9477.
9475.
9472.
9471.
9467.
9463.
9460.
9456.
9454.
9448.
9445.
9441.
9437.
9433.
9428.
9424.
9419.
9414.
9410.
9406.
9401.
9398.
9397.
9395.
9397.
9401.
9405.
9410.
9415.
9422.
9429.
9436.
9443.
9453.
9462.
9472.
9483.
9492.
9502.
9512.
9523.
9534.
9545.
9554.
9564.
9574.
9585.
9596.
9605.
9615.
9625.
9634.
9642.
9652.
9660.
9668.
9678.
9683.
9692.
9699.
9704.
9711.
9716.
9721.
9726.
9731.
9732.
9736.
9739.
9740.
9741.
9742.
9743.
9742.
9744.
9743.
9742.
9740.
9740.
9739.
9735.
9732.
9731.
9727.
9723.
9721.
9718.
9715.
9711.
9708.
9704.
9700.
9697.
9694.
9688.
9684.
9681.
9677.
9674.
9668.
9664.
9661.
9656.
9650.
9645.
9641.
9636.
9631.
9626.
9624.
9623.
9625.
9627.
9629.
9632.
9637.
9643.
9648.
9652.
9655.
9658.
9662.
9668.
9672.
9678.
9683.
9690.
9696.
9700.
9705.
9710.
9716.
9722.
9727.
9732.
9737.
9742.
9748.
9755.
9761.
9766.
9771.
9776.
9780.
9784.
9788.
9791.
9794.
9796.
9796.
9798.
9799.
9801.
9800.
9799.
9798.
9796.
9794.
9792.
9789.
9786.
9783.
9780.
9776.
9773.
9768.
9763.
9759.
9756.
9751.
9746.
9741.
9737.
9731.
9727.
9722.
9717.
9712.
9707.
9701.
9695.
9689.
9683.
9677.
9671.
9666.
9659.
9652.
9646.
9641.
9634.
9628.
9622.
9617.
9611.
9604.
9599.
9592.
9584.
9578.
9572.
9565.
9558.
9552.
9545.
9538.
9533.
9526.
9519.
9512.
9505.
9498.
9492.
9484.
9478.
9471.
9465.
9457.
9449.
9442.
9435.
9428.
9421.
9414.
9406.
9399.
9390.
9384.
9379.
9374.
9371.
9370.
9372.
9375.
9378.
9382.
9387.
9391.
9396.
9400.
9405.
9408.
9409.
9410.
9409.
9408.
9408.
9406.
9406.
9403.
9404.
9403.
9402.
9403.
9403.
9404.
9405.
9406.
9407.
9408.
9410.
9411.
9412.
9413.
9416.
9417.
9419.
9422.
9424.
9426.
9428.
9431.
9434.
9436.
9440.
9442.
9445.
9447.
9451.
9454.
9457.
9458.
9464.
9466.
9468.
9471.
9472.
9476.
9479.
9481.
9483.
9486.
9487.
9489.
9490.
9491.
9492.
9492.
9492.
9492.
9491.
9490.
9489.
9488.
9484.
9480.
9474.
9462.
9446.
9421.
9394.
9363.
9333.
9305.
9279.
9255.
9233.
9215.
9201.
9191.
9184.
9178.
9172.
9168.
9164.
9159.
9154.
9150.
9144.
9139.
9132.
9127.
9122.
9115.
9109.
9103.
9096.
9090.
9083.
9078.
9070.
9065.
9058.
9051.
9045.
9038.
9032.
9024.
9017.
9009.
9003.
8997.
8989.
8981.
8974.
8967.
8960.
8952.
8945.
8939.
8932.
8925.
8917.
8910.
8904.
8897.
8889.
8883.
8877.
8870.
8863.
8858.
8852.
8845.
8840.
8833.
8826.
8821.
8815.
8810.
8805.
8799.
8793.
8788.
8778.
8763.
8744.
8720.
8693.
8663.
8631.
8599.
8567.
8537.
8508.
8479.
8451.
8423.
8395.
8369.
8346.
8325.
8308.
8295.
8284.
8274.
8263.
8253.
8243.
8232.
8224.
8214.
8205.
8194.
8184.
8174.
8165.
8155.
8144.
8135.
8124.
8114.
8103.
8092.
8081.
8070.
8060.
8049.
8038.
8027.
8018.
8006.
7996.
7985.
7974.
7963.
7951.
7941.
7931.
7920.
7909.
7898.
7888.
7877.
7868.
7858.
7848.
7839.
7829.
7819.
7808.
7800.
7791.
7782.
7773.
7763.
7754.
7745.
7738.
7730.
7723.
7715.
7707.
7699.
7693.
7685.
7678.
7672.
7665.
7659.
7653.
7646.
7642.
7636.
7631.
7626.
7621.
7616.
7611.
7607.
7603.
7598.
7594.
7590.
7586.
7582.
7579.
7576.
7572.
7569.
7567.
7564.
7560.
7558.
7556.
7553.
7552.
7550.
7548.
7545.
7543.
7541.
7540.
7537.
7537.
7533.
7531.
7529.
7527.
7524.
7518.
7509.
7495.
7476.
7455.
7432.
7409.
7385.
7359.
7332.
7307.
7280.
7254.
7230.
7207.
7183.
7160.
7136.
7112.
7088.
7064.
7039.
7017.
6995.
6974.
6954.
6935.
6917.
6898.
6882.
6865.
6848.
6829.
6813.
6796.
6781.
6767.
6752.
6737.
6726.
6712.
6699.
6688.
6677.
6664.
6652.
6642.
6631.
6619.
6610.
6598.
6589.
6579.
6569.
6559.
6551.
6542.
6533.
6524.
6516.
6507.
6501.
6494.
6487.
6479.
6473.
6468.
6462.
6455.
6451.
6448.
6443.
6440.
6436.
6433.
6429.
6427.
6425.
6422.
6421.
6420.
6419.
6419.
6417.
6417.
6417.
6416.
6417.
6417.
6419.
6418.
6420.
6421.
6421.
6422.
6424.
6425.
6426.
6428.
6430.
6431.
6433.
6436.
6438.
6441.
6442.
6445.
6448.
6451.
6453.
6457.
6458.
6463.
6465.
6467.
6473.
6475.
6478.
6481.
6484.
6487.
6487.
6486.
6481.
6471.
6459.
6445.
6427.
6410.
6389.
6367.
6345.
6323.
6299.
6277.
6254.
6229.
6205.
6182.
6157.
6133.
6112.
6091.
6071.
6053.
6036.
6023.
6008.
5997.
5986.
5974.
5964.
5954.
5943.
5933.
5923.
5913.
5903.
5895.
5886.
5878.
5869.
5861.
5853.
5845.
5837.
5828.
5822.
5814.
5808.
5802.
5797.
5791.
5787.
5783.
5779.
5775.
5772.
5772.
5769.
5768.
5768.
5767.
5767.
5767.
5769.
5770.
5772.
5774.
5777.
5780.
5783.
5787.
5789.
5792.
5795.
5798.
5801.
5805.
5810.
5813.
5817.
5821.
5826.
5829.
5834.
5838.
5842.
5846.
5849.
5851.
5849.
5844.
5835.
5823.
5809.
5795.
5779.
5763.
5746.
5727.
5708.
5687.
5667.
5647.
5626.
5607.
5586.
5565.
5545.
5525.
5509.
5493.
5479.
5467.
5458.
5448.
5441.
5433.
5425.
5418.
5412.
5405.
5399.
5393.
5387.
5383.
5378.
5373.
5369.
5365.
5361.
5358.
5355.
5354.
5352.
5351.
5348.
5348.
5348.
5349.
5349.
5351.
5352.
5354.
5355.
5359.
5361.
5365.
5369.
5373.
5377.
5382.
5387.
5391.
5396.
5401.
5404.
5409.
5413.
5417.
5422.
5426.
5430.
5432.
5431.
5429.
5424.
5417.
5408.
5398.
5387.
5375.
5361.
5347.
5331.
5316.
5301.
5285.
5270.
5254.
5240.
5223.
5206.
5192.
5176.
5162.
5148.
5131.
5117.
5104.
5092.
5081.
5069.
5060.
5050.
5040.
5031.
5022.
5014.
5008.
5002.
4994.
4989.
4984.
4979.
4975.
4972.
4970.
4968.
4968.
4967.
4967.
4969.
4971.
4972.
4975.
4978.
4981.
4984.
4987.
4991.
4996.
4999.
5003.
5007.
5011.
5016.
5022.
5027.
5033.
5039.
5044.
5049.
5051.
5053.
5050.
5047.
5043.
5037.
5032.
5025.
5018.
5010.
5003.
4997.
4991.
4986.
4981.
4976.
4971.
4967.
4964.
4961.
4960.
4958.
4958.
4957.
4955.
4955.
4952.
4952.
4951.
4949.
4948.
4948.
4945.
4942.
4942.
4940.
4939.
4938.
4938.
4939.
4940.
4941.
4941.
4943.
4942.
4942.
4942.
4944.
4946.
4948.
4950.
4952.
4955.
4957.
4960.
4964.
4967.
4969.
4973.
4977.
4982.
4986.
4991.
4996.
5001.
5006.
5011.
5018.
5025.
5029.
5037.
5042.
5048.
5053.
5060.
5067.
5073.
5080.
5086.
5093.
5099.
5106.
5113.
5121.
5126.
5133.
5140.
5147.
5154.
5162.
5169.
5177.
5183.
5190.
5198.
5204.
5212.
5219.
5226.
5234.
5241.
5248.
5256.
5263.
5271.
5278.
5285.
5293.
5299.
5305.
5313.
5321.
5327.
5334.
5340.
5348.
5355.
5361.
5367.
5374.
5379.
5387.
5393.
5401.
5407.
5414.
5419.
5425.
5433.
5438.
5444.
5450.
5457.
5463.
5469.
5476.
5482.
5489.
5496.
5502.
5508.
5514.
5521.
5526.
5532.
5537.
5542.
5548.
5553.
5557.
5561.
5565.
5568.
5573.
5576.
5578.
5582.
5584.
5586.
5588.
5591.
5595.
5597.
5599.
5602.
5604.
5607.
5610.
5613.
5616.
5618.
5621.
5625.
5629.
5634.
5639.
5643.
5646.
5650.
5654.
5659.
5662.
5666.
5669.
5674.
5678.
5684.
5688.
5693.
5697.
5703.
5708.
5713.
5718.
5724.
5731.
5737.
5744.
5749.
5754.
5760.
5766.
5770.
5773.
5777.
5779.
5783.
5786.
5789.
5792.
5794.
5795.
5800.
5802.
5806.
5808.
5811.
5815.
5818.
5819.
5822.
5824.
5826.
5828.
5829.
5831.
5831.
5832.
5833.
5835.
5834.
5835.
5833.
5833.
5832.
5832.
5830.
5830.
5829.
5831.
5834.
5839.
5845.
5854.
5862.
5870.
5879.
5889.
5898.
5909.
5918.
5927.
5936.
5945.
5953.
5961.
5971.
5982.
5991.
6002.
6012.
6024.
6035.
6049.
6060.
6072.
6084.
6094.
6106.
6116.
6128.
6139.
6148.
6158.
6166.
6175.
6182.
6190.
6198.
6205.
6212.
6220.
6228.
6235.
6241.
6250.
6258.
6266.
6275.
6281.
6290.
6297.
6306.
6314.
6322.
6331.
6340.
6348.
6356.
6366.
6375.
6383.
6392.
6401.
6410.
6420.
6430.
6443.
6460.
6482.
6505.
6532.
6560.
6590.
6623.
6655.
6687.
6722.
6753.
6785.
6814.
6842.
6868.
6893.
6916.
6936.
6955.
6971.
6987.
7000.
7012.
7025.
7038.
7050.
7062.
7072.
7084.
7094.
7106.
7117.
7128.
7138.
7150.
7162.
7173.
7184.
7195.
7205.
7217.
7227.
7237.
7248.
7258.
7269.
7281.
7292.
7302.
7311.
7321.
7331.
7340.
7350.
7358.
7367.
7376.
7384.
7392.
7400.
7408.
7415.
7422.
7428.
7434.
7440.
7444.
7451.
7456.
7460.
7465.
7468.
7473.
7475.
7479.
7484.
7487.
7491.
7494.
7498.
7501.
7505.
7510.
7512.
7517.
7521.
7524.
7529.
7533.
7536.
7540.
7544.
7548.
7551.
7554.
7557.
7561.
7564.
7568.
7574.
7582.
7590.
7597.
7604.
7611.
7618.
7626.
7634.
7642.
7648.
7654.
7661.
7668.
7674.
7681.
7687.
7693.
7701.
7711.
7720.
7730.
7739.
7749.
7759.
7769.
7779.
7791.
7802.
7814.
7827.
7841.
7854.
7868.
7882.
7895.
7909.
7923.
7938.
7953.
7969.
7985.
8000.
8017.
8031.
8046.
8062.
8078.
8095.
8110.
8127.
8143.
8158.
8172.
8187.
8201.
8215.
8229.
8243.
8255.
8265.
8278.
8290.
8299.
8308.
8319.
8327.
8337.
8346.
8353.
8362.
8369.
8378.
8385.
8391.
8397.
8403.
8408.
8414.
8417.
8423.
8425.
8429.
8431.
8434.
8437.
8439.
8441.
8443.
8447.
8448.
8450.
8452.
8454.
8458.
8460.
8466.
8472.
8478.
8486.
8493.
8500.
8509.
8519.
8529.
8539.
8551.
8562.
8573.
8586.
8598.
8610.
8622.
8632.
8644.
8655.
8665.
8675.
8685.
8697.
8707.
8718.
8729.
8742.
8753.
8765.
8776.
8789.
8800.
8810.
8822.
8832.
8844.
8855.
8866.
8877.
8887.
8898.
8908.
8919.
8930.
8940.
8951.
8962.
8972.
8982.
8992.
9001.
9009.
9017.
9025.
9031.
9037.
9042.
9047.
9050.
9053.
9055.
9056.
9057.
9059.
9060.
9059.
9060.
9060.
9059.
9059.
9058.
9058.
9057.
9055.
9054.
9051.
9049.
9047.
9046.
9043.
9041.
9038.
9035.
9032.
9030.
9029.
9026.
9025.
9026.
9029.
9036.
9042.
9049.
9055.
9063.
9071.
9081.
9089.
9097.
9105.
9114.
9125.
9134.
9144.
9152.
9163.
9172.
9179.
9188.
9198.
9207.
9215.
9223.
9232.
9243.
9252.
9259.
9267.
9277.
9285.
9291.
9300.
9306.
9312.
9320.
9326.
9332.
9337.
9343.
9347.
9353.
9356.
9361.
9364.
9367.
9370.
9371.
9372.
9374.
9373.
9374.
9374.
9373.
9373.
9372.
9371.
9369.
9368.
9365.
9363.
9361.
9358.
9355.
9352.
9349.
9347.
9343.
9339.
9336.
9334.
9329.
9325.
9324.
9321.
9321.
9323.
9328.
9333.
9340.
9345.
9352.
9358.
9365.
9376.
9385.
9393.
9401.
9408.
9417.
9427.
9435.
9442.
9451.
9458.
9466.
9471.
9479.
9487.
9494.
9501.
9508.
9515.
9520.
9525.
9531.
9536.
9543.
9547.
9553.
9557.
9559.
9564.
9569.
9573.
9577.
9580.
9583.
9588.
9591.
9593.
9596.
9599.
9601.
9603.
9606.
9606.
9607.
9609.
9610.
9611.
9611.
9612.
9611.
9611.
9612.
9612.
9612.
9611.
9612.
9614.
9612.
9613.
9614.
9615.
9616.
9617.
9618.
9619.
9622.
9622.
9624.
9626.
9628.
9632.
9632.
9636.
9638.
9641.
9643.
9646.
9650.
9652.
9655.
9658.
9660.
9663.
9666.
9669.
9671.
9674.
9676.
9678.
9679.
9679.
9681.
9682.
9682.
9681.
9680.
9679.
9678.
9676.
9674.
9671.
9669.
9667.
9665.
9663.
9661.
9661.
9661.
9662.
9664.
9665.
9667.
9668.
9669.
9671.
9672.
9676.
9678.
9678.
9680.
9682.
9684.
9686.
9688.
9690.
9692.
9695.
9694.
9696.
9698.
9699.
9700.
9700.
9699.
9698.
9697.
9697.
9696.
9694.
9692.
9689.
9686.
9684.
9680.
9676.
9673.
9669.
9666.
9663.
9658.
9658.
9652.
9647.
9643.
9640.
9636.
9631.
9626.
9622.
9617.
9613.
9607.
9603.
9597.
9593.
9588.
9584.
9579.
9574.
9569.
9563.
9560.
9554.
9550.
9545.
9539.
9533.
9528.
9524.
9519.
9513.
9508.
9502.
9497.
9492.
9486.
9479.
9474.
9469.
9465.
9458.
9453.
9446.
9441.
9436.
9430.
9425.
9419.
9415.
9409.
9403.
9398.
9392.
9388.
9382.
9377.
9372.
9368.
9364.
9357.
9352.
9347.
9343.
9338.
9333.
9328.
9324.
9319.
9316.
9312.
9306.
9302.
9300.
9295.
9292.
9289.
9285.
9281.
9278.
9275.
9271.
9268.
9265.
9262.
9259.
9259.
9256.
9255.
9253.
9250.
9250.
9248.
9247.
9246.
9244.
9244.
9242.
9242.
9241.
9241.
9240.
9242.
9242.
9241.
9242.
9243.
9243.
9243.
9244.
9246.
9246.
9245.
9240.
9231.
9217.
9200.
9177.
9158.
9139.
9122.
9107.
9093.
9081.
9070.
9061.
9055.
9049.
9045.
9043.
9041.
9038.
9037.
9035.
9032.
9029.
9026.
9024.
9021.
9017.
9014.
9012.
9008.
9004.
9001.
8998.
8994.
8991.
8986.
8984.
8982.
8978.
8974.
8970.
8967.
8963.
8960.
8957.
8953.
8950.
8947.
8943.
8940.
8936.
8933.
8929.
8925.
8917.
8905.
8891.
8870.
8846.
8819.
8790.
8760.
8731.
8702.
8675.
8649.
8621.
8594.
8568.
8543.
8520.
8502.
8485.
8473.
8460.
8450.
8441.
8434.
8425.
8417.
8408.
8401.
8393.
8384.
8376.
8368.
8359.
8350.
8343.
8334.
8325.
8317.
8308.
8300.
8291.
8284.
8274.
8265.
8256.
8247.
8238.
8230.
8221.
8212.
8203.
8195.
8186.
8177.
8168.
8160.
8150.
8143.
8134.
8125.
8117.
8109.
8102.
8092.
8085.
8077.
8068.
8062.
8054.
8046.
8039.
8032.
8025.
8018.
8011.
8004.
7998.
7992.
7985.
7980.
7974.
7968.
7963.
7957.
7952.
7947.
7942.
7938.
7934.
7929.
7924.
7920.
7916.
7912.
7909.
7906.
7903.
7899.
7896.
7894.
7891.
7889.
7885.
7877.
7865.
7850.
7830.
7808.
7786.
7762.
7737.
7713.
7689.
7665.
7640.
7615.
7591.
7567.
7544.
7524.
7505.
7491.
7479.
7469.
7459.
7449.
7440.
7429.
7418.
7409.
7399.
7389.
7379.
7369.
7359.
7349.
7340.
7330.
7321.
7310.
7299.
7289.
7279.
7268.
7258.
7248.
7238.
7228.
7219.
7208.
7198.
7188.
7178.
7170.
7160.
7150.
7142.
7133.
7124.
7116.
7107.
7099.
7090.
7083.
7074.
7068.
7061.
7053.
7045.
7040.
7033.
7028.
7022.
7016.
7011.
7007.
7001.
6997.
6992.
6989.
6984.
6980.
6976.
6973.
6969.
6966.
6963.
6959.
6958.
6954.
6952.
6950.
6948.
6944.
6941.
6938.
6936.
6933.
6931.
6929.
6927.
6926.
6923.
6923.
6923.
6922.
6919.
6918.
6915.
6909.
6901.
6890.
6879.
6865.
6852.
6838.
6824.
6810.
6797.
6785.
6772.
6760.
6747.
6735.
6721.
6706.
6693.
6677.
6663.
6650.
6636.
6623.
6610.
6598.
6585.
6573.
6561.
6548.
6537.
6528.
6517.
6506.
6498.
6488.
6479.
6471.
6462.
6455.
6447.
6439.
6432.
6424.
6416.
6409.
6402.
6396.
6389.
6382.
6376.
6369.
6363.
6357.
6351.
6345.
6340.
6334.
6330.
6325.
6320.
6317.
6312.
6308.
6304.
6302.
6298.
6295.
6293.
6291.
6289.
6286.
6285.
6283.
6282.
6282.
6280.
6280.
6280.
6280.
6279.
6280.
6280.
6281.
6282.
6282.
6284.
6285.
6287.
6288.
6289.
6291.
6291.
6292.
6293.
6295.
6295.
6291.
6286.
6278.
6267.
6255.
6242.
6230.
6215.
6201.
6186.
6172.
6156.
6140.
6123.
6107.
6091.
6075.
6057.
6040.
6022.
6005.
5988.
5972.
5957.
5944.
5932.
5921.
5911.
5902.
5893.
5885.
5876.
5867.
5858.
5851.
5843.
5834.
5827.
5820.
5812.
5805.
5800.
5794.
5788.
5784.
5776.
5773.
5769.
5764.
5761.
5758.
5755.
5752.
5750.
5748.
5747.
5746.
5747.
5748.
5747.
5748.
5749.
5751.
5752.
5753.
5755.
5758.
5760.
5763.
5765.
5768.
5770.
5775.
5778.
5782.
5785.
5788.
5791.
5795.
5798.
5799.
5797.
5793.
5785.
5774.
5764.
5750.
5735.
5720.
5705.
5689.
5672.
5654.
5636.
5618.
5600.
5582.
5562.
5543.
5525.
5507.
5491.
5476.
5462.
5451.
5441.
5433.
5424.
5417.
5411.
5405.
5399.
5394.
5387.
5383.
5379.
5374.
5369.
5366.
5362.
5358.
5358.
5354.
5352.
5352.
5351.
5350.
5350.
5349.
5351.
5354.
5354.
5356.
5357.
5359.
5362.
5365.
5369.
5373.
5377.
5382.
5386.
5390.
5396.
5401.
5407.
5412.
5418.
5423.
5430.
5433.
5440.
5444.
5449.
5454.
5458.
5462.
5464.
5466.
5467.
5466.
5462.
5455.
5447.
5440.
5432.
5421.
5410.
5398.
5386.
5371.
5358.
5345.
5332.
5319.
5304.
5292.
5278.
5264.
5252.
5239.
5226.
5213.
5199.
5186.
5173.
5162.
5151.
5141.
5133.
5123.
5115.
5108.
5101.
5095.
5089.
5085.
5082.
5076.
5075.
5074.
5075.
5075.
5075.
5077.
5079.
5080.
5082.
5083.
5087.
5091.
5093.
5097.
5101.
5103.
5108.
5114.
5118.
5123.
5128.
5133.
5138.
5144.
5149.
5156.
5163.
5167.
5174.
5179.
5185.
5192.
5198.
5206.
5213.
5221.
5230.
5237.
5246.
5254.
5262.
5269.
5279.
5287.
5296.
5304.
5311.
5317.
5318.
5317.
5312.
5305.
5297.
5290.
5280.
5272.
5261.
5251.
5239.
5227.
5213.
5203.
5192.
5183.
5172.
5162.
5154.
5145.
5138.
5131.
5125.
5118.
5114.
5108.
5104.
5101.
5098.
5092.
5089.
5086.
5083.
5080.
5078.
5075.
5071.
5069.
5068.
5065.
5065.
5063.
5062.
5062.
5061.
5060.
5060.
5060.
5061.
5062.
5063.
5064.
5065.
5067.
5070.
5072.
5073.
5075.
5078.
5080.
5083.
5086.
5091.
5094.
5098.
5103.
5108.
5112.
5118.
5121.
5126.
5131.
5135.
5141.
5144.
5151.
5155.
5160.
5165.
5170.
5175.
5181.
5186.
5192.
5197.
5204.
5209.
5214.
5220.
5226.
5231.
5237.
5244.
5249.
5256.
5263.
5268.
5274.
5281.
5287.
5292.
5299.
5305.
5312.
5317.
5325.
5330.
5337.
5345.
5352.
5357.
5364.
5369.
5376.
5383.
5390.
5396.
5405.
5410.
5415.
5423.
5430.
5436.
5443.
5449.
5458.
5464.
5472.
5478.
5484.
5490.
5497.
5504.
5511.
5517.
5523.
5531.
5537.
5545.
5552.
5558.
5564.
5570.
5577.
5584.
5590.
5595.
5602.
5609.
5615.
5620.
5625.
5630.
5635.
5642.
5647.
5653.
5657.
5663.
5667.
5673.
5677.
5681.
5686.
5690.
5695.
5699.
5704.
5707.
5712.
5718.
5723.
5727.
5733.
5737.
5741.
5745.
5750.
5753.
5758.
5761.
5765.
5770.
5773.
5777.
5782.
5787.
5792.
5795.
5797.
5800.
5803.
5806.
5807.
5809.
5810.
5812.
5813.
5815.
5817.
5819.
5821.
5824.
5828.
5833.
5838.
5843.
5848.
5853.
5861.
5868.
5875.
5884.
5893.
5902.
5907.
5914.
5920.
5928.
5936.
5944.
5952.
5958.
5966.
5973.
5983.
5991.
5999.
6008.
6015.
6022.
6031.
6037.
6044.
6050.
6056.
6061.
6068.
6072.
6077.
6083.
6087.
6091.
6095.
6100.
6105.
6109.
6114.
6118.
6123.
6127.
6132.
6137.
6141.
6145.
6148.
6152.
6156.
6160.
6164.
6167.
6170.
6175.
6177.
6181.
6185.
6187.
6191.
6194.
6197.
6199.
6202.
6205.
6207.
6209.
6212.
6214.
6215.
6217.
6217.
6220.
6222.
6223.
6224.
6225.
6227.
6228.
6228.
6229.
6231.
6232.
6233.
6234.
6236.
6239.
6247.
6256.
6268.
6283.
6299.
6317.
6334.
6351.
6367.
6383.
6400.
6415.
6430.
6444.
6460.
6476.
6494.
6514.
6534.
6553.
6571.
6591.
6612.
6630.
6650.
6670.
6688.
6705.
6720.
6736.
6750.
6760.
6773.
6785.
6796.
6806.
6816.
6827.
6837.
6847.
6856.
6866.
6876.
6885.
6895.
6905.
6915.
6925.
6936.
6944.
6954.
6964.
6975.
6985.
6994.
7004.
7014.
7024.
7035.
7046.
7056.
7066.
7077.
7088.
7098.
7109.
7120.
7131.
7141.
7152.
7163.
7174.
7185.
7195.
7205.
7216.
7226.
7233.
7244.
7254.
7263.
7271.
7280.
7289.
7296.
7304.
7311.
7319.
7327.
7339.
7354.
7372.
7393.
7417.
7442.
7470.
7498.
7526.
7553.
7582.
7609.
7637.
7663.
7690.
7714.
7739.
7762.
7781.
7799.
7815.
7829.
7842.
7852.
7863.
7872.
7882.
7892.
7902.
7910.
7919.
7926.
7936.
7941.
7949.
7956.
7963.
7969.
7976.
7982.
7988.
7993.
7999.
8005.
8011.
8014.
8020.
8025.
8029.
8033.
8037.
8041.
8045.
8048.
8050.
8053.
8056.
8059.
8061.
8063.
8065.
8067.
8069.
8071.
8072.
8073.
8075.
8078.
8079.
8080.
8083.
8084.
8087.
8091.
8095.
8101.
8108.
8115.
8121.
8128.
8134.
8143.
8151.
8159.
8165.
8173.
8182.
8192.
8201.
8211.
8223.
8234.
8246.
8259.
8271.
8284.
8298.
8313.
8327.
8345.
8360.
8375.
8391.
8407.
8424.
8441.
8457.
8473.
8490.
8504.
8521.
8534.
8548.
8562.
8576.
8588.
8601.
8613.
8623.
8634.
8643.
8654.
8663.
8672.
8680.
8688.
8695.
8703.
8709.
8715.
8721.
8726.
8732.
8736.
8740.
8744.
8748.
8752.
8754.
8756.
8758.
8759.
8759.
8760.
8760.
8761.
8761.
8762.
8761.
8762.
8761.
8760.
8759.
8759.
8758.
8757.
8755.
8754.
8754.
8752.
8750.
8748.
8745.
8743.
8740.
8739.
8738.
8735.
8733.
8731.
8728.
8727.
8727.
8727.
8730.
8734.
8739.
8747.
8752.
8762.
8770.
8778.
8787.
8797.
8808.
8818.
8830.
8841.
8852.
8863.
8875.
8886.
8897.
8909.
8920.
8933.
8944.
8955.
8968.
8980.
8992.
9002.
9013.
9023.
9034.
9044.
9054.
9065.
9076.
9086.
9095.
9105.
9115.
9124.
9133.
9141.
9147.
9153.
9159.
9164.
9169.
9172.
9178.
9182.
9186.
9188.
9191.
9195.
9196.
9198.
9200.
9201.
9201.
9202.
9203.
9203.
9202.
9201.
9201.
9200.
9198.
9196.
9195.
9192.
9190.
9187.
9184.
9183.
9177.
9174.
9171.
9168.
9165.
9162.
9158.
9155.
9152.
9150.
9147.
9145.
9142.
9141.
9138.
9136.
9133.
9132.
9132.
9131.
9130.
9134.
9135.
9138.
9142.
9147.
9154.
9160.
9167.
9171.
9178.
9187.
9196.
9204.
9213.
9223.
9233.
9241.
9250.
9259.
9270.
9280.
9290.
9300.
9310.
9320.
9329.
9339.
9347.
9356.
9363.
9369.
9376.
9382.
9389.
9393.
9398.
9403.
9407.
9409.
9412.
9416.
9417.
9420.
9422.
9422.
9424.
9425.
9426.
9426.
9427.
9426.
9424.
9424.
9425.
9423.
9421.
9419.
9416.
9414.
9411.
9409.
9406.
9403.
9400.
9396.
9392.
9387.
9384.
9380.
9376.
9372.
9367.
9363.
9358.
9355.
9350.
9345.
9340.
9336.
9330.
9326.
9320.
9316.
9311.
9306.
9301.
9297.
9291.
9286.
9280.
9276.
9269.
9265.
9261.
9259.
9262.
9266.
9273.
9283.
9292.
9304.
9316.
9327.
9339.
9351.
9363.
9376.
9388.
9402.
9414.
9428.
9441.
9455.
9467.
9481.
9494.
9507.
9520.
9531.
9541.
9550.
9559.
9566.
9573.
9578.
9583.
9587.
9592.
9594.
9597.
9599.
9599.
9600.
9602.
9602.
9603.
9603.
9602.
9602.
9602.
9599.
9598.
9598.
9598.
9595.
9592.
9589.
9587.
9584.
9581.
9577.
9574.
9570.
9565.
9562.
9557.
9554.
9551.
9547.
9542.
9536.
9533.
9527.
9523.
9518.
9514.
9508.
9504.
9499.
9494.
9488.
9483.
9479.
9473.
9468.
9462.
9457.
9453.
9447.
9440.
9435.
9429.
9424.
9417.
9411.
9405.
9399.
9392.
9386.
9380.
9374.
9367.
9361.
9355.
9350.
9346.
9341.
9337.
9332.
9328.
9324.
9320.
9315.
9313.
9309.
9305.
9301.
9297.
9295.
9291.
9287.
9284.
9280.
9276.
9273.
9269.
9262.
9257.
9251.
9246.
9239.
9234.
9230.
9223.
9216.
9210.
9203.
9197.
9189.
9182.
9174.
9167.
9160.
9154.
9149.
9145.
9141.
9136.
9133.
9129.
9126.
9122.
9120.
9116.
9113.
9110.
9108.
9104.
9100.
9099.
9096.
9092.
9089.
9087.
9084.
9082.
9080.
9077.
9075.
9072.
9070.
9068.
9066.
9063.
9061.
9057.
9050.
9037.
9021.
9000.
8978.
8952.
8927.
8902.
8879.
8857.
8838.
8821.
8810.
8800.
8793.
8788.
8783.
8778.
8773.
8769.
8762.
8757.
8752.
8746.
8742.
8736.
8731.
8725.
8720.
8713.
8707.
8701.
8696.
8690.
8683.
8679.
8672.
8666.
8660.
8654.
8649.
8643.
8636.
8631.
8626.
8618.
8613.
8609.
8603.
8597.
8593.
8586.
8581.
8575.
8569.
8564.
8560.
8553.
8549.
8544.
8538.
8533.
8529.
8524.
8519.
8516.
8510.
8505.
8502.
8498.
8495.
8489.
8485.
8481.
8477.
8474.
8470.
8466.
8463.
8460.
8455.
8453.
8449.
8447.
8443.
8439.
8438.
8434.
8433.
8431.
8427.
8421.
8412.
8398.
8380.
8357.
8332.
8305.
8277.
8250.
8224.
8197.
8174.
8149.
8125.
8101.
8078.
8056.
8038.
8023.
8011.
8001.
7993.
7984.
7975.
7966.
7958.
7951.
7941.
7933.
7924.
7915.
7907.
7898.
7891.
7881.
7872.
7864.
7855.
7846.
7837.
7827.
7819.
7809.
7801.
7792.
7781.
7773.
7764.
7755.
7746.
7735.
7727.
7719.
7710.
7700.
7690.
7682.
7673.
7664.
7656.
7647.
7639.
7629.
7621.
7614.
7606.
7599.
7591.
7583.
7577.
7569.
7562.
7555.
7549.
7543.
7537.
7532.
7526.
7522.
7515.
7512.
7507.
7502.
7499.
7495.
7491.
7488.
7484.
7479.
7477.
7472.
7467.
7458.
7445.
7428.
7408.
7387.
7364.
7342.
7319.
7294.
7270.
7246.
7222.
7196.
7171.
7146.
7122.
7097.
7074.
7053.
7034.
7017.
7002.
6989.
6978.
6966.
6955.
6945.
6934.
6924.
6914.
6904.
6895.
6884.
6874.
6864.
6853.
6845.
6835.
6825.
6815.
6806.
6796.
6787.
6778.
6768.
6759.
6750.
6742.
6734.
6725.
6718.
6709.
6701.
6694.
6686.
6680.
6673.
6666.
6660.
6655.
6650.
6645.
6641.
6636.
6631.
6627.
6625.
6621.
6618.
6615.
6611.
6610.
6608.
6607.
6605.
6604.
6603.
6602.
6602.
6601.
6601.
6602.
6602.
6602.
6603.
6603.
6603.
6604.
6606.
6608.
6609.
6608.
6610.
6611.
6614.
6616.
6616.
6619.
6620.
6619.
6618.
6611.
6601.
6589.
6574.
6557.
6540.
6519.
6500.
6479.
6458.
6435.
6413.
6389.
6365.
6342.
6318.
6295.
6271.
6250.
6229.
6212.
6197.
6184.
6172.
6160.
6148.
6137.
6126.
6116.
6106.
6095.
6085.
6076.
6066.
6057.
6047.
6040.
6032.
6023.
6014.
6006.
5999.
5991.
5983.
5976.
5970.
5964.
5958.
5952.
5947.
5943.
5939.
5935.
5932.
5929.
5926.
5924.
5922.
5920.
5921.
5920.
5919.
5919.
5920.
5920.
5923.
5924.
5925.
5927.
5930.
5930.
5933.
5936.
5940.
5943.
5945.
5948.
5952.
5955.
5958.
5961.
5965.
5969.
5972.
5976.
5979.
5983.
5986.
5988.
5989.
5988.
5982.
5972.
5961.
5947.
5932.
5917.
5900.
5881.
5860.
5838.
5815.
5794.
5771.
5749.
5727.
5705.
5682.
5660.
5639.
5619.
5599.
5580.
5562.
5545.
5529.
5513.
5499.
5487.
5475.
5465.
5455.
5445.
5438.
5430.
5423.
5417.
5412.
5408.
5402.
5398.
5395.
5390.
5388.
5385.
5383.
5382.
5382.
5383.
5384.
5385.
5387.
5388.
5390.
5394.
5396.
5398.
5400.
5404.
5406.
5411.
5415.
5419.
5424.
5428.
5433.
5437.
5443.
5448.
5453.
5458.
5464.
5469.
5473.
5480.
5484.
5489.
5495.
5501.
5507.
5511.
5518.
5523.
5528.
5534.
5538.
5540.
5539.
5536.
5530.
5522.
5512.
5502.
5492.
5478.
5465.
5451.
5437.
5423.
5412.
5399.
5385.
5373.
5361.
5350.
5337.
5327.
5318.
5307.
5298.
5288.
5278.
5268.
5258.
5247.
5237.
5227.
5219.
5209.
5200.
5191.
5183.
5175.
5168.
5160.
5154.
5148.
5141.
5137.
5133.
5127.
5122.
5120.
5118.
5115.
5113.
5111.
5110.
5109.
5109.
5109.
5110.
5112.
5114.
5116.
5120.
5124.
5127.
5132.
5136.
5140.
5145.
5150.
5156.
5162.
5166.
5173.
5179.
5185.
5190.
5197.
5203.
5209.
5216.
5222.
5228.
5234.
5238.
5243.
5245.
5246.
5247.
5246.
5243.
5241.
5238.
5235.
5230.
5225.
5221.
5218.
5217.
5215.
5214.
5213.
5211.
5209.
5207.
5203.
5201.
5198.
5195.
5192.
5191.
5189.
5187.
5187.
5185.
5184.
5182.
5181.
5180.
5179.
5179.
5178.
5177.
5177.
5175.
5174.
5174.
5173.
5173.
5173.
5175.
5175.
5176.
5177.
5178.
5180.
5181.
5182.
5185.
5188.
5189.
5192.
5194.
5197.
5201.
5205.
5208.
5212.
5215.
5219.
5224.
5228.
5232.
5237.
5241.
5246.
5250.
5255.
5259.
5263.
5268.
5272.
5277.
5281.
5286.
5291.
5295.
5301.
5306.
5310.
5314.
5319.
5324.
5326.
5329.
5333.
5336.
5337.
5340.
5341.
5342.
5344.
5344.
5346.
5347.
5348.
5349.
5350.
5350.
5351.
5351.
5351.
5352.
5351.
5352.
5352.
5351.
5352.
5352.
5354.
5355.
5356.
5359.
5361.
5364.
5366.
5369.
5372.
5375.
5379.
5383.
5387.
5389.
5394.
5398.
5404.
5407.
5412.
5416.
5421.
5424.
5428.
5433.
5438.
5442.
5446.
5451.
5456.
5460.
5464.
5470.
5474.
5479.
5484.
5489.
5495.
5500.
5505.
5508.
5514.
5519.
5523.
5526.
5529.
5533.
5537.
5540.
5543.
5547.
5551.
5555.
5558.
5561.
5565.
5567.
5571.
5575.
5577.
5581.
5585.
5589.
5591.
5594.
5598.
5601.
5604.
5606.
5610.
5612.
5615.
5618.
5621.
5623.
5626.
5628.
5631.
5632.
5634.
5636.
5638.
5641.
5643.
5644.
5646.
5648.
5650.
5653.
5653.
5655.
5656.
5658.
5659.
5662.
5662.
5663.
5666.
5669.
5673.
5681.
5690.
5704.
5718.
5735.
5753.
5767.
5783.
5799.
5813.
5825.
5837.
5848.
5858.
5868.
5877.
5884.
5893.
5901.
5906.
5913.
5918.
5924.
5929.
5935.
5939.
5945.
5950.
5955.
5961.
5968.
5974.
5985.
5997.
6012.
6031.
6053.
6078.
6104.
6131.
6158.
6185.
6211.
6238.
6262.
6287.
6312.
6333.
6352.
6369.
6386.
6400.
6412.
6424.
6434.
6445.
6454.
6463.
6474.
6483.
6493.
6502.
6511.
6520.
6529.
6538.
6548.
6557.
6567.
6576.
6586.
6595.
6605.
6614.
6624.
6633.
6642.
6651.
6662.
6671.
6681.
6691.
6701.
6711.
6721.
6731.
6741.
6751.
6760.
6770.
6779.
6789.
6798.
6809.
6819.
6829.
6837.
6848.
6856.
6866.
6876.
6884.
6893.
6904.
6911.
6919.
6926.
6935.
6943.
6951.
6957.
6964.
6971.
6978.
6985.
6991.
6997.
7003.
7009.
7017.
7022.
7029.
7032.
7040.
7046.
7055.
7060.
7067.
7074.
7081.
7087.
7093.
7099.
7104.
7110.
7117.
7121.
7128.
7134.
7142.
7148.
7157.
7165.
7174.
7182.
7189.
7195.
7203.
7206.
7211.
7216.
7222.
7228.
7233.
7238.
7243.
7248.
7253.
7259.
7265.
7270.
7276.
7283.
7289.
7296.
7303.
7310.
7319.
7326.
7335.
7344.
7353.
7362.
7372.
7381.
7390.
7401.
7411.
7422.
7433.
7444.
7455.
7467.
7479.
7491.
7502.
7512.
7522.
7532.
7542.
7552.
7561.
7568.
7577.
7585.
7593.
7600.
7606.
7615.
7621.
7628.
7636.
7644.
7651.
7656.
7664.
7670.
7678.