5210.
5207.
5200.
5193.
5185.
5177.
5168.
5157.
5143.
5130.
5119.
5106.
5094.
5082.
5073.
5063.
5056.
5049.
5045.
5043.
5042.
5040.
5040.
5038.
5038.
5037.
5037.
5035.
5034.
5033.
5032.
5030.
5030.
5029.
5029.
5028.
5026.
5024.
5022.
5022.
5021.
5020.
5020.
5019.
5017.
5015.
5016.
5015.
5016.
5015.
5016.
5017.
5016.
5018.
5019.
5020.
5023.
5024.
5025.
5027.
5029.
5031.
5033.
5036.
5040.
5042.
5047.
5051.
5054.
5059.
5063.
5067.
5071.
5075.
5080.
5085.
5091.
5095.
5101.
5107.
5112.
5118.
5123.
5129.
5134.
5139.
5146.
5152.
5157.
5164.
5169.
5176.
5182.
5187.
5193.
5201.
5206.
5211.
5212.
5212.
5210.
5204.
5200.
5192.
5185.
5178.
5170.
5163.
5155.
5148.
5141.
5135.
5130.
5126.
5122.
5120.
5119.
5118.
5118.
5118.
5116.
5116.
5114.
5113.
5112.
5110.
5109.
5107.
5104.
5103.
5101.
5099.
5097.
5095.
5093.
5092.
5088.
5089.
5086.
5084.
5082.
5081.
5080.
5079.
5077.
5076.
5074.
5072.
5072.
5070.
5070.
5067.
5067.
5068.
5067.
5067.
5067.
5067.
5067.
5068.
5069.
5070.
5071.
5072.
5074.
5076.
5078.
5080.
5083.
5085.
5087.
5091.
5093.
5096.
5099.
5103.
5107.
5109.
5114.
5120.
5123.
5127.
5133.
5137.
5142.
5146.
5151.
5156.
5161.
5167.
5173.
5179.
5184.
5189.
5195.
5201.
5206.
5211.
5218.
5224.
5230.
5236.
5242.
5249.
5255.
5261.
5267.
5272.
5272.
5271.
5267.
5259.
5250.
5241.
5234.
5223.
5212.
5201.
5188.
5177.
5162.
5149.
5135.
5122.
5110.
5100.
5090.
5083.
5077.
5073.
5069.
5067.
5064.
5063.
5061.
5059.
5057.
5054.
5052.
5050.
5048.
5046.
5044.
5042.
5039.
5036.
5035.
5032.
5030.
5029.
5027.
5025.
5025.
5023.
5022.
5020.
5018.
5017.
5016.
5016.
5015.
5015.
5016.
5015.
5014.
5016.
5017.
5019.
5020.
5021.
5022.
5025.
5027.
5031.
5034.
5037.
5040.
5044.
5049.
5052.
5055.
5060.
5064.
5070.
5074.
5079.
5083.
5089.
5094.
5100.
5105.
5110.
5116.
5121.
5128.
5133.
5139.
5146.
5152.
5159.
5165.
5171.
5178.
5184.
5191.
5197.
5203.
5210.
5218.
5223.
5231.
5236.
5239.
5239.
5234.
5228.
5220.
5211.
5200.
5189.
5177.
5165.
5151.
5139.
5123.
5112.
5099.
5087.
5077.
5069.
5064.
5059.
5056.
5054.
5052.
5051.
5050.
5048.
5045.
5045.
5042.
5041.
5040.
5038.
5036.
5035.
5032.
5031.
5028.
5027.
5026.
5024.
5022.
5020.
5018.
5016.
5015.
5014.
5012.
5012.
5010.
5010.
5010.
5009.
5009.
5010.
5010.
5011.
5010.
5012.
5014.
5015.
5017.
5018.
5022.
5025.
5027.
5031.
5034.
5036.
5040.
5044.
5048.
5051.
5056.
5061.
5066.
5070.
5074.
5079.
5085.
5090.
5095.
5102.
5107.
5113.
5118.
5124.
5129.
5136.
5141.
5147.
5154.
5159.
5166.
5171.
5178.
5185.
5190.
5198.
5203.
5210.
5216.
5223.
5229.
5233.
5237.
5237.
5233.
5228.
5220.
5212.
5203.
5192.
5181.
5171.
5159.
5146.
5135.
5124.
5113.
5105.
5098.
5093.
5090.
5088.
5085.
5085.
5085.
5083.
5081.
5080.
5079.
5077.
5076.
5074.
5073.
5070.
5068.
5067.
5065.
5064.
5063.
5061.
5059.
5057.
5056.
5054.
5053.
5052.
5049.
5048.
5046.
5045.
5044.
5043.
5041.
5041.
5040.
5039.
5039.
5040.
5040.
5041.
5041.
5042.
5042.
5044.
5046.
5047.
5049.
5050.
5053.
5055.
5057.
5061.
5065.
5067.
5072.
5075.
5079.
5083.
5087.
5090.
5096.
5100.
5105.
5110.
5115.
5120.
5124.
5129.
5135.
5141.
5145.
5151.
5158.
5162.
5169.
5175.
5180.
5187.
5194.
5200.
5206.
5211.
5218.
5224.
5229.
5237.
5243.
5250.
5258.
5264.
5270.
5276.
5283.
5290.
5297.
5304.
5310.
5318.
5325.
5332.
5340.
5349.
5355.
5362.
5370.
5379.
5386.
5394.
5402.
5409.
5418.
5426.
5434.
5443.
5451.
5460.
5469.
5477.
5486.
5495.
5503.
5510.
5520.
5530.
5538.
5548.
5558.
5567.
5576.
5585.
5595.
5605.
5615.
5625.
5634.
5645.
5654.
5664.
5674.
5685.
5694.
5705.
5715.
5725.
5734.
5744.
5755.
5765.
5776.
5786.
5795.
5806.
5816.
5826.
5836.
5847.
5857.
5867.
5877.
5885.
5896.
5907.
5917.
5927.
5937.
5947.
5957.
5967.
5976.
5986.
5996.
6005.
6016.
6025.
6034.
6043.
6053.
6061.
6070.
6079.
6088.
6097.
6105.
6115.
6122.
6130.
6138.
6146.
6154.
6161.
6170.
6177.
6184.
6190.
6198.
6205.
6212.
6218.
6225.
6233.
6239.
6245.
6251.
6257.
6262.
6268.
6275.
6279.
6284.
6289.
6295.
6301.
6307.
6311.
6316.
6320.
6326.
6330.
6334.
6338.
6342.
6347.
6351.
6354.
6357.
6361.
6365.
6369.
6373.
6376.
6380.
6383.
6387.
6390.
6391.
6395.
6397.
6399.
6403.
6407.
6409.
6411.
6413.
6416.
6419.
6420.
6423.
6424.
6427.
6429.
6432.
6433.
6436.
6437.
6439.
6441.
6442.
6446.
6449.
6456.
6467.
6479.
6492.
6505.
6521.
6537.
6551.
6566.
6578.
6590.
6602.
6613.
6621.
6629.
6636.
6643.
6650.
6656.
6663.
6668.
6674.
6682.
6689.
6695.
6701.
6707.
6715.
6722.
6730.
6736.
6745.
6753.
6760.
6767.
6776.
6785.
6793.
6801.
6809.
6818.
6827.
6837.
6846.
6856.
6865.
6875.
6885.
6895.
6905.
6916.
6926.
6937.
6947.
6958.
6969.
6981.
6992.
7003.
7015.
7028.
7041.
7052.
7064.
7077.
7090.
7104.
7117.
7129.
7143.
7158.
7171.
7185.
7199.
7212.
7226.
7239.
7254.
7268.
7282.
7295.
7310.
7323.
7337.
7352.
7366.
7379.
7393.
7405.
7418.
7430.
7444.
7459.
7475.
7493.
7514.
7539.
7565.
7593.
7622.
7650.
7680.
7710.
7740.
7770.
7799.
7825.
7853.
7879.
7902.
7928.
7954.
7977.
7998.
8019.
8038.
8056.
8074.
8091.
8107.
8124.
8140.
8156.
8172.
8187.
8200.
8213.
8227.
8238.
8251.
8261.
8271.
8282.
8291.
8300.
8310.
8318.
8326.
8334.
8341.
8348.
8355.
8362.
8368.
8375.
8381.
8386.
8392.
8397.
8401.
8405.
8410.
8414.
8417.
8420.
8424.
8429.
8431.
8434.
8437.
8438.
8441.
8444.
8444.
8446.
8447.
8448.
8449.
8450.
8451.
8452.
8452.
8453.
8453.
8453.
8454.
8455.
8455.
8455.
8455.
8455.
8455.
8454.
8454.
8454.
8453.
8453.
8452.
8452.
8452.
8452.
8452.
8453.
8452.
8452.
8452.
8451.
8450.
8450.
8450.
8449.
8451.
8452.
8457.
8464.
8471.
8483.
8495.
8508.
8522.
8538.
8553.
8569.
8583.
8599.
8615.
8631.
8647.
8664.
8680.
8697.
8710.
8725.
8738.
8754.
8768.
8782.
8795.
8810.
8825.
8839.
8853.
8869.
8883.
8898.
8913.
8928.
8942.
8957.
8970.
8984.
8998.
9013.
9026.
9040.
9054.
9066.
9080.
9093.
9105.
9116.
9126.
9137.
9146.
9156.
9165.
9173.
9180.
9188.
9194.
9200.
9206.
9209.
9215.
9219.
9223.
9225.
9228.
9230.
9232.
9233.
9234.
9236.
9237.
9237.
9238.
9238.
9237.
9236.
9236.
9236.
9235.
9232.
9232.
9232.
9230.
9229.
9229.
9227.
9227.
9227.
9225.
9224.
9223.
9223.
9223.
9225.
9227.
9230.
9235.
9240.
9245.
9251.
9258.
9265.
9271.
9278.
9283.
9289.
9295.
9301.
9307.
9313.
9318.
9323.
9329.
9333.
9336.
9341.
9343.
9346.
9348.
9351.
9353.
9356.
9358.
9361.
9362.
9365.
9367.
9370.
9371.
9374.
9376.
9378.
9379.
9381.
9384.
9386.
9387.
9389.
9391.
9393.
9394.
9395.
9397.
9398.
9399.
9399.
9401.
9400.
9401.
9403.
9402.
9403.
9404.
9404.
9405.
9404.
9404.
9405.
9405.
9405.
9403.
9404.
9404.
9404.
9403.
9403.
9402.
9402.
9401.
9402.
9401.
9400.
9399.
9399.
9399.
9397.
9397.
9396.
9395.
9394.
9394.
9394.
9392.
9392.
9391.
9390.
9390.
9389.
9387.
9387.
9387.
9385.
9384.
9382.
9383.
9381.
9382.
9381.
9381.
9379.
9379.
9378.
9378.
9377.
9374.
9372.
9369.
9366.
9364.
9360.
9357.
9351.
9346.
9340.
9333.
9326.
9318.
9311.
9301.
9290.
9276.
9263.
9248.
9234.
9221.
9205.
9191.
9176.
9163.
9152.
9139.
9131.
9120.
9112.
9104.
9098.
9091.
9087.
9083.
9079.
9076.
9072.
9069.
9065.
9061.
9057.
9054.
9051.
9045.
9042.
9038.
9034.
9030.
9026.
9022.
9018.
9013.
9009.
9005.
9001.
8995.
8992.
8988.
8983.
8979.
8975.
8970.
8966.
8963.
8957.
8952.
8948.
8943.
8939.
8935.
8930.
8924.
8920.
8915.
8912.
8907.
8903.
8898.
8895.
8890.
8885.
8881.
8878.
8872.
8868.
8864.
8861.
8856.
8853.
8848.
8845.
8842.
8839.
8834.
8831.
8828.
8825.
8822.
8820.
8817.
8814.
8811.
8807.
8804.
8803.
8801.
8798.
8796.
8794.
8792.
8791.
8789.
8788.
8787.
8785.
8782.
8782.
8780.
8781.
8780.
8780.
8779.
8777.
8778.
8777.
8777.
8777.
8778.
8777.
8778.
8779.
8779.
8781.
8781.
8783.
8784.
8785.
8788.
8790.
8790.
8792.
8794.
8797.
8799.
8802.
8804.
8807.
8812.
8814.
8816.
8821.
8824.
8829.
8833.
8836.
8842.
8844.
8848.
8851.
8854.
8857.
8861.
8863.
8866.
8868.
8868.
8871.
8872.
8875.
8876.
8877.
8880.
8882.
8884.
8884.
8886.
8888.
8888.
8890.
8891.
8891.
8894.
8897.
8898.
8899.
8902.
8902.
8904.
8904.
8906.
8907.
8908.
8909.
8910.
8913.
8913.
8914.
8916.
8919.
8920.
8922.
8923.
8924.
8925.
8926.
8927.
8929.
8931.
8933.
8933.
8935.
8937.
8938.
8939.
8939.
8940.
8942.
8944.
8944.
8946.
8947.
8948.
8949.
8949.
8951.
8953.
8955.
8956.
8957.
8958.
8961.
8963.
8963.
8964.
8965.
8965.
8963.
8957.
8948.
8934.
8918.
8899.
8879.
8860.
8845.
8830.
8818.
8807.
8799.
8794.
8789.
8785.
8781.
8780.
8779.
8777.
8776.
8775.
8773.
8771.
8769.
8768.
8765.
8762.
8759.
8756.
8754.
8752.
8749.
8746.
8744.
8741.
8740.
8738.
8734.
8731.
8729.
8726.
8723.
8721.
8719.
8717.
8714.
8710.
8710.
8707.
8705.
8702.
8701.
8698.
8696.
8695.
8694.
8693.
8691.
8690.
8688.
8687.
8686.
8685.
8684.
8682.
8682.
8681.
8680.
8681.
8680.
8680.
8680.
8677.
8673.
8666.
8651.
8631.
8604.
8576.
8549.
8519.
8490.
8460.
8431.
8401.
8372.
8342.
8311.
8280.
8250.
8221.
8195.
8170.
8148.
8128.
8112.
8098.
8088.
8078.
8071.
8063.
8057.
8051.
8045.
8039.
8032.
8026.
8020.
8014.
8006.
8000.
7993.
7987.
7979.
7973.
7966.
7958.
7951.
7945.
7938.
7931.
7924.
7917.
7909.
7902.
7894.
7888.
7880.
7874.
7866.
7860.
7853.
7846.
7838.
7832.
7824.
7818.
7810.
7804.
7797.
7791.
7786.
7780.
7772.
7768.
7761.
7756.
7750.
7745.
7740.
7735.
7731.
7723.
7710.
7692.
7670.
7642.
7613.
7580.
7545.
7507.
7469.
7428.
7390.
7354.
7317.
7282.
7246.
7210.
7174.
7139.
7104.
7072.
7041.
7009.
6980.
6954.
6930.
6908.
6891.
6877.
6863.
6852.
6842.
6833.
6823.
6813.
6804.
6795.
6786.
6778.
6770.
6762.
6754.
6745.
6736.
6728.
6720.
6712.
6705.
6696.
6689.
6681.
6674.
6667.
6660.
6653.
6646.
6640.
6635.
6628.
6622.
6615.
6610.
6604.
6600.
6597.
6593.
6589.
6585.
6582.
6580.
6576.
6574.
6572.
6571.
6570.
6568.
6568.
6568.
6567.
6566.
6566.
6566.
6567.
6567.
6568.
6568.
6570.
6570.
6570.
6569.
6566.
6558.
6545.
6529.
6510.
6488.
6466.
6443.
6418.
6392.
6365.
6337.
6309.
6283.
6254.
6225.
6197.
6173.
6148.
6123.
6097.
6071.
6046.
6021.
5999.
5976.
5954.
5932.
5911.
5889.
5868.
5849.
5832.
5817.
5804.
5793.
5783.
5773.
5766.
5759.
5752.
5747.
5743.
5738.
5733.
5730.
5727.
5723.
5720.
5717.
5715.
5714.
5714.
5712.
5712.
5711.
5712.
5712.
5713.
5714.
5715.
5716.
5718.
5721.
5723.
5726.
5729.
5732.
5736.
5739.
5742.
5747.
5752.
5756.
5761.
5766.
5771.
5776.
5780.
5786.
5792.
5797.
5802.
5807.
5814.
5820.
5825.
5830.
5836.
5841.
5847.
5853.
5860.
5865.
5868.
5869.
5866.
5858.
5849.
5836.
5822.
5806.
5791.
5774.
5755.
5736.
5716.
5697.
5678.
5660.
5642.
5623.
5605.
5590.
5575.
5559.
5542.
5525.
5509.
5494.
5479.
5466.
5454.
5442.
5430.
5420.
5411.
5402.
5394.
5388.
5380.
5374.
5367.
5361.
5356.
5350.
5348.
5343.
5338.
5335.
5330.
5328.
5325.
5323.
5320.
5318.
5316.
5314.
5311.
5308.
5307.
5305.
5304.
5302.
5301.
5299.
5298.
5297.
5295.
5292.
5292.
5291.
5290.
5288.
5286.
5285.
5284.
5282.
5281.
5279.
5277.
5275.
5273.
5270.
5268.
5267.
5265.
5262.
5260.
5256.
5254.
5250.
5248.
5244.
5242.
5237.
5235.
5232.
5229.
5227.
5224.
5222.
5219.
5218.
5218.
5217.
5216.
5214.
5214.
5214.
5213.
5214.
5212.
5212.
5211.
5211.
5210.
5209.
5207.
5206.
5203.
5202.
5200.
5197.
5195.
5192.
5189.
5186.
5184.
5181.
5180.
5177.
5173.
5170.
5165.
5163.
5158.
5156.
5154.
5151.
5148.
5145.
5141.
5140.
5137.
5137.
5134.
5131.
5130.
5128.
5126.
5124.
5122.
5123.
5124.
5124.
5124.
5127.
5128.
5130.
5132.
5134.
5136.
5137.
5138.
5139.
5139.
5139.
5138.
5137.
5138.
5136.
5137.
5136.
5136.
5135.
5135.
5136.
5135.
5135.
5135.
5135.
5133.
5133.
5133.
5133.
5134.
5133.
5132.
5132.
5132.
5131.
5132.
5134.
5135.
5135.
5136.
5136.
5137.
5138.
5139.
5140.
5142.
5143.
5144.
5145.
5146.
5146.
5149.
5152.
5154.
5156.
5160.
5162.
5164.
5166.
5169.
5171.
5172.
5175.
5178.
5181.
5182.
5184.
5186.
5188.
5190.
5191.
5191.
5192.
5193.
5194.
5195.
5196.
5197.
5199.
5201.
5201.
5203.
5206.
5208.
5208.
5209.
5212.
5214.
5216.
5217.
5219.
5221.
5221.
5221.
5221.
5223.
5225.
5226.
5227.
5229.
5229.
5230.
5231.
5233.
5234.
5235.
5236.
5237.
5238.
5240.
5242.
5245.
5247.
5248.
5250.
5252.
5254.
5256.
5258.
5261.
5263.
5268.
5270.
5273.
5275.
5279.
5281.
5284.
5288.
5291.
5293.
5296.
5299.
5300.
5301.
5300.
5299.
5297.
5296.
5292.
5289.
5286.
5284.
5279.
5275.
5272.
5269.
5266.
5265.
5265.
5264.
5265.
5266.
5266.
5268.
5270.
5270.
5270.
5271.
5272.
5272.
5274.
5274.
5275.
5276.
5277.
5278.
5280.
5281.
5283.
5285.
5288.
5290.
5292.
5294.
5298.
5300.
5303.
5305.
5309.
5312.
5314.
5318.
5322.
5327.
5329.
5334.
5338.
5343.
5348.
5352.
5355.
5356.
5355.
5352.
5346.
5337.
5329.
5320.
5313.
5306.
5298.
5290.
5281.
5274.
5267.
5262.
5258.
5256.
5254.
5253.
5251.
5252.
5251.
5250.
5248.
5247.
5246.
5244.
5243.
5241.
5241.
5239.
5238.
5236.
5236.
5235.
5234.
5234.
5233.
5233.
5233.
5233.
5232.
5231.
5233.
5232.
5232.
5234.
5233.
5234.
5235.
5238.
5239.
5241.
5243.
5246.
5249.
5252.
5254.
5257.
5262.
5265.
5268.
5270.
5275.
5279.
5284.
5288.
5293.
5297.
5303.
5308.
5314.
5320.
5325.
5330.
5336.
5342.
5348.
5355.
5361.
5366.
5373.
5379.
5384.
5391.
5396.
5404.
5411.
5416.
5424.
5430.
5438.
5444.
5452.
5459.
5467.
5474.
5482.
5488.
5497.
5504.
5512.
5520.
5527.
5535.
5544.
5551.
5556.
5557.
5556.
5553.
5548.
5544.
5538.
5532.
5525.
5517.
5509.
5501.
5495.
5488.
5484.
5479.
5477.
5475.
5475.
5475.
5474.
5476.
5476.
5476.
5475.
5474.
5474.
5476.
5474.
5473.
5473.
5473.
5471.
5471.
5470.
5468.
5469.
5469.
5465.
5464.
5464.
5463.
5462.
5460.
5459.
5458.
5457.
5455.
5454.
5453.
5452.
5451.
5450.
5448.
5448.
5447.
5447.
5446.
5445.
5446.
5444.
5444.
5444.
5444.
5446.
5445.
5445.
5446.
5448.
5449.
5450.
5451.
5452.
5454.
5455.
5457.
5459.
5460.
5461.
5464.
5465.
5467.
5470.
5472.
5475.
5479.
5481.
5483.
5486.
5489.
5492.
5494.
5497.
5502.
5504.
5508.
5511.
5516.
5518.
5523.
5527.
5530.
5533.
5537.
5541.
5545.
5549.
5555.
5560.
5566.
5575.
5589.
5606.
5625.
5649.
5670.
5690.
5709.
5729.
5746.
5763.
5782.
5799.
5815.
5830.
5844.
5856.
5867.
5877.
5886.
5894.
5902.
5911.
5918.
5926.
5935.
5943.
5950.
5957.
5967.
5975.
5984.
5993.
6001.
6009.
6018.
6027.
6036.
6045.
6055.
6063.
6072.
6081.
6091.
6101.
6111.
6119.
6129.
6141.
6150.
6161.
6171.
6181.
6191.
6202.
6212.
6222.
6232.
6243.
6254.
6264.
6274.
6286.
6298.
6309.
6319.
6331.
6342.
6352.
6363.
6375.
6387.
6400.
6411.
6423.
6435.
6446.
6456.
6470.
6481.
6492.
6505.
6515.
6527.
6537.
6550.
6560.
6571.
6582.
6593.
6603.
6615.
6628.
6644.
6664.
6688.
6717.
6746.
6777.
6807.
6839.
6871.
6901.
6932.
6963.
6993.
7020.
7047.
7071.
7093.
7112.
7129.
7145.
7158.
7172.
7185.
7198.
7210.
7223.
7235.
7248.
7261.
7272.
7284.
7296.
7309.
7320.
7332.
7343.
7355.
7367.
7380.
7392.
7404.
7416.
7430.
7440.
7452.
7464.
7476.
7489.
7501.
7513.
7525.
7537.
7549.
7560.
7572.
7584.
7595.
7606.
7617.
7627.
7637.
7648.
7657.
7666.
7677.
7686.
7695.
7704.
7712.
7720.
7727.
7735.
7742.
7750.
7756.
7763.
7770.
7776.
7782.
7788.
7794.
7799.
7804.
7808.
7812.
7817.
7820.
7824.
7827.
7831.
7834.
7837.
7840.
7841.
7848.
7855.
7865.
7879.
7896.
7915.
7936.
7956.
7980.
8002.
8025.
8048.
8071.
8093.
8114.
8136.
8160.
8181.
8200.
8219.
8235.
8252.
8266.
8278.
8290.
8303.
8314.
8325.
8338.
8348.
8360.
8370.
8383.
8393.
8404.
8415.
8425.
8437.
8447.
8458.
8469.
8479.
8489.
8501.
8512.
8522.
8532.
8541.
8552.
8561.
8570.
8580.
8589.
8597.
8604.
8612.
8620.
8626.
8633.
8640.
8645.
8651.
8656.
8661.
8667.
8669.
8673.
8675.
8679.
8683.
8687.
8689.
8692.
8695.
8697.
8699.
8702.
8703.
8706.
8708.
8710.
8712.
8713.
8716.
8718.
8719.
8721.
8726.
8733.
8743.
8755.
8769.
8785.
8801.
8818.
8835.
8851.
8869.
8887.
8906.
8922.
8939.
8958.
8974.
8993.
9010.
9027.
9045.
9061.
9076.
9092.
9107.
9123.
9138.
9154.
9168.
9182.
9195.
9208.
9222.
9233.
9246.
9259.
9269.
9281.
9292.
9302.
9313.
9322.
9330.
9339.
9347.
9351.
9357.
9363.
9367.
9370.
9373.
9376.
9377.
9379.
9380.
9381.
9381.
9382.
9382.
9381.
9382.
9381.
9379.
9379.
9378.
9376.
9374.
9372.
9370.
9368.
9366.
9364.
9361.
9359.
9356.
9354.
9352.
9348.
9346.
9343.
9340.
9337.
9333.
9331.
9329.
9324.
9321.
9319.
9316.
9314.
9310.
9307.
9305.
9303.
9300.
9298.
9298.
9298.
9301.
9306.
9312.
9321.
9330.
9340.
9350.
9364.
9376.
9388.
9399.
9413.
9425.
9437.
9451.
9462.
9472.
9483.
9493.
9504.
9514.
9524.
9534.
9543.
9553.
9561.
9571.
9579.
9588.
9596.
9604.
9611.
9618.
9624.
9631.
9637.
9642.
9646.
9651.
9655.
9658.
9661.
9664.
9667.
9669.
9670.
9672.
9672.
9672.
9673.
9675.
9674.
9673.
9673.
9671.
9671.
9670.
9668.
9666.
9664.
9661.
9658.
9656.
9655.
9650.
9648.
9645.
9642.
9640.
9636.
9634.
9629.
9627.
9623.
9619.
9615.
9613.
9609.
9606.
9603.
9599.
9595.
9591.
9588.
9583.
9581.
9577.
9574.
9569.
9566.
9563.
9561.
9555.
9552.
9549.
9546.
9543.
9540.
9536.
9532.
9528.
9525.
9523.
9518.
9515.
9513.
9510.
9508.
9507.
9507.
9507.
9510.
9515.
9520.
9527.
9534.
9542.
9549.
9555.
9561.
9569.
9575.
9582.
9589.
9597.
9602.
9608.
9614.
9618.
9624.
9628.
9631.
9635.
9639.
9643.
9645.
9647.
9650.
9653.
9654.
9657.
9660.
9661.
9662.
9664.
9666.
9667.
9668.
9669.
9671.
9671.
9672.
9673.
9673.
9673.
9673.
9673.
9673.
9672.
9673.
9672.
9671.
9670.
9669.
9670.
9669.
9666.
9664.
9664.
9662.
9661.
9658.
9657.
9655.
9652.
9649.
9647.
9646.
9643.
9641.
9639.
9635.
9635.
9631.
9629.
9625.
9623.
9621.
9616.
9614.
9611.
9609.
9604.
9602.
9599.
9595.
9593.
9588.
9586.
9583.
9579.
9577.
9573.
9570.
9567.
9564.
9561.
9559.
9556.
9553.
9550.
9546.
9544.
9541.
9536.
9534.
9530.
9527.
9525.
9523.
9520.
9517.
9513.
9511.
9508.
9505.
9504.
9500.
9497.
9496.
9494.
9492.
9489.
9487.
9486.
9483.
9481.
9479.
9478.
9476.
9475.
9473.
9471.
9469.
9468.
9466.
9465.
9466.
9464.
9464.
9463.
9462.
9461.
9460.
9460.
9460.
9459.
9458.
9459.
9459.
9459.
9459.
9459.
9460.
9460.
9460.
9461.
9461.
9462.
9463.
9463.
9464.
9464.
9465.
9468.
9468.
9468.
9470.
9471.
9473.
9475.
9476.
9477.
9478.
9480.
9483.
9484.
9486.
9488.
9491.
9492.
9495.
9497.
9500.
9503.
9506.
9507.
9510.
9513.
9515.
9518.
9520.
9523.
9526.
9529.
9532.
9533.
9535.
9538.
9541.
9544.
9545.
9547.
9549.
9551.
9553.
9554.
9555.
9557.
9557.
9557.
9559.
9559.
9560.
9561.
9560.
9560.
9561.
9560.
9559.
9559.
9559.
9558.
9557.
9556.
9555.
9554.
9553.
9551.
9551.
9549.
9548.
9547.
9545.
9543.
9541.
9540.
9537.
9534.
9533.
9530.
9528.
9526.
9523.
9521.
9519.
9516.
9514.
9512.
9509.
9507.
9505.
9502.
9500.
9498.
9494.
9491.
9490.
9488.
9485.
9483.
9480.
9477.
9475.
9473.
9470.
9467.
9466.
9464.
9461.
9460.
9458.
9455.
9453.
9451.
9449.
9447.
9445.
9442.
9440.
9438.
9436.
9434.
9431.
9430.
9429.
9427.
9425.
9424.
9422.
9421.
9420.
9418.
9416.
9415.
9414.
9413.
9412.
9411.
9410.
9410.
9409.
9408.
9407.
9407.
9407.
9406.
9406.
9406.
9405.
9406.
9406.
9406.
9406.
9406.
9407.
9407.
9408.
9410.
9409.
9410.
9412.
9413.
9415.
9416.
9416.
9415.
9413.
9406.
9396.
9381.
9364.
9344.
9324.
9302.
9281.
9260.
9241.
9222.
9204.
9184.
9167.
9150.
9136.
9125.
9117.
9113.
9110.
9107.
9105.
9104.
9101.
9098.
9097.
9096.
9093.
9090.
9088.
9085.
9084.
9081.
9078.
9075.
9073.
9072.
9070.
9067.
9065.
9061.
9059.
9057.
9054.
9053.
9051.
9048.
9046.
9043.
9042.
9038.
9037.
9034.
9030.
9022.
9009.
8991.
8967.
8939.
8908.
8875.
8840.
8804.
8771.
8738.
8706.
8673.
8640.
8608.
8579.
8551.
8526.
8504.
8484.
8469.
8454.
8444.
8436.
8429.
8422.
8416.
8408.
8401.
8394.
8387.
8380.
8376.
8368.
8361.
8355.
8347.
8341.
8335.
8327.
8320.
8313.
8307.
8300.
8293.
8287.
8281.
8272.
8265.
8258.
8251.
8245.
8237.
8230.
8224.
8217.
8209.
8202.
8196.
8188.
8181.
8175.
8168.
8160.
8154.
8148.
8141.
8135.
8127.
8120.
8115.
8109.
8103.
8097.
8091.
8085.
8079.
8073.
8067.
8063.
8058.
8053.
8048.
8044.
8039.
8034.
8032.
8025.
8022.
8018.
8015.
8011.
8006.
8003.
7999.
7995.
7990.
7981.
7966.
7947.
7923.
7897.
7866.
7836.
7803.
7772.
7739.
7707.
7675.
7644.
7613.
7581.
7548.
7517.
7485.
7452.
7421.
7390.
7360.
7333.
7305.
7278.
7252.
7225.
7201.
7174.
7151.
7126.
7103.
7079.
7058.
7034.
7014.
6993.
6977.
6960.
6947.
6938.
6926.
6917.
6907.
6899.
6889.
6881.
6872.
6863.
6855.
6848.
6841.
6834.
6825.
6819.
6812.
6805.
6796.
6791.
6784.
6776.
6771.
6764.
6758.
6751.
6744.
6738.
6733.
6727.
6721.
6716.
6710.
6706.
6701.
6697.
6692.
6686.
6683.
6679.
6676.
6672.
6669.
6666.
6663.
6661.
6659.
6656.
6654.
6652.
6651.
6650.
6650.
6650.
6649.
6648.
6648.
6649.
6649.
6648.
6648.
6649.
6650.
6651.
6652.
6653.
6654.
6656.
6657.
6657.
6658.
6660.
6657.
6654.
6646.
6635.
6619.
6603.
6583.
6561.
6539.
6515.
6490.
6466.
6442.
6419.
6397.
6375.
6354.
6333.
6313.
6294.
6275.
6257.
6238.
6221.
6205.
6188.
6172.
6157.
6142.
6127.
6111.
6096.
6084.
6069.
6058.
6047.
6035.
6022.
6011.
6000.
5988.
5977.
5968.
5960.
5950.
5943.
5937.
5931.
5926.
5921.
5916.
5913.
5910.
5908.
5904.
5902.
5899.
5898.
5896.
5895.
5894.
5894.
5893.
5892.
5892.
5892.
5892.
5894.
5895.
5895.
5898.
5900.
5901.
5903.
5906.
5908.
5910.
5912.
5915.
5917.
5919.
5923.
5926.
5929.
5933.
5936.
5938.
5943.
5945.
5950.
5952.
5958.
5962.
5966.
5969.
5972.
5978.
5982.
5986.
5991.
5996.
5999.
6001.
6002.
6002.
5999.
5994.
5987.
5979.
5971.
5961.
5949.
5937.
5923.
5910.
5897.
5882.
5869.
5853.
5837.
5822.
5808.
5796.
5784.
5770.
5758.
5746.
5733.
5720.
5708.
5698.
5687.
5674.
5665.
5654.
5646.
5636.
5628.
5619.
5612.
5604.
5597.
5590.
5582.
5576.
5567.
5560.
5555.
5548.
5541.
5536.
5532.
5527.
5522.
5517.
5511.
5507.
5501.
5495.
5490.
5484.
5480.
5476.
5472.
5467.
5462.
5457.
5454.
5449.
5446.
5443.
5441.
5439.
5438.
5437.
5437.
5437.
5437.
5438.
5438.
5439.
5441.
5442.
5444.
5444.
5445.
5448.
5448.
5451.
5452.
5455.
5456.
5458.
5458.
5458.
5457.
5456.
5455.
5453.
5453.
5450.
5450.
5448.
5447.
5445.
5443.
5441.
5438.
5435.
5432.
5427.
5422.
5418.
5413.
5409.
5404.
5400.
5396.
5392.
5387.
5386.
5384.
5384.
5384.
5383.
5384.
5385.
5386.
5389.
5391.
5393.
5394.
5398.
5401.
5404.
5406.
5409.
5411.
5413.
5415.
5416.
5418.
5419.
5419.
5417.
5417.
5415.
5412.
5409.
5405.
5401.
5397.
5393.
5387.
5381.
5374.
5368.
5361.
5355.
5349.
5343.
5335.
5327.
5320.
5312.
5304.
5297.
5290.
5282.
5275.
5263.
5255.
5247.
5239.
5233.
5227.
5221.
5213.
5207.
5201.
5195.
5189.
5185.
5181.
5178.
5173.
5171.
5168.
5165.
5163.
5162.
5162.
5161.
5161.
5163.
5163.
5164.
5165.
5167.
5169.
5169.
5169.
5168.
5167.
5166.
5164.
5163.
5162.
5160.
5158.
5157.
5154.
5153.
5150.
5149.
5147.
5145.
5140.
5136.
5133.
5131.
5129.
5128.
5126.
5123.
5121.
5118.
5116.
5115.
5113.
5112.
5110.
5107.
5104.
5101.
5099.
5098.
5098.
5098.
5096.
5095.
5094.
5092.
5092.
5091.
5091.
5091.
5088.
5088.
5087.
5086.
5086.
5086.
5088.
5090.
5090.
5092.
5091.
5093.
5096.
5095.
5097.
5101.
5102.
5104.
5107.
5111.
5113.
5117.
5122.
5126.
5130.
5132.
5137.
5141.
5145.
5150.
5155.
5159.
5164.
5169.
5176.
5180.
5186.
5192.
5197.
5202.
5209.
5214.
5218.
5223.
5229.
5235.
5240.
5248.
5253.
5261.
5268.
5275.
5280.
5286.
5291.
5297.
5302.
5307.
5313.
5319.
5323.
5329.
5334.
5340.
5346.
5352.
5356.
5361.
5366.
5370.
5374.
5377.
5382.
5385.
5387.
5391.
5395.
5396.
5398.
5400.
5403.
5404.
5404.
5405.
5405.
5406.
5407.
5407.
5407.
5405.
5404.
5404.
5403.
5401.
5400.
5400.
5397.
5397.
5394.
5393.
5391.
5390.
5388.
5386.
5384.
5381.
5378.
5377.
5374.
5372.
5368.
5366.
5364.
5361.
5360.
5358.
5355.
5354.
5352.
5351.
5349.
5348.
5345.
5344.
5343.
5341.
5339.
5339.
5337.
5336.
5335.
5335.
5334.
5333.
5332.
5332.
5330.
5329.
5327.
5326.
5325.
5324.
5322.
5320.
5318.
5317.
5315.
5313.
5311.
5309.
5308.
5305.
5304.
5303.
5301.
5299.
5298.
5296.
5294.
5292.
5289.
5285.
5283.
5279.
5276.
5272.
5269.
5267.
5263.
5260.
5256.
5251.
5247.
5242.
5240.
5236.
5232.
5229.
5224.
5221.
5217.
5215.
5213.
5210.
5211.
5210.
5210.
5210.
5211.
5212.
5214.
5217.
5218.
5221.
5223.
5226.
5229.
5231.
5234.
5237.
5240.
5243.
5248.
5250.
5254.
5258.
5262.
5268.
5272.
5276.
5280.
5284.
5289.
5294.
5297.
5302.
5307.
5312.
5316.
5322.
5327.
5331.
5336.
5342.
5347.
5352.
5358.
5363.
5369.
5373.
5379.
5385.
5391.
5396.
5402.
5408.
5413.
5418.
5423.
5430.
5436.
5442.
5448.
5454.
5462.
5468.
5473.
5480.
5486.
5493.
5501.
5507.
5513.
5520.
5527.
5533.
5541.
5547.
5553.
5561.
5567.
5573.
5581.
5587.
5594.
5601.
5608.
5616.
5625.
5632.
5639.
5647.
5654.
5662.
5670.
5678.
5685.
5694.
5701.
5710.
5718.
5726.
5734.
5743.
5751.
5759.
5767.
5775.
5784.
5793.
5802.
5811.
5821.
5828.
5837.
5847.
5855.
5865.
5874.
5882.
5892.
5902.
5910.
5920.
5930.
5938.
5947.
5956.
5965.
5973.
5982.
5992.
6000.
6008.
6017.
6026.
6033.
6043.
6051.
6059.
6068.
6075.
6084.
6090.
6099.
6106.
6113.
6121.
6129.
6135.
6142.
6148.
6155.
6162.
6167.
6175.
6181.
6187.
6193.
6199.
6207.
6218.
6231.
6247.
6268.
6290.
6315.
6340.
6368.
6396.
6424.
6452.
6480.
6509.
6538.
6564.
6593.
6620.
6647.
6675.
6701.
6725.
6749.
6773.
6797.
6821.
6845.
6871.
6895.
6919.
6944.
6968.
6991.
7011.
7029.
7046.
7062.
7076.
7090.
7104.
7117.
7130.
7143.
7156.
7169.
7182.
7194.
7208.
7220.
7232.
7244.
7258.
7269.
7283.
7296.
7309.
7321.
7334.
7346.
7358.
7371.
7384.
7397.
7409.
7422.
7434.
7446.
7458.
7469.
7482.
7494.
7505.
7516.
7528.
7539.
7549.
7559.
7570.
7580.
7589.
7598.
7607.
7616.
7624.
7632.
7640.
7647.
7653.
7661.
7667.
7673.
7679.
7686.
7690.
7696.
7701.
7706.
7710.
7716.
7721.
7726.
7731.
7735.
7739.
7745.
7749.
7753.
7760.
7763.
7767.
7771.
7774.
7778.
7782.
7786.
7791.
7796.
7801.
7808.
7817.
7827.
7840.
7851.
7865.
7879.
7892.
7909.
7924.
7939.
7954.
7969.
7982.
7996.
8012.
8028.
8042.
8055.
8068.
8082.
8095.
8111.
8127.
8142.
8156.
8171.
8185.
8200.
8215.
8231.
8245.
8260.
8274.
8289.
8303.
8318.
8332.
8347.
8361.
8377.
8391.
8405.
8419.
8435.
8450.
8465.
8478.
8493.
8506.
8519.
8535.
8548.
8562.
8575.
8590.
8604.
8617.
8630.
8643.
8656.
8667.
8678.
8688.
8697.
8705.
8714.
8721.
8727.
8733.
8739.
8744.
8749.
8751.
8755.
8760.
8762.
8765.
8769.
8770.
8773.
8774.
8776.
8777.
8778.
8778.
8780.
8781.
8782.
8781.
8781.
8782.
8781.
8781.
8781.
8781.
8782.
8781.
8781.
8781.
8780.
8779.
8777.
8777.
8777.
8776.
8776.
8776.
8775.
8776.
8777.
8779.
8784.
8788.
8796.
8807.
8818.
8830.
8844.
8857.
8871.
8884.
8899.
8911.
8925.
8939.
8952.
8964.
8975.
8985.
8994.
9002.
9010.
9018.
9025.
9030.
9037.
9043.
9049.
9053.
9059.
9063.
9068.
9074.
9078.
9082.
9088.
9092.
9097.
9101.
9106.
9111.
9117.
9120.
9124.
9129.
9133.
9137.
9140.
9143.
9147.
9149.
9151.
9154.
9156.
9159.
9160.
9162.
9164.
9165.
9165.
9167.
9167.
9168.
9170.
9169.
9168.
9171.
9170.
9171.
9171.
9175.
9180.
9185.
9195.
9206.
9217.
9230.
9245.
9259.
9274.
9289.
9305.
9321.
9336.
9352.
9367.
9382.
9396.
9411.
9424.
9437.
9448.
9459.
9470.
9482.
9492.
9503.
9513.
9522.
9531.
9540.
9548.
9554.
9563.
9571.
9577.
9582.
9588.
9593.
9598.
9603.
9607.
9612.
9617.
9622.
9626.
9630.
9634.
9638.
9641.
9644.
9645.
9648.
9651.
9652.
9652.
9652.
9652.
9651.
9652.
9652.
9649.
9649.
9648.
9645.
9644.
9642.
9640.
9639.
9636.
9634.
9631.
9629.
9627.
9622.
9622.
9619.
9616.
9613.
9610.
9608.
9605.
9601.
9598.
9595.
9592.
9589.
9585.
9582.
9579.
9576.
9572.
9570.
9566.
9563.
9559.
9557.
9555.
9550.
9548.
9545.
9542.
9538.
9535.
9533.
9530.
9528.
9526.
9522.
9521.
9519.
9517.
9516.
9515.
9513.
9514.
9513.
9514.
9514.
9515.
9517.
9519.
9520.
9523.
9525.
9528.
9530.
9532.
9533.
9534.
9537.
9537.
9539.
9540.
9541.
9540.
9541.
9542.
9541.
9542.
9541.
9540.
9540.
9540.
9538.
9538.
9537.
9534.
9533.
9532.
9529.
9527.
9525.
9522.
9519.
9515.
9511.
9507.
9505.
9500.
9497.
9492.
9486.
9481.
9476.
9470.
9466.
9462.
9458.
9454.
9449.
9445.
9443.
9439.
9435.
9431.
9428.
9425.
9422.
9418.
9417.
9415.
9412.
9410.
9409.
9407.
9405.
9402.
9401.
9399.
9397.
9395.
9393.
9392.
9390.
9387.
9385.
9384.
9383.
9381.
9379.
9378.
9377.
9377.
9376.
9374.
9373.
9372.
9371.
9370.
9369.
9368.
9368.
9368.
9368.
9367.
9368.
9368.
9366.
9367.
9367.
9366.
9367.
9366.
9366.
9367.
9367.
9370.
9369.
9370.
9370.
9372.
9372.
9374.
9375.
9376.
9377.
9379.
9380.
9380.
9381.
9381.
9382.
9383.
9379.
9374.
9362.
9349.
9335.
9319.
9304.
9291.
9277.
9265.
9256.
9248.
9243.
9239.
9235.
9234.
9233.
9233.
9232.
9231.
9230.
9230.
9229.
9229.
9227.
9225.
9224.
9222.
9221.
9220.
9220.
9218.
9218.
9216.
9214.
9213.
9212.
9211.
9210.
9209.
9209.
9208.
9207.
9207.
9206.
9206.
9204.
9204.
9203.
9203.
9202.
9202.
9202.
9202.
9202.
9203.
9203.
9203.
9203.
9203.
9204.
9206.
9204.
9207.
9207.
9208.
9209.
9210.
9211.
9212.
9213.
9214.
9214.
9216.
9218.
9219.
9221.
9220.
9222.
9223.
9224.
9226.
9226.
9226.
9227.
9229.
9228.
9230.
9232.
9233.
9234.
9235.
9237.
9239.
9242.
9246.
9251.
9258.
9264.
9272.
9279.
9290.
9300.
9310.
9321.
9331.
9342.
9352.
9364.
9375.
9384.
9395.
9405.
9414.
9424.
9433.
9442.
9450.
9456.
9463.
9467.
9472.
9476.
9480.
9484.
9485.
9486.
9489.
9490.
9490.
9492.
9493.
9493.
9493.
9493.
9494.
9493.
9492.
9492.
9492.
9491.
9490.
9489.
9487.
9485.
9483.
9481.
9480.
9477.
9474.
9472.
9469.
9467.
9465.
9462.
9460.
9457.
9455.
9451.
9448.
9446.
9443.
9440.
9436.
9433.
9429.
9426.
9423.
9419.
9417.
9412.
9409.
9406.
9402.
9399.
9396.
9392.
9389.
9384.
9381.
9378.
9375.
9371.
9368.
9363.
9360.
9358.
9353.
9350.
9347.
9343.
9341.
9338.
9334.
9331.
9327.
9324.
9321.
9318.
9314.
9312.
9308.
9305.
9302.
9299.
9295.
9293.
9290.
9288.
9285.
9282.
9280.
9278.
9278.
9280.
9286.
9293.
9302.
9315.
9327.
9340.
9352.
9366.
9379.
9392.
9402.
9412.
9419.
9427.
9434.
9438.
9443.
9446.
9449.
9452.
9454.
9455.
9457.
9458.
9460.
9460.
9463.
9464.
9466.
9468.
9470.
9472.
9473.
9475.
9476.
9477.
9480.
9480.
9482.
9483.
9485.
9486.
9488.
9490.
9490.
9491.
9493.
9493.
9494.
9495.
9496.
9496.
9496.
9497.
9497.
9496.
9496.
9495.
9495.
9495.
9494.
9493.
9491.
9490.
9489.
9488.
9486.
9485.
9483.
9483.
9480.
9477.
9476.
9474.
9473.
9471.
9469.
9466.
9465.
9462.
9460.
9457.
9455.
9454.
9453.
9449.
9446.
9444.
9442.
9441.
9437.
9435.
9433.
9429.
9424.
9415.
9403.
9384.
9361.
9332.
9300.
9266.
9229.
9192.
9155.
9118.
9083.
9046.
9008.
8971.
8935.
8900.
8864.
8829.
8793.
8757.
8720.
8686.
8650.
8616.
8580.
8545.
8512.
8478.
8445.
8414.
8382.
8351.
8321.
8290.
8261.
8233.
8207.
8183.
8160.
8137.
8115.
8092.
8071.
8052.
8034.
8017.
7999.
7984.
7970.
7957.
7944.
7933.
7922.
7910.
7900.
7888.
7879.
7869.
7859.
7850.
7840.
7831.
7824.
7817.
7811.
7805.
7800.
7797.
7790.
7784.
7779.
7774.
7768.
7763.
7760.
7755.
7752.
7748.
7743.
7737.
7734.
7729.
7724.
7719.
7715.
7709.
7705.
7701.
7696.
7692.
7688.
7684.
7680.
7676.
7671.
7667.
7663.
7658.
7655.
7651.
7647.
7643.
7640.
7638.
7634.
7630.
7627.
7622.
7619.
7616.
7615.
7612.
7608.
7605.
7602.
7600.
7597.
7595.
7593.
7591.
7588.
7585.
7582.
7576.
7568.
7555.
7540.
7523.
7502.
7480.
7456.
7429.
7402.
7376.
7350.
7325.
7298.
7271.
7247.
7222.
7196.
7173.
7149.
7125.
7101.
7078.
7056.
7032.
7008.
6986.
6961.
6937.
6914.
6892.
6868.
6849.
6828.
6807.
6789.
6768.
6749.
6730.
6710.
6691.
6672.
6653.
6637.
6620.
6605.
6590.
6576.
6562.
6548.
6536.
6522.
6510.
6499.
6487.
6476.
6466.
6455.
6444.
6437.
6430.
6422.
6416.
6411.
6406.
6401.
6395.
6391.
6386.
6385.
6381.
6378.
6375.
6373.
6370.
6367.
6366.
6363.
6362.
6361.
6360.
6358.
6358.
6356.
6355.
6354.
6353.
6352.
6351.
6349.
6346.
6344.
6340.
6338.
6333.
6329.
6324.
6318.
6312.
6304.
6297.
6288.
6279.
6267.
6257.
6248.
6238.
6228.
6216.
6204.
6191.
6179.
6169.
6159.
6149.
6139.
6127.
6117.
6107.
6097.
6088.
6079.
6069.
6058.
6048.
6038.
6029.
6021.
6014.
6008.
6002.
5995.
5989.
5982.
5976.
5970.
5963.
5957.
5949.
5943.
5936.
5931.
5926.
5919.
5913.
5906.
5900.
5894.
5886.
5878.
5869.
5862.
5854.
5846.
5841.
5834.
5827.
5819.
5812.
5805.
5798.
5793.
5786.
5781.
5773.
5766.
5758.
5753.
5745.
5740.
5734.
5729.
5724.
5720.
5716.
5713.
5708.
5707.
5704.
5702.
5701.
5700.
5699.
5697.
5696.
5696.
5695.
5694.
5692.
5691.
5690.
5692.
5692.
5693.
5693.
5694.
5693.
5694.
5695.
5696.
5695.
5696.
5695.
5694.
5694.
5695.
5695.
5695.
5693.
5692.
5690.
5688.
5687.
5686.
5684.
5682.
5680.
5677.
5674.
5673.
5670.
5667.
5664.
5663.
5660.
5658.
5655.
5652.
5650.
5647.
5644.
5641.
5636.
5633.
5628.
5623.
5620.
5616.
5613.
5609.
5606.
5601.
5598.
5594.
5591.
5587.
5582.
5578.
5574.
5570.
5567.
5562.
5557.
5553.
5547.
5544.
5539.
5534.
5529.
5524.
5520.
5516.
5511.
5509.
5504.
5500.
5495.
5490.
5485.
5479.
5474.
5470.
5466.
5460.
5456.
5450.
5445.
5440.
5436.
5432.
5428.
5424.
5419.
5415.
5411.
5406.
5401.
5398.
5396.
5393.
5388.
5386.
5381.
5379.
5377.
5373.
5372.
5369.
5365.
5363.
5362.
5360.
5357.
5357.
5356.
5355.
5354.
5351.
5350.
5348.
5346.
5345.
5344.
5343.
5342.
5340.
5339.
5336.
5334.
5333.
5330.
5328.
5325.
5322.
5319.
5318.
5315.
5314.
5309.
5308.
5304.
5300.
5296.
5293.
5290.
5287.
5283.
5280.
5276.
5272.
5269.
5266.
5264.
5263.
5261.
5260.
5259.
5258.
5259.
5260.
5260.
5261.
5261.
5263.
5264.
5265.
5266.
5267.
5267.
5268.
5269.
5270.
5272.
5272.
5273.
5274.
5276.
5278.
5279.
5280.
5283.
5286.
5288.
5291.
5293.
5296.
5296.
5297.
5298.
5302.
5302.
5305.
5305.
5308.
5307.
5310.
5311.
5312.
5314.
5316.
5319.
5321.
5323.
5325.
5328.
5331.
5334.
5337.
5339.
5341.
5343.
5345.
5347.
5350.
5350.
5353.
5355.
5356.
5359.
5362.
5366.
5368.
5371.
5374.
5377.
5382.
5385.
5388.
5391.
5394.
5397.
5402.
5405.
5409.
5413.
5417.
5420.
5423.
5426.
5429.
5432.
5436.
5439.
5443.
5445.
5449.
5452.
5456.
5460.
5464.
5468.
5472.
5477.
5480.
5484.
5487.
5491.
5496.
5500.
5503.
5506.
5509.
5510.
5513.
5515.
5518.
5519.
5520.
5519.
5521.
5521.
5520.
5520.
5519.
5519.
5519.
5520.
5519.
5518.
5518.
5516.
5516.
5514.
5513.
5511.
5510.
5508.
5506.
5504.
5501.
5499.
5496.
5494.
5489.
5486.
5483.
5479.
5476.
5472.
5470.
5469.
5468.
5466.
5465.
5464.
5463.
5462.
5462.
5462.
5462.
5463.
5464.
5464.
5466.
5466.
5467.
5469.
5471.
5472.
5473.
5474.
5476.
5477.
5478.
5479.
5482.
5483.
5484.
5486.
5490.
5491.
5494.
5496.
5499.
5501.
5503.
5506.
5508.
5510.
5513.
5516.
5519.
5522.
5525.
5527.
5531.
5534.
5537.
5540.
5544.
5548.
5551.
5553.
5557.
5560.
5563.
5567.
5571.
5576.
5579.
5584.
5589.
5592.
5594.
5598.
5603.
5606.
5611.
5615.
5620.
5624.
5629.
5632.
5636.
5640.
5646.
5650.
5654.
5660.
5664.
5669.
5674.
5679.
5684.
5688.
5695.
5699.
5705.
5710.
5714.
5720.
5727.
5731.
5737.
5742.
5749.
5755.
5761.
5765.
5768.
5767.
5766.
5761.
5755.
5746.
5737.
5730.
5719.
5709.
5700.
5689.
5679.
5669.
5658.
5649.
5642.
5639.
5634.
5629.
5625.
5622.
5619.
5618.
5615.
5613.
5612.
5610.
5609.
5607.
5606.
5607.
5606.
5606.
5606.
5606.
5606.
5605.
5605.
5606.
5607.
5607.
5606.
5605.
5607.
5607.
5607.
5607.
5609.
5610.
5611.
5610.
5610.
5610.
5611.
5612.
5613.
5615.
5615.
5617.
5617.
5620.
5620.
5622.
5624.
5625.
5627.
5628.
5629.
5632.
5633.
5635.
5638.
5640.
5642.
5645.
5647.
5649.
5652.
5655.
5657.
5659.
5662.
5665.
5668.
5671.
5674.
5676.
5679.
5682.
5685.
5689.
5692.
5694.
5697.
5700.
5703.
5706.
5709.
5712.
5716.
5719.
5722.
5724.
5728.
5731.
5735.
5738.
5741.
5744.
5749.
5752.
5756.
5759.
5762.
5767.
5768.
5771.
5776.
5781.
5784.
5789.
5793.
5798.
5801.
5805.
5809.
5814.
5819.
5822.
5827.
5831.
5836.
5840.
5845.
5850.
5855.
5861.
5866.
5871.
5876.
5881.
5887.
5892.
5896.
5901.
5908.
5914.
5920.
5928.
5939.
5953.
5971.
5992.
6018.
6045.
6076.
6108.
6140.
6170.
6201.
6233.
6267.
6299.
6329.
6359.
6389.
6417.
6444.
6471.
6492.
6512.
6529.
6543.
6557.
6569.
6580.
6591.
6603.
6615.
6626.
6636.
6647.
6659.
6670.
6680.
6690.
6702.
6714.
6724.
6737.
6748.
6759.
6770.
6781.
6792.
6804.
6815.
6825.
6837.
6848.
6860.
6871.
6882.
6894.
6904.
6916.
6926.
6937.
6946.
6958.
6968.
6979.
6989.
6998.
7007.
7016.
7025.
7034.
7042.
7051.
7058.
7067.
7074.
7082.
7088.
7095.
7103.
7112.
7125.
7144.
7167.
7194.
7223.
7254.
7287.
7319.
7353.
7386.
7420.
7453.
7483.
7514.
7544.
7574.
7605.
7635.
7664.
7691.
7718.
7742.
7763.
7783.
7801.
7817.
7833.
7847.
7860.
7873.
7887.
7900.
7912.
7925.
7937.
7950.
7962.
7974.
7985.
7996.
8007.
8019.
8029.
8039.
8050.
8059.
8070.
8079.
8088.
8097.
8105.
8112.
8119.
8128.
8134.
8140.
8146.
8152.
8157.
8163.
8167.
8171.
8175.
8180.
8183.
8187.