9232.
9234.
9234.
9236.
9238.
9238.
9239.
9239.
9240.
9240.
9240.
9239.
9239.
9238.
9238.
9236.
9234.
9232.
9232.
9230.
9229.
9226.
9223.
9221.
9220.
9217.
9213.
9211.
9208.
9205.
9202.
9198.
9195.
9191.
9188.
9183.
9180.
9177.
9173.
9169.
9164.
9161.
9157.
9152.
9148.
9144.
9139.
9135.
9129.
9125.
9120.
9115.
9111.
9105.
9101.
9096.
9091.
9086.
9082.
9076.
9071.
9066.
9062.
9056.
9050.
9044.
9038.
9033.
9029.
9022.
9017.
9013.
9006.
9001.
8995.
8990.
8986.
8983.
8983.
8986.
8992.
8999.
9007.
9015.
9023.
9030.
9038.
9045.
9055.
9062.
9069.
9075.
9081.
9084.
9087.
9087.
9085.
9086.
9086.
9086.
9084.
9086.
9087.
9087.
9087.
9087.
9087.
9088.
9089.
9090.
9091.
9092.
9092.
9093.
9094.
9096.
9096.
9098.
9100.
9101.
9103.
9105.
9106.
9108.
9109.
9112.
9115.
9116.
9117.
9119.
9121.
9124.
9126.
9128.
9130.
9132.
9135.
9137.
9139.
9142.
9143.
9145.
9148.
9149.
9151.
9152.
9152.
9152.
9153.
9154.
9154.
9154.
9153.
9152.
9151.
9150.
9148.
9148.
9146.
9145.
9142.
9140.
9138.
9136.
9133.
9131.
9127.
9124.
9122.
9119.
9115.
9112.
9109.
9105.
9102.
9098.
9095.
9090.
9087.
9083.
9079.
9075.
9071.
9066.
9062.
9056.
9052.
9048.
9044.
9039.
9034.
9029.
9025.
9019.
9015.
9009.
9006.
8999.
8995.
8990.
8988.
8988.
8991.
8997.
9004.
9013.
9022.
9029.
9038.
9045.
9051.
9058.
9065.
9070.
9076.
9080.
9084.
9086.
9087.
9087.
9087.
9087.
9086.
9087.
9087.
9087.
9089.
9090.
9091.
9091.
9093.
9094.
9095.
9096.
9096.
9099.
9099.
9100.
9101.
9103.
9104.
9106.
9108.
9111.
9112.
9113.
9115.
9117.
9120.
9122.
9124.
9126.
9129.
9132.
9135.
9137.
9139.
9140.
9143.
9145.
9147.
9149.
9151.
9153.
9154.
9154.
9156.
9156.
9157.
9157.
9157.
9157.
9157.
9156.
9156.
9155.
9154.
9152.
9150.
9150.
9147.
9146.
9143.
9142.
9139.
9136.
9134.
9130.
9127.
9123.
9122.
9119.
9116.
9113.
9109.
9105.
9102.
9098.
9094.
9090.
9086.
9082.
9078.
9075.
9071.
9066.
9062.
9058.
9054.
9049.
9044.
9040.
9035.
9031.
9026.
9022.
9017.
9011.
9007.
9002.
8999.
8998.
9002.
9005.
9011.
9020.
9028.
9036.
9044.
9053.
9059.
9067.
9074.
9082.
9087.
9092.
9097.
9099.
9101.
9103.
9103.
9103.
9103.
9103.
9103.
9104.
9104.
9105.
9106.
9107.
9108.
9110.
9111.
9111.
9113.
9113.
9115.
9116.
9117.
9118.
9120.
9122.
9124.
9125.
9127.
9129.
9131.
9133.
9135.
9137.
9139.
9141.
9142.
9145.
9147.
9150.
9151.
9154.
9156.
9158.
9161.
9164.
9165.
9166.
9167.
9169.
9171.
9172.
9173.
9173.
9173.
9174.
9174.
9174.
9172.
9172.
9171.
9170.
9169.
9168.
9167.
9164.
9162.
9162.
9160.
9157.
9155.
9153.
9150.
9147.
9144.
9141.
9138.
9135.
9132.
9129.
9126.
9122.
9119.
9116.
9113.
9109.
9106.
9101.
9098.
9093.
9090.
9085.
9082.
9078.
9072.
9069.
9064.
9059.
9055.
9050.
9046.
9042.
9037.
9031.
9028.
9024.
9018.
9013.
9008.
9003.
8998.
8994.
8989.
8983.
8977.
8974.
8968.
8962.
8957.
8952.
8947.
8944.
8942.
8943.
8948.
8954.
8961.
8970.
8979.
8989.
8997.
9004.
9010.
9015.
9018.
9019.
9021.
9023.
9021.
9021.
9022.
9021.
9020.
9020.
9020.
9019.
9018.
9020.
9021.
9020.
9021.
9021.
9022.
9023.
9024.
9024.
9025.
9026.
9026.
9029.
9029.
9031.
9032.
9033.
9035.
9037.
9038.
9040.
9042.
9044.
9046.
9047.
9050.
9053.
9055.
9056.
9060.
9062.
9064.
9067.
9069.
9071.
9074.
9076.
9079.
9083.
9084.
9086.
9088.
9090.
9093.
9095.
9096.
9097.
9099.
9100.
9102.
9102.
9103.
9104.
9103.
9101.
9102.
9102.
9100.
9099.
9098.
9098.
9097.
9094.
9093.
9091.
9090.
9088.
9086.
9084.
9082.
9079.
9077.
9074.
9071.
9068.
9065.
9061.
9059.
9055.
9053.
9050.
9046.
9044.
9040.
9036.
9031.
9028.
9026.
9020.
9017.
9013.
9009.
9004.
9000.
8996.
8993.
8988.
8983.
8979.
8975.
8970.
8966.
8960.
8954.
8951.
8947.
8942.
8938.
8933.
8928.
8923.
8919.
8914.
8908.
8903.
8898.
8895.
8889.
8884.
8879.
8873.
8868.
8863.
8858.
8853.
8848.
8847.
8848.
8849.
8855.
8863.
8871.
8878.
8886.
8892.
8898.
8903.
8905.
8908.
8909.
8909.
8908.
8907.
8907.
8906.
8905.
8904.
8903.
8904.
8904.
8903.
8902.
8903.
8903.
8903.
8902.
8904.
8903.
8903.
8903.
8905.
8905.
8905.
8906.
8907.
8908.
8909.
8910.
8910.
8913.
8914.
8916.
8916.
8919.
8919.
8921.
8923.
8925.
8928.
8929.
8931.
8933.
8936.
8937.
8939.
8940.
8944.
8947.
8950.
8952.
8954.
8957.
8960.
8962.
8966.
8967.
8970.
8972.
8974.
8977.
8980.
8982.
8984.
8986.
8988.
8989.
8991.
8992.
8994.
8995.
8996.
8995.
8996.
8995.
8995.
8995.
8995.
8995.
8994.
8994.
8994.
8991.
8990.
8989.
8988.
8986.
8984.
8982.
8980.
8978.
8977.
8973.
8970.
8970.
8968.
8966.
8962.
8960.
8957.
8954.
8951.
8948.
8945.
8942.
8940.
8937.
8933.
8930.
8928.
8925.
8920.
8917.
8914.
8909.
8904.
8901.
8899.
8894.
8889.
8887.
8884.
8879.
8875.
8871.
8867.
8862.
8858.
8854.
8849.
8844.
8840.
8836.
8831.
8826.
8821.
8817.
8811.
8808.
8803.
8799.
8793.
8788.
8783.
8778.
8772.
8767.
8760.
8755.
8751.
8745.
8739.
8735.
8728.
8723.
8717.
8711.
8705.
8700.
8695.
8688.
8683.
8677.
8671.
8665.
8659.
8653.
8646.
8641.
8635.
8630.
8627.
8626.
8628.
8633.
8639.
8643.
8647.
8652.
8655.
8658.
8661.
8662.
8662.
8664.
8662.
8660.
8657.
8655.
8652.
8649.
8648.
8646.
8644.
8643.
8641.
8638.
8636.
8635.
8633.
8632.
8630.
8630.
8627.
8627.
8626.
8623.
8621.
8620.
8620.
8618.
8617.
8616.
8616.
8616.
8615.
8616.
8615.
8615.
8614.
8614.
8614.
8614.
8614.
8614.
8614.
8614.
8615.
8615.
8617.
8616.
8617.
8618.
8619.
8620.
8621.
8621.
8623.
8624.
8626.
8627.
8628.
8629.
8631.
8633.
8633.
8634.
8632.
8629.
8625.
8616.
8606.
8594.
8585.
8577.
8572.
8568.
8567.
8565.
8566.
8566.
8566.
8566.
8565.
8563.
8561.
8559.
8557.
8555.
8554.
8551.
8549.
8548.
8545.
8542.
8540.
8539.
8535.
8533.
8530.
8529.
8525.
8522.
8519.
8518.
8513.
8510.
8508.
8504.
8500.
8499.
8495.
8492.
8488.
8485.
8481.
8477.
8474.
8470.
8466.
8463.
8458.
8454.
8450.
8446.
8442.
8438.
8433.
8429.
8424.
8420.
8415.
8410.
8405.
8401.
8395.
8391.
8386.
8381.
8375.
8370.
8364.
8358.
8353.
8348.
8342.
8337.
8330.
8325.
8319.
8314.
8307.
8300.
8295.
8288.
8282.
8277.
8270.
8264.
8258.
8252.
8245.
8239.
8232.
8226.
8219.
8212.
8206.
8200.
8193.
8186.
8179.
8172.
8165.
8158.
8151.
8145.
8139.
8133.
8128.
8127.
8130.
8135.
8140.
8146.
8153.
8160.
8165.
8167.
8167.
8167.
8165.
8163.
8160.
8157.
8153.
8150.
8146.
8144.
8142.
8138.
8133.
8131.
8129.
8124.
8121.
8118.
8115.
8111.
8107.
8105.
8101.
8098.
8094.
8091.
8087.
8084.
8081.
8077.
8074.
8071.
8068.
8065.
8061.
8058.
8055.
8052.
8049.
8046.
8043.
8039.
8036.
8033.
8030.
8027.
8023.
8021.
8017.
8014.
8010.
8008.
8005.
8001.
7998.
7996.
7993.
7989.
7985.
7983.
7979.
7976.
7972.
7969.
7965.
7962.
7960.
7957.
7953.
7949.
7946.
7943.
7940.
7936.
7933.
7929.
7925.
7922.
7918.
7914.
7911.
7907.
7903.
7898.
7895.
7890.
7887.
7884.
7880.
7875.
7870.
7866.
7861.
7858.
7854.
7849.
7845.
7840.
7835.
7830.
7826.
7821.
7815.
7812.
7807.
7802.
7796.
7792.
7786.
7781.
7774.
7769.
7763.
7757.
7751.
7745.
7740.
7734.
7729.
7723.
7716.
7710.
7704.
7698.
7692.
7687.
7683.
7681.
7682.
7687.
7695.
7703.
7714.
7720.
7727.
7732.
7736.
7739.
7742.
7743.
7744.
7744.
7742.
7741.
7738.
7736.
7733.
7733.
7730.
7728.
7725.
7723.
7720.
7718.
7716.
7713.
7711.
7710.
7708.
7705.
7703.
7701.
7699.
7697.
7695.
7694.
7691.
7690.
7687.
7687.
7685.
7682.
7681.
7679.
7678.
7676.
7675.
7674.
7673.
7672.
7670.
7670.
7668.
7667.
7666.
7665.
7663.
7663.
7662.
7662.
7661.
7661.
7659.
7659.
7659.
7658.
7658.
7658.
7657.
7656.
7657.
7656.
7657.
7657.
7657.
7658.
7658.
7658.
7659.
7660.
7660.
7661.
7661.
7662.
7663.
7664.
7665.
7665.
7667.
7668.
7669.
7670.
7672.
7673.
7674.
7676.
7674.
7673.
7667.
7661.
7653.
7644.
7635.
7628.
7623.
7619.
7619.
7618.
7617.
7615.
7615.
7614.
7612.
7611.
7611.
7609.
7607.
7605.
7603.
7601.
7600.
7598.
7596.
7594.
7592.
7589.
7587.
7584.
7582.
7579.
7577.
7574.
7572.
7569.
7566.
7564.
7561.
7557.
7555.
7552.
7550.
7547.
7543.
7540.
7536.
7533.
7530.
7525.
7522.
7517.
7514.
7509.
7505.
7501.
7497.
7493.
7488.
7485.
7479.
7474.
7470.
7466.
7461.
7456.
7452.
7445.
7440.
7436.
7430.
7426.
7420.
7414.
7409.
7404.
7398.
7392.
7387.
7382.
7377.
7371.
7364.
7360.
7354.
7348.
7342.
7337.
7330.
7325.
7320.
7314.
7307.
7303.
7297.
7292.
7285.
7280.
7274.
7267.
7263.
7257.
7251.
7245.
7239.
7235.
7229.
7224.
7218.
7213.
7208.
7206.
7204.
7206.
7212.
7221.
7230.
7238.
7249.
7257.
7263.
7265.
7268.
7270.
7269.
7269.
7268.
7265.
7264.
7263.
7261.
7259.
7257.
7256.
7254.
7251.
7251.
7248.
7247.
7245.
7244.
7242.
7239.
7237.
7236.
7235.
7233.
7231.
7229.
7227.
7225.
7222.
7221.
7220.
7218.
7217.
7214.
7213.
7212.
7210.
7208.
7205.
7204.
7202.
7201.
7199.
7197.
7196.
7194.
7193.
7190.
7189.
7187.
7186.
7184.
7183.
7181.
7181.
7178.
7177.
7176.
7175.
7172.
7171.
7170.
7168.
7168.
7166.
7165.
7164.
7163.
7162.
7161.
7160.
7160.
7159.
7158.
7157.
7156.
7156.
7155.
7154.
7154.
7154.
7153.
7154.
7153.
7154.
7153.
7154.
7154.
7154.
7154.
7154.
7154.
7155.
7155.
7157.
7157.
7157.
7157.
7156.
7152.
7147.
7141.
7130.
7119.
7111.
7102.
7095.
7088.
7085.
7082.
7079.
7077.
7075.
7072.
7071.
7068.
7065.
7064.
7061.
7058.
7056.
7054.
7051.
7048.
7044.
7040.
7038.
7035.
7032.
7028.
7024.
7021.
7016.
7012.
7009.
7005.
7001.
6997.
6993.
6989.
6984.
6980.
6975.
6971.
6966.
6961.
6956.
6951.
6946.
6941.
6937.
6931.
6926.
6920.
6915.
6910.
6905.
6898.
6893.
6889.
6883.
6878.
6873.
6866.
6860.
6855.
6850.
6845.
6838.
6833.
6827.
6822.
6817.
6812.
6806.
6800.
6795.
6790.
6785.
6779.
6772.
6767.
6762.
6756.
6751.
6747.
6742.
6737.
6732.
6725.
6721.
6716.
6712.
6705.
6702.
6697.
6693.
6688.
6684.
6680.
6676.
6672.
6668.
6664.
6660.
6659.
6659.
6660.
6662.
6668.
6674.
6677.
6681.
6682.
6685.
6687.
6687.
6687.
6687.
6686.
6685.
6683.
6681.
6681.
6679.
6677.
6677.
6675.
6675.
6673.
6672.
6671.
6671.
6670.
6670.
6668.
6667.
6667.
6667.
6666.
6665.
6663.
6662.
6662.
6662.
6661.
6661.
6661.
6661.
6660.
6661.
6660.
6660.
6660.
6660.
6659.
6660.
6660.
6660.
6661.
6662.
6663.
6663.
6663.
6664.
6665.
6666.
6665.
6668.
6668.
6670.
6670.
6671.
6672.
6674.
6675.
6677.
6679.
6680.
6683.
6685.
6685.
6687.
6690.
6689.
6689.
6686.
6681.
6675.
6665.
6657.
6648.
6639.
6633.
6629.
6626.
6624.
6623.
6622.
6620.
6619.
6618.
6616.
6617.
6614.
6612.
6609.
6607.
6605.
6601.
6599.
6595.
6593.
6591.
6588.
6584.
6582.
6579.
6575.
6573.
6569.
6565.
6560.
6558.
6554.
6549.
6545.
6541.
6537.
6533.
6529.
6524.
6520.
6515.
6510.
6505.
6501.
6496.
6491.
6485.
6481.
6476.
6471.
6466.
6461.
6455.
6451.
6445.
6440.
6434.
6428.
6423.
6418.
6413.
6408.
6403.
6398.
6394.
6390.
6385.
6381.
6376.
6371.
6367.
6363.
6359.
6355.
6351.
6350.
6346.
6342.
6338.
6336.
6334.
6332.
6329.
6326.
6324.
6323.
6321.
6320.
6320.
6318.
6318.
6316.
6316.
6315.
6315.
6316.
6316.
6316.
6317.
6316.
6317.
6317.
6319.
6320.
6320.
6322.
6323.
6325.
6326.
6327.
6327.
6326.
6323.
6315.
6307.
6297.
6284.
6272.
6261.
6251.
6240.
6231.
6223.
6218.
6213.
6209.
6205.
6201.
6198.
6194.
6190.
6187.
6183.
6179.
6175.
6171.
6167.
6163.
6158.
6155.
6149.
6144.
6139.
6135.
6130.
6124.
6119.
6114.
6108.
6102.
6096.
6091.
6086.
6080.
6074.
6068.
6062.
6056.
6050.
6044.
6039.
6033.
6028.
6022.
6018.
6013.
6009.
6004.
6000.
5996.
5991.
5987.
5983.
5979.
5975.
5972.
5969.
5966.
5962.
5959.
5954.
5951.
5947.
5944.
5940.
5938.
5933.
5929.
5924.
5918.
5914.
5909.
5903.
5898.
5892.
5887.
5882.
5878.
5873.
5870.
5866.
5864.
5861.
5858.
5855.
5853.
5850.
5849.
5846.
5845.
5843.
5841.
5840.
5838.
5836.
5835.
5833.
5832.
5832.
5830.
5829.
5829.
5828.
5828.
5827.
5828.
5829.
5829.
5830.
5831.
5832.
5833.
5834.
5835.
5836.
5839.
5840.
5841.
5842.
5844.
5845.
5847.
5848.
5851.
5854.
5855.
5855.
5859.
5861.
5862.
5865.
5868.
5871.
5873.
5876.
5878.
5881.
5884.
5887.
5889.
5892.
5896.
5898.
5901.
5904.
5907.
5910.
5913.
5915.
5920.
5923.
5925.
5926.
5925.
5920.
5915.
5908.
5900.
5892.
5884.
5878.
5870.
5864.
5860.
5856.
5853.
5851.
5849.
5848.
5846.
5844.
5841.
5839.
5836.
5833.
5831.
5829.
5827.
5824.
5823.
5821.
5819.
5817.
5814.
5811.
5807.
5805.
5801.
5798.
5795.
5791.
5788.
5785.
5780.
5776.
5771.
5767.
5762.
5759.
5754.
5749.
5744.
5740.
5736.
5732.
5727.
5723.
5718.
5713.
5708.
5704.
5699.
5695.
5693.
5689.
5685.
5683.
5680.
5679.
5676.
5675.
5674.
5674.
5672.
5671.
5670.
5670.
5670.
5670.
5671.
5671.
5672.
5673.
5674.
5675.
5676.
5677.
5678.
5681.
5682.
5684.
5686.
5687.
5691.
5692.
5696.
5699.
5701.
5704.
5708.
5710.
5713.
5716.
5720.
5724.
5728.
5731.
5734.
5738.
5741.
5744.
5747.
5749.
5748.
5744.
5738.
5730.
5721.
5712.
5703.
5692.
5681.
5671.
5661.
5652.
5644.
5638.
5634.
5629.
5626.
5625.
5622.
5620.
5618.
5616.
5614.
5612.
5609.
5606.
5603.
5601.
5598.
5596.
5593.
5591.
5588.
5584.
5582.
5580.
5578.
5574.
5574.
5571.
5569.
5568.
5565.
5564.
5563.
5563.
5562.
5561.
5561.
5560.
5560.
5560.
5561.
5561.
5562.
5562.
5563.
5565.
5567.
5567.
5570.
5572.
5574.
5576.
5578.
5581.
5584.
5587.
5589.
5593.
5596.
5599.
5602.
5605.
5609.
5612.
5615.
5618.
5622.
5626.
5629.
5632.
5633.
5631.
5627.
5622.
5613.
5604.
5593.
5583.
5571.
5560.
5547.
5534.
5521.
5509.
5496.
5482.
5471.
5457.
5446.
5432.
5418.
5407.
5397.
5385.
5376.
5365.
5354.
5345.
5337.
5327.
5319.
5311.
5303.
5296.
5288.
5281.
5275.
5270.
5263.
5257.
5251.
5246.
5241.
5238.
5235.
5230.
5230.
5227.
5226.
5226.
5224.
5225.
5225.
5226.
5227.
5229.
5231.
5233.
5235.
5238.
5242.
5244.
5247.
5253.
5257.
5261.
5266.
5272.
5277.
5281.
5287.
5291.
5296.
5299.
5303.
5307.
5310.
5312.
5313.
5312.
5310.
5307.
5303.
5300.
5297.
5292.
5287.
5280.
5274.
5269.
5264.
5258.
5253.
5247.
5242.
5237.
5232.
5226.
5220.
5213.
5207.
5200.
5193.
5185.
5179.
5170.
5162.
5155.
5150.
5143.
5138.
5132.
5126.
5120.
5116.
5112.
5107.
5103.
5099.
5094.
5091.
5088.
5085.
5082.
5079.
5076.
5075.
5074.
5072.
5070.
5068.
5066.
5065.
5062.
5060.
5058.
5057.
5056.
5055.
5053.
5050.
5049.
5048.
5046.
5045.
5045.
5045.
5044.
5043.
5044.
5045.
5044.
5044.
5045.
5044.
5043.
5042.
5039.
5039.
5038.
5036.
5035.
5036.
5034.
5033.
5031.
5031.
5032.
5032.
5031.
5028.
5025.
5022.
5019.
5015.
5011.
5009.
5005.
5001.
4996.
4991.
4987.
4982.
4978.
4974.
4968.
4965.
4961.
4958.
4955.
4951.
4948.
4945.
4942.
4940.
4938.
4935.
4933.
4929.
4928.
4925.
4922.
4919.
4917.
4915.
4913.
4910.
4907.
4904.
4901.
4900.
4897.
4896.
4895.
4893.
4892.
4888.
4888.
4887.
4885.
4882.
4881.
4879.
4877.
4874.
4873.
4873.
4871.
4869.
4869.
4866.
4864.
4862.
4861.
4859.
4858.
4857.
4856.
4855.
4852.
4852.
4852.
4852.
4850.
4847.
4845.
4844.
4843.
4843.
4844.
4843.
4842.
4842.
4842.
4842.
4842.
4843.
4844.
4845.
4845.
4844.
4843.
4843.
4842.
4843.
4843.
4844.
4842.
4842.
4841.
4841.
4842.
4843.
4843.
4843.
4843.
4843.
4841.
4841.
4841.
4842.
4841.
4841.
4840.
4838.
4836.
4837.
4836.
4835.
4834.
4833.
4830.
4828.
4827.
4827.
4826.
4826.
4825.
4821.
4820.
4819.
4818.
4819.
4818.
4816.
4814.
4811.
4807.
4805.
4804.
4803.
4801.
4798.
4794.
4792.
4789.
4787.
4784.
4783.
4780.
4776.
4773.
4769.
4767.
4766.
4763.
4762.
4759.
4757.
4753.
4751.
4749.
4748.
4747.
4746.
4745.
4741.
4739.
4737.
4737.
4738.
4738.
4737.
4738.
4738.
4736.
4735.
4736.
4736.
4736.
4738.
4739.
4737.
4737.
4735.
4735.
4734.
4734.
4734.
4734.
4733.
4731.
4729.
4729.
4729.
4729.
4729.
4726.
4725.
4723.
4721.
4719.
4717.
4716.
4716.
4713.
4710.
4708.
4705.
4703.
4700.
4698.
4694.
4691.
4690.
4686.
4684.
4683.
4681.
4680.
4678.
4676.
4673.
4670.
4667.
4666.
4665.
4663.
4662.
4659.
4658.
4653.
4652.
4649.
4647.
4645.
4643.
4640.
4637.
4634.
4632.
4629.
4629.
4628.
4625.
4624.
4623.
4620.
4619.
4618.
4618.
4618.
4616.
4614.
4613.
4613.
4611.
4612.
4611.
4611.
4610.
4609.
4608.
4608.
4605.
4605.
4605.
4604.
4602.
4600.
4598.
4598.
4596.
4595.
4594.
4593.
4590.
4590.
4587.
4585.
4586.
4584.
4582.
4579.
4578.
4575.
4575.
4571.
4569.
4566.
4564.
4562.
4560.
4559.
4557.
4556.
4553.
4551.
4550.
4547.
4544.
4543.
4541.
4539.
4539.
4537.
4535.
4535.
4532.
4531.
4530.
4531.
4529.
4527.
4527.
4525.
4524.
4523.
4523.
4521.
4520.
4518.
4516.
4516.
4515.
4514.
4513.
4512.
4510.
4510.
4509.
4508.
4507.
4506.
4505.
4505.
4505.
4503.
4502.
4501.
4500.
4500.
4500.
4499.
4499.
4498.
4498.
4497.
4498.
4498.
4497.
4496.
4497.
4495.
4495.
4496.
4495.
4496.
4497.
4494.
4495.
4495.
4493.
4494.
4494.
4493.
4493.
4492.
4490.
4489.
4489.
4488.
4488.
4486.
4485.
4484.
4482.
4482.
4481.
4480.
4479.
4479.
4478.
4476.
4475.
4474.
4474.
4473.
4472.
4471.
4472.
4469.
4468.
4468.
4466.
4465.
4465.
4465.
4464.
4462.
4461.
4461.
4458.
4457.
4457.
4457.
4456.
4455.
4455.
4453.
4454.
4452.
4453.
4452.
4451.
4451.
4451.
4451.
4451.
4449.
4450.
4448.
4448.
4448.
4447.
4448.
4447.
4447.
4447.
4447.
4447.
4445.
4446.
4446.
4446.
4446.
4445.
4445.
4444.
4443.
4443.
4443.
4442.
4441.
4441.
4440.
4440.
4440.
4438.
4437.
4437.
4436.
4436.
4435.
4435.
4434.
4434.
4433.
4433.
4432.
4433.
4432.
4431.
4431.
4431.
4432.
4431.
4430.
4429.
4429.
4428.
4429.
4428.
4427.
4427.
4425.
4425.
4424.
4423.
4423.
4422.
4421.
4420.
4420.
4421.
4420.
4419.
4419.
4419.
4418.
4419.
4419.
4419.
4419.
4420.
4419.
4420.
4419.
4420.
4421.
4420.
4420.
4419.
4420.
4421.
4418.
4419.
4420.
4420.
4421.
4423.
4422.
4422.
4422.
4423.
4422.
4422.
4423.
4424.
4424.
4424.
4424.
4426.
4426.
4427.
4426.
4426.
4426.
4426.
4426.
4427.
4426.
4426.
4426.
4425.
4426.
4425.
4424.
4422.
4423.
4422.
4422.
4420.
4418.
4417.
4416.
4415.
4414.
4413.
4413.
4413.
4412.
4411.
4410.
4409.
4409.
4409.
4408.
4408.
4407.
4407.
4407.
4406.
4406.
4406.
4405.
4405.
4404.
4404.
4404.
4404.
4402.
4403.
4403.
4403.
4404.
4403.
4404.
4405.
4405.
4405.
4406.
4405.
4406.
4406.
4407.
4408.
4409.
4410.
4412.
4414.
4415.
4417.
4419.
4422.
4426.
4430.
4435.
4439.
4445.
4449.
4454.
4460.
4465.
4472.
4478.
4483.
4489.
4494.
4500.
4506.
4513.
4519.
4526.
4533.
4540.
4546.
4553.
4561.
4568.
4574.
4582.
4589.
4597.
4603.
4610.
4617.
4625.
4632.
4638.
4644.
4652.
4659.
4665.
4672.
4679.
4686.
4693.
4699.
4707.
4715.
4719.
4722.
4724.
4725.
4724.
4723.
4721.
4718.
4715.
4710.
4706.
4703.
4699.
4694.
4688.
4682.
4677.
4672.
4667.
4663.
4656.
4652.
4646.
4642.
4638.
4633.
4628.
4623.
4618.
4614.
4608.
4602.
4597.
4594.
4589.
4585.
4583.
4578.
4574.
4570.
4568.
4565.
4562.
4559.
4556.
4554.
4551.
4550.
4550.
4547.
4547.
4544.
4543.
4541.
4538.
4537.
4537.
4535.
4533.
4530.
4528.
4525.
4524.
4522.
4519.
4517.
4515.
4512.
4510.
4510.
4508.
4507.
4507.
4504.
4502.
4500.
4499.
4499.
4498.
4497.
4496.
4495.
4493.
4494.
4493.
4493.
4491.
4492.
4490.
4490.
4488.
4486.
4487.
4487.
4488.
4487.
4486.
4488.
4487.
4487.
4486.
4487.
4486.
4485.
4485.
4485.
4485.
4485.
4486.
4488.
4490.
4491.
4492.
4493.
4494.
4495.
4497.
4498.
4500.
4503.
4505.
4506.
4509.
4511.
4512.
4514.
4516.
4518.
4519.
4522.
4525.
4528.
4532.
4534.
4538.
4543.
4548.
4552.
4555.
4561.
4564.
4567.
4570.
4574.
4577.
4580.
4583.
4585.
4587.
4591.
4592.
4593.
4596.
4597.
4599.
4600.
4602.
4601.
4603.
4604.
4605.
4607.
4607.
4607.
4607.
4609.
4609.
4610.
4610.
4609.
4610.
4610.
4610.
4610.
4610.
4610.
4610.
4610.
4609.
4609.
4609.
4610.
4610.
4609.
4608.
4609.
4609.
4610.
4612.
4612.
4614.
4615.
4616.
4618.
4619.
4621.
4623.
4624.
4626.
4628.
4630.
4632.
4634.
4636.
4639.
4642.
4644.
4645.
4645.
4645.
4646.
4647.
4646.
4646.
4646.
4646.
4646.
4646.
4646.
4644.
4644.
4643.
4640.
4640.
4637.
4637.
4634.
4633.
4633.
4631.
4631.
4632.
4630.
4631.
4633.
4636.
4638.
4640.
4643.
4647.
4650.
4653.
4654.
4659.
4664.
4668.
4673.
4677.
4682.
4687.
4691.
4697.
4703.
4707.
4712.
4714.
4719.
4723.
4724.
4726.
4725.
4724.
4724.
4722.
4721.
4719.
4717.
4715.
4713.
4710.
4707.
4704.
4702.
4700.
4696.
4693.
4691.
4689.
4685.
4682.
4680.
4677.
4674.
4673.
4671.
4668.
4667.
4663.
4662.
4661.
4659.
4658.
4657.
4656.
4653.
4651.
4650.
4650.
4649.
4649.
4650.
4651.
4651.
4653.
4653.
4655.
4657.
4659.
4663.
4665.
4668.
4671.
4675.
4677.
4681.
4685.
4688.
4691.
4694.
4699.
4703.
4707.
4711.
4714.
4719.
4724.
4728.
4733.
4738.
4742.
4748.
4752.
4756.
4760.
4765.
4770.
4776.
4779.
4783.
4787.
4790.
4792.
4795.
4795.
4795.
4794.
4793.
4791.
4789.
4789.
4788.
4789.
4787.
4787.
4784.
4782.
4780.
4779.
4778.
4776.
4775.
4772.
4769.
4767.
4763.
4761.
4759.
4757.
4754.
4752.
4750.
4748.
4746.
4745.
4745.
4743.
4743.
4742.
4742.
4740.
4741.
4740.
4740.
4740.
4740.
4740.
4740.
4740.
4741.
4741.
4743.
4743.
4743.
4745.
4747.
4749.
4752.
4754.
4755.
4758.
4759.
4763.
4766.
4768.
4771.
4773.
4776.
4780.
4785.
4787.
4790.
4793.
4797.
4800.
4803.
4807.
4811.
4813.
4816.
4818.
4821.
4822.
4822.
4820.
4821.
4820.
4819.
4818.
4817.
4818.
4819.
4819.
4820.
4819.
4821.
4822.
4823.
4827.
4828.
4829.
4831.
4833.
4835.
4836.
4836.
4835.
4836.
4836.
4836.
4835.
4834.
4834.
4833.
4831.
4831.
4830.
4830.
4828.
4827.
4825.
4826.
4826.
4825.
4825.
4825.
4826.
4825.
4826.
4828.
4829.
4830.
4832.
4834.
4835.
4835.
4837.
4838.
4838.
4840.
4841.
4842.
4843.
4845.
4848.
4851.
4852.
4853.
4855.
4858.
4860.
4861.
4864.
4867.
4870.
4873.
4875.
4878.
4882.
4885.
4887.
4891.
4894.
4897.
4900.
4904.
4908.
4911.
4915.
4918.
4922.
4924.
4930.
4933.
4937.
4942.
4945.
4949.
4953.
4956.
4960.
4964.
4968.
4973.
4978.
4982.
4986.
4990.
4994.
4998.
5003.
5007.
5009.
5015.
5019.
5025.
5029.
5033.
5037.
5043.
5048.
5054.
5058.
5064.
5070.
5077.
5085.
5092.
5101.
5108.
5115.
5123.
5130.
5139.
5146.
5153.
5159.
5164.
5168.
5173.
5175.
5177.
5179.
5180.
5181.
5182.
5182.
5184.
5183.
5183.
5184.
5183.
5181.
5180.
5178.
5178.
5175.
5174.
5172.
5172.
5171.
5171.
5171.
5171.
5171.
5171.
5170.
5172.
5173.
5173.
5173.
5174.
5174.
5175.
5176.
5176.
5178.
5177.
5179.
5182.
5182.
5184.
5184.
5186.
5188.
5189.
5190.
5193.
5194.
5195.
5197.
5199.
5201.
5203.
5206.
5208.
5209.
5211.
5213.
5214.
5215.
5218.
5219.
5223.
5224.
5226.
5229.
5231.
5233.
5235.
5237.
5239.
5242.
5244.
5246.
5248.
5250.
5253.
5255.
5258.
5260.
5263.
5264.
5267.
5269.
5271.
5274.
5277.
5279.
5282.
5284.
5287.
5289.
5291.
5294.
5298.
5301.
5305.
5309.
5311.
5314.
5316.
5320.
5321.
5325.
5327.
5329.
5332.
5333.
5337.
5340.
5343.
5346.
5349.
5352.
5353.
5357.
5359.
5363.
5365.
5367.
5369.
5371.
5373.
5375.
5376.
5377.
5378.
5380.
5381.
5382.
5383.
5383.
5385.
5385.
5387.
5388.
5389.
5391.
5391.
5393.
5393.
5394.
5394.
5394.
5396.
5395.
5396.
5397.
5396.
5397.
5397.
5398.
5398.
5398.
5399.
5400.
5400.
5402.
5402.
5403.
5404.
5403.
5403.
5402.
5403.
5403.
5403.
5404.
5404.
5404.
5405.
5406.
5406.
5405.
5405.
5406.
5405.
5406.
5406.
5406.
5406.
5406.
5406.
5407.
5407.
5407.
5406.
5405.
5404.
5402.
5402.
5400.
5399.
5398.
5396.
5394.
5391.
5390.
5387.
5387.
5385.
5384.
5383.
5382.
5382.
5382.
5380.
5380.
5380.
5381.
5381.
5381.
5382.
5382.
5382.
5382.
5383.
5383.
5382.
5383.
5384.
5385.
5385.
5385.
5385.
5386.
5386.
5386.
5388.
5389.
5390.
5391.
5391.
5393.
5393.
5394.
5396.
5396.
5397.
5398.
5399.
5401.
5403.
5405.
5406.
5409.
5411.
5412.
5415.
5416.
5419.
5421.
5423.
5426.
5428.
5430.
5433.
5436.
5438.
5441.
5444.
5448.
5451.
5455.
5459.
5463.
5466.
5469.
5473.
5477.
5481.
5484.
5488.
5492.
5497.
5500.
5504.
5509.
5512.
5517.
5520.
5524.
5527.
5529.
5532.
5534.
5537.
5538.
5540.
5541.
5543.
5543.
5544.
5545.
5544.
5544.
5543.
5544.
5544.
5543.
5544.
5544.
5546.
5546.
5548.
5550.
5552.
5552.
5554.
5555.
5557.
5559.
5560.
5561.
5563.
5566.
5567.
5570.
5571.
5573.
5574.
5576.
5578.
5580.
5582.
5584.
5587.
5588.
5591.
5594.
5596.
5597.
5599.
5602.
5605.
5607.
5609.
5612.
5615.
5617.
5620.
5623.
5625.
5628.
5631.
5633.
5636.
5638.
5641.
5643.
5646.
5649.
5651.
5654.
5656.
5658.
5661.
5664.
5667.
5668.
5672.
5674.
5677.
5680.
5682.
5686.
5687.
5690.
5693.
5694.
5697.
5700.
5703.
5706.
5709.
5711.
5715.
5717.
5720.
5722.
5724.
5726.
5728.
5731.
5733.
5737.
5738.
5741.
5743.
5746.
5749.
5753.
5756.
5758.
5761.
5762.
5765.
5769.
5770.
5772.
5775.
5778.
5780.
5784.
5787.
5790.
5792.
5795.
5796.
5799.
5803.
5804.
5806.
5810.
5812.
5815.
5817.
5822.
5824.
5827.
5829.
5833.
5836.
5838.
5841.
5844.
5847.
5850.
5853.
5855.
5856.
5859.
5861.
5863.
5866.
5869.
5871.
5874.
5875.
5878.
5881.
5884.
5886.
5888.
5890.
5893.
5896.
5898.
5901.
5904.
5906.
5908.
5909.
5914.
5915.
5917.
5921.
5923.
5925.
5927.
5930.
5933.
5936.
5938.
5941.
5945.
5947.
5950.
5952.
5954.
5956.
5958.
5961.
5965.
5967.
5969.
5973.
5975.
5978.
5981.
5984.
5987.
5990.
5993.
5996.
5999.
6001.
6003.
6005.
6007.
6011.
6013.
6015.
6018.
6021.
6022.
6025.
6027.
6030.
6032.
6034.
6037.
6040.
6043.
6046.
6047.
6050.
6053.
6055.
6056.
6059.
6061.
6062.
6066.
6068.
6070.
6072.
6072.
6075.
6078.
6080.
6082.
6085.
6086.
6089.
6092.
6094.
6096.
6098.
6100.
6102.
6104.
6106.
6109.
6111.
6114.
6116.
6117.
6119.
6121.
6122.
6125.
6126.
6130.
6132.
6135.
6136.
6138.
6139.
6141.
6143.
6145.
6147.
6150.
6152.
6153.
6154.
6157.
6159.
6161.
6162.
6164.
6165.
6166.
6168.
6171.
6172.
6174.
6177.
6177.
6181.
6183.
6185.
6188.
6189.
6193.
6195.
6198.
6203.
6206.
6208.
6211.
6216.
6220.
6224.
6227.
6231.
6235.
6237.
6241.
6246.
6248.
6252.
6255.
6258.
6260.
6262.
6264.
6266.
6266.
6268.
6268.
6269.
6268.
6267.
6267.
6267.
6267.
6267.
6269.
6269.
6270.
6270.
6269.
6270.
6270.
6270.
6270.
6270.
6271.
6272.
6272.
6273.
6273.
6275.
6276.
6275.
6277.
6277.
6279.
6280.
6281.
6284.
6285.
6286.
6287.
6288.
6290.
6289.
6289.
6291.
6291.
6293.
6294.
6295.
6295.
6297.
6298.
6298.
6298.
6300.
6299.
6300.
6302.
6303.
6304.
6305.
6304.
6305.
6307.
6306.
6308.
6308.
6310.
6311.
6313.
6312.
6313.
6315.
6316.
6318.
6319.
6321.
6323.
6325.
6326.
6328.
6330.
6334.
6336.
6336.
6338.
6339.
6340.
6342.
6343.
6343.
6344.
6345.
6344.
6345.
6345.
6345.
6345.
6345.
6346.
6347.
6347.
6349.
6351.
6353.
6355.
6358.
6360.
6364.
6366.
6368.
6370.
6371.
6374.
6374.
6377.
6379.
6382.
6384.
6386.
6388.
6392.
6395.
6397.
6400.
6403.
6406.
6409.
6412.
6413.
6415.
6417.
6420.
6422.
6426.
6427.
6429.
6432.
6434.
6436.
6437.
6441.
6443.
6445.
6448.
6450.
6452.
6455.
6456.
6459.
6462.
6465.
6467.
6469.
6471.
6474.
6477.
6479.
6481.
6484.
6486.
6488.
6491.
6495.
6497.
6498.
6501.
6503.
6506.
6508.
6511.
6514.
6516.
6519.
6521.
6524.
6526.
6530.
6533.
6536.
6540.
6542.
6545.
6548.
6550.
6553.
6556.
6559.
6562.
6565.
6568.
6571.
6574.
6578.
6580.
6584.
6587.
6589.
6593.
6599.
6601.
6605.
6609.
6614.
6617.
6620.
6626.
6630.
6633.
6638.
6643.
6646.
6650.
6654.
6659.
6664.
6667.
6671.
6675.
6680.
6685.
6689.
6693.
6697.
6701.
6705.
6706.
6710.
6710.
6712.
6714.
6715.
6717.
6717.
6718.
6720.
6722.
6723.
6724.
6723.
6725.
6725.
6728.
6729.
6731.
6731.
6732.
6733.
6734.
6735.
6738.
6740.
6742.
6744.
6747.
6749.
6751.
6753.
6757.
6760.
6764.
6766.
6769.
6772.
6777.
6781.
6784.
6787.
6791.
6794.
6797.
6802.
6805.
6810.
6814.
6816.
6820.
6824.
6827.
6831.
6834.
6838.
6842.
6846.
6849.
6853.
6858.
6861.
6863.
6867.
6871.
6875.
6879.
6882.
6886.
6890.
6892.
6897.
6901.
6906.
6910.
6913.
6916.
6919.
6923.
6926.
6930.
6933.
6937.
6940.
6942.
6946.
6950.
6953.
6956.
6960.
6964.
6969.
6972.
6976.
6978.
6982.
6986.
6989.
6992.
6996.
6998.
7001.
7004.
7006.
7009.
7013.
7016.
7020.
7023.
7026.
7028.
7032.
7034.
7037.
7040.
7044.
7047.
7049.
7053.
7054.
7059.
7062.
7064.
7067.
7070.
7072.
7075.
7078.
7082.
7084.
7088.
7090.
7092.
7095.
7097.
7101.
7103.
7106.
7110.
7112.
7114.
7117.
7120.
7125.
7126.
7130.
7133.
7135.
7138.
7141.
7144.
7146.
7148.
7152.
7156.
7159.
7162.
7165.
7168.
7171.
7174.
7177.
7180.
7182.
7186.
7189.
7191.
7194.
7197.
7200.
7202.
7205.
7207.
7210.
7213.
7216.
7219.
7222.
7225.
7227.
7231.
7234.
7236.
7240.
7241.
7245.
7248.
7250.
7254.
7257.
7260.
7263.
7265.
7268.
7272.
7274.
7277.
7280.
7283.
7287.
7289.
7293.
7296.
7300.
7304.
7307.
7311.
7316.
7318.
7322.
7326.
7328.
7332.
7338.
7341.
7345.
7350.
7354.
7358.
7363.
7366.
7371.
7374.
7379.
7382.
7387.
7390.
7396.
7400.
7403.
7408.
7411.
7415.
7419.
7423.
7428.
7430.
7434.
7440.
7444.
7446.
7449.
7451.
7456.
7457.
7460.
7462.
7463.
7466.
7469.
7472.
7474.
7477.
7481.
7485.
7488.
7492.
7494.
7496.
7499.
7501.
7505.
7508.
7510.
7514.
7518.
7522.
7526.
7528.
7531.
7533.
7538.
7541.
7543.
7547.
7550.
7554.
7555.
7559.
7562.
7565.
7568.
7571.
7573.
7576.
7579.
7582.
7585.
7589.
7591.
7593.
7596.
7598.
7601.
7605.
7609.
7611.
7613.
7617.
7618.
7621.
7624.
7627.
7629.
7631.
7634.
7637.
7639.
7642.
7645.
7647.
7649.
7652.
7654.
7657.
7660.
7663.
7665.
7668.
7670.
7673.
7675.
7678.
7681.
7683.
7685.
7688.
7690.
7692.
7694.
7697.
7700.
7702.
7704.
7707.
7709.
7711.
7714.
7716.
7718.
7720.
7722.
7725.
7727.
7729.
7732.
7734.
7736.
7738.
7740.
7743.
7745.
7746.
7749.
7751.
7753.
7756.
7757.
7759.
7760.
7763.
7764.
7766.
7768.
7770.
7773.
7775.
7778.
7778.
7779.
7781.
7783.
7785.
7786.
7789.
7790.
7791.
7793.
7796.
7797.
7799.
7801.
7803.
7803.
7804.
7806.
7808.
7810.
7811.
7813.
7815.
7816.
7819.
7820.
7821.
7822.
7823.
7825.
7827.
7830.
7831.
7832.
7834.
7836.
7837.
7838.
7840.
7841.
7844.
7845.
7847.
7849.
7851.
7852.
7854.
7857.
7858.
7860.
7863.
7864.
7866.
7868.
7869.
7872.
7875.
7876.
7879.
7880.
7883.
7884.
7887.
7889.
7891.
7895.
7896.
7899.
7901.
7905.
7908.
7911.
7914.
7916.
7918.
7920.
7923.
7925.
7927.
7930.
7932.
7934.
7936.
7938.
7939.
7941.
7943.
7945.
7948.
7951.
7953.
7957.
7959.
7962.
7965.
7968.
7970.
7973.
7975.
7978.
7981.
7984.
7987.
7989.
7992.
7995.
7997.
8001.
8003.
8007.
8010.
8012.
8014.
8017.
8020.
8024.
8026.
8028.
8031.
8034.
8036.
8039.
8042.
8045.
8046.
8050.
8053.
8056.
8058.
8060.
8063.
8066.
8068.
8070.
8074.
8076.
8079.
8082.
8084.
8087.
8090.
8093.
8095.
8098.
8099.
8101.
8104.
8106.
8109.
8111.
8113.
8115.
8119.
8121.
8122.
8126.
8129.
8130.
8133.
8136.
8138.
8140.
8143.
8146.
8148.
8148.
8152.
8153.
8155.
8157.
8159.
8161.
8164.
8165.
8167.
8167.
8170.
8173.
8175.
8177.
8178.
8180.
8181.
8184.
8184.
8187.
8188.
8189.
8191.
8193.
8195.
8195.
8197.
8198.
8200.
8202.
8202.
8204.
8205.
8206.
8207.
8208.
8208.
8210.
8211.
8212.
8214.
8214.
8214.
8215.
8216.
8217.
8218.
8218.
8219.
8221.
8220.
8222.
8222.
8222.
8223.
8224.
8224.
8225.
8227.
8228.
8228.
8228.
8230.
8229.
8231.
8234.
8239.
8244.
8250.
8257.
8264.
8273.
8281.
8288.
8296.
8302.
8308.
8312.
8316.
8319.
8321.
8324.
8327.
8329.
8333.
8336.
8339.
8341.
8343.
8346.
8349.
8351.
8355.
8358.
8362.
8363.
8366.
8370.
8373.
8376.
8378.
8381.
8386.
8389.
8392.
8395.
8399.
8402.
8407.
8410.
8413.
8416.
8419.
8423.
8427.
8429.
8432.
8436.
8440.
8443.
8446.
8450.
8454.
8457.
8460.
8464.
8467.
8471.
8473.
8476.
8479.
8483.
8486.
8489.
8493.
8495.
8497.
8501.
8504.
8507.
8509.
8512.
8515.
8516.
8519.
8521.
8524.
8526.
8528.
8531.
8532.
8534.
8536.
8538.
8539.
8541.
8543.
8544.
8545.
8547.
8548.
8550.
8551.
8553.
8553.
8554.
8555.
8556.
8557.
8557.
8556.
8557.
8558.
8558.
8559.
8559.
8559.
8558.
8559.
8558.
8557.
8558.
8556.
8555.
8556.
8555.
8553.
8554.
8553.
8553.
8552.
8551.
8551.
8549.
8549.
8547.
8545.
8546.
8544.
8544.
8543.
8542.
8539.
8539.
8539.
8538.
8536.
8535.
8533.
8531.
8530.
8529.
8528.
8525.
8524.
8522.
8521.
8519.
8518.
8517.
8515.
8514.
8513.
8513.
8513.
8512.
8513.
8512.
8513.
8514.
8515.
8517.
8520.
8522.
8527.
8530.
8534.
8539.
8543.
8548.
8553.
8558.
8563.
8567.
8571.
8576.
8578.
8582.
8584.
8588.
8591.
8593.
8595.
8598.
8602.
8603.
8606.
8609.
8612.
8614.
8617.
8621.
8625.
8627.
8631.
8635.
8638.
8642.
8644.
8648.
8652.
8656.
8660.
8664.
8668.
8672.
8676.
8680.
8685.
8689.
8693.
8698.
8702.
8707.
8712.
8716.
8721.
8726.
8731.
8735.
8740.
8743.
8748.
8752.
8758.
8763.
8767.
8771.
8777.
8782.
8786.
8789.
8794.
8798.
8801.
8805.
8809.
8811.
8814.
8818.
8819.
8822.
8825.
8828.
8829.
8831.
8834.
8835.
8837.
8837.
8839.
8842.
8843.
8845.
8846.
8847.
8848.
8849.
8850.
8851.
8851.
8851.
8852.
8853.
8854.
8854.
8855.
8854.
8854.
8855.
8856.
8856.
8857.
8856.
8856.
8857.
8857.
8856.
8856.
8856.
8857.
8857.
8856.
8856.
8856.
8856.
8855.
8854.
8854.
8855.
8856.
8855.
8855.
8855.
8855.
8855.
8854.
8854.
8854.
8853.
8852.
8853.
8854.
8854.
8854.
8854.
8854.
8853.
8853.
8854.
8852.
8853.
8853.
8852.
8852.
8853.
8853.
8854.
8854.
8853.
8852.
8853.
8853.
8852.
8850.
8851.
8851.
8849.
8850.
8849.
8848.
8848.
8848.
8848.
8847.
8846.
8847.
8845.
8844.
8846.
8845.
8843.
8843.
8842.
8841.
8841.
8841.
8840.
8839.
8839.
8838.
8836.
8834.
8834.
8833.
8831.
8830.
8830.
8828.
8827.
8826.
8826.
8826.
8823.
8822.
8821.
8819.
8818.
8817.
8815.
8813.
8811.
8810.
8810.
8808.
8806.
8805.
8803.
8801.
8799.
8797.
8794.
8793.
8791.
8789.
8788.
8786.
8784.
8782.
8780.
8778.
8776.
8773.
8772.
8770.
8767.
8765.
8764.
8761.
8759.
8757.
8754.
8752.
8750.
8747.
8745.
8742.
8741.
8739.
8735.
8734.
8730.
8727.
8725.
8723.
8721.
8718.
8716.
8713.
8711.
8709.
8707.
8707.
8708.
8710.
8716.
8721.
8728.
8734.
8741.
8747.
8752.
8757.
8760.
8763.
8764.
8763.
8764.
8764.
8763.
8764.
8764.
8765.
8766.
8767.
8768.
8768.
8769.
8771.
8773.
8773.
8774.
8775.
8776.
8778.
8781.
8782.
8783.
8785.
8787.
8790.
8790.
8794.
8796.
8798.
8800.
8803.
8806.
8810.
8812.
8814.
8818.
8821.
8823.
8826.
8830.
8834.
8837.
8841.
8844.
8848.
8851.
8855.
8859.
8863.
8867.
8870.
8874.
8878.
8882.
8885.
8890.
8893.
8896.
8899.
8903.
8907.
8909.
8911.
8914.
8916.
8918.
8922.
8923.
8925.
8927.
8928.
8930.
8931.
8930.
8931.
8933.
8934.
8935.
8934.
8936.
8937.
8936.
8937.
8938.
8937.
8936.
8937.
8937.
8937.
8936.
8936.
8935.
8935.
8934.
8933.
8933.
8930.
8931.
8929.
8929.
8928.
8927.
8927.
8927.
8926.
8925.
8923.
8923.
8922.
8922.
8922.
8921.
8920.
8920.
8920.
8921.
8920.
8920.
8921.
8921.
8921.
8922.
8922.
8926.
8927.
8930.
8932.
8935.
8936.
8939.
8941.
8944.
8946.
8950.
8952.
8955.
8958.
8960.
8961.
8963.
8966.
8969.
8971.
8973.
8975.
8978.
8980.
8983.
8985.
8987.
8989.
8991.
8992.
8995.
8996.
8997.
8999.
9001.
9001.
9002.
9003.
9005.
9007.
9009.
9009.
9010.
9010.
9012.
9013.
9013.
9015.
9018.
9016.
9018.
9018.
9019.
9019.
9020.
9020.
9020.
9021.
9020.
9020.
9020.
9020.
9020.
9020.
9020.
9020.
9020.
9019.
9019.
9019.
9018.
9017.
9017.
9016.
9015.
9015.
9013.
9012.
9011.
9010.
9011.
9008.
9006.
9006.
9005.
9005.
9003.
9003.
9001.
9000.
8999.
8999.
8997.
8996.
8995.
8993.
8993.
8990.
8988.
8987.
8986.
8984.
8983.
8982.
8980.
8978.
8976.
8975.
8973.
8972.
8970.
8967.
8967.
8965.
8964.
8961.
8960.
8958.
8956.
8954.
8952.
8951.
8949.
8948.
8947.
8946.
8945.
8945.
8944.
8944.
8946.
8947.
8948.
8948.
8951.
8951.
8952.
8953.
8954.
8954.
8956.
8958.
8959.
8960.
8960.
8962.
8963.
8964.
8965.
8967.
8968.
8970.
8971.
8973.
8975.
8977.
8978.
8979.
8981.
8982.
8983.
8984.
8986.
8986.
8986.
8988.
8989.
8990.
8991.
8992.
8992.
8993.
8994.
8995.
8995.
8996.
8997.
8996.
8998.
8998.
8998.
8999.
8999.
8999.
9001.
9002.
9002.
9001.
9003.
9002.
9002.
9002.
9002.
9002.
9002.
9002.
9002.
9002.
9002.
9001.
9001.
9003.
9001.
9000.
9000.
9000.
9000.
8998.
8998.
8997.
8997.
8996.
8996.
8995.
8995.
8995.
8994.
8991.
8990.
8991.
8988.
8989.
8987.
8987.
8985.
8985.
8983.
8982.
8981.
8979.
8979.
8977.
8975.
8973.
8972.
8972.
8970.
8969.
8966.
8964.
8963.
8962.
8961.
8959.
8957.
8956.
8953.
8952.
8952.
8949.
8947.
8946.
8945.
8943.
8940.
8938.
8936.
8934.
8933.
8930.
8928.
8927.
8925.
8924.
8921.
8919.
8917.
8915.
8912.
8909.
8908.
8907.
8905.
8903.
8902.
8899.
8897.
8894.
8893.
8890.
8889.
8886.
8884.
8882.
8880.
8877.
8875.
8875.
8872.
8870.
8868.
8866.
8864.
8861.
8859.
8857.
8855.
8853.
8851.
8849.
8848.
8848.
8845.
8844.
8845.
8846.
8848.
8852.
8855.
8860.
8865.
8869.
8872.
8875.
8879.
8880.
8882.
8883.
8883.
8884.
8885.
8884.
8884.
8884.
8883.
8883.
8884.
8884.
8884.
8885.
8887.
8886.
8887.
8886.
8887.
8887.
8889.
8889.
8890.
8891.
8892.
8892.
8894.
8896.
8895.
8897.
8898.
8899.
8901.
8901.
8903.
8903.
8905.
8906.
8908.
8909.
8912.
8913.
8915.
8917.
8918.
8919.
8921.
8923.
8925.
8926.
8928.
8929.
8931.
8933.
8934.
8936.
8938.
8940.
8941.
8943.
8944.
8946.
8948.
8949.
8951.
8953.
8953.
8955.
8956.
8956.
8957.
8957.
8958.
8960.
8959.
8959.
8960.
8960.
8960.
8961.
8961.
8961.
8961.
8960.