9252.
9254.
9256.
9257.
9259.
9261.
9262.
9265.
9267.
9269.
9271.
9274.
9275.
9278.
9281.
9283.
9284.
9287.
9290.
9291.
9293.
9296.
9298.
9299.
9302.
9303.
9305.
9307.
9308.
9307.
9307.
9308.
9309.
9308.
9309.
9310.
9308.
9308.
9308.
9308.
9305.
9305.
9302.
9302.
9299.
9299.
9296.
9295.
9292.
9289.
9289.
9286.
9283.
9281.
9279.
9276.
9272.
9269.
9266.
9263.
9260.
9255.
9253.
9249.
9246.
9242.
9239.
9235.
9231.
9227.
9222.
9219.
9214.
9209.
9204.
9201.
9197.
9191.
9187.
9182.
9178.
9173.
9168.
9163.
9157.
9152.
9146.
9142.
9136.
9131.
9127.
9120.
9116.
9110.
9104.
9099.
9093.
9089.
9088.
9089.
9096.
9105.
9117.
9131.
9147.
9165.
9182.
9201.
9220.
9238.
9257.
9274.
9292.
9310.
9327.
9344.
9358.
9372.
9383.
9392.
9399.
9405.
9409.
9412.
9416.
9419.
9420.
9422.
9424.
9427.
9430.
9431.
9433.
9434.
9437.
9438.
9441.
9443.
9444.
9446.
9448.
9450.
9451.
9453.
9455.
9457.
9458.
9461.
9463.
9465.
9466.
9468.
9469.
9470.
9471.
9471.
9470.
9471.
9470.
9468.
9467.
9466.
9464.
9463.
9461.
9459.
9456.
9453.
9450.
9447.
9445.
9442.
9437.
9432.
9430.
9426.
9422.
9418.
9412.
9408.
9405.
9400.
9395.
9391.
9386.
9381.
9376.
9371.
9366.
9360.
9356.
9351.
9346.
9341.
9336.
9330.
9324.
9318.
9312.
9307.
9301.
9297.
9291.
9285.
9279.
9273.
9266.
9260.
9255.
9248.
9243.
9237.
9231.
9226.
9219.
9215.
9207.
9201.
9196.
9188.
9182.
9177.
9171.
9167.
9165.
9169.
9175.
9186.
9197.
9208.
9222.
9235.
9250.
9263.
9280.
9295.
9311.
9325.
9339.
9349.
9360.
9367.
9374.
9378.
9380.
9382.
9384.
9385.
9386.
9388.
9390.
9391.
9392.
9393.
9395.
9396.
9396.
9398.
9400.
9400.
9401.
9404.
9405.
9407.
9409.
9409.
9411.
9414.
9416.
9418.
9420.
9422.
9423.
9425.
9428.
9429.
9431.
9434.
9436.
9438.
9440.
9441.
9444.
9447.
9448.
9449.
9450.
9452.
9452.
9453.
9454.
9453.
9452.
9452.
9450.
9449.
9448.
9446.
9445.
9443.
9441.
9440.
9437.
9435.
9432.
9430.
9426.
9423.
9421.
9418.
9413.
9411.
9406.
9402.
9400.
9396.
9389.
9387.
9383.
9377.
9374.
9369.
9364.
9359.
9356.
9350.
9346.
9342.
9336.
9331.
9325.
9320.
9315.
9310.
9304.
9300.
9295.
9292.
9289.
9294.
9302.
9311.
9319.
9331.
9344.
9355.
9368.
9378.
9389.
9399.
9408.
9418.
9427.
9433.
9437.
9440.
9443.
9443.
9443.
9444.
9444.
9445.
9445.
9447.
9448.
9450.
9451.
9450.
9452.
9453.
9453.
9455.
9457.
9459.
9460.
9461.
9463.
9465.
9466.
9469.
9471.
9473.
9474.
9476.
9478.
9481.
9483.
9484.
9487.
9489.
9492.
9494.
9496.
9498.
9500.
9502.
9503.
9505.
9507.
9508.
9509.
9509.
9508.
9509.
9508.
9508.
9507.
9507.
9504.
9504.
9502.
9501.
9499.
9497.
9495.
9491.
9488.
9486.
9482.
9480.
9478.
9475.
9472.
9467.
9464.
9459.
9455.
9451.
9448.
9443.
9440.
9435.
9431.
9426.
9421.
9416.
9412.
9407.
9402.
9398.
9392.
9387.
9380.
9378.
9372.
9367.
9360.
9355.
9349.
9344.
9340.
9335.
9332.
9333.
9335.
9340.
9349.
9360.
9372.
9383.
9395.
9405.
9417.
9431.
9443.
9454.
9464.
9473.
9480.
9486.
9490.
9493.
9494.
9495.
9497.
9499.
9498.
9499.
9499.
9501.
9502.
9502.
9503.
9505.
9506.
9508.
9509.
9511.
9512.
9513.
9515.
9516.
9518.
9518.
9520.
9522.
9523.
9526.
9527.
9529.
9531.
9533.
9536.
9536.
9538.
9540.
9542.
9542.
9543.
9546.
9546.
9547.
9548.
9549.
9550.
9550.
9549.
9548.
9547.
9546.
9544.
9542.
9541.
9539.
9536.
9534.
9532.
9529.
9526.
9523.
9522.
9517.
9513.
9510.
9507.
9503.
9499.
9494.
9490.
9486.
9482.
9477.
9473.
9468.
9465.
9459.
9454.
9449.
9445.
9439.
9434.
9429.
9424.
9418.
9412.
9407.
9402.
9396.
9391.
9386.
9380.
9374.
9369.
9363.
9357.
9352.
9346.
9340.
9334.
9328.
9321.
9315.
9309.
9304.
9298.
9294.
9294.
9295.
9299.
9305.
9313.
9321.
9328.
9334.
9343.
9350.
9358.
9364.
9373.
9378.
9384.
9389.
9393.
9395.
9394.
9394.
9394.
9394.
9394.
9395.
9394.
9394.
9394.
9394.
9395.
9397.
9397.
9398.
9399.
9399.
9401.
9401.
9402.
9403.
9404.
9405.
9407.
9409.
9409.
9410.
9412.
9415.
9416.
9417.
9419.
9422.
9423.
9425.
9427.
9430.
9432.
9433.
9435.
9438.
9440.
9441.
9442.
9445.
9446.
9448.
9451.
9453.
9455.
9456.
9456.
9458.
9458.
9459.
9459.
9459.
9459.
9459.
9459.
9457.
9457.
9456.
9454.
9454.
9453.
9451.
9449.
9448.
9445.
9442.
9440.
9439.
9437.
9434.
9430.
9428.
9425.
9422.
9419.
9415.
9413.
9409.
9406.
9404.
9399.
9393.
9383.
9368.
9348.
9325.
9300.
9273.
9248.
9225.
9206.
9192.
9178.
9171.
9164.
9159.
9154.
9152.
9147.
9143.
9139.
9134.
9129.
9125.
9119.
9113.
9110.
9105.
9099.
9094.
9089.
9084.
9078.
9072.
9066.
9060.
9055.
9049.
9042.
9037.
9030.
9024.
9018.
9011.
9005.
8998.
8992.
8984.
8979.
8972.
8966.
8958.
8951.
8944.
8937.
8930.
8923.
8916.
8909.
8901.
8894.
8886.
8879.
8872.
8866.
8857.
8849.
8842.
8834.
8827.
8819.
8813.
8805.
8797.
8790.
8782.
8775.
8766.
8757.
8751.
8744.
8736.
8728.
8720.
8713.
8706.
8697.
8690.
8683.
8675.
8669.
8661.
8653.
8646.
8640.
8634.
8626.
8619.
8612.
8604.
8598.
8592.
8585.
8578.
8572.
8566.
8559.
8553.
8547.
8540.
8535.
8528.
8523.
8517.
8511.
8505.
8501.
8495.
8489.
8482.
8476.
8467.
8453.
8435.
8413.
8390.
8364.
8339.
8315.
8292.
8273.
8257.
8244.
8232.
8223.
8215.
8209.
8201.
8194.
8187.
8180.
8173.
8165.
8159.
8150.
8142.
8135.
8126.
8119.
8111.
8101.
8093.
8085.
8076.
8068.
8059.
8050.
8042.
8032.
8022.
8013.
8003.
7993.
7984.
7973.
7963.
7954.
7944.
7933.
7922.
7912.
7901.
7890.
7880.
7868.
7859.
7848.
7836.
7825.
7815.
7804.
7794.
7784.
7773.
7763.
7753.
7741.
7732.
7722.
7712.
7701.
7691.
7680.
7671.
7660.
7650.
7640.
7631.
7621.
7611.
7601.
7591.
7581.
7573.
7564.
7556.
7545.
7537.
7526.
7517.
7510.
7500.
7492.
7483.
7476.
7467.
7457.
7449.
7440.
7434.
7426.
7416.
7410.
7401.
7392.
7384.
7377.
7370.
7362.
7353.
7346.
7337.
7330.
7322.
7315.
7307.
7300.
7293.
7285.
7278.
7270.
7263.
7256.
7248.
7239.
7233.
7225.
7219.
7212.
7205.
7199.
7192.
7186.
7180.
7179.
7182.
7189.
7200.
7214.
7227.
7240.
7249.
7258.
7263.
7268.
7270.
7272.
7272.
7270.
7266.
7263.
7259.
7255.
7251.
7248.
7245.
7241.
7238.
7234.
7232.
7229.
7225.
7221.
7217.
7214.
7211.
7207.
7203.
7199.
7197.
7193.
7187.
7184.
7180.
7177.
7174.
7170.
7167.
7162.
7159.
7156.
7151.
7147.
7145.
7141.
7138.
7134.
7130.
7126.
7123.
7119.
7117.
7114.
7110.
7107.
7103.
7099.
7097.
7094.
7090.
7087.
7084.
7081.
7078.
7075.
7073.
7070.
7067.
7064.
7063.
7060.
7057.
7056.
7054.
7051.
7050.
7048.
7046.
7044.
7042.
7041.
7040.
7038.
7037.
7035.
7034.
7032.
7033.
7032.
7031.
7031.
7029.
7027.
7024.
7016.
7005.
6993.
6977.
6963.
6948.
6934.
6921.
6911.
6902.
6895.
6891.
6884.
6880.
6874.
6869.
6863.
6857.
6852.
6847.
6840.
6834.
6828.
6822.
6815.
6809.
6803.
6796.
6789.
6781.
6773.
6767.
6759.
6753.
6744.
6736.
6729.
6722.
6713.
6705.
6696.
6689.
6681.
6671.
6664.
6655.
6646.
6638.
6629.
6620.
6612.
6604.
6596.
6588.
6580.
6572.
6564.
6556.
6548.
6541.
6533.
6526.
6520.
6514.
6507.
6502.
6498.
6492.
6486.
6481.
6476.
6471.
6465.
6462.
6458.
6454.
6451.
6448.
6446.
6441.
6440.
6437.
6434.
6433.
6431.
6429.
6427.
6428.
6427.
6426.
6426.
6426.
6425.
6425.
6425.
6426.
6427.
6428.
6430.
6431.
6432.
6434.
6435.
6437.
6438.
6439.
6440.
6441.
6442.
6444.
6443.
6442.
6441.
6436.
6429.
6420.
6409.
6398.
6385.
6373.
6361.
6351.
6341.
6333.
6324.
6317.
6310.
6304.
6297.
6293.
6287.
6282.
6277.
6272.
6269.
6265.
6260.
6255.
6252.
6248.
6243.
6240.
6236.
6231.
6228.
6223.
6220.
6216.
6211.
6207.
6203.
6199.
6194.
6190.
6186.
6181.
6178.
6175.
6170.
6166.
6161.
6157.
6154.
6148.
6145.
6141.
6137.
6133.
6129.
6126.
6122.
6119.
6116.
6113.
6110.
6106.
6103.
6101.
6099.
6097.
6094.
6092.
6091.
6090.
6089.
6087.
6087.
6087.
6085.
6085.
6086.
6087.
6086.
6088.
6089.
6090.
6091.
6092.
6093.
6096.
6098.
6099.
6101.
6104.
6107.
6110.
6112.
6114.
6118.
6120.
6122.
6126.
6130.
6132.
6135.
6140.
6142.
6145.
6148.
6151.
6150.
6147.
6142.
6133.
6120.
6107.
6093.
6078.
6063.
6049.
6035.
6020.
6005.
5997.
5987.
5980.
5974.
5969.
5964.
5959.
5954.
5948.
5944.
5939.
5934.
5928.
5921.
5916.
5911.
5905.
5898.
5892.
5886.
5881.
5875.
5868.
5862.
5856.
5851.
5846.
5840.
5834.
5828.
5822.
5816.
5808.
5801.
5792.
5781.
5769.
5757.
5745.
5730.
5717.
5702.
5687.
5672.
5657.
5643.
5629.
5617.
5606.
5595.
5585.
5578.
5571.
5567.
5564.
5559.
5558.
5555.
5552.
5551.
5550.
5550.
5550.
5550.
5551.
5552.
5554.
5556.
5558.
5560.
5563.
5566.
5569.
5571.
5575.
5579.
5581.
5585.
5589.
5594.
5599.
5604.
5609.
5615.
5621.
5627.
5635.
5644.
5651.
5659.
5668.
5677.
5686.
5694.
5703.
5711.
5718.
5726.
5732.
5737.
5740.
5742.
5742.
5738.
5733.
5726.
5719.
5710.
5701.
5692.
5682.
5672.
5661.
5649.
5637.
5626.
5616.
5604.
5594.
5583.
5573.
5564.
5555.
5545.
5535.
5526.
5518.
5512.
5506.
5500.
5493.
5489.
5483.
5477.
5473.
5468.
5462.
5459.
5454.
5450.
5446.
5442.
5436.
5431.
5428.
5423.
5419.
5414.
5412.
5410.
5407.
5405.
5403.
5401.
5401.
5402.
5403.
5403.
5403.
5405.
5406.
5406.
5408.
5410.
5413.
5415.
5417.
5421.
5424.
5428.
5432.
5436.
5440.
5444.
5448.
5452.
5456.
5460.
5462.
5466.
5468.
5468.
5467.
5464.
5459.
5454.
5448.
5443.
5434.
5426.
5417.
5411.
5404.
5399.
5394.
5389.
5383.
5378.
5372.
5367.
5363.
5358.
5354.
5349.
5345.
5342.
5341.
5339.
5335.
5332.
5327.
5322.
5315.
5309.
5304.
5297.
5291.
5284.
5279.
5273.
5268.
5266.
5264.
5260.
5257.
5255.
5251.
5248.
5246.
5244.
5242.
5240.
5239.
5237.
5236.
5233.
5232.
5231.
5230.
5230.
5229.
5229.
5229.
5228.
5228.
5227.
5227.
5225.
5224.
5224.
5224.
5223.
5223.
5222.
5220.
5219.
5218.
5217.
5217.
5215.
5214.
5214.
5213.
5210.
5210.
5211.
5211.
5210.
5210.
5210.
5209.
5209.
5210.
5211.
5210.
5212.
5213.
5215.
5217.
5218.
5219.
5220.
5222.
5220.
5220.
5221.
5220.
5221.
5222.
5221.
5220.
5221.
5222.
5224.
5225.
5226.
5227.
5229.
5232.
5234.
5237.
5240.
5243.
5246.
5249.
5252.
5255.
5260.
5263.
5268.
5272.
5276.
5281.
5286.
5292.
5297.
5303.
5308.
5312.
5319.
5325.
5329.
5334.
5339.
5344.
5349.
5354.
5359.
5364.
5369.
5375.
5379.
5385.
5389.
5395.
5401.
5405.
5409.
5415.
5418.
5425.
5430.
5435.
5440.
5444.
5449.
5454.
5457.
5462.
5465.
5470.
5474.
5476.
5481.
5484.
5488.
5490.
5492.
5493.
5495.
5495.
5497.
5497.
5499.
5501.
5502.
5503.
5504.
5506.
5508.
5509.
5510.
5513.
5514.
5518.
5521.
5525.
5530.
5535.
5541.
5545.
5550.
5557.
5562.
5567.
5573.
5577.
5581.
5585.
5588.
5590.
5593.
5593.
5592.
5591.
5589.
5586.
5582.
5579.
5574.
5569.
5564.
5559.
5553.
5548.
5541.
5536.
5531.
5526.
5522.
5518.
5514.
5510.
5506.
5503.
5498.
5497.
5495.
5492.
5490.
5486.
5483.
5480.
5475.
5473.
5468.
5462.
5459.
5453.
5450.
5447.
5447.
5444.
5443.
5441.
5440.
5439.
5435.
5435.
5433.
5432.
5430.
5428.
5425.
5422.
5419.
5416.
5414.
5410.
5409.
5407.
5404.
5404.
5402.
5401.
5401.
5402.
5402.
5402.
5403.
5405.
5406.
5408.
5409.
5411.
5412.
5415.
5416.
5417.
5419.
5421.
5423.
5425.
5427.
5428.
5428.
5426.
5424.
5418.
5413.
5404.
5397.
5389.
5382.
5374.
5369.
5361.
5356.
5352.
5350.
5348.
5347.
5348.
5349.
5352.
5354.
5356.
5359.
5363.
5366.
5369.
5373.
5377.
5382.
5385.
5388.
5392.
5396.
5398.
5400.
5402.
5401.
5401.
5401.
5399.
5398.
5396.
5393.
5392.
5389.
5388.
5387.
5384.
5384.
5382.
5380.
5378.
5377.
5376.
5375.
5374.
5373.
5371.
5370.
5369.
5367.
5365.
5365.
5363.
5361.
5360.
5359.
5360.
5360.
5360.
5361.
5361.
5361.
5362.
5363.
5362.
5361.
5361.
5361.
5359.
5358.
5356.
5355.
5355.
5353.
5352.
5352.
5352.
5349.
5348.
5348.
5347.
5347.
5346.
5346.
5345.
5345.
5343.
5342.
5341.
5340.
5340.
5342.
5342.
5342.
5342.
5344.
5346.
5347.
5349.
5351.
5354.
5354.
5357.
5359.
5361.
5363.
5364.
5366.
5369.
5369.
5370.
5371.
5372.
5373.
5374.
5374.
5375.
5377.
5379.
5382.
5385.
5389.
5394.
5397.
5401.
5405.
5406.
5407.
5411.
5412.
5414.
5415.
5416.
5416.
5416.
5416.
5415.
5415.
5414.
5413.
5411.
5408.
5407.
5405.
5404.
5401.
5398.
5396.
5395.
5393.
5391.
5391.
5390.
5391.
5391.
5389.
5389.
5388.
5387.
5386.
5384.
5385.
5384.
5384.
5385.
5384.
5384.
5385.
5384.
5383.
5384.
5382.
5384.
5384.
5383.
5382.
5383.
5381.
5383.
5382.
5383.
5385.
5387.
5387.
5388.
5390.
5391.
5394.
5396.
5397.
5399.
5402.
5404.
5407.
5409.
5411.
5414.
5415.
5417.
5420.
5423.
5426.
5428.
5432.
5435.
5438.
5441.
5445.
5446.
5450.
5453.
5457.
5459.
5462.
5466.
5470.
5474.
5476.
5481.
5484.
5488.
5491.
5494.
5498.
5502.
5507.
5511.
5515.
5520.
5524.
5530.
5533.
5538.
5544.
5550.
5554.
5560.
5566.
5571.
5576.
5583.
5589.
5593.
5599.
5604.
5609.
5614.
5618.
5620.
5623.
5625.
5626.
5625.
5625.
5622.
5620.
5619.
5618.
5618.
5618.
5618.
5619.
5620.
5621.
5625.
5627.
5630.
5633.
5637.
5640.
5641.
5645.
5649.
5653.
5657.
5662.
5668.
5673.
5679.
5685.
5690.
5698.
5702.
5708.
5713.
5718.
5724.
5731.
5739.
5749.
5760.
5775.
5789.
5806.
5825.
5844.
5862.
5880.
5897.
5912.
5927.
5939.
5949.
5958.
5963.
5970.
5975.
5979.
5985.
5989.
5992.
5997.
6001.
6006.
6010.
6014.
6018.
6021.
6025.
6030.
6033.
6037.
6040.
6044.
6046.
6050.
6052.
6056.
6060.
6063.
6065.
6068.
6072.
6076.
6077.
6079.
6082.
6084.
6085.
6087.
6090.
6092.
6094.
6095.
6098.
6098.
6101.
6101.
6103.
6103.
6103.
6104.
6106.
6106.
6107.
6108.
6109.
6111.
6111.
6112.
6114.
6115.
6116.
6119.
6121.
6125.
6127.
6131.
6136.
6143.
6152.
6165.
6179.
6196.
6216.
6237.
6258.
6277.
6293.
6310.
6324.
6336.
6348.
6358.
6366.
6375.
6383.
6390.
6397.
6405.
6410.
6417.
6422.
6428.
6435.
6439.
6445.
6451.
6457.
6465.
6470.
6476.
6483.
6489.
6496.
6503.
6509.
6517.
6523.
6530.
6536.
6543.
6548.
6554.
6561.
6567.
6572.
6577.
6584.
6589.
6595.
6600.
6605.
6611.
6616.
6619.
6624.
6629.
6635.
6639.
6646.
6650.
6655.
6661.
6666.
6671.
6675.
6681.
6686.
6692.
6696.
6702.
6706.
6711.
6716.
6721.
6727.
6732.
6736.
6743.
6747.
6753.
6758.
6765.
6768.
6773.
6779.
6785.
6789.
6794.
6799.
6805.
6811.
6815.
6820.
6825.
6831.
6836.
6840.
6846.
6852.
6858.
6862.
6868.
6874.
6879.
6884.
6889.
6894.
6899.
6904.
6909.
6915.
6921.
6926.
6931.
6936.
6941.
6946.
6952.
6958.
6963.
6968.
6974.
6979.
6985.
6991.
6998.
7004.
7011.
7017.
7024.
7030.
7038.
7045.
7051.
7058.
7064.
7070.
7075.
7081.
7085.
7090.
7094.
7098.
7102.
7106.
7111.
7114.
7117.
7120.
7123.
7126.
7129.
7132.
7135.
7138.
7140.
7143.
7147.
7150.
7156.
7160.
7166.
7172.
7177.
7185.
7193.
7200.
7206.
7214.
7222.
7230.
7237.
7246.
7254.
7261.
7269.
7276.
7283.
7292.
7301.
7312.
7322.
7333.
7345.
7356.
7370.
7382.
7395.
7406.
7420.
7431.
7442.
7451.
7462.
7473.
7483.
7493.
7502.
7510.
7518.
7527.
7535.
7542.
7550.
7559.
7567.
7575.
7583.
7591.
7598.
7607.
7615.
7621.
7630.
7639.
7647.
7656.
7665.
7673.
7681.
7690.
7698.
7706.
7714.
7723.
7733.
7741.
7750.
7758.
7766.
7775.
7783.
7792.
7799.
7807.
7815.
7824.
7831.
7840.
7847.
7854.
7862.
7868.
7876.
7882.
7890.
7896.
7903.
7909.
7915.
7920.
7925.
7931.
7935.
7941.
7945.
7950.
7954.
7958.
7962.
7966.
7969.
7973.
7976.
7980.
7983.
7988.
7991.
7994.
7997.
7999.
8002.
8005.
8009.
8011.
8014.
8016.
8018.
8020.
8022.
8025.
8027.
8029.
8032.
8034.
8036.
8038.
8040.
8041.
8044.
8047.
8052.
8057.
8061.
8066.
8071.
8075.
8081.
8084.
8090.
8095.
8100.
8104.
8111.
8116.
8122.
8130.
8137.
8146.
8154.
8164.
8175.
8187.
8198.
8210.
8223.
8235.
8248.
8261.
8273.
8286.
8300.
8314.
8327.
8341.
8354.
8366.
8379.
8390.
8402.
8413.
8424.
8435.
8443.
8453.
8462.
8471.
8478.
8488.
8495.
8503.
8511.
8517.
8524.
8531.
8538.
8546.
8554.
8559.
8567.
8574.
8580.
8585.
8592.
8599.
8604.
8610.
8615.
8620.
8626.
8631.
8636.
8639.
8643.
8649.
8650.
8654.
8656.
8658.
8660.
8663.
8665.
8669.
8671.
8673.
8673.
8674.
8676.
8676.
8678.
8678.
8679.
8679.
8679.
8679.
8677.
8676.
8675.
8674.
8673.
8672.
8670.
8669.
8670.
8669.
8670.
8673.
8677.
8684.
8691.
8700.
8710.
8719.
8731.
8742.
8755.
8766.
8779.
8791.
8804.
8818.
8830.
8845.
8857.
8871.
8883.
8896.
8909.
8921.
8934.
8945.
8956.
8967.
8977.
8988.
8996.
9006.
9014.
9022.
9029.
9037.
9043.
9051.
9055.
9062.
9068.
9073.
9078.
9082.
9086.
9089.
9091.
9095.
9098.
9100.
9102.
9103.
9107.
9109.
9110.
9111.
9111.
9110.
9110.
9111.
9110.
9108.
9106.
9105.
9105.
9103.
9101.
9099.
9098.
9095.
9092.
9090.
9088.
9087.
9084.
9081.
9077.
9074.
9071.
9069.
9065.
9063.
9059.
9055.
9053.
9048.
9044.
9042.
9038.
9033.
9030.
9026.
9022.
9017.
9013.
9009.
9004.
9000.
8997.
8992.
8987.
8984.
8980.
8977.
8973.
8970.
8969.
8968.
8969.
8971.
8975.
8979.
8983.
8988.
8993.
8998.
9004.
9012.
9018.
9024.
9029.
9036.
9047.
9057.
9065.
9073.
9079.
9088.
9095.
9104.
9112.
9120.
9129.
9138.
9147.
9154.
9165.
9174.
9184.
9195.
9204.
9214.
9224.
9233.
9241.
9251.
9259.
9269.
9277.
9285.
9291.
9299.
9306.
9312.
9317.
9324.
9329.
9334.
9339.
9344.
9347.
9352.
9355.
9358.
9363.
9365.
9369.
9371.
9372.
9374.
9376.
9376.
9377.
9377.
9377.
9375.
9375.
9373.
9373.
9372.
9370.
9367.
9366.
9365.
9362.
9360.
9357.
9355.
9352.
9351.
9347.
9345.
9343.
9340.
9336.
9333.
9329.
9325.
9322.
9317.
9314.
9308.
9304.
9302.
9302.
9305.
9310.
9317.
9326.
9334.
9345.
9355.
9362.
9370.
9380.
9390.
9398.
9408.
9418.
9426.
9437.
9446.
9456.
9465.
9474.
9481.
9489.
9498.
9504.
9511.
9518.
9524.
9529.
9534.
9540.
9545.
9550.
9553.
9559.
9565.
9567.
9572.
9576.
9580.
9582.
9584.
9587.
9589.
9593.
9592.
9593.
9594.
9595.
9594.
9593.
9591.
9591.
9590.
9589.
9586.
9585.
9582.
9582.
9579.
9576.
9573.
9571.
9568.
9565.
9563.
9559.
9557.
9554.
9551.
9547.
9544.
9540.
9537.
9535.
9530.
9526.
9523.
9518.
9515.
9512.
9508.
9504.
9497.
9494.
9489.
9485.
9481.
9475.
9470.
9465.
9460.
9455.
9450.
9445.
9441.
9436.
9432.
9429.
9426.
9421.
9419.
9416.
9413.
9410.
9406.
9403.
9401.
9399.
9398.
9397.
9396.
9396.
9396.
9396.
9397.
9398.
9400.
9399.
9402.
9404.
9406.
9409.
9413.
9416.
9420.
9424.
9429.
9435.
9441.
9447.
9451.
9456.
9459.
9466.
9473.
9479.
9483.
9486.
9490.
9494.
9498.
9500.
9503.
9507.
9509.
9510.
9512.
9515.
9516.
9517.
9518.
9519.
9521.
9522.
9523.
9523.
9524.
9525.
9525.
9527.
9527.
9528.
9529.
9530.
9530.
9529.
9529.
9530.
9528.
9529.
9528.
9527.
9525.
9524.
9523.
9521.
9520.
9518.
9516.
9514.
9513.
9510.
9509.
9506.
9504.
9502.
9498.
9496.
9495.
9492.
9488.
9485.
9483.
9479.
9475.
9473.
9470.
9466.
9462.
9458.
9455.
9451.
9446.
9443.
9439.
9434.
9430.
9426.
9422.
9416.
9412.
9408.
9403.
9399.
9394.
9389.
9385.
9381.
9377.
9372.
9370.
9367.
9363.
9358.
9356.
9353.
9350.
9347.
9345.
9342.
9339.
9337.
9335.
9333.
9334.
9333.
9333.
9334.
9334.
9334.
9335.
9336.
9339.
9341.
9341.
9343.
9344.
9347.
9349.
9351.
9355.
9359.
9362.
9362.
9365.
9367.
9370.
9373.
9376.
9378.
9378.
9377.
9380.
9380.
9380.
9380.
9378.
9380.
9380.
9380.
9380.
9381.
9383.
9382.
9383.
9383.
9384.
9384.
9385.
9386.
9387.
9386.
9386.
9388.
9388.
9389.
9389.
9390.
9391.
9390.
9392.
9391.
9392.
9392.
9393.
9392.
9392.
9393.
9393.
9393.
9394.
9392.
9394.
9393.
9393.
9393.
9393.
9391.
9393.
9391.
9389.
9389.
9389.
9390.
9389.
9387.
9386.
9384.
9384.
9383.
9382.
9382.
9380.
9378.
9377.
9375.
9374.
9373.
9371.
9368.
9368.
9366.
9364.
9363.
9361.
9359.
9358.
9355.
9353.
9350.
9348.
9346.
9343.
9341.
9338.
9336.
9334.
9331.
9328.
9325.
9323.
9321.
9318.
9313.
9312.
9309.
9305.
9301.
9298.
9295.
9292.
9289.
9285.
9282.
9278.
9275.
9271.
9268.
9264.
9259.
9257.
9252.
9248.
9243.
9239.
9236.
9232.
9229.
9224.
9219.
9215.
9211.
9206.
9203.
9201.
9200.
9199.
9204.
9209.
9217.
9223.
9229.
9236.
9243.
9250.
9256.
9263.
9268.
9272.
9276.
9278.
9277.
9278.
9278.
9276.
9275.
9274.
9273.
9273.
9272.
9272.
9273.
9273.
9272.
9273.
9272.
9273.
9273.
9274.
9273.
9275.
9275.
9275.
9276.
9276.
9279.
9279.
9280.
9280.
9282.
9284.
9285.
9287.
9287.
9289.
9291.
9293.
9295.
9296.
9298.
9299.
9300.
9302.
9303.
9305.
9307.
9308.
9310.
9312.
9313.
9316.
9316.
9317.
9318.
9319.
9321.
9322.
9324.
9324.
9324.
9325.
9325.
9326.
9326.
9327.
9327.
9326.
9327.
9326.
9325.
9324.
9324.
9321.
9320.
9320.
9318.
9318.
9317.
9314.
9311.
9310.
9308.
9307.
9305.
9302.
9300.
9298.
9295.
9293.
9290.
9288.
9284.
9281.
9279.
9276.
9273.
9269.
9266.
9263.
9259.
9256.
9252.
9249.
9245.
9242.
9237.
9233.
9230.
9227.
9222.
9219.
9214.
9209.
9204.
9202.
9198.
9193.
9188.
9184.
9180.
9176.
9171.
9167.
9162.
9157.
9152.
9147.
9142.
9138.
9134.
9129.
9125.
9119.
9115.
9111.
9106.
9102.
9096.
9091.
9087.
9082.
9077.
9073.
9068.
9063.
9059.
9054.
9050.
9045.
9041.
9037.
9031.
9027.
9023.
9017.
9007.
8993.
8975.
8954.
8931.
8905.
8880.
8856.
8832.
8812.
8793.
8777.
8765.
8754.
8746.
8740.
8736.
8731.
8725.
8720.
8716.
8710.
8703.
8698.
8694.
8688.
8682.
8676.
8669.
8664.
8658.
8652.
8645.
8638.
8632.
8627.
8620.
8614.
8608.
8600.
8593.
8588.
8581.
8574.
8567.
8559.
8553.
8546.
8538.
8530.
8523.
8516.
8508.
8500.
8493.
8485.
8477.
8469.
8462.
8454.
8445.
8437.
8430.
8422.
8414.
8406.
8398.
8389.
8381.
8374.
8366.
8357.
8348.
8340.
8331.
8325.
8316.
8309.
8300.
8291.
8284.
8275.
8267.
8258.
8251.
8243.
8234.
8226.
8217.
8209.
8201.
8192.
8185.
8175.
8167.
8159.
8150.
8141.
8132.
8123.
8115.
8104.
8097.
8089.
8082.
8073.
8066.
8058.
8051.
8044.
8038.
8031.
8025.
8019.
8013.
8006.
8000.
7996.
7990.
7984.
7980.
7976.
7971.
7968.
7964.
7961.
7958.
7953.
7949.
7947.
7942.
7939.
7936.
7931.
7926.
7922.
7916.
7912.
7908.
7903.
7900.
7896.
7892.
7888.
7886.
7882.
7879.
7875.
7872.
7868.
7864.
7862.
7858.
7854.
7852.
7848.
7846.
7843.
7838.
7835.
7833.
7830.
7826.
7823.
7821.
7818.
7815.
7812.
7810.
7806.
7805.
7802.
7800.
7797.
7794.
7793.
7789.
7787.
7786.
7784.
7782.
7779.
7778.
7777.
7774.
7773.
7770.
7769.
7768.
7767.
7765.
7764.
7763.
7762.
7760.
7755.
7748.
7738.
7725.
7708.
7693.
7676.
7663.
7650.
7640.
7631.
7625.
7619.
7614.
7610.
7606.
7601.
7598.
7592.
7588.
7586.
7580.
7575.
7570.
7565.
7560.
7557.
7551.
7546.
7541.
7535.
7531.
7525.
7520.
7514.
7510.
7503.
7498.
7493.
7487.
7481.
7476.
7469.
7464.
7459.
7453.
7447.
7440.
7434.
7428.
7421.
7415.
7409.
7404.
7398.
7392.
7385.
7379.
7373.
7367.
7360.
7355.
7350.
7344.
7339.
7332.
7326.
7320.
7316.
7311.
7306.
7300.
7295.
7289.
7286.
7281.
7277.
7272.
7267.
7263.
7259.
7255.
7250.
7247.
7243.
7240.
7236.
7229.
7219.
7206.
7192.
7174.
7157.
7137.
7119.
7101.
7084.
7069.
7056.
7044.
7033.
7024.
7015.
7007.
7000.
6993.
6987.
6981.
6974.
6968.
6962.
6956.
6950.
6944.
6938.
6931.
6926.
6919.
6913.
6906.
6900.
6894.
6887.
6881.
6874.
6870.
6862.
6855.
6850.
6842.
6837.
6831.
6825.
6817.
6811.
6805.
6798.
6791.
6785.
6780.
6773.
6767.
6760.
6755.
6750.
6743.
6738.
6733.
6728.
6722.
6717.
6712.
6707.
6703.
6699.
6694.
6690.
6687.
6682.
6679.
6676.
6674.
6670.
6667.
6664.
6662.
6659.
6658.
6655.
6653.
6653.
6652.
6650.
6648.
6648.
6647.
6648.
6647.
6648.
6647.
6647.
6646.
6646.
6646.
6647.
6647.
6648.
6649.
6650.
6652.
6651.
6652.
6656.
6656.
6658.
6660.
6660.
6657.
6653.
6646.
6636.
6624.
6611.
6598.
6584.
6572.
6559.
6548.
6536.
6525.
6514.
6505.
6496.
6488.
6481.
6475.
6470.
6464.
6456.
6451.
6444.
6439.
6432.
6426.
6422.
6415.
6409.
6404.
6396.
6391.
6384.
6378.
6371.
6364.
6359.
6353.
6346.
6340.
6334.
6329.
6322.
6316.
6309.
6303.
6297.
6292.
6286.
6279.
6274.
6269.
6263.
6260.
6255.
6250.
6244.
6241.
6237.
6235.
6230.
6227.
6225.
6223.
6220.
6218.
6216.
6214.
6214.
6212.
6213.
6212.
6212.
6212.
6212.
6213.
6214.
6215.
6215.
6215.
6217.
6219.
6221.
6223.
6225.
6227.
6229.
6232.
6235.
6238.
6241.
6244.
6248.
6251.
6254.
6258.
6261.
6266.
6267.
6271.
6275.
6279.
6281.
6283.
6281.
6277.
6269.
6259.
6246.
6233.
6218.
6203.
6186.
6168.
6150.
6131.
6115.
6096.
6078.
6060.
6042.
6024.
6007.
5990.
5974.
5959.
5944.
5929.
5914.
5899.
5886.
5874.
5862.
5848.
5836.
5823.
5814.
5802.
5791.
5781.
5772.
5762.
5754.
5747.
5741.
5734.
5729.
5724.
5717.
5714.
5710.
5706.
5702.
5699.
5696.
5693.
5691.
5689.
5688.
5686.
5686.
5686.
5686.
5687.
5688.
5689.
5689.
5691.
5693.
5695.
5698.
5700.
5705.
5707.
5709.
5712.
5718.
5723.
5727.
5732.
5736.
5741.
5745.
5748.
5755.
5760.
5764.
5769.
5774.
5779.
5786.
5790.
5796.
5800.
5806.
5810.
5815.
5821.
5826.
5830.
5836.
5841.
5846.
5852.
5856.
5862.
5868.
5871.
5877.
5881.
5883.
5883.
5880.
5873.
5866.
5857.
5850.
5839.
5830.
5821.
5809.
5800.
5791.
5781.
5774.
5769.
5765.
5763.
5761.
5760.
5757.
5756.
5754.
5751.
5749.
5745.
5742.
5739.
5735.
5732.
5728.
5722.
5718.
5713.
5707.
5702.
5696.
5690.
5683.
5677.
5671.
5664.
5656.
5649.
5643.
5636.
5628.
5621.
5615.
5608.
5601.
5595.
5590.
5584.
5579.
5574.
5571.
5568.
5565.
5564.
5562.
5561.
5560.
5559.
5559.
5560.
5560.
5561.
5561.
5562.
5563.
5565.
5567.
5569.
5571.
5573.
5576.
5579.
5582.
5587.
5591.
5595.
5600.
5606.
5611.
5618.
5624.
5629.
5636.
5643.
5649.
5654.
5661.
5666.
5671.
5674.
5678.
5680.
5680.
5679.
5677.
5674.
5668.
5661.
5653.
5646.
5638.
5630.
5622.
5614.
5606.
5597.
5589.
5580.
5572.
5563.
5555.
5548.
5542.
5536.
5532.
5527.
5521.
5519.
5514.
5511.
5510.
5507.
5506.
5504.
5502.
5500.
5499.
5498.
5497.
5495.
5495.
5495.
5494.
5494.
5494.
5495.
5495.
5496.
5497.
5498.
5499.
5500.
5503.
5504.
5507.
5507.
5509.
5512.
5514.
5517.
5520.
5522.
5526.
5528.
5531.
5533.
5537.
5541.
5544.
5548.
5551.
5555.
5558.
5563.
5567.
5571.
5574.
5578.
5583.
5587.
5591.
5595.
5600.
5604.
5608.
5613.
5619.
5622.
5627.
5631.
5636.
5642.
5646.
5651.
5655.
5660.
5664.
5670.
5676.
5680.
5686.
5691.
5696.
5701.
5705.
5710.
5715.
5720.
5724.
5730.
5734.
5739.
5743.
5746.
5745.
5743.
5738.
5734.
5728.
5721.
5715.
5709.
5703.
5698.
5693.
5690.
5688.
5686.
5686.
5685.
5684.
5683.
5682.
5681.
5681.
5679.
5678.
5676.
5675.
5674.
5672.
5671.
5668.
5667.
5665.
5662.
5660.
5657.
5653.
5651.
5647.
5645.
5642.
5639.
5634.
5632.
5630.
5627.
5625.
5624.
5622.
5620.
5618.
5618.
5617.
5615.
5615.
5615.
5614.
5615.
5613.
5613.
5613.
5614.
5615.
5615.
5617.
5618.
5618.
5619.
5621.
5623.
5626.
5628.
5630.
5632.
5635.
5638.
5641.
5644.
5648.
5651.
5654.
5658.
5661.
5665.
5669.
5672.
5676.
5680.
5683.
5687.
5693.
5697.
5703.
5709.
5715.
5721.
5727.
5735.
5740.
5745.
5749.
5750.
5748.
5744.
5740.
5734.
5728.
5720.
5714.
5706.
5698.
5691.
5683.
5676.
5670.
5663.
5658.
5653.
5648.
5644.
5640.
5635.
5631.
5628.
5624.
5621.
5617.
5612.
5610.
5607.
5603.
5600.
5599.
5597.
5595.
5593.
5591.
5591.
5590.
5589.
5590.
5590.
5589.
5589.
5589.
5588.
5589.
5588.
5588.
5589.
5589.
5590.
5590.
5590.
5592.
5593.
5593.
5594.
5595.
5597.
5595.
5599.
5601.
5603.
5604.
5606.
5608.
5610.
5612.
5615.
5617.
5619.
5622.
5623.
5626.
5629.
5631.
5635.
5638.
5641.
5644.
5648.
5653.
5655.
5658.
5663.
5666.
5669.
5672.
5675.
5681.
5684.
5687.
5691.
5696.
5701.
5704.
5708.
5713.
5718.
5722.
5727.
5732.
5736.
5740.
5744.
5750.
5755.
5761.
5766.
5772.
5778.
5784.
5790.
5796.
5803.
5810.
5818.
5824.
5829.
5832.
5833.
5830.
5826.
5822.
5818.
5813.
5806.
5801.
5795.
5788.
5781.
5775.
5768.
5763.
5758.
5754.
5751.
5747.
5744.
5742.
5738.
5735.
5729.
5726.
5720.
5715.
5710.
5707.
5703.
5698.
5694.
5690.
5686.
5682.
5679.
5675.
5672.
5667.
5662.
5660.
5656.
5650.
5647.
5645.
5640.
5637.
5634.
5630.
5628.
5625.
5622.
5621.
5619.
5618.
5618.
5616.
5617.
5615.
5614.
5615.
5616.
5615.
5616.
5618.
5618.
5619.
5620.
5621.
5622.
5625.
5625.
5628.
5630.
5632.
5633.
5636.
5638.
5641.
5644.
5647.
5649.
5652.
5655.
5659.
5662.
5665.
5669.
5673.
5676.
5680.
5683.
5687.
5692.
5694.
5699.
5704.
5708.
5713.
5716.
5721.
5725.
5729.
5735.
5738.
5743.
5748.
5753.
5757.
5761.
5765.
5771.
5777.
5780.
5786.
5791.
5797.
5803.
5808.
5814.
5822.
5829.
5835.
5840.
5845.
5849.
5848.
5849.
5847.
5847.
5844.
5843.
5844.
5845.
5848.
5850.
5855.
5857.
5860.
5862.
5866.
5867.
5867.
5868.
5867.
5866.
5865.
5864.
5861.
5859.
5858.
5857.
5856.
5855.
5854.
5854.
5855.
5854.
5855.
5854.
5855.
5856.
5857.
5857.
5857.
5859.
5860.
5861.
5863.
5863.
5866.
5866.
5869.
5871.
5873.
5874.
5876.
5877.
5877.
5878.
5879.
5879.
5880.
5879.
5881.
5881.
5882.
5883.
5881.
5883.
5883.
5884.
5884.
5885.
5886.
5887.
5887.
5890.
5891.
5893.
5895.
5896.
5898.
5899.
5900.
5902.
5905.
5907.
5909.
5913.
5917.
5925.
5934.
5945.
5959.
5972.
5985.
5998.
6009.
6021.
6031.
6041.
6050.
6058.
6066.
6075.
6083.
6092.
6100.
6108.
6116.
6124.
6133.
6143.
6153.
6163.
6175.
6187.
6200.
6212.
6225.
6235.
6246.
6257.
6268.
6279.
6290.
6300.
6312.
6324.
6335.
6347.
6358.
6369.
6379.
6390.
6402.
6413.
6425.
6436.
6446.
6454.
6463.
6472.
6480.
6489.
6497.
6504.
6512.
6519.
6526.
6533.
6541.
6550.
6557.
6564.
6572.
6579.
6586.
6594.
6602.
6610.
6617.
6625.
6633.
6641.
6648.
6656.
6665.
6672.
6679.
6688.
6696.
6703.
6712.
6720.
6728.
6736.
6744.
6752.
6761.
6767.
6775.
6784.
6793.
6801.
6810.
6818.
6826.
6834.
6844.
6852.
6860.
6870.
6878.
6887.
6895.
6904.
6912.
6922.
6929.
6937.
6946.
6955.
6963.
6972.
6980.
6989.
6997.
7008.
7016.
7025.
7033.
7042.
7050.
7058.
7068.
7077.
7086.
7093.
7101.
7109.
7117.
7126.
7135.
7144.
7152.
7159.
7169.
7176.
7182.
7189.
7198.
7205.
7212.
7219.
7227.
7233.
7239.
7246.
7254.
7260.
7265.
7273.
7279.
7285.
7291.
7297.
7303.
7309.
7315.
7321.
7328.
7334.
7341.
7346.
7352.
7359.
7366.
7372.
7378.
7383.
7388.
7393.
7396.
7401.
7405.
7408.
7411.
7415.
7421.
7426.
7430.
7434.
7438.
7443.
7447.
7453.
7457.
7463.
7468.
7473.
7478.
7484.
7490.
7494.
7498.
7502.
7508.
7513.
7519.
7525.
7531.
7539.
7545.
7553.
7561.
7569.
7575.
7582.
7587.
7593.
7599.
7605.
7612.
7619.
7625.
7632.
7639.
7646.
7653.
7660.
7665.
7673.
7680.
7687.
7696.
7702.
7709.
7717.
7724.
7731.
7738.
7744.
7752.
7759.
7765.
7771.
7777.
7781.
7788.
7793.
7797.
7803.
7809.
7815.
7820.
7825.
7831.
7837.
7841.
7848.
7852.
7858.
7864.
7868.
7874.
7878.
7884.
7888.
7894.
7899.
7904.
7909.
7915.
7920.
7925.
7932.
7937.
7941.
7946.
7953.
7958.
7962.
7968.
7973.
7978.
7983.
7988.
7994.
7998.
8003.
8008.
8013.
8018.
8023.
8028.
8032.
8037.
8041.
8047.
8051.
8056.
8060.
8064.
8068.
8072.
8077.
8081.
8085.
8089.
8094.
8097.
8100.
8104.
8109.
8115.
8123.
8131.
8143.
8156.
8172.
8188.
8208.
8227.
8245.
8263.
8281.
8295.
8314.
8329.
8345.
8362.
8378.
8393.
8407.
8420.
8433.
8444.
8455.
8466.
8475.
8484.
8492.
8498.
8506.
8513.
8520.
8527.
8534.
8541.
8548.
8555.
8562.
8566.
8573.
8579.
8585.
8591.
8597.
8603.
8608.
8614.
8618.
8623.
8628.
8633.
8636.
8640.
8644.
8648.
8653.
8655.
8657.
8660.
8663.
8665.
8668.
8670.
8672.
8674.
8676.
8677.
8678.
8680.
8682.
8682.
8682.
8684.
8685.
8687.
8688.
8688.
8688.
8688.
8688.
8687.
8686.
8686.
8685.
8684.
8685.
8684.
8684.
8684.
8686.
8691.
8697.
8704.
8711.
8720.
8730.
8741.
8750.
8762.
8774.
8787.
8800.
8812.
8825.
8840.
8852.
8866.
8878.
8891.
8902.
8913.
8926.
8936.
8948.
8957.
8966.
8975.
8984.
8993.
9000.
9008.
9015.
9022.
9029.
9036.
9042.
9049.
9054.
9059.
9064.
9069.
9073.
9079.
9083.
9088.
9092.
9097.
9100.
9103.
9106.
9109.
9113.
9113.
9115.
9117.
9118.
9120.
9119.
9121.
9121.
9121.
9122.
9122.
9122.
9121.
9120.
9120.
9120.
9118.
9117.
9117.
9116.
9114.
9114.
9112.
9111.
9109.
9108.
9105.
9103.
9101.
9099.
9097.
9094.
9093.
9090.
9087.
9085.
9083.
9081.
9078.
9077.
9075.
9075.
9077.
9080.
9084.
9088.
9096.
9103.
9110.
9119.
9129.
9140.
9150.
9162.
9173.
9185.
9196.
9206.
9219.
9231.
9244.
9258.
9272.
9284.
9299.
9313.
9326.
9341.
9355.
9368.
9381.
9395.
9408.
9421.
9433.
9444.
9456.
9468.
9480.
9492.
9501.
9512.
9522.
9532.
9541.
9551.
9561.
9571.
9579.
9587.
9594.
9603.
9610.
9614.
9622.
9627.
9633.
9637.
9641.
9643.
9646.
9646.
9647.
9647.
9647.
9647.
9646.
9646.
9644.
9642.
9641.
9639.
9638.
9637.
9635.
9634.
9630.
9629.
9628.
9625.
9623.
9621.
9618.
9616.
9614.
9611.
9611.
9610.
9610.
9611.
9614.
9617.
9618.
9621.
9625.
9628.
9631.
9633.
9637.
9640.
9643.
9647.
9651.
9657.
9661.
9666.
9671.
9675.
9679.
9682.
9688.
9692.
9697.
9702.
9707.
9712.
9716.
9721.
9726.
9731.
9736.
9742.
9748.
9755.
9760.
9767.
9772.
9778.
9782.
9787.
9792.
9795.
9800.
9804.
9807.
9810.
9814.
9817.
9821.
9825.
9829.
9832.
9835.
9837.
9838.
9840.
9841.
9840.
9840.
9839.
9838.
9837.
9835.
9833.
9830.
9828.
9826.
9823.
9820.
9818.
9815.
9811.
9810.
9807.
9803.
9799.
9796.
9793.
9789.
9786.
9782.
9778.
9775.
9771.
9767.
9763.
9760.
9757.
9752.
9749.
9745.
9742.
9739.
9734.
9731.
9727.
9723.
9719.
9717.
9713.
9709.
9705.
9702.
9699.
9694.
9690.
9688.
9683.
9679.
9675.
9671.
9669.
9665.
9660.
9657.
9654.
9650.
9648.
9647.
9647.
9650.
9652.
9652.
9655.
9656.
9658.
9661.
9662.
9665.
9668.
9667.
9669.
9671.
9672.
9674.
9676.
9676.
9677.
9678.
9678.
9681.
9681.
9685.
9687.
9689.
9691.
9693.
9697.
9700.
9702.
9707.
9709.
9712.
9717.
9722.
9726.
9730.
9735.
9737.
9742.
9748.
9753.
9757.
9762.
9766.
9771.
9776.
9781.
9788.
9792.
9797.
9804.
9809.
9817.
9824.
9829.
9836.
9841.
9846.
9851.
9857.
9862.
9868.
9871.
9877.
9881.
9884.
9886.
9889.
9890.
9892.
9890.
9891.
9890.
9889.
9886.
9884.
9882.
9879.
9877.
9876.
9872.
9870.
9866.
9864.
9860.
9856.
9852.
9849.
9846.
9843.
9839.
9834.
9831.
9828.
9824.
9822.
9818.
9816.
9812.
9809.
9803.
9800.
9797.
9793.
9789.
9787.
9783.
9779.
9776.
9772.
9769.
9765.
9762.
9759.
9755.
9752.
9749.
9744.
9742.
9737.
9734.
9731.
9727.
9724.
9720.
9716.
9712.
9708.
9705.
9701.
9698.
9697.
9694.
9696.
9698.
9701.
9705.
9708.
9714.
9717.
9721.
9724.
9728.
9732.
9736.
9740.
9743.
9744.
9745.
9747.
9749.
9751.
9754.
9757.
9759.
9759.
9762.
9765.
9769.
9770.
9772.
9773.
9775.
9777.
9779.
9782.
9785.
9788.
9791.
9794.
9795.
9801.
9803.
9807.
9811.
9815.
9818.
9820.
9822.
9824.
9827.
9829.
9831.
9832.
9835.
9836.
9836.
9838.
9839.
9840.
9840.
9841.
9842.
9842.
9843.
9844.
9844.
9844.
9844.
9844.
9842.
9841.
9839.
9840.
9839.
9838.
9837.
9835.
9834.
9833.
9833.
9833.
9835.
9838.
9840.
9843.
9846.
9851.
9855.
9860.
9865.
9870.
9874.
9878.
9880.
9880.
9881.
9880.
9880.
9880.
9879.
9877.
9876.
9876.
9874.
9873.
9871.
9870.
9866.
9864.
9862.
9860.
9859.
9855.
9852.
9850.
9847.
9844.
9842.
9837.
9834.
9832.
9829.
9826.
9822.
9819.
9817.
9813.
9809.
9805.
9802.
9799.
9795.
9792.
9789.
9784.
9781.
9777.
9773.
9769.
9766.
9761.
9757.
9753.
9749.
9745.
9741.
9737.
9731.
9728.
9724.
9719.
9715.
9711.
9707.
9702.
9698.
9694.
9689.
9685.
9680.
9675.
9670.
9667.
9662.
9658.
9653.
9649.
9644.
9639.
9634.
9629.
9625.
9620.
9615.
9610.
9606.
9601.
9595.
9590.
9586.
9581.
9577.
9573.
9567.
9562.
9558.
9553.
9548.
9543.
9540.
9533.
9530.
9525.
9521.
9517.
9510.
9506.
9502.
9498.
9493.
9489.
9483.
9480.
9477.
9477.
9479.
9482.
9487.
9493.
9499.
9504.
9508.
9513.
9517.
9519.
9522.
9524.
9524.
9523.
9521.
9519.
9519.
9516.
9515.
9515.
9514.
9513.
9513.
9514.
9513.
9513.
9512.
9510.
9511.
9513.
9512.
9512.
9513.
9514.
9514.
9515.
9515.
9517.
9517.
9519.
9521.
9522.
9523.
9525.
9527.
9529.
9531.
9532.
9534.
9536.
9537.
9539.
9542.
9543.
9544.
9545.
9548.
9550.
9550.
9552.
9553.
9555.
9557.
9558.
9560.
9561.
9562.
9564.
9564.
9564.
9565.
9565.
9565.
9563.
9559.
9550.
9538.
9523.
9505.
9485.
9465.
9447.
9432.
9415.
9404.
9394.
9387.
9381.
9376.
9373.
9370.
9366.
9364.
9360.
9357.
9354.
9349.
9345.
9341.
9338.
9334.
9329.
9324.
9320.
9316.
9311.
9306.
9301.
9297.
9291.
9287.
9282.
9277.
9272.
9267.
9262.
9257.
9253.
9248.
9244.
9238.
9233.
9228.
9223.
9219.
9215.
9208.
9204.
9199.
9196.
9191.
9187.
9182.
9178.
9172.
9169.
9164.
9160.
9156.
9151.
9145.
9134.
9119.
9098.
9073.
9045.
9015.
8985.
8957.
8932.
8904.
8879.
8854.
8830.
8809.
8791.
8775.
8763.
8753.
8746.
8738.
8731.
8726.
8719.
8710.
8702.
8695.
8687.
8681.
8674.
8666.
8658.
8651.
8642.
8634.
8627.
8619.
8612.
8603.
8596.
8588.
8580.
8572.
8564.
8556.
8547.
8539.
8529.
8522.
8514.
8506.
8497.
8489.
8481.
8472.
8463.
8455.
8446.
8438.
8430.
8421.
8413.
8405.
8397.
8389.
8380.
8372.
8364.
8355.
8346.
8338.
8330.
8323.
8314.
8305.
8297.
8290.
8282.
8273.
8266.
8258.
8250.
8242.
8235.
8227.
8219.
8209.
8202.
8195.
8187.
8179.
8172.
8164.
8157.
8147.
8140.
8132.
8124.
8116.
8108.
8100.
8093.
8086.
8077.
8069.
8062.
8054.
8047.
8040.
8033.
8026.
8020.
8012.
8007.
8000.
7996.
7992.
7988.
7985.
7982.
7983.
7982.
7983.
7986.
7988.
7989.
7992.
7995.
7998.
8002.
8007.
8010.
8016.
8021.
8027.
8028.
8031.
8033.
8033.
8035.
8034.
8032.
8028.
8024.
8021.
8016.
8010.
8004.
7998.
7993.
7989.
7984.
7981.
7978.
7975.
7971.
7969.
7967.
7965.
7961.
7960.
7957.