9433.
9430.
9427.
9423.
9421.
9418.
9414.
9410.
9406.
9404.
9398.
9394.
9390.
9386.
9381.
9377.
9372.
9367.
9364.
9358.
9354.
9350.
9345.
9340.
9336.
9330.
9324.
9320.
9315.
9309.
9305.
9300.
9295.
9289.
9283.
9278.
9272.
9267.
9263.
9257.
9251.
9247.
9240.
9236.
9230.
9224.
9219.
9213.
9208.
9202.
9197.
9191.
9185.
9179.
9174.
9169.
9165.
9164.
9165.
9169.
9177.
9186.
9197.
9209.
9220.
9232.
9247.
9259.
9271.
9286.
9300.
9314.
9328.
9340.
9354.
9367.
9380.
9392.
9403.
9412.
9421.
9426.
9431.
9435.
9438.
9441.
9442.
9445.
9447.
9449.
9450.
9451.
9452.
9454.
9455.
9455.
9458.
9459.
9459.
9461.
9463.
9462.
9463.
9464.
9463.
9464.
9463.
9464.
9463.
9462.
9461.
9459.
9456.
9455.
9453.
9450.
9447.
9444.
9442.
9439.
9436.
9432.
9428.
9424.
9420.
9416.
9412.
9408.
9404.
9400.
9395.
9391.
9386.
9381.
9377.
9372.
9368.
9363.
9358.
9353.
9347.
9342.
9337.
9331.
9326.
9321.
9317.
9311.
9306.
9299.
9294.
9290.
9284.
9279.
9274.
9268.
9263.
9259.
9252.
9246.
9240.
9235.
9229.
9224.
9219.
9212.
9204.
9201.
9195.
9190.
9185.
9180.
9179.
9179.
9182.
9191.
9201.
9211.
9223.
9234.
9245.
9257.
9269.
9282.
9295.
9309.
9323.
9338.
9351.
9364.
9374.
9384.
9391.
9398.
9402.
9406.
9408.
9411.
9413.
9414.
9415.
9417.
9419.
9419.
9420.
9422.
9424.
9425.
9426.
9428.
9429.
9430.
9431.
9433.
9434.
9435.
9437.
9437.
9438.
9439.
9439.
9439.
9440.
9440.
9439.
9439.
9437.
9435.
9433.
9432.
9430.
9427.
9425.
9423.
9419.
9417.
9413.
9410.
9406.
9403.
9400.
9396.
9392.
9387.
9382.
9378.
9374.
9369.
9365.
9361.
9356.
9351.
9346.
9343.
9337.
9332.
9328.
9321.
9317.
9312.
9308.
9303.
9297.
9292.
9287.
9282.
9276.
9270.
9266.
9261.
9254.
9249.
9243.
9238.
9233.
9228.
9221.
9216.
9212.
9206.
9205.
9205.
9211.
9220.
9229.
9241.
9252.
9267.
9281.
9294.
9309.
9324.
9338.
9352.
9369.
9386.
9402.
9418.
9433.
9446.
9458.
9468.
9476.
9482.
9486.
9488.
9492.
9494.
9497.
9498.
9498.
9499.
9500.
9501.
9501.
9502.
9503.
9504.
9504.
9505.
9505.
9507.
9506.
9506.
9506.
9506.
9506.
9505.
9503.
9502.
9501.
9499.
9496.
9494.
9492.
9489.
9486.
9484.
9481.
9477.
9474.
9469.
9466.
9461.
9457.
9453.
9449.
9445.
9440.
9436.
9431.
9426.
9422.
9416.
9411.
9408.
9402.
9397.
9391.
9387.
9382.
9377.
9371.
9366.
9360.
9355.
9349.
9345.
9338.
9333.
9328.
9322.
9316.
9310.
9304.
9299.
9292.
9288.
9282.
9275.
9270.
9263.
9258.
9253.
9247.
9240.
9234.
9228.
9223.
9216.
9210.
9205.
9200.
9195.
9192.
9195.
9200.
9208.
9219.
9232.
9244.
9257.
9271.
9286.
9300.
9317.
9331.
9347.
9363.
9379.
9397.
9410.
9425.
9437.
9449.
9457.
9466.
9472.
9474.
9478.
9480.
9482.
9483.
9484.
9486.
9487.
9486.
9488.
9488.
9489.
9490.
9490.
9491.
9490.
9491.
9492.
9492.
9492.
9492.
9492.
9492.
9491.
9491.
9490.
9488.
9487.
9485.
9483.
9483.
9480.
9477.
9473.
9471.
9469.
9466.
9463.
9458.
9454.
9451.
9446.
9443.
9436.
9433.
9428.
9422.
9418.
9413.
9408.
9404.
9399.
9394.
9388.
9383.
9376.
9370.
9365.
9358.
9353.
9348.
9341.
9337.
9331.
9325.
9318.
9312.
9306.
9301.
9295.
9288.
9281.
9274.
9268.
9262.
9256.
9249.
9242.
9237.
9231.
9223.
9216.
9209.
9203.
9196.
9190.
9183.
9177.
9169.
9164.
9157.
9150.
9143.
9137.
9131.
9124.
9118.
9112.
9104.
9098.
9091.
9084.
9076.
9071.
9064.
9057.
9051.
9045.
9038.
9031.
9025.
9019.
9012.
9005.
8999.
8994.
8987.
8981.
8975.
8969.
8962.
8955.
8950.
8946.
8939.
8933.
8927.
8921.
8915.
8911.
8905.
8900.
8894.
8890.
8884.
8880.
8874.
8871.
8866.
8861.
8857.
8854.
8848.
8844.
8841.
8836.
8832.
8829.
8826.
8823.
8819.
8816.
8813.
8810.
8807.
8805.
8803.
8801.
8798.
8796.
8794.
8793.
8792.
8790.
8789.
8788.
8787.
8786.
8786.
8785.
8783.
8783.
8784.
8783.
8784.
8783.
8783.
8778.
8770.
8756.
8735.
8711.
8683.
8654.
8621.
8591.
8560.
8530.
8500.
8470.
8440.
8409.
8377.
8344.
8315.
8286.
8263.
8243.
8227.
8215.
8205.
8194.
8185.
8173.
8161.
8152.
8142.
8132.
8121.
8111.
8100.
8090.
8080.
8069.
8057.
8048.
8037.
8025.
8017.
8006.
7995.
7985.
7974.
7965.
7954.
7943.
7933.
7924.
7914.
7906.
7895.
7886.
7877.
7868.
7858.
7849.
7842.
7833.
7825.
7816.
7809.
7801.
7795.
7787.
7779.
7774.
7767.
7761.
7755.
7748.
7742.
7735.
7725.
7710.
7688.
7663.
7632.
7599.
7563.
7527.
7488.
7449.
7409.
7368.
7328.
7288.
7247.
7208.
7169.
7131.
7093.
7057.
7021.
6987.
6957.
6930.
6907.
6885.
6866.
6849.
6832.
6817.
6800.
6785.
6769.
6755.
6740.
6726.
6711.
6697.
6682.
6669.
6655.
6641.
6627.
6613.
6599.
6586.
6575.
6562.
6551.
6538.
6529.
6517.
6507.
6497.
6487.
6479.
6471.
6464.
6457.
6450.
6444.
6440.
6435.
6432.
6427.
6424.
6421.
6421.
6419.
6417.
6415.
6415.
6414.
6414.
6415.
6415.
6415.
6417.
6415.
6414.
6409.
6399.
6383.
6364.
6342.
6317.
6290.
6261.
6231.
6201.
6169.
6138.
6107.
6074.
6043.
6012.
5981.
5951.
5922.
5896.
5873.
5851.
5830.
5814.
5799.
5785.
5773.
5761.
5750.
5739.
5728.
5718.
5708.
5697.
5687.
5678.
5670.
5661.
5654.
5646.
5640.
5632.
5625.
5619.
5614.
5609.
5602.
5599.
5595.
5592.
5590.
5587.
5586.
5584.
5584.
5584.
5585.
5584.
5588.
5589.
5591.
5593.
5596.
5598.
5603.
5605.
5608.
5613.
5617.
5620.
5626.
5631.
5635.
5638.
5645.
5650.
5654.
5659.
5664.
5669.
5673.
5678.
5684.
5688.
5692.
5695.
5696.
5693.
5685.
5673.
5656.
5638.
5618.
5595.
5572.
5548.
5523.
5497.
5473.
5448.
5423.
5399.
5376.
5352.
5330.
5310.
5289.
5269.
5248.
5230.
5211.
5195.
5179.
5164.
5151.
5138.
5127.
5116.
5107.
5099.
5092.
5086.
5080.
5076.
5071.
5069.
5065.
5063.
5061.
5059.
5057.
5056.
5055.
5057.
5056.
5059.
5060.
5062.
5065.
5069.
5073.
5078.
5082.
5088.
5094.
5100.
5105.
5111.
5117.
5124.
5131.
5139.
5145.
5152.
5159.
5166.
5173.
5181.
5188.
5195.
5203.
5209.
5217.
5224.
5231.
5237.
5245.
5253.
5261.
5268.
5273.
5281.
5289.
5295.
5302.
5310.
5316.
5324.
5329.
5331.
5330.
5323.
5314.
5300.
5286.
5270.
5252.
5232.
5212.
5191.
5167.
5145.
5123.
5101.
5083.
5066.
5049.
5035.
5022.
5012.
5003.
4998.
4991.
4986.
4980.
4976.
4973.
4968.
4963.
4959.
4955.
4951.
4948.
4944.
4940.
4938.
4935.
4933.
4929.
4928.
4927.
4926.
4926.
4926.
4926.
4926.
4928.
4930.
4932.
4935.
4939.
4942.
4946.
4950.
4955.
4960.
4964.
4971.
4978.
4983.
4990.
4997.
5004.
5010.
5017.
5024.
5031.
5039.
5045.
5053.
5061.
5068.
5075.
5083.
5091.
5099.
5107.
5115.
5122.
5129.
5137.
5145.
5153.
5160.
5169.
5176.
5185.
5191.
5199.
5207.
5216.
5222.
5230.
5239.
5246.
5255.
5263.
5271.
5279.
5287.
5295.
5303.
5312.
5320.
5328.
5336.
5345.
5352.
5360.
5368.
5376.
5385.
5392.
5400.
5408.
5416.
5424.
5431.
5439.
5447.
5455.
5462.
5470.
5478.
5486.
5494.
5501.
5506.
5514.
5522.
5528.
5535.
5541.
5549.
5555.
5561.
5566.
5571.
5576.
5582.
5586.
5590.
5594.
5597.
5601.
5605.
5607.
5611.
5612.
5614.
5618.
5619.
5622.
5623.
5625.
5627.
5626.
5628.
5629.
5629.
5628.
5628.
5628.
5628.
5628.
5626.
5625.
5623.
5621.
5619.
5617.
5614.
5610.
5609.
5607.
5608.
5610.
5617.
5628.
5645.
5663.
5684.
5705.
5727.
5745.
5761.
5776.
5792.
5811.
5831.
5849.
5869.
5889.
5910.
5932.
5953.
5975.
5999.
6023.
6050.
6073.
6095.
6119.
6142.
6168.
6194.
6222.
6249.
6275.
6301.
6327.
6352.
6377.
6398.
6418.
6436.
6449.
6462.
6473.
6485.
6496.
6507.
6516.
6527.
6536.
6546.
6556.
6565.
6577.
6585.
6595.
6606.
6616.
6625.
6635.
6645.
6655.
6665.
6675.
6685.
6696.
6706.
6717.
6728.
6739.
6748.
6758.
6769.
6780.
6791.
6801.
6810.
6822.
6832.
6843.
6853.
6862.
6873.
6881.
6890.
6900.
6908.
6919.
6933.
6950.
6972.
6999.
7028.
7059.
7091.
7125.
7157.
7193.
7228.
7264.
7302.
7340.
7380.
7419.
7458.
7498.
7537.
7576.
7615.
7654.
7693.
7730.
7767.
7804.
7841.
7878.
7914.
7950.
7987.
8022.
8056.
8089.
8122.
8155.
8186.
8217.
8246.
8273.
8301.
8326.
8349.
8370.
8389.
8406.
8422.
8436.
8447.
8460.
8469.
8479.
8487.
8495.
8502.
8508.
8515.
8519.
8524.
8527.
8530.
8534.
8536.
8537.
8539.
8540.
8541.
8540.
8541.
8541.
8540.
8541.
8540.
8539.
8538.
8538.
8536.
8533.
8532.
8531.
8530.
8532.
8536.
8540.
8548.
8556.
8566.
8578.
8592.
8609.
8625.
8640.
8656.
8673.
8689.
8704.
8721.
8739.
8758.
8774.
8790.
8807.
8824.
8842.
8860.
8877.
8895.
8911.
8930.
8949.
8969.
8987.
9007.
9025.
9043.
9063.
9082.
9101.
9119.
9136.
9152.
9169.
9182.
9193.
9203.
9213.
9220.
9226.
9230.
9235.
9239.
9242.
9244.
9246.
9247.
9247.
9247.
9245.
9245.
9243.
9241.
9239.
9237.
9234.
9230.
9229.
9225.
9220.
9217.
9213.
9209.
9205.
9200.
9195.
9189.
9184.
9180.
9173.
9170.
9164.
9159.
9154.
9147.
9141.
9135.
9128.
9121.
9115.
9109.
9101.
9096.
9088.
9083.
9078.
9075.
9076.
9078.
9083.
9091.
9100.
9110.
9123.
9136.
9147.
9161.
9173.
9186.
9200.
9213.
9228.
9242.
9256.
9270.
9284.
9299.
9313.
9327.
9341.
9354.
9367.
9378.
9390.
9402.
9412.
9423.
9433.
9441.
9449.
9456.
9462.
9470.
9476.
9480.
9484.
9489.
9492.
9495.
9497.
9501.
9501.
9503.
9504.
9505.
9504.
9504.
9503.
9503.
9501.
9499.
9497.
9494.
9492.
9489.
9486.
9483.
9478.
9473.
9469.
9466.
9461.
9456.
9451.
9447.
9440.
9437.
9431.
9425.
9421.
9415.
9409.
9404.
9398.
9392.
9387.
9380.
9374.
9368.
9361.
9355.
9349.
9343.
9336.
9329.
9324.
9317.
9310.
9303.
9297.
9289.
9283.
9277.
9271.
9263.
9257.
9251.
9243.
9236.
9229.
9224.
9218.
9210.
9202.
9196.
9188.
9181.
9174.
9167.
9161.
9153.
9146.
9139.
9132.
9126.
9119.
9115.
9111.
9113.
9117.
9125.
9136.
9147.
9157.
9169.
9180.
9192.
9205.
9215.
9226.
9236.
9246.
9257.
9267.
9277.
9286.
9296.
9306.
9313.
9322.
9331.
9341.
9348.
9357.
9364.
9369.
9375.
9379.
9383.
9386.
9389.
9391.
9394.
9396.
9398.
9402.
9405.
9407.
9411.
9413.
9416.
9418.
9422.
9422.
9425.
9428.
9429.
9431.
9433.
9434.
9433.
9434.
9434.
9434.
9433.
9431.
9428.
9427.
9424.
9422.
9420.
9416.
9413.
9409.
9406.
9403.
9398.
9393.
9388.
9384.
9380.
9376.
9369.
9365.
9360.
9354.
9350.
9345.
9340.
9335.
9329.
9324.
9317.
9312.
9306.
9300.
9294.
9289.
9284.
9277.
9271.
9265.
9258.
9252.
9246.
9240.
9234.
9228.
9222.
9215.
9208.
9201.
9195.
9188.
9182.
9176.
9169.
9162.
9154.
9148.
9142.
9135.
9127.
9121.
9113.
9107.
9099.
9091.
9085.
9078.
9070.
9063.
9057.
9050.
9042.
9033.
9025.
9018.
9010.
9003.
8995.
8988.
8980.
8972.
8964.
8956.
8948.
8941.
8932.
8925.
8916.
8909.
8902.
8894.
8886.
8878.
8869.
8861.
8854.
8846.
8838.
8831.
8821.
8815.
8806.
8799.
8791.
8784.
8776.
8767.
8761.
8754.
8747.
8739.
8733.
8726.
8719.
8711.
8703.
8697.
8691.
8685.
8678.
8671.
8665.
8658.
8652.
8646.
8641.
8635.
8629.
8623.
8618.
8612.
8607.
8602.
8596.
8591.
8586.
8582.
8577.
8572.
8567.
8562.
8557.
8551.
8547.
8542.
8537.
8533.
8528.
8524.
8519.
8515.
8510.
8505.
8502.
8499.
8495.
8491.
8486.
8481.
8474.
8464.
8455.
8444.
8432.
8418.
8403.
8387.
8375.
8362.
8348.
8334.
8321.
8308.
8295.
8281.
8269.
8260.
8250.
8239.
8230.
8221.
8213.
8206.
8200.
8193.
8186.
8181.
8175.
8169.
8163.
8158.
8153.
8147.
8143.
8137.
8130.
8126.
8121.
8116.
8111.
8105.
8099.
8094.
8090.
8085.
8081.
8075.
8070.
8066.
8062.
8058.
8053.
8048.
8045.
8040.
8035.
8032.
8027.
8023.
8019.
8016.
8011.
8007.
8004.
8000.
7997.
7993.
7989.
7987.
7982.
7979.
7975.
7972.
7969.
7965.
7962.
7957.
7948.
7935.
7918.
7897.
7874.
7849.
7822.
7797.
7772.
7748.
7723.
7701.
7680.
7658.
7641.
7628.
7616.
7604.
7594.
7586.
7576.
7566.
7558.
7548.
7539.
7529.
7520.
7511.
7503.
7494.
7484.
7474.
7466.
7458.
7448.
7440.
7431.
7423.
7413.
7404.
7396.
7385.
7379.
7371.
7363.
7353.
7347.
7339.
7331.
7323.
7317.
7310.
7301.
7295.
7289.
7282.
7276.
7269.
7264.
7258.
7254.
7248.
7243.
7238.
7233.
7229.
7226.
7221.
7218.
7215.
7212.
7209.
7205.
7202.
7200.
7197.
7194.
7192.
7191.
7187.
7182.
7173.
7157.
7137.
7114.
7088.
7060.
7031.
7001.
6969.
6936.
6902.
6870.
6839.
6809.
6779.
6753.
6727.
6704.
6684.
6667.
6652.
6637.
6623.
6610.
6599.
6587.
6574.
6562.
6551.
6541.
6529.
6517.
6506.
6494.
6484.
6473.
6463.
6452.
6440.
6431.
6420.
6411.
6400.
6391.
6380.
6372.
6363.
6354.
6346.
6339.
6332.
6324.
6318.
6312.
6305.
6300.
6295.
6290.
6286.
6283.
6279.
6276.
6273.
6271.
6268.
6266.
6265.
6263.
6263.
6263.
6262.
6263.
6264.
6264.
6264.
6265.
6265.
6266.
6266.
6268.
6268.
6271.
6272.
6273.
6275.
6276.
6278.
6280.
6283.
6286.
6287.
6289.
6292.
6293.
6295.
6294.
6295.
6293.
6289.
6282.
6271.
6258.
6243.
6227.
6209.
6192.
6174.
6154.
6136.
6115.
6093.
6072.
6053.
6033.
6015.
5996.
5976.
5957.
5937.
5918.
5899.
5882.
5865.
5848.
5830.
5813.
5796.
5781.
5765.
5750.
5736.
5721.
5708.
5695.
5683.
5672.
5661.
5651.
5644.
5635.
5626.
5619.
5612.
5606.
5599.
5593.
5588.
5583.
5578.
5573.
5570.
5567.
5562.
5560.
5559.
5557.
5556.
5555.
5555.
5555.
5556.
5557.
5559.
5559.
5561.
5563.
5564.
5568.
5571.
5574.
5578.
5582.
5586.
5589.
5592.
5596.
5600.
5604.
5610.
5615.
5619.
5623.
5627.
5632.
5636.
5641.
5647.
5651.
5656.
5660.
5665.
5669.
5671.
5670.
5667.
5661.
5651.
5640.
5628.
5614.
5597.
5580.
5563.
5547.
5530.
5515.
5501.
5486.
5472.
5458.
5446.
5435.
5422.
5412.
5404.
5394.
5384.
5377.
5368.
5358.
5350.
5341.
5334.
5328.
5321.
5312.
5304.
5297.
5289.
5280.
5273.
5266.
5260.
5255.
5249.
5245.
5240.
5236.
5231.
5227.
5223.
5220.
5217.
5215.
5212.
5211.
5211.
5211.
5211.
5212.
5212.
5214.
5216.
5216.
5219.
5223.
5224.
5229.
5232.
5235.
5239.
5243.
5248.
5253.
5257.
5262.
5268.
5272.
5278.
5283.
5289.
5295.
5301.
5306.
5313.
5319.
5324.
5332.
5337.
5343.
5349.
5355.
5361.
5368.
5375.
5382.
5388.
5396.
5401.
5407.
5413.
5421.
5426.
5432.
5437.
5444.
5451.
5457.
5464.
5470.
5476.
5484.
5490.
5497.
5502.
5509.
5515.
5522.
5529.
5534.
5538.
5542.
5542.
5539.
5532.
5523.
5513.
5502.
5490.
5476.
5461.
5447.
5432.
5415.
5400.
5387.
5375.
5365.
5357.
5352.
5346.
5343.
5339.
5334.
5332.
5328.
5326.
5322.
5318.
5317.
5313.
5308.
5305.
5301.
5298.
5295.
5292.
5289.
5283.
5281.
5277.
5275.
5271.
5268.
5265.
5262.
5257.
5253.
5250.
5246.
5242.
5239.
5237.
5234.
5232.
5231.
5230.
5230.
5229.
5227.
5226.
5226.
5227.
5227.
5229.
5230.
5233.
5234.
5235.
5238.
5240.
5242.
5245.
5250.
5252.
5257.
5260.
5265.
5269.
5273.
5277.
5281.
5287.
5292.
5297.
5302.
5307.
5312.
5317.
5322.
5327.
5331.
5337.
5344.
5350.
5355.
5362.
5367.
5373.
5378.
5384.
5390.
5396.
5402.
5408.
5415.
5420.
5427.
5433.
5438.
5445.
5452.
5458.
5464.
5470.
5477.
5483.
5491.
5497.
5503.
5509.
5516.
5522.
5528.
5534.
5542.
5550.
5556.
5562.
5569.
5575.
5580.
5587.
5593.
5600.
5604.
5610.
5618.
5624.
5631.
5638.
5643.
5651.
5657.
5663.
5670.
5677.
5683.
5686.
5692.
5697.
5702.
5708.
5711.
5717.
5720.
5724.
5729.
5732.
5734.
5738.
5742.
5744.
5747.
5751.
5756.
5760.
5766.
5773.
5779.
5788.
5795.
5803.
5811.
5820.
5832.
5844.
5854.
5866.
5878.
5888.
5898.
5909.
5920.
5931.
5942.
5956.
5968.
5981.
5995.
6008.
6021.
6033.
6046.
6058.
6068.
6077.
6086.
6093.
6099.
6104.
6110.
6117.
6123.
6127.
6133.
6139.
6143.
6147.
6151.
6157.
6160.
6164.
6168.
6173.
6176.
6178.
6183.
6187.
6190.
6193.
6196.
6200.
6203.
6205.
6206.
6208.
6212.
6213.
6215.
6216.
6218.
6220.
6220.
6222.
6223.
6225.
6226.
6226.
6227.
6228.
6228.
6231.
6234.
6241.
6253.
6267.
6285.
6306.
6329.
6353.
6377.
6400.
6425.
6450.
6474.
6498.
6524.
6549.
6572.
6596.
6619.
6642.
6663.
6684.
6704.
6724.
6744.
6762.
6777.
6793.
6808.
6820.
6831.
6841.
6852.
6860.
6871.
6881.
6891.
6901.
6911.
6921.
6932.
6941.
6951.
6962.
6971.
6981.
6993.
7003.
7014.
7026.
7039.
7054.
7073.
7096.
7123.
7154.
7187.
7223.
7257.
7292.
7327.
7363.
7400.
7437.
7474.
7510.
7547.
7583.
7619.
7656.
7690.
7726.
7760.
7792.
7823.
7855.
7886.
7918.
7948.
7976.
8002.
8025.
8045.
8064.
8082.
8098.
8114.
8128.
8140.
8152.
8164.
8173.
8183.
8191.
8199.
8206.
8213.
8219.
8225.
8231.
8234.
8238.
8241.
8244.
8248.
8250.
8253.
8255.
8257.
8257.
8260.
8261.
8262.
8262.
8263.
8264.
8264.
8265.
8264.
8266.
8266.
8266.
8267.
8271.
8276.
8284.
8294.
8307.
8322.
8337.
8353.
8371.
8389.
8406.
8425.
8444.
8463.
8485.
8505.
8526.
8548.
8569.
8593.
8616.
8638.
8661.
8683.
8706.
8730.
8752.
8776.
8798.
8821.
8842.
8864.
8885.
8905.
8925.
8944.
8963.
8980.
8998.
9017.
9032.
9050.
9065.
9080.
9093.
9106.
9116.
9127.
9135.
9141.
9147.
9152.
9154.
9157.
9159.
9158.
9159.
9159.
9159.
9158.
9158.
9156.
9155.
9152.
9150.
9148.
9144.
9142.
9139.
9136.
9134.
9130.
9126.
9122.
9116.
9113.
9108.
9104.
9097.
9093.
9088.
9083.
9078.
9073.
9068.
9064.
9060.
9055.
9051.
9047.
9046.
9045.
9049.
9054.
9064.
9076.
9087.
9102.
9117.
9130.
9143.
9159.
9171.
9186.
9201.
9215.
9230.
9244.
9259.
9274.
9286.
9299.
9314.
9327.
9340.
9353.
9366.
9378.
9392.
9405.
9416.
9428.
9442.
9452.
9464.
9474.
9485.
9494.
9502.
9509.
9515.
9521.
9525.
9529.
9532.
9534.
9534.
9535.
9535.
9534.
9532.
9530.
9529.
9528.
9524.
9523.
9520.
9517.
9512.
9509.
9506.
9501.
9497.
9493.
9488.
9484.
9479.
9474.
9470.
9465.
9459.
9454.
9448.
9442.
9437.
9431.
9425.
9418.
9413.
9408.
9402.
9396.
9390.
9385.
9379.
9372.
9366.
9359.
9354.
9348.
9341.
9336.
9330.
9323.
9316.
9311.
9305.
9298.
9291.
9286.
9280.
9273.
9266.
9261.
9256.
9255.
9257.
9263.
9271.
9283.
9293.
9308.
9322.
9339.
9355.
9372.
9389.
9407.
9425.
9443.
9460.
9475.
9490.
9503.
9516.
9526.
9536.
9543.
9550.
9555.
9558.
9562.
9565.
9567.
9569.
9570.
9570.
9571.
9573.
9573.
9573.
9575.
9576.
9577.
9577.
9577.
9578.
9578.
9577.
9577.
9576.
9575.
9575.
9574.
9573.
9571.
9569.
9566.
9564.
9562.
9559.
9556.
9552.
9548.
9546.
9542.
9537.
9534.
9530.
9525.
9521.
9516.
9512.
9506.
9501.
9496.
9491.
9486.
9480.
9475.
9469.
9465.
9460.
9454.
9449.
9444.
9438.
9432.
9426.
9420.
9415.
9408.
9403.
9396.
9390.
9386.
9379.
9373.
9366.
9361.
9355.
9348.
9342.
9337.
9333.
9332.
9335.
9341.
9350.
9360.
9375.
9387.
9400.
9414.
9426.
9440.
9455.
9468.
9482.
9495.
9505.
9514.
9522.
9527.
9532.
9536.
9538.
9541.
9542.
9544.
9544.
9545.
9548.
9548.
9549.
9552.
9553.
9553.
9554.
9557.
9558.
9560.
9560.
9562.
9564.
9565.
9565.
9566.
9567.
9569.
9568.
9569.
9568.
9569.
9568.
9568.
9567.
9566.
9564.
9563.
9560.
9557.
9554.
9551.
9547.
9544.
9542.
9537.
9533.
9530.
9525.
9522.
9517.
9511.
9506.
9500.
9495.
9491.
9484.
9480.
9474.
9470.
9464.
9459.
9453.
9447.
9440.
9436.
9430.
9422.
9416.
9411.
9405.
9399.
9392.
9385.
9380.
9374.
9366.
9361.
9355.
9350.
9342.
9336.
9331.
9324.
9317.
9311.
9306.
9300.
9293.
9288.
9282.
9276.
9270.
9264.
9257.
9251.
9245.
9240.
9235.
9230.
9224.
9219.
9213.
9209.
9204.
9199.
9194.
9188.
9184.
9180.
9175.
9171.
9167.
9164.
9161.
9156.
9151.
9147.
9143.
9141.
9137.
9135.
9134.
9130.
9127.
9126.
9123.
9122.
9120.
9118.
9116.
9114.
9112.
9110.
9108.
9109.
9107.
9107.
9106.
9104.
9104.
9104.
9104.
9104.
9105.
9105.
9106.
9107.
9107.
9108.
9110.
9111.
9112.
9111.
9111.
9106.
9095.
9080.
9058.
9033.
9003.
8974.
8945.
8915.
8885.
8854.
8825.
8793.
8763.
8733.
8702.
8672.
8643.
8614.
8585.
8555.
8526.
8498.
8469.
8443.
8414.
8385.
8359.
8335.
8313.
8295.
8280.
8267.
8258.
8249.
8239.
8231.
8223.
8213.
8204.
8196.
8188.
8179.
8171.
8162.
8153.
8144.
8135.
8128.
8118.
8109.
8100.
8091.
8083.
8075.
8066.
8057.
8048.
8040.
8031.
8024.
8014.
8007.
7998.
7991.
7983.
7976.
7968.
7962.
7956.
7948.
7942.
7935.
7928.
7921.
7908.
7889.
7863.
7833.
7798.
7761.
7719.
7675.
7631.
7585.
7541.
7499.
7457.
7416.
7375.
7336.
7294.
7254.
7214.
7175.
7136.
7099.
7064.
7031.
7000.
6974.
6951.
6932.
6918.
6902.
6889.
6875.
6861.
6849.
6837.
6825.
6811.
6800.
6789.
6778.
6766.
6754.
6743.
6731.
6720.
6709.
6698.
6687.
6677.
6666.
6656.
6646.
6636.
6628.
6617.
6609.
6600.
6593.
6586.
6580.
6573.
6567.
6563.
6558.
6553.
6550.
6546.
6541.
6538.
6537.
6534.
6533.
6532.
6531.
6530.
6530.
6530.
6531.
6530.
6531.
6531.
6532.
6532.
6533.
6532.
6533.
6533.
6530.
6527.
6519.
6506.
6488.
6466.
6441.
6416.
6389.
6362.
6332.
6300.
6270.
6240.
6210.
6182.
6155.
6130.
6107.
6083.
6059.
6039.
6019.
5997.
5977.
5956.
5937.
5918.
5901.
5884.
5868.
5850.
5836.
5821.
5807.
5795.
5784.
5772.
5763.
5754.
5746.
5739.
5733.
5726.
5720.
5715.
5710.
5706.
5702.
5698.
5694.
5691.
5689.
5686.
5685.
5683.
5683.
5682.
5682.
5683.
5682.
5683.
5684.
5685.
5686.
5687.
5690.
5692.
5696.
5698.
5701.
5705.
5709.
5713.
5716.
5721.
5725.
5731.
5735.
5741.
5747.
5750.
5755.
5760.
5765.
5771.
5776.
5780.
5786.
5791.
5796.
5801.
5806.
5810.
5816.
5822.
5826.
5829.
5830.
5822.
5812.
5796.
5780.
5760.
5739.
5715.
5691.
5663.
5638.
5612.
5585.
5559.
5534.
5511.
5487.
5465.
5445.
5425.
5404.
5385.
5364.
5346.
5328.
5311.
5295.
5279.
5264.
5248.
5234.
5219.
5207.
5195.
5184.
5174.
5163.
5154.
5145.
5137.
5130.
5122.
5115.
5110.
5103.
5098.
5094.
5088.
5084.
5079.
5076.
5073.
5072.
5072.
5071.
5072.
5072.
5073.
5074.
5078.
5082.
5085.
5088.
5094.
5099.
5104.
5109.
5116.
5121.
5127.
5133.
5139.
5146.
5154.
5161.
5168.
5175.
5184.
5191.
5198.
5206.
5215.
5222.
5230.
5237.
5245.
5254.
5261.
5269.
5277.
5283.
5293.
5299.
5308.
5316.
5323.
5331.
5338.
5347.
5354.
5362.
5370.
5376.
5385.
5392.
5399.
5407.
5415.
5423.
5430.
5438.
5445.
5453.
5459.
5465.
5468.
5466.
5460.
5454.
5447.
5439.
5431.
5423.
5416.
5407.
5400.
5396.
5391.
5387.
5384.
5383.
5379.
5378.
5375.
5372.
5369.
5363.
5361.
5357.
5354.
5350.
5346.
5342.
5338.
5332.
5329.
5325.
5321.
5316.
5311.
5307.
5302.
5297.
5293.
5288.
5284.
5279.
5276.
5271.
5267.
5264.
5260.
5256.
5255.
5251.
5249.
5247.
5246.
5245.
5245.
5244.
5245.
5244.
5244.
5245.
5247.
5249.
5251.
5253.
5256.
5257.
5261.
5265.
5268.
5272.
5277.
5282.
5288.
5292.
5297.
5301.
5307.
5314.
5319.
5325.
5331.
5338.
5345.
5352.
5359.
5365.
5372.
5377.
5384.
5389.
5396.
5401.
5408.
5411.
5413.
5413.
5409.
5404.
5398.
5390.
5382.
5373.
5364.
5355.
5345.
5334.
5326.
5317.
5309.
5302.
5296.
5291.
5287.
5281.
5276.
5271.
5267.
5264.
5260.
5257.
5255.
5254.
5251.
5248.
5247.
5248.
5248.
5246.
5245.
5245.
5245.
5244.
5244.
5243.
5243.
5243.
5243.
5242.
5242.
5242.
5242.
5242.
5242.
5242.
5243.
5244.
5245.
5247.
5248.
5249.
5251.
5252.
5255.
5257.
5260.
5262.
5264.
5266.
5268.
5271.
5274.
5278.
5279.
5282.
5286.
5290.
5293.
5295.
5299.
5302.
5304.
5308.
5312.
5315.
5320.
5323.
5327.
5331.
5336.
5339.
5344.
5348.
5351.
5355.
5360.
5365.
5370.
5375.
5379.
5384.
5389.
5392.
5397.
5402.
5406.
5410.
5414.
5419.
5423.
5427.
5431.
5436.
5440.
5446.
5454.
5462.
5472.
5484.
5497.
5510.
5522.
5532.
5542.
5552.
5562.
5572.
5582.
5592.
5602.
5612.
5621.
5631.
5639.
5649.
5655.
5663.
5670.
5677.
5682.
5689.
5695.
5701.
5705.
5711.
5716.
5722.
5726.
5731.
5737.
5740.
5746.
5750.
5755.
5759.
5764.
5767.
5771.
5775.
5778.
5784.
5788.
5791.
5794.
5799.
5802.
5806.
5809.
5811.
5814.
5816.
5820.
5823.
5825.
5828.
5830.
5831.
5835.
5835.
5837.
5840.
5841.
5842.
5843.
5845.
5844.
5845.
5846.
5846.
5848.
5848.
5848.
5848.
5849.
5851.
5858.
5868.
5884.
5902.
5925.
5949.
5976.
6004.
6031.
6060.
6089.
6120.
6149.
6180.
6212.
6242.
6273.
6305.
6338.
6371.
6404.
6437.
6468.
6498.
6528.
6559.
6590.
6622.
6652.
6682.
6712.
6741.
6769.
6798.
6825.
6852.
6876.
6899.
6918.
6935.
6949.
6964.
6975.
6988.
7000.
7012.
7024.
7036.
7047.
7058.
7068.
7081.
7093.
7105.
7116.
7127.
7138.
7150.
7162.
7173.
7185.
7195.
7207.
7219.
7232.
7242.
7254.
7264.
7276.
7288.
7301.
7311.
7324.
7334.
7345.
7356.
7367.
7377.
7386.
7396.
7403.
7412.
7420.
7428.
7435.
7440.
7446.
7452.
7458.
7463.
7471.
7483.
7499.
7522.
7546.
7576.
7606.
7637.
7669.
7702.
7733.
7768.
7801.
7836.
7870.
7904.
7939.
7975.
8011.
8045.
8079.
8113.
8144.
8174.
8202.
8228.
8252.
8275.
8295.
8314.
8329.
8345.
8357.
8370.
8380.
8390.
8401.
8410.
8418.
8426.
8434.
8441.
8447.
8454.
8459.
8464.
8469.
8473.
8476.
8479.
8481.
8484.
8486.
8487.
8488.
8489.
8489.
8489.
8488.
8488.
8487.
8485.
8483.
8482.
8481.
8478.
8477.
8475.
8472.
8470.
8468.
8466.
8462.
8460.
8458.
8456.
8453.
8449.
8447.
8444.
8440.
8438.
8435.
8434.
8434.
8439.
8447.
8462.
8479.
8499.
8521.
8545.
8570.
8594.
8621.
8646.
8673.
8700.
8728.
8758.
8787.
8814.
8843.
8872.
8900.
8929.
8957.
8986.
9016.
9045.
9071.
9098.
9123.
9150.
9173.
9196.
9216.
9234.
9249.
9262.
9273.
9284.
9292.
9300.
9307.
9313.
9318.
9322.
9327.
9329.
9330.
9332.
9333.
9334.
9334.
9332.
9331.
9329.
9328.
9325.
9322.
9319.
9316.
9312.
9308.
9305.
9301.
9295.
9291.
9288.
9282.
9277.
9272.
9267.
9261.
9255.
9251.
9245.
9239.
9234.
9227.
9222.
9216.
9210.
9203.
9197.
9191.
9185.
9178.
9172.
9166.
9160.
9153.
9147.
9141.
9134.
9128.
9121.
9114.
9108.
9101.
9095.
9088.
9081.
9075.
9069.
9064.
9060.
9059.
9065.
9073.
9084.
9099.
9115.
9132.
9148.
9166.
9184.
9201.
9217.
9237.
9256.
9274.
9290.
9309.
9326.
9341.
9357.
9373.
9387.
9404.
9419.
9434.
9448.
9462.
9474.
9487.
9500.
9514.
9526.
9538.
9549.
9557.
9567.
9575.
9582.
9587.
9592.
9595.
9598.
9602.
9603.
9605.
9606.
9607.
9608.
9607.
9606.
9605.
9603.
9602.
9599.
9597.
9594.
9591.
9588.
9583.
9579.
9576.
9570.
9566.
9563.
9558.
9551.
9548.
9541.
9536.
9529.
9523.
9520.
9513.
9506.
9499.
9493.
9488.
9482.
9477.
9469.
9464.
9458.
9451.
9444.
9439.
9431.
9425.
9419.
9411.
9406.
9399.
9392.
9386.
9378.
9374.
9366.
9359.
9352.
9345.
9338.
9331.
9324.
9318.
9312.
9305.
9298.
9292.
9285.
9278.
9271.
9263.
9257.
9250.
9244.
9236.
9230.
9222.
9215.
9209.
9201.
9194.
9187.
9180.
9173.
9166.
9158.
9151.
9144.
9137.
9130.
9123.
9116.
9109.
9102.
9095.
9088.
9083.
9075.
9068.
9061.
9054.
9047.
9039.
9032.
9027.
9020.
9014.
9007.
9000.
8994.
8986.
8980.
8973.
8966.
8960.
8953.
8946.
8940.
8933.
8927.
8921.
8916.
8908.
8902.
8895.
8889.
8882.
8878.
8871.
8865.
8859.
8854.
8849.
8843.
8837.
8833.
8828.
8823.
8819.
8815.
8811.
8806.
8801.
8796.
8793.
8790.
8785.
8781.
8777.
8774.
8770.
8767.
8765.
8763.
8760.
8758.
8754.
8751.
8747.
8743.
8738.
8734.
8729.
8725.
8722.
8720.
8716.
8714.
8710.
8705.
8701.
8698.
8695.
8692.
8689.
8687.
8684.
8683.
8680.
8679.
8675.
8674.
8672.
8670.
8668.
8667.
8665.
8664.
8662.
8661.
8659.
8658.
8657.
8656.
8655.
8653.
8653.
8652.
8651.
8651.
8651.
8650.
8650.
8651.
8651.
8650.
8650.
8651.
8650.
8651.
8651.
8652.
8653.
8654.
8655.
8656.
8659.
8659.
8661.
8662.
8664.
8664.
8665.
8666.
8665.
8661.
8654.
8643.
8625.
8605.
8582.
8559.
8536.
8512.
8491.
8471.
8450.
8432.
8412.
8391.
8373.
8358.
8345.
8336.
8329.
8324.
8322.
8320.
8317.
8312.
8308.
8303.
8297.
8293.
8288.
8282.
8277.
8272.
8265.
8260.
8254.
8246.
8236.
8221.
8203.
8180.
8155.
8128.
8100.
8073.
8046.
8018.
7991.
7964.
7937.
7910.
7883.
7855.
7828.
7801.
7774.
7748.
7723.
7699.
7675.
7653.
7630.
7609.
7589.
7570.
7552.
7535.
7521.
7509.
7498.
7489.
7479.
7471.
7463.
7454.
7445.
7437.
7430.
7422.
7413.
7406.
7399.
7392.
7384.
7376.
7368.
7361.
7353.
7347.
7340.
7333.
7327.
7321.
7313.
7307.
7300.
7294.
7289.
7283.
7277.
7273.
7267.
7263.
7258.
7252.
7247.
7244.
7240.
7235.
7232.
7228.
7225.
7223.
7219.
7217.
7213.
7208.
7200.
7189.
7170.
7147.
7121.
7093.
7064.
7032.
7000.
6969.
6933.
6899.
6864.
6830.
6796.
6764.
6731.
6701.
6667.
6634.
6602.
6570.
6536.
6505.
6472.
6441.
6410.
6379.
6351.
6324.
6300.
6280.
6263.
6245.
6233.
6220.
6209.
6198.
6189.
6179.
6169.
6160.
6152.
6144.
6136.
6130.
6122.
6116.
6109.
6103.
6098.
6092.
6087.
6082.
6078.
6075.
6072.
6069.
6066.
6066.
6065.
6063.
6062.
6064.
6064.
6065.
6065.
6067.
6068.
6070.
6071.
6075.
6077.
6075.
6073.
6064.
6055.
6037.
6019.
5997.
5973.
5947.
5919.
5891.
5862.
5833.
5803.
5773.
5743.
5714.
5685.
5657.
5632.
5606.
5582.
5559.
5535.
5513.
5494.
5476.
5459.
5446.
5434.
5425.
5418.
5412.
5406.
5401.
5396.
5392.
5389.
5385.
5382.
5379.
5377.
5376.
5375.
5374.
5373.
5374.
5376.
5377.
5378.
5380.
5382.
5384.
5387.
5391.
5395.
5400.
5404.
5408.
5412.
5418.
5423.
5429.
5434.
5440.
5446.
5453.
5459.
5466.
5472.
5479.
5486.
5494.
5501.
5508.
5517.
5524.
5531.
5538.
5545.
5551.
5559.
5565.
5573.
5578.
5582.
5586.
5586.
5583.
5576.
5566.
5556.
5544.
5532.
5516.
5500.
5483.
5467.
5448.
5433.
5415.
5400.
5385.
5369.
5352.
5335.
5320.
5306.
5292.
5277.
5263.
5249.
5235.
5222.
5210.
5201.
5190.
5179.
5171.
5162.
5155.
5150.
5143.
5139.
5134.
5129.
5126.
5124.
5122.
5120.
5117.
5117.
5116.
5115.
5115.
5116.
5116.
5117.
5119.
5121.
5123.
5125.
5127.
5130.
5134.
5137.
5142.
5147.
5151.
5155.
5161.
5167.
5172.
5177.
5183.
5190.
5196.
5202.
5208.
5213.
5220.
5227.
5235.
5240.
5248.
5254.
5262.
5268.
5275.
5282.
5289.
5296.
5303.
5309.
5316.
5323.
5330.
5338.
5344.
5351.
5358.
5365.
5372.
5381.
5387.
5393.
5400.
5406.
5413.
5420.
5425.
5431.
5435.
5436.
5434.
5430.
5426.
5420.
5413.
5406.
5398.
5391.
5384.
5376.
5368.
5360.
5353.
5346.
5339.
5333.
5327.
5323.
5318.
5314.
5311.
5306.
5302.
5297.
5292.
5290.
5287.
5285.
5281.
5277.
5274.
5269.
5267.
5264.
5261.
5259.
5257.
5254.
5252.
5251.
5249.
5248.
5247.
5246.
5245.
5244.
5245.
5244.
5245.
5243.
5246.
5247.
5248.
5250.
5251.
5253.
5255.
5258.
5261.
5263.
5267.
5269.
5274.
5277.
5280.
5286.
5289.
5293.
5298.
5302.
5308.
5313.
5317.
5323.
5328.
5332.
5338.
5343.
5348.
5353.
5359.
5365.
5371.
5377.
5383.
5387.
5394.
5400.
5406.
5413.
5420.
5426.
5434.
5443.
5450.
5458.
5466.
5474.
5482.
5490.
5496.
5503.
5509.
5514.
5519.
5523.
5525.
5525.
5523.
5523.
5520.
5518.
5514.
5511.
5508.
5506.
5503.
5501.
5499.
5497.
5496.
5493.
5492.
5490.
5489.
5486.
5485.
5483.
5482.
5482.
5480.
5480.
5480.
5479.
5480.
5481.
5482.
5484.
5485.
5488.
5489.
5491.
5493.
5496.
5496.
5499.
5502.
5504.
5505.
5508.
5512.
5515.
5517.
5520.
5523.
5526.
5528.
5529.
5531.
5531.
5533.
5533.
5534.
5535.
5536.
5537.
5537.
5539.
5540.
5541.
5543.
5544.
5545.
5545.
5548.
5549.
5551.
5551.
5552.
5553.
5556.
5556.
5557.
5558.
5559.
5560.
5562.
5563.
5565.
5567.
5568.
5569.
5571.
5572.
5573.
5576.
5576.
5579.
5579.
5580.
5580.
5582.
5584.
5585.
5585.
5587.
5589.
5590.
5591.
5593.
5594.
5595.
5597.
5600.
5603.
5606.
5608.
5614.
5622.
5635.
5649.
5665.
5680.
5698.
5717.
5738.
5757.
5772.
5788.
5802.
5818.
5833.
5848.
5862.
5874.
5884.
5892.
5900.
5906.
5912.
5917.
5923.
5930.
5936.
5942.
5947.
5953.
5959.
5964.
5970.
5975.
5981.
5989.
5994.
6000.
6006.
6011.
6018.
6023.
6031.
6037.
6043.
6050.
6056.
6063.
6069.
6075.
6083.
6089.
6097.
6103.
6110.
6117.
6124.
6130.
6137.
6143.
6150.
6158.
6165.
6172.
6178.
6185.
6192.
6199.
6205.
6211.
6218.
6225.
6231.
6238.
6243.
6250.
6256.
6263.
6268.
6274.
6280.
6285.
6292.
6297.
6302.
6308.
6313.
6319.
6324.
6328.
6333.
6337.
6342.
6345.
6350.
6354.
6357.
6362.
6366.
6370.
6374.
6377.
6381.
6385.
6389.
6393.
6397.
6402.
6405.
6409.
6412.
6415.
6418.
6422.
6426.
6434.
6442.
6456.
6471.
6489.
6509.
6530.
6553.
6576.
6598.
6620.
6644.
6666.
6691.
6716.
6742.
6767.
6793.
6818.
6846.
6873.
6904.
6933.
6961.
6989.
7018.
7046.
7075.
7103.
7132.
7160.
7188.
7217.
7247.
7275.
7305.
7333.
7361.
7388.
7414.
7439.
7461.
7482.
7500.
7517.
7533.
7548.
7562.
7576.
7590.
7606.
7618.
7632.
7646.
7659.
7672.
7686.
7699.
7711.
7724.
7736.
7749.
7761.
7773.
7783.
7795.
7805.
7815.
7823.
7832.
7839.
7847.
7854.
7860.
7867.
7871.
7876.
7880.
7886.
7889.
7892.
7896.
7899.
7900.
7903.
7906.
7908.
7911.
7912.
7915.
7916.
7918.
7920.
7927.
7936.
7947.
7963.
7982.
8003.
8024.
8045.
8067.
8089.
8113.
8137.
8162.
8185.
8209.
8233.
8258.
8284.
8311.
8336.
8362.
8387.
8413.
8438.
8462.
8487.
8511.
8536.
8560.
8585.
8608.
8633.
8657.
8679.
8702.
8723.
8743.
8766.
8785.
8803.
8821.
8838.
8852.
8864.
8875.
8885.
8894.
8901.
8907.
8912.
8916.
8921.
8924.
8925.
8926.
8929.
8930.
8931.
8930.
8930.
8929.
8928.
8927.
8926.
8924.
8921.
8918.
8916.
8912.
8910.
8907.
8904.
8900.
8896.
8893.
8889.
8886.
8882.
8878.
8875.
8871.
8866.
8863.
8859.
8854.
8851.
8847.
8843.
8840.
8836.
8832.
8829.
8830.
8832.
8839.
8849.
8861.
8874.
8888.
8905.
8921.
8938.
8955.
8974.
8994.
9014.
9033.
9054.
9073.
9091.
9111.
9130.
9148.
9168.
9186.
9205.
9222.
9239.
9257.
9274.
9290.
9306.
9323.
9337.
9352.
9365.
9377.
9389.
9398.
9406.
9414.
9420.
9425.
9429.
9432.
9436.
9438.
9440.
9441.
9443.
9444.
9444.
9444.
9441.
9440.
9438.
9436.
9434.
9431.
9427.
9424.
9421.
9418.
9414.
9410.
9405.
9402.
9396.
9391.
9385.
9381.
9375.
9370.
9365.
9361.
9355.
9349.
9345.
9340.
9334.
9329.
9322.
9317.
9312.
9306.
9300.
9294.
9288.
9283.
9278.
9270.
9267.
9261.
9254.
9250.
9243.
9237.
9231.
9225.
9219.
9213.
9207.
9202.
9197.
9189.
9184.
9178.
9173.
9171.
9169.
9172.
9177.
9184.
9194.
9205.
9217.
9228.
9240.
9253.
9266.
9281.
9295.
9309.
9323.
9336.
9348.
9358.
9367.
9377.
9383.
9391.
9395.
9400.
9403.
9407.
9410.
9414.
9415.
9419.
9422.
9424.
9426.
9430.
9432.
9435.
9437.
9440.
9442.
9445.
9447.
9449.
9450.
9452.
9453.
9454.
9457.
9457.
9457.
9457.
9458.
9457.
9456.
9455.
9454.
9452.
9451.
9448.
9447.
9443.
9441.
9439.
9436.
9433.
9429.
9426.
9422.
9418.
9414.
9410.
9406.
9402.
9398.
9393.
9389.
9385.
9380.
9376.
9372.
9366.
9361.
9355.
9350.
9346.
9341.
9336.
9330.
9324.
9319.
9316.
9310.
9305.
9300.
9293.
9289.
9283.
9278.
9273.
9268.
9262.
9256.
9249.
9244.
9238.
9234.
9227.
9223.
9217.
9211.
9205.
9199.
9194.
9187.
9181.
9177.
9171.
9164.
9159.
9154.
9147.
9141.
9135.
9129.
9124.
9117.
9112.
9107.
9101.
9096.
9090.
9085.
9079.
9073.
9067.
9062.
9057.
9053.
9047.
9041.
9035.
9030.
9025.
9020.
9014.
9008.
9003.
8998.
8994.
8992.
8995.
9000.
9009.
9021.
9032.
9044.
9056.
9070.
9084.
9098.
9113.
9126.
9141.
9154.
9166.
9178.
9188.
9198.
9209.
9217.
9224.
9229.
9235.
9238.
9241.
9244.
9247.
9251.
9254.
9256.
9259.
9261.
9264.
9267.
9270.
9272.
9275.
9279.
9281.
9283.
9287.
9289.
9292.
9294.
9297.
9298.
9301.
9302.
9305.
9307.
9307.
9308.
9309.
9310.
9310.
9308.
9308.
9306.
9307.
9303.
9301.
9299.
9296.
9293.
9289.
9287.
9284.
9281.
9277.
9274.
9270.
9265.
9261.
9257.
9252.
9248.
9242.
9238.
9233.
9228.
9223.
9218.
9214.
9209.
9204.
9198.
9193.
9187.
9182.
9176.
9171.
9165.
9160.
9155.
9149.
9142.
9137.
9132.
9126.
9120.
9114.
9109.
9103.
9097.
9093.
9088.
9081.
9075.
9069.
9064.
9058.
9052.
9047.
9043.
9036.
9031.
9025.
9020.
9014.
9009.
9004.
8999.
8995.
8989.
8984.
8980.
8974.
8970.
8966.
8961.
8957.
8952.
8948.
8945.
8940.
8936.
8932.
8928.
8924.
8921.
8919.
8917.
8914.
8909.
8903.
8892.
8877.
8853.
8826.
8795.
8760.
8723.
8687.
8652.
8617.
8584.
8552.
8518.
8486.
8453.
8419.
8388.
8359.
8337.
8319.
8306.
8296.
8288.
8279.
8272.
8265.
8257.
8249.
8242.
8235.
8228.
8220.
8213.
8204.
8197.
8190.
8183.
8174.
8167.
8159.
8151.
8144.
8138.
8129.
8121.
8114.
8107.
8099.
8091.
8084.
8076.
8068.
8062.
8055.
8048.
8041.
8035.
8029.
8022.
8016.
8010.
8004.
7997.
7991.
7987.
7981.
7975.
7969.
7965.
7960.
7955.
7950.
7946.
7941.
7938.
7934.
7929.
7925.
7922.
7919.
7915.
7912.
7910.
7905.
7896.
7883.
7865.
7839.
7811.
7779.
7747.
7712.
7675.
7640.
7604.
7567.
7530.
7492.
7456.
7419.
7382.
7344.
7306.
7270.
7234.
7198.
7162.
7126.
7092.
7060.
7032.
7005.
6983.
6964.
6947.
6932.
6917.
6904.
6890.
6877.
6864.
6851.
6837.
6825.
6812.
6801.
6789.
6775.
6764.
6754.
6742.
6730.
6717.
6705.
6694.
6683.
6672.
6663.
6653.
6644.
6635.
6626.
6619.
6612.
6605.
6598.
6591.
6586.
6583.
6576.
6573.
6568.
6565.
6562.
6560.
6558.
6556.
6554.
6551.
6552.
6551.
6549.
6550.
6548.
6549.
6549.
6549.
6551.
6551.
6550.
6552.
6553.
6552.
6548.
6540.
6527.
6509.
6486.
6463.
6438.
6413.
6383.
6354.
6324.
6293.
6263.
6234.
6203.
6174.
6145.
6117.
6088.
6061.
6033.
6007.
5980.
5955.
5931.
5907.
5884.
5859.
5837.
5814.
5794.
5774.
5755.
5737.
5720.
5704.
5690.
5678.
5667.
5657.
5649.
5642.
5635.
5629.
5624.
5619.
5613.
5609.
5606.
5603.
5602.
5599.
5598.
5596.
5597.
5595.
5594.
5595.
5596.
5599.
5599.
5602.
5605.
5608.
5610.
5614.
5618.
5622.
5626.
5630.
5635.
5641.
5646.
5651.
5655.
5661.
5667.
5672.
5679.
5683.
5688.
5694.
5701.
5706.
5711.
5717.
5723.
5729.
5733.
5738.
5739.
5736.
5727.
5715.
5700.
5683.
5665.
5645.
5623.
5600.
5576.
5554.
5531.
5505.
5482.
5460.
5438.
5416.
5397.
5377.
5360.
5342.
5323.
5306.
5288.
5273.
5258.
5243.
5229.
5218.
5205.
5193.
5183.
5171.
5160.
5149.
5139.
5130.
5121.
5112.
5102.
5093.
5085.
5079.
5071.
5065.
5060.
5055.
5050.
5046.
5043.
5039.
5038.
5038.
5036.
5037.
5038.
5040.
5042.
5045.
5049.
5054.
5059.
5063.
5068.
5075.
5081.
5087.
5093.
5100.
5107.
5115.
5121.
5129.
5137.
5146.
5152.
5161.
5169.
5176.
5183.
5192.
5202.
5209.