5437.
5437.
5438.
5440.
5440.
5442.
5444.
5446.
5448.
5450.
5453.
5457.
5460.
5463.
5466.
5470.
5473.
5476.
5482.
5486.
5489.
5493.
5498.
5501.
5506.
5511.
5516.
5521.
5525.
5530.
5535.
5541.
5544.
5551.
5555.
5561.
5566.
5571.
5577.
5582.
5587.
5593.
5597.
5604.
5610.
5615.
5621.
5627.
5633.
5640.
5646.
5651.
5656.
5664.
5669.
5673.
5673.
5671.
5666.
5658.
5651.
5643.
5634.
5625.
5615.
5605.
5597.
5590.
5583.
5579.
5576.
5575.
5575.
5575.
5575.
5574.
5572.
5572.
5571.
5571.
5567.
5567.
5565.
5564.
5563.
5559.
5557.
5557.
5554.
5552.
5550.
5548.
5545.
5542.
5539.
5537.
5534.
5532.
5530.
5526.
5525.
5521.
5518.
5516.
5513.
5509.
5506.
5504.
5502.
5499.
5498.
5496.
5494.
5492.
5490.
5489.
5487.
5486.
5484.
5483.
5482.
5482.
5481.
5482.
5481.
5483.
5483.
5483.
5483.
5484.
5485.
5486.
5488.
5489.
5491.
5493.
5494.
5496.
5498.
5501.
5503.
5505.
5508.
5512.
5516.
5518.
5522.
5525.
5528.
5531.
5535.
5540.
5543.
5549.
5552.
5557.
5561.
5563.
5568.
5573.
5578.
5584.
5588.
5592.
5596.
5602.
5607.
5612.
5617.
5621.
5627.
5633.
5637.
5643.
5650.
5656.
5661.
5667.
5673.
5679.
5685.
5692.
5698.
5704.
5709.
5716.
5722.
5729.
5736.
5742.
5748.
5755.
5761.
5769.
5776.
5781.
5788.
5794.
5796.
5797.
5794.
5788.
5781.
5774.
5767.
5759.
5752.
5746.
5742.
5739.
5741.
5741.
5742.
5743.
5743.
5745.
5744.
5744.
5745.
5744.
5744.
5744.
5744.
5743.
5744.
5742.
5740.
5738.
5738.
5736.
5735.
5734.
5732.
5731.
5730.
5728.
5725.
5723.
5720.
5718.
5715.
5714.
5711.
5709.
5707.
5705.
5702.
5699.
5696.
5694.
5691.
5688.
5686.
5684.
5681.
5679.
5675.
5674.
5671.
5668.
5667.
5664.
5663.
5662.
5659.
5657.
5657.
5656.
5659.
5664.
5673.
5683.
5694.
5706.
5716.
5725.
5733.
5741.
5747.
5753.
5758.
5761.
5764.
5767.
5769.
5769.
5772.
5773.
5775.
5776.
5778.
5780.
5782.
5783.
5785.
5787.
5789.
5791.
5793.
5796.
5797.
5798.
5801.
5803.
5806.
5807.
5810.
5812.
5815.
5816.
5819.
5822.
5825.
5827.
5829.
5832.
5834.
5837.
5840.
5843.
5846.
5850.
5851.
5854.
5857.
5859.
5862.
5865.
5869.
5871.
5875.
5878.
5881.
5883.
5886.
5890.
5894.
5896.
5898.
5904.
5906.
5910.
5913.
5916.
5919.
5923.
5927.
5930.
5933.
5937.
5940.
5944.
5947.
5950.
5954.
5958.
5962.
5965.
5968.
5971.
5975.
5980.
5983.
5986.
5991.
5995.
5998.
6002.
6006.
6009.
6014.
6018.
6023.
6027.
6031.
6035.
6040.
6045.
6049.
6053.
6059.
6062.
6068.
6072.
6078.
6084.
6089.
6094.
6099.
6104.
6109.
6116.
6121.
6128.
6133.
6139.
6145.
6150.
6157.
6163.
6169.
6175.
6182.
6188.
6195.
6200.
6202.
6204.
6203.
6201.
6195.
6191.
6189.
6186.
6188.
6190.
6192.
6194.
6196.
6201.
6204.
6206.
6209.
6211.
6214.
6215.
6218.
6219.
6221.
6223.
6224.
6226.
6227.
6229.
6229.
6230.
6231.
6233.
6233.
6234.
6235.
6235.
6234.
6236.
6236.
6237.
6236.
6236.
6236.
6236.
6235.
6236.
6235.
6234.
6233.
6233.
6232.
6232.
6231.
6229.
6228.
6228.
6226.
6225.
6223.
6222.
6221.
6220.
6218.
6216.
6216.
6214.
6212.
6209.
6209.
6207.
6205.
6204.
6203.
6201.
6199.
6198.
6197.
6195.
6194.
6194.
6196.
6200.
6208.
6216.
6227.
6235.
6244.
6252.
6261.
6268.
6274.
6281.
6286.
6290.
6295.
6302.
6306.
6310.
6313.
6317.
6318.
6320.
6323.
6324.
6326.
6327.
6330.
6332.
6334.
6337.
6339.
6341.
6341.
6344.
6347.
6350.
6352.
6354.
6355.
6358.
6360.
6363.
6366.
6368.
6370.
6372.
6374.
6376.
6380.
6383.
6385.
6387.
6388.
6391.
6396.
6398.
6401.
6404.
6407.
6409.
6413.
6415.
6418.
6421.
6425.
6426.
6429.
6432.
6434.
6437.
6442.
6445.
6447.
6452.
6453.
6457.
6460.
6463.
6466.
6469.
6472.
6476.
6479.
6482.
6485.
6488.
6493.
6496.
6499.
6501.
6505.
6509.
6513.
6517.
6521.
6524.
6530.
6533.
6538.
6543.
6547.
6551.
6557.
6563.
6568.
6573.
6578.
6583.
6588.
6593.
6598.
6603.
6607.
6610.
6615.
6618.
6618.
6618.
6617.
6616.
6615.
6614.
6612.
6611.
6609.
6609.
6610.
6610.
6608.
6610.
6611.
6613.
6615.
6616.
6618.
6619.
6622.
6624.
6627.
6631.
6632.
6636.
6639.
6643.
6647.
6649.
6652.
6656.
6660.
6663.
6666.
6669.
6672.
6676.
6679.
6681.
6684.
6687.
6690.
6693.
6696.
6697.
6701.
6702.
6705.
6707.
6710.
6711.
6713.
6715.
6718.
6719.
6721.
6724.
6726.
6726.
6729.
6731.
6733.
6734.
6736.
6738.
6740.
6741.
6742.
6745.
6745.
6746.
6748.
6748.
6751.
6753.
6753.
6755.
6755.
6755.
6757.
6758.
6757.
6758.
6760.
6759.
6760.
6760.
6761.
6760.
6760.
6760.
6760.
6761.
6760.
6760.
6760.
6759.
6759.
6759.
6759.
6758.
6759.
6763.
6768.
6776.
6784.
6795.
6808.
6819.
6828.
6838.
6844.
6852.
6857.
6863.
6866.
6871.
6875.
6877.
6880.
6882.
6884.
6888.
6890.
6892.
6895.
6897.
6899.
6903.
6905.
6908.
6911.
6913.
6917.
6919.
6923.
6926.
6928.
6932.
6935.
6937.
6940.
6944.
6947.
6950.
6954.
6957.
6962.
6964.
6969.
6972.
6976.
6981.
6984.
6988.
6992.
6996.
6999.
7004.
7010.
7013.
7019.
7024.
7028.
7032.
7039.
7042.
7048.
7053.
7059.
7064.
7070.
7076.
7082.
7087.
7093.
7100.
7105.
7111.
7117.
7122.
7130.
7136.
7142.
7149.
7156.
7163.
7168.
7175.
7182.
7189.
7196.
7202.
7209.
7216.
7224.
7231.
7239.
7247.
7254.
7262.
7269.
7277.
7284.
7291.
7298.
7305.
7312.
7320.
7328.
7335.
7342.
7350.
7357.
7364.
7371.
7380.
7387.
7395.
7401.
7408.
7416.
7423.
7429.
7436.
7442.
7449.
7456.
7461.
7468.
7475.
7482.
7487.
7492.
7498.
7504.
7511.
7517.
7523.
7528.
7534.
7539.
7544.
7552.
7557.
7563.
7568.
7573.
7580.
7584.
7589.
7595.
7601.
7605.
7612.
7617.
7621.
7626.
7631.
7634.
7640.
7643.
7647.
7652.
7656.
7660.
7664.
7667.
7671.
7674.
7676.
7679.
7681.
7684.
7685.
7688.
7690.
7692.
7694.
7697.
7700.
7702.
7705.
7709.
7710.
7713.
7715.
7716.
7718.
7720.
7721.
7723.
7724.
7727.
7727.
7729.
7732.
7734.
7735.
7736.
7738.
7739.
7743.
7745.
7747.
7750.
7753.
7755.
7758.
7760.
7761.
7763.
7765.
7767.
7768.
7771.
7773.
7775.
7776.
7778.
7779.
7779.
7782.
7782.
7785.
7786.
7787.
7788.
7790.
7791.
7793.
7794.
7794.
7794.
7797.
7796.
7796.
7797.
7799.
7800.
7801.
7800.
7802.
7803.
7803.
7804.
7804.
7805.
7805.
7807.
7807.
7807.
7807.
7808.
7808.
7809.
7810.
7811.
7810.
7810.
7810.
7809.
7811.
7811.
7811.
7810.
7810.
7810.
7811.
7811.
7809.
7811.
7810.
7810.
7810.
7810.
7811.
7809.
7809.
7809.
7809.
7807.
7807.
7806.
7807.
7806.
7804.
7804.
7803.
7802.
7801.
7800.
7798.
7797.
7797.
7797.
7796.
7794.
7793.
7792.
7791.
7791.
7790.
7790.
7789.
7789.
7790.
7793.
7797.
7800.
7806.
7812.
7819.
7826.
7832.
7838.
7841.
7844.
7845.
7847.
7848.
7849.
7850.
7852.
7853.
7856.
7857.
7858.
7860.
7861.
7863.
7865.
7867.
7870.
7872.
7874.
7875.
7878.
7880.
7882.
7884.
7888.
7890.
7894.
7896.
7898.
7901.
7905.
7909.
7911.
7914.
7917.
7922.
7925.
7929.
7934.
7938.
7941.
7945.
7951.
7955.
7959.
7964.
7968.
7973.
7977.
7983.
7987.
7994.
7999.
8004.
8009.
8014.
8017.
8019.
8019.
8015.
8011.
8005.
8002.
7999.
7998.
8000.
8001.
8005.
8007.
8012.
8015.
8020.
8022.
8024.
8027.
8029.
8031.
8033.
8034.
8037.
8037.
8040.
8042.
8044.
8044.
8045.
8046.
8047.
8049.
8050.
8051.
8053.
8053.
8055.
8055.
8056.
8056.
8057.
8056.
8058.
8058.
8058.
8059.
8059.
8058.
8059.
8059.
8058.
8058.
8059.
8057.
8058.
8057.
8058.
8057.
8058.
8057.
8056.
8054.
8054.
8054.
8053.
8052.
8052.
8050.
8050.
8049.
8048.
8047.
8046.
8046.
8045.
8044.
8042.
8042.
8042.
8042.
8040.
8038.
8037.
8036.
8036.
8036.
8037.
8039.
8041.
8045.
8050.
8056.
8062.
8068.
8074.
8078.
8084.
8088.
8093.
8097.
8099.
8101.
8104.
8107.
8110.
8114.
8118.
8121.
8124.
8127.
8129.
8132.
8134.
8136.
8139.
8141.
8144.
8146.
8148.
8151.
8153.
8155.
8158.
8159.
8163.
8166.
8168.
8171.
8174.
8178.
8181.
8185.
8188.
8191.
8193.
8197.
8200.
8203.
8207.
8209.
8212.
8215.
8220.
8223.
8226.
8230.
8233.
8237.
8240.
8243.
8247.
8251.
8254.
8258.
8262.
8266.
8269.
8274.
8278.
8281.
8285.
8289.
8293.
8298.
8302.
8306.
8309.
8314.
8318.
8322.
8327.
8330.
8334.
8338.
8342.
8347.
8351.
8354.
8359.
8363.
8366.
8370.
8372.
8377.
8380.
8385.
8388.
8391.
8394.
8398.
8401.
8404.
8407.
8409.
8412.
8415.
8418.
8420.
8423.
8424.
8426.
8428.
8431.
8432.
8434.
8436.
8437.
8438.
8440.
8441.
8444.
8445.
8445.
8446.
8447.
8448.
8449.
8449.
8449.
8449.
8449.
8449.
8449.
8449.
8450.
8449.
8448.
8448.
8447.
8447.
8447.
8446.
8445.
8445.
8444.
8442.
8442.
8441.
8439.
8438.
8438.
8437.
8436.
8433.
8433.
8431.
8429.
8428.
8427.
8425.
8424.
8423.
8421.
8419.
8417.
8415.
8412.
8411.
8409.
8408.
8407.
8403.
8402.
8399.
8398.
8396.
8392.
8390.
8389.
8386.
8383.
8380.
8378.
8376.
8373.
8371.
8369.
8368.
8367.
8370.
8373.
8378.
8383.
8390.
8397.
8405.
8413.
8420.
8427.
8432.
8438.
8441.
8444.
8447.
8449.
8451.
8452.
8454.
8457.
8458.
8462.
8464.
8467.
8470.
8473.
8476.
8479.
8482.
8486.
8489.
8492.
8496.
8499.
8504.
8508.
8512.
8516.
8521.
8526.
8530.
8535.
8540.
8545.
8549.
8555.
8560.
8566.
8571.
8575.
8581.
8586.
8590.
8597.
8603.
8608.
8614.
8621.
8627.
8633.
8639.
8645.
8651.
8658.
8664.
8669.
8674.
8680.
8685.
8690.
8694.
8699.
8702.
8706.
8709.
8712.
8715.
8717.
8719.
8721.
8723.
8724.
8725.
8726.
8726.
8726.
8726.
8727.
8726.
8725.
8725.
8723.
8722.
8721.
8720.
8719.
8717.
8716.
8714.
8712.
8711.
8709.
8706.
8702.
8702.
8699.
8697.
8694.
8692.
8689.
8686.
8683.
8680.
8677.
8676.
8672.
8669.
8666.
8663.
8658.
8655.
8651.
8648.
8645.
8641.
8637.
8635.
8631.
8627.
8622.
8619.
8615.
8612.
8608.
8606.
8606.
8607.
8610.
8616.
8624.
8632.
8640.
8646.
8655.
8663.
8670.
8677.
8685.
8690.
8695.
8699.
8702.
8704.
8706.
8708.
8709.
8711.
8713.
8716.
8720.
8722.
8726.
8728.
8731.
8734.
8738.
8741.
8745.
8748.
8752.
8757.
8761.
8765.
8769.
8773.
8778.
8782.
8787.
8792.
8797.
8802.
8807.
8813.
8819.
8824.
8829.
8835.
8840.
8847.
8852.
8857.
8863.
8869.
8875.
8879.
8885.
8890.
8897.
8900.
8904.
8909.
8913.
8917.
8921.
8923.
8925.
8926.
8928.
8930.
8930.
8931.
8931.
8931.
8930.
8930.
8930.
8929.
8927.
8926.
8924.
8922.
8920.
8919.
8917.
8914.
8913.
8911.
8909.
8907.
8904.
8900.
8897.
8894.
8892.
8887.
8886.
8881.
8879.
8874.
8871.
8868.
8865.
8864.
8865.
8867.
8872.
8879.
8889.
8899.
8909.
8919.
8931.
8942.
8953.
8963.
8973.
8983.
8993.
9001.
9010.
9018.
9025.
9030.
9035.
9039.
9045.
9047.
9052.
9055.
9060.
9064.
9069.
9073.
9077.
9081.
9087.
9091.
9095.
9101.
9105.
9110.
9113.
9119.
9123.
9129.
9133.
9138.
9142.
9148.
9152.
9157.
9160.
9165.
9169.
9173.
9176.
9179.
9181.
9184.
9185.
9186.
9187.
9186.
9187.
9186.
9186.
9186.
9184.
9182.
9182.
9181.
9178.
9176.
9173.
9171.
9169.
9166.
9162.
9162.
9158.
9154.
9152.
9147.
9145.
9142.
9138.
9134.
9129.
9126.
9122.
9118.
9115.
9111.
9109.
9109.
9113.
9119.
9127.
9138.
9149.
9160.
9172.
9184.
9197.
9210.
9222.
9233.
9247.
9260.
9272.
9284.
9295.
9304.
9313.
9319.
9325.
9331.
9335.
9340.
9344.
9348.
9353.
9357.
9360.
9364.
9369.
9373.
9376.
9379.
9385.
9386.
9389.
9393.
9397.
9400.
9403.
9406.
9408.
9410.
9412.
9414.
9415.
9416.
9416.
9415.
9415.
9414.
9413.
9411.
9410.
9409.
9406.
9406.
9402.
9399.
9396.
9393.
9391.
9388.
9384.
9379.
9376.
9373.
9369.
9365.
9361.
9358.
9352.
9348.
9344.
9340.
9336.
9331.
9325.
9322.
9316.
9311.
9306.
9302.
9298.
9292.
9288.
9282.
9276.
9272.
9266.
9262.
9256.
9250.
9245.
9242.
9237.
9233.
9229.
9230.
9232.
9238.
9245.
9254.
9264.
9274.
9285.
9296.
9306.
9318.
9330.
9342.
9353.
9365.
9376.
9385.
9392.
9399.
9406.
9410.
9414.
9419.
9421.
9424.
9427.
9430.
9434.
9436.
9439.
9442.
9446.
9448.
9452.
9455.
9458.
9461.
9464.
9466.
9471.
9475.
9477.
9480.
9482.
9485.
9489.
9491.
9494.
9495.
9497.
9498.
9499.
9499.
9499.
9499.
9498.
9498.
9496.
9495.
9493.
9491.
9489.
9487.
9485.
9483.
9481.
9477.
9474.
9471.
9468.
9464.
9460.
9458.
9454.
9449.
9445.
9441.
9437.
9433.
9428.
9425.
9422.
9418.
9413.
9409.
9405.
9400.
9395.
9391.
9387.
9382.
9379.
9378.
9377.
9382.
9388.
9397.
9406.
9419.
9431.
9443.
9455.
9468.
9481.
9494.
9507.
9519.
9531.
9543.
9556.
9567.
9578.
9588.
9598.
9608.
9615.
9621.
9628.
9633.
9637.
9639.
9642.
9645.
9648.
9651.
9652.
9654.
9655.
9656.
9657.
9658.
9659.
9659.
9660.
9659.
9659.
9659.
9658.
9656.
9656.
9654.
9652.
9649.
9647.
9645.
9641.
9639.
9636.
9633.
9629.
9625.
9621.
9618.
9613.
9610.
9606.
9602.
9596.
9591.
9588.
9583.
9578.
9572.
9569.
9564.
9559.
9552.
9548.
9543.
9538.
9533.
9527.
9523.
9518.
9512.
9506.
9501.
9497.
9491.
9486.
9479.
9474.
9469.
9463.
9458.
9452.
9446.
9441.
9435.
9432.
9429.
9430.
9434.
9441.
9449.
9460.
9469.
9481.
9490.
9500.
9512.
9522.
9531.
9541.
9551.
9561.
9569.
9578.
9583.
9589.
9593.
9596.
9600.
9602.
9604.
9606.
9607.
9610.
9611.
9611.
9616.
9616.
9618.
9620.
9621.
9623.
9624.
9627.
9628.
9631.
9632.
9634.
9634.
9636.
9637.
9638.
9640.
9641.
9641.
9641.
9642.
9641.
9640.
9639.
9639.
9638.
9636.
9634.
9632.
9630.
9627.
9625.
9622.
9620.
9615.
9613.
9610.
9606.
9602.
9599.
9594.
9590.
9586.
9583.
9579.
9574.
9570.
9566.
9561.
9556.
9552.
9547.
9543.
9538.
9533.
9529.
9525.
9519.
9515.
9510.
9505.
9500.
9494.
9490.
9484.
9479.
9474.
9469.
9463.
9458.
9454.
9451.
9451.
9452.
9457.
9463.
9471.
9477.
9485.
9492.
9500.
9506.
9514.
9518.
9523.
9524.
9527.
9529.
9529.
9529.
9530.
9531.
9531.
9532.
9532.
9533.
9534.
9534.
9535.
9536.
9538.
9540.
9543.
9544.
9545.
9546.
9548.
9550.
9551.
9554.
9556.
9557.
9560.
9561.
9564.
9567.
9570.
9570.
9573.
9575.
9577.
9578.
9579.
9582.
9582.
9584.
9584.
9585.
9586.
9587.
9586.
9586.
9584.
9585.
9583.
9582.
9581.
9579.
9577.
9576.
9573.
9572.
9570.
9567.
9564.
9562.
9559.
9556.
9551.
9550.
9546.
9543.
9539.
9536.
9532.
9529.
9525.
9522.
9518.
9514.
9510.
9506.
9501.
9496.
9493.
9489.
9484.
9482.
9476.
9473.
9468.
9463.
9458.
9453.
9449.
9445.
9441.
9435.
9430.
9426.
9422.
9416.
9412.
9408.
9402.
9397.
9392.
9387.
9383.
9377.
9374.
9368.
9363.
9358.
9352.
9347.
9343.
9339.
9333.
9329.
9324.
9319.
9314.
9309.
9303.
9298.
9294.
9289.
9284.
9279.
9274.
9268.
9263.
9259.
9255.
9250.
9245.
9240.
9235.
9229.
9225.
9219.
9215.
9209.
9206.
9200.
9196.
9190.
9186.
9180.
9175.
9171.
9166.
9161.
9156.
9151.
9146.
9141.
9136.
9132.
9127.
9121.
9117.
9113.
9107.
9102.
9098.
9093.
9087.
9083.
9079.
9073.
9069.
9065.
9060.
9054.
9050.
9045.
9040.
9036.
9031.
9027.
9021.
9016.
9011.
9007.
9001.
8997.
8991.
8987.
8982.
8977.
8972.
8968.
8963.
8959.
8953.
8948.
8942.
8938.
8932.
8929.
8922.
8919.
8913.
8908.
8904.
8899.
8894.
8889.
8883.
8878.
8874.
8869.
8864.
8859.
8855.
8850.
8845.
8840.
8834.
8830.
8825.
8819.
8815.
8810.
8805.
8800.
8797.
8790.
8785.
8781.
8775.
8770.
8765.
8760.
8755.
8750.
8745.
8739.
8735.
8729.
8724.
8720.
8713.
8709.
8702.
8698.
8693.
8688.
8682.
8676.
8672.
8667.
8661.
8656.
8650.
8645.
8639.
8634.
8628.
8624.
8618.
8612.
8607.
8601.
8596.
8590.
8584.
8579.
8574.
8568.
8562.
8556.
8550.
8544.
8538.
8533.
8526.
8521.
8516.
8509.
8503.
8496.
8491.
8485.
8479.
8473.
8467.
8460.
8454.
8447.
8440.
8434.
8428.
8422.
8417.
8410.
8404.
8397.
8391.
8385.
8379.
8373.
8369.
8367.
8369.
8371.
8376.
8381.
8389.
8394.
8400.
8404.
8407.
8408.
8407.
8406.
8403.
8402.
8398.
8396.
8395.
8390.
8389.
8387.
8385.
8383.
8380.
8379.
8377.
8375.
8375.
8373.
8371.
8370.
8369.
8369.
8366.
8368.
8366.
8366.
8366.
8364.
8365.
8365.
8364.
8366.
8365.
8366.
8368.
8368.
8369.
8370.
8369.
8372.
8372.
8374.
8375.
8378.
8378.
8379.
8381.
8383.
8384.
8384.
8382.
8377.
8368.
8356.
8342.
8325.
8307.
8292.
8278.
8267.
8259.
8253.
8249.
8246.
8245.
8243.
8241.
8240.
8239.
8237.
8236.
8236.
8233.
8233.
8232.
8230.
8229.
8228.
8226.
8225.
8222.
8220.
8218.
8218.
8216.
8216.
8214.
8212.
8211.
8210.
8208.
8207.
8205.
8202.
8201.
8199.
8197.
8196.
8194.
8192.
8191.
8188.
8187.
8184.
8181.
8180.
8178.
8177.
8175.
8173.
8172.
8169.
8167.
8165.
8162.
8160.
8158.
8156.
8153.
8152.
8150.
8149.
8145.
8143.
8141.
8140.
8138.
8135.
8133.
8132.
8129.
8127.
8123.
8123.
8120.
8118.
8116.
8113.
8112.
8110.
8107.
8105.
8102.
8100.
8099.
8096.
8095.
8092.
8091.
8088.
8085.
8083.
8081.
8079.
8078.
8075.
8072.
8071.
8068.
8067.
8064.
8062.
8060.
8058.
8056.
8055.
8053.
8050.
8048.
8046.
8044.
8042.
8040.
8038.
8037.
8035.
8034.
8032.
8030.
8028.
8027.
8025.
8024.
8022.
8021.
8018.
8017.
8015.
8014.
8012.
8011.
8010.
8009.
8007.
8006.
8006.
8004.
8003.
8002.
8002.
8000.
8000.
7998.
7995.
7988.
7978.
7965.
7949.
7933.
7916.
7899.
7884.
7870.
7858.
7846.
7834.
7826.
7819.
7813.
7808.
7804.
7799.
7795.
7790.
7786.
7782.
7777.
7771.
7767.
7762.
7756.
7751.
7746.
7739.
7734.
7729.
7723.
7717.
7711.
7705.
7700.
7693.
7686.
7679.
7673.
7667.
7659.
7653.
7647.
7640.
7633.
7626.
7618.
7612.
7605.
7597.
7590.
7583.
7575.
7568.
7561.
7554.
7546.
7539.
7530.
7523.
7516.
7509.
7502.
7495.
7487.
7480.
7472.
7465.
7458.
7450.
7442.
7434.
7427.
7421.
7412.
7406.
7399.
7391.
7385.
7377.
7370.
7364.
7356.
7351.
7343.
7337.
7329.
7324.
7317.
7310.
7303.
7298.
7291.
7284.
7278.
7271.
7264.
7256.
7252.
7245.
7238.
7232.
7227.
7219.
7213.
7206.
7202.
7194.
7187.
7182.
7174.
7168.
7163.
7157.
7150.
7145.
7138.
7132.
7125.
7119.
7112.
7105.
7100.
7094.
7087.
7081.
7074.
7068.
7061.
7055.
7049.
7043.
7036.
7030.
7023.
7017.
7010.
7003.
6997.
6991.
6984.
6977.
6972.
6965.
6958.
6951.
6945.
6941.
6935.
6933.
6934.
6940.
6947.
6957.
6969.
6983.
6996.
7005.
7015.
7023.
7030.
7036.
7040.
7044.
7044.
7044.
7042.
7042.
7038.
7035.
7034.
7032.
7030.
7029.
7028.
7025.
7023.
7021.
7020.
7019.
7015.
7014.
7012.
7009.
7009.
7008.
7006.
7005.
7004.
7002.
7001.
6999.
6998.
6998.
6996.
6995.
6994.
6993.
6993.
6991.
6990.
6990.
6990.
6989.
6989.
6988.
6987.
6987.
6988.
6988.
6988.
6987.
6988.
6988.
6988.
6989.
6990.
6990.
6991.
6991.
6993.
6994.
6995.
6996.
6997.
6998.
7000.
7001.
7003.
7005.
7007.
7009.
7011.
7012.
7015.
7015.
7014.
7010.
7003.
6995.
6985.
6975.
6967.
6960.
6955.
6950.
6948.
6946.
6946.
6944.
6943.
6943.
6942.
6941.
6939.
6938.
6938.
6936.
6933.
6932.
6929.
6927.
6926.
6924.
6921.
6918.
6916.
6913.
6911.
6909.
6906.
6902.
6900.
6896.
6893.
6890.
6888.
6884.
6881.
6878.
6874.
6871.
6867.
6863.
6859.
6855.
6852.
6847.
6844.
6840.
6835.
6832.
6825.
6822.
6817.
6812.
6807.
6803.
6799.
6794.
6790.
6786.
6780.
6775.
6770.
6765.
6761.
6756.
6751.
6746.
6742.
6736.
6732.
6727.
6722.
6717.
6714.
6709.
6704.
6700.
6695.
6691.
6686.
6681.
6678.
6673.
6669.
6665.
6661.
6656.
6653.
6649.
6644.
6640.
6637.
6634.
6629.
6626.
6622.
6618.
6615.
6610.
6608.
6605.
6600.
6598.
6594.
6592.
6589.
6586.
6582.
6579.
6576.
6572.
6569.
6565.
6562.
6560.
6557.
6554.
6551.
6548.
6545.
6543.
6541.
6537.
6534.
6531.
6529.
6527.
6525.
6522.
6519.
6518.
6515.
6512.
6509.
6507.
6505.
6502.
6500.
6498.
6497.
6494.
6492.
6490.
6489.
6487.
6485.
6483.
6481.
6480.
6477.
6475.
6473.
6471.
6471.
6468.
6468.
6466.
6466.
6464.
6462.
6461.
6459.
6457.
6457.
6456.
6456.
6454.
6453.
6453.
6453.
6451.
6450.
6449.
6448.
6448.
6446.
6446.
6445.
6445.
6445.
6444.
6444.
6444.
6444.
6443.
6443.
6443.
6442.
6442.
6443.
6444.
6445.
6444.
6445.
6445.
6444.
6446.
6447.
6447.
6448.
6450.
6450.
6451.
6453.
6455.
6455.
6458.
6458.
6460.
6462.
6463.
6466.
6468.
6470.
6471.
6474.
6478.
6479.
6482.
6484.
6487.
6490.
6493.
6495.
6498.
6500.
6501.
6500.
6496.
6489.
6481.
6471.
6462.
6453.
6444.
6437.
6432.
6427.
6423.
6421.
6419.
6418.
6415.
6414.
6413.
6411.
6409.
6407.
6406.
6403.
6401.
6399.
6397.
6393.
6391.
6389.
6387.
6383.
6380.
6378.
6374.
6372.
6367.
6365.
6361.
6357.
6354.
6350.
6346.
6343.
6339.
6335.
6330.
6326.
6321.
6319.
6314.
6309.
6305.
6301.
6298.
6293.
6289.
6285.
6281.
6276.
6272.
6267.
6265.
6261.
6255.
6251.
6247.
6243.
6240.
6235.
6231.
6228.
6224.
6221.
6217.
6215.
6212.
6208.
6206.
6204.
6202.
6199.
6197.
6194.
6192.
6191.
6190.
6188.
6186.
6186.
6187.
6185.
6186.
6186.
6186.
6185.
6185.
6186.
6187.
6188.
6188.
6189.
6190.
6191.
6193.
6194.
6197.
6198.
6200.
6201.
6204.
6207.
6208.
6209.
6213.
6216.
6219.
6221.
6224.
6227.
6231.
6233.
6236.
6239.
6243.
6244.
6248.
6252.
6255.
6259.
6263.
6266.
6270.
6272.
6273.
6270.
6265.
6257.
6250.
6241.
6232.
6222.
6213.
6204.
6194.
6185.
6177.
6168.
6161.
6154.
6148.
6141.
6134.
6128.
6121.
6116.
6109.
6102.
6094.
6084.
6074.
6063.
6053.
6042.
6031.
6021.
6012.
6001.
5992.
5983.
5975.
5968.
5961.
5953.
5946.
5939.
5933.
5927.
5920.
5915.
5910.
5904.
5899.
5894.
5888.
5884.
5878.
5873.
5868.
5864.
5860.
5857.
5851.
5847.
5843.
5838.
5836.
5833.
5829.
5827.
5824.
5823.
5820.
5816.
5816.
5815.
5813.
5812.
5812.
5812.
5811.
5810.
5812.
5812.
5813.
5812.
5814.
5815.
5818.
5817.
5820.
5823.
5825.
5827.
5829.
5833.
5836.
5838.
5841.
5844.
5848.
5852.
5856.
5859.
5863.
5867.
5869.
5874.
5877.
5882.
5886.
5890.
5895.
5900.
5903.
5907.
5913.
5916.
5923.
5927.
5931.
5936.
5938.
5940.
5938.
5934.
5927.
5917.
5907.
5897.
5886.
5873.
5861.
5848.
5834.
5825.
5814.
5805.
5798.
5793.
5787.
5782.
5779.
5774.
5770.
5766.
5763.
5759.
5754.
5750.
5747.
5743.
5738.
5733.
5730.
5726.
5720.
5715.
5712.
5708.
5703.
5697.
5693.
5689.
5686.
5681.
5676.
5673.
5669.
5666.
5662.
5658.
5655.
5651.
5648.
5646.
5643.
5641.
5637.
5636.
5635.
5632.
5632.
5630.
5631.
5631.
5630.
5630.
5630.
5632.
5632.
5635.
5636.
5638.
5640.
5642.
5645.
5647.
5651.
5654.
5657.
5661.
5664.
5666.
5671.
5675.
5679.
5682.
5687.
5691.
5696.
5700.
5703.
5708.
5712.
5717.
5721.
5727.
5732.
5736.
5740.
5746.
5751.
5756.
5761.
5767.
5771.
5778.
5783.
5789.
5793.
5799.
5804.
5810.
5816.
5821.
5827.
5834.
5839.
5845.
5850.
5857.
5862.
5868.
5869.
5868.
5864.
5856.
5847.
5837.
5826.
5815.
5802.
5789.
5775.
5761.
5747.
5735.
5720.
5706.
5694.
5683.
5676.
5668.
5662.
5657.
5651.
5646.
5643.
5638.
5633.
5630.
5626.
5621.
5617.
5613.
5609.
5603.
5600.
5595.
5591.
5588.
5584.
5579.
5575.
5572.
5569.
5565.
5560.
5556.
5554.
5551.
5548.
5544.
5542.
5540.
5537.
5536.
5534.
5533.
5532.
5530.
5530.
5529.
5530.
5528.
5529.
5530.
5531.
5533.
5534.
5536.
5538.
5541.
5543.
5546.
5548.
5553.
5556.
5559.
5563.
5566.
5570.
5574.
5579.
5583.
5586.
5591.
5595.
5599.
5603.
5608.
5614.
5618.
5623.
5628.
5633.
5638.
5643.
5649.
5653.
5658.
5666.
5670.
5676.
5681.
5686.
5693.
5700.
5705.
5709.
5716.
5720.
5723.
5724.
5721.
5714.
5708.
5700.
5690.
5680.
5670.
5657.
5645.
5634.
5622.
5610.
5599.
5592.
5586.
5581.
5578.
5574.
5572.
5569.
5565.
5562.
5560.
5555.
5553.
5549.
5545.
5543.
5539.
5535.
5532.
5528.
5525.
5521.
5518.
5513.
5509.
5506.
5502.
5499.
5494.
5493.
5489.
5486.
5484.
5480.
5478.
5475.
5473.
5469.
5469.
5467.
5465.
5463.
5462.
5461.
5460.
5461.
5460.
5461.
5461.
5462.
5464.
5465.
5467.
5469.
5470.
5473.
5475.
5477.
5482.
5485.
5488.
5492.
5495.
5498.
5503.
5507.
5512.
5516.
5519.
5524.
5529.
5534.
5538.
5544.
5548.
5553.
5559.
5563.
5569.
5574.
5580.
5586.
5591.
5596.
5603.
5608.
5613.
5620.
5624.
5631.
5636.
5642.
5647.
5653.
5659.
5665.
5671.
5677.
5682.
5690.
5695.
5702.
5708.
5713.
5720.
5728.
5733.
5738.
5740.
5742.
5739.
5735.
5728.
5722.
5714.
5708.
5702.
5698.
5693.
5687.
5686.
5685.
5685.
5684.
5685.
5685.
5684.
5685.
5683.
5684.
5683.
5681.
5681.
5679.
5677.
5676.
5674.
5673.
5671.
5669.
5666.
5663.
5661.
5660.
5657.
5654.
5652.
5649.
5646.
5644.
5639.
5637.
5634.
5631.
5628.
5624.
5621.
5618.
5616.
5612.
5608.
5606.
5603.
5599.
5597.
5594.
5591.
5590.
5587.
5584.
5582.
5581.
5578.
5577.
5576.
5574.
5573.
5573.
5571.
5571.
5570.
5569.
5570.
5570.
5569.
5570.
5571.
5572.
5573.
5574.
5575.
5576.
5577.
5577.
5579.
5581.
5583.
5584.
5586.
5589.
5591.
5592.
5596.
5597.
5600.
5603.
5606.
5608.
5613.
5615.
5617.
5621.
5623.
5627.
5631.
5635.
5638.
5643.
5646.
5649.
5653.
5659.
5661.
5664.
5669.
5674.
5679.
5682.
5687.
5692.
5696.
5702.
5707.
5711.
5716.
5722.
5726.
5731.
5737.
5741.
5746.
5752.
5759.
5765.
5769.
5776.
5781.
5787.
5794.
5800.
5805.
5811.
5817.
5825.
5831.
5837.
5843.
5849.
5856.
5863.
5869.
5876.
5884.
5891.
5897.
5904.
5911.
5919.
5926.
5933.
5940.
5948.
5955.
5961.
5966.
5970.
5971.
5970.
5966.
5961.
5960.
5957.
5956.
5956.
5958.
5960.
5963.
5965.
5968.
5970.
5972.
5974.
5976.
5978.
5979.
5980.
5981.
5982.
5982.
5983.
5983.
5984.
5984.
5984.
5984.
5984.
5983.
5982.
5983.
5981.
5981.
5980.
5980.
5979.
5977.
5976.
5975.
5973.
5972.
5970.
5968.
5966.
5965.
5963.
5961.
5958.
5956.
5954.
5953.
5950.
5948.
5946.
5943.
5941.
5938.
5935.
5933.
5930.
5928.
5926.
5924.
5922.
5919.
5918.
5916.
5915.
5917.
5920.
5928.
5939.
5949.
5961.
5971.
5982.
5993.
6001.
6009.
6016.
6022.
6027.
6030.
6034.
6036.
6037.
6039.
6041.
6043.
6043.
6044.
6047.
6048.
6050.
6051.
6053.
6053.
6054.
6057.
6058.
6059.
6062.
6062.
6065.
6065.
6069.
6070.
6071.
6074.
6075.
6077.
6078.
6081.
6082.
6084.
6086.
6088.
6091.
6091.
6094.
6096.
6098.
6101.
6102.
6104.
6107.
6108.
6110.
6112.
6115.
6117.
6120.
6122.
6124.
6126.
6128.
6132.
6134.
6137.
6139.
6141.
6144.
6146.
6149.
6151.
6153.
6156.
6158.
6162.
6164.
6166.
6169.
6172.
6175.
6178.
6180.
6183.
6186.
6189.
6192.
6194.
6197.
6200.
6203.
6207.
6209.
6210.
6215.
6219.
6221.
6224.
6227.
6231.
6233.
6237.
6239.
6242.
6245.
6248.
6251.
6254.
6256.
6260.
6263.
6267.
6271.
6273.
6277.
6280.
6284.
6286.
6291.
6295.
6297.
6302.
6306.
6310.
6314.
6317.
6320.
6324.
6328.
6332.
6336.
6340.
6344.
6347.
6351.
6356.
6360.
6364.
6369.
6374.
6377.
6382.
6388.
6392.
6397.
6401.
6406.
6411.
6416.
6421.
6427.
6433.
6437.
6443.
6449.
6454.
6459.
6465.
6470.
6476.
6483.
6488.
6494.
6501.
6507.
6513.
6520.
6527.
6533.
6540.
6547.
6552.
6558.
6566.
6573.
6579.
6586.
6593.
6599.
6605.
6607.
6609.
6612.
6613.
6615.
6617.
6622.
6628.
6632.
6639.
6643.
6648.
6654.
6658.
6664.
6670.
6673.
6678.
6682.
6687.
6690.
6695.
6700.
6704.
6708.
6712.
6715.
6719.
6722.
6726.
6729.
6733.
6736.
6740.
6742.
6745.
6748.
6750.
6753.
6756.
6759.
6761.
6763.
6765.
6768.
6769.
6772.
6772.
6774.
6776.
6777.
6778.
6780.
6781.
6783.
6783.
6784.
6785.
6786.
6787.
6788.
6788.
6788.
6788.
6788.
6787.
6787.
6787.
6787.
6786.
6785.
6785.
6784.
6783.
6783.
6783.
6782.
6781.
6781.
6780.
6779.
6780.
6781.
6781.
6780.
6781.
6781.
6780.
6781.
6780.
6780.
6779.
6780.
6778.
6777.
6778.
6778.
6781.
6784.
6789.
6793.
6798.
6803.
6807.
6811.
6816.
6820.
6827.
6832.
6837.
6843.
6850.
6856.
6860.
6867.
6870.
6875.
6878.
6882.
6887.
6892.
6895.
6899.
6903.
6908.
6912.
6913.
6917.
6920.
6924.
6928.
6932.
6934.
6939.
6941.
6945.
6949.
6953.
6956.
6959.
6964.
6968.
6971.
6974.
6980.
6983.
6987.
6991.
6996.
7000.
7004.
7008.
7014.
7019.
7023.
7027.
7032.
7037.
7042.
7047.
7052.
7058.
7062.
7069.
7074.
7080.
7085.
7090.
7096.
7102.
7107.
7114.
7119.
7124.
7132.
7137.
7143.
7149.
7152.
7154.
7154.
7151.
7146.
7141.
7137.
7134.
7132.
7133.
7136.
7140.
7145.
7149.
7153.
7157.
7159.
7162.
7165.
7168.
7170.
7172.
7175.
7178.
7178.
7181.
7183.
7185.
7187.
7188.
7189.
7192.
7192.
7195.
7195.
7197.
7199.
7200.
7200.
7202.
7202.
7204.
7204.
7205.
7205.
7205.
7206.
7207.
7207.
7208.
7207.
7206.
7207.
7206.
7206.
7207.
7206.
7206.
7205.
7204.
7205.
7204.
7203.
7202.
7201.
7201.
7198.
7197.
7197.
7195.
7193.
7191.
7190.
7188.
7185.
7183.
7182.
7179.
7177.
7174.
7172.
7170.
7168.
7166.
7162.
7159.
7156.
7153.
7151.
7148.
7146.
7144.
7140.
7138.
7136.
7134.
7135.
7136.
7140.
7146.
7153.
7164.
7174.
7184.
7196.
7206.
7214.
7220.
7225.
7232.
7238.
7243.
7250.
7256.
7262.
7269.
7276.
7282.
7288.
7292.
7296.
7300.
7305.
7308.
7312.
7316.
7320.
7324.
7329.
7334.
7339.
7343.
7348.
7351.
7355.
7359.
7362.
7367.
7372.
7376.
7381.
7384.
7389.
7394.
7398.
7402.
7406.
7410.
7415.
7420.
7424.
7430.
7435.
7440.
7445.
7450.
7454.
7460.
7467.
7473.
7477.
7482.
7488.
7494.
7500.
7506.
7512.
7518.
7523.
7530.
7536.
7542.
7549.
7557.
7561.
7567.
7574.
7581.
7588.
7594.
7601.
7609.
7615.
7621.
7628.
7635.
7642.
7649.
7656.
7662.
7669.
7677.
7684.
7691.
7698.
7704.
7713.
7719.
7726.
7733.
7739.
7745.
7753.
7761.
7767.
7773.
7779.
7785.
7792.
7797.
7803.
7809.
7814.
7819.
7823.
7828.
7834.
7838.
7844.
7850.
7852.
7855.
7859.
7864.
7867.
7870.
7872.
7876.
7880.
7881.
7883.
7886.
7888.
7890.
7893.
7894.
7896.
7898.
7899.
7901.
7903.
7904.
7905.
7906.
7909.
7910.
7910.
7911.
7912.
7913.
7914.
7916.
7916.
7918.
7918.
7919.
7920.
7920.
7920.
7922.
7922.
7921.
7923.
7925.
7924.
7926.
7928.
7929.
7929.
7930.
7931.
7932.
7933.
7934.
7936.
7937.
7938.
7939.
7940.
7941.
7942.
7944.
7945.
7948.
7950.
7952.
7954.
7958.
7960.
7961.
7963.
7966.
7967.
7970.
7973.
7976.
7978.
7981.
7983.
7987.
7992.
7993.
7996.
7999.
8002.
8003.
8006.
8006.
8011.
8013.
8015.
8018.
8020.
8023.
8023.
8026.
8028.
8030.
8031.
8033.
8035.
8036.
8038.
8039.
8042.
8043.
8044.
8046.
8047.
8049.
8051.
8052.
8054.
8054.
8055.
8056.
8057.
8058.
8060.
8060.
8061.
8064.
8063.
8065.
8065.
8067.
8067.
8068.
8068.
8069.
8070.
8071.
8071.
8072.
8072.
8072.
8073.
8072.
8073.
8073.
8074.
8074.
8074.
8074.
8074.
8074.
8073.
8072.
8072.
8073.
8072.
8071.
8071.
8070.
8069.
8068.
8068.
8067.
8066.
8065.
8065.
8063.
8061.
8059.
8058.
8056.
8056.
8054.
8052.
8049.
8048.
8046.
8043.
8042.
8040.
8037.
8035.
8034.
8032.
8030.
8028.
8026.
8024.
8020.
8019.
8017.
8014.
8012.
8010.
8009.
8010.
8013.
8016.
8021.
8027.
8035.
8042.
8052.
8060.
8069.
8077.
8085.
8093.
8099.
8106.
8112.
8118.
8123.
8128.
8133.
8139.
8144.
8149.
8155.
8162.
8167.
8174.
8181.
8188.
8196.
8202.
8209.
8215.
8220.
8227.
8232.
8237.
8243.
8249.
8254.
8260.
8265.
8270.
8277.
8284.
8289.
8296.
8302.
8308.
8315.
8322.
8328.
8333.
8340.
8347.
8354.
8360.
8367.
8374.
8379.
8386.
8393.
8399.
8406.
8412.
8418.
8425.
8432.
8438.
8444.
8450.
8456.
8460.
8465.
8469.
8473.
8478.
8481.
8485.
8488.
8490.
8492.
8495.
8496.
8498.
8499.
8500.
8502.
8502.
8501.
8502.
8501.
8501.
8501.
8500.
8501.
8499.
8498.
8496.
8496.
8493.
8492.
8490.
8488.
8487.
8485.
8483.
8481.
8478.
8477.
8474.
8472.
8469.
8466.
8463.
8460.
8457.
8455.
8451.
8449.
8445.
8441.
8437.
8435.
8431.
8428.
8425.
8421.
8417.
8413.
8409.
8405.
8401.
8397.
8394.
8389.
8384.
8381.
8378.
8373.
8368.
8364.
8360.
8355.
8352.
8348.
8345.
8345.
8346.
8351.
8356.
8364.
8371.
8378.
8386.
8395.
8405.
8413.
8420.
8427.
8434.
8440.
8445.
8449.
8454.
8458.
8463.
8466.
8470.
8473.
8476.
8480.
8483.
8486.
8489.
8492.
8496.
8499.
8502.
8507.
8510.
8514.
8517.
8521.
8526.
8529.
8533.
8538.
8542.
8547.
8552.
8557.
8561.
8565.
8571.
8576.
8581.
8585.
8590.
8595.
8601.
8606.
8611.
8616.
8622.
8627.
8631.
8637.
8642.
8647.
8653.
8658.
8663.
8669.
8673.
8677.
8682.
8685.
8691.
8694.
8697.
8701.
8703.
8705.
8707.
8708.
8711.
8713.
8712.
8712.
8713.
8714.
8713.
8713.
8713.
8711.
8712.
8711.
8709.
8708.
8705.
8704.
8703.
8701.
8699.
8697.
8693.
8691.
8689.
8686.
8682.
8680.
8678.
8675.
8670.
8667.
8664.
8661.
8657.
8653.
8650.
8647.
8643.
8639.
8635.
8631.
8627.
8623.
8619.
8614.
8612.
8608.
8603.
8598.
8594.
8591.
8590.
8592.
8596.
8602.
8609.
8617.
8625.
8637.
8646.
8655.
8664.
8673.
8682.
8689.
8696.
8702.
8705.
8708.
8712.
8714.
8716.
8717.
8721.
8723.
8726.
8729.
8731.
8735.
8738.
8742.
8747.
8750.
8753.
8758.
8762.
8765.
8770.
8772.
8778.
8782.
8785.
8790.
8796.
8800.
8805.
8810.
8814.
8820.
8825.
8829.
8836.
8840.
8846.
8851.
8856.
8861.
8868.
8873.
8877.
8882.
8887.
8891.
8895.
8899.
8903.
8905.
8907.
8909.
8911.
8913.
8913.
8913.
8916.
8915.
8913.
8914.
8913.
8912.
8911.
8909.
8908.
8907.
8904.
8901.
8899.
8897.
8894.
8892.
8889.
8886.
8883.
8879.
8877.
8874.
8871.
8867.
8864.
8861.
8858.
8852.
8849.
8845.
8842.
8839.
8834.
8836.
8838.
8844.
8851.
8862.
8872.
8883.
8893.
8906.
8919.
8930.
8943.
8954.
8966.
8978.
8988.
8995.
9004.
9009.
9014.
9019.
9023.
9026.
9030.
9034.
9038.
9042.
9046.
9049.
9054.
9057.
9061.
9066.
9069.
9074.
9077.
9081.
9085.
9089.
9094.
9098.
9102.
9106.
9111.
9113.
9117.
9121.
9125.
9128.
9132.
9135.
9138.
9140.
9141.
9142.
9144.
9144.
9145.
9145.
9145.
9144.
9143.
9143.
9141.
9141.
9138.
9137.
9135.
9133.
9131.
9127.
9126.
9122.
9119.
9116.
9113.
9110.
9107.
9103.
9100.
9097.
9093.
9089.
9085.
9080.
9075.
9072.
9066.
9061.
9058.
9054.
9048.
9043.
9039.
9034.
9029.
9024.
9021.
9015.
9010.
9008.
9006.
9008.
9014.
9021.
9030.
9041.
9053.
9063.
9076.
9088.
9101.
9115.
9128.
9143.
9158.
9171.
9183.
9193.
9202.
9210.
9218.
9223.
9228.
9231.
9236.
9240.
9243.
9247.
9251.
9254.
9258.
9261.
9264.
9267.
9271.
9275.
9280.
9283.
9286.
9289.
9293.
9296.
9300.
9303.
9306.
9309.
9311.
9313.
9316.
9317.
9320.
9320.
9321.
9321.
9321.
9321.
9321.
9320.
9318.
9316.
9315.
9313.
9311.
9308.
9306.
9303.
9300.
9296.
9294.
9289.
9286.
9282.
9279.
9274.
9270.
9266.
9262.
9258.
9254.
9249.
9243.
9239.
9234.
9231.
9226.
9220.
9215.
9210.
9204.
9200.
9195.
9190.
9184.
9179.
9174.
9169.
9163.
9157.
9152.
9146.
9141.
9136.
9131.
9125.
9120.
9117.
9116.
9119.
9126.
9134.
9143.
9153.
9165.
9177.
9190.
9204.
9217.
9230.
9243.
9255.
9268.
9280.
9292.
9302.
9312.
9320.
9326.
9330.
9334.
9337.
9342.
9343.
9347.
9350.
9353.
9356.
9358.
9362.
9365.
9367.
9369.
9373.
9376.
9378.
9381.
9383.
9387.
9390.
9391.
9394.
9396.
9398.
9400.
9401.
9403.
9404.
9406.
9406.
9405.
9405.
9405.
9402.
9402.
9400.
9399.
9398.
9394.
9392.
9388.
9386.
9384.
9379.
9377.
9374.
9370.
9366.
9361.
9357.
9353.
9350.
9347.
9341.
9338.
9332.
9329.
9324.
9319.
9314.
9310.
9304.
9300.
9294.
9289.
9284.
9279.
9274.
9269.
9263.
9257.
9253.
9249.
9243.
9237.
9231.
9226.
9221.
9216.
9212.
9211.
9214.
9220.
9226.
9234.
9245.
9257.
9268.
9280.
9292.
9304.
9318.
9331.
9342.
9353.
9364.
9373.
9379.
9387.
9392.
9396.
9401.
9405.
9408.
9410.
9411.
9414.
9417.
9419.
9421.
9423.
9424.
9428.
9430.
9433.
9434.
9436.
9439.
9441.
9444.
9446.
9447.
9449.
9452.
9453.
9455.
9456.
9459.
9458.
9458.
9460.
9458.
9459.
9457.
9456.
9455.
9452.
9450.
9448.
9444.
9443.
9441.
9438.
9435.
9432.
9428.
9424.
9418.
9414.
9413.
9409.
9406.
9401.
9396.
9392.
9389.
9383.
9378.
9374.
9369.
9364.
9360.
9359.
9361.
9367.
9376.
9385.
9397.
9408.
9421.
9435.
9448.
9461.
9475.
9487.
9502.
9515.
9529.
9543.
9556.
9572.
9585.
9598.
9611.
9623.
9634.
9644.
9653.
9659.
9664.
9668.
9670.
9673.
9674.
9675.
9677.
9678.
9677.
9676.
9677.
9676.
9677.
9675.
9674.
9673.
9671.
9669.
9666.
9664.
9662.
9658.
9654.
9652.
9648.
9643.
9640.
9637.
9633.
9628.
9624.
9620.
9616.
9610.
9605.
9601.
9596.
9589.
9586.
9581.
9575.
9570.
9565.
9559.
9553.
9547.
9542.
9536.
9531.
9525.
9519.
9513.
9507.
9501.
9497.
9489.
9484.
9478.
9472.
9467.
9461.
9454.
9448.
9442.
9435.
9429.
9425.
9418.
9411.
9406.
9400.
9395.
9390.
9383.
9377.
9374.
9374.
9378.
9384.
9393.
9402.
9412.
9422.
9432.
9443.
9455.
9465.
9479.
9492.
9504.
9513.
9522.
9530.
9534.
9538.
9542.
9544.
9547.
9548.
9550.
9551.
9553.
9553.
9555.
9557.
9558.
9559.
9562.
9563.
9565.
9566.
9567.
9568.
9572.
9573.
9575.
9577.
9578.
9580.
9581.
9582.
9583.
9584.
9585.
9585.
9586.
9586.
9586.
9585.
9583.
9583.
9581.
9579.
9577.
9575.
9573.
9570.
9567.
9563.
9560.
9557.
9553.
9551.
9547.
9543.
9540.
9534.
9531.
9526.
9523.
9518.
9513.
9508.
9505.
9501.
9495.
9491.
9486.
9481.
9475.
9471.
9466.
9461.
9457.
9450.
9445.
9439.
9434.
9429.
9424.
9420.
9417.
9417.
9422.
9428.
9435.
9443.
9453.
9464.
9474.
9484.
9495.
9503.
9513.
9523.
9533.
9544.
9551.
9558.
9563.
9568.
9571.
9574.
9575.
9576.
9577.
9579.
9579.
9579.
9580.
9581.
9582.
9582.
9582.
9584.
9583.
9584.
9585.
9586.
9586.
9586.
9589.
9589.
9589.
9590.
9591.
9590.
9590.
9591.
9591.
9591.
9591.
9592.
9590.
9589.
9587.
9585.
9584.
9583.
9581.
9578.
9577.
9574.
9572.
9569.
9566.
9562.
9556.
9553.
9549.
9545.
9542.
9538.
9534.
9530.
9524.
9521.
9517.
9512.
9507.
9503.
9499.
9496.
9491.
9487.
9481.
9477.
9471.
9467.
9463.
9457.
9452.
9448.
9443.
9438.
9433.
9427.
9422.
9416.
9411.
9406.
9402.
9396.
9391.
9385.
9380.
9376.
9370.
9364.
9359.
9354.
9349.
9343.
9338.
9332.
9327.
9322.
9317.
9311.
9306.
9300.
9296.
9291.
9285.
9279.
9273.
9267.
9263.
9256.
9250.
9244.
9239.
9233.
9228.
9223.
9216.
9211.
9205.
9199.
9192.
9186.
9179.
9173.
9168.
9162.
9155.
9149.
9143.
9137.
9132.
9126.
9120.
9114.
9108.
9102.
9095.
9089.
9083.
9077.
9070.
9064.
9058.
9052.
9046.
9038.
9032.
9026.
9020.
9015.
9008.
9001.
8998.
8997.
9000.
9005.
9011.
9019.
9029.
9040.
9050.
9059.
9070.
9080.
9089.
9099.
9105.
9113.
9117.
9119.
9121.