9289.
9287.
9284.
9281.
9279.
9276.
9274.
9272.
9269.
9266.
9264.
9261.
9259.
9257.
9254.
9253.
9251.
9250.
9252.
9254.
9258.
9262.
9267.
9273.
9277.
9282.
9286.
9291.
9295.
9299.
9304.
9307.
9309.
9313.
9314.
9315.
9316.
9318.
9317.
9318.
9318.
9319.
9320.
9320.
9321.
9322.
9323.
9323.
9325.
9326.
9326.
9328.
9328.
9329.
9331.
9332.
9334.
9335.
9336.
9337.
9339.
9340.
9341.
9342.
9344.
9346.
9347.
9347.
9348.
9349.
9350.
9351.
9352.
9353.
9355.
9354.
9355.
9356.
9357.
9356.
9357.
9357.
9357.
9357.
9357.
9356.
9356.
9356.
9355.
9355.
9355.
9354.
9353.
9351.
9350.
9349.
9349.
9347.
9346.
9345.
9342.
9342.
9340.
9339.
9336.
9335.
9333.
9331.
9329.
9326.
9324.
9322.
9320.
9318.
9317.
9315.
9311.
9307.
9305.
9304.
9300.
9297.
9295.
9294.
9289.
9286.
9283.
9281.
9278.
9275.
9273.
9270.
9266.
9264.
9261.
9259.
9256.
9252.
9248.
9244.
9242.
9239.
9237.
9233.
9229.
9226.
9222.
9219.
9216.
9212.
9209.
9206.
9204.
9204.
9205.
9208.
9212.
9216.
9221.
9228.
9234.
9240.
9245.
9247.
9250.
9252.
9251.
9253.
9252.
9251.
9252.
9250.
9251.
9250.
9250.
9251.
9250.
9251.
9251.
9251.
9250.
9251.
9252.
9252.
9253.
9254.
9256.
9255.
9256.
9257.
9258.
9259.
9260.
9261.
9262.
9263.
9264.
9265.
9267.
9268.
9269.
9270.
9271.
9274.
9274.
9276.
9277.
9279.
9280.
9283.
9284.
9286.
9287.
9288.
9288.
9291.
9292.
9293.
9293.
9295.
9296.
9297.
9298.
9298.
9298.
9299.
9300.
9300.
9300.
9300.
9300.
9300.
9299.
9299.
9298.
9298.
9298.
9298.
9296.
9295.
9294.
9293.
9293.
9292.
9290.
9290.
9289.
9288.
9286.
9285.
9283.
9282.
9281.
9278.
9277.
9275.
9273.
9271.
9269.
9267.
9264.
9262.
9260.
9258.
9256.
9253.
9250.
9249.
9245.
9242.
9240.
9238.
9235.
9232.
9229.
9226.
9224.
9221.
9218.
9214.
9211.
9209.
9206.
9202.
9201.
9197.
9194.
9190.
9188.
9185.
9183.
9179.
9175.
9173.
9169.
9166.
9163.
9159.
9156.
9152.
9151.
9146.
9143.
9142.
9140.
9141.
9143.
9148.
9153.
9159.
9165.
9170.
9175.
9179.
9186.
9190.
9195.
9196.
9196.
9198.
9199.
9198.
9197.
9197.
9196.
9196.
9196.
9197.
9197.
9199.
9198.
9199.
9199.
9199.
9201.
9202.
9202.
9202.
9205.
9204.
9206.
9205.
9207.
9209.
9210.
9211.
9213.
9214.
9216.
9217.
9220.
9220.
9222.
9223.
9225.
9228.
9228.
9231.
9233.
9234.
9235.
9237.
9239.
9242.
9243.
9244.
9246.
9248.
9249.
9250.
9252.
9254.
9255.
9255.
9257.
9257.
9257.
9259.
9259.
9260.
9260.
9259.
9259.
9259.
9259.
9259.
9259.
9258.
9257.
9256.
9255.
9256.
9254.
9253.
9252.
9252.
9250.
9249.
9248.
9247.
9246.
9243.
9243.
9241.
9240.
9237.
9236.
9235.
9234.
9231.
9229.
9227.
9225.
9224.
9223.
9220.
9218.
9216.
9214.
9212.
9209.
9208.
9205.
9204.
9201.
9199.
9195.
9193.
9191.
9189.
9186.
9184.
9181.
9178.
9176.
9174.
9171.
9168.
9166.
9163.
9160.
9158.
9155.
9152.
9149.
9146.
9144.
9141.
9137.
9135.
9131.
9130.
9126.
9123.
9120.
9118.
9113.
9111.
9108.
9105.
9102.
9099.
9096.
9093.
9090.
9087.
9085.
9083.
9080.
9076.
9075.
9070.
9069.
9065.
9062.
9056.
9046.
9035.
9018.
9000.
8981.
8962.
8944.
8925.
8909.
8893.
8878.
8867.
8855.
8847.
8841.
8837.
8832.
8827.
8823.
8819.
8814.
8809.
8805.
8800.
8795.
8790.
8786.
8780.
8774.
8769.
8764.
8758.
8753.
8748.
8743.
8738.
8732.
8726.
8720.
8714.
8709.
8703.
8697.
8690.
8684.
8678.
8673.
8666.
8659.
8653.
8647.
8642.
8635.
8630.
8621.
8615.
8608.
8601.
8595.
8588.
8582.
8574.
8568.
8560.
8554.
8547.
8541.
8534.
8527.
8521.
8515.
8507.
8499.
8492.
8485.
8478.
8471.
8464.
8457.
8449.
8442.
8436.
8429.
8421.
8416.
8409.
8401.
8394.
8385.
8379.
8373.
8366.
8359.
8351.
8343.
8337.
8330.
8322.
8315.
8308.
8302.
8295.
8288.
8281.
8274.
8265.
8258.
8252.
8245.
8238.
8232.
8224.
8217.
8210.
8203.
8195.
8188.
8182.
8174.
8167.
8160.
8153.
8146.
8138.
8131.
8124.
8117.
8109.
8103.
8094.
8088.
8081.
8073.
8066.
8060.
8053.
8045.
8038.
8031.
8024.
8017.
8010.
8002.
7996.
7988.
7983.
7975.
7969.
7961.
7955.
7949.
7943.
7938.
7933.
7930.
7931.
7934.
7939.
7948.
7957.
7964.
7971.
7980.
7986.
7990.
7994.
7998.
7998.
7997.
7997.
7997.
7995.
7991.
7988.
7986.
7983.
7980.
7978.
7975.
7973.
7971.
7969.
7967.
7965.
7962.
7959.
7956.
7954.
7952.
7951.
7949.
7946.
7944.
7943.
7941.
7940.
7938.
7937.
7935.
7935.
7934.
7932.
7932.
7931.
7929.
7929.
7928.
7928.
7927.
7926.
7927.
7926.
7927.
7926.
7926.
7927.
7927.
7929.
7929.
7927.
7930.
7929.
7932.
7932.
7934.
7934.
7935.
7932.
7927.
7921.
7911.
7897.
7883.
7869.
7854.
7842.
7830.
7822.
7816.
7811.
7807.
7804.
7802.
7800.
7799.
7796.
7794.
7791.
7789.
7785.
7783.
7779.
7777.
7773.
7770.
7765.
7763.
7757.
7754.
7751.
7747.
7744.
7740.
7737.
7732.
7727.
7723.
7718.
7714.
7710.
7705.
7701.
7696.
7692.
7688.
7682.
7678.
7673.
7668.
7664.
7658.
7653.
7648.
7641.
7636.
7631.
7626.
7620.
7615.
7609.
7604.
7597.
7592.
7586.
7580.
7573.
7567.
7560.
7555.
7549.
7542.
7538.
7531.
7524.
7517.
7511.
7504.
7497.
7492.
7485.
7478.
7472.
7465.
7459.
7451.
7445.
7439.
7433.
7425.
7419.
7412.
7406.
7400.
7393.
7387.
7381.
7374.
7368.
7361.
7357.
7352.
7345.
7340.
7333.
7329.
7323.
7319.
7313.
7307.
7302.
7298.
7293.
7288.
7283.
7279.
7274.
7269.
7266.
7262.
7257.
7253.
7249.
7246.
7242.
7238.
7234.
7231.
7228.
7223.
7221.
7218.
7214.
7211.
7207.
7205.
7202.
7200.
7197.
7194.
7187.
7180.
7168.
7154.
7138.
7120.
7104.
7086.
7072.
7055.
7041.
7030.
7018.
7008.
7001.
6992.
6986.
6979.
6973.
6966.
6962.
6956.
6949.
6943.
6938.
6932.
6926.
6921.
6915.
6908.
6902.
6895.
6889.
6883.
6875.
6869.
6863.
6856.
6850.
6842.
6836.
6828.
6821.
6813.
6806.
6798.
6790.
6783.
6777.
6770.
6763.
6756.
6747.
6740.
6732.
6725.
6719.
6711.
6703.
6696.
6689.
6682.
6675.
6668.
6662.
6655.
6649.
6642.
6636.
6629.
6623.
6618.
6612.
6607.
6601.
6596.
6591.
6586.
6580.
6576.
6571.
6566.
6563.
6559.
6555.
6551.
6547.
6544.
6540.
6536.
6533.
6530.
6526.
6522.
6519.
6515.
6512.
6509.
6506.
6503.
6500.
6497.
6494.
6491.
6489.
6486.
6483.
6480.
6476.
6473.
6471.
6468.
6464.
6460.
6457.
6454.
6450.
6449.
6447.
6443.
6440.
6437.
6433.
6429.
6426.
6422.
6419.
6415.
6412.
6408.
6404.
6399.
6394.
6391.
6385.
6380.
6376.
6373.
6368.
6364.
6361.
6358.
6355.
6351.
6348.
6347.
6345.
6341.
6339.
6337.
6335.
6334.
6332.
6331.
6328.
6326.
6326.
6325.
6323.
6320.
6319.
6319.
6316.
6315.
6313.
6313.
6311.
6309.
6308.
6308.
6305.
6304.
6304.
6303.
6302.
6300.
6301.
6301.
6300.
6299.
6300.
6300.
6298.
6298.
6299.
6300.
6299.
6300.
6301.
6302.
6303.
6304.
6305.
6305.
6306.
6306.
6306.
6305.
6302.
6297.
6290.
6281.
6272.
6260.
6249.
6238.
6226.
6215.
6205.
6194.
6182.
6171.
6160.
6150.
6141.
6132.
6124.
6117.
6108.
6100.
6092.
6085.
6077.
6069.
6062.
6056.
6050.
6042.
6035.
6029.
6022.
6015.
6008.
6002.
5993.
5986.
5979.
5971.
5965.
5959.
5951.
5943.
5936.
5929.
5921.
5916.
5908.
5902.
5894.
5888.
5883.
5879.
5874.
5869.
5866.
5862.
5859.
5856.
5854.
5852.
5850.
5848.
5846.
5845.
5844.
5843.
5842.
5842.
5842.
5842.
5842.
5843.
5844.
5843.
5843.
5846.
5846.
5850.
5851.
5852.
5854.
5857.
5857.
5859.
5861.
5862.
5860.
5856.
5852.
5844.
5836.
5826.
5816.
5806.
5796.
5785.
5773.
5761.
5749.
5738.
5728.
5718.
5711.
5704.
5697.
5692.
5689.
5684.
5681.
5678.
5675.
5673.
5669.
5666.
5664.
5661.
5658.
5656.
5653.
5653.
5650.
5649.
5648.
5647.
5647.
5646.
5644.
5644.
5643.
5644.
5644.
5645.
5645.
5647.
5648.
5649.
5650.
5653.
5654.
5656.
5657.
5659.
5661.
5660.
5657.
5654.
5647.
5640.
5628.
5617.
5606.
5593.
5579.
5564.
5549.
5535.
5519.
5505.
5492.
5477.
5462.
5448.
5435.
5421.
5409.
5397.
5386.
5376.
5366.
5356.
5346.
5336.
5327.
5318.
5311.
5303.
5296.
5290.
5283.
5277.
5270.
5265.
5260.
5255.
5250.
5247.
5243.
5242.
5240.
5239.
5240.
5241.
5241.
5244.
5245.
5247.
5249.
5252.
5255.
5258.
5261.
5265.
5268.
5271.
5276.
5279.
5282.
5286.
5291.
5293.
5296.
5297.
5300.
5301.
5301.
5301.
5302.
5302.
5301.
5300.
5300.
5298.
5297.
5297.
5295.
5293.
5293.
5292.
5290.
5288.
5283.
5280.
5277.
5272.
5270.
5268.
5263.
5260.
5255.
5250.
5246.
5244.
5241.
5236.
5232.
5230.
5225.
5223.
5220.
5219.
5217.
5214.
5210.
5208.
5207.
5206.
5204.
5202.
5200.
5199.
5195.
5193.
5190.
5189.
5187.
5185.
5183.
5181.
5179.
5178.
5178.
5177.
5176.
5174.
5172.
5171.
5169.
5167.
5164.
5160.
5159.
5154.
5152.
5149.
5145.
5142.
5140.
5137.
5134.
5132.
5131.
5130.
5128.
5126.
5125.
5122.
5120.
5118.
5116.
5113.
5111.
5106.
5103.
5099.
5096.
5092.
5088.
5083.
5079.
5075.
5073.
5070.
5067.
5064.
5061.
5056.
5052.
5050.
5047.
5046.
5043.
5039.
5036.
5033.
5032.
5030.
5030.
5027.
5025.
5021.
5015.
5014.
5011.
5010.
5009.
5008.
5006.
5004.
5000.
4998.
4996.
4996.
4997.
4997.
4997.
4996.
4995.
4995.
4995.
4994.
4994.
4994.
4991.
4990.
4987.
4985.
4984.
4984.
4985.
4986.
4986.
4986.
4986.
4987.
4986.
4989.
4989.
4990.
4989.
4990.
4991.
4992.
4994.
4996.
4996.
4997.
4997.
4997.
4996.
4998.
5001.
5003.
5004.
5005.
5007.
5009.
5009.
5012.
5015.
5016.
5017.
5017.
5019.
5020.
5022.
5024.
5027.
5029.
5030.
5032.
5032.
5035.
5036.
5038.
5041.
5042.
5044.
5045.
5045.
5048.
5050.
5051.
5053.
5055.
5055.
5058.
5059.
5061.
5063.
5064.
5067.
5069.
5069.
5073.
5075.
5077.
5079.
5081.
5083.
5084.
5085.
5086.
5089.
5090.
5092.
5094.
5095.
5097.
5098.
5099.
5101.
5101.
5101.
5102.
5101.
5103.
5101.
5101.
5101.
5101.
5101.
5101.
5101.
5101.
5101.
5101.
5100.
5100.
5098.
5099.
5098.
5099.
5098.
5097.
5095.
5095.
5093.
5091.
5090.
5089.
5087.
5085.
5084.
5083.
5082.
5080.
5081.
5079.
5078.
5078.
5077.
5076.
5076.
5075.
5075.
5075.
5077.
5079.
5080.
5082.
5084.
5086.
5087.
5089.
5090.
5092.
5094.
5094.
5095.
5096.
5095.
5093.
5092.
5090.
5087.
5084.
5081.
5077.
5073.
5068.
5064.
5059.
5054.
5050.
5046.
5043.
5039.
5036.
5032.
5028.
5025.
5023.
5019.
5016.
5014.
5012.
5009.
5007.
5004.
5002.
4999.
4995.
4993.
4991.
4987.
4986.
4983.
4981.
4979.
4979.
4978.
4976.
4975.
4974.
4973.
4972.
4973.
4971.
4970.
4969.
4968.
4967.
4967.
4966.
4966.
4967.
4967.
4967.
4965.
4964.
4966.
4967.
4967.
4967.
4968.
4968.
4970.
4971.
4972.
4974.
4977.
4979.
4984.
4987.
4991.
4995.
4998.
5003.
5005.
5010.
5015.
5020.
5023.
5028.
5032.
5037.
5042.
5047.
5052.
5058.
5062.
5066.
5071.
5076.
5080.
5085.
5092.
5096.
5102.
5107.
5112.
5117.
5123.
5126.
5130.
5135.
5139.
5141.
5144.
5147.
5147.
5149.
5149.
5150.
5151.
5153.
5156.
5160.
5161.
5166.
5170.
5174.
5177.
5179.
5184.
5188.
5190.
5194.
5197.
5200.
5205.
5208.
5211.
5212.
5216.
5219.
5222.
5225.
5230.
5232.
5236.
5239.
5241.
5244.
5248.
5251.
5255.
5258.
5261.
5265.
5268.
5273.
5277.
5280.
5283.
5287.
5290.
5294.
5296.
5300.
5304.
5307.
5310.
5315.
5318.
5322.
5325.
5328.
5334.
5338.
5342.
5348.
5351.
5357.
5361.
5364.
5370.
5375.
5379.
5385.
5389.
5394.
5397.
5402.
5405.
5411.
5415.
5417.
5421.
5425.
5428.
5432.
5437.
5443.
5447.
5451.
5456.
5461.
5465.
5469.
5472.
5478.
5483.
5487.
5492.
5497.
5502.
5506.
5512.
5517.
5523.
5527.
5532.
5538.
5544.
5550.
5556.
5561.
5567.
5572.
5579.
5585.
5591.
5594.
5599.
5604.
5609.
5613.
5618.
5622.
5626.
5630.
5634.
5639.
5643.
5646.
5651.
5656.
5659.
5662.
5665.
5670.
5673.
5676.
5679.
5683.
5688.
5691.
5694.
5697.
5700.
5704.
5706.
5711.
5714.
5718.
5721.
5725.
5731.
5734.
5737.
5742.
5746.
5751.
5756.
5761.
5767.
5771.
5776.
5780.
5785.
5789.
5793.
5798.
5803.
5806.
5809.
5814.
5819.
5822.
5826.
5831.
5835.
5838.
5841.
5845.
5849.
5852.
5855.
5860.
5864.
5868.
5873.
5878.
5882.
5887.
5890.
5896.
5901.
5904.
5909.
5914.
5918.
5923.
5928.
5934.
5940.
5945.
5951.
5958.
5963.
5969.
5973.
5980.
5987.
5993.
6000.
6007.
6013.
6020.
6026.
6032.
6038.
6043.
6049.
6054.
6060.
6066.
6071.
6077.
6082.
6087.
6093.
6098.
6103.
6108.
6114.
6119.
6125.
6130.
6136.
6141.
6147.
6155.
6163.
6171.
6179.
6187.
6195.
6203.
6210.
6219.
6227.
6237.
6245.
6253.
6263.
6271.
6278.
6287.
6294.
6303.
6311.
6319.
6325.
6331.
6338.
6346.
6352.
6358.
6364.
6372.
6377.
6383.
6388.
6396.
6402.
6409.
6415.
6421.
6426.
6434.
6439.
6445.
6452.
6458.
6465.
6471.
6477.
6483.
6489.
6495.
6501.
6507.
6513.
6519.
6524.
6530.
6536.
6542.
6547.
6554.
6561.
6566.
6572.
6576.
6582.
6587.
6592.
6598.
6603.
6609.
6614.
6619.
6625.
6630.
6636.
6640.
6645.
6651.
6655.
6661.
6665.
6670.
6674.
6677.
6683.
6687.
6691.
6698.
6702.
6707.
6711.
6717.
6722.
6728.
6732.
6735.
6741.
6746.
6750.
6754.
6760.
6766.
6770.
6775.
6782.
6786.
6790.
6796.
6801.
6805.
6813.
6819.
6825.
6833.
6840.
6847.
6854.
6863.
6869.
6875.
6882.
6888.
6894.
6900.
6907.
6914.
6922.
6929.
6937.
6945.
6955.
6962.
6972.
6983.
6993.
7002.
7011.
7021.
7030.
7039.
7047.
7057.
7065.
7073.
7082.
7089.
7097.
7104.
7110.
7117.
7124.
7131.
7136.
7143.
7150.
7155.
7161.
7168.
7174.
7178.
7185.
7191.
7197.
7203.
7208.
7215.
7221.
7226.
7231.
7237.
7243.
7248.
7253.
7259.
7265.
7270.
7277.
7281.
7287.
7291.
7297.
7302.
7307.
7312.
7318.
7324.
7328.
7334.
7341.
7348.
7355.
7363.
7371.
7379.
7388.
7397.
7407.
7415.
7424.
7433.
7443.
7452.
7462.
7470.
7479.
7486.
7494.
7502.
7512.
7521.
7528.
7536.
7543.
7552.
7561.
7569.
7578.
7586.
7596.
7606.
7616.
7626.
7635.
7643.
7653.
7661.
7669.
7677.
7685.
7694.
7701.
7708.
7717.
7725.
7732.
7740.
7749.
7757.
7765.
7773.
7782.
7788.
7794.
7803.
7810.
7817.
7825.
7832.
7838.
7845.
7851.
7858.
7863.
7869.
7874.
7879.
7884.
7889.
7893.
7898.
7903.
7906.
7910.
7915.
7919.
7922.
7925.
7930.
7933.
7938.
7941.
7945.
7948.
7950.
7954.
7957.
7960.
7964.
7966.
7969.
7972.
7975.
7978.
7982.
7985.
7988.
7993.
7996.
7999.
8003.
8007.
8012.
8017.
8021.
8026.
8031.
8037.
8043.
8049.
8053.
8059.
8064.
8070.
8076.
8082.
8088.
8094.
8100.
8108.
8114.
8121.
8127.
8135.
8142.
8146.
8153.
8160.
8165.
8170.
8175.
8181.
8186.
8190.
8194.
8198.
8201.
8204.
8208.
8211.
8214.
8218.
8222.
8225.
8227.
8231.
8234.
8237.
8239.
8243.
8246.
8248.
8251.
8256.
8260.
8264.
8269.
8274.
8280.
8285.
8290.
8296.
8303.
8308.
8315.
8321.
8327.
8335.
8343.
8352.
8359.
8367.
8376.
8384.
8393.
8401.
8409.
8417.
8426.
8434.
8442.
8451.
8460.
8467.
8476.
8485.
8493.
8503.
8511.
8520.
8529.
8538.
8547.
8557.
8564.
8574.
8582.
8589.
8598.
8606.
8613.
8621.
8628.
8635.
8642.
8649.
8658.
8666.
8673.
8680.
8688.
8694.
8702.
8708.
8716.
8723.
8730.
8737.
8745.
8751.
8759.
8767.
8775.
8784.
8792.
8800.
8809.
8817.
8825.
8834.
8843.
8852.
8861.
8870.
8878.
8886.
8894.
8901.
8910.
8918.
8925.
8932.
8938.
8945.
8952.
8957.
8963.
8967.
8971.
8974.
8979.
8982.
8984.
8985.
8988.
8989.
8990.
8992.
8993.
8994.
8995.
8996.
8998.
9000.
9001.
9002.
9003.
9003.
9006.
9006.
9008.
9008.
9009.
9010.
9012.
9015.
9016.
9018.
9018.
9020.
9021.
9023.
9025.
9027.
9029.
9031.
9032.
9035.
9038.
9040.
9042.
9044.
9046.
9048.
9050.
9053.
9055.
9057.
9058.
9060.
9063.
9065.
9068.
9071.
9073.
9074.
9076.
9079.
9081.
9083.
9086.
9088.
9090.
9093.
9095.
9098.
9101.
9104.
9107.
9110.
9114.
9118.
9120.
9123.
9127.
9130.
9133.
9136.
9141.
9145.
9148.
9152.
9156.
9159.
9163.
9167.
9174.
9179.
9183.
9189.
9194.
9199.
9205.
9211.
9217.
9222.
9228.
9232.
9239.
9244.
9249.
9255.
9260.
9265.
9271.
9276.
9282.
9287.
9292.
9298.
9302.
9308.
9311.
9315.
9320.
9323.
9325.
9329.
9332.
9335.
9336.
9339.
9341.
9343.
9345.
9345.
9347.
9347.
9348.
9348.
9349.
9349.
9350.
9350.
9351.
9351.
9351.
9350.
9352.
9353.
9352.
9352.
9352.
9353.
9354.
9355.
9356.
9358.
9361.
9364.
9366.
9369.
9372.
9374.
9377.
9380.
9381.
9383.
9385.
9388.
9390.
9394.
9396.
9399.
9402.
9406.
9410.
9415.
9418.
9422.
9426.
9431.
9436.
9441.
9447.
9452.
9458.
9464.
9472.
9479.
9489.
9497.
9505.
9514.
9523.
9533.
9543.
9553.
9564.
9573.
9583.
9594.
9604.
9612.
9622.
9630.
9639.
9649.
9658.
9665.
9672.
9679.
9686.
9691.
9698.
9703.
9708.
9714.
9718.
9722.
9725.
9728.
9729.
9731.
9733.
9734.
9735.
9734.
9733.
9733.
9733.
9731.
9729.
9728.
9726.
9724.
9723.
9722.
9719.
9718.
9716.
9714.
9712.
9711.
9709.
9707.
9704.
9703.
9700.
9698.
9696.
9695.
9693.
9692.
9692.
9690.
9690.
9691.
9693.
9695.
9698.
9702.
9706.
9710.
9714.
9717.
9721.
9723.
9728.
9732.
9735.
9740.
9743.
9745.
9748.
9750.
9753.
9755.
9758.
9760.
9762.
9764.
9766.
9768.
9773.
9776.
9777.
9779.
9782.
9783.
9786.
9788.
9790.
9792.
9793.
9796.
9795.
9797.
9798.
9800.
9800.
9801.
9800.
9802.
9804.
9803.
9804.
9805.
9806.
9805.
9806.
9805.
9806.
9806.
9806.
9805.
9805.
9804.
9804.
9804.
9802.
9800.
9799.
9798.
9796.
9793.
9792.
9791.
9788.
9786.
9784.
9781.
9780.
9778.
9775.
9773.
9770.
9768.
9766.
9764.
9762.
9761.
9759.
9755.
9753.
9752.
9750.
9749.
9747.
9746.
9746.
9746.
9746.
9747.
9747.
9748.
9748.
9750.
9752.
9754.
9756.
9757.
9758.
9759.
9762.
9763.
9764.
9766.
9767.
9769.
9770.
9771.
9773.
9774.
9776.
9778.
9779.
9781.
9782.
9783.
9784.
9785.
9786.
9787.
9788.
9789.
9788.
9788.
9788.
9788.
9786.
9785.
9785.
9785.
9783.
9782.
9780.
9779.
9778.
9776.
9774.
9772.
9768.
9766.
9765.
9762.
9760.
9758.
9756.
9753.
9751.
9747.
9746.
9743.
9742.
9739.
9736.
9734.
9731.
9730.
9728.
9725.
9723.
9720.
9717.
9715.
9712.
9710.
9707.
9705.
9702.
9700.
9698.
9696.
9694.
9691.
9688.
9686.
9684.
9682.
9680.
9677.
9675.
9673.
9670.
9669.
9667.
9664.
9661.
9659.
9656.
9653.
9651.
9648.
9645.
9643.
9641.
9641.
9638.
9636.
9634.
9633.
9632.
9631.
9632.
9633.
9632.
9633.
9634.
9635.
9636.
9637.
9638.
9638.
9638.
9639.
9639.
9641.
9641.
9641.
9642.
9643.
9644.
9644.
9647.
9647.
9648.
9649.
9651.
9653.
9653.
9653.
9655.
9654.
9656.
9655.
9655.
9657.
9656.
9656.
9656.
9655.
9654.
9653.
9653.
9652.
9651.
9650.
9650.
9649.
9647.
9647.
9646.
9645.
9644.
9644.
9642.
9640.
9640.
9640.
9639.
9637.
9636.
9635.
9633.
9631.
9629.
9628.
9627.
9626.
9624.
9623.
9622.
9621.
9619.
9618.
9616.
9616.
9613.
9612.
9611.
9610.
9608.
9606.
9604.
9603.
9601.
9600.
9598.
9596.
9596.
9594.
9592.
9589.
9589.
9586.
9582.
9582.
9580.
9578.
9577.
9575.
9573.
9571.
9569.
9568.
9566.
9563.
9562.
9559.
9558.
9555.
9553.
9552.
9550.
9548.
9546.
9543.
9541.
9539.
9537.
9536.
9533.
9531.
9529.
9528.
9525.
9523.
9522.
9520.
9517.
9515.
9514.
9513.
9510.
9507.
9506.
9503.
9501.
9500.
9498.
9497.
9495.
9493.
9491.
9488.
9488.
9486.
9483.
9480.
9480.
9478.
9476.
9475.
9472.
9469.
9468.
9466.
9465.
9462.
9459.
9453.
9444.
9432.
9418.
9401.
9383.
9366.
9348.
9334.
9318.
9306.
9295.
9286.
9277.
9271.
9265.
9261.
9257.
9254.
9249.
9247.
9244.
9241.
9239.
9237.
9234.
9230.
9229.
9226.
9225.
9222.
9220.
9217.
9214.
9213.
9211.
9208.
9206.
9202.
9200.
9197.
9195.
9193.
9191.
9189.
9187.
9185.
9182.
9180.
9178.
9176.
9174.
9171.
9171.
9168.
9166.
9165.
9163.
9159.
9158.
9158.
9155.
9153.
9151.
9149.
9146.
9145.
9144.
9141.
9140.
9138.
9137.
9134.
9132.
9129.
9124.
9118.
9111.
9097.
9084.
9067.
9050.
9033.
9015.
8999.
8982.
8969.
8957.
8945.
8936.
8923.
8911.
8899.
8890.
8882.
8874.
8867.
8862.
8857.
8852.
8849.
8845.
8841.
8837.
8833.
8830.
8825.
8822.
8818.
8815.
8812.
8808.
8805.
8801.
8795.
8791.
8786.
8781.
8773.
8767.
8760.
8754.
8748.
8741.
8734.
8726.
8719.
8712.
8706.
8700.
8693.
8687.
8680.
8675.
8670.
8665.
8661.
8657.
8654.
8651.
8646.
8642.
8638.
8633.
8630.
8627.
8622.
8619.
8615.
8612.
8608.
8605.
8601.
8597.
8594.
8591.
8587.
8584.
8581.
8576.
8572.
8568.
8566.
8562.
8559.
8556.
8553.
8551.
8547.
8546.
8541.
8538.
8535.
8531.
8528.
8526.
8523.
8519.
8517.
8514.
8511.
8507.
8505.
8501.
8498.
8496.
8492.
8491.
8488.
8485.
8483.
8481.
8478.
8475.
8472.
8469.
8467.
8462.
8454.
8445.
8432.
8417.
8398.
8380.
8363.
8345.
8326.
8310.
8294.
8277.
8263.
8248.
8232.
8218.
8202.
8186.
8171.
8158.
8146.
8134.
8121.
8110.
8097.
8088.
8078.
8070.
8061.
8055.
8046.
8037.
8028.
8022.
8014.
8007.
8000.
7994.
7988.
7982.
7974.
7970.
7966.
7961.
7955.
7950.
7946.
7941.
7937.
7932.
7928.
7921.
7915.
7909.
7905.
7900.
7894.
7890.
7884.
7880.
7876.
7872.
7867.
7863.
7860.
7856.
7851.
7848.
7843.
7839.
7836.
7834.
7829.
7825.
7822.
7819.
7815.
7812.
7807.
7805.
7802.
7798.
7794.
7791.
7787.
7784.
7779.
7776.
7772.
7766.
7759.
7750.
7737.
7724.
7707.
7691.
7674.
7657.
7640.
7625.
7612.
7598.
7586.
7572.
7557.
7544.
7529.
7517.
7507.
7498.
7490.
7483.
7477.
7471.
7466.
7461.
7457.
7452.
7447.
7442.
7437.
7433.
7429.
7424.
7419.
7415.
7410.
7407.
7402.
7399.
7394.
7390.
7386.
7382.
7378.
7374.
7371.
7368.
7364.
7360.
7355.
7353.
7348.
7345.
7341.
7338.
7336.
7332.
7328.
7326.
7322.
7319.
7316.
7312.
7309.
7307.
7304.
7301.
7298.
7295.
7292.
7289.
7286.
7283.
7280.
7278.
7275.
7273.
7268.
7267.
7264.
7261.
7259.
7258.
7255.
7254.
7251.
7249.
7246.
7243.
7241.
7239.
7238.
7236.
7234.
7232.
7230.
7229.
7227.
7225.
7223.
7221.
7221.
7218.
7216.
7215.
7213.
7212.
7210.
7209.
7206.
7206.
7205.
7203.
7203.
7202.
7201.
7198.
7196.
7191.
7186.
7178.
7167.
7154.
7140.
7126.
7112.
7098.
7087.
7075.
7061.
7051.
7037.
7024.
7011.
6999.
6986.
6973.
6963.
6953.
6943.
6936.
6929.
6923.
6916.
6910.
6904.
6898.
6891.
6886.
6881.
6875.
6870.
6865.
6859.
6853.
6849.
6845.
6840.
6835.
6830.
6825.
6820.
6815.
6810.
6806.
6802.
6797.
6793.
6789.
6785.
6780.
6777.
6773.
6769.
6765.
6762.
6759.
6756.
6752.
6750.
6747.
6745.
6742.
6738.
6736.
6733.
6732.
6729.
6727.
6724.
6722.
6720.
6717.
6712.
6706.
6697.
6685.
6670.
6655.
6637.
6620.
6602.
6584.
6566.
6547.
6528.
6507.
6489.
6471.
6452.
6434.
6417.
6401.
6386.
6374.
6363.
6354.
6345.
6337.
6330.
6324.
6317.
6310.
6305.
6299.
6294.
6288.
6282.
6278.
6273.
6268.
6264.
6261.
6258.
6254.
6251.
6247.
6243.
6240.
6237.
6236.
6233.
6231.
6229.
6226.
6224.
6222.
6221.
6220.
6218.
6217.
6216.
6217.
6217.
6216.
6216.
6216.
6217.
6218.
6217.
6219.
6219.
6220.
6221.
6223.
6224.
6227.
6229.
6230.
6232.
6234.
6236.
6238.
6241.
6244.
6245.
6247.
6247.
6249.
6249.
6244.
6241.
6235.
6226.
6218.
6208.
6199.
6187.
6175.
6161.
6147.
6133.
6118.
6105.
6091.
6077.
6063.
6050.
6037.
6024.
6013.
6000.
5989.
5979.
5969.
5957.
5949.
5941.
5931.
5925.
5917.
5909.
5901.
5895.
5886.
5879.
5873.
5868.
5862.
5855.
5849.
5842.
5836.
5830.
5825.
5820.
5817.
5813.
5810.
5806.
5804.
5800.
5799.
5795.
5792.
5789.
5787.
5785.
5784.
5782.
5780.
5777.
5773.
5772.
5769.
5767.
5766.
5766.
5764.
5763.
5760.
5758.
5757.
5756.
5755.
5755.
5754.
5752.
5750.
5749.
5748.
5747.
5748.
5748.
5746.
5746.
5747.
5747.
5746.
5745.
5745.
5744.
5743.
5740.
5740.
5738.
5735.
5733.
5731.
5730.
5729.
5727.
5725.
5723.
5720.
5720.
5717.
5715.
5713.
5712.
5710.
5707.
5705.
5702.
5701.
5701.
5700.
5698.
5697.
5696.
5695.
5694.
5694.
5693.
5692.
5690.
5689.
5690.
5689.
5689.
5689.
5688.
5688.
5689.
5687.
5686.
5684.
5684.
5682.
5682.
5684.
5682.
5680.
5679.
5678.
5676.
5675.
5675.
5673.
5672.
5671.
5671.
5670.
5669.
5666.
5665.
5663.
5662.
5660.
5658.
5657.
5655.
5654.
5653.
5651.
5649.
5649.
5647.
5646.
5644.
5642.
5641.
5640.
5638.
5636.
5635.
5634.
5632.
5632.
5631.
5631.
5631.
5630.
5629.
5628.
5627.
5625.
5626.
5624.
5623.
5622.
5620.
5619.
5618.
5616.
5614.
5612.
5611.
5610.
5607.
5606.
5603.
5601.
5598.
5597.
5594.
5591.
5590.
5588.
5585.
5583.
5580.
5577.
5572.
5568.
5566.
5563.
5560.
5556.
5551.
5548.
5542.
5538.
5532.
5529.
5524.
5519.
5513.
5507.
5501.
5495.
5490.
5483.
5477.
5472.
5466.
5460.
5455.
5451.
5446.
5442.
5436.
5431.
5426.
5421.
5417.
5412.
5408.
5404.
5402.
5400.
5397.
5392.
5389.
5385.
5381.
5376.
5373.
5370.
5368.
5365.
5363.
5358.
5355.
5354.
5350.
5347.
5345.
5341.
5339.
5335.
5332.
5329.
5326.
5323.
5320.
5317.
5313.
5311.
5311.
5310.
5309.
5307.
5306.
5305.
5303.
5302.
5302.
5300.
5300.
5299.
5299.
5298.
5295.
5295.
5294.
5293.
5289.
5288.
5285.
5284.
5282.
5281.
5278.
5276.
5273.
5268.
5266.
5263.
5261.
5259.
5257.
5255.
5251.
5247.
5243.
5241.
5237.
5236.
5234.
5231.
5227.
5223.
5218.
5216.
5214.
5212.
5211.
5206.
5202.
5199.
5196.
5193.
5193.
5190.
5189.
5186.
5182.
5179.
5177.
5175.
5174.
5172.
5168.
5165.
5162.
5160.
5158.
5156.
5154.
5152.
5152.
5152.
5150.
5150.
5148.
5147.
5147.
5144.
5143.
5141.
5140.
5139.
5138.
5137.
5135.
5132.
5131.
5129.
5128.
5127.
5125.
5124.
5122.
5121.
5118.
5115.
5113.
5112.
5110.
5109.
5106.
5105.
5102.
5100.
5098.
5095.
5094.
5093.
5091.
5089.
5086.
5085.
5083.
5081.
5080.
5077.
5075.
5073.
5072.
5070.
5067.
5066.
5064.
5061.
5058.
5057.
5055.
5054.
5054.
5051.
5050.
5047.
5046.
5045.
5044.
5043.
5043.
5041.
5040.
5039.
5039.
5038.
5038.
5039.
5037.
5037.
5036.
5035.
5034.
5034.
5034.
5033.
5035.
5034.
5034.
5035.
5034.
5034.
5035.
5037.
5037.
5038.
5039.
5039.
5040.
5042.
5043.
5044.
5046.
5048.
5050.
5052.
5053.
5055.
5057.
5060.
5062.
5064.
5066.
5068.
5071.
5074.
5076.
5078.
5080.
5082.
5086.
5088.
5090.
5092.
5095.
5097.
5099.
5102.
5105.
5107.
5110.
5112.
5114.
5117.
5119.
5121.
5124.
5126.
5127.
5130.
5132.
5135.
5137.
5140.
5142.
5145.
5147.
5149.
5151.
5152.
5154.
5155.
5157.
5159.
5161.
5162.
5164.
5165.
5166.
5168.
5170.
5173.
5174.
5175.
5177.
5178.
5178.
5180.
5181.
5181.
5182.
5183.
5183.
5183.
5183.
5185.
5184.
5184.
5185.
5185.
5185.
5185.
5185.
5184.
5184.
5183.
5182.
5181.
5180.
5177.
5176.
5174.
5173.
5171.
5168.
5166.
5163.
5159.
5155.
5152.
5149.
5145.
5142.
5139.
5135.
5131.
5128.
5123.
5121.
5118.
5114.
5109.
5107.
5104.
5101.
5099.
5098.
5098.
5097.
5098.
5099.
5099.
5100.
5102.
5104.
5106.
5108.
5111.
5115.
5117.
5119.
5121.
5124.
5128.
5131.
5136.
5140.
5145.
5149.
5153.
5157.
5162.
5165.
5170.
5173.
5177.
5181.
5183.
5186.
5191.
5193.
5197.
5199.
5200.
5200.
5201.
5201.
5201.
5202.
5201.
5201.
5202.
5200.
5200.
5199.
5199.
5197.
5194.
5194.
5192.
5189.
5190.
5187.
5185.
5183.
5181.
5179.
5177.
5174.
5172.
5168.
5164.
5160.
5157.
5153.
5150.
5147.
5143.
5139.
5136.
5133.
5132.
5130.
5128.
5127.
5125.
5125.
5124.
5123.
5126.
5127.
5130.
5132.
5133.
5136.
5139.
5141.
5143.
5146.
5148.
5149.
5153.
5155.
5159.
5163.
5165.
5167.
5171.
5173.
5176.
5179.
5183.
5186.
5189.
5193.
5197.
5200.
5204.
5207.
5210.
5215.
5218.
5222.
5225.
5229.
5232.
5236.
5239.
5243.
5247.
5251.
5256.
5259.
5263.
5266.
5270.
5274.
5278.
5282.
5286.
5290.
5295.
5297.
5302.
5306.
5309.
5313.
5319.
5322.
5327.
5330.
5335.
5338.
5343.
5347.
5351.
5354.
5357.
5361.
5366.
5368.
5373.
5378.
5381.
5385.
5389.
5394.
5397.
5401.
5404.
5406.
5410.
5413.
5416.
5420.
5424.
5427.
5431.
5436.
5440.
5443.
5446.
5449.
5453.
5456.
5458.
5462.
5466.
5469.
5471.
5475.
5477.
5480.
5483.
5487.
5489.
5493.
5496.
5500.
5503.
5506.
5508.
5511.
5515.
5517.
5520.
5524.
5527.
5530.
5532.
5535.
5538.
5543.
5545.
5548.
5550.
5553.
5558.
5561.
5563.
5566.
5569.
5572.
5576.
5579.
5583.
5586.
5590.
5592.
5595.
5599.
5602.
5604.
5608.
5611.
5613.
5616.
5620.
5622.
5626.
5629.
5630.
5634.
5637.
5638.
5642.
5644.
5647.
5648.
5652.
5654.
5658.
5660.
5663.
5665.
5666.
5668.
5670.
5672.
5675.
5676.
5679.
5680.
5682.
5684.
5687.
5688.
5692.
5696.
5706.
5716.
5730.
5745.
5763.
5781.
5801.
5821.
5840.
5857.
5875.
5890.
5908.
5922.
5939.
5955.
5971.
5985.
5996.
6007.
6015.
6025.
6033.
6040.
6048.
6054.
6061.
6069.
6076.
6083.
6089.
6096.
6103.
6110.
6117.
6123.
6131.
6137.
6144.
6152.
6158.
6166.
6174.
6180.
6189.
6195.
6203.
6212.
6219.
6227.
6235.
6243.
6251.
6258.
6267.
6276.
6283.
6292.
6300.
6308.
6317.
6325.
6333.
6341.
6349.
6357.
6367.
6375.
6384.
6393.
6402.
6410.
6419.
6427.
6436.
6446.
6455.
6464.
6473.
6482.
6492.
6501.
6510.
6520.
6528.
6538.
6546.
6555.
6565.
6574.
6584.
6593.
6602.
6613.
6621.
6631.
6641.
6649.
6659.
6668.
6678.
6687.
6697.
6705.
6715.
6724.
6732.
6741.
6750.
6760.
6769.
6777.
6786.
6794.
6803.
6811.
6819.
6827.
6835.
6843.
6850.
6857.
6864.
6871.
6878.
6884.
6891.
6899.
6906.
6912.
6917.
6923.
6928.
6934.
6941.
6946.
6951.
6956.
6961.
6965.
6970.
6975.
6979.
6984.
6989.
6994.
6999.
7002.
7006.
7012.
7016.
7020.
7024.
7029.
7032.
7038.
7043.
7047.
7050.
7056.
7060.
7066.
7069.
7073.
7079.
7082.
7086.
7090.
7094.
7098.
7102.
7106.
7110.
7114.
7117.
7121.
7124.
7127.
7132.
7137.
7141.
7145.
7149.
7154.
7159.
7163.
7168.
7172.
7177.
7181.
7186.
7189.
7194.
7199.
7204.
7208.
7215.
7220.
7225.
7231.
7237.
7242.
7247.
7252.
7257.
7263.
7269.
7275.
7282.
7288.
7295.
7302.
7308.
7315.
7322.
7327.
7333.
7339.
7345.
7351.
7357.
7363.
7369.
7375.
7380.
7385.
7391.
7397.
7403.
7409.
7415.
7419.
7424.
7430.
7436.
7440.
7445.
7450.
7455.
7460.
7465.
7470.
7474.
7479.
7485.
7489.
7494.
7498.
7501.
7506.
7512.
7516.
7521.
7526.
7530.
7535.
7538.
7545.
7549.
7553.
7558.
7562.
7567.
7571.
7575.
7581.
7586.
7590.
7596.
7600.
7607.
7611.
7619.
7625.
7633.
7639.
7647.
7656.
7664.
7671.
7679.
7688.
7696.
7704.
7713.
7722.
7732.
7741.
7751.
7760.
7770.
7781.
7792.
7803.
7814.
7824.
7836.
7847.
7858.
7869.
7880.
7891.
7901.
7913.
7924.
7933.
7946.
7957.
7968.
7980.
7989.
8000.
8010.
8020.
8030.
8040.
8050.
8059.
8067.
8077.
8084.
8092.
8101.
8108.
8114.
8122.
8128.
8136.
8142.
8149.
8155.
8160.
8167.
8172.
8178.
8183.
8190.
8196.
8202.
8205.
8212.
8216.
8222.
8227.
8234.
8240.
8246.
8253.
8259.
8267.
8273.
8280.
8286.
8294.
8300.
8308.
8314.
8321.
8328.
8337.
8345.
8352.
8360.
8368.
8376.
8382.
8391.
8400.
8406.
8413.
8421.
8427.
8434.
8439.
8445.
8451.
8456.
8461.
8466.
8469.
8473.
8476.
8481.
8485.
8488.
8490.
8494.
8497.
8500.
8502.
8506.
8509.
8512.
8514.
8518.
8520.
8522.
8526.
8528.
8532.
8535.
8538.
8544.
8549.
8554.
8559.
8565.
8570.
8577.
8583.
8589.
8596.
8602.
8607.
8613.
8618.
8624.
8629.
8634.
8639.
8643.
8647.
8650.
8656.
8661.
8664.
8670.
8673.
8678.
8682.
8686.
8692.
8695.
8701.
8705.
8711.
8716.
8721.
8726.
8733.
8738.
8743.
8749.
8754.
8758.
8765.
8770.
8775.
8781.
8785.
8790.
8795.
8801.
8807.
8812.
8817.
8824.
8828.
8834.
8839.
8845.
8849.
8854.
8859.
8864.
8868.
8875.
8879.
8885.
8892.
8896.
8902.
8908.
8913.
8918.
8924.
8930.
8936.
8941.
8947.
8952.
8957.
8962.
8965.
8969.
8971.
8974.
8977.
8979.
8981.
8983.
8985.
8986.
8988.
8989.
8991.
8992.
8994.
8996.
8999.
9000.
9003.
9006.
9010.
9015.
9019.
9023.
9029.
9035.
9040.
9045.
9052.
9058.
9064.
9071.
9078.
9084.
9089.
9096.
9100.
9106.
9110.
9115.
9120.
9125.
9129.
9135.
9140.
9145.
9150.
9155.
9159.
9163.
9168.
9173.
9177.
9181.
9186.
9189.
9194.
9199.
9203.
9207.
9210.
9216.
9220.
9224.
9229.
9231.
9235.
9240.
9242.
9248.
9252.
9257.
9262.
9268.
9272.
9278.
9282.
9287.
9292.
9299.
9305.
9310.
9314.
9321.
9326.
9331.
9337.
9343.
9348.
9353.
9358.
9363.
9367.
9373.
9377.
9381.
9386.
9389.
9394.
9397.
9400.
9403.
9405.
9406.
9408.
9410.
9411.
9413.
9413.
9413.
9414.
9413.
9414.
9414.
9413.
9415.
9415.
9415.
9414.
9414.
9412.
9412.
9413.
9414.
9414.
9415.
9416.
9417.
9420.
9424.
9426.
9429.
9432.
9434.
9437.
9440.
9444.
9448.
9451.
9454.
9457.
9459.
9464.
9467.
9469.
9473.
9477.
9479.
9482.
9483.
9485.
9486.
9487.
9489.
9491.
9492.
9494.
9495.
9495.
9496.
9496.
9497.
9498.
9499.
9500.
9501.
9502.
9502.
9503.
9503.
9504.
9505.
9505.
9504.
9505.
9504.
9505.
9504.
9504.
9503.
9503.
9502.
9502.
9500.
9500.
9499.
9498.
9498.
9497.
9496.
9495.
9494.
9494.
9494.
9493.
9491.
9490.
9489.
9488.
9488.
9486.
9485.
9484.
9484.
9482.
9482.
9481.
9480.
9479.
9479.
9477.
9476.
9475.
9473.
9471.
9470.
9470.
9467.
9465.
9464.
9462.
9459.
9460.
9458.
9457.
9455.
9455.
9453.
9453.
9451.
9449.
9447.
9446.
9442.
9442.
9440.
9439.
9438.
9435.
9434.
9431.
9430.
9429.
9428.
9427.
9425.
9423.
9422.
9421.
9419.
9418.
9417.
9414.
9413.
9411.
9410.
9408.
9406.
9403.
9401.
9399.
9397.
9395.
9391.
9389.
9388.
9386.
9384.
9382.
9380.
9378.
9376.
9374.
9372.
9369.
9367.
9365.
9363.
9360.
9358.
9356.
9354.
9352.
9348.
9348.
9345.
9345.
9341.
9338.
9337.
9335.
9333.
9331.
9328.
9327.
9325.
9322.
9320.
9319.
9316.
9314.
9313.
9312.
9310.
9308.
9306.
9304.
9301.
9298.
9296.
9295.
9293.
9290.
9289.
9288.
9285.
9283.
9280.
9280.
9279.
9276.
9276.
9274.
9272.
9271.
9270.
9267.
9266.
9265.
9264.
9263.
9262.
9260.
9259.
9257.
9255.
9255.
9254.
9252.
9251.
9250.
9248.
9248.
9245.
9244.
9242.
9242.
9240.
9239.
9239.
9238.
9237.
9237.
9234.
9234.
9233.
9232.
9231.
9230.
9231.
9230.
9228.
9227.
9226.
9226.
9224.
9222.
9222.
9220.
9220.
9218.
9217.
9216.
9215.
9213.
9213.
9212.
9211.
9210.
9208.
9207.
9207.
9206.
9204.
9203.
9203.
9201.
9199.
9198.
9197.
9194.
9193.
9190.
9189.
9187.
9186.
9184.
9182.
9180.
9178.
9177.
9175.
9173.
9171.
9170.
9168.
9165.
9163.
9161.
9160.
9157.
9155.
9153.
9150.
9147.
9143.
9139.
9132.
9125.
9118.
9110.
9101.
9093.
9085.
9078.
9071.
9066.
9062.
9059.
9056.
9052.
9050.
9047.
9043.
9040.
9039.
9035.
9031.
9028.
9025.
9023.
9019.
9017.
9015.
9011.
9008.
9005.
9002.
9000.
8998.
8994.
8992.
8990.
8987.
8984.
8983.
8980.
8976.
8975.
8972.
8970.
8967.
8964.
8963.
8960.
8958.
8955.
8954.
8952.
8950.
8948.
8946.
8943.
8942.
8939.
8938.
8936.
8935.
8934.
8932.
8930.
8929.
8928.
8927.
8926.
8924.
8923.
8922.
8922.
8920.
8919.
8918.
8918.
8916.
8915.
8914.
8915.
8913.
8912.
8912.
8913.
8912.
8911.
8910.
8911.
8911.
8909.
8909.
8907.
8907.
8905.
8898.
8891.
8882.
8872.
8860.
8849.
8839.
8831.
8820.
8812.
8805.
8800.
8795.
8791.
8789.
8787.
8784.
8782.
8780.
8777.
8775.
8773.
8770.
8767.
8764.
8762.
8760.
8759.
8757.
8754.
8753.
8751.
8748.
8746.
8745.
8743.
8741.
8737.
8736.
8734.
8732.
8731.
8728.
8727.
8725.
8724.
8722.
8720.
8718.
8716.
8714.
8713.
8711.
8709.
8707.
8705.
8704.
8702.
8701.
8700.
8698.
8697.
8696.
8694.
8692.
8691.
8689.
8688.
8687.
8684.
8683.
8680.
8680.
8678.
8678.
8677.
8675.
8674.
8672.
8671.
8669.
8668.
8665.
8661.
8654.
8645.
8633.
8619.
8603.
8584.
8568.
8550.
8534.
8520.
8506.
8492.
8476.
8461.
8444.
8428.
8413.
8398.
8383.
8368.
8355.
8342.
8328.
8315.
8303.
8292.
8281.
8268.
8258.
8246.
8234.
8223.
8211.
8200.
8191.
8182.
8174.
8166.
8161.
8155.
8149.
8143.
8138.
8132.
8126.
8120.
8115.
8109.
8104.
8099.
8093.
8088.
8082.
8076.
8071.
8065.
8059.
8055.
8049.
8042.
8036.
8030.
8026.
8020.
8014.
8008.
8002.
7997.
7991.
7985.
7979.
7974.
7968.
7963.
7957.
7952.
7946.
7940.
7934.
7929.
7924.
7918.
7911.
7907.
7902.
7895.
7890.
7885.
7879.
7874.
7868.
7861.
7857.
7852.
7847.
7841.
7836.
7830.
7825.
7819.
7816.
7810.
7804.
7800.
7795.
7790.
7785.
7779.
7775.
7771.
7765.
7761.
7756.
7751.
7746.
7742.
7739.
7734.
7730.
7726.
7720.
7717.
7714.
7708.
7705.
7701.
7696.
7694.
7688.
7684.
7682.
7677.
7674.
7672.
7667.
7663.
7656.
7644.
7632.
7616.
7597.
7577.
7558.
7537.
7519.
7499.
7481.
7462.
7445.
7428.
7413.
7402.
7391.
7381.
7374.
7365.
7359.
7352.
7346.
7339.
7331.
7325.
7318.
7311.
7304.
7297.
7291.
7285.
7278.
7270.
7264.
7257.
7250.
7242.
7236.
7230.
7222.
7215.
7208.
7202.
7195.
7188.
7181.
7174.
7167.
7160.
7151.
7145.
7137.
7132.
7125.
7118.
7112.
7105.
7099.
7091.
7084.
7077.
7071.
7065.
7059.
7053.
7047.
7041.
7034.
7028.
7023.
7017.
7010.
7005.
7001.
6995.
6990.
6985.
6980.
6976.
6971.
6967.
6964.
6959.
6955.
6951.
6946.
6942.
6938.
6935.
6931.
6929.
6926.
6923.
6919.
6917.
6914.
6911.
6908.
6906.
6902.
6901.
6898.
6894.
6889.
6883.
6873.
6860.
6845.
6829.
6813.
6794.
6777.
6758.
6740.
6724.
6706.
6690.
6674.
6657.
6641.
6626.
6611.
6597.
6582.
6567.
6554.
6543.
6530.
6520.
6510.
6500.
6491.
6481.
6472.
6465.
6456.
6448.
6440.
6433.
6427.
6420.
6414.
6409.
6404.
6398.
6392.
6388.
6384.
6380.
6376.
6373.
6369.
6365.
6362.
6358.
6354.
6352.
6350.
6347.
6344.
6342.
6339.
6336.
6334.
6331.
6331.
6327.
6326.
6323.
6321.
6319.
6317.
6316.
6315.
6314.
6313.
6311.
6310.
6310.
6310.
6308.
6308.
6307.
6307.
6307.
6307.
6306.
6306.
6307.
6308.
6308.
6308.
6309.
6310.
6310.
6311.
6313.
6313.
6315.
6316.
6316.
6316.
6313.
6307.
6298.
6287.
6276.
6264.
6250.
6238.
6222.
6209.
6196.
6181.
6167.
6152.
6138.
6123.
6111.
6097.
6084.
6071.
6059.
6047.
6034.
6022.
6010.
5999.
5986.
5974.
5964.
5953.
5942.
5932.
5922.
5914.
5904.
5895.
5886.
5877.
5868.
5859.
5850.
5843.
5836.
5830.
5822.
5816.
5811.
5806.
5802.
5798.
5796.
5793.
5791.
5788.
5786.
5785.
5783.
5782.
5782.
5781.
5781.
5782.
5782.
5782.
5783.
5783.
5784.
5785.
5785.
5788.
5788.
5790.
5792.
5794.
5796.
5798.
5800.
5802.
5805.
5807.
5808.
5809.
5811.
5811.
5811.
5812.
5810.
5808.
5805.
5803.
5799.
5795.
5790.
5788.
5783.
5778.
5775.
5771.
5767.
5762.
5758.
5754.
5751.
5748.
5744.
5741.
5738.