9380.
9376.
9372.
9367.
9362.
9358.
9353.
9348.
9345.
9339.
9334.
9330.
9324.
9320.
9315.
9309.
9304.
9299.
9294.
9289.
9283.
9277.
9271.
9266.
9261.
9255.
9250.
9244.
9238.
9233.
9227.
9222.
9216.
9210.
9204.
9198.
9193.
9188.
9183.
9180.
9181.
9184.
9190.
9198.
9210.
9222.
9235.
9248.
9260.
9272.
9286.
9299.
9315.
9329.
9344.
9359.
9373.
9385.
9398.
9409.
9416.
9421.
9426.
9431.
9432.
9434.
9437.
9437.
9438.
9439.
9441.
9442.
9443.
9444.
9444.
9445.
9447.
9448.
9448.
9449.
9449.
9450.
9452.
9451.
9451.
9452.
9453.
9452.
9451.
9451.
9451.
9450.
9449.
9447.
9446.
9443.
9441.
9439.
9436.
9434.
9432.
9428.
9424.
9421.
9418.
9414.
9410.
9406.
9402.
9396.
9392.
9389.
9384.
9380.
9375.
9371.
9366.
9361.
9357.
9352.
9347.
9342.
9337.
9333.
9325.
9321.
9315.
9309.
9304.
9299.
9293.
9289.
9282.
9277.
9272.
9264.
9260.
9254.
9247.
9242.
9236.
9229.
9224.
9220.
9212.
9206.
9200.
9195.
9189.
9183.
9177.
9171.
9165.
9157.
9152.
9146.
9140.
9134.
9130.
9127.
9128.
9133.
9140.
9149.
9160.
9172.
9184.
9196.
9210.
9225.
9238.
9254.
9269.
9286.
9302.
9318.
9332.
9345.
9358.
9368.
9377.
9382.
9388.
9391.
9393.
9395.
9396.
9396.
9399.
9400.
9401.
9403.
9403.
9405.
9406.
9407.
9408.
9408.
9409.
9411.
9411.
9411.
9414.
9415.
9416.
9417.
9417.
9418.
9418.
9419.
9420.
9420.
9419.
9418.
9417.
9417.
9415.
9413.
9412.
9409.
9408.
9405.
9402.
9399.
9396.
9393.
9390.
9386.
9382.
9379.
9374.
9370.
9366.
9362.
9357.
9352.
9347.
9342.
9338.
9334.
9329.
9324.
9318.
9313.
9309.
9302.
9297.
9291.
9286.
9280.
9274.
9270.
9265.
9259.
9255.
9248.
9242.
9236.
9230.
9225.
9218.
9214.
9207.
9201.
9195.
9188.
9183.
9176.
9171.
9165.
9158.
9152.
9146.
9140.
9134.
9129.
9127.
9128.
9132.
9141.
9148.
9160.
9171.
9182.
9195.
9207.
9222.
9236.
9249.
9261.
9277.
9291.
9306.
9320.
9332.
9343.
9350.
9357.
9363.
9365.
9369.
9370.
9371.
9373.
9375.
9374.
9376.
9377.
9378.
9379.
9380.
9382.
9382.
9384.
9384.
9386.
9386.
9386.
9387.
9388.
9390.
9392.
9392.
9394.
9394.
9395.
9395.
9396.
9396.
9397.
9396.
9396.
9396.
9395.
9393.
9391.
9391.
9388.
9386.
9383.
9381.
9378.
9376.
9373.
9369.
9365.
9362.
9358.
9354.
9350.
9347.
9342.
9337.
9333.
9329.
9322.
9318.
9314.
9310.
9305.
9299.
9293.
9289.
9284.
9277.
9274.
9267.
9262.
9257.
9252.
9245.
9241.
9233.
9229.
9223.
9217.
9212.
9206.
9199.
9193.
9186.
9180.
9174.
9169.
9162.
9156.
9150.
9145.
9138.
9132.
9126.
9120.
9112.
9106.
9098.
9092.
9086.
9080.
9073.
9067.
9060.
9054.
9048.
9041.
9034.
9028.
9022.
9015.
9009.
9002.
8995.
8987.
8981.
8976.
8968.
8961.
8954.
8946.
8941.
8935.
8931.
8929.
8932.
8936.
8943.
8950.
8958.
8967.
8976.
8986.
8995.
9004.
9012.
9018.
9023.
9024.
9024.
9022.
9021.
9019.
9017.
9017.
9016.
9016.
9015.
9015.
9014.
9014.
9013.
9013.
9012.
9013.
9013.
9013.
9014.
9014.
9014.
9015.
9015.
9016.
9017.
9018.
9019.
9020.
9020.
9022.
9023.
9024.
9026.
9027.
9029.
9031.
9033.
9035.
9037.
9038.
9041.
9042.
9045.
9047.
9048.
9052.
9053.
9055.
9056.
9059.
9061.
9063.
9065.
9066.
9069.
9071.
9072.
9074.
9076.
9076.
9076.
9078.
9077.
9078.
9079.
9078.
9076.
9076.
9075.
9073.
9073.
9071.
9070.
9068.
9066.
9065.
9063.
9061.
9058.
9055.
9054.
9052.
9049.
9046.
9044.
9040.
9038.
9033.
9027.
9019.
9006.
8991.
8971.
8948.
8924.
8904.
8885.
8872.
8862.
8853.
8846.
8842.
8838.
8833.
8827.
8821.
8817.
8811.
8805.
8799.
8795.
8788.
8782.
8776.
8771.
8766.
8759.
8752.
8746.
8740.
8733.
8727.
8721.
8714.
8707.
8701.
8694.
8688.
8681.
8673.
8668.
8660.
8654.
8646.
8639.
8633.
8625.
8619.
8611.
8603.
8597.
8589.
8583.
8576.
8568.
8562.
8555.
8546.
8540.
8532.
8526.
8518.
8511.
8504.
8496.
8488.
8480.
8474.
8467.
8459.
8451.
8443.
8437.
8430.
8422.
8414.
8406.
8399.
8391.
8384.
8376.
8369.
8361.
8353.
8346.
8339.
8332.
8324.
8316.
8309.
8301.
8294.
8287.
8279.
8271.
8265.
8257.
8250.
8242.
8235.
8228.
8221.
8213.
8206.
8198.
8191.
8184.
8177.
8170.
8164.
8156.
8148.
8140.
8134.
8127.
8120.
8113.
8106.
8098.
8092.
8085.
8077.
8071.
8063.
8057.
8051.
8043.
8036.
8030.
8024.
8016.
8009.
8003.
7996.
7989.
7983.
7976.
7969.
7962.
7956.
7950.
7943.
7937.
7931.
7923.
7917.
7911.
7905.
7898.
7892.
7885.
7880.
7874.
7868.
7862.
7856.
7851.
7844.
7839.
7833.
7827.
7822.
7817.
7811.
7808.
7801.
7797.
7792.
7786.
7781.
7775.
7768.
7758.
7744.
7728.
7710.
7691.
7673.
7655.
7639.
7625.
7613.
7603.
7594.
7586.
7576.
7567.
7559.
7551.
7542.
7533.
7525.
7516.
7508.
7499.
7491.
7482.
7473.
7465.
7456.
7446.
7437.
7427.
7417.
7408.
7397.
7386.
7377.
7368.
7358.
7347.
7337.
7328.
7317.
7306.
7296.
7285.
7275.
7264.
7253.
7243.
7232.
7223.
7212.
7202.
7192.
7182.
7172.
7162.
7151.
7142.
7131.
7121.
7113.
7103.
7094.
7084.
7075.
7064.
7056.
7047.
7037.
7029.
7019.
7011.
7002.
6994.
6985.
6977.
6967.
6960.
6952.
6943.
6936.
6927.
6920.
6911.
6904.
6897.
6890.
6887.
6887.
6892.
6899.
6911.
6923.
6934.
6943.
6949.
6955.
6960.
6963.
6964.
6963.
6961.
6958.
6955.
6953.
6948.
6944.
6941.
6938.
6935.
6932.
6927.
6924.
6921.
6917.
6914.
6910.
6907.
6904.
6899.
6894.
6891.
6887.
6884.
6881.
6876.
6871.
6866.
6863.
6859.
6853.
6849.
6846.
6840.
6836.
6831.
6826.
6821.
6817.
6812.
6809.
6802.
6797.
6792.
6788.
6782.
6777.
6770.
6766.
6761.
6756.
6750.
6744.
6738.
6733.
6728.
6722.
6717.
6710.
6704.
6699.
6692.
6686.
6680.
6675.
6669.
6662.
6656.
6651.
6645.
6637.
6631.
6625.
6618.
6612.
6606.
6599.
6591.
6586.
6579.
6572.
6566.
6561.
6554.
6547.
6540.
6532.
6526.
6519.
6512.
6506.
6500.
6493.
6487.
6480.
6474.
6468.
6461.
6454.
6448.
6442.
6436.
6431.
6424.
6418.
6413.
6407.
6402.
6396.
6389.
6385.
6380.
6374.
6367.
6362.
6356.
6353.
6346.
6341.
6338.
6332.
6328.
6324.
6320.
6315.
6311.
6307.
6301.
6298.
6294.
6291.
6287.
6283.
6280.
6276.
6272.
6269.
6265.
6262.
6259.
6256.
6253.
6249.
6247.
6244.
6242.
6238.
6236.
6234.
6231.
6228.
6227.
6224.
6222.
6221.
6219.
6216.
6214.
6212.
6212.
6210.
6209.
6207.
6206.
6205.
6204.
6203.
6203.
6203.
6201.
6201.
6200.
6201.
6202.
6200.
6201.
6201.
6200.
6201.
6201.
6202.
6202.
6202.
6203.
6204.
6205.
6207.
6208.
6210.
6210.
6211.
6213.
6214.
6216.
6218.
6219.
6221.
6223.
6225.
6227.
6231.
6232.
6234.
6235.
6238.
6241.
6243.
6245.
6248.
6250.
6250.
6248.
6244.
6235.
6226.
6214.
6205.
6193.
6183.
6173.
6163.
6156.
6150.
6146.
6141.
6135.
6130.
6127.
6122.
6116.
6111.
6105.
6100.
6095.
6089.
6083.
6079.
6072.
6066.
6061.
6054.
6047.
6039.
6033.
6028.
6021.
6013.
6006.
5999.
5993.
5984.
5977.
5970.
5963.
5955.
5949.
5941.
5935.
5928.
5920.
5914.
5908.
5900.
5895.
5889.
5884.
5879.
5873.
5868.
5863.
5859.
5855.
5851.
5848.
5844.
5841.
5839.
5837.
5835.
5834.
5833.
5831.
5830.
5830.
5830.
5829.
5830.
5829.
5830.
5830.
5830.
5831.
5832.
5833.
5834.
5835.
5835.
5838.
5839.
5841.
5841.
5845.
5847.
5849.
5851.
5853.
5855.
5855.
5857.
5860.
5862.
5863.
5866.
5867.
5867.
5866.
5864.
5861.
5857.
5852.
5845.
5837.
5829.
5821.
5812.
5803.
5795.
5787.
5778.
5770.
5762.
5753.
5744.
5734.
5725.
5714.
5704.
5694.
5683.
5672.
5661.
5650.
5639.
5628.
5618.
5606.
5595.
5586.
5578.
5569.
5561.
5552.
5545.
5537.
5532.
5525.
5520.
5514.
5507.
5502.
5498.
5492.
5488.
5483.
5480.
5476.
5473.
5468.
5467.
5465.
5463.
5463.
5462.
5460.
5460.
5461.
5462.
5462.
5463.
5466.
5467.
5470.
5471.
5474.
5477.
5480.
5482.
5486.
5490.
5494.
5497.
5500.
5503.
5508.
5512.
5517.
5520.
5525.
5529.
5533.
5539.
5543.
5549.
5553.
5557.
5561.
5566.
5570.
5575.
5580.
5585.
5590.
5591.
5591.
5589.
5582.
5573.
5562.
5551.
5540.
5528.
5513.
5500.
5485.
5470.
5455.
5439.
5426.
5413.
5400.
5389.
5381.
5372.
5364.
5358.
5351.
5345.
5337.
5330.
5324.
5318.
5311.
5305.
5298.
5291.
5284.
5278.
5271.
5266.
5261.
5257.
5251.
5247.
5242.
5238.
5234.
5230.
5227.
5224.
5222.
5220.
5219.
5218.
5218.
5219.
5218.
5219.
5221.
5223.
5226.
5228.
5230.
5234.
5237.
5241.
5244.
5249.
5253.
5257.
5261.
5266.
5270.
5273.
5279.
5284.
5289.
5294.
5298.
5304.
5310.
5314.
5321.
5326.
5331.
5336.
5341.
5347.
5352.
5356.
5362.
5368.
5372.
5377.
5380.
5381.
5381.
5377.
5368.
5358.
5345.
5329.
5315.
5297.
5281.
5262.
5244.
5225.
5207.
5189.
5170.
5153.
5136.
5119.
5105.
5092.
5080.
5070.
5063.
5056.
5048.
5043.
5037.
5032.
5027.
5022.
5019.
5014.
5010.
5006.
5003.
5001.
4997.
4994.
4993.
4991.
4989.
4988.
4986.
4987.
4985.
4986.
4986.
4988.
4989.
4991.
4993.
4996.
4999.
5000.
5004.
5009.
5012.
5015.
5020.
5026.
5029.
5034.
5039.
5045.
5048.
5054.
5060.
5065.
5070.
5076.
5084.
5088.
5094.
5099.
5105.
5111.
5118.
5123.
5129.
5136.
5141.
5148.
5154.
5159.
5165.
5171.
5178.
5183.
5187.
5194.
5199.
5204.
5206.
5209.
5209.
5207.
5203.
5199.
5191.
5185.
5176.
5168.
5159.
5149.
5140.
5133.
5124.
5114.
5105.
5099.
5091.
5086.
5080.
5075.
5071.
5068.
5064.
5062.
5058.
5054.
5052.
5048.
5046.
5042.
5039.
5036.
5032.
5029.
5026.
5023.
5020.
5018.
5016.
5012.
5010.
5009.
5008.
5006.
5006.
5005.
5004.
5006.
5006.
5007.
5008.
5010.
5011.
5013.
5015.
5017.
5021.
5024.
5028.
5032.
5035.
5040.
5043.
5048.
5053.
5057.
5061.
5067.
5071.
5078.
5083.
5088.
5093.
5097.
5103.
5109.
5113.
5119.
5124.
5130.
5135.
5142.
5148.
5153.
5158.
5165.
5170.
5174.
5181.
5187.
5193.
5199.
5206.
5212.
5218.
5223.
5230.
5236.
5243.
5249.
5255.
5262.
5269.
5276.
5281.
5289.
5293.
5298.
5302.
5303.
5303.
5300.
5294.
5287.
5280.
5272.
5264.
5256.
5248.
5238.
5230.
5220.
5211.
5203.
5196.
5188.
5180.
5175.
5167.
5161.
5155.
5149.
5145.
5139.
5134.
5129.
5125.
5121.
5117.
5114.
5111.
5107.
5103.
5100.
5096.
5092.
5089.
5085.
5082.
5080.
5077.
5075.
5072.
5072.
5069.
5068.
5066.
5065.
5065.
5064.
5065.
5065.
5066.
5067.
5069.
5071.
5073.
5075.
5079.
5081.
5084.
5087.
5091.
5095.
5098.
5104.
5108.
5112.
5116.
5122.
5127.
5132.
5136.
5141.
5147.
5151.
5157.
5162.
5168.
5173.
5178.
5183.
5189.
5195.
5201.
5207.
5212.
5219.
5224.
5230.
5235.
5241.
5246.
5252.
5257.
5263.
5269.
5275.
5281.
5287.
5292.
5299.
5305.
5310.
5317.
5322.
5327.
5334.
5340.
5348.
5354.
5361.
5365.
5372.
5379.
5384.
5390.
5397.
5402.
5409.
5415.
5420.
5426.
5432.
5439.
5444.
5450.
5456.
5463.
5469.
5474.
5481.
5486.
5492.
5497.
5503.
5509.
5514.
5520.
5525.
5530.
5535.
5540.
5545.
5550.
5555.
5559.
5564.
5568.
5573.
5576.
5579.
5577.
5573.
5568.
5560.
5550.
5540.
5528.
5517.
5504.
5493.
5480.
5469.
5458.
5448.
5441.
5435.
5429.
5425.
5423.
5417.
5414.
5410.
5408.
5405.
5401.
5399.
5398.
5394.
5393.
5392.
5389.
5389.
5387.
5386.
5385.
5383.
5381.
5380.
5378.
5376.
5374.
5372.
5369.
5367.
5366.
5364.
5362.
5360.
5358.
5357.
5356.
5355.
5353.
5352.
5351.
5349.
5349.
5348.
5346.
5346.
5346.
5345.
5345.
5347.
5348.
5349.
5348.
5349.
5350.
5351.
5353.
5355.
5356.
5356.
5358.
5361.
5361.
5364.
5366.
5368.
5371.
5372.
5376.
5379.
5385.
5392.
5405.
5419.
5438.
5456.
5473.
5489.
5503.
5516.
5528.
5537.
5545.
5550.
5556.
5561.
5563.
5567.
5571.
5575.
5580.
5584.
5588.
5592.
5598.
5602.
5606.
5610.
5615.
5620.
5626.
5630.
5636.
5641.
5644.
5649.
5653.
5658.
5662.
5668.
5674.
5678.
5683.
5688.
5693.
5700.
5705.
5708.
5716.
5720.
5724.
5730.
5735.
5740.
5746.
5752.
5757.
5762.
5766.
5771.
5777.
5783.
5788.
5792.
5798.
5803.
5808.
5813.
5818.
5824.
5829.
5833.
5839.
5842.
5848.
5854.
5857.
5862.
5865.
5870.
5875.
5877.
5881.
5886.
5890.
5894.
5897.
5900.
5903.
5907.
5909.
5913.
5915.
5918.
5920.
5923.
5925.
5926.
5930.
5932.
5933.
5936.
5938.
5940.
5941.
5943.
5944.
5946.
5948.
5950.
5951.
5953.
5956.
5957.
5959.
5961.
5963.
5964.
5966.
5967.
5969.
5970.
5972.
5973.
5976.
5979.
5981.
5984.
5989.
5994.
5999.
6003.
6009.
6014.
6019.
6024.
6029.
6034.
6040.
6045.
6053.
6060.
6068.
6074.
6082.
6090.
6099.
6109.
6119.
6128.
6137.
6146.
6155.
6166.
6177.
6188.
6201.
6214.
6227.
6241.
6254.
6266.
6278.
6290.
6302.
6314.
6325.
6334.
6344.
6353.
6362.
6372.
6382.
6389.
6396.
6405.
6413.
6420.
6427.
6433.
6441.
6448.
6454.
6464.
6471.
6479.
6487.
6495.
6503.
6509.
6517.
6525.
6533.
6540.
6548.
6557.
6564.
6572.
6580.
6588.
6596.
6605.
6613.
6622.
6631.
6640.
6649.
6657.
6666.
6675.
6685.
6693.
6702.
6710.
6720.
6728.
6736.
6745.
6754.
6763.
6772.
6781.
6791.
6799.
6809.
6818.
6826.
6835.
6843.
6852.
6861.
6869.
6876.
6885.
6892.
6901.
6908.
6915.
6922.
6929.
6935.
6943.
6950.
6956.
6962.
6968.
6974.
6980.
6987.
6994.
7000.
7006.
7010.
7016.
7021.
7025.
7029.
7034.
7038.
7042.
7046.
7050.
7053.
7057.
7060.
7064.
7069.
7074.
7082.
7090.
7100.
7109.
7119.
7129.
7140.
7152.
7165.
7178.
7190.
7204.
7221.
7237.
7253.
7270.
7286.
7305.
7322.
7338.
7354.
7370.
7385.
7398.
7412.
7425.
7437.
7448.
7458.
7468.
7478.
7487.
7497.
7507.
7517.
7524.
7534.
7544.
7553.
7562.
7571.
7581.
7591.
7599.
7609.
7619.
7627.
7637.
7647.
7657.
7666.
7675.
7684.
7695.
7703.
7713.
7724.
7734.
7744.
7754.
7763.
7773.
7782.
7792.
7801.
7811.
7820.
7827.
7836.
7846.
7855.
7863.
7869.
7877.
7884.
7890.
7897.
7903.
7908.
7913.
7918.
7923.
7927.
7932.
7935.
7937.
7940.
7943.
7945.
7947.
7949.
7952.
7953.
7954.
7956.
7956.
7956.
7958.
7958.
7958.
7958.
7958.
7957.
7958.
7958.
7957.
7957.
7957.
7956.
7956.
7955.
7954.
7954.
7952.
7952.
7951.
7949.
7948.
7946.
7944.
7942.
7939.
7939.
7938.
7935.
7933.
7932.
7932.
7934.
7936.
7940.
7945.
7952.
7962.
7972.
7982.
7993.
8003.
8013.
8023.
8033.
8045.
8058.
8069.
8083.
8096.
8108.
8121.
8136.
8150.
8164.
8179.
8195.
8210.
8225.
8240.
8256.
8273.
8288.
8304.
8318.
8332.
8345.
8357.
8370.
8380.
8392.
8402.
8412.
8423.
8434.
8443.
8453.
8464.
8473.
8482.
8492.
8503.
8513.
8522.
8530.
8540.
8549.
8558.
8568.
8577.
8585.
8593.
8602.
8610.
8618.
8624.
8630.
8637.
8643.
8648.
8652.
8656.
8660.
8662.
8666.
8666.
8669.
8670.
8672.
8673.
8673.
8672.
8673.
8673.
8672.
8670.
8671.
8669.
8667.
8666.
8664.
8663.
8660.
8659.
8657.
8655.
8654.
8651.
8648.
8647.
8644.
8640.
8637.
8634.
8631.
8629.
8626.
8623.
8619.
8614.
8612.
8611.
8608.
8606.
8605.
8605.
8605.
8608.
8612.
8615.
8620.
8625.
8630.
8636.
8642.
8647.
8654.
8660.
8668.
8674.
8682.
8689.
8697.
8704.
8713.
8719.
8727.
8733.
8741.
8750.
8760.
8769.
8777.
8785.
8793.
8803.
8813.
8821.
8829.
8838.
8845.
8853.
8860.
8868.
8875.
8881.
8888.
8895.
8902.
8908.
8913.
8919.
8925.
8933.
8938.
8944.
8950.
8956.
8962.
8966.
8972.
8977.
8982.
8987.
8993.
8996.
9000.
9003.
9006.
9010.
9012.
9015.
9017.
9017.
9018.
9020.
9020.
9020.
9020.
9019.
9019.
9017.
9017.
9015.
9013.
9011.
9009.
9007.
9004.
9001.
8998.
8996.
8992.
8989.
8987.
8984.
8980.
8977.
8975.
8970.
8966.
8962.
8957.
8954.
8949.
8945.
8940.
8936.
8930.
8926.
8922.
8918.
8914.
8911.
8908.
8905.
8905.
8906.
8908.
8914.
8920.
8929.
8937.
8945.
8955.
8965.
8975.
8986.
8995.
9007.
9018.
9031.
9043.
9055.
9068.
9081.
9093.
9106.
9117.
9128.
9141.
9152.
9165.
9175.
9188.
9198.
9210.
9221.
9232.
9242.
9253.
9264.
9273.
9283.
9291.
9299.
9307.
9314.
9320.
9325.
9333.
9337.
9343.
9348.
9351.
9355.
9359.
9362.
9365.
9365.
9368.
9370.
9371.
9372.
9372.
9372.
9372.
9371.
9369.
9368.
9365.
9362.
9359.
9357.
9353.
9350.
9347.
9344.
9340.
9337.
9332.
9328.
9323.
9319.
9315.
9310.
9306.
9301.
9295.
9289.
9284.
9279.
9273.
9268.
9262.
9256.
9251.
9244.
9238.
9231.
9225.
9221.
9215.
9210.
9204.
9199.
9193.
9189.
9184.
9180.
9176.
9173.
9170.
9168.
9168.
9169.
9170.
9171.
9174.
9177.
9180.
9185.
9190.
9196.
9199.
9204.
9211.
9219.
9225.
9229.
9235.
9243.
9249.
9256.
9265.
9272.
9279.
9286.
9293.
9299.
9306.
9310.
9316.
9319.
9323.
9327.
9330.
9332.
9334.
9337.
9340.
9344.
9346.
9349.
9352.
9355.
9358.
9360.
9363.
9368.
9371.
9373.
9376.
9377.
9379.
9382.
9383.
9385.
9387.
9389.
9390.
9391.
9391.
9392.
9391.
9390.
9390.
9389.
9389.
9388.
9386.
9384.
9382.
9379.
9377.
9374.
9372.
9368.
9364.
9362.
9358.
9355.
9351.
9347.
9343.
9339.
9335.
9330.
9326.
9321.
9318.
9312.
9308.
9303.
9298.
9292.
9287.
9282.
9278.
9272.
9267.
9261.
9255.
9251.
9245.
9239.
9233.
9228.
9223.
9217.
9211.
9205.
9199.
9193.
9187.
9182.
9175.
9170.
9163.
9158.
9152.
9145.
9138.
9133.
9124.
9119.
9113.
9107.
9100.
9093.
9085.
9080.
9072.
9065.
9059.
9054.
9046.
9041.
9036.
9036.
9038.
9043.
9050.
9057.
9067.
9077.
9085.
9097.
9107.
9116.
9125.
9134.
9142.
9149.
9155.
9160.
9164.
9166.
9166.
9167.
9168.
9170.
9172.
9173.
9174.
9176.
9179.
9181.
9183.
9186.
9188.
9192.
9194.
9195.
9199.
9202.
9204.
9206.
9208.
9212.
9216.
9219.
9222.
9225.
9228.
9232.
9234.
9240.
9243.
9246.
9250.
9254.
9258.
9261.
9263.
9266.
9269.
9273.
9276.
9277.
9278.
9280.
9279.
9279.
9279.
9278.
9277.
9275.
9274.
9272.
9270.
9268.
9265.
9262.
9259.
9256.
9253.
9249.
9244.
9240.
9238.
9234.
9230.
9226.
9221.
9215.
9212.
9208.
9202.
9199.
9194.
9188.
9184.
9178.
9173.
9169.
9162.
9156.
9152.
9147.
9142.
9137.
9131.
9126.
9120.
9114.
9109.
9103.
9097.
9092.
9085.
9081.
9074.
9068.
9062.
9057.
9052.
9045.
9040.
9033.
9027.
9022.
9015.
9009.
9003.
8997.
8991.
8983.
8977.
8972.
8965.
8959.
8953.
8947.
8940.
8934.
8927.
8920.
8914.
8907.
8901.
8894.
8887.
8880.
8874.
8866.
8861.
8854.
8847.
8840.
8833.
8827.
8820.
8814.
8806.
8800.
8792.
8786.
8779.
8772.
8765.
8758.
8749.
8743.
8735.
8728.
8721.
8714.
8707.
8701.
8693.
8686.
8678.
8672.
8665.
8659.
8657.
8655.
8657.
8660.
8664.
8670.
8675.
8681.
8684.
8685.
8687.
8685.
8683.
8679.
8676.
8674.
8672.
8669.
8666.
8664.
8663.
8662.
8659.
8658.
8657.
8657.
8653.
8653.
8652.
8651.
8651.
8652.
8651.
8651.
8651.
8650.
8649.
8652.
8652.
8653.
8654.
8654.
8654.
8657.
8659.
8660.
8663.
8664.
8667.
8668.
8670.
8672.
8675.
8678.
8680.
8683.
8685.
8687.
8691.
8695.
8697.
8700.
8702.
8706.
8709.
8712.
8716.
8719.
8722.
8726.
8728.
8729.
8729.
8723.
8713.
8697.
8676.
8656.
8634.
8616.
8597.
8581.
8567.
8553.
8541.
8532.
8526.
8522.
8517.
8514.
8512.
8507.
8503.
8498.
8495.
8490.
8485.
8482.
8477.
8473.
8467.
8463.
8458.
8454.
8449.
8443.
8438.
8433.
8428.
8423.
8417.
8411.
8405.
8400.
8395.
8388.
8382.
8376.
8370.
8364.
8358.
8352.
8346.
8340.
8334.
8327.
8321.
8314.
8308.
8302.
8296.
8290.
8284.
8278.
8270.
8264.
8258.
8252.
8245.
8239.
8233.
8228.
8222.
8215.
8209.
8203.
8197.
8192.
8186.
8180.
8173.
8168.
8162.
8157.
8152.
8147.
8142.
8136.
8131.
8125.
8119.
8115.
8111.
8106.
8102.
8097.
8092.
8088.
8083.
8079.
8074.
8070.
8067.
8064.
8059.
8055.
8053.
8049.
8044.
8041.
8039.
8033.
8026.
8012.
7993.
7972.
7947.
7921.
7895.
7868.
7841.
7814.
7790.
7768.
7746.
7727.
7711.
7697.
7685.
7675.
7666.
7657.
7649.
7642.
7633.
7625.
7617.
7610.
7602.
7593.
7584.
7576.
7567.
7558.
7551.
7542.
7533.
7524.
7516.
7506.
7497.
7488.
7480.
7470.
7460.
7451.
7441.
7433.
7423.
7413.
7402.
7394.
7384.
7375.
7365.
7354.
7346.
7336.
7326.
7318.
7308.
7299.
7289.
7282.
7272.
7262.
7254.
7245.
7236.
7229.
7219.
7212.
7203.
7195.
7188.
7181.
7173.
7165.
7157.
7151.
7144.
7137.
7131.
7124.
7116.
7110.
7104.
7097.
7091.
7086.
7080.
7075.
7069.
7065.
7059.
7055.
7051.
7046.
7042.
7037.
7034.
7030.
7027.
7023.
7017.
7014.
7012.
7007.
7004.
7002.
6999.
6997.
6995.
6992.
6991.
6989.
6986.
6984.
6984.
6982.
6978.
6972.
6962.
6951.
6936.
6919.
6903.
6886.
6870.
6855.
6840.
6827.
6817.
6807.
6799.
6792.
6785.
6777.
6769.
6762.
6754.
6747.
6741.
6734.
6724.
6718.
6710.
6704.
6696.
6688.
6680.
6673.
6665.
6656.
6647.
6638.
6630.
6621.
6613.
6604.
6595.
6587.
6577.
6570.
6560.
6552.
6543.
6535.
6528.
6518.
6510.
6503.
6493.
6486.
6478.
6471.
6464.
6457.
6449.
6442.
6437.
6429.
6424.
6418.
6413.
6408.
6404.
6398.
6394.
6389.
6385.
6383.
6378.
6374.
6372.
6368.
6365.
6363.
6360.
6357.
6356.
6353.
6352.
6351.
6350.
6348.
6347.
6345.
6344.
6344.
6343.
6342.
6342.
6341.
6341.
6341.
6341.
6339.
6341.
6340.
6339.
6337.
6336.
6333.
6328.
6324.
6316.
6307.
6296.
6285.
6274.
6263.
6251.
6239.
6226.
6215.
6203.
6190.
6179.
6166.
6154.
6143.
6133.
6124.
6115.
6107.
6098.
6089.
6079.
6071.
6060.
6052.
6044.
6038.
6029.
6021.
6014.
6006.
6000.
5992.
5986.
5978.
5972.
5967.
5960.
5955.
5951.
5946.
5941.
5936.
5931.
5926.
5923.
5919.
5915.
5911.
5907.
5903.
5900.
5898.
5895.
5891.
5889.
5886.
5884.
5882.
5882.
5880.
5880.
5877.
5877.
5876.
5875.
5874.
5874.
5874.
5875.
5875.
5875.
5878.
5879.
5879.
5879.
5881.
5882.
5884.
5886.
5887.
5888.
5890.
5892.
5894.
5896.
5898.
5901.
5904.
5907.
5909.
5911.
5914.
5915.
5919.
5921.
5924.
5925.
5924.
5920.
5917.
5912.
5904.
5895.
5886.
5876.
5866.
5858.
5849.
5838.
5829.
5821.
5813.
5807.
5800.
5794.
5790.
5784.
5779.
5775.
5770.
5766.
5761.
5757.
5751.
5745.
5737.
5730.
5723.
5716.
5708.
5701.
5693.
5685.
5679.
5670.
5663.
5656.
5650.
5643.
5636.
5629.
5622.
5616.
5609.
5603.
5597.
5591.
5587.
5582.
5577.
5573.
5569.
5567.
5565.
5562.
5561.
5559.
5558.
5558.
5557.
5557.
5556.
5558.
5558.
5559.
5560.
5561.
5562.
5564.
5566.
5567.
5570.
5573.
5575.
5578.
5581.
5584.
5587.
5590.
5594.
5598.
5601.
5606.
5610.
5615.
5618.
5621.
5626.
5630.
5634.
5638.
5643.
5646.
5651.
5656.
5660.
5663.
5666.
5667.
5663.
5658.
5649.
5642.
5633.
5624.
5615.
5605.
5594.
5583.
5572.
5562.
5552.
5543.
5536.
5530.
5525.
5522.
5519.
5517.
5513.
5512.
5509.
5507.
5504.
5501.
5498.
5495.
5492.
5489.
5484.
5482.
5478.
5476.
5473.
5470.
5469.
5466.
5463.
5461.
5458.
5456.
5453.
5451.
5450.
5449.
5448.
5448.
5449.
5448.
5449.
5450.
5451.
5452.
5454.
5454.
5456.
5458.
5459.
5462.
5465.
5467.
5470.
5473.
5475.
5479.
5482.
5486.
5490.
5494.
5498.
5502.
5506.
5510.
5514.
5518.
5522.
5526.
5531.
5535.
5540.
5544.
5549.
5554.
5558.
5564.
5568.
5572.
5577.
5582.
5586.
5589.
5593.
5595.
5593.
5590.
5584.
5576.
5567.
5558.
5549.
5539.
5530.
5520.
5509.
5501.
5493.
5488.
5482.
5480.
5477.
5476.
5474.
5474.
5473.
5472.
5471.
5470.
5469.
5469.
5467.
5465.
5464.
5462.
5459.
5456.
5452.
5449.
5445.
5441.
5438.
5434.
5428.
5423.
5418.
5412.
5407.
5403.
5396.
5392.
5388.
5383.
5382.
5377.
5374.
5372.
5369.
5367.
5365.
5363.
5361.
5359.
5356.
5354.
5352.
5350.
5348.
5346.
5345.
5344.
5344.
5344.
5344.
5344.
5345.
5347.
5349.
5350.
5353.
5355.
5356.
5360.
5362.
5364.
5368.
5371.
5374.
5377.
5382.
5384.
5388.
5391.
5395.
5399.
5404.
5409.
5412.
5416.
5420.
5426.
5430.
5434.
5440.
5444.
5449.
5454.
5459.
5463.
5468.
5473.
5478.
5483.
5488.
5492.
5498.
5503.
5509.
5513.
5520.
5524.
5529.
5533.
5538.
5543.
5545.
5545.
5543.
5538.
5534.
5529.
5522.
5516.
5511.
5505.
5498.
5493.
5486.
5482.
5477.
5472.
5467.
5463.
5460.
5456.
5452.
5448.
5445.
5441.
5436.
5431.
5427.
5422.
5418.
5414.
5412.
5407.
5404.
5401.
5397.
5393.
5390.
5388.
5386.
5385.
5384.
5383.
5381.
5379.
5379.
5379.
5378.
5379.
5379.
5380.
5381.
5381.
5381.
5383.
5385.
5386.
5387.
5389.
5390.
5392.
5393.
5396.
5397.
5398.
5400.
5401.
5405.
5407.
5409.
5411.
5415.
5416.
5419.
5422.
5424.
5428.
5430.
5433.
5436.
5440.
5442.
5444.
5448.
5451.
5455.
5459.
5461.
5466.
5470.
5473.
5478.
5481.
5485.
5489.
5494.
5497.
5501.
5505.
5511.
5515.
5519.
5523.
5528.
5531.
5536.
5542.
5546.
5552.
5555.
5561.
5566.
5571.
5575.
5581.
5586.
5591.
5594.
5600.
5605.
5611.
5616.
5620.
5624.
5630.
5636.
5641.
5646.
5652.
5658.
5663.
5669.
5675.
5681.
5686.
5692.
5697.
5704.
5709.
5714.
5721.
5725.
5732.
5738.
5744.
5749.
5756.
5761.
5767.
5773.
5780.
5785.
5791.
5796.
5801.
5808.
5814.
5819.
5825.
5831.
5836.
5843.
5849.
5855.
5858.
5862.
5863.
5863.
5861.
5859.
5858.
5853.
5851.
5851.
5850.
5852.
5854.
5858.
5860.
5863.
5867.
5871.
5874.
5875.
5877.
5879.
5882.
5883.
5886.
5886.
5887.
5887.
5888.
5888.
5889.
5889.
5889.
5890.
5891.
5893.
5895.
5897.
5897.
5897.
5898.
5901.
5902.
5904.
5907.
5908.
5910.
5913.
5916.
5919.
5925.
5929.
5936.
5942.
5946.
5953.
5958.
5966.
5973.
5980.
5987.
5995.
6002.
6010.
6018.
6026.
6034.
6044.
6053.
6062.
6070.
6079.
6087.
6094.
6101.
6107.
6114.
6119.
6124.
6129.
6133.
6135.
6139.
6144.
6147.
6151.
6153.
6157.
6159.
6162.
6165.
6168.
6172.
6174.
6177.
6178.
6181.
6183.
6185.
6187.
6189.
6191.
6193.
6194.
6195.
6197.
6198.
6199.
6200.
6202.
6201.
6203.
6203.
6205.
6204.
6205.
6206.
6208.
6207.
6209.
6209.
6210.
6211.
6211.
6213.
6213.
6215.
6217.
6217.
6218.
6219.
6219.
6221.
6221.
6222.
6223.
6222.
6223.
6225.
6227.
6230.
6233.
6237.
6244.
6253.
6261.
6268.
6276.
6284.
6290.
6296.
6304.
6310.
6317.
6324.
6330.
6336.
6341.
6349.
6354.
6362.
6368.
6373.
6378.
6383.
6388.
6395.
6399.
6406.
6413.
6421.
6430.
6438.
6447.
6456.
6464.
6472.
6479.
6488.
6497.
6504.
6510.
6519.
6525.
6531.
6537.
6542.
6547.
6554.
6559.
6564.
6569.
6574.
6579.
6585.
6590.
6596.
6602.
6607.
6612.
6618.
6623.
6629.
6633.
6638.
6644.
6649.
6655.
6660.
6666.
6671.
6678.
6683.
6689.
6694.
6701.
6707.
6713.
6719.
6724.
6731.
6738.
6743.
6749.
6756.
6762.
6768.
6775.
6781.
6788.
6795.
6802.
6809.
6815.
6823.
6829.
6837.
6843.
6851.
6858.
6865.
6872.
6879.
6885.
6892.
6900.
6908.
6914.
6922.
6928.
6934.
6941.
6948.
6954.
6960.
6968.
6974.
6980.
6987.
6993.
6999.
7003.
7009.
7016.
7022.
7028.
7033.
7038.
7043.
7047.
7052.
7057.
7062.
7066.
7071.
7075.
7079.
7082.
7085.
7089.
7092.
7096.
7099.
7102.
7104.
7108.
7113.
7116.
7121.
7130.
7140.
7157.
7173.
7195.
7216.
7239.
7262.
7285.
7308.
7332.
7353.
7375.
7397.
7417.
7438.
7455.
7473.
7490.
7508.
7521.
7533.
7545.
7555.
7564.
7574.
7582.
7592.
7601.
7610.
7619.
7630.
7639.
7648.
7657.
7666.
7674.
7685.
7694.
7704.
7713.
7722.
7732.
7743.
7753.
7762.
7772.
7783.
7793.
7801.
7812.
7823.
7833.
7844.
7854.
7864.
7872.
7881.
7892.
7901.
7909.
7917.
7923.
7932.
7939.
7946.
7953.
7959.
7965.
7971.
7975.
7980.
7984.
7989.
7992.
7995.
7997.
8001.
8003.
8005.
8008.
8009.
8011.
8012.
8014.
8015.
8017.
8017.
8018.
8019.
8020.
8021.
8020.
8022.
8022.
8021.
8022.
8022.
8022.
8021.
8023.
8021.
8020.
8019.
8020.
8021.
8026.
8033.
8041.
8051.
8063.
8076.
8091.
8106.
8119.
8133.
8147.
8161.
8176.
8189.
8203.
8217.
8231.
8244.
8258.
8271.
8286.
8299.
8312.
8327.
8340.
8353.
8367.
8380.
8394.
8408.
8421.
8433.
8445.
8458.
8469.
8481.
8492.
8503.
8513.
8525.
8534.
8544.
8553.
8564.
8574.
8583.
8591.
8599.
8607.
8615.
8624.
8631.
8638.
8645.
8650.
8658.
8665.
8671.
8675.
8679.
8685.
8689.
8693.
8696.
8699.
8702.
8706.
8706.
8708.
8708.
8710.
8710.
8711.
8711.
8711.
8710.
8711.
8709.
8708.
8708.
8707.
8705.
8704.
8702.
8700.
8699.
8696.
8694.
8691.
8689.
8687.
8685.
8682.
8680.
8677.
8675.
8673.
8670.
8667.
8664.
8661.
8658.
8655.
8652.
8648.
8645.
8641.
8638.
8635.
8632.
8629.
8626.
8626.
8625.
8624.
8628.
8631.
8635.
8640.
8643.
8648.
8653.
8657.
8662.
8667.
8674.
8681.
8689.
8695.
8703.
8712.
8721.
8731.
8741.
8750.
8760.
8768.
8779.
8789.
8800.
8809.
8818.
8828.
8837.
8848.
8858.
8867.
8877.
8888.
8899.
8908.
8917.
8927.
8934.
8944.
8954.
8963.
8971.
8978.
8986.
8995.
9000.
9006.
9013.
9019.
9025.
9031.
9038.
9041.
9047.
9052.
9056.
9061.
9064.
9068.
9071.
9074.
9076.
9078.
9081.
9081.
9082.
9082.
9083.
9081.
9081.
9080.
9079.
9077.
9075.
9075.
9072.
9070.
9067.
9065.
9063.
9061.
9057.
9055.
9052.
9048.
9045.
9041.
9037.
9034.
9030.
9027.
9024.
9019.
9016.
9012.
9008.
9004.
9000.
8995.
8991.
8987.
8983.
8979.
8975.
8970.
8966.
8960.
8959.
8954.
8950.
8947.
8943.
8940.
8938.
8939.
8942.
8947.
8954.
8959.
8967.
8976.
8985.
8994.
9003.
9012.
9022.
9032.
9043.
9054.
9063.
9072.
9083.
9093.
9103.
9113.
9122.
9131.
9139.
9147.
9156.
9165.
9174.
9181.
9190.
9198.
9206.
9213.
9219.
9225.
9231.
9236.
9240.
9245.
9249.
9255.
9258.
9262.
9265.
9269.
9273.
9275.
9280.
9283.
9286.
9287.
9290.
9292.
9294.
9294.
9296.
9296.
9297.
9296.
9296.
9296.
9295.
9292.
9291.
9290.
9287.
9285.
9282.
9279.
9276.
9273.
9270.
9266.
9263.
9259.
9256.
9252.
9249.
9243.
9240.
9237.
9232.
9228.
9223.
9219.
9215.
9209.
9205.
9200.
9194.
9189.
9183.
9178.
9173.
9167.
9162.
9156.
9149.
9145.
9138.
9133.
9128.
9123.
9117.
9113.
9109.
9104.
9100.
9096.
9092.
9088.
9084.
9083.
9080.
9080.
9081.
9082.
9084.
9089.
9093.
9098.
9106.
9112.
9120.
9128.
9135.
9142.
9150.
9158.
9166.
9172.
9179.
9187.
9192.
9198.
9204.
9209.
9214.
9220.
9225.
9230.
9234.
9239.
9244.
9247.
9250.
9254.
9257.
9260.
9263.
9267.
9269.
9273.
9275.
9277.
9281.
9284.
9287.
9289.
9292.
9294.
9296.
9298.
9301.
9305.
9306.
9307.
9310.
9310.
9311.
9313.
9313.
9313.
9313.
9313.
9313.
9312.
9311.
9309.
9308.
9306.
9304.
9301.
9299.
9297.
9294.
9293.
9289.
9287.
9285.
9283.
9279.
9275.
9273.
9269.
9265.
9262.
9258.
9254.
9250.
9247.
9244.
9239.
9235.
9231.
9227.
9222.
9219.
9214.
9210.
9206.
9201.
9198.
9193.
9189.
9184.
9178.
9173.
9169.
9164.
9159.
9154.
9150.
9144.
9139.
9134.
9130.
9125.
9120.
9115.
9109.
9105.
9100.
9094.
9091.
9085.
9079.
9075.
9070.
9065.
9059.
9056.
9052.
9048.
9044.
9039.
9034.
9030.
9027.
9024.
9020.
9016.
9012.
9010.
9009.
9009.
9008.
9010.
9012.
9016.
9020.
9024.
9029.
9034.
9038.
9041.
9047.
9051.
9053.
9054.
9055.
9054.
9053.
9054.
9054.
9053.
9053.
9053.
9054.
9055.
9057.
9058.
9058.
9060.
9061.
9062.
9064.
9066.
9066.
9069.
9070.
9072.
9074.
9074.
9076.
9078.
9080.
9082.
9084.
9087.
9090.
9092.
9095.
9098.
9099.
9103.
9106.
9109.
9111.
9113.
9115.
9117.
9120.
9122.
9125.
9127.
9130.
9132.
9135.
9137.
9140.
9141.
9142.
9142.
9144.
9145.
9145.
9146.
9147.
9147.
9147.
9146.
9144.
9142.
9134.
9124.
9109.
9093.
9077.
9062.
9048.
9038.
9029.
9024.
9021.
9017.
9015.
9013.
9012.
9009.
9006.
9002.
8999.
8996.
8992.
8988.
8984.
8980.
8976.
8972.
8967.
8963.
8959.
8955.
8951.
8946.
8941.
8936.
8931.
8928.
8923.
8917.
8913.
8908.
8904.
8899.
8894.
8889.
8884.
8879.
8873.
8868.
8862.
8857.
8852.
8847.
8841.
8837.
8831.
8824.
8819.
8813.
8808.
8802.
8796.
8791.
8785.
8779.
8774.
8768.
8762.
8756.
8750.
8743.
8737.
8731.
8725.
8719.
8712.
8705.
8699.
8693.
8686.
8681.
8674.
8667.
8661.
8654.
8647.
8640.
8634.
8627.
8621.
8613.
8607.
8600.
8594.
8587.
8580.
8574.
8567.
8561.
8554.
8546.
8540.
8532.
8526.
8519.
8512.
8504.
8498.
8493.
8485.
8477.
8470.
8465.
8458.
8451.
8444.
8437.
8429.
8422.
8415.
8408.
8402.
8396.
8387.
8381.
8375.
8367.
8361.
8354.
8347.
8341.
8334.
8328.
8321.
8315.
8307.
8300.
8294.
8288.
8281.
8275.
8268.
8262.
8255.
8248.
8241.
8235.
8229.
8223.
8217.
8210.
8203.
8197.
8191.
8184.
8178.
8171.
8164.
8158.
8153.
8146.
8141.
8134.
8127.
8122.
8115.
8109.
8103.
8097.
8090.
8085.
8079.
8072.
8066.
8061.
8056.
8049.
8043.
8037.
8032.
8027.
8022.
8016.
8009.
8003.
7997.
7992.
7986.
7980.
7974.
7969.
7964.
7958.
7953.
7947.
7941.
7936.
7930.
7925.
7920.
7913.
7908.
7904.
7898.
7893.
7887.
7882.
7878.
7871.
7866.
7861.
7856.
7851.
7846.
7841.
7836.
7830.
7825.
7821.
7815.
7810.
7805.
7801.
7794.
7790.
7785.
7780.
7776.
7771.
7766.
7761.
7756.
7750.
7746.
7741.
7737.
7733.
7728.
7723.
7718.
7712.
7709.
7703.
7700.
7695.
7690.
7685.
7682.
7677.
7674.
7668.
7665.
7659.
7655.
7651.
7646.
7642.
7639.
7635.
7631.
7627.
7622.
7619.
7615.
7612.
7607.
7604.
7599.
7597.
7593.
7589.
7585.
7582.
7579.
7575.
7572.
7568.
7564.
7560.
7558.
7554.
7551.
7548.
7544.
7541.
7538.
7535.
7532.
7530.
7527.
7525.
7522.
7519.
7518.
7514.
7511.
7508.
7506.
7503.
7502.
7499.
7498.
7495.
7492.
7491.
7489.
7488.
7485.
7484.
7482.
7481.
7481.
7479.
7478.
7477.
7474.
7473.
7472.
7470.
7470.
7469.
7468.
7468.
7467.
7466.
7465.
7464.
7463.
7461.
7456.
7448.
7436.
7422.
7405.
7386.
7369.
7350.
7331.
7314.
7299.
7286.
7273.
7262.
7254.
7246.
7240.
7232.
7227.
7221.
7214.
7209.
7203.
7198.
7191.
7184.
7179.
7173.
7167.
7160.
7154.
7149.
7142.
7135.
7129.
7122.
7114.
7106.
7100.
7093.
7087.
7080.
7073.
7065.
7058.
7050.
7043.
7036.
7029.
7021.
7014.
7007.
7001.
6993.
6987.
6979.
6973.
6966.
6959.
6954.
6946.
6940.
6934.
6926.
6921.
6915.
6909.
6903.
6897.
6891.
6886.
6881.
6876.
6871.
6866.
6862.
6858.
6853.
6849.
6845.
6841.
6837.
6834.
6830.
6827.
6823.
6821.
6818.
6815.
6813.
6811.
6809.
6806.
6804.
6803.
6800.
6798.
6798.
6797.
6795.
6794.
6792.
6792.
6791.
6790.
6789.
6788.
6785.
6778.
6768.
6757.
6745.
6731.
6717.
6703.
6689.
6675.
6660.
6648.
6635.
6623.
6612.
6602.
6593.
6584.
6578.
6571.
6565.
6558.
6552.
6546.
6539.
6534.
6528.
6522.
6517.
6511.
6504.
6499.
6493.
6488.
6481.
6474.
6469.
6464.
6458.
6453.
6447.
6441.
6436.
6431.
6425.
6421.
6415.
6410.
6404.
6400.
6395.
6390.
6386.
6382.
6377.
6373.
6369.
6367.
6363.
6360.
6356.
6353.
6349.
6347.
6344.
6343.
6342.
6339.
6336.
6335.
6333.
6333.
6331.
6331.
6329.
6329.
6328.
6329.
6327.
6328.
6327.
6328.
6328.
6329.
6329.
6329.
6331.
6331.
6332.
6332.
6333.
6333.
6335.
6336.
6337.
6340.
6342.
6344.
6342.
6341.
6339.
6334.
6325.
6315.
6303.
6290.
6276.
6263.
6250.
6235.
6220.
6204.
6188.
6172.
6157.
6140.
6125.
6112.
6097.
6086.
6074.
6063.
6053.
6043.
6032.
6022.
6013.
6004.
5996.
5987.
5979.
5971.
5965.
5957.
5951.
5945.
5939.
5932.
5927.
5922.
5917.
5912.
5907.
5901.
5897.
5893.
5889.
5885.
5882.
5879.
5875.
5873.
5871.
5868.
5865.
5863.
5863.
5861.
5860.
5859.
5857.
5856.
5856.
5856.
5856.
5857.
5858.
5859.
5861.
5862.
5864.
5865.
5867.
5869.
5870.
5872.
5875.
5878.
5880.
5882.
5885.
5888.
5891.
5894.
5897.
5900.
5904.
5907.
5910.
5913.
5916.
5920.
5924.
5926.
5930.
5934.
5936.
5939.
5937.
5933.
5925.
5918.
5908.
5898.
5887.
5875.
5862.
5848.
5834.
5819.
5805.
5792.
5777.
5764.
5749.
5736.
5724.
5710.
5701.
5690.
5679.
5669.
5657.
5648.
5637.
5625.
5616.
5606.
5595.
5587.
5577.
5565.
5556.
5546.
5536.
5528.
5519.
5509.
5501.
5491.
5484.
5476.
5469.
5461.
5452.
5446.
5439.
5432.
5427.
5422.
5416.
5413.
5407.
5404.
5401.
5398.
5396.
5393.
5393.
5391.
5391.
5391.
5391.
5392.
5395.
5395.
5397.
5399.
5402.
5403.
5407.
5410.
5415.
5418.
5421.
5425.
5429.
5434.
5439.
5443.
5448.
5451.
5456.
5462.
5467.
5473.
5477.
5483.
5489.
5494.
5499.
5504.
5509.
5515.
5520.
5525.
5530.
5536.
5542.
5547.
5552.
5557.
5562.
5569.
5575.
5581.
5587.
5590.
5591.
5590.
5585.
5579.
5571.
5563.
5554.
5545.
5532.
5521.
5509.
5495.
5482.
5469.
5457.
5445.
5434.
5421.
5410.
5402.
5392.
5385.
5378.
5371.
5366.
5361.
5356.
5351.
5348.
5344.
5339.
5335.
5330.
5327.
5323.
5320.
5317.
5315.
5311.
5309.
5307.
5305.
5302.
5301.
5300.
5300.
5298.
5298.
5298.
5299.
5299.
5301.
5302.
5303.
5305.
5308.
5311.
5313.
5316.
5320.
5323.
5327.
5331.
5335.
5339.
5345.
5349.
5352.
5357.
5362.
5366.
5371.
5375.
5379.
5383.
5387.
5390.
5396.
5401.
5403.
5406.
5406.
5405.
5405.
5402.
5397.
5393.
5390.
5383.
5378.
5372.
5367.
5363.
5359.
5356.
5352.
5348.
5344.
5340.
5335.
5332.
5329.
5325.
5321.
5317.
5312.
5308.
5304.
5301.
5298.
5296.
5293.
5291.
5289.
5286.
5286.
5284.
5283.
5281.
5281.
5280.
5279.
5278.
5278.
5278.
5279.
5279.
5278.
5279.
5281.
5280.
5282.
5284.
5285.
5288.
5288.
5292.
5295.
5297.
5300.
5302.
5305.
5308.
5313.
5317.
5321.
5325.
5329.
5334.
5339.
5344.
5350.
5357.
5364.
5369.
5376.
5384.
5389.
5396.
5402.
5407.
5415.
5419.
5423.
5428.
5432.
5435.
5438.
5441.
5442.
5443.
5443.
5443.
5442.
5440.
5438.
5435.
5432.
5431.
5428.
5425.
5421.
5417.
5414.
5411.
5409.
5406.
5403.
5401.
5398.
5395.
5391.
5388.
5385.
5381.
5378.
5376.
5373.
5371.
5368.
5366.
5363.
5360.
5359.
5357.
5356.
5355.
5353.
5351.
5350.
5349.
5348.
5346.
5344.
5342.
5342.
5341.
5340.
5338.
5338.
5336.
5337.
5336.
5336.
5337.
5337.
5337.
5338.
5339.
5340.
5340.
5341.
5344.
5346.
5347.
5348.
5350.
5353.
5355.
5356.
5359.
5362.
5365.
5367.
5371.
5373.
5377.
5379.
5383.
5387.
5390.
5394.
5399.
5404.
5407.
5411.
5414.
5420.
5423.
5426.
5431.
5435.
5439.
5444.
5448.
5454.
5457.
5461.
5465.
5471.
5475.
5481.
5486.
5491.
5496.
5500.
5506.
5511.
5515.
5520.
5525.
5530.
5535.
5543.
5547.
5553.
5559.
5565.
5571.
5576.
5583.
5589.
5595.
5600.
5608.
5613.
5619.
5625.
5632.
5637.
5641.
5647.
5652.
5655.
5660.
5664.
5666.
5667.
5667.
5668.
5666.
5665.
5663.
5662.
5661.
5659.
5659.
5657.
5657.
5657.
5656.
5658.
5656.
5657.
5656.
5656.
5655.
5656.
5654.
5654.
5654.
5656.
5656.
5657.
5658.
5660.
5662.
5663.
5664.
5666.
5669.
5672.
5673.
5674.
5677.
5680.
5683.
5684.
5686.
5689.
5691.
5695.
5697.
5701.
5704.
5707.
5708.
5711.
5714.
5716.
5717.
5718.
5718.
5718.
5720.
5720.
5721.
5722.
5723.
5723.
5723.
5723.
5724.
5724.
5723.
5724.
5725.
5724.
5724.
5724.
5725.
5726.
5727.
5731.
5737.
5746.