6236.
6238.
6239.
6242.
6242.
6243.
6244.
6244.
6246.
6246.
6245.
6246.
6246.
6247.
6248.
6247.
6247.
6246.
6246.
6245.
6245.
6245.
6245.
6243.
6242.
6242.
6241.
6240.
6240.
6237.
6236.
6236.
6233.
6231.
6230.
6229.
6226.
6224.
6223.
6220.
6218.
6216.
6215.
6210.
6209.
6207.
6204.
6201.
6198.
6196.
6194.
6191.
6188.
6186.
6183.
6180.
6177.
6175.
6172.
6169.
6167.
6164.
6161.
6159.
6157.
6155.
6151.
6149.
6147.
6144.
6141.
6138.
6137.
6134.
6134.
6131.
6129.
6127.
6124.
6123.
6121.
6119.
6119.
6117.
6115.
6114.
6113.
6111.
6110.
6110.
6108.
6107.
6106.
6106.
6106.
6104.
6103.
6104.
6104.
6103.
6104.
6103.
6104.
6103.
6104.
6103.
6104.
6104.
6105.
6104.
6106.
6105.
6107.
6108.
6108.
6109.
6111.
6111.
6113.
6115.
6116.
6117.
6119.
6120.
6122.
6123.
6124.
6126.
6129.
6130.
6132.
6134.
6138.
6140.
6143.
6145.
6148.
6150.
6154.
6156.
6160.
6162.
6165.
6169.
6172.
6175.
6179.
6182.
6186.
6190.
6194.
6199.
6202.
6206.
6211.
6214.
6220.
6224.
6228.
6233.
6235.
6238.
6238.
6235.
6232.
6229.
6226.
6223.
6222.
6223.
6224.
6227.
6231.
6233.
6234.
6236.
6239.
6241.
6244.
6246.
6247.
6250.
6250.
6253.
6254.
6254.
6256.
6258.
6258.
6258.
6260.
6260.
6261.
6261.
6262.
6264.
6264.
6264.
6264.
6264.
6265.
6265.
6264.
6263.
6264.
6263.
6263.
6261.
6261.
6260.
6260.
6259.
6257.
6256.
6257.
6256.
6255.
6252.
6251.
6250.
6247.
6247.
6244.
6243.
6242.
6240.
6237.
6236.
6233.
6231.
6229.
6227.
6225.
6222.
6220.
6217.
6215.
6212.
6210.
6207.
6206.
6202.
6200.
6197.
6195.
6192.
6190.
6187.
6185.
6183.
6180.
6178.
6175.
6173.
6171.
6169.
6167.
6165.
6165.
6165.
6166.
6170.
6176.
6181.
6188.
6195.
6200.
6204.
6207.
6210.
6213.
6215.
6216.
6216.
6217.
6217.
6216.
6217.
6217.
6218.
6219.
6219.
6219.
6219.
6220.
6222.
6222.
6223.
6223.
6224.
6225.
6226.
6227.
6228.
6228.
6229.
6231.
6232.
6233.
6235.
6237.
6238.
6239.
6242.
6244.
6247.
6249.
6252.
6253.
6255.
6259.
6262.
6265.
6266.
6270.
6275.
6276.
6280.
6283.
6287.
6290.
6293.
6297.
6299.
6301.
6301.
6297.
6292.
6286.
6281.
6276.
6273.
6272.
6273.
6273.
6276.
6278.
6280.
6282.
6283.
6285.
6286.
6287.
6288.
6287.
6289.
6290.
6289.
6289.
6289.
6289.
6290.
6289.
6288.
6287.
6287.
6288.
6287.
6287.
6286.
6285.
6284.
6284.
6282.
6280.
6280.
6279.
6277.
6276.
6275.
6273.
6272.
6270.
6268.
6266.
6263.
6262.
6261.
6258.
6256.
6255.
6251.
6250.
6248.
6245.
6241.
6241.
6237.
6236.
6235.
6232.
6230.
6227.
6225.
6223.
6220.
6217.
6215.
6213.
6212.
6208.
6207.
6206.
6203.
6202.
6201.
6203.
6207.
6212.
6218.
6223.
6228.
6233.
6238.
6242.
6246.
6248.
6250.
6252.
6252.
6252.
6251.
6252.
6251.
6252.
6254.
6254.
6253.
6254.
6255.
6255.
6256.
6255.
6254.
6256.
6257.
6257.
6258.
6259.
6259.
6260.
6259.
6260.
6261.
6263.
6263.
6264.
6266.
6266.
6267.
6268.
6268.
6270.
6272.
6272.
6273.
6276.
6278.
6279.
6279.
6281.
6282.
6285.
6285.
6288.
6290.
6293.
6294.
6297.
6299.
6301.
6303.
6307.
6310.
6313.
6316.
6318.
6320.
6324.
6329.
6331.
6335.
6339.
6343.
6346.
6351.
6354.
6357.
6361.
6363.
6363.
6361.
6358.
6355.
6352.
6349.
6349.
6349.
6351.
6353.
6357.
6359.
6362.
6365.
6367.
6370.
6372.
6374.
6376.
6379.
6380.
6383.
6384.
6385.
6387.
6389.
6390.
6391.
6393.
6393.
6395.
6396.
6397.
6399.
6399.
6401.
6401.
6403.
6403.
6404.
6404.
6405.
6405.
6407.
6407.
6407.
6408.
6409.
6409.
6409.
6410.
6410.
6409.
6411.
6410.
6410.
6410.
6411.
6410.
6409.
6410.
6409.
6408.
6407.
6406.
6406.
6404.
6403.
6403.
6402.
6400.
6399.
6397.
6396.
6395.
6394.
6392.
6390.
6391.
6392.
6397.
6403.
6413.
6424.
6437.
6450.
6461.
6472.
6482.
6489.
6497.
6504.
6510.
6515.
6519.
6522.
6524.
6525.
6526.
6527.
6528.
6529.
6530.
6531.
6533.
6535.
6535.
6536.
6538.
6538.
6541.
6541.
6543.
6544.
6545.
6546.
6548.
6549.
6550.
6552.
6552.
6554.
6556.
6558.
6559.
6562.
6563.
6564.
6566.
6567.
6569.
6571.
6572.
6574.
6577.
6577.
6580.
6581.
6584.
6585.
6586.
6587.
6589.
6590.
6593.
6594.
6596.
6598.
6600.
6601.
6603.
6605.
6606.
6609.
6609.
6611.
6614.
6615.
6618.
6619.
6620.
6622.
6622.
6624.
6626.
6627.
6628.
6630.
6631.
6633.
6634.
6636.
6637.
6638.
6639.
6640.
6641.
6642.
6643.
6643.
6644.
6645.
6646.
6647.
6647.
6647.
6647.
6648.
6648.
6646.
6647.
6648.
6648.
6649.
6647.
6648.
6647.
6646.
6645.
6645.
6643.
6643.
6641.
6639.
6638.
6638.
6636.
6635.
6634.
6631.
6629.
6628.
6627.
6627.
6626.
6629.
6636.
6643.
6653.
6663.
6674.
6684.
6692.
6700.
6706.
6712.
6717.
6720.
6722.
6724.
6725.
6726.
6727.
6728.
6729.
6730.
6729.
6730.
6731.
6732.
6732.
6732.
6733.
6735.
6735.
6735.
6737.
6737.
6738.
6738.
6739.
6741.
6742.
6743.
6742.
6744.
6744.
6746.
6748.
6749.
6750.
6752.
6753.
6754.
6757.
6757.
6760.
6762.
6763.
6765.
6768.
6769.
6771.
6774.
6776.
6779.
6781.
6784.
6788.
6791.
6794.
6796.
6800.
6804.
6806.
6810.
6814.
6818.
6822.
6826.
6830.
6834.
6837.
6843.
6844.
6844.
6843.
6838.
6833.
6826.
6820.
6816.
6816.
6816.
6819.
6821.
6825.
6829.
6832.
6835.
6838.
6841.
6843.
6845.
6848.
6851.
6854.
6854.
6858.
6860.
6862.
6864.
6865.
6868.
6871.
6873.
6875.
6877.
6879.
6881.
6883.
6887.
6887.
6889.
6893.
6895.
6897.
6900.
6901.
6904.
6905.
6908.
6911.
6913.
6916.
6917.
6920.
6923.
6926.
6927.
6931.
6933.
6935.
6939.
6941.
6944.
6948.
6950.
6954.
6956.
6959.
6962.
6966.
6970.
6973.
6977.
6981.
6984.
6987.
6991.
6996.
6999.
7004.
7008.
7013.
7017.
7022.
7026.
7032.
7037.
7042.
7047.
7052.
7055.
7057.
7055.
7052.
7047.
7043.
7038.
7038.
7038.
7040.
7042.
7047.
7050.
7054.
7058.
7061.
7064.
7068.
7071.
7075.
7076.
7080.
7082.
7085.
7088.
7090.
7092.
7095.
7096.
7099.
7101.
7104.
7106.
7108.
7110.
7111.
7112.
7115.
7117.
7119.
7121.
7122.
7123.
7126.
7127.
7129.
7130.
7132.
7133.
7135.
7135.
7137.
7138.
7140.
7141.
7142.
7144.
7144.
7145.
7146.
7147.
7147.
7148.
7149.
7149.
7151.
7150.
7150.
7151.
7150.
7150.
7149.
7150.
7150.
7149.
7149.
7149.
7148.
7148.
7146.
7147.
7146.
7145.
7144.
7142.
7142.
7141.
7139.
7139.
7138.
7135.
7133.
7132.
7130.
7129.
7126.
7125.
7123.
7120.
7119.
7117.
7118.
7122.
7128.
7137.
7147.
7158.
7170.
7183.
7197.
7209.
7221.
7231.
7241.
7248.
7255.
7260.
7263.
7266.
7268.
7271.
7273.
7274.
7278.
7280.
7282.
7284.
7286.
7289.
7292.
7294.
7296.
7299.
7301.
7304.
7308.
7312.
7314.
7317.
7319.
7323.
7326.
7330.
7334.
7339.
7343.
7345.
7349.
7353.
7358.
7363.
7367.
7372.
7376.
7381.
7386.
7391.
7396.
7401.
7406.
7411.
7417.
7422.
7428.
7433.
7439.
7444.
7450.
7455.
7461.
7468.
7474.
7480.
7486.
7491.
7498.
7505.
7512.
7518.
7524.
7532.
7538.
7546.
7553.
7559.
7563.
7565.
7565.
7564.
7561.
7557.
7555.
7557.
7558.
7565.
7569.
7575.
7579.
7584.
7587.
7591.
7593.
7597.
7600.
7603.
7607.
7610.
7612.
7616.
7617.
7619.
7621.
7624.
7627.
7628.
7631.
7634.
7637.
7639.
7639.
7641.
7644.
7645.
7648.
7650.
7649.
7652.
7653.
7654.
7655.
7657.
7658.
7660.
7660.
7662.
7662.
7663.
7664.
7666.
7666.
7667.
7668.
7667.
7667.
7668.
7668.
7669.
7668.
7667.
7667.
7666.
7667.
7666.
7667.
7665.
7664.
7663.
7662.
7661.
7659.
7659.
7657.
7655.
7654.
7654.
7652.
7650.
7648.
7647.
7645.
7642.
7641.
7639.
7638.
7637.
7639.
7643.
7651.
7661.
7670.
7681.
7693.
7706.
7719.
7732.
7743.
7751.
7758.
7764.
7768.
7771.
7774.
7776.
7780.
7782.
7785.
7786.
7790.
7793.
7796.
7799.
7802.
7805.
7810.
7814.
7819.
7823.
7826.
7829.
7833.
7838.
7843.
7848.
7853.
7857.
7863.
7868.
7874.
7880.
7885.
7889.
7895.
7902.
7907.
7914.
7920.
7927.
7933.
7939.
7946.
7952.
7960.
7967.
7973.
7981.
7988.
7996.
8003.
8011.
8019.
8026.
8035.
8042.
8050.
8058.
8067.
8075.
8083.
8091.
8099.
8109.
8118.
8125.
8135.
8143.
8150.
8160.
8168.
8176.
8184.
8191.
8199.
8206.
8215.
8222.
8230.
8235.
8240.
8247.
8253.
8259.
8266.
8269.
8274.
8279.
8283.
8287.
8291.
8294.
8298.
8299.
8303.
8305.
8307.
8310.
8312.
8314.
8315.
8316.
8317.
8318.
8319.
8320.
8320.
8320.
8320.
8320.
8320.
8320.
8319.
8319.
8318.
8317.
8316.
8315.
8314.
8313.
8311.
8309.
8307.
8307.
8305.
8302.
8300.
8299.
8297.
8294.
8293.
8290.
8287.
8284.
8281.
8278.
8275.
8272.
8270.
8266.
8263.
8260.
8258.
8254.
8250.
8246.
8243.
8239.
8235.
8233.
8232.
8232.
8235.
8243.
8251.
8263.
8275.
8287.
8298.
8307.
8317.
8325.
8335.
8342.
8346.
8350.
8352.
8355.
8356.
8358.
8361.
8363.
8365.
8367.
8368.
8370.
8372.
8374.
8375.
8377.
8379.
8381.
8384.
8385.
8387.
8389.
8392.
8395.
8396.
8398.
8402.
8405.
8408.
8412.
8416.
8421.
8426.
8432.
8438.
8445.
8451.
8457.
8463.
8469.
8475.
8481.
8487.
8493.
8499.
8505.
8511.
8517.
8525.
8531.
8538.
8544.
8550.
8557.
8564.
8571.
8578.
8585.
8591.
8599.
8608.
8614.
8623.
8631.
8638.
8645.
8653.
8661.
8668.
8676.
8684.
8692.
8699.
8707.
8715.
8722.
8729.
8736.
8743.
8751.
8757.
8763.
8769.
8774.
8779.
8784.
8789.
8793.
8797.
8800.
8804.
8805.
8808.
8810.
8812.
8814.
8814.
8817.
8817.
8816.
8818.
8818.
8818.
8817.
8817.
8816.
8817.
8814.
8813.
8812.
8810.
8808.
8806.
8804.
8801.
8799.
8797.
8794.
8791.
8789.
8785.
8783.
8780.
8777.
8772.
8769.
8766.
8762.
8759.
8755.
8750.
8746.
8742.
8737.
8734.
8729.
8725.
8721.
8717.
8712.
8706.
8702.
8698.
8693.
8689.
8685.
8679.
8674.
8669.
8665.
8664.
8663.
8668.
8673.
8682.
8690.
8700.
8712.
8724.
8736.
8746.
8757.
8766.
8774.
8781.
8786.
8789.
8792.
8795.
8797.
8801.
8803.
8806.
8810.
8813.
8817.
8821.
8823.
8827.
8832.
8836.
8841.
8844.
8849.
8853.
8858.
8863.
8868.
8873.
8878.
8883.
8889.
8893.
8900.
8905.
8912.
8918.
8924.
8932.
8938.
8946.
8952.
8959.
8966.
8972.
8981.
8989.
8996.
9004.
9011.
9019.
9027.
9035.
9043.
9051.
9057.
9063.
9069.
9074.
9082.
9085.
9090.
9094.
9098.
9100.
9103.
9104.
9105.
9105.
9107.
9106.
9107.
9106.
9106.
9106.
9105.
9102.
9103.
9101.
9097.
9096.
9095.
9092.
9090.
9087.
9085.
9083.
9079.
9075.
9072.
9069.
9066.
9062.
9058.
9055.
9051.
9049.
9046.
9045.
9046.
9051.
9058.
9069.
9082.
9094.
9107.
9122.
9136.
9149.
9162.
9176.
9191.
9203.
9214.
9227.
9236.
9247.
9255.
9263.
9270.
9276.
9283.
9286.
9292.
9296.
9300.
9303.
9309.
9313.
9317.
9321.
9326.
9330.
9334.
9339.
9343.
9348.
9352.
9356.
9360.
9364.
9368.
9372.
9376.
9379.
9382.
9386.
9388.
9391.
9395.
9397.
9398.
9401.
9403.
9404.
9405.
9407.
9408.
9408.
9408.
9409.
9408.
9407.
9406.
9406.
9403.
9401.
9399.
9397.
9396.
9394.
9390.
9387.
9385.
9381.
9377.
9374.
9369.
9366.
9361.
9358.
9354.
9350.
9346.
9342.
9338.
9333.
9327.
9322.
9318.
9313.
9307.
9302.
9298.
9292.
9287.
9282.
9276.
9271.
9266.
9261.
9255.
9248.
9242.
9236.
9230.
9225.
9219.
9213.
9207.
9202.
9197.
9192.
9191.
9192.
9196.
9202.
9208.
9218.
9228.
9238.
9249.
9260.
9270.
9281.
9291.
9302.
9312.
9320.
9327.
9333.
9339.
9343.
9346.
9348.
9351.
9354.
9357.
9360.
9363.
9365.
9368.
9372.
9376.
9379.
9383.
9385.
9389.
9393.
9397.
9400.
9404.
9407.
9412.
9415.
9421.
9427.
9430.
9434.
9438.
9442.
9448.
9451.
9458.
9462.
9465.
9470.
9474.
9479.
9483.
9486.
9490.
9493.
9495.
9497.
9498.
9499.
9500.
9500.
9500.
9499.
9498.
9497.
9495.
9494.
9492.
9489.
9487.
9484.
9480.
9478.
9474.
9471.
9468.
9465.
9461.
9458.
9453.
9450.
9449.
9453.
9458.
9466.
9475.
9487.
9498.
9509.
9522.
9535.
9549.
9562.
9575.
9588.
9603.
9616.
9630.
9644.
9658.
9672.
9684.
9700.
9712.
9723.
9733.
9742.
9747.
9753.
9759.
9761.
9764.
9766.
9768.
9769.
9770.
9771.
9771.
9773.
9773.
9774.
9774.
9772.
9771.
9771.
9769.
9767.
9765.
9765.
9763.
9760.
9758.
9756.
9752.
9749.
9746.
9742.
9739.
9736.
9732.
9728.
9725.
9721.
9718.
9714.
9710.
9705.
9701.
9696.
9692.
9687.
9683.
9680.
9673.
9670.
9664.
9660.
9655.
9651.
9647.
9643.
9638.
9633.
9628.
9622.
9617.
9611.
9606.
9600.
9593.
9588.
9585.
9584.
9588.
9594.
9600.
9609.
9618.
9627.
9638.
9649.
9661.
9672.
9684.
9696.
9708.
9719.
9730.
9741.
9754.
9765.
9776.
9786.
9794.
9803.
9814.
9824.
9833.
9843.
9852.
9859.
9867.
9875.
9883.
9889.
9897.
9902.
9907.
9912.
9917.
9923.
9928.
9931.
9934.
9937.
9940.
9942.
9942.
9943.
9942.
9942.
9942.
9941.
9939.
9936.
9934.
9930.
9927.
9923.
9921.
9917.
9911.
9907.
9903.
9899.
9895.
9891.
9885.
9880.
9875.
9870.
9864.
9860.
9854.
9848.
9842.
9837.
9833.
9827.
9821.
9816.
9809.
9804.
9798.
9791.
9788.
9781.
9774.
9770.
9764.
9757.
9751.
9745.
9738.
9732.
9727.
9721.
9715.
9709.
9702.
9696.
9691.
9684.
9677.
9671.
9665.
9658.
9653.
9648.
9640.
9634.
9629.
9622.
9616.
9610.
9604.
9598.
9592.
9586.
9582.
9577.
9571.
9565.
9559.
9555.
9556.
9558.
9564.
9571.
9579.
9587.
9596.
9605.
9613.
9620.
9629.
9638.
9648.
9659.
9668.
9678.
9686.
9696.
9704.
9711.
9718.
9724.
9732.
9738.
9745.
9752.
9758.
9762.
9769.
9776.
9783.
9788.
9794.
9800.
9806.
9811.
9815.
9819.
9824.
9829.
9834.
9839.
9842.
9846.
9850.
9854.
9855.
9859.
9861.
9864.
9867.
9869.
9870.
9871.
9871.
9873.
9872.
9871.
9871.
9870.
9869.
9868.
9866.
9865.
9862.
9860.
9857.
9856.
9853.
9850.
9847.
9845.
9842.
9839.
9835.
9832.
9829.
9826.
9823.
9818.
9816.
9813.
9811.
9807.
9805.
9801.
9798.
9795.
9792.
9790.
9786.
9782.
9780.
9777.
9773.
9769.
9765.
9762.
9758.
9753.
9749.
9745.
9741.
9737.
9731.
9728.
9723.
9718.
9715.
9711.
9707.
9706.
9705.
9706.
9707.
9710.
9713.
9713.
9716.
9719.
9721.
9722.
9724.
9726.
9728.
9730.
9731.
9734.
9736.
9739.
9739.
9742.
9744.
9745.
9747.
9749.
9751.
9753.
9756.
9758.
9760.
9763.
9764.
9765.
9767.
9768.
9770.
9771.
9772.
9771.
9771.
9771.
9770.
9770.
9769.
9768.
9768.
9767.
9766.
9764.
9764.
9762.
9762.
9761.
9760.
9759.
9758.
9757.
9757.
9756.
9753.
9752.
9750.
9747.
9746.
9744.
9742.
9739.
9736.
9734.
9732.
9730.
9727.
9724.
9722.
9719.
9716.
9712.
9710.
9707.
9704.
9700.
9697.
9694.
9691.
9688.
9684.
9680.
9677.
9673.
9669.
9665.
9661.
9659.
9654.
9650.
9646.
9642.
9639.
9635.
9632.
9627.
9623.
9619.
9615.
9609.
9606.
9601.
9596.
9591.
9585.
9581.
9575.
9570.
9565.
9559.
9553.
9549.
9542.
9536.
9530.
9525.
9521.
9516.
9512.
9508.
9503.
9500.
9497.
9495.
9493.
9494.
9493.
9494.
9494.
9496.
9497.
9498.
9499.
9501.
9502.
9504.
9506.
9508.
9510.
9512.
9517.
9520.
9524.
9529.
9533.
9536.
9540.
9544.
9550.
9556.
9562.
9568.
9572.
9578.
9583.
9588.
9595.
9601.
9607.
9612.
9617.
9622.
9626.
9630.
9631.
9633.
9636.
9637.
9639.
9640.
9641.
9642.
9642.
9644.
9644.
9644.
9646.
9645.
9646.
9646.
9648.
9647.
9647.
9647.
9647.
9646.
9646.
9646.
9645.
9643.
9642.
9640.
9638.
9636.
9633.
9630.
9628.
9626.
9623.
9620.
9617.
9613.
9611.
9608.
9605.
9603.
9599.
9595.
9591.
9588.
9585.
9581.
9578.
9574.
9570.
9566.
9563.
9559.
9555.
9550.
9547.
9543.
9538.
9533.
9529.
9524.
9520.
9516.
9511.
9506.
9502.
9498.
9494.
9489.
9483.
9478.
9474.
9469.
9464.
9458.
9452.
9448.
9442.
9436.
9430.
9424.
9418.
9413.
9406.
9400.
9396.
9390.
9385.
9380.
9375.
9373.
9370.
9369.
9372.
9377.
9385.
9396.
9408.
9424.
9441.
9461.
9480.
9500.
9521.
9542.
9566.
9587.
9609.
9630.
9651.
9670.
9688.
9706.
9724.
9739.
9757.
9774.
9789.
9804.
9816.
9830.
9843.
9854.
9865.
9875.
9883.
9891.
9897.
9902.
9907.
9910.
9912.
9912.
9912.
9911.
9910.
9909.
9908.
9906.
9904.
9902.
9900.
9897.
9895.
9892.
9889.
9886.
9882.
9878.
9876.
9872.
9867.
9864.
9859.
9855.
9851.
9846.
9842.
9837.
9832.
9827.
9822.
9817.
9812.
9806.
9801.
9796.
9791.
9786.
9780.
9774.
9769.
9762.
9757.
9751.
9746.
9740.
9734.
9728.
9723.
9716.
9710.
9703.
9696.
9691.
9684.
9678.
9672.
9665.
9659.
9653.
9646.
9640.
9633.
9627.
9619.
9614.
9607.
9601.
9595.
9587.
9582.
9575.
9569.
9563.
9556.
9549.
9543.
9537.
9530.
9522.
9515.
9509.
9503.
9497.
9491.
9485.
9478.
9472.
9464.
9459.
9452.
9446.
9440.
9435.
9433.
9434.
9438.
9447.
9458.
9468.
9480.
9493.
9506.
9521.
9535.
9550.
9562.
9573.
9583.
9591.
9596.
9600.
9603.
9605.
9607.
9607.
9607.
9609.
9609.
9611.
9611.
9611.
9611.
9612.
9613.
9615.
9615.
9616.
9617.
9618.
9619.
9620.
9621.
9622.
9623.
9625.
9628.
9628.
9630.
9631.
9634.
9636.
9638.
9639.
9641.
9643.
9644.
9646.
9649.
9651.
9651.
9653.
9655.
9656.
9657.
9659.
9659.
9659.
9660.
9659.
9657.
9657.
9657.
9655.
9654.
9654.
9651.
9649.
9647.
9646.
9642.
9640.
9638.
9635.
9631.
9629.
9625.
9622.
9618.
9615.
9611.
9608.
9605.
9601.
9598.
9594.
9591.
9588.
9582.
9579.
9575.
9570.
9566.
9563.
9560.
9555.
9551.
9547.
9541.
9539.
9534.
9529.
9525.
9521.
9517.
9511.
9506.
9502.
9497.
9492.
9487.
9483.
9479.
9475.
9468.
9463.
9458.
9453.
9449.
9445.
9440.
9435.
9431.
9425.
9421.
9415.
9409.
9405.
9401.
9395.
9390.
9387.
9381.
9377.
9371.
9366.
9361.
9356.
9351.
9347.
9342.
9337.
9332.
9327.
9323.
9317.
9313.
9307.
9302.
9297.
9293.
9289.
9284.
9278.
9274.
9268.
9263.
9258.
9254.
9249.
9244.
9238.
9234.
9229.
9224.
9220.
9215.
9210.
9204.
9200.
9194.
9190.
9184.
9179.
9175.
9169.
9165.
9159.
9154.
9149.
9144.
9140.
9134.
9129.
9123.
9120.
9113.
9108.
9104.
9099.
9092.
9088.
9082.
9078.
9071.
9067.
9062.
9056.
9051.
9046.
9040.
9035.
9029.
9024.
9017.
9012.
9007.
9001.
8996.
8990.
8984.
8978.
8972.
8966.
8960.
8955.
8949.
8943.
8936.
8931.
8925.
8919.
8911.
8906.
8898.
8893.
8886.
8880.
8874.
8867.
8860.
8854.
8848.
8841.
8833.
8825.
8819.
8812.
8805.
8798.
8791.
8784.
8778.
8770.
8763.
8756.
8748.
8741.
8733.
8728.
8719.
8711.
8704.
8698.
8691.
8686.
8685.
8688.
8693.
8699.
8706.
8714.
8720.
8725.
8729.
8732.
8735.
8736.
8734.
8731.
8729.
8727.
8724.
8720.
8715.
8713.
8710.
8708.
8703.
8700.
8697.
8694.
8691.
8688.
8685.
8681.
8679.
8677.
8673.
8671.
8669.
8666.
8664.
8661.
8659.
8657.
8656.
8654.
8652.
8650.
8648.
8647.
8645.
8644.
8643.
8643.
8642.
8641.
8640.
8640.
8639.
8639.
8639.
8637.
8638.
8637.
8637.
8638.
8638.
8638.
8638.
8639.
8640.
8640.
8641.
8642.
8643.
8644.
8645.
8646.
8647.
8649.
8650.
8652.
8654.
8656.
8658.
8659.
8659.
8662.
8663.
8664.
8662.
8658.
8651.
8642.
8631.
8621.
8612.
8606.
8602.
8601.
8601.
8603.
8603.
8604.
8603.
8605.
8603.
8602.
8602.
8602.
8601.
8599.
8598.
8597.
8596.
8595.
8593.
8591.
8589.
8588.
8588.
8585.
8585.
8583.
8582.
8580.
8578.
8576.
8575.
8573.
8571.
8569.
8566.
8565.
8564.
8562.
8561.
8558.
8557.
8554.
8552.
8551.
8549.
8546.
8544.
8540.
8539.
8536.
8534.
8532.
8529.
8527.
8524.
8521.
8520.
8516.
8513.
8511.
8508.
8506.
8503.
8499.
8495.
8492.
8490.
8486.
8482.
8479.
8476.
8472.
8468.
8465.
8462.
8457.
8454.
8449.
8446.
8441.
8437.
8434.
8429.
8424.
8420.
8415.
8411.
8406.
8401.
8395.
8391.
8386.
8380.
8377.
8372.
8366.
8361.
8355.
8350.
8344.
8339.
8335.
8328.
8322.
8316.
8312.
8306.
8300.
8295.
8289.
8283.
8278.
8273.
8271.
8272.
8275.
8279.
8287.
8296.
8304.
8311.
8316.
8320.
8323.
8325.
8327.
8327.
8326.
8325.
8322.
8320.
8319.
8316.
8314.
8313.
8311.
8308.
8306.
8303.
8302.
8298.
8296.
8295.
8294.
8291.
8290.
8289.
8287.
8284.
8281.
8281.
8279.
8279.
8277.
8276.
8275.
8273.
8272.
8272.
8271.
8272.
8270.
8269.
8269.
8269.
8269.
8268.
8269.
8268.
8268.
8268.
8269.
8269.
8270.
8270.
8270.
8271.
8272.
8273.
8275.
8275.
8276.
8278.
8279.
8279.
8282.
8283.
8283.
8285.
8289.
8291.
8293.
8294.
8295.
8297.
8299.
8302.
8304.
8306.
8307.
8307.
8307.
8302.
8295.
8287.
8274.
8265.
8256.
8249.
8246.
8245.
8245.
8246.
8247.
8249.
8249.
8249.
8246.
8247.
8246.
8245.
8244.
8244.
8242.
8241.
8240.
8238.
8237.
8235.
8233.
8232.
8230.
8227.
8226.
8224.
8223.
8220.
8218.
8216.
8215.
8212.
8209.
8206.
8204.
8202.
8200.
8197.
8192.
8191.
8188.
8186.
8182.
8179.
8176.
8173.
8171.
8167.
8163.
8159.
8157.
8153.
8149.
8145.
8141.
8139.
8134.
8130.
8125.
8122.
8116.
8113.
8109.
8104.
8099.
8095.
8091.
8086.
8080.
8075.
8070.
8065.
8061.
8056.
8050.
8044.
8039.
8034.
8028.
8025.
8018.
8012.
8007.
8002.
7995.
7990.
7985.
7979.
7972.
7968.
7961.
7955.
7949.
7944.
7939.
7933.
7927.
7921.
7915.
7908.
7902.
7897.
7889.
7884.
7879.
7873.
7867.
7860.
7854.
7849.
7844.
7838.
7833.
7831.
7831.
7833.
7840.
7848.
7855.
7862.
7869.
7873.
7875.
7876.
7879.
7879.
7879.
7877.
7875.
7873.
7870.
7868.
7866.
7863.
7861.
7858.
7856.
7853.
7851.
7849.
7846.
7844.
7841.
7839.
7836.
7833.
7830.
7828.
7825.
7823.
7820.
7818.
7815.
7813.
7812.
7808.
7806.
7803.
7800.
7798.
7796.
7794.
7791.
7789.
7787.
7784.
7782.
7780.
7777.
7775.
7772.
7769.
7767.
7765.
7763.
7760.
7758.
7756.
7754.
7751.
7748.
7746.
7744.
7743.
7740.
7736.
7733.
7732.
7730.
7727.
7726.
7721.
7719.
7717.
7715.
7712.
7708.
7706.
7704.
7702.
7698.
7697.
7694.
7690.
7687.
7684.
7682.
7679.
7675.
7673.
7670.
7666.
7662.
7659.
7655.
7653.
7649.
7646.
7643.
7639.
7636.
7632.
7629.
7625.
7621.
7617.
7614.
7610.
7606.
7601.
7597.
7593.
7589.
7585.
7579.
7574.
7571.
7566.
7562.
7556.
7552.
7546.
7540.
7535.
7530.
7525.
7520.
7515.
7510.
7505.
7499.
7494.
7489.
7483.
7478.
7473.
7471.
7472.
7476.
7480.
7488.
7499.
7509.
7517.
7523.
7526.
7528.
7529.
7531.
7531.
7530.
7527.
7525.
7524.
7521.
7519.
7517.
7515.
7512.
7511.
7509.
7506.
7504.
7502.
7500.
7497.
7495.
7493.
7490.
7489.
7487.
7484.
7482.
7479.
7478.
7476.
7475.
7472.
7471.
7469.
7467.
7465.
7463.
7462.
7461.
7459.
7458.
7457.
7456.
7453.
7452.
7451.
7449.
7448.
7448.
7446.
7447.
7446.
7444.
7444.
7444.
7444.
7443.
7444.
7443.
7443.
7443.
7442.
7444.
7444.
7444.
7443.
7444.
7445.
7445.
7447.
7448.
7449.
7450.
7451.
7452.
7452.
7454.
7456.
7457.
7458.
7461.
7463.
7464.
7465.
7467.
7466.
7465.
7462.
7456.
7448.
7440.
7433.
7428.
7424.
7422.
7421.
7422.
7422.
7423.
7424.
7425.
7425.
7425.
7425.
7424.
7424.
7424.
7424.
7423.
7422.
7422.
7421.
7419.
7419.
7419.
7417.
7416.
7414.
7415.
7412.
7411.
7410.
7410.
7408.
7406.
7404.
7404.
7403.
7401.
7398.
7395.
7394.
7392.
7389.
7387.
7385.
7383.
7381.
7378.
7375.
7372.
7369.
7367.
7364.
7361.
7357.
7354.
7351.
7348.
7344.
7341.
7337.
7334.
7329.
7325.
7322.
7317.
7313.
7310.
7305.
7301.
7296.
7291.
7287.
7283.
7277.
7273.
7269.
7264.
7259.
7253.
7249.
7244.
7238.
7232.
7229.
7223.
7217.
7211.
7208.
7202.
7196.
7192.
7186.
7181.
7176.
7171.
7166.
7160.
7154.
7149.
7144.
7140.
7135.
7129.
7125.
7119.
7115.
7110.
7105.
7100.
7095.
7090.
7086.
7082.
7076.
7070.
7067.
7062.
7057.
7053.
7048.
7044.
7041.
7036.
7034.
7034.
7036.
7040.
7046.
7054.
7061.
7066.
7072.
7076.
7077.
7078.
7077.
7077.
7075.
7073.
7072.
7070.
7068.
7067.
7066.
7065.
7062.
7060.
7058.
7058.
7056.
7055.
7053.
7052.
7050.
7048.
7047.
7045.
7044.
7041.
7041.
7039.
7037.
7035.
7034.
7032.
7030.
7030.
7028.
7026.
7025.
7024.
7023.
7022.
7020.
7019.
7017.
7017.
7016.
7015.
7015.
7013.
7012.
7011.
7011.
7011.
7010.
7010.
7009.
7009.
7008.
7009.
7008.
7008.
7008.
7008.
7009.
7009.
7010.
7012.
7012.
7012.
7013.
7014.
7013.
7015.
7015.
7017.
7018.
7019.
7021.
7022.
7024.
7026.
7026.
7027.
7024.
7018.
7010.
7002.
6991.
6980.
6970.
6960.
6952.
6946.
6940.
6937.
6936.
6935.
6933.
6932.
6931.
6930.
6928.
6925.
6924.
6923.
6921.
6918.
6916.
6913.
6910.
6907.
6905.
6902.
6899.
6896.
6892.
6888.
6884.
6881.
6877.
6873.
6869.
6864.
6860.
6856.
6852.
6847.
6843.
6840.
6836.
6832.
6828.
6824.
6822.
6817.
6814.
6811.
6808.
6806.
6804.
6801.
6798.
6795.
6792.
6789.
6785.
6783.
6780.
6776.
6772.
6769.
6766.
6763.
6759.
6756.
6752.
6749.
6745.
6742.
6737.
6735.
6730.
6727.
6721.
6717.
6714.
6711.
6706.
6703.
6698.
6693.
6689.
6685.
6680.
6676.
6672.
6667.
6663.
6660.
6655.
6649.
6647.
6642.
6638.
6633.
6629.
6624.
6620.
6615.
6612.
6609.
6603.
6599.
6595.
6592.
6588.
6584.
6580.
6576.
6573.
6569.
6564.
6560.
6558.
6555.
6550.
6546.
6544.
6541.
6537.
6534.
6531.
6529.
6527.
6524.
6520.
6518.
6515.
6512.
6509.
6507.
6505.
6502.
6500.
6498.
6495.
6493.
6491.
6489.
6487.
6485.
6484.
6483.
6481.
6479.
6477.
6477.
6476.
6475.
6474.
6473.
6473.
6472.
6472.
6472.
6471.
6471.
6471.
6470.
6471.
6472.
6472.
6472.
6473.
6474.
6474.
6476.
6478.
6478.
6478.
6482.
6482.
6483.
6485.
6487.
6489.
6491.
6492.
6495.
6497.
6500.
6502.
6505.
6509.
6511.
6516.
6519.
6523.
6527.
6531.
6535.
6539.
6543.
6547.
6550.
6553.
6552.
6549.
6543.
6534.
6523.
6511.
6499.
6486.
6473.
6461.
6448.
6436.
6425.
6414.
6402.
6391.
6381.
6369.
6359.
6349.
6339.
6328.
6318.
6309.
6300.
6292.
6284.
6276.
6269.
6262.
6254.
6248.
6242.
6236.
6228.
6222.
6216.
6210.
6205.
6199.
6195.
6191.
6185.
6180.
6175.
6171.
6166.
6162.
6157.
6152.
6148.
6144.
6141.
6136.
6132.
6129.
6125.
6120.
6118.
6115.
6112.
6109.
6106.
6103.
6102.
6099.
6097.
6095.
6093.
6092.
6090.
6090.
6089.
6088.
6086.
6085.
6086.
6085.
6085.
6085.
6086.
6086.
6087.
6087.
6088.
6089.
6091.
6092.
6094.
6096.
6097.
6100.
6102.
6104.
6107.
6111.
6114.
6115.
6117.
6120.
6122.
6126.
6129.
6133.
6137.
6139.
6142.
6146.
6149.
6153.
6158.
6160.
6165.
6168.
6171.
6177.
6181.
6184.
6189.
6193.
6198.
6203.
6206.
6209.
6210.
6210.
6207.
6200.
6193.
6184.
6176.
6167.
6159.
6151.
6144.
6141.
6138.
6137.
6135.
6133.
6131.
6129.
6128.
6125.
6123.
6121.
6118.
6115.
6114.
6111.
6107.
6104.
6099.
6096.
6094.
6090.
6086.
6083.
6078.
6074.
6071.
6067.
6063.
6058.
6055.
6051.
6047.
6042.
6039.
6034.
6031.
6026.
6022.
6018.
6015.
6011.
6007.
6003.
6000.
5996.
5993.
5991.
5989.
5985.
5984.
5982.
5980.
5977.
5976.
5974.
5975.
5973.
5972.
5973.
5972.
5973.
5974.
5974.
5976.
5977.
5977.
5980.
5982.
5983.
5985.
5987.
5989.
5990.
5989.
5986.
5980.
5972.
5964.
5954.
5945.
5936.
5925.
5915.
5907.
5898.
5891.
5886.
5880.
5878.
5876.
5875.
5874.
5872.
5869.
5867.
5865.
5864.
5861.
5859.
5857.
5855.
5852.
5850.
5848.
5847.
5844.
5842.
5840.
5838.
5838.
5836.
5836.
5835.
5834.
5833.
5833.
5833.
5832.
5833.
5833.
5833.
5834.
5835.
5835.
5836.
5838.
5839.
5840.
5842.
5842.
5845.
5847.
5848.
5850.
5853.
5855.
5857.
5859.
5861.
5866.
5868.
5871.
5874.
5876.
5879.
5883.
5886.
5889.
5892.
5891.
5888.
5883.
5876.
5870.
5861.
5853.
5844.
5834.
5824.
5815.
5805.
5800.
5794.
5790.
5788.
5785.
5782.
5778.
5774.
5771.
5768.
5766.
5762.
5758.
5755.
5751.
5748.
5743.
5739.
5736.
5731.
5727.
5724.
5719.
5716.
5712.
5709.
5707.
5702.
5699.
5696.
5693.
5690.
5688.
5684.
5683.
5681.
5679.
5678.
5678.
5676.
5676.
5676.
5675.
5676.
5677.
5678.
5679.
5680.
5682.
5683.
5687.
5690.
5691.
5694.
5698.
5701.
5704.
5708.
5713.
5719.
5723.
5727.
5735.
5740.
5746.
5753.
5760.
5768.
5776.
5781.
5788.
5795.
5800.
5806.
5810.
5815.
5817.
5817.
5815.
5809.
5803.
5796.
5787.
5776.
5767.
5755.
5744.
5733.
5723.
5714.
5704.
5695.
5686.
5678.
5671.
5664.
5657.
5651.
5646.
5641.
5635.
5630.
5628.
5622.
5619.
5615.
5610.
5606.
5602.
5598.
5595.
5592.
5589.
5588.
5585.
5583.
5581.
5579.
5577.
5575.
5573.
5571.
5571.
5569.
5568.
5568.
5567.
5567.
5567.
5567.
5567.
5569.
5568.
5570.
5572.
5571.
5573.
5575.
5576.
5578.
5581.
5583.
5587.
5588.
5591.
5595.
5597.
5601.
5604.
5608.
5612.
5616.
5619.
5623.
5627.
5632.
5636.
5641.
5647.
5650.
5655.
5660.
5664.
5669.
5673.
5678.
5683.
5689.
5693.
5698.
5704.
5710.
5716.
5722.
5729.
5735.
5742.
5746.
5750.
5754.
5755.
5755.
5756.
5754.
5755.
5755.
5757.
5759.
5760.
5763.
5765.
5767.
5769.
5771.
5773.
5773.
5772.
5772.
5771.
5768.
5766.
5763.
5758.
5755.
5751.
5748.
5742.
5739.
5734.
5730.
5726.
5721.
5717.
5712.
5708.
5706.
5703.
5700.
5695.
5692.
5689.
5688.
5684.
5682.
5682.
5681.
5679.
5678.
5677.
5675.
5675.
5673.
5673.
5672.
5672.
5672.
5671.
5671.
5670.
5670.
5670.
5670.
5671.
5670.
5670.
5671.
5671.
5671.
5672.
5673.
5674.
5675.
5675.
5677.
5679.
5680.
5681.
5683.
5684.
5685.
5688.
5688.
5690.
5692.
5694.
5697.
5698.
5700.
5702.
5705.
5708.
5711.
5712.
5715.
5718.
5721.
5724.
5726.
5730.
5733.
5738.
5741.
5744.
5749.
5754.
5759.
5765.
5771.
5777.
5782.
5790.
5796.
5803.
5808.
5813.
5819.
5821.
5822.
5823.
5823.
5822.
5819.
5819.
5819.
5818.
5818.
5816.
5815.
5813.
5811.
5809.
5805.
5802.
5799.
5796.
5792.
5789.
5785.
5783.
5780.
5778.
5775.
5772.
5770.
5767.
5766.
5764.
5760.
5757.
5755.
5754.
5750.
5749.
5746.
5745.
5743.
5743.
5744.
5745.
5745.
5746.
5746.
5746.
5746.
5746.
5747.
5746.
5748.
5748.
5749.
5751.
5751.
5753.
5752.
5755.
5756.
5757.
5758.
5759.
5761.
5762.
5764.
5766.
5767.
5768.
5770.
5772.
5772.
5776.
5777.
5779.
5779.
5781.
5783.
5784.
5786.
5787.
5789.
5791.
5792.
5795.
5796.
5798.
5800.
5802.
5804.
5806.
5808.
5810.
5812.
5817.
5820.
5823.
5827.
5831.
5835.
5839.
5844.
5849.
5855.
5861.
5866.
5870.
5877.
5880.
5882.
5886.
5888.
5890.
5892.
5895.
5895.
5896.
5897.
5899.
5899.
5900.
5899.
5899.
5898.
5897.
5896.
5896.
5896.
5895.
5895.
5894.
5894.
5895.
5895.
5894.
5894.
5893.
5893.
5894.
5895.
5897.
5897.
5900.
5901.
5904.
5906.
5909.
5911.
5913.
5915.
5916.
5918.
5919.
5920.
5923.
5925.
5926.
5929.
5932.
5934.
5937.
5939.
5941.
5944.
5946.
5948.
5950.
5952.
5954.
5957.
5957.
5961.
5962.
5964.
5967.
5969.
5969.
5971.
5972.
5974.
5976.
5977.
5979.
5980.
5983.
5985.
5985.
5988.
5990.
5991.
5993.
5994.
5996.
5998.
5998.
6001.
6003.
6004.
6006.
6007.
6008.
6010.
6011.
6014.
6015.
6016.
6016.
6018.
6020.
6021.
6023.
6024.
6025.
6027.
6028.
6030.
6030.
6031.
6031.
6033.
6034.
6036.
6037.
6037.
6038.
6040.
6041.
6041.
6042.
6043.
6044.
6045.
6046.
6047.
6047.
6048.
6050.
6049.
6051.
6051.
6051.
6051.
6052.
6053.
6055.
6057.
6060.
6068.
6078.
6093.
6106.
6124.
6141.
6157.
6171.
6183.
6193.
6203.
6214.
6223.
6231.
6236.
6242.
6247.
6251.
6253.
6256.
6260.
6261.
6263.
6266.
6270.
6272.
6274.
6277.
6280.
6281.
6285.
6288.
6291.
6295.
6298.
6301.
6303.
6306.
6310.
6313.
6316.
6320.
6322.
6326.
6330.
6334.
6336.
6341.
6344.
6349.
6354.
6357.
6362.
6366.
6370.
6375.
6380.
6383.
6389.
6393.
6398.
6402.
6408.
6412.
6417.
6422.
6427.
6431.
6434.
6436.
6435.
6435.
6431.
6427.
6423.
6423.
6424.
6426.
6430.
6434.
6438.
6441.
6442.
6445.
6449.
6451.
6454.
6456.
6459.
6460.
6462.
6463.
6466.
6467.
6468.
6471.
6472.
6473.
6474.
6475.
6476.
6476.
6477.
6479.
6479.
6479.
6480.
6480.
6481.
6481.
6480.
6481.
6480.
6480.
6480.
6480.
6478.
6479.
6477.
6476.
6474.
6474.
6473.
6473.
6471.
6468.
6467.
6466.
6464.
6462.
6461.
6460.
6457.
6456.
6453.
6451.
6448.
6445.
6444.
6442.
6440.
6438.
6436.
6435.
6432.
6431.
6428.
6428.
6426.
6426.
6425.
6423.
6423.
6421.
6421.
6423.
6428.
6435.
6444.
6456.
6469.
6483.
6497.
6510.
6522.
6532.
6541.
6551.
6560.
6567.
6575.
6579.
6584.
6589.
6592.
6597.
6602.
6608.
6613.
6618.
6623.
6628.
6634.
6640.
6645.
6651.
6656.
6661.
6664.
6669.
6673.
6675.
6678.
6683.
6686.
6689.
6692.
6696.
6698.
6702.
6706.
6709.
6712.
6716.
6719.
6724.
6728.
6730.
6737.
6739.
6744.
6748.
6752.
6756.
6760.
6764.
6769.
6773.
6778.
6781.
6786.
6791.
6794.
6800.
6804.
6810.
6815.
6820.
6823.
6829.
6834.
6839.
6845.
6849.
6854.
6859.
6865.
6870.
6875.
6881.
6885.
6888.
6888.
6886.
6883.
6877.
6872.
6868.
6866.
6867.
6870.
6873.
6876.
6881.
6884.
6886.
6890.
6893.
6895.
6898.
6900.
6902.
6906.
6907.
6908.
6910.
6913.
6914.
6916.
6919.
6920.
6922.
6923.
6923.
6926.
6928.
6929.
6931.
6931.
6932.
6933.
6934.
6935.
6936.
6935.
6935.
6935.
6936.
6936.
6937.
6938.
6938.
6937.
6937.
6936.
6936.
6936.
6936.
6935.
6935.
6933.
6932.
6931.
6930.
6928.
6927.
6927.
6927.
6925.
6924.
6923.
6922.
6921.
6921.
6920.
6919.
6918.
6917.
6917.
6915.
6915.
6914.
6913.
6913.
6912.
6912.
6911.
6910.
6908.
6907.
6905.
6902.
6900.
6899.
6900.
6902.
6905.
6911.
6919.
6927.
6936.
6944.
6952.
6961.
6970.
6977.
6983.
6990.
6995.
6998.
7002.
7006.
7008.
7011.
7014.
7017.
7023.
7026.
7029.
7033.
7036.
7041.
7043.
7047.
7050.
7054.
7057.
7060.
7062.
7065.
7068.
7071.
7073.
7077.
7080.
7082.
7084.
7087.
7089.
7094.
7096.
7101.
7105.
7108.
7113.
7116.
7119.
7122.
7126.
7130.
7134.
7137.
7143.
7146.
7150.
7154.
7157.
7163.
7166.
7171.
7175.
7179.
7185.
7188.
7194.
7198.
7202.
7207.
7212.
7218.
7221.
7227.
7231.
7236.
7241.
7245.
7252.
7258.
7262.
7267.
7273.
7279.
7285.
7290.
7296.
7302.
7307.
7312.
7319.
7325.
7332.
7336.
7341.
7346.
7348.
7351.
7350.
7347.
7345.
7342.
7340.
7341.
7343.
7346.
7350.
7354.
7359.
7363.
7367.
7369.
7372.
7376.
7378.
7381.
7385.
7389.
7390.
7392.
7394.
7397.
7399.
7402.
7405.
7407.
7408.
7411.
7412.
7416.
7417.
7419.
7422.
7423.
7425.
7428.
7429.
7431.
7432.
7434.
7436.
7437.
7439.
7440.
7441.
7443.
7444.
7446.
7448.
7449.
7450.
7451.
7451.
7453.
7453.
7455.
7455.
7456.
7456.
7457.
7458.
7458.
7459.
7459.
7459.
7459.
7460.
7460.
7459.
7459.
7459.
7459.
7460.
7460.
7461.
7461.
7463.
7464.
7465.
7467.
7469.
7471.
7471.
7471.
7471.
7471.
7472.
7471.
7472.
7471.
7471.
7471.
7470.
7470.
7469.
7469.
7471.
7473.
7477.
7479.
7484.
7490.
7496.
7501.
7506.
7511.
7517.
7524.
7530.
7537.
7543.
7549.
7554.
7558.
7562.
7566.
7569.
7574.
7576.
7581.
7585.
7588.
7591.
7594.
7598.
7601.
7604.
7607.
7611.
7613.
7617.
7621.
7624.
7628.
7631.
7634.
7639.
7641.
7644.
7648.
7653.
7656.
7660.
7664.
7668.
7672.
7675.
7680.
7684.
7689.
7693.
7697.
7701.
7705.
7710.
7714.
7719.
7725.
7729.
7734.
7737.
7743.
7748.
7753.
7758.
7763.
7767.
7772.
7777.
7783.
7789.
7793.
7797.
7804.
7809.
7816.
7820.
7825.
7831.
7837.
7842.
7849.
7854.
7860.
7867.
7872.
7878.
7883.
7889.
7895.
7899.
7904.
7909.
7915.
7920.
7925.
7930.
7934.
7937.
7939.
7939.
7938.
7933.
7929.
7925.
7923.
7920.
7920.
7920.
7920.
7924.
7925.
7927.
7929.
7931.
7934.
7933.
7935.
7936.
7937.
7938.
7939.
7939.
7941.
7942.
7943.
7944.
7944.
7945.
7944.
7945.
7946.
7946.
7947.
7948.
7948.
7947.
7948.
7947.
7947.
7948.
7949.
7948.
7949.
7948.
7947.
7946.
7947.
7947.
7946.
7946.
7946.
7946.
7945.
7944.
7943.
7943.
7943.
7941.
7942.
7939.
7939.
7939.
7938.
7937.
7936.
7935.
7935.
7933.
7933.
7933.
7932.
7931.
7930.
7930.
7928.
7926.
7925.
7925.
7924.
7923.
7923.
7922.
7922.
7922.
7923.
7925.
7928.
7931.
7934.
7937.
7942.
7946.
7950.
7955.
7960.
7965.
7971.
7976.
7980.
7984.
7988.
7988.
7991.
7994.
7996.
7998.
8000.
8003.
8007.
8010.
8014.
8017.
8021.
8025.
8027.
8030.
8033.
8035.
8038.
8043.
8046.
8049.
8053.
8056.
8060.
8063.
8067.
8071.
8075.
8079.
8083.
8086.
8090.
8093.
8097.
8102.
8107.
8110.
8114.
8117.
8122.
8124.
8129.
8134.
8139.
8144.
8147.
8152.
8157.
8161.
8168.
8172.
8176.
8181.
8185.
8190.
8195.
8199.
8205.
8209.
8214.
8221.
8226.
8231.
8236.
8242.
8246.
8252.
8258.
8263.
8267.
8273.
8278.
8284.
8288.
8294.
8298.
8304.
8309.
8314.
8318.
8322.
8327.
8331.
8335.
8338.
8342.
8347.
8349.
8352.
8356.
8358.
8362.
8365.
8367.
8368.
8371.
8372.
8373.
8374.
8376.
8376.
8377.
8378.
8379.
8381.
8382.
8381.
8381.
8380.
8382.
8382.
8382.
8381.
8381.
8380.
8379.
8379.
8379.
8378.
8379.
8381.
8387.
8395.
8403.
8413.
8425.
8437.
8447.
8459.
8470.
8479.
8487.
8494.
8498.
8503.
8507.
8509.
8511.
8513.
8516.
8518.
8521.
8522.
8525.
8528.
8530.
8532.
8535.
8538.
8541.
8542.
8546.
8547.
8551.
8553.
8555.
8558.
8560.
8563.
8566.
8569.
8572.
8576.
8579.
8581.
8585.
8587.
8590.
8593.
8597.
8600.
8602.
8605.
8610.
8613.
8616.
8618.
8622.
8625.
8629.
8631.
8634.
8638.
8641.
8644.
8648.
8651.
8653.
8655.
8658.
8662.
8665.
8669.
8671.
8674.
8676.
8679.
8681.
8683.
8684.
8686.
8689.
8690.
8691.
8693.
8694.
8696.
8697.
8697.
8698.
8698.
8699.
8699.
8700.
8701.
8701.
8702.
8702.
8702.
8701.
8700.
8700.
8698.
8699.
8699.
8698.
8696.
8695.
8694.
8694.
8693.
8691.
8690.
8689.
8686.
8685.
8684.
8681.
8680.
8679.
8681.
8686.
8691.
8702.
8712.
8724.
8739.
8751.
8763.
8778.
8790.
8804.
8818.
8832.
8847.
8861.
8875.
8888.
8901.
8914.
8927.
8938.
8950.
8959.
8968.
8976.
8984.
8992.
8998.
9003.
9010.
9016.
9021.
9026.
9031.
9036.
9041.
9047.
9051.
9056.
9060.
9064.
9070.
9074.
9079.
9084.
9088.
9091.
9096.
9099.
9101.
9104.
9107.
9110.
9112.
9113.
9116.
9118.
9118.
9119.
9120.
9120.
9120.
9119.
9120.
9119.
9117.
9117.
9115.
9114.
9113.
9112.
9109.
9107.
9104.
9101.
9097.
9095.
9092.
9089.
9086.
9083.
9079.
9077.
9073.
9068.
9065.
9061.
9057.
9053.
9049.
9045.
9041.
9037.
9033.
9029.
9024.
9021.
9015.
9012.
9008.
9003.
8998.
8994.
8989.
8985.
8980.
8975.
8970.
8966.
8961.
8955.
8950.
8946.
8940.
8937.
8934.
8933.
8934.
8937.
8943.
8951.
8959.
8970.
8979.
8987.
8996.
9007.
9015.
9025.
9033.
9042.
9051.
9060.
9068.
9078.
9087.
9097.
9107.
9116.
9127.
9137.
9147.
9158.
9168.
9175.
9184.
9192.
9201.
9207.
9214.
9222.
9229.
9234.
9241.
9246.
9251.
9256.
9260.
9265.
9269.
9274.
9278.
9282.
9286.
9290.
9293.
9298.
9302.
9305.
9309.
9311.
9315.
9318.
9322.
9324.
9326.
9327.
9328.
9329.
9329.
9328.
9328.
9329.
9328.
9327.
9326.
9324.
9322.
9320.
9319.
9318.
9314.