9199.
9193.
9188.
9182.
9177.
9170.
9164.
9160.
9153.
9148.
9141.
9135.
9130.
9123.
9118.
9112.
9106.
9100.
9094.
9089.
9084.
9080.
9078.
9080.
9085.
9096.
9104.
9114.
9123.
9135.
9148.
9160.
9174.
9189.
9203.
9216.
9230.
9243.
9255.
9266.
9277.
9285.
9292.
9295.
9298.
9301.
9304.
9306.
9307.
9309.
9310.
9313.
9315.
9317.
9318.
9320.
9322.
9325.
9327.
9329.
9331.
9333.
9336.
9337.
9340.
9342.
9344.
9345.
9347.
9350.
9351.
9353.
9355.
9356.
9358.
9358.
9359.
9358.
9358.
9357.
9356.
9355.
9354.
9351.
9348.
9347.
9344.
9341.
9339.
9336.
9332.
9328.
9326.
9322.
9319.
9316.
9311.
9306.
9303.
9300.
9294.
9290.
9286.
9281.
9277.
9273.
9269.
9264.
9259.
9254.
9249.
9244.
9239.
9234.
9231.
9225.
9219.
9213.
9207.
9203.
9199.
9193.
9187.
9183.
9177.
9172.
9167.
9161.
9155.
9148.
9143.
9137.
9133.
9127.
9120.
9114.
9109.
9103.
9097.
9091.
9085.
9079.
9073.
9068.
9061.
9055.
9051.
9046.
9046.
9048.
9053.
9061.
9071.
9081.
9092.
9103.
9117.
9128.
9140.
9152.
9164.
9176.
9188.
9199.
9212.
9219.
9225.
9230.
9233.
9235.
9236.
9238.
9240.
9242.
9245.
9246.
9248.
9250.
9251.
9254.
9257.
9259.
9261.
9263.
9265.
9267.
9269.
9272.
9274.
9277.
9280.
9282.
9285.
9287.
9289.
9291.
9293.
9296.
9299.
9300.
9302.
9303.
9305.
9306.
9305.
9307.
9307.
9306.
9305.
9305.
9302.
9301.
9299.
9298.
9295.
9293.
9290.
9288.
9285.
9282.
9279.
9275.
9271.
9267.
9264.
9260.
9256.
9251.
9247.
9243.
9240.
9235.
9231.
9227.
9221.
9217.
9212.
9208.
9204.
9199.
9195.
9189.
9183.
9178.
9173.
9169.
9163.
9158.
9153.
9148.
9142.
9138.
9131.
9126.
9121.
9113.
9109.
9103.
9098.
9091.
9086.
9080.
9075.
9068.
9062.
9055.
9050.
9045.
9039.
9034.
9028.
9022.
9015.
9010.
9004.
8997.
8990.
8984.
8978.
8971.
8966.
8960.
8954.
8947.
8941.
8935.
8929.
8922.
8915.
8909.
8904.
8897.
8891.
8884.
8877.
8873.
8865.
8859.
8853.
8847.
8840.
8835.
8828.
8822.
8816.
8809.
8802.
8797.
8790.
8784.
8778.
8771.
8765.
8759.
8754.
8747.
8741.
8736.
8728.
8723.
8718.
8712.
8706.
8700.
8694.
8689.
8685.
8678.
8672.
8666.
8662.
8656.
8651.
8646.
8639.
8634.
8630.
8624.
8619.
8613.
8609.
8603.
8597.
8593.
8589.
8584.
8578.
8574.
8569.
8565.
8560.
8555.
8550.
8546.
8542.
8537.
8531.
8529.
8524.
8520.
8515.
8510.
8506.
8503.
8499.
8495.
8491.
8487.
8485.
8480.
8477.
8472.
8469.
8467.
8464.
8460.
8458.
8452.
8450.
8448.
8446.
8443.
8440.
8438.
8436.
8434.
8432.
8430.
8429.
8427.
8425.
8424.
8422.
8422.
8420.
8419.
8418.
8417.
8417.
8417.
8418.
8417.
8418.
8416.
8416.
8417.
8418.
8418.
8419.
8419.
8418.
8414.
8406.
8394.
8379.
8360.
8341.
8320.
8301.
8284.
8266.
8249.
8234.
8216.
8201.
8187.
8175.
8166.
8159.
8151.
8144.
8138.
8131.
8124.
8118.
8111.
8104.
8096.
8090.
8084.
8076.
8068.
8062.
8055.
8048.
8042.
8033.
8027.
8019.
8011.
8004.
7996.
7988.
7980.
7974.
7965.
7958.
7950.
7942.
7934.
7926.
7920.
7913.
7905.
7898.
7890.
7882.
7876.
7869.
7861.
7854.
7847.
7841.
7834.
7827.
7820.
7812.
7806.
7801.
7794.
7789.
7782.
7775.
7770.
7764.
7758.
7752.
7746.
7740.
7735.
7731.
7724.
7721.
7714.
7710.
7704.
7697.
7684.
7667.
7648.
7626.
7601.
7575.
7547.
7519.
7489.
7459.
7428.
7397.
7365.
7335.
7305.
7276.
7250.
7226.
7205.
7188.
7172.
7159.
7147.
7135.
7121.
7110.
7097.
7086.
7073.
7062.
7050.
7038.
7028.
7015.
7004.
6992.
6981.
6970.
6958.
6948.
6936.
6926.
6913.
6902.
6891.
6881.
6870.
6860.
6850.
6841.
6832.
6823.
6814.
6805.
6796.
6790.
6781.
6774.
6768.
6760.
6755.
6749.
6743.
6740.
6735.
6730.
6726.
6722.
6719.
6716.
6712.
6709.
6707.
6705.
6703.
6700.
6696.
6688.
6675.
6660.
6639.
6616.
6591.
6564.
6536.
6507.
6476.
6446.
6415.
6385.
6356.
6326.
6295.
6266.
6237.
6208.
6180.
6153.
6127.
6102.
6080.
6058.
6038.
6020.
6003.
5988.
5974.
5961.
5949.
5938.
5927.
5917.
5907.
5895.
5887.
5878.
5868.
5859.
5852.
5845.
5837.
5830.
5823.
5817.
5810.
5805.
5800.
5796.
5792.
5787.
5784.
5781.
5778.
5776.
5775.
5774.
5773.
5774.
5774.
5774.
5774.
5775.
5775.
5777.
5779.
5781.
5783.
5785.
5788.
5790.
5793.
5796.
5798.
5800.
5801.
5802.
5803.
5803.
5799.
5792.
5783.
5772.
5761.
5747.
5732.
5717.
5701.
5684.
5665.
5646.
5626.
5607.
5588.
5568.
5548.
5528.
5508.
5490.
5472.
5453.
5436.
5418.
5402.
5385.
5371.
5355.
5340.
5327.
5313.
5299.
5288.
5276.
5264.
5253.
5245.
5236.
5226.
5217.
5209.
5200.
5193.
5187.
5180.
5175.
5172.
5169.
5167.
5165.
5164.
5163.
5165.
5168.
5169.
5171.
5174.
5176.
5179.
5183.
5186.
5190.
5196.
5198.
5204.
5210.
5215.
5219.
5226.
5232.
5237.
5243.
5250.
5257.
5263.
5270.
5277.
5283.
5290.
5297.
5302.
5309.
5315.
5322.
5328.
5336.
5342.
5350.
5356.
5363.
5370.
5376.
5383.
5390.
5396.
5403.
5408.
5415.
5422.
5427.
5434.
5439.
5446.
5450.
5454.
5455.
5453.
5447.
5437.
5426.
5414.
5399.
5384.
5368.
5351.
5333.
5314.
5295.
5277.
5261.
5245.
5229.
5214.
5199.
5186.
5175.
5165.
5156.
5150.
5144.
5140.
5136.
5131.
5128.
5124.
5121.
5118.
5117.
5114.
5112.
5108.
5107.
5104.
5103.
5101.
5100.
5099.
5099.
5100.
5102.
5100.
5102.
5103.
5105.
5106.
5108.
5112.
5115.
5118.
5120.
5124.
5128.
5132.
5135.
5140.
5141.
5142.
5139.
5133.
5127.
5118.
5106.
5096.
5082.
5069.
5055.
5041.
5028.
5013.
4999.
4988.
4977.
4964.
4952.
4940.
4930.
4917.
4908.
4898.
4889.
4881.
4873.
4864.
4857.
4849.
4841.
4835.
4829.
4825.
4819.
4813.
4808.
4803.
4799.
4794.
4791.
4786.
4782.
4779.
4776.
4773.
4771.
4769.
4768.
4766.
4766.
4764.
4763.
4763.
4764.
4765.
4764.
4764.
4763.
4765.
4765.
4765.
4767.
4769.
4769.
4769.
4770.
4772.
4773.
4775.
4777.
4778.
4781.
4784.
4787.
4792.
4796.
4802.
4808.
4814.
4821.
4829.
4835.
4843.
4850.
4857.
4865.
4872.
4880.
4887.
4894.
4902.
4911.
4918.
4926.
4934.
4941.
4949.
4958.
4965.
4974.
4981.
4988.
4997.
5004.
5012.
5020.
5026.
5033.
5042.
5050.
5059.
5065.
5072.
5082.
5088.
5095.
5103.
5111.
5119.
5126.
5133.
5139.
5146.
5153.
5161.
5168.
5176.
5183.
5189.
5196.
5203.
5211.
5218.
5224.
5232.
5239.
5245.
5251.
5257.
5264.
5270.
5276.
5281.
5287.
5289.
5289.
5286.
5284.
5280.
5276.
5270.
5267.
5263.
5259.
5256.
5255.
5253.
5253.
5252.
5251.
5250.
5246.
5245.
5242.
5239.
5236.
5233.
5230.
5226.
5223.
5219.
5215.
5211.
5208.
5204.
5200.
5196.
5192.
5188.
5182.
5179.
5175.
5169.
5164.
5161.
5158.
5153.
5150.
5147.
5143.
5140.
5137.
5133.
5131.
5128.
5126.
5124.
5123.
5122.
5121.
5122.
5123.
5125.
5131.
5138.
5151.
5166.
5184.
5203.
5223.
5243.
5263.
5281.
5296.
5309.
5323.
5337.
5353.
5370.
5386.
5401.
5415.
5429.
5443.
5458.
5474.
5491.
5507.
5524.
5541.
5559.
5577.
5593.
5609.
5624.
5637.
5650.
5662.
5672.
5681.
5689.
5697.
5706.
5712.
5720.
5727.
5733.
5740.
5749.
5755.
5762.
5769.
5775.
5783.
5790.
5797.
5804.
5812.
5819.
5827.
5834.
5842.
5849.
5857.
5863.
5871.
5879.
5885.
5894.
5902.
5910.
5917.
5926.
5933.
5941.
5951.
5959.
5967.
5974.
5984.
5993.
6000.
6008.
6017.
6025.
6034.
6042.
6051.
6057.
6066.
6074.
6083.
6091.
6099.
6108.
6116.
6125.
6133.
6139.
6148.
6156.
6163.
6172.
6179.
6186.
6194.
6203.
6209.
6215.
6224.
6230.
6238.
6246.
6254.
6261.
6267.
6275.
6281.
6288.
6293.
6300.
6306.
6311.
6316.
6322.
6326.
6331.
6336.
6341.
6345.
6350.
6355.
6361.
6367.
6376.
6384.
6392.
6402.
6412.
6421.
6431.
6443.
6454.
6464.
6474.
6483.
6493.
6503.
6514.
6523.
6534.
6547.
6561.
6575.
6589.
6602.
6614.
6627.
6643.
6659.
6672.
6686.
6699.
6713.
6726.
6741.
6756.
6772.
6788.
6804.
6822.
6841.
6860.
6881.
6901.
6919.
6939.
6958.
6975.
6993.
7009.
7025.
7039.
7053.
7066.
7080.
7091.
7103.
7114.
7125.
7137.
7148.
7159.
7170.
7181.
7192.
7203.
7213.
7224.
7234.
7245.
7255.
7265.
7274.
7285.
7294.
7303.
7312.
7321.
7331.
7338.
7349.
7357.
7364.
7372.
7381.
7388.
7396.
7403.
7412.
7421.
7431.
7444.
7459.
7475.
7493.
7511.
7532.
7553.
7576.
7599.
7624.
7649.
7675.
7699.
7721.
7743.
7765.
7787.
7809.
7830.
7849.
7866.
7881.
7894.
7906.
7917.
7927.
7936.
7944.
7952.
7960.
7968.
7974.
7981.
7987.
7994.
7999.
8004.
8009.
8013.
8018.
8023.
8030.
8036.
8044.
8052.
8062.
8074.
8085.
8098.
8111.
8124.
8136.
8150.
8164.
8179.
8197.
8213.
8230.
8247.
8265.
8281.
8297.
8313.
8330.
8348.
8365.
8381.
8397.
8413.
8427.
8443.
8458.
8473.
8486.
8500.
8511.
8521.
8530.
8539.
8546.
8552.
8558.
8564.
8568.
8573.
8577.
8582.
8585.
8587.
8591.
8592.
8594.
8596.
8596.
8597.
8597.
8597.
8597.
8598.
8598.
8596.
8595.
8594.
8593.
8591.
8590.
8587.
8586.
8585.
8583.
8582.
8582.
8582.
8585.
8592.
8600.
8610.
8622.
8635.
8646.
8659.
8673.
8687.
8700.
8713.
8727.
8740.
8754.
8769.
8784.
8798.
8814.
8827.
8842.
8856.
8873.
8889.
8906.
8922.
8938.
8954.
8971.
8986.
9001.
9018.
9033.
9048.
9065.
9082.
9097.
9113.
9127.
9142.
9155.
9169.
9180.
9191.
9201.
9210.
9218.
9224.
9229.
9233.
9237.
9241.
9243.
9246.
9247.
9248.
9249.
9249.
9250.
9250.
9248.
9248.
9247.
9245.
9244.
9241.
9239.
9236.
9234.
9231.
9229.
9226.
9224.
9219.
9215.
9212.
9210.
9207.
9204.
9202.
9199.
9198.
9198.
9201.
9203.
9209.
9217.
9224.
9231.
9240.
9247.
9254.
9262.
9270.
9278.
9286.
9294.
9303.
9311.
9320.
9330.
9338.
9348.
9357.
9367.
9375.
9385.
9394.
9405.
9415.
9425.
9435.
9444.
9452.
9463.
9472.
9480.
9488.
9497.
9504.
9512.
9519.
9525.
9530.
9536.
9541.
9547.
9552.
9555.
9561.
9565.
9569.
9572.
9577.
9580.
9583.
9587.
9590.
9592.
9596.
9597.
9599.
9601.
9604.
9606.
9608.
9610.
9610.
9609.
9609.
9607.
9605.
9604.
9599.
9596.
9593.
9589.
9585.
9580.
9577.
9572.
9568.
9564.
9558.
9555.
9551.
9545.
9540.
9535.
9531.
9526.
9520.
9515.
9510.
9506.
9501.
9497.
9496.
9498.
9501.
9509.
9516.
9524.
9533.
9543.
9553.
9563.
9573.
9585.
9596.
9604.
9615.
9623.
9633.
9642.
9652.
9660.
9669.
9678.
9686.
9695.
9702.
9710.
9717.
9724.
9732.
9738.
9745.
9751.
9757.
9763.
9768.
9772.
9775.
9779.
9783.
9786.
9787.
9788.
9789.
9789.
9788.
9786.
9784.
9782.
9780.
9777.
9773.
9770.
9765.
9761.
9757.
9754.
9748.
9744.
9740.
9735.
9730.
9725.
9719.
9714.
9708.
9702.
9696.
9691.
9685.
9679.
9673.
9669.
9663.
9657.
9652.
9645.
9640.
9633.
9628.
9621.
9616.
9610.
9604.
9598.
9592.
9586.
9580.
9574.
9568.
9562.
9556.
9549.
9542.
9537.
9530.
9524.
9518.
9511.
9504.
9497.
9491.
9485.
9478.
9472.
9465.
9460.
9458.
9458.
9462.
9467.
9475.
9482.
9491.
9502.
9514.
9526.
9539.
9551.
9563.
9576.
9587.
9598.
9608.
9619.
9629.
9638.
9646.
9653.
9658.
9661.
9662.
9665.
9665.
9667.
9669.
9669.
9669.
9670.
9670.
9670.
9671.
9671.
9671.
9671.
9672.
9672.
9673.
9672.
9672.
9673.
9671.
9670.
9669.
9669.
9668.
9667.
9666.
9664.
9663.
9661.
9656.
9654.
9652.
9649.
9646.
9642.
9640.
9636.
9632.
9628.
9624.
9620.
9615.
9611.
9608.
9602.
9598.
9593.
9589.
9582.
9578.
9573.
9567.
9562.
9556.
9552.
9547.
9541.
9535.
9531.
9526.
9520.
9514.
9508.
9501.
9495.
9490.
9485.
9478.
9472.
9466.
9460.
9454.
9449.
9442.
9437.
9430.
9424.
9418.
9413.
9407.
9401.
9395.
9389.
9382.
9376.
9371.
9365.
9358.
9352.
9347.
9341.
9334.
9328.
9322.
9317.
9311.
9305.
9299.
9293.
9287.
9281.
9275.
9269.
9265.
9259.
9255.
9248.
9241.
9238.
9233.
9229.
9224.
9219.
9212.
9207.
9201.
9196.
9191.
9186.
9182.
9176.
9172.
9168.
9163.
9159.
9155.
9151.
9146.
9142.
9139.
9134.
9131.
9127.
9124.
9120.
9116.
9113.
9111.
9108.
9104.
9102.
9099.
9096.
9093.
9090.
9088.
9085.
9084.
9082.
9079.
9077.
9075.
9073.
9072.
9070.
9069.
9067.
9065.
9063.
9061.
9059.
9059.
9058.
9055.
9055.
9053.
9053.
9053.
9054.
9054.
9053.
9052.
9052.
9052.
9052.
9053.
9051.
9047.
9039.
9026.
9007.
8985.
8959.
8933.
8904.
8876.
8849.
8824.
8799.
8775.
8752.
8730.
8711.
8694.
8680.
8672.
8664.
8657.
8653.
8649.
8645.
8640.
8635.
8630.
8625.
8620.
8616.
8611.
8607.
8602.
8598.
8594.
8587.
8582.
8577.
8571.
8567.
8562.
8558.
8552.
8547.
8543.
8537.
8533.
8528.
8523.
8519.
8514.
8510.
8505.
8500.
8496.
8490.
8484.
8476.
8465.
8448.
8426.
8398.
8364.
8328.
8289.
8251.
8212.
8174.
8136.
8099.
8062.
8026.
7990.
7955.
7920.
7889.
7860.
7836.
7816.
7800.
7786.
7773.
7761.
7749.
7737.
7726.
7714.
7702.
7690.
7678.
7667.
7656.
7644.
7632.
7620.
7609.
7598.
7586.
7576.
7564.
7553.
7541.
7530.
7517.
7507.
7496.
7486.
7475.
7465.
7452.
7443.
7434.
7423.
7413.
7403.
7395.
7385.
7376.
7367.
7359.
7351.
7342.
7336.
7329.
7322.
7314.
7308.
7302.
7295.
7291.
7285.
7280.
7275.
7270.
7265.
7261.
7257.
7254.
7251.
7249.
7245.
7242.
7240.
7238.
7234.
7233.
7231.
7230.
7227.
7226.
7223.
7219.
7209.
7194.
7174.
7150.
7126.
7102.
7075.
7048.
7022.
6994.
6965.
6937.
6909.
6883.
6859.
6836.
6816.
6798.
6781.
6768.
6756.
6742.
6730.
6719.
6706.
6694.
6683.
6671.
6660.
6649.
6639.
6628.
6618.
6607.
6597.
6586.
6575.
6565.
6555.
6546.
6535.
6525.
6517.
6506.
6497.
6488.
6479.
6470.
6463.
6454.
6446.
6440.
6432.
6426.
6420.
6413.
6408.
6403.
6398.
6392.
6388.
6385.
6382.
6379.
6375.
6373.
6372.
6369.
6368.
6367.
6366.
6365.
6365.
6365.
6364.
6364.
6364.
6364.
6365.
6366.
6366.
6368.
6368.
6370.
6372.
6372.
6374.
6377.
6378.
6379.
6382.
6384.
6385.
6388.
6388.
6387.
6384.
6378.
6366.
6353.
6337.
6319.
6301.
6282.
6264.
6245.
6225.
6206.
6186.
6166.
6147.
6126.
6109.
6092.
6076.
6061.
6048.
6035.
6026.
6015.
6004.
5994.
5984.
5973.
5964.
5955.
5944.
5935.
5925.
5917.
5909.
5900.
5891.
5882.
5875.
5865.
5856.
5849.
5841.
5833.
5827.
5820.
5813.
5807.
5803.
5797.
5793.
5788.
5784.
5781.
5777.
5773.
5773.
5772.
5771.
5769.
5768.
5768.
5768.
5769.
5770.
5772.
5773.
5775.
5778.
5780.
5782.
5786.
5788.
5791.
5795.
5798.
5802.
5806.
5810.
5814.
5818.
5822.
5826.
5831.
5834.
5838.
5842.
5847.
5851.
5854.
5858.
5864.
5867.
5872.
5877.
5882.
5886.
5891.
5895.
5901.
5905.
5911.
5915.
5921.
5926.
5931.
5935.
5940.
5946.
5951.
5957.
5961.
5968.
5972.
5976.
5983.
5988.
5993.
5998.
6001.
5999.
5994.
5985.
5976.
5965.
5952.
5938.
5923.
5907.
5889.
5873.
5856.
5836.
5822.
5803.
5789.
5773.
5761.
5750.
5741.
5734.
5730.
5724.
5718.
5714.
5709.
5705.
5700.
5696.
5690.
5685.
5679.
5673.
5668.
5661.
5656.
5651.
5645.
5640.
5633.
5628.
5621.
5615.
5609.
5602.
5595.
5591.
5586.
5581.
5577.
5574.
5571.
5568.
5566.
5562.
5561.
5558.
5556.
5556.
5555.
5553.
5552.
5552.
5551.
5552.
5551.
5551.
5552.
5553.
5555.
5556.
5557.
5559.
5560.
5562.
5565.
5567.
5569.
5573.
5576.
5579.
5583.
5586.
5591.
5593.
5597.
5601.
5605.
5610.
5612.
5617.
5622.
5627.
5631.
5635.
5640.
5645.
5649.
5654.
5660.
5664.
5669.
5674.
5679.
5684.
5689.
5694.
5699.
5705.
5710.
5715.
5720.
5726.
5731.
5736.
5742.
5748.
5752.
5757.
5762.
5767.
5772.
5778.
5783.
5788.
5792.
5792.
5792.
5787.
5782.
5775.
5765.
5754.
5743.
5732.
5718.
5706.
5692.
5683.
5675.
5667.
5662.
5658.
5656.
5654.
5651.
5648.
5645.
5642.
5640.
5638.
5636.
5633.
5629.
5627.
5624.
5621.
5619.
5615.
5613.
5609.
5606.
5603.
5599.
5595.
5592.
5589.
5586.
5582.
5579.
5575.
5573.
5569.
5566.
5564.
5562.
5559.
5558.
5555.
5554.
5551.
5549.
5548.
5546.
5545.
5544.
5544.
5543.
5542.
5543.
5543.
5542.
5543.
5542.
5544.
5545.
5544.
5545.
5548.
5549.
5551.
5552.
5553.
5555.
5557.
5559.
5561.
5563.
5564.
5566.
5569.
5572.
5573.
5576.
5579.
5581.
5583.
5586.
5589.
5591.
5595.
5598.
5600.
5602.
5604.
5607.
5610.
5613.
5617.
5619.
5622.
5625.
5627.
5631.
5634.
5638.
5640.
5644.
5646.
5649.
5653.
5655.
5659.
5662.
5665.
5668.
5671.
5674.
5676.
5681.
5683.
5686.
5690.
5692.
5694.
5699.
5701.
5704.
5707.
5708.
5711.
5713.
5716.
5719.
5721.
5723.
5726.
5727.
5730.
5731.
5733.
5736.
5737.
5737.
5739.
5742.
5744.
5747.
5754.
5763.
5777.
5795.
5815.
5839.
5863.
5888.
5909.
5928.
5945.
5963.
5982.
6002.
6023.
6042.
6059.
6075.
6087.
6098.
6109.
6117.
6125.
6131.
6136.
6142.
6148.
6154.
6159.
6166.
6173.
6177.
6184.
6189.
6194.
6200.
6206.
6212.
6217.
6223.
6228.
6232.
6238.
6244.
6249.
6255.
6260.
6266.
6271.
6278.
6282.
6288.
6295.
6304.
6316.
6333.
6354.
6378.
6403.
6431.
6459.
6491.
6522.
6554.
6584.
6616.
6648.
6680.
6712.
6742.
6771.
6798.
6825.
6850.
6875.
6898.
6922.
6944.
6969.
6991.
7013.
7033.
7053.
7069.
7085.
7100.
7114.
7126.
7139.
7152.
7164.
7176.
7190.
7201.
7214.
7225.
7238.
7249.
7260.
7271.
7283.
7294.
7306.
7317.
7328.
7339.
7350.
7358.
7370.
7380.
7389.
7398.
7408.
7416.
7425.
7432.
7440.
7448.
7453.
7460.
7467.
7472.
7479.
7484.
7490.
7494.
7498.
7502.
7505.
7509.
7513.
7517.
7521.
7523.
7525.
7528.
7531.
7534.
7537.
7537.
7539.
7541.
7543.
7544.
7546.
7549.
7551.
7552.
7554.
7556.
7558.
7562.
7566.
7576.
7589.
7605.
7624.
7645.
7668.
7693.
7718.
7745.
7772.
7800.
7829.
7858.
7887.
7917.
7946.
7975.
8004.
8031.
8060.
8087.
8115.
8144.
8173.
8199.
8227.
8253.
8279.
8304.
8330.
8355.
8379.
8403.
8427.
8451.
8473.
8495.
8517.
8537.
8557.
8577.
8596.
8613.
8630.
8645.
8657.
8670.
8680.
8691.
8700.
8708.
8715.
8721.
8727.
8733.
8737.
8742.
8746.
8749.
8751.
8753.
8754.
8757.
8756.
8756.
8755.
8753.
8753.
8750.
8750.
8747.
8746.
8744.
8741.
8739.
8736.
8733.
8730.
8727.
8724.
8720.
8716.
8712.
8711.
8706.
8703.
8699.
8696.
8692.
8688.
8685.
8681.
8679.
8681.
8686.
8698.
8710.
8727.
8744.
8763.
8782.
8801.
8822.
8841.
8863.
8884.
8907.
8928.
8949.
8970.
8991.
9013.
9034.
9056.
9079.
9099.
9121.
9142.
9162.
9182.
9201.
9223.
9244.
9262.
9280.
9297.
9315.
9332.
9348.
9361.
9374.
9385.
9394.
9402.
9408.
9413.
9417.
9422.
9426.
9428.
9429.
9431.
9430.
9431.
9430.
9429.
9427.
9424.
9423.
9420.
9418.
9415.
9411.
9406.
9403.
9398.
9393.
9388.
9383.
9377.
9373.
9368.
9362.
9356.
9349.
9344.
9338.
9331.
9325.
9319.
9314.
9307.
9302.
9295.
9289.
9283.
9277.
9270.
9263.
9256.
9250.
9245.
9236.
9230.
9225.
9218.
9213.
9205.
9201.
9199.
9201.
9207.
9218.
9228.
9241.
9254.
9268.
9283.
9297.
9314.
9329.
9344.
9361.
9376.
9389.
9403.
9415.
9426.
9436.
9444.
9452.
9458.
9463.
9467.
9470.
9473.
9476.
9479.
9482.
9484.
9486.
9488.
9491.
9492.
9494.
9496.
9498.
9500.
9501.
9502.
9502.
9503.
9504.
9505.
9505.
9504.
9504.
9503.
9503.
9502.
9500.
9497.
9496.
9494.
9490.
9489.
9485.
9481.
9477.
9475.
9471.
9467.
9462.
9458.
9453.
9448.
9444.
9439.
9435.
9431.
9425.
9420.
9415.
9411.
9404.
9398.
9393.
9388.
9382.
9376.
9371.
9365.
9360.
9355.
9348.
9343.
9337.
9330.
9325.
9320.
9313.
9310.
9310.
9315.
9321.
9330.
9342.
9354.
9366.
9380.
9394.
9408.
9420.
9435.
9448.
9463.
9477.
9490.
9501.
9512.
9522.
9530.
9538.
9544.
9549.
9552.
9556.
9559.
9562.
9563.
9565.
9566.
9567.
9569.
9571.
9571.
9573.
9574.
9576.
9577.
9578.
9579.
9580.
9581.
9581.
9581.
9582.
9581.
9581.
9579.
9579.
9578.
9577.
9576.
9573.
9571.
9569.
9566.
9562.
9559.
9556.
9553.
9549.
9546.
9540.
9537.
9533.
9529.
9524.
9519.
9514.
9509.
9505.
9500.
9495.
9490.
9486.
9482.
9475.
9469.
9465.
9459.
9453.
9448.
9442.
9437.
9430.
9425.
9419.
9415.
9409.
9403.
9397.
9391.
9385.
9379.
9373.
9368.
9361.
9355.
9349.
9342.
9337.
9330.
9324.
9318.
9312.
9305.
9299.
9292.
9286.
9279.
9272.
9266.
9258.
9253.
9247.
9240.
9233.
9227.
9221.
9215.
9208.
9200.
9193.
9186.
9180.
9173.
9167.
9159.
9152.
9144.
9138.
9131.
9125.
9119.
9112.
9106.
9100.
9094.
9087.
9083.
9081.
9083.
9086.
9091.
9098.
9106.
9114.
9122.
9129.
9133.
9136.
9139.
9142.
9142.
9142.
9141.
9141.
9139.
9140.
9141.
9140.
9140.
9142.
9142.
9142.
9144.
9145.
9146.
9147.
9149.
9151.
9153.
9155.
9156.
9158.
9160.
9163.
9164.
9167.
9170.
9173.
9174.
9178.
9181.
9185.
9188.
9191.
9194.
9198.
9200.
9203.
9207.
9210.
9215.
9217.
9220.
9223.
9226.
9228.
9230.
9232.
9234.
9236.
9236.
9237.
9238.
9237.
9238.
9237.
9237.
9236.
9234.
9232.
9231.
9229.
9226.
9225.
9223.
9220.
9217.
9215.
9213.
9210.
9206.
9203.
9199.
9196.
9193.
9189.
9185.
9183.
9179.
9174.
9171.
9165.
9161.
9158.
9152.
9148.
9143.
9139.
9135.
9131.
9128.
9123.
9118.
9114.
9110.
9105.
9100.
9097.
9092.
9087.
9084.
9079.
9073.
9068.
9064.
9060.
9055.
9052.
9048.
9043.
9039.
9035.
9031.
9026.
9022.
9017.
9014.
9008.
9003.
8999.
8995.
8991.
8988.
8984.
8978.
8974.
8970.
8967.
8963.
8960.
8955.
8952.
8949.
8946.
8943.
8940.
8937.
8934.
8931.
8929.
8925.
8922.
8918.
8908.
8896.
8881.
8859.
8834.
8806.
8776.
8744.
8713.
8683.
8653.
8626.
8598.
8573.
8547.
8523.
8501.
8484.
8467.
8456.
8446.
8439.
8433.
8427.
8422.
8416.
8410.
8404.
8398.
8393.
8388.
8382.
8375.
8368.
8363.
8356.
8351.
8346.
8341.
8333.
8327.
8322.
8316.
8309.
8304.
8298.
8292.
8287.
8279.
8275.
8268.
8262.
8257.
8252.
8245.
8241.
8234.
8230.
8224.
8219.
8214.
8209.
8204.
8200.
8196.
8191.
8186.
8181.
8176.
8167.
8155.
8138.
8115.
8086.
8056.
8023.
7987.
7951.
7916.
7880.
7846.
7813.
7781.
7750.
7722.
7695.
7671.
7649.
7631.
7617.
7606.
7596.
7585.
7577.
7568.
7558.
7550.
7540.
7532.
7523.
7515.
7507.
7498.
7489.
7481.
7473.
7467.
7457.
7449.
7440.
7432.
7424.
7415.
7408.
7399.
7391.
7384.
7375.
7367.
7359.
7352.
7346.
7338.
7329.
7322.
7315.
7309.
7302.
7295.
7288.
7282.
7276.
7270.
7264.
7258.
7252.
7248.
7244.
7238.
7234.
7230.
7226.
7222.
7219.
7216.
7211.
7208.
7205.
7200.
7195.
7187.
7174.
7155.
7132.
7104.
7073.
7039.
7004.
6966.
6929.
6890.
6852.
6813.
6774.
6737.
6701.
6666.
6631.
6597.
6565.
6535.
6505.
6478.
6451.
6426.
6402.
6382.
6363.
6346.
6330.
6316.
6303.
6292.
6281.
6270.
6259.
6247.
6235.
6222.
6210.
6197.
6183.
6171.
6158.
6145.
6134.
6123.
6113.
6102.
6094.
6085.
6076.
6067.
6059.
6054.
6048.
6043.
6039.
6035.
6032.
6029.
6026.
6024.
6021.
6019.
6017.
6016.
6014.
6013.
6013.
6013.
6013.
6013.
6016.
6015.
6017.
6018.
6019.
6020.
6021.
6023.
6024.
6028.
6030.
6033.
6037.
6040.
6042.
6045.
6049.
6051.
6053.
6057.
6062.
6065.
6068.
6072.
6077.
6081.
6084.
6088.
6090.
6095.
6100.
6103.
6108.
6112.
6116.
6120.
6125.
6128.
6129.
6126.
6119.
6109.
6097.
6082.
6064.
6046.
6026.
6005.
5985.
5965.
5947.
5929.
5912.
5899.
5886.
5877.
5869.
5861.
5856.
5851.
5845.
5839.
5834.
5829.
5824.
5818.
5811.
5807.
5801.
5796.
5790.
5785.
5779.
5774.
5769.
5764.
5758.
5753.
5747.
5742.
5738.
5733.
5729.
5726.
5721.
5718.
5714.
5711.
5709.
5706.
5703.
5701.
5699.
5697.
5695.
5694.
5693.
5692.
5692.
5692.
5692.
5693.
5694.
5693.
5695.
5697.
5699.
5701.
5704.
5706.
5709.
5713.
5715.
5717.
5720.
5724.
5728.
5731.
5735.
5738.
5742.
5747.
5752.
5756.
5761.
5763.
5768.
5773.
5778.
5782.
5786.
5792.
5796.
5800.
5805.
5810.
5815.
5819.
5821.
5822.
5816.
5808.
5797.
5782.
5766.
5748.
5729.
5707.
5686.
5666.
5646.
5626.
5609.
5591.
5575.
5561.
5548.
5535.
5526.
5519.
5510.
5505.
5499.
5493.
5486.
5481.
5475.
5469.
5464.
5458.
5452.
5447.
5441.
5436.
5431.
5427.
5422.
5415.
5411.
5406.
5400.
5395.
5391.
5388.
5384.
5381.
5379.
5375.
5373.
5371.
5370.
5368.
5367.
5366.
5366.
5367.
5367.
5369.
5370.
5371.
5373.
5375.
5378.
5381.
5384.
5386.
5390.
5395.
5399.
5403.
5407.
5413.
5416.
5421.
5425.
5430.
5434.
5440.
5445.
5451.
5458.
5462.
5467.
5474.
5479.
5485.
5491.
5495.
5502.
5507.
5513.
5520.
5525.
5531.
5537.
5542.
5547.
5550.
5552.
5551.
5551.
5546.
5540.
5533.
5524.
5515.
5506.
5495.
5486.
5476.
5466.
5457.
5448.
5442.
5436.
5429.
5423.
5416.
5412.
5407.
5403.
5399.
5396.
5392.
5387.
5385.
5382.
5379.
5375.
5371.
5371.
5367.
5364.
5361.
5359.
5356.
5354.
5351.
5349.
5347.
5344.
5344.
5342.
5340.
5339.
5338.
5336.
5336.
5336.
5335.
5334.
5335.
5334.
5335.
5336.
5337.
5338.
5339.
5340.
5342.
5344.
5346.
5349.
5352.
5354.
5356.
5358.
5363.
5365.
5369.
5373.
5377.
5380.
5385.
5388.
5393.
5398.
5402.
5406.
5411.
5417.
5421.
5426.
5432.
5437.
5442.
5447.
5452.
5458.
5464.
5468.
5474.
5480.
5484.
5491.
5497.
5503.
5507.
5513.
5520.
5525.
5532.
5537.
5544.
5550.
5556.
5562.
5568.
5576.
5582.
5588.
5594.
5600.
5606.
5614.
5620.
5628.
5636.
5643.
5652.
5659.
5667.
5677.
5685.
5693.
5701.
5709.
5716.
5722.
5730.
5735.
5742.
5749.
5756.
5761.
5766.
5769.
5773.
5775.
5777.
5779.
5778.
5778.
5777.
5777.
5777.
5775.
5775.
5774.
5774.
5775.
5775.
5775.
5776.
5776.
5776.
5778.
5779.
5780.
5780.
5781.
5781.
5783.
5784.
5786.
5787.
5788.
5791.
5792.
5793.
5795.
5796.
5796.
5797.
5796.
5797.
5796.
5797.
5797.
5796.
5794.
5794.
5792.
5792.
5791.
5790.
5789.
5788.
5787.
5787.
5785.
5784.
5782.
5780.
5779.
5777.
5775.
5773.
5772.
5770.
5769.
5768.
5766.
5765.
5764.
5762.
5760.
5759.
5758.
5758.
5758.
5758.
5761.
5767.
5777.
5792.
5807.
5823.
5838.
5852.
5866.
5880.
5894.
5907.
5918.
5928.
5938.
5946.
5953.
5958.
5962.
5966.
5971.
5975.
5978.
5981.
5984.
5987.
5991.
5994.
5998.
6001.
6004.
6007.
6010.
6015.
6018.
6021.
6026.
6031.
6039.
6048.
6061.
6074.
6089.
6104.
6117.
6133.
6148.
6160.
6172.
6182.
6193.
6206.
6216.
6225.
6236.
6246.
6256.
6266.
6277.
6288.
6297.
6307.
6315.
6324.
6331.
6338.
6345.
6352.
6359.
6366.
6374.
6381.
6387.
6395.
6402.
6409.
6417.
6423.
6430.
6438.
6445.
6452.
6459.
6466.
6473.
6481.
6488.
6495.
6502.
6510.
6519.
6525.
6534.
6541.
6547.
6556.
6564.
6571.
6580.
6588.
6594.
6601.
6610.
6618.
6625.
6632.
6639.
6648.
6655.
6663.
6671.
6679.
6686.
6692.
6699.
6706.
6711.
6719.
6725.
6732.
6738.
6743.
6749.
6755.
6761.
6766.
6772.
6776.
6782.
6787.
6792.
6795.
6800.
6805.
6810.
6815.
6819.
6826.
6830.
6836.
6841.
6844.
6848.
6853.
6857.
6862.
6866.
6870.
6875.
6879.
6883.
6890.
6897.
6904.
6913.
6924.
6936.
6949.
6961.
6975.
6987.
7001.
7016.
7031.
7045.
7059.
7073.
7089.
7106.
7124.
7142.
7160.
7179.
7198.
7218.
7239.
7261.
7282.
7304.
7324.
7347.
7371.
7393.
7418.
7441.
7465.
7487.
7510.
7535.
7560.
7586.
7610.
7636.
7661.
7688.
7713.
7739.
7765.
7792.
7818.
7843.
7868.
7893.
7917.
7943.
7968.
7991.
8016.
8042.
8067.
8091.
8114.
8137.
8159.
8179.
8200.
8216.
8232.
8247.
8261.
8274.
8285.
8295.
8304.
8313.
8320.
8328.
8334.
8340.
8345.
8349.
8353.
8358.
8361.
8364.
8367.
8368.
8369.
8371.
8371.
8372.
8373.
8372.
8372.
8372.
8373.
8371.
8370.
8370.
8369.
8369.
8368.
8367.
8365.
8364.
8362.
8361.
8361.
8360.
8359.
8360.
8363.
8369.
8377.
8389.
8401.
8415.
8430.
8444.
8458.
8473.
8489.
8504.
8520.
8535.
8550.
8566.
8582.
8598.
8615.
8632.
8648.
8667.
8684.
8701.
8717.
8734.
8752.
8769.
8785.
8801.
8818.
8832.
8848.
8863.
8879.
8894.
8911.
8927.
8944.
8960.
8975.
8990.
9006.
9019.
9032.
9043.
9056.
9067.
9077.
9087.
9097.
9106.
9114.
9120.
9125.
9130.
9135.
9137.
9140.
9142.
9142.
9142.
9143.
9142.
9142.
9139.
9138.
9136.
9133.
9131.
9129.
9125.
9121.
9119.
9115.
9112.
9108.
9105.
9101.
9096.
9093.
9089.
9084.
9080.
9077.
9071.
9066.
9063.
9059.
9054.
9048.
9044.
9039.
9033.
9029.
9024.
9020.
9017.
9016.
9015.
9017.
9022.
9028.
9035.
9044.
9054.
9063.
9072.
9080.
9088.
9098.
9109.
9118.
9127.
9138.
9148.
9158.
9169.
9179.
9190.
9201.
9210.
9221.
9230.
9242.
9254.
9265.
9276.
9285.
9295.
9305.
9315.
9325.
9336.
9347.
9357.
9368.
9377.
9387.
9395.
9405.
9414.
9423.
9434.
9441.
9449.
9456.
9464.
9470.
9477.
9482.
9488.
9493.
9496.
9499.
9502.
9504.
9504.
9505.
9505.
9504.
9503.
9501.
9500.
9497.
9494.
9491.
9489.
9486.
9483.
9480.
9476.
9473.
9470.
9466.
9462.
9457.
9453.
9449.
9443.
9439.
9435.
9429.
9423.
9419.
9414.
9407.
9401.
9396.
9391.
9385.
9381.
9377.
9373.
9369.
9367.
9366.
9365.
9367.
9369.
9372.
9375.
9377.
9383.
9388.
9391.
9394.
9400.
9405.
9410.
9415.
9421.
9427.
9435.
9441.
9448.
9455.
9461.
9466.
9474.
9479.
9485.
9490.
9495.
9500.
9504.
9508.
9512.
9516.
9521.
9524.
9527.
9529.
9532.
9534.
9535.
9537.
9538.
9539.
9539.
9539.
9539.
9539.
9537.
9538.
9537.
9536.
9533.
9531.
9531.
9529.
9526.
9524.
9522.
9520.
9517.
9515.
9511.
9508.
9505.
9501.
9497.
9494.
9490.
9486.
9481.
9478.
9474.
9469.
9465.
9461.
9456.
9452.
9446.
9441.
9436.
9432.
9427.
9422.
9418.
9413.
9406.
9403.
9397.
9392.
9387.
9382.
9377.
9373.
9369.
9363.
9358.
9352.
9346.
9341.
9335.
9330.
9324.
9318.
9313.
9308.
9303.
9297.
9292.
9287.
9282.
9277.
9272.
9269.
9265.
9264.
9266.
9271.
9278.
9284.
9292.
9299.
9307.
9316.
9326.
9336.
9347.
9356.
9364.
9373.
9383.
9391.
9401.
9407.
9416.
9422.
9426.
9430.
9435.
9437.
9440.
9443.
9445.
9447.
9450.
9452.
9453.
9455.
9459.
9461.
9463.
9466.
9468.
9471.
9474.
9476.
9477.
9481.
9483.
9486.
9487.
9487.
9490.
9492.
9493.
9494.
9495.
9495.
9495.
9494.
9494.
9493.
9491.
9490.
9487.
9485.
9483.
9481.
9478.
9476.
9472.
9470.
9466.
9464.
9460.
9456.
9452.
9448.
9445.
9440.
9437.
9434.
9428.
9424.
9420.
9416.
9411.
9406.
9402.
9397.
9391.
9387.
9381.
9376.
9371.
9366.
9362.
9356.
9350.
9346.
9341.
9335.
9329.
9324.
9318.
9312.
9307.
9302.
9296.
9290.
9286.
9279.
9274.
9269.
9263.
9257.
9250.
9245.
9239.
9234.
9228.
9222.
9217.
9211.
9206.
9200.
9194.
9189.
9184.
9178.
9173.
9167.
9162.
9157.
9152.
9147.
9141.
9137.
9131.
9127.
9123.
9118.
9113.
9108.
9103.
9098.
9094.
9090.
9085.
9081.
9076.
9071.
9066.
9062.
9058.
9054.
9050.
9046.
9042.
9039.
9034.
9030.
9027.
9024.
9020.
9017.
9012.
9011.
9007.
9005.
9002.
8998.
8997.
8994.
8991.
8988.
8986.
8983.
8981.
8978.
8975.
8974.
8971.
8970.
8969.
8966.
8966.
8966.
8964.
8962.
8961.
8959.
8958.
8958.
8957.
8957.
8957.
8957.
8956.
8957.
8956.
8956.
8957.
8957.
8957.
8957.
8959.
8960.
8960.
8961.
8962.
8963.
8964.
8966.
8966.
8968.
8970.
8971.
8973.
8974.
8974.
8971.
8966.
8955.
8940.
8923.
8902.
8881.
8860.
8840.
8819.
8799.
8780.
8761.
8741.
8721.
8702.
8685.
8672.
8661.
8651.
8645.
8639.
8635.
8630.
8627.
8622.
8617.
8612.
8607.
8603.
8598.
8592.
8588.
8584.
8579.
8573.
8570.
8564.
8559.
8555.
8550.
8545.
8540.
8536.
8531.
8526.
8522.
8517.
8512.
8508.
8503.
8500.
8495.
8490.
8486.
8480.
8477.
8474.
8469.
8465.
8461.
8458.
8451.
8445.
8434.
8417.
8395.
8370.
8340.
8309.
8275.
8239.
8204.
8170.
8135.
8100.
8067.
8032.
7997.
7965.
7932.
7900.
7868.
7835.
7803.
7771.
7740.
7709.
7677.
7645.
7613.
7582.
7551.
7519.
7487.
7457.
7425.
7395.
7366.
7338.
7310.
7284.
7258.
7234.
7210.
7188.
7167.
7146.
7126.
7107.
7091.
7078.
7063.
7053.
7041.
7031.
7021.
7011.
7002.
6993.
6984.
6975.
6967.
6958.
6951.
6943.
6935.
6927.
6920.
6913.
6906.
6898.
6891.
6886.
6878.
6874.
6869.
6863.
6859.
6853.
6849.
6844.
6841.
6837.
6832.
6828.
6823.
6815.
6806.
6791.
6771.
6749.
6723.
6697.
6670.
6642.
6613.
6583.
6551.
6520.
6490.
6461.
6432.
6406.
6377.
6350.
6324.
6299.
6273.
6246.
6221.
6198.
6174.
6151.
6131.
6111.
6096.
6082.
6070.
6061.
6053.
6046.
6040.
6036.
6031.
6025.
6021.
6017.
6014.
6011.
6008.
6006.
6004.
6003.
6003.
6002.
6002.
6001.
6001.
6000.
6001.
6002.
6003.
6005.
6007.
6008.
6011.
6013.
6016.
6018.
6020.
6022.
6025.
6029.
6031.
6034.
6038.
6041.
6044.
6048.
6052.
6055.
6059.
6062.
6067.
6070.
6073.
6072.
6068.
6060.
6049.
6035.
6021.
6003.
5988.
5968.
5948.
5928.
5907.
5887.
5864.
5845.
5825.
5806.
5788.
5771.
5756.
5742.
5730.
5718.
5709.
5702.
5695.
5689.
5686.
5681.
5675.
5670.
5666.
5660.
5654.
5648.
5640.
5630.
5620.
5608.
5595.
5585.
5572.
5557.
5543.
5528.
5514.
5498.
5483.
5470.
5457.
5444.
5430.
5418.
5406.
5394.
5384.
5375.
5367.
5360.
5356.
5352.
5350.
5348.
5347.
5348.
5350.
5349.
5351.
5354.
5357.
5358.
5361.
5364.
5368.
5371.
5375.
5378.
5383.
5387.
5390.
5393.
5397.
5401.
5404.
5406.
5409.
5411.
5412.
5413.
5412.
5409.
5406.
5402.
5398.
5394.
5390.
5384.
5380.
5373.
5368.
5364.
5360.
5355.
5351.
5347.
5344.
5341.
5337.
5335.
5333.
5331.
5327.
5324.
5320.
5315.
5310.
5305.
5299.
5297.
5292.
5287.
5283.
5280.
5276.
5273.
5270.
5268.
5266.
5264.
5262.
5260.
5259.
5256.
5254.
5252.
5251.
5249.
5248.
5248.
5247.
5246.
5247.
5247.
5247.
5248.
5250.
5252.
5254.
5257.
5259.
5263.
5266.
5269.
5272.
5275.
5278.
5282.
5286.
5290.
5294.
5299.
5303.
5307.
5310.
5315.
5321.
5326.
5329.
5334.
5340.
5344.
5349.
5353.
5357.
5362.
5364.
5370.
5375.
5379.
5384.
5386.
5391.
5390.
5388.
5386.
5382.
5377.
5372.
5367.
5363.
5357.
5352.
5347.
5342.
5337.
5332.
5327.
5321.
5318.
5313.
5309.
5306.
5303.
5300.
5297.
5294.
5292.
5289.
5284.
5281.
5278.
5275.
5271.
5268.
5266.
5263.
5261.
5258.
5258.
5256.
5255.
5253.
5253.
5252.
5251.
5251.
5249.
5248.
5249.
5250.
5251.
5252.
5252.
5253.
5254.
5256.
5257.
5258.
5260.
5262.
5266.
5268.
5270.
5273.
5276.
5280.
5282.
5285.
5289.
5293.
5297.
5302.
5305.
5311.
5316.
5321.
5326.
5332.
5337.
5343.
5349.
5355.
5360.
5367.
5371.
5378.
5383.
5388.
5395.
5400.
5405.
5409.
5414.
5417.
5419.
5420.
5421.
5422.
5420.
5419.
5416.
5415.
5411.
5408.
5403.
5400.
5398.
5394.
5389.
5386.
5383.
5376.
5372.
5368.
5363.
5359.
5356.
5350.
5345.
5342.
5337.
5335.
5330.
5329.
5327.
5326.
5324.
5323.
5322.
5322.
5321.
5319.
5319.
5319.
5318.
5317.
5315.
5315.
5314.
5314.
5316.
5315.
5315.
5315.
5315.
5317.
5317.
5317.
5318.
5320.
5322.
5322.
5325.
5326.
5327.
5329.
5331.
5333.
5335.
5338.
5340.
5344.
5347.
5350.
5353.
5356.
5359.
5363.
5368.
5372.
5375.
5378.
5381.
5385.
5390.
5394.
5399.
5403.
5408.
5411.
5416.
5421.
5427.
5431.
5436.
5441.
5447.
5452.
5456.
5461.
5467.
5473.
5478.
5482.
5488.
5494.
5499.
5506.
5511.
5516.
5522.
5527.
5534.
5540.
5545.
5551.
5557.
5563.
5571.
5576.
5582.
5590.
5595.
5603.
5610.
5616.
5622.
5628.
5634.
5642.
5648.
5656.
5662.
5670.
5677.
5684.
5692.
5701.
5707.
5715.
5723.
5730.
5736.
5743.
5749.
5757.
5763.
5769.
5775.
5783.
5787.
5794.
5799.
5805.
5810.
5816.
5822.
5825.
5830.
5835.
5839.
5841.
5844.
5848.
5853.
5856.
5856.
5859.
5861.
5864.
5867.
5869.
5872.
5874.
5876.
5877.
5878.
5881.
5882.
5882.
5882.
5883.
5884.
5886.
5885.
5885.
5886.
5887.
5887.
5889.
5891.
5892.
5892.
5893.
5895.
5896.
5898.
5898.
5900.
5901.
5899.
5900.
5900.
5902.
5901.
5901.
5901.
5900.
5901.
5902.
5901.
5901.
5901.
5901.
5900.
5900.
5900.
5898.
5898.
5897.
5896.
5895.
5894.
5893.
5892.
5891.
5891.
5890.
5890.
5889.
5886.
5886.
5885.
5884.
5884.
5884.
5882.
5881.
5882.
5880.
5880.
5879.
5879.
5879.
5879.
5879.
5878.
5878.
5878.
5878.
5878.
5877.
5878.
5878.
5878.
5879.
5879.
5879.
5880.
5883.
5887.
5894.
5903.
5915.
5927.
5941.
5953.
5967.
5977.
5992.
6003.
6015.
6026.
6037.
6048.
6059.
6070.
6081.
6092.
6105.
6117.
6128.
6139.
6148.
6157.
6165.
6176.
6186.
6196.
6206.
6215.
6224.
6235.
6244.
6256.
6266.
6278.
6289.
6301.
6312.
6324.
6338.
6351.
6364.
6376.
6388.
6399.
6411.
6423.
6434.
6443.
6453.
6464.
6473.
6481.
6491.
6499.
6508.
6517.
6525.
6533.
6542.
6551.
6559.
6568.
6577.
6585.
6594.
6603.
6613.
6620.
6629.
6638.
6648.
6657.
6666.
6675.
6683.
6692.
6701.
6709.
6718.
6727.
6735.
6745.
6754.
6763.
6772.
6780.
6790.
6799.
6806.
6815.
6824.
6832.
6840.
6849.
6857.
6864.
6871.
6877.
6884.
6891.
6899.
6905.
6911.
6916.
6921.
6927.
6933.
6939.
6942.
6949.
6955.
6960.
6965.
6970.
6974.
6980.
6984.
6990.
6996.
7001.
7006.
7011.
7016.
7021.
7027.
7034.
7041.
7050.
7060.
7071.
7082.
7094.
7106.
7119.
7131.
7145.
7157.
7170.
7183.
7195.
7208.
7223.
7237.
7252.
7265.
7280.
7294.
7311.
7325.
7343.
7363.
7384.
7405.
7426.
7447.
7471.
7495.
7519.
7544.
7567.
7589.
7614.
7639.
7665.
7689.
7714.
7739.
7764.
7790.
7815.
7841.
7866.
7890.
7915.
7939.
7962.
7986.
8007.
8029.
8051.
8072.
8092.
8114.
8133.
8150.
8168.
8183.
8197.
8210.
8222.
8234.
8244.
8255.
8262.
8272.
8280.
8288.
8294.
8302.
8307.
8313.
8318.
8322.
8327.
8330.
8334.
8335.
8339.
8341.
8343.
8345.
8346.
8348.
8348.
8351.
8350.
8351.
8352.
8352.
8353.
8353.
8352.
8353.
8353.
8353.
8354.
8353.
8353.
8354.
8354.
8355.
8358.
8365.
8375.
8387.
8401.
8416.
8435.
8453.
8472.
8491.
8511.
8531.
8552.
8572.
8594.
8617.
8640.
8663.
8685.
8707.
8730.
8751.
8770.
8792.
8812.
8832.
8852.
8872.
8891.
8909.
8929.
8948.
8966.
8984.
9001.
9019.
9035.
9051.
9065.
9080.
9094.
9109.
9121.
9136.
9147.
9159.
9169.
9180.
9187.
9193.
9199.
9203.
9206.
9209.
9210.
9212.
9213.
9213.
9213.
9212.
9211.
9210.
9207.
9206.
9204.
9203.
9200.
9197.
9195.
9192.
9189.
9185.
9181.
9175.
9172.
9170.
9166.
9162.
9158.
9153.
9148.
9145.
9139.
9134.
9130.
9127.
9122.
9117.
9113.
9109.
9104.
9100.
9096.
9093.
9088.
9083.
9080.
9077.
9072.
9070.
9071.
9073.
9077.
9084.
9092.
9101.
9112.
9123.
9134.
9145.
9155.
9167.
9178.
9188.
9199.
9209.
9219.
9229.
9238.
9248.
9258.
9267.
9277.
9286.
9294.
9304.
9313.
9322.
9330.
9338.
9345.
9352.
9359.
9365.
9371.
9375.
9379.
9382.
9385.
9389.
9391.
9394.
9395.
9397.
9399.
9399.
9400.
9400.
9401.
9400.
9400.
9400.
9401.
9399.
9397.
9395.
9395.
9392.
9390.
9388.
9385.
9382.
9380.
9377.
9373.
9370.
9367.
9364.
9360.
9356.
9353.
9350.
9345.
9341.
9337.
9331.
9328.
9324.
9319.
9316.
9311.
9308.
9303.
9299.
9293.