8516.
8510.
8507.
8502.
8498.
8493.
8489.
8483.
8480.
8475.
8469.
8466.
8460.
8458.
8456.
8457.
8461.
8465.
8471.
8477.
8483.
8489.
8494.
8498.
8501.
8503.
8505.
8506.
8505.
8503.
8502.
8501.
8500.
8499.
8497.
8498.
8497.
8496.
8497.
8496.
8496.
8496.
8495.
8496.
8495.
8496.
8496.
8496.
8496.
8496.
8497.
8497.
8498.
8497.
8499.
8500.
8501.
8501.
8503.
8505.
8506.
8508.
8509.
8512.
8514.
8515.
8518.
8521.
8524.
8526.
8527.
8531.
8533.
8536.
8540.
8542.
8546.
8549.
8553.
8555.
8558.
8562.
8566.
8569.
8572.
8576.
8580.
8584.
8588.
8591.
8596.
8600.
8604.
8608.
8612.
8617.
8620.
8625.
8628.
8632.
8637.
8640.
8644.
8648.
8651.
8655.
8658.
8662.
8665.
8667.
8669.
8672.
8673.
8676.
8679.
8680.
8681.
8682.
8682.
8683.
8684.
8684.
8684.
8685.
8684.
8684.
8683.
8682.
8682.
8680.
8680.
8679.
8677.
8677.
8675.
8674.
8673.
8671.
8669.
8666.
8664.
8663.
8660.
8660.
8657.
8655.
8651.
8649.
8646.
8644.
8641.
8638.
8636.
8632.
8629.
8626.
8623.
8619.
8616.
8614.
8611.
8607.
8603.
8599.
8595.
8592.
8588.
8584.
8580.
8576.
8571.
8568.
8563.
8559.
8555.
8550.
8546.
8541.
8537.
8532.
8528.
8523.
8519.
8514.
8509.
8505.
8500.
8494.
8490.
8484.
8479.
8475.
8470.
8466.
8465.
8467.
8470.
8475.
8480.
8486.
8492.
8496.
8499.
8502.
8506.
8506.
8507.
8506.
8506.
8503.
8502.
8500.
8499.
8498.
8497.
8496.
8495.
8495.
8493.
8492.
8492.
8492.
8491.
8490.
8490.
8490.
8489.
8489.
8488.
8489.
8489.
8488.
8490.
8490.
8491.
8493.
8492.
8493.
8493.
8496.
8496.
8497.
8497.
8499.
8501.
8504.
8506.
8507.
8509.
8511.
8514.
8517.
8518.
8520.
8523.
8526.
8530.
8532.
8536.
8539.
8541.
8544.
8548.
8552.
8555.
8557.
8563.
8565.
8568.
8572.
8576.
8580.
8584.
8587.
8590.
8594.
8597.
8599.
8597.
8595.
8590.
8585.
8583.
8581.
8581.
8582.
8584.
8585.
8586.
8587.
8589.
8589.
8589.
8587.
8588.
8586.
8586.
8585.
8585.
8584.
8584.
8582.
8581.
8579.
8578.
8577.
8576.
8573.
8571.
8570.
8568.
8567.
8565.
8564.
8561.
8558.
8556.
8553.
8551.
8549.
8546.
8543.
8540.
8537.
8535.
8532.
8529.
8526.
8523.
8520.
8516.
8512.
8509.
8506.
8502.
8498.
8495.
8491.
8488.
8484.
8480.
8476.
8471.
8468.
8464.
8459.
8455.
8451.
8446.
8440.
8437.
8433.
8428.
8424.
8420.
8414.
8409.
8405.
8400.
8395.
8390.
8385.
8381.
8377.
8371.
8366.
8363.
8362.
8361.
8364.
8369.
8375.
8381.
8387.
8392.
8395.
8398.
8397.
8398.
8396.
8394.
8392.
8389.
8388.
8386.
8384.
8381.
8381.
8379.
8377.
8376.
8374.
8372.
8370.
8369.
8368.
8367.
8365.
8364.
8363.
8361.
8360.
8360.
8358.
8358.
8356.
8355.
8354.
8353.
8354.
8353.
8353.
8353.
8351.
8351.
8352.
8353.
8353.
8353.
8353.
8353.
8354.
8355.
8355.
8357.
8358.
8359.
8360.
8362.
8362.
8364.
8367.
8367.
8368.
8370.
8372.
8374.
8377.
8379.
8381.
8383.
8386.
8388.
8391.
8395.
8397.
8399.
8403.
8406.
8409.
8412.
8416.
8418.
8422.
8424.
8428.
8433.
8435.
8438.
8442.
8446.
8450.
8455.
8458.
8462.
8466.
8469.
8475.
8478.
8482.
8486.
8492.
8496.
8498.
8503.
8507.
8510.
8516.
8519.
8522.
8526.
8529.
8534.
8538.
8541.
8544.
8547.
8550.
8552.
8556.
8557.
8560.
8562.
8564.
8566.
8568.
8568.
8569.
8572.
8573.
8574.
8575.
8576.
8575.
8575.
8576.
8575.
8577.
8577.
8577.
8576.
8576.
8576.
8575.
8575.
8575.
8574.
8572.
8572.
8572.
8571.
8568.
8568.
8566.
8567.
8564.
8563.
8562.
8560.
8558.
8557.
8556.
8554.
8553.
8552.
8550.
8547.
8545.
8543.
8541.
8538.
8537.
8535.
8533.
8530.
8527.
8526.
8524.
8520.
8516.
8514.
8512.
8510.
8507.
8503.
8501.
8498.
8495.
8492.
8489.
8486.
8483.
8480.
8476.
8473.
8469.
8466.
8462.
8458.
8455.
8450.
8448.
8442.
8438.
8435.
8431.
8426.
8422.
8418.
8413.
8408.
8404.
8399.
8395.
8390.
8385.
8379.
8375.
8369.
8365.
8359.
8354.
8350.
8345.
8340.
8334.
8330.
8325.
8320.
8314.
8309.
8305.
8299.
8295.
8291.
8287.
8281.
8277.
8273.
8270.
8266.
8261.
8257.
8249.
8236.
8218.
8194.
8164.
8130.
8091.
8049.
8006.
7961.
7915.
7868.
7823.
7780.
7738.
7697.
7658.
7621.
7585.
7549.
7515.
7485.
7458.
7437.
7421.
7409.
7399.
7389.
7380.
7371.
7364.
7355.
7346.
7337.
7328.
7318.
7308.
7299.
7289.
7279.
7270.
7260.
7250.
7238.
7229.
7218.
7207.
7196.
7186.
7175.
7164.
7152.
7142.
7131.
7119.
7109.
7097.
7085.
7075.
7063.
7052.
7041.
7029.
7020.
7009.
6998.
6987.
6978.
6968.
6957.
6949.
6938.
6929.
6920.
6911.
6903.
6895.
6886.
6880.
6871.
6865.
6858.
6853.
6847.
6843.
6838.
6835.
6830.
6827.
6825.
6823.
6822.
6821.
6819.
6818.
6814.
6808.
6795.
6779.
6758.
6735.
6707.
6678.
6647.
6615.
6583.
6549.
6516.
6483.
6451.
6417.
6386.
6354.
6324.
6296.
6266.
6238.
6213.
6189.
6168.
6149.
6132.
6116.
6103.
6090.
6078.
6066.
6056.
6044.
6032.
6023.
6013.
6003.
5993.
5984.
5974.
5966.
5958.
5948.
5939.
5931.
5923.
5917.
5909.
5903.
5897.
5892.
5886.
5881.
5878.
5875.
5873.
5870.
5868.
5866.
5865.
5865.
5864.
5865.
5866.
5867.
5868.
5871.
5872.
5875.
5877.
5883.
5887.
5891.
5896.
5901.
5906.
5910.
5915.
5921.
5925.
5929.
5933.
5939.
5945.
5950.
5954.
5960.
5964.
5967.
5968.
5966.
5958.
5948.
5935.
5917.
5900.
5879.
5858.
5837.
5814.
5792.
5768.
5746.
5723.
5700.
5678.
5655.
5633.
5610.
5589.
5567.
5544.
5524.
5503.
5484.
5465.
5447.
5429.
5414.
5398.
5385.
5374.
5364.
5355.
5347.
5340.
5333.
5328.
5323.
5319.
5314.
5310.
5307.
5304.
5300.
5298.
5297.
5296.
5294.
5293.
5295.
5296.
5298.
5299.
5300.
5304.
5308.
5312.
5317.
5321.
5327.
5332.
5336.
5342.
5348.
5354.
5360.
5366.
5372.
5379.
5384.
5392.
5398.
5406.
5412.
5419.
5426.
5434.
5442.
5449.
5456.
5464.
5471.
5478.
5485.
5492.
5498.
5505.
5512.
5518.
5526.
5532.
5538.
5542.
5545.
5546.
5543.
5538.
5530.
5522.
5511.
5502.
5489.
5478.
5466.
5453.
5442.
5433.
5423.
5413.
5403.
5394.
5388.
5383.
5377.
5372.
5367.
5364.
5360.
5355.
5351.
5347.
5344.
5339.
5335.
5330.
5325.
5321.
5317.
5312.
5309.
5306.
5302.
5299.
5296.
5293.
5291.
5289.
5286.
5285.
5284.
5282.
5280.
5282.
5281.
5282.
5284.
5286.
5287.
5289.
5290.
5294.
5297.
5301.
5303.
5308.
5311.
5316.
5320.
5324.
5329.
5335.
5340.
5346.
5351.
5354.
5357.
5360.
5363.
5363.
5365.
5365.
5366.
5367.
5368.
5368.
5368.
5367.
5365.
5364.
5362.
5360.
5359.
5356.
5353.
5351.
5349.
5348.
5346.
5345.
5340.
5337.
5333.
5328.
5325.
5318.
5313.
5309.
5305.
5301.
5297.
5295.
5292.
5289.
5288.
5286.
5286.
5285.
5284.
5283.
5282.
5282.
5282.
5282.
5282.
5283.
5284.
5285.
5286.
5286.
5287.
5289.
5290.
5292.
5293.
5296.
5297.
5299.
5301.
5303.
5306.
5308.
5311.
5314.
5317.
5322.
5326.
5328.
5332.
5337.
5340.
5344.
5349.
5353.
5357.
5362.
5367.
5373.
5378.
5382.
5388.
5393.
5399.
5404.
5409.
5415.
5421.
5426.
5431.
5437.
5445.
5449.
5456.
5462.
5469.
5475.
5481.
5488.
5494.
5502.
5507.
5515.
5522.
5528.
5535.
5541.
5548.
5555.
5563.
5570.
5577.
5583.
5591.
5598.
5604.
5612.
5619.
5626.
5633.
5639.
5647.
5654.
5662.
5669.
5674.
5678.
5680.
5679.
5677.
5675.
5672.
5667.
5664.
5659.
5653.
5647.
5641.
5636.
5629.
5623.
5619.
5615.
5614.
5610.
5607.
5605.
5603.
5597.
5592.
5587.
5582.
5577.
5569.
5562.
5556.
5548.
5540.
5531.
5522.
5515.
5507.
5500.
5492.
5485.
5477.
5470.
5463.
5456.
5449.
5443.
5437.
5431.
5426.
5422.
5418.
5412.
5408.
5404.
5400.
5397.
5394.
5390.
5388.
5385.
5383.
5382.
5381.
5380.
5379.
5379.
5380.
5379.
5380.
5382.
5383.
5384.
5386.
5388.
5389.
5392.
5395.
5398.
5401.
5405.
5407.
5410.
5413.
5418.
5420.
5423.
5427.
5431.
5436.
5439.
5443.
5448.
5451.
5455.
5460.
5466.
5470.
5474.
5479.
5484.
5490.
5494.
5500.
5505.
5509.
5514.
5515.
5516.
5515.
5514.
5515.
5511.
5508.
5506.
5500.
5497.
5492.
5486.
5481.
5475.
5470.
5466.
5462.
5457.
5453.
5448.
5444.
5439.
5435.
5429.
5424.
5419.
5415.
5410.
5406.
5401.
5398.
5394.
5390.
5386.
5382.
5379.
5376.
5372.
5369.
5365.
5362.
5359.
5354.
5349.
5346.
5340.
5336.
5333.
5329.
5325.
5321.
5317.
5313.
5309.
5305.
5301.
5298.
5294.
5290.
5286.
5282.
5279.
5277.
5276.
5274.
5275.
5274.
5274.
5275.
5275.
5277.
5278.
5279.
5281.
5282.
5286.
5287.
5291.
5294.
5296.
5299.
5302.
5306.
5309.
5313.
5316.
5321.
5325.
5328.
5332.
5335.
5338.
5338.
5339.
5338.
5337.
5334.
5331.
5328.
5326.
5322.
5317.
5312.
5310.
5307.
5305.
5303.
5300.
5297.
5293.
5291.
5288.
5285.
5284.
5282.
5281.
5279.
5279.
5279.
5278.
5277.
5275.
5275.
5273.
5272.
5268.
5265.
5262.
5259.
5255.
5252.
5248.
5246.
5245.
5243.
5243.
5241.
5242.
5242.
5244.
5245.
5246.
5246.
5248.
5251.
5252.
5255.
5256.
5257.
5258.
5260.
5260.
5262.
5262.
5264.
5264.
5267.
5269.
5270.
5273.
5275.
5278.
5280.
5284.
5286.
5287.
5289.
5292.
5293.
5294.
5296.
5299.
5301.
5303.
5306.
5310.
5315.
5318.
5320.
5324.
5327.
5331.
5334.
5339.
5342.
5346.
5348.
5351.
5354.
5358.
5362.
5367.
5372.
5378.
5383.
5387.
5391.
5396.
5401.
5405.
5409.
5414.
5417.
5420.
5424.
5427.
5429.
5432.
5435.
5436.
5440.
5446.
5450.
5455.
5461.
5469.
5476.
5484.
5493.
5502.
5512.
5523.
5535.
5550.
5566.
5586.
5608.
5630.
5657.
5685.
5716.
5748.
5780.
5815.
5852.
5888.
5928.
5965.
6003.
6041.
6079.
6119.
6158.
6198.
6238.
6276.
6315.
6354.
6392.
6430.
6465.
6498.
6531.
6563.
6593.
6622.
6648.
6674.
6698.
6720.
6742.
6761.
6780.
6795.
6809.
6822.
6833.
6846.
6856.
6867.
6879.
6888.
6899.
6911.
6922.
6932.
6943.
6952.
6964.
6972.
6984.
6993.
7004.
7014.
7025.
7034.
7047.
7058.
7069.
7078.
7089.
7099.
7109.
7120.
7130.
7141.
7152.
7162.
7173.
7184.
7195.
7205.
7215.
7225.
7234.
7245.
7255.
7264.
7273.
7282.
7294.
7302.
7311.
7322.
7333.
7345.
7362.
7384.
7410.
7439.
7469.
7500.
7532.
7561.
7590.
7619.
7648.
7676.
7706.
7736.
7765.
7793.
7822.
7850.
7876.
7904.
7932.
7959.
7989.
8015.
8043.
8070.
8097.
8123.
8150.
8177.
8203.
8227.
8252.
8272.
8292.
8311.
8328.
8344.
8358.
8371.
8385.
8399.
8410.
8421.
8432.
8442.
8452.
8462.
8472.
8482.
8489.
8497.
8507.
8515.
8525.
8535.
8544.
8556.
8567.
8581.
8593.
8605.
8618.
8630.
8643.
8657.
8671.
8682.
8694.
8707.
8718.
8730.
8742.
8754.
8763.
8774.
8783.
8794.
8802.
8811.
8819.
8828.
8836.
8843.
8854.
8862.
8873.
8883.
8892.
8904.
8915.
8926.
8936.
8947.
8956.
8964.
8972.
8980.
8986.
8991.
8996.
9001.
9002.
9007.
9009.
9011.
9011.
9013.
9014.
9015.
9018.
9019.
9021.
9025.
9026.
9030.
9034.
9041.
9049.
9057.
9065.
9074.
9084.
9092.
9101.
9109.
9116.
9124.
9132.
9141.
9151.
9160.
9170.
9181.
9192.
9202.
9214.
9226.
9236.
9246.
9256.
9266.
9277.
9289.
9301.
9313.
9324.
9336.
9346.
9356.
9366.
9376.
9387.
9396.
9407.
9417.
9427.
9436.
9446.
9455.
9466.
9476.
9484.
9494.
9501.
9509.
9518.
9525.
9532.
9541.
9547.
9556.
9561.
9567.
9572.
9575.
9579.
9582.
9585.
9586.
9587.
9587.
9589.
9588.
9587.
9586.
9584.
9582.
9579.
9577.
9575.
9572.
9570.
9566.
9566.
9563.
9560.
9557.
9554.
9551.
9549.
9546.
9542.
9539.
9535.
9534.
9533.
9533.
9536.
9541.
9547.
9554.
9563.
9571.
9581.
9590.
9600.
9612.
9622.
9630.
9642.
9651.
9662.
9674.
9681.
9690.
9697.
9704.
9711.
9717.
9724.
9728.
9732.
9736.
9741.
9746.
9749.
9754.
9758.
9762.
9764.
9768.
9771.
9772.
9774.
9775.
9777.
9777.
9779.
9778.
9777.
9778.
9778.
9778.
9777.
9777.
9775.
9772.
9771.
9769.
9768.
9765.
9762.
9760.
9757.
9754.
9752.
9747.
9746.
9743.
9739.
9737.
9734.
9730.
9726.
9722.
9719.
9715.
9711.
9706.
9703.
9699.
9694.
9691.
9686.
9681.
9676.
9671.
9667.
9662.
9655.
9650.
9644.
9639.
9632.
9628.
9622.
9618.
9613.
9611.
9609.
9607.
9604.
9601.
9600.
9600.
9597.
9596.
9596.
9594.
9593.
9591.
9590.
9590.
9590.
9590.
9590.
9590.
9591.
9591.
9591.
9591.
9593.
9594.
9594.
9596.
9597.
9595.
9596.
9597.
9597.
9596.
9596.
9596.
9596.
9597.
9595.
9595.
9595.
9594.
9593.
9593.
9591.
9590.
9590.
9591.
9590.
9589.
9590.
9589.
9589.
9588.
9587.
9586.
9586.
9584.
9583.
9583.
9582.
9582.
9580.
9579.
9578.
9577.
9576.
9575.
9574.
9572.
9572.
9571.
9569.
9568.
9566.
9566.
9566.
9564.
9563.
9562.
9562.
9559.
9557.
9556.
9555.
9553.
9552.
9551.
9549.
9548.
9546.
9544.
9542.
9543.
9541.
9537.
9534.
9532.
9532.
9529.
9526.
9525.
9522.
9520.
9517.
9513.
9512.
9510.
9507.
9504.
9501.
9497.
9495.
9491.
9488.
9484.
9481.
9476.
9473.
9471.
9466.
9462.
9459.
9456.
9451.
9448.
9445.
9440.
9436.
9433.
9428.
9424.
9421.
9417.
9413.
9408.
9405.
9401.
9396.
9391.
9388.
9384.
9378.
9374.
9370.
9365.
9360.
9356.
9350.
9347.
9340.
9336.
9332.
9328.
9325.
9322.
9321.
9323.
9326.
9332.
9338.
9345.
9352.
9358.
9364.
9368.
9372.
9375.
9379.
9382.
9383.
9385.
9386.
9388.
9387.
9389.
9390.
9392.
9391.
9393.
9395.
9396.
9397.
9397.
9400.
9401.
9403.
9403.
9406.
9409.
9409.
9410.
9412.
9415.
9417.
9419.
9422.
9423.
9425.
9429.
9431.
9434.
9436.
9439.
9440.
9443.
9445.
9448.
9452.
9455.
9457.
9459.
9462.
9465.
9466.
9468.
9470.
9472.
9475.
9477.
9479.
9479.
9481.
9483.
9483.
9485.
9485.
9484.
9485.
9485.
9484.
9484.
9483.
9482.
9481.
9480.
9480.
9477.
9475.
9474.
9473.
9470.
9469.
9466.
9463.
9459.
9457.
9455.
9451.
9449.
9446.
9444.
9440.
9436.
9433.
9431.
9426.
9424.
9421.
9417.
9413.
9409.
9405.
9400.
9396.
9391.
9387.
9383.
9378.
9373.
9370.
9365.
9361.
9355.
9351.
9347.
9342.
9337.
9333.
9329.
9324.
9318.
9315.
9309.
9304.
9299.
9294.
9289.
9284.
9281.
9276.
9271.
9271.
9272.
9274.
9277.
9283.
9289.
9295.
9301.
9306.
9312.
9317.
9319.
9322.
9321.
9321.
9321.
9320.
9319.
9318.
9318.
9317.
9317.
9317.
9317.
9318.
9319.
9319.
9320.
9320.
9322.
9322.
9325.
9325.
9327.
9329.
9330.
9332.
9334.
9337.
9338.
9341.
9344.
9346.
9348.
9351.
9354.
9357.
9360.
9363.
9367.
9371.
9373.
9376.
9380.
9383.
9386.
9389.
9392.
9395.
9398.
9401.
9405.
9407.
9410.
9412.
9416.
9418.
9420.
9423.
9423.
9425.
9427.
9427.
9429.
9429.
9428.
9428.
9428.
9428.
9427.
9427.
9425.
9424.
9422.
9421.
9420.
9419.
9416.
9414.
9412.
9409.
9407.
9404.
9400.
9392.
9381.
9365.
9345.
9320.
9293.
9265.
9238.
9210.
9183.
9157.
9133.
9108.
9086.
9069.
9053.
9042.
9033.
9027.
9021.
9019.
9014.
9009.
9004.
8998.
8993.
8987.
8981.
8975.
8969.
8963.
8958.
8952.
8946.
8937.
8932.
8926.
8920.
8914.
8907.
8900.
8895.
8888.
8881.
8876.
8868.
8860.
8849.
8833.
8809.
8777.
8739.
8695.
8649.
8599.
8549.
8496.
8444.
8393.
8343.
8292.
8244.
8196.
8150.
8106.
8062.
8022.
7981.
7945.
7910.
7879.
7851.
7829.
7810.
7795.
7783.
7774.
7763.
7752.
7743.
7733.
7724.
7713.
7703.
7693.
7683.
7674.
7664.
7652.
7643.
7632.
7621.
7610.
7601.
7590.
7580.
7570.
7560.
7550.
7540.
7531.
7522.
7512.
7503.
7494.
7485.
7476.
7469.
7461.
7453.
7445.
7438.
7431.
7424.
7416.
7411.
7404.
7400.
7393.
7388.
7383.
7379.
7375.
7372.
7369.
7365.
7361.
7358.
7354.
7351.
7345.
7336.
7324.
7306.
7282.
7255.
7223.
7191.
7155.
7119.
7084.
7047.
7010.
6973.
6938.
6901.
6864.
6829.
6794.
6762.
6729.
6696.
6664.
6631.
6600.
6569.
6540.
6511.
6484.
6455.
6427.
6400.
6372.
6349.
6324.
6299.
6275.
6251.
6228.
6205.
6183.
6162.
6142.
6122.
6101.
6080.
6061.
6043.
6025.
6007.
5991.
5974.
5957.
5941.
5926.
5910.
5896.
5884.
5870.
5857.
5844.
5832.
5821.
5810.
5799.
5790.
5782.
5774.
5767.
5762.
5759.
5756.
5755.
5754.
5754.
5753.
5755.
5756.
5757.
5760.
5762.
5764.
5768.
5772.
5775.
5778.
5783.
5788.
5792.
5798.
5803.
5809.
5813.
5819.
5825.
5830.
5836.
5842.
5847.
5853.
5858.
5865.
5871.
5877.
5882.
5886.
5890.
5890.
5884.
5876.
5865.
5850.
5836.
5820.
5801.
5783.
5763.
5742.
5724.
5704.
5684.
5664.
5643.
5624.
5607.
5589.
5571.
5555.
5541.
5530.
5521.
5513.
5507.
5502.
5498.
5494.
5492.
5489.
5486.
5485.
5484.
5484.
5484.
5485.
5484.
5482.
5483.
5481.
5479.
5474.
5468.
5461.
5455.
5448.
5442.
5433.
5426.
5417.
5408.
5400.
5394.
5387.
5381.
5374.
5367.
5360.
5354.
5348.
5341.
5337.
5332.
5328.
5325.
5322.
5320.
5321.
5321.
5325.
5327.
5329.
5333.
5338.
5341.
5345.
5350.
5354.
5357.
5361.
5365.
5369.
5374.
5377.
5379.
5381.
5383.
5381.
5379.
5378.
5374.
5372.
5367.
5364.
5359.
5354.
5351.
5347.
5345.
5341.
5338.
5333.
5329.
5324.
5321.
5317.
5313.
5306.
5302.
5296.
5291.
5285.
5279.
5275.
5269.
5263.
5259.
5253.
5248.
5244.
5243.
5239.
5235.
5232.
5230.
5228.
5227.
5227.
5226.
5229.
5230.
5232.
5232.
5234.
5237.
5240.
5243.
5247.
5250.
5252.
5255.
5258.
5260.
5262.
5263.
5264.
5265.
5264.
5264.
5264.
5264.
5264.
5263.
5264.
5262.
5260.
5260.
5259.
5259.
5258.
5258.
5257.
5256.
5254.
5255.
5255.
5255.
5255.
5255.
5258.
5257.
5259.
5260.
5263.
5263.
5263.
5264.
5264.
5265.
5265.
5265.
5264.
5266.
5266.
5266.
5266.
5267.
5269.
5270.
5272.
5274.
5276.
5278.
5281.
5284.
5288.
5292.
5295.
5300.
5304.
5307.
5313.
5317.
5322.
5325.
5329.
5333.
5337.
5340.
5343.
5346.
5349.
5353.
5356.
5358.
5362.
5364.
5367.
5370.
5371.
5373.
5374.
5375.
5375.
5378.
5378.
5380.
5380.
5380.
5380.
5379.
5380.
5378.
5379.
5379.
5381.
5383.
5385.
5386.
5388.
5389.
5390.
5392.
5393.
5393.
5396.
5397.
5397.
5399.
5399.
5400.
5401.
5401.
5401.
5402.
5403.
5403.
5403.
5405.
5406.
5408.
5410.
5412.
5415.
5416.
5417.
5421.
5423.
5426.
5429.
5432.
5434.
5438.
5441.
5445.
5449.
5452.
5454.
5458.
5462.
5465.
5468.
5472.
5477.
5482.
5485.
5489.
5493.
5498.
5502.
5506.
5511.
5516.
5521.
5525.
5531.
5535.
5538.
5544.
5548.
5554.
5559.
5563.
5569.
5574.
5578.
5581.
5581.
5580.
5578.
5574.
5570.
5565.
5559.
5553.
5548.
5543.
5539.
5535.
5532.
5531.
5531.
5532.
5531.
5532.
5533.
5532.
5531.
5532.
5531.
5531.
5530.
5530.
5529.
5528.
5528.
5527.
5526.
5525.
5524.
5525.
5525.
5523.
5523.
5523.
5523.
5523.
5523.
5523.
5524.
5524.
5524.
5525.
5526.
5526.
5527.
5528.
5529.
5532.
5532.
5534.
5535.
5538.
5539.
5540.
5543.
5544.
5547.
5549.
5551.
5554.
5554.
5552.
5550.
5544.
5538.
5531.
5522.
5513.
5505.
5496.
5485.
5475.
5465.
5455.
5447.
5439.
5432.
5427.
5422.
5418.
5412.
5410.
5407.
5406.
5406.
5404.
5403.
5403.
5402.
5402.
5401.
5400.
5397.
5396.
5395.
5394.
5395.
5394.
5394.
5393.
5394.
5394.
5395.
5396.
5397.
5398.
5398.
5400.
5400.
5400.
5401.
5400.
5402.
5402.
5401.
5401.
5398.
5396.
5394.
5393.
5391.
5391.
5389.
5389.
5389.
5390.
5391.
5393.
5393.
5395.
5398.
5400.
5403.
5406.
5409.
5411.
5415.
5418.
5421.
5424.
5428.
5431.
5434.
5438.
5442.
5445.
5449.
5454.
5459.
5462.
5465.
5471.
5475.
5481.
5485.
5490.
5494.
5499.
5504.
5509.
5514.
5519.
5526.
5532.
5536.
5541.
5547.
5552.
5558.
5563.
5568.
5574.
5579.
5585.
5591.
5595.
5601.
5607.
5613.
5619.
5625.
5632.
5637.
5644.
5650.
5655.
5661.
5665.
5666.
5666.
5663.
5660.
5655.
5651.
5647.
5644.
5642.
5639.
5639.
5639.
5640.
5641.
5644.
5646.
5646.
5647.
5648.
5649.
5648.
5649.
5649.
5648.
5649.
5648.
5647.
5647.
5646.
5643.
5643.
5642.
5640.
5640.
5639.
5637.
5637.
5635.
5634.
5634.
5632.
5632.
5631.
5630.
5629.
5628.
5627.
5627.
5625.
5626.
5625.
5624.
5624.
5624.
5624.
5624.
5625.
5625.
5625.
5627.
5628.
5629.
5630.
5633.
5634.
5636.
5639.
5642.
5644.
5647.
5650.
5654.
5659.
5663.
5666.
5670.
5675.
5679.
5683.
5689.
5695.
5702.
5711.
5721.
5733.
5745.
5759.
5772.
5788.
5801.
5816.
5833.
5848.
5866.
5888.
5906.
5928.
5952.
5977.
6005.
6033.
6063.
6092.
6124.
6159.
6193.
6227.
6261.
6295.
6331.
6369.
6405.
6442.
6477.
6513.
6547.
6582.
6613.
6644.
6676.
6707.
6738.
6769.
6798.
6827.
6855.
6884.
6910.
6936.
6959.
6984.
7006.
7029.
7051.
7072.
7091.
7111.
7130.
7148.
7167.
7182.
7198.
7212.
7226.
7238.
7251.
7264.
7275.
7287.
7298.
7311.
7322.
7335.
7346.
7357.
7368.
7379.
7390.
7402.
7412.
7423.
7434.
7445.
7457.
7467.
7478.
7488.
7499.
7511.
7522.
7531.
7542.
7554.
7564.
7575.
7586.
7595.
7606.
7616.
7625.
7636.
7644.
7653.
7662.
7671.
7679.
7687.
7693.
7702.
7707.
7713.
7719.
7725.
7731.
7735.
7741.
7745.
7750.
7754.
7759.
7763.
7766.
7769.
7772.
7776.
7780.
7786.
7794.
7809.
7829.
7852.
7878.
7907.
7935.
7966.
7994.
8024.
8053.
8082.
8111.
8139.
8166.
8192.
8218.
8246.
8274.
8300.
8328.
8356.
8385.
8413.
8441.
8470.
8499.
8526.
8554.
8582.
8606.
8630.
8652.
8671.
8689.
8703.
8717.
8730.
8742.
8755.
8765.
8775.
8785.
8793.
8801.
8808.
8815.
8821.
8828.
8833.
8839.
8843.
8846.
8850.
8853.
8856.
8859.
8860.
8861.
8863.
8863.
8864.
8864.
8863.
8864.
8864.
8863.
8862.
8861.
8858.
8858.
8856.
8854.
8851.
8849.
8847.
8845.
8842.
8839.
8837.
8835.
8832.
8830.
8827.
8825.
8824.
8826.
8830.
8836.
8848.
8862.
8877.
8894.
8913.
8933.
8953.
8973.
8993.
9013.
9032.
9053.
9075.
9093.
9113.
9133.
9153.
9173.
9194.
9214.
9233.
9252.
9269.
9289.
9308.
9325.
9345.
9362.
9377.
9391.
9405.
9419.
9431.
9445.
9455.
9467.
9477.
9487.
9497.
9505.
9514.
9522.
9529.
9536.
9541.
9548.
9553.
9558.
9563.
9567.
9570.
9575.
9579.
9583.
9586.
9587.
9590.
9592.
9594.
9596.
9596.
9598.
9599.
9601.
9602.
9603.
9602.
9602.
9600.
9600.
9599.
9598.
9595.
9593.
9590.
9588.
9585.
9584.
9582.
9579.
9576.
9573.
9569.
9566.
9562.
9557.
9554.
9551.
9547.
9542.
9538.
9533.
9528.
9524.
9521.
9517.
9514.
9511.
9509.
9508.
9507.
9507.
9507.
9508.
9510.
9512.
9515.
9517.
9521.
9525.
9528.
9531.
9534.
9539.
9543.
9547.
9551.
9556.
9561.
9565.
9570.
9572.
9577.
9580.
9583.
9586.
9590.
9593.
9596.
9600.
9601.
9604.
9607.
9610.
9610.
9612.
9613.
9615.
9615.
9616.
9615.
9615.
9616.
9615.
9615.
9615.
9614.
9612.
9612.
9610.
9609.
9607.
9607.
9605.
9602.
9602.
9600.
9599.
9598.
9596.
9594.
9591.
9589.
9587.
9585.
9582.
9580.
9577.
9575.
9573.
9570.
9568.
9565.
9561.
9559.
9556.
9553.
9550.
9547.
9544.
9542.
9539.
9537.
9534.
9532.
9528.
9525.
9523.
9520.
9517.
9514.
9510.
9508.
9505.
9503.
9500.
9497.
9495.
9493.
9491.
9488.
9485.
9480.
9478.
9475.
9471.
9468.
9465.
9461.
9457.
9454.
9451.
9446.
9443.
9440.
9435.
9433.
9428.
9424.
9420.
9415.
9412.
9408.
9406.
9402.
9398.
9396.
9393.
9389.
9385.
9381.
9378.
9375.
9374.
9369.
9367.
9364.
9361.
9358.
9355.
9353.
9350.
9348.
9345.
9343.
9340.
9338.
9336.
9334.
9332.
9330.
9328.
9325.
9324.
9322.
9319.
9317.
9316.
9314.
9311.
9309.
9308.
9304.
9304.
9301.
9301.
9298.
9296.
9294.
9292.
9291.
9291.
9289.
9287.
9285.
9283.
9282.
9280.
9279.
9277.
9276.
9276.
9274.
9274.
9272.
9272.
9270.
9268.
9268.
9267.
9266.
9265.
9264.
9264.
9263.
9262.
9262.
9262.
9261.
9261.
9260.
9259.
9258.
9257.
9256.
9253.
9251.
9252.
9250.
9249.
9247.
9245.
9242.
9240.
9237.
9237.
9233.
9230.
9228.
9226.
9222.
9218.
9215.
9211.
9207.
9204.
9202.
9198.
9195.
9194.
9192.
9188.
9186.
9184.
9183.
9181.
9178.
9177.
9175.
9173.
9172.
9173.
9172.
9171.
9168.
9167.
9167.
9166.
9166.
9163.
9162.
9161.
9160.
9159.
9158.
9156.
9155.
9154.
9153.
9152.
9152.
9151.
9151.
9150.
9151.
9149.
9148.
9149.
9146.
9146.
9145.
9144.
9143.
9143.
9143.
9142.
9142.
9142.
9142.
9142.
9141.
9140.
9141.
9139.
9139.
9139.
9139.
9138.
9138.
9138.
9140.
9139.
9140.
9138.
9140.
9140.
9138.
9139.
9139.
9140.
9140.
9140.
9141.
9142.
9142.
9143.
9143.
9143.
9144.
9143.
9145.
9146.
9145.
9146.
9146.
9147.
9148.
9148.
9149.
9150.
9151.
9151.
9151.
9151.
9150.
9145.
9139.
9130.
9120.
9111.
9102.
9096.
9092.
9089.
9087.
9086.
9086.
9086.
9085.
9084.
9083.
9083.
9080.
9079.
9077.
9076.
9076.
9074.
9072.
9071.
9071.
9069.
9067.
9066.
9065.
9064.
9062.
9064.
9061.
9059.
9059.
9057.
9056.
9055.
9054.
9053.
9052.
9051.
9049.
9048.
9047.
9045.
9045.
9044.
9043.
9041.
9041.
9039.
9038.
9036.
9035.
9034.
9033.
9031.
9029.
9029.
9027.
9026.
9025.
9024.
9023.
9022.
9021.
9019.
9018.
9017.
9015.
9014.
9014.
9012.
9013.
9015.
9014.
9018.
9022.
9026.
9033.
9040.
9049.
9058.
9067.
9076.
9085.
9094.
9105.
9115.
9126.
9134.
9141.
9147.
9153.
9157.
9161.
9161.
9162.
9162.
9160.
9159.
9158.
9156.
9153.
9152.
9149.
9147.
9147.
9145.
9145.
9145.
9146.
9146.
9146.
9147.
9148.
9148.
9148.
9149.
9149.
9150.
9151.
9151.
9150.
9150.
9150.
9149.
9150.
9149.
9149.
9149.
9149.
9148.
9148.
9146.
9145.
9146.
9145.
9143.
9143.
9143.
9142.
9142.
9141.
9141.
9140.
9140.
9140.
9139.
9140.
9138.
9139.
9138.
9136.
9134.
9132.
9127.
9120.
9108.
9089.
9066.
9038.
9008.
8978.
8949.
8922.
8898.
8874.
8850.
8828.
8808.
8790.
8777.
8765.
8759.
8755.
8752.
8749.
8748.
8744.
8740.
8736.
8731.
8726.
8718.
8707.
8692.
8673.
8652.
8629.
8604.
8577.
8550.
8523.
8498.
8470.
8442.
8415.
8390.
8364.
8337.
8309.
8282.
8254.
8226.
8201.
8174.
8148.
8123.
8098.
8074.
8052.
8030.
8010.
7995.
7982.
7971.
7961.
7953.
7946.
7938.
7930.
7922.
7915.
7906.
7898.
7891.
7884.
7877.
7870.
7861.
7853.
7846.
7838.
7831.
7822.
7816.
7807.
7799.
7792.
7784.
7776.
7770.
7762.
7754.
7747.
7740.
7733.
7725.
7718.
7711.
7705.
7700.
7692.
7685.
7679.
7672.
7666.
7661.
7655.
7650.
7645.
7641.
7634.
7630.
7625.
7622.
7618.
7615.
7613.
7609.
7606.
7602.
7600.
7597.
7595.
7591.
7590.
7586.
7579.
7567.
7551.
7528.
7501.
7471.
7440.
7409.
7375.
7342.
7307.
7274.
7240.
7207.
7172.
7137.
7103.
7070.
7034.
7003.
6972.
6939.
6907.
6874.
6844.
6813.
6784.
6757.
6732.
6709.
6689.
6672.
6656.
6644.
6632.
6621.
6614.
6603.
6594.
6583.
6576.
6565.
6558.
6551.
6544.
6536.
6529.
6522.
6514.
6507.
6501.
6496.
6488.
6482.
6477.
6473.
6469.
6463.
6461.
6455.
6452.
6450.
6447.
6445.
6443.
6442.
6441.
6440.
6439.
6439.
6438.
6439.
6438.
6438.
6439.
6440.
6442.
6443.
6444.
6446.
6448.
6450.
6453.
6455.
6457.
6459.
6462.
6464.
6462.
6459.
6449.
6436.
6418.
6399.
6377.
6354.
6329.
6301.
6272.
6245.
6218.
6191.
6165.
6140.
6114.
6089.
6064.
6040.
6018.
5998.
5977.
5960.
5944.
5931.
5919.
5910.
5901.
5894.
5887.
5882.
5876.
5869.
5865.
5858.
5855.
5851.
5848.
5845.
5842.
5841.
5838.
5837.
5835.
5834.
5832.
5832.
5833.
5833.
5833.
5834.
5835.
5838.
5838.
5840.
5843.
5845.
5848.
5851.
5854.
5857.
5861.
5864.
5869.
5874.
5879.
5882.
5888.
5892.
5896.
5902.
5905.
5910.
5915.
5918.
5917.
5914.
5908.
5897.
5884.
5867.
5851.
5832.
5815.
5796.
5776.
5757.
5737.
5717.
5697.
5679.
5661.
5645.
5630.
5617.
5605.
5597.
5589.
5582.
5578.
5575.
5573.
5570.
5569.
5567.
5566.
5564.
5563.
5562.
5560.
5557.
5556.
5555.
5552.
5550.
5547.
5544.
5542.
5540.
5537.
5534.
5533.
5531.
5529.
5526.
5525.
5522.
5521.
5519.
5516.
5515.
5513.
5514.
5514.
5513.
5513.
5516.
5518.
5520.
5523.
5526.
5529.
5533.
5537.
5541.
5545.
5548.
5552.
5556.
5559.
5564.
5567.
5573.
5579.
5584.
5589.
5594.
5599.
5604.
5609.
5615.
5621.
5626.
5632.
5637.
5642.
5647.
5655.
5660.
5666.
5671.
5678.
5684.
5691.
5697.
5703.
5708.
5715.
5721.
5727.
5733.
5739.
5744.
5751.
5758.
5765.
5770.
5776.
5783.
5790.
5796.
5802.
5809.
5817.
5822.
5828.
5834.
5840.
5847.
5853.
5859.
5864.
5866.
5866.
5863.
5857.
5851.
5844.
5837.
5827.
5818.
5806.
5795.
5783.
5772.
5764.
5757.
5749.
5746.
5744.
5742.
5741.
5740.
5739.
5738.
5736.
5732.
5730.
5725.
5718.
5713.
5706.
5698.
5690.
5681.
5671.
5663.
5653.
5645.
5636.
5627.
5620.
5613.
5606.
5599.
5592.
5587.
5579.
5573.
5569.
5563.
5558.
5553.
5547.
5542.
5539.
5536.
5532.
5528.
5526.
5523.
5521.
5519.
5518.
5517.
5517.
5517.
5516.
5516.
5516.
5517.
5518.
5519.
5519.
5522.
5524.
5527.
5528.
5532.
5534.
5539.
5542.
5545.
5549.
5551.
5555.
5559.
5563.
5567.
5571.
5577.
5580.
5586.
5589.
5593.
5598.
5604.
5609.
5615.
5620.
5625.
5631.
5636.
5641.
5646.
5652.
5656.
5663.
5668.
5674.
5679.
5686.
5691.
5696.
5702.
5707.
5711.
5713.
5713.
5711.
5708.
5702.
5697.
5690.
5682.
5676.
5670.
5663.
5657.
5653.
5651.
5650.
5649.
5648.
5648.
5646.
5646.
5646.
5645.
5644.
5642.
5640.
5639.
5637.
5635.
5634.
5631.
5629.
5627.
5626.
5623.
5620.
5619.
5616.
5615.
5613.
5609.
5607.
5605.
5603.
5601.
5599.
5596.
5594.
5593.
5592.
5591.
5588.
5588.
5587.
5587.
5586.
5584.
5584.
5584.
5585.
5585.
5586.
5586.
5587.
5588.
5588.
5589.
5590.
5591.
5592.
5595.
5596.
5599.
5602.
5604.
5607.
5609.
5612.
5615.
5618.
5622.
5625.
5628.
5631.
5636.
5639.
5642.
5646.
5650.
5655.
5660.
5665.
5670.
5677.
5682.
5688.
5694.
5699.
5706.
5713.
5718.
5724.
5730.
5736.
5741.
5746.
5752.
5757.
5761.
5766.
5767.
5769.
5768.
5766.
5762.
5757.
5751.
5742.
5736.
5725.
5717.
5707.
5700.
5693.
5687.
5679.
5672.
5667.
5661.
5656.
5652.
5648.
5643.
5640.
5638.
5636.
5632.
5630.
5629.
5627.
5625.
5624.
5622.
5621.
5621.
5620.
5619.
5620.
5620.
5618.
5619.
5617.
5618.
5618.
5617.
5616.
5616.
5618.
5616.
5616.
5616.
5617.
5617.
5617.
5618.
5619.
5619.
5621.
5622.
5622.
5623.
5625.
5626.
5628.
5629.
5630.
5633.
5635.
5637.
5639.
5642.
5643.
5644.
5646.
5650.
5653.
5654.
5658.
5661.
5664.
5666.
5669.
5672.
5675.
5678.
5681.
5685.
5688.
5692.
5696.
5700.
5703.
5706.
5709.
5713.
5717.
5720.
5725.
5728.
5731.
5735.
5739.
5742.
5745.
5749.
5753.
5758.
5761.
5765.
5768.
5773.
5776.
5781.
5785.
5790.
5794.
5797.
5800.
5804.
5809.
5812.
5817.
5821.
5825.
5828.
5833.
5836.
5840.
5844.
5847.
5851.
5855.
5859.
5861.
5866.
5871.
5873.
5878.
5883.
5887.
5890.
5894.
5899.
5904.
5907.
5913.
5916.
5921.
5925.
5930.
5934.
5939.
5943.
5946.
5949.
5954.
5957.
5960.
5964.
5968.
5971.
5971.
5972.
5969.
5963.
5956.
5947.
5937.
5924.
5910.
5897.
5883.
5869.
5856.
5845.
5833.
5824.
5817.
5812.
5808.
5805.
5803.
5802.
5800.
5799.
5796.
5794.
5791.
5791.
5790.
5787.
5786.
5785.
5783.
5782.
5780.
5779.
5777.
5776.
5774.
5772.
5771.
5769.
5767.
5767.
5765.
5764.
5762.
5761.
5760.
5759.
5757.
5756.
5755.
5754.
5753.
5752.
5751.
5751.
5749.
5749.
5749.
5748.
5747.
5747.
5747.
5748.
5749.
5750.
5748.
5750.
5750.
5752.
5753.
5754.
5755.
5756.
5759.
5761.
5764.
5770.
5780.
5796.
5817.
5842.
5870.
5901.
5932.
5965.
6001.
6033.
6065.
6096.
6129.
6160.
6193.
6227.
6260.
6292.
6324.
6358.
6393.
6428.
6462.
6497.
6532.
6566.
6602.
6637.
6673.
6708.
6744.
6779.
6813.
6847.
6881.
6914.
6948.
6981.
7014.
7047.
7080.
7113.
7142.
7172.
7202.
7235.
7267.
7299.
7332.
7362.
7393.
7424.
7453.
7482.
7512.
7542.
7570.
7599.
7628.
7655.
7683.
7709.
7733.
7757.
7780.
7801.
7819.
7838.
7855.
7870.
7885.
7899.
7913.
7926.
7939.
7950.
7962.
7973.
7982.
7993.
8003.
8013.
8023.
8032.
8041.
8048.
8056.
8065.
8074.
8083.
8090.
8098.
8105.
8114.
8119.
8125.
8131.
8137.
8142.
8147.
8152.
8156.
8161.
8165.
8167.
8172.
8174.
8176.
8179.
8182.
8184.
8185.
8186.
8188.
8190.
8191.
8191.
8192.
8192.
8193.
8192.
8193.
8192.
8191.
8191.
8190.
8190.
8190.
8189.
8188.
8187.
8189.
8196.
8207.
8224.
8245.
8265.
8290.
8316.
8342.
8369.
8395.
8423.
8450.
8476.
8500.
8524.
8547.
8567.
8589.
8607.
8623.
8637.
8651.
8662.
8672.
8682.
8691.
8701.
8710.
8718.
8727.
8734.
8742.
8750.
8758.
8764.
8771.
8777.
8785.
8791.
8798.
8804.
8809.
8815.
8821.
8825.
8828.
8833.
8838.
8841.
8843.
8847.
8851.
8851.
8852.
8855.
8855.
8856.
8858.
8859.
8859.
8858.
8858.
8857.
8856.
8857.
8855.
8853.
8853.
8852.
8851.
8849.
8848.
8846.
8845.
8843.
8842.
8841.
8840.
8838.
8835.
8835.
8834.
8833.
8831.
8829.
8827.
8825.
8824.
8821.
8821.
8821.
8820.
8825.
8832.
8841.
8851.
8865.
8879.
8895.
8912.
8928.
8945.
8960.
8975.
8990.
9005.
9020.
9035.
9052.
9068.
9084.
9099.
9112.
9126.
9139.
9152.
9165.
9178.
9190.
9201.
9213.
9225.
9234.
9245.
9255.
9263.
9272.
9280.
9288.
9295.
9302.
9308.
9313.
9318.
9322.
9327.
9331.
9334.
9337.
9341.
9344.
9345.
9347.
9349.
9350.
9350.
9351.
9350.
9350.
9351.
9349.
9347.
9347.
9347.
9344.
9342.
9341.
9339.
9336.
9334.
9331.
9328.
9325.
9323.
9319.
9317.
9313.
9310.
9308.
9303.
9301.
9297.
9293.
9290.
9286.
9282.
9277.
9274.
9270.
9266.
9262.
9259.
9255.
9249.
9245.
9242.
9238.
9233.
9229.
9225.
9220.
9217.
9213.
9210.
9206.
9202.
9200.
9197.
9194.
9191.
9189.
9188.
9186.
9185.
9183.
9184.
9183.
9183.
9183.
9183.
9184.
9184.
9185.
9184.
9185.
9185.
9185.
9184.
9183.
9182.
9181.
9182.
9181.
9181.
9180.
9179.
9178.
9178.
9177.
9176.
9175.
9174.
9172.
9171.
9169.
9168.
9167.
9165.
9164.
9163.
9161.
9160.
9158.
9157.
9155.
9155.
9155.
9154.
9154.
9154.
9155.
9155.
9155.
9155.
9155.
9155.
9154.
9155.
9155.
9154.
9156.
9157.
9157.
9156.
9157.
9158.
9158.
9159.
9160.
9158.
9160.
9159.
9161.
9162.
9162.
9162.
9164.
9165.
9165.
9166.
9168.
9170.
9171.
9171.
9172.
9173.
9175.
9176.
9177.
9179.
9179.
9181.
9182.
9183.
9185.
9187.
9188.
9189.
9190.
9191.
9192.
9194.
9196.
9197.
9198.
9200.
9200.
9202.
9202.
9203.
9203.
9204.
9206.
9206.
9205.
9205.
9206.
9208.
9209.
9209.
9210.
9211.
9211.
9212.
9212.
9211.
9210.
9210.
9208.
9207.
9206.
9203.
9202.
9199.
9197.
9196.
9194.
9194.
9193.
9194.
9193.
9194.
9193.
9193.
9193.
9193.
9192.
9192.
9192.
9192.
9191.
9191.
9191.
9189.
9190.
9189.
9188.
9187.
9187.
9185.
9184.
9183.
9181.
9180.
9179.
9178.
9176.
9176.
9175.
9173.
9171.
9170.
9170.
9168.
9167.
9165.
9163.
9162.
9161.
9158.
9157.
9156.
9155.
9153.
9151.
9149.
9147.
9146.
9145.
9142.
9142.
9139.
9138.
9137.
9135.
9132.
9132.
9131.
9129.
9127.
9127.
9125.
9123.
9122.
9119.
9119.
9117.
9114.
9113.
9113.
9110.
9111.
9108.
9106.
9104.
9103.
9102.
9100.
9098.
9096.
9095.
9094.
9092.
9090.
9088.
9087.
9085.
9084.
9084.
9082.
9080.
9079.
9078.
9078.
9076.
9075.
9074.
9073.
9072.
9072.
9069.
9069.
9068.
9067.
9065.
9064.
9064.
9062.
9063.
9063.
9064.
9065.
9065.
9066.
9068.
9070.
9072.
9075.
9077.
9080.
9082.
9086.
9089.
9094.
9097.
9099.
9100.
9102.
9104.
9106.
9107.
9107.
9108.
9110.
9111.
9113.
9114.
9115.
9116.
9117.
9119.
9120.
9121.
9122.
9124.
9126.
9128.
9129.
9130.
9132.
9134.
9135.
9137.
9138.
9141.
9141.
9142.
9144.
9146.
9148.
9150.
9152.
9153.
9154.
9155.
9157.
9158.
9160.
9160.
9162.
9163.
9163.
9164.
9165.
9166.
9166.
9167.
9168.
9168.
9169.
9168.
9169.
9169.
9168.
9169.
9168.
9168.
9168.
9167.
9166.
9165.
9164.
9166.
9165.
9163.
9161.
9161.
9160.
9159.
9158.
9157.
9156.
9155.
9154.
9152.
9151.
9150.
9147.
9146.
9144.
9143.
9142.
9139.
9138.
9137.
9135.
9133.
9131.
9129.
9129.
9126.
9123.
9121.
9119.
9117.
9115.
9112.
9110.
9109.
9105.
9103.
9100.
9099.
9096.
9094.
9090.
9089.
9086.
9084.
9083.
9079.
9077.
9074.
9071.
9069.
9066.
9063.
9059.
9057.
9054.
9052.
9048.
9046.
9044.
9041.
9037.
9035.
9032.
9029.
9026.
9024.
9020.
9017.
9014.
9010.
9007.
9003.
9001.
8998.
8994.
8992.
8990.
8987.
8984.
8983.
8980.
8978.
8976.
8973.
8970.
8969.
8966.
8963.
8962.
8958.
8956.
8954.
8953.
8951.
8948.
8947.
8944.
8942.
8942.
8940.
8937.
8936.
8935.
8933.
8932.
8931.
8930.
8928.
8927.
8925.
8924.
8923.
8922.
8920.
8920.
8920.
8919.
8918.
8916.
8915.
8915.
8915.
8913.
8913.
8912.
8912.
8912.
8913.
8912.
8911.
8911.
8910.
8910.
8909.
8908.
8907.
8906.
8906.
8904.
8900.
8892.
8881.
8864.
8842.
8816.
8785.
8752.
8717.
8684.
8650.
8618.
8585.
8552.
8519.
8486.
8455.
8426.
8397.
8370.
8347.
8325.
8307.
8293.
8281.
8275.
8269.
8265.
8261.
8258.
8255.
8251.
8246.
8241.
8238.
8233.
8227.
8216.
8203.
8184.
8160.
8131.
8099.
8065.
8028.
7988.
7948.
7906.
7866.
7828.
7790.
7753.
7716.
7680.
7642.
7606.
7571.
7538.
7506.
7473.
7442.
7412.
7383.
7358.
7334.
7315.
7298.
7286.
7273.
7261.
7248.
7237.
7226.
7214.
7204.
7193.
7183.
7173.
7162.
7152.
7143.
7132.
7122.
7112.
7103.
7093.
7084.
7075.
7067.
7058.
7049.
7040.
7033.
7026.
7019.
7013.
7007.
7001.
6996.
6990.
6985.
6980.
6976.
6973.
6970.
6966.
6963.
6960.
6958.
6958.
6955.
6954.
6953.
6952.
6950.
6951.
6949.
6951.
6950.
6950.
6951.
6951.
6952.
6954.
6955.
6957.
6957.
6958.
6959.
6958.
6958.
6955.
6947.
6934.
6916.
6893.
6868.
6840.
6812.
6782.
6753.
6722.
6690.
6659.
6627.
6597.
6568.
6538.
6508.
6479.
6450.
6421.
6394.
6367.
6338.
6312.
6285.
6260.
6235.
6212.
6189.
6166.
6144.
6122.
6101.
6082.
6064.
6045.
6027.
6009.
5991.
5975.
5958.
5943.
5930.
5917.
5904.
5891.
5877.
5863.
5851.
5838.
5826.
5814.
5802.
5789.
5777.
5765.
5754.
5743.
5733.
5723.
5712.
5702.
5692.
5684.
5676.
5668.
5661.
5654.
5645.
5638.
5633.
5627.
5622.
5617.
5613.
5607.
5604.
5598.
5595.
5593.
5590.
5589.
5586.
5586.
5586.
5587.
5590.
5591.
5594.
5598.
5601.
5603.
5605.
5608.
5611.
5615.
5618.
5622.
5628.
5633.
5639.
5644.
5649.
5655.
5661.
5668.
5675.
5680.
5686.
5691.
5696.
5701.
5704.
5704.
5704.
5700.
5695.
5688.
5681.
5673.
5663.
5652.
5641.
5630.
5619.
5611.
5602.
5593.
5584.
5576.
5569.
5563.
5556.
5550.
5545.
5540.
5536.
5531.
5527.
5524.
5521.
5519.
5514.
5509.
5506.
5503.
5498.
5495.
5490.
5486.
5483.
5479.
5477.
5474.
5472.
5469.
5464.
5460.
5458.
5457.
5456.
5455.
5455.
5455.
5455.
5456.
5458.
5461.
5463.
5466.
5468.
5473.
5476.
5480.
5486.
5490.
5496.
5500.
5507.
5512.
5517.
5521.
5526.
5529.
5532.
5535.
5537.
5538.
5538.
5537.
5536.
5534.
5533.
5530.
5529.
5527.
5524.
5522.
5519.
5518.
5517.
5515.
5515.
5514.
5513.
5514.
5512.
5514.
5514.
5514.
5513.
5514.
5512.
5512.
5511.
5513.
5512.
5512.
5513.
5512.
5512.
5512.
5511.
5511.