5498.
5503.
5509.
5514.
5520.
5525.
5530.
5537.
5541.
5547.
5552.
5559.
5563.
5565.
5565.
5564.
5559.
5553.
5546.
5537.
5530.
5521.
5511.
5503.
5492.
5484.
5475.
5466.
5456.
5449.
5441.
5437.
5434.
5430.
5428.
5426.
5425.
5424.
5423.
5421.
5420.
5418.
5415.
5414.
5413.
5411.
5408.
5407.
5405.
5403.
5401.
5400.
5397.
5395.
5395.
5392.
5390.
5388.
5386.
5385.
5383.
5382.
5381.
5379.
5379.
5379.
5377.
5377.
5376.
5377.
5376.
5376.
5377.
5377.
5378.
5381.
5382.
5383.
5385.
5386.
5388.
5391.
5394.
5397.
5401.
5403.
5407.
5411.
5414.
5418.
5422.
5426.
5431.
5435.
5440.
5445.
5449.
5453.
5459.
5463.
5468.
5474.
5478.
5484.
5490.
5495.
5501.
5506.
5512.
5517.
5522.
5529.
5535.
5542.
5548.
5552.
5559.
5565.
5571.
5577.
5580.
5581.
5579.
5574.
5567.
5560.
5553.
5544.
5535.
5527.
5518.
5509.
5501.
5492.
5486.
5480.
5478.
5475.
5475.
5473.
5473.
5472.
5471.
5470.
5470.
5468.
5466.
5464.
5462.
5461.
5460.
5457.
5456.
5454.
5453.
5450.
5448.
5446.
5444.
5442.
5439.
5438.
5436.
5434.
5432.
5431.
5427.
5425.
5423.
5422.
5419.
5416.
5415.
5414.
5413.
5412.
5410.
5410.
5408.
5408.
5407.
5407.
5407.
5407.
5407.
5407.
5408.
5409.
5411.
5414.
5415.
5416.
5419.
5420.
5422.
5425.
5429.
5433.
5437.
5440.
5443.
5448.
5452.
5456.
5461.
5465.
5469.
5474.
5479.
5485.
5489.
5494.
5499.
5504.
5510.
5515.
5521.
5527.
5532.
5537.
5542.
5549.
5555.
5561.
5566.
5571.
5578.
5584.
5590.
5596.
5602.
5607.
5615.
5619.
5620.
5620.
5616.
5611.
5604.
5597.
5589.
5582.
5575.
5567.
5560.
5555.
5550.
5546.
5545.
5545.
5545.
5545.
5546.
5546.
5546.
5545.
5545.
5543.
5542.
5542.
5542.
5540.
5538.
5537.
5535.
5534.
5532.
5531.
5530.
5528.
5527.
5525.
5523.
5522.
5519.
5517.
5516.
5514.
5511.
5509.
5506.
5505.
5503.
5502.
5499.
5496.
5494.
5492.
5490.
5487.
5485.
5484.
5482.
5479.
5478.
5476.
5476.
5474.
5474.
5473.
5472.
5471.
5470.
5470.
5470.
5470.
5469.
5471.
5471.
5472.
5472.
5472.
5473.
5475.
5476.
5479.
5480.
5482.
5482.
5484.
5488.
5490.
5493.
5496.
5497.
5501.
5505.
5507.
5511.
5514.
5517.
5521.
5526.
5529.
5533.
5537.
5541.
5545.
5550.
5554.
5559.
5563.
5568.
5574.
5579.
5584.
5589.
5594.
5599.
5606.
5612.
5618.
5621.
5628.
5633.
5640.
5646.
5652.
5658.
5664.
5670.
5677.
5682.
5689.
5695.
5700.
5702.
5701.
5698.
5693.
5687.
5680.
5677.
5671.
5667.
5663.
5662.
5661.
5662.
5663.
5664.
5664.
5665.
5666.
5667.
5667.
5667.
5668.
5667.
5668.
5667.
5665.
5665.
5665.
5664.
5663.
5662.
5661.
5661.
5660.
5659.
5657.
5655.
5654.
5652.
5650.
5649.
5646.
5644.
5643.
5641.
5639.
5636.
5635.
5633.
5630.
5630.
5626.
5623.
5621.
5619.
5617.
5615.
5612.
5610.
5607.
5606.
5604.
5601.
5600.
5597.
5596.
5593.
5591.
5589.
5590.
5587.
5586.
5585.
5584.
5583.
5581.
5580.
5580.
5580.
5578.
5578.
5578.
5578.
5578.
5579.
5578.
5579.
5580.
5581.
5583.
5584.
5584.
5586.
5587.
5589.
5590.
5592.
5593.
5595.
5598.
5600.
5602.
5604.
5607.
5609.
5612.
5614.
5617.
5620.
5623.
5625.
5628.
5632.
5636.
5639.
5643.
5647.
5650.
5652.
5656.
5662.
5666.
5670.
5675.
5679.
5684.
5689.
5693.
5698.
5702.
5707.
5712.
5718.
5723.
5727.
5732.
5738.
5743.
5750.
5757.
5763.
5767.
5773.
5780.
5787.
5793.
5798.
5802.
5804.
5803.
5800.
5796.
5792.
5788.
5785.
5783.
5782.
5783.
5783.
5786.
5788.
5790.
5791.
5793.
5796.
5797.
5798.
5800.
5800.
5801.
5801.
5803.
5803.
5802.
5804.
5804.
5803.
5803.
5803.
5803.
5802.
5801.
5801.
5800.
5799.
5800.
5799.
5797.
5796.
5795.
5793.
5792.
5790.
5788.
5786.
5784.
5782.
5781.
5779.
5777.
5776.
5773.
5770.
5768.
5767.
5765.
5762.
5759.
5758.
5755.
5753.
5751.
5749.
5747.
5744.
5742.
5740.
5738.
5736.
5734.
5732.
5731.
5729.
5728.
5726.
5723.
5723.
5721.
5719.
5718.
5717.
5716.
5715.
5715.
5714.
5713.
5711.
5711.
5712.
5712.
5712.
5710.
5711.
5712.
5712.
5712.
5713.
5714.
5715.
5715.
5715.
5717.
5718.
5718.
5720.
5722.
5723.
5724.
5726.
5728.
5729.
5732.
5733.
5736.
5737.
5740.
5741.
5744.
5747.
5749.
5751.
5754.
5758.
5761.
5764.
5767.
5769.
5771.
5775.
5779.
5782.
5785.
5790.
5794.
5797.
5802.
5806.
5811.
5815.
5819.
5823.
5828.
5833.
5837.
5843.
5848.
5853.
5859.
5865.
5871.
5876.
5882.
5886.
5892.
5899.
5904.
5908.
5910.
5910.
5908.
5904.
5900.
5896.
5892.
5892.
5891.
5892.
5893.
5895.
5898.
5900.
5903.
5905.
5908.
5909.
5912.
5913.
5915.
5917.
5918.
5920.
5920.
5921.
5921.
5922.
5922.
5923.
5925.
5924.
5925.
5925.
5925.
5925.
5924.
5925.
5924.
5923.
5923.
5922.
5922.
5920.
5920.
5919.
5918.
5917.
5916.
5915.
5914.
5912.
5911.
5909.
5908.
5905.
5904.
5903.
5902.
5899.
5896.
5894.
5893.
5892.
5889.
5887.
5885.
5884.
5881.
5879.
5877.
5875.
5873.
5871.
5869.
5867.
5864.
5863.
5861.
5860.
5857.
5857.
5855.
5855.
5856.
5860.
5864.
5871.
5878.
5883.
5886.
5890.
5892.
5893.
5894.
5896.
5898.
5899.
5898.
5900.
5901.
5902.
5904.
5903.
5904.
5906.
5906.
5907.
5908.
5910.
5912.
5914.
5914.
5916.
5917.
5917.
5920.
5921.
5924.
5924.
5926.
5928.
5929.
5931.
5932.
5935.
5937.
5939.
5941.
5943.
5945.
5947.
5949.
5952.
5953.
5955.
5958.
5960.
5963.
5965.
5968.
5971.
5972.
5975.
5979.
5981.
5983.
5988.
5990.
5993.
5996.
5998.
6002.
6006.
6010.
6012.
6017.
6020.
6025.
6028.
6031.
6036.
6040.
6044.
6048.
6053.
6059.
6062.
6067.
6072.
6079.
6083.
6088.
6094.
6099.
6104.
6111.
6116.
6121.
6128.
6134.
6140.
6146.
6153.
6159.
6166.
6173.
6179.
6184.
6188.
6190.
6188.
6185.
6182.
6179.
6177.
6176.
6175.
6178.
6179.
6183.
6187.
6192.
6194.
6198.
6201.
6204.
6206.
6209.
6212.
6213.
6215.
6218.
6221.
6223.
6226.
6228.
6231.
6233.
6235.
6237.
6239.
6242.
6243.
6246.
6247.
6250.
6251.
6252.
6254.
6255.
6256.
6257.
6259.
6260.
6259.
6260.
6262.
6262.
6263.
6262.
6263.
6264.
6263.
6263.
6264.
6264.
6264.
6263.
6264.
6264.
6264.
6262.
6263.
6263.
6262.
6261.
6261.
6261.
6260.
6260.
6259.
6258.
6257.
6257.
6256.
6256.
6255.
6253.
6253.
6251.
6251.
6250.
6249.
6248.
6247.
6248.
6250.
6252.
6257.
6265.
6273.
6282.
6290.
6296.
6302.
6308.
6312.
6316.
6320.
6321.
6323.
6325.
6327.
6328.
6331.
6332.
6334.
6335.
6336.
6339.
6339.
6341.
6342.
6344.
6346.
6348.
6349.
6351.
6353.
6355.
6356.
6358.
6358.
6361.
6362.
6365.
6368.
6369.
6369.
6371.
6375.
6376.
6377.
6380.
6382.
6383.
6385.
6386.
6388.
6391.
6393.
6394.
6396.
6398.
6400.
6401.
6403.
6407.
6409.
6409.
6411.
6413.
6416.
6417.
6419.
6421.
6423.
6425.
6428.
6429.
6431.
6432.
6434.
6435.
6437.
6438.
6440.
6442.
6443.
6445.
6448.
6449.
6450.
6453.
6454.
6456.
6457.
6459.
6461.
6463.
6464.
6466.
6467.
6468.
6469.
6471.
6472.
6474.
6475.
6477.
6478.
6479.
6481.
6481.
6483.
6485.
6487.
6487.
6489.
6491.
6492.
6493.
6494.
6495.
6498.
6499.
6502.
6503.
6504.
6507.
6509.
6511.
6512.
6514.
6516.
6516.
6517.
6519.
6523.
6525.
6529.
6534.
6542.
6553.
6564.
6575.
6587.
6597.
6607.
6615.
6623.
6629.
6635.
6640.
6645.
6649.
6651.
6654.
6656.
6657.
6658.
6660.
6662.
6665.
6666.
6667.
6671.
6673.
6675.
6679.
6683.
6686.
6690.
6692.
6695.
6698.
6701.
6704.
6707.
6711.
6715.
6718.
6722.
6726.
6730.
6734.
6739.
6743.
6746.
6751.
6756.
6762.
6765.
6772.
6776.
6781.
6787.
6791.
6797.
6803.
6807.
6814.
6819.
6826.
6831.
6837.
6842.
6848.
6854.
6862.
6868.
6876.
6882.
6888.
6895.
6901.
6909.
6916.
6923.
6930.
6938.
6944.
6951.
6959.
6967.
6974.
6982.
6991.
6999.
7006.
7012.
7019.
7022.
7023.
7024.
7025.
7022.
7024.
7025.
7030.
7036.
7044.
7051.
7058.
7065.
7072.
7078.
7084.
7088.
7093.
7098.
7103.
7108.
7112.
7117.
7121.
7123.
7126.
7129.
7132.
7135.
7137.
7140.
7143.
7146.
7149.
7149.
7153.
7157.
7160.
7162.
7166.
7170.
7173.
7175.
7178.
7181.
7185.
7188.
7192.
7196.
7200.
7204.
7206.
7211.
7215.
7217.
7220.
7224.
7228.
7232.
7236.
7240.
7243.
7248.
7251.
7255.
7258.
7262.
7266.
7271.
7274.
7279.
7282.
7287.
7289.
7293.
7297.
7301.
7305.
7308.
7313.
7317.
7321.
7324.
7328.
7333.
7337.
7341.
7345.
7350.
7354.
7358.
7363.
7368.
7372.
7377.
7381.
7386.
7390.
7395.
7400.
7405.
7411.
7415.
7420.
7426.
7431.
7434.
7440.
7445.
7451.
7456.
7463.
7468.
7473.
7479.
7486.
7491.
7498.
7505.
7511.
7513.
7515.
7513.
7509.
7502.
7494.
7487.
7482.
7476.
7474.
7471.
7468.
7466.
7464.
7461.
7460.
7458.
7456.
7456.
7456.
7457.
7459.
7461.
7463.
7465.
7467.
7469.
7471.
7472.
7475.
7475.
7477.
7478.
7481.
7483.
7485.
7485.
7487.
7489.
7490.
7492.
7495.
7495.
7499.
7500.
7502.
7504.
7506.
7507.
7508.
7509.
7510.
7513.
7513.
7513.
7515.
7517.
7518.
7518.
7520.
7521.
7522.
7522.
7524.
7525.
7526.
7527.
7528.
7528.
7530.
7532.
7532.
7533.
7532.
7533.
7533.
7533.
7533.
7534.
7536.
7537.
7537.
7538.
7538.
7537.
7539.
7540.
7541.
7540.
7540.
7541.
7542.
7543.
7543.
7544.
7544.
7543.
7544.
7545.
7544.
7544.
7546.
7545.
7545.
7546.
7547.
7547.
7547.
7547.
7547.
7548.
7548.
7548.
7550.
7550.
7550.
7549.
7552.
7552.
7552.
7553.
7553.
7554.
7554.
7555.
7556.
7556.
7557.
7557.
7558.
7559.
7559.
7561.
7560.
7562.
7563.
7563.
7564.
7565.
7565.
7566.
7567.
7567.
7567.
7566.
7567.
7566.
7565.
7564.
7563.
7562.
7562.
7561.
7561.
7562.
7561.
7562.
7563.
7563.
7563.
7564.
7564.
7565.
7565.
7567.
7568.
7568.
7570.
7571.
7572.
7572.
7574.
7576.
7575.
7576.
7578.
7580.
7580.
7581.
7584.
7586.
7586.
7586.
7588.
7590.
7591.
7593.
7593.
7595.
7595.
7597.
7599.
7600.
7602.
7603.
7605.
7606.
7609.
7610.
7612.
7613.
7617.
7617.
7621.
7623.
7625.
7627.
7630.
7632.
7635.
7638.
7640.
7643.
7645.
7650.
7652.
7656.
7661.
7663.
7667.
7672.
7676.
7680.
7684.
7689.
7694.
7699.
7703.
7708.
7714.
7719.
7724.
7730.
7736.
7742.
7747.
7753.
7757.
7761.
7762.
7760.
7755.
7749.
7744.
7740.
7738.
7737.
7740.
7743.
7748.
7752.
7756.
7761.
7765.
7769.
7772.
7776.
7778.
7782.
7783.
7786.
7791.
7793.
7795.
7798.
7801.
7804.
7805.
7807.
7809.
7810.
7815.
7816.
7819.
7822.
7823.
7825.
7827.
7830.
7831.
7833.
7836.
7838.
7840.
7841.
7843.
7845.
7847.
7848.
7851.
7852.
7854.
7856.
7858.
7860.
7862.
7862.
7864.
7865.
7867.
7869.
7871.
7872.
7874.
7875.
7877.
7878.
7880.
7881.
7882.
7882.
7883.
7885.
7886.
7886.
7888.
7889.
7890.
7890.
7892.
7893.
7894.
7896.
7896.
7897.
7898.
7900.
7901.
7902.
7902.
7904.
7905.
7906.
7907.
7909.
7909.
7910.
7912.
7911.
7912.
7913.
7913.
7915.
7915.
7917.
7916.
7917.
7917.
7918.
7918.
7919.
7919.
7920.
7922.
7924.
7925.
7927.
7929.
7931.
7933.
7936.
7939.
7941.
7944.
7947.
7950.
7953.
7955.
7958.
7962.
7966.
7968.
7973.
7976.
7980.
7983.
7985.
7988.
7991.
7994.
7997.
7999.
8001.
8003.
8006.
8011.
8013.
8016.
8019.
8023.
8024.
8027.
8031.
8033.
8036.
8040.
8042.
8046.
8050.
8053.
8057.
8061.
8064.
8068.
8071.
8074.
8078.
8082.
8085.
8088.
8093.
8097.
8102.
8107.
8111.
8115.
8120.
8124.
8128.
8133.
8137.
8143.
8148.
8153.
8159.
8162.
8168.
8174.
8179.
8185.
8191.
8196.
8203.
8207.
8214.
8220.
8225.
8232.
8239.
8246.
8251.
8259.
8264.
8270.
8279.
8285.
8292.
8299.
8304.
8313.
8319.
8327.
8332.
8340.
8349.
8355.
8361.
8367.
8373.
8380.
8386.
8393.
8399.
8406.
8410.
8416.
8422.
8427.
8432.
8438.
8443.
8446.
8451.
8456.
8460.
8463.
8466.
8469.
8473.
8476.
8480.
8484.
8485.
8489.
8491.
8494.
8496.
8498.
8501.
8503.
8505.
8506.
8508.
8511.
8513.
8514.
8516.
8517.
8518.
8521.
8521.
8523.
8525.
8526.
8527.
8528.
8528.
8530.
8529.
8531.
8532.
8533.
8535.
8537.
8536.
8536.
8538.
8538.
8539.
8540.
8539.
8540.
8540.
8541.
8543.
8543.
8542.
8542.
8541.
8542.
8542.
8544.
8544.
8543.
8543.
8544.
8545.
8545.
8543.
8543.
8544.
8544.
8544.
8544.
8544.
8543.
8543.
8542.
8543.
8543.
8544.
8543.
8542.
8543.
8542.
8543.
8543.
8542.
8542.
8540.
8540.
8541.
8541.
8541.
8541.
8540.
8539.
8539.
8539.
8540.
8539.
8539.
8539.
8539.
8537.
8537.
8537.
8537.
8537.
8537.
8537.
8536.
8534.
8535.
8535.
8533.
8533.
8533.
8534.
8533.
8532.
8531.
8532.
8531.
8531.
8530.
8531.
8532.
8531.
8532.
8530.
8530.
8530.
8529.
8531.
8529.
8530.
8530.
8530.
8531.
8530.
8530.
8529.
8529.
8530.
8529.
8531.
8531.
8532.
8533.
8532.
8533.
8534.
8533.
8534.
8535.
8535.
8537.
8538.
8537.
8538.
8541.
8540.
8542.
8543.
8545.
8546.
8548.
8549.
8551.
8552.
8555.
8556.
8559.
8561.
8563.
8565.
8567.
8569.
8572.
8576.
8579.
8582.
8584.
8587.
8591.
8595.
8599.
8604.
8607.
8611.
8616.
8621.
8626.
8631.
8636.
8642.
8646.
8650.
8657.
8662.
8669.
8675.
8681.
8686.
8693.
8700.
8706.
8712.
8718.
8725.
8731.
8738.
8743.
8750.
8756.
8763.
8768.
8774.
8780.
8786.
8791.
8795.
8801.
8806.
8810.
8813.
8817.
8819.
8823.
8825.
8827.
8828.
8831.
8833.
8834.
8834.
8835.
8837.
8836.
8836.
8836.
8835.
8835.
8835.
8833.
8834.
8833.
8831.
8832.
8830.
8828.
8826.
8824.
8824.
8822.
8820.
8818.
8815.
8814.
8812.
8810.
8807.
8805.
8802.
8801.
8798.
8796.
8793.
8790.
8787.
8785.
8782.
8780.
8781.
8783.
8789.
8794.
8803.
8813.
8821.
8832.
8841.
8849.
8859.
8866.
8872.
8878.
8882.
8887.
8891.
8893.
8896.
8899.
8902.
8904.
8909.
8912.
8917.
8921.
8925.
8928.
8933.
8938.
8943.
8947.
8953.
8958.
8963.
8969.
8974.
8979.
8986.
8991.
8997.
9001.
9009.
9016.
9021.
9027.
9034.
9040.
9047.
9054.
9059.
9067.
9073.
9078.
9085.
9091.
9096.
9102.
9108.
9112.
9115.
9120.
9123.
9127.
9129.
9132.
9134.
9136.
9135.
9137.
9138.
9138.
9138.
9137.
9137.
9136.
9136.
9135.
9134.
9131.
9130.
9128.
9127.
9124.
9122.
9120.
9118.
9116.
9114.
9111.
9108.
9104.
9102.
9099.
9095.
9093.
9089.
9086.
9083.
9080.
9076.
9072.
9070.
9067.
9064.
9061.
9061.
9064.
9069.
9075.
9083.
9092.
9102.
9113.
9122.
9133.
9144.
9155.
9165.
9176.
9185.
9195.
9202.
9208.
9215.
9222.
9226.
9232.
9235.
9241.
9245.
9250.
9254.
9258.
9262.
9266.
9271.
9274.
9280.
9284.
9287.
9292.
9297.
9300.
9305.
9310.
9315.
9319.
9323.
9327.
9331.
9334.
9339.
9342.
9347.
9348.
9352.
9354.
9357.
9360.
9363.
9364.
9365.
9366.
9367.
9367.
9367.
9366.
9364.
9364.
9363.
9361.
9360.
9358.
9357.
9355.
9353.
9351.
9348.
9346.
9343.
9339.
9338.
9334.
9331.
9328.
9324.
9320.
9318.
9315.
9311.
9306.
9304.
9300.
9295.
9293.
9288.
9283.
9279.
9276.
9271.
9267.
9262.
9258.
9255.
9251.
9246.
9240.
9236.
9232.
9228.
9222.
9218.
9214.
9210.
9208.
9209.
9211.
9217.
9223.
9230.
9239.
9247.
9255.
9262.
9271.
9280.
9289.
9296.
9304.
9309.
9314.
9318.
9321.
9323.
9327.
9330.
9332.
9335.
9337.
9340.
9344.
9346.
9350.
9353.
9356.
9360.
9363.
9368.
9372.
9376.
9379.
9383.
9387.
9391.
9396.
9400.
9405.
9408.
9412.
9417.
9422.
9426.
9429.
9433.
9436.
9440.
9445.
9448.
9451.
9453.
9455.
9457.
9459.
9460.
9459.
9460.
9459.
9458.
9458.
9456.
9455.
9453.
9453.
9450.
9448.
9446.
9442.
9441.
9439.
9436.
9433.
9430.
9426.
9423.
9419.
9416.
9412.
9409.
9405.
9403.
9400.
9397.
9395.
9395.
9399.
9405.
9413.
9421.
9431.
9440.
9450.
9460.
9468.
9480.
9490.
9501.
9510.
9521.
9532.
9543.
9553.
9563.
9572.
9581.
9588.
9594.
9599.
9604.
9607.
9610.
9613.
9616.
9618.
9620.
9622.
9624.
9626.
9627.
9628.
9630.
9630.
9631.
9632.
9634.
9634.
9633.
9634.
9632.
9632.
9631.
9630.
9629.
9628.
9627.
9624.
9623.
9621.
9618.
9616.
9613.
9611.
9608.
9606.
9602.
9599.
9595.
9592.
9588.
9585.
9581.
9577.
9574.
9569.
9566.
9561.
9557.
9553.
9549.
9546.
9541.
9538.
9533.
9527.
9523.
9519.
9514.
9510.
9507.
9506.
9506.
9511.
9516.
9523.
9531.
9539.
9547.
9555.
9564.
9575.
9585.
9596.
9605.
9614.
9622.
9630.
9638.
9643.
9647.
9652.
9657.
9659.
9662.
9664.
9667.
9669.
9670.
9672.
9674.
9677.
9678.
9679.
9680.
9683.
9684.
9686.
9687.
9688.
9690.
9691.
9692.
9693.
9694.
9694.
9694.
9694.
9695.
9694.
9692.
9691.
9691.
9689.
9688.
9686.
9682.
9681.
9680.
9677.
9676.
9673.
9668.
9667.
9663.
9659.
9657.
9654.
9649.
9645.
9642.
9638.
9635.
9632.
9626.
9623.
9619.
9614.
9611.
9607.
9602.
9598.
9593.
9590.
9585.
9580.
9576.
9572.
9568.
9563.
9558.
9554.
9550.
9544.
9539.
9535.
9531.
9525.
9520.
9515.
9511.
9507.
9504.
9504.
9506.
9511.
9517.
9525.
9533.
9542.
9553.
9563.
9574.
9582.
9593.
9603.
9612.
9621.
9630.
9637.
9644.
9649.
9653.
9656.
9659.
9661.
9663.
9665.
9666.
9668.
9669.
9671.
9672.
9674.
9676.
9678.
9681.
9683.
9684.
9687.
9689.
9691.
9693.
9695.
9696.
9698.
9700.
9700.
9702.
9703.
9704.
9705.
9705.
9704.
9704.
9704.
9704.
9702.
9701.
9699.
9695.
9693.
9691.
9689.
9687.
9684.
9681.
9679.
9676.
9672.
9670.
9666.
9662.
9659.
9655.
9651.
9648.
9642.
9641.
9636.
9632.
9628.
9624.
9620.
9615.
9612.
9607.
9603.
9598.
9594.
9589.
9585.
9581.
9578.
9575.
9574.
9577.
9582.
9588.
9596.
9602.
9611.
9617.
9626.
9634.
9641.
9648.
9654.
9661.
9668.
9671.
9677.
9678.
9680.
9682.
9684.
9684.
9686.
9686.
9688.
9687.
9689.
9690.
9691.
9692.
9693.
9694.
9696.
9697.
9699.
9700.
9701.
9703.
9704.
9705.
9706.
9708.
9710.
9711.
9713.
9714.
9715.
9715.
9717.
9716.
9718.
9718.
9717.
9718.
9718.
9716.
9715.
9715.
9713.
9711.
9710.
9708.
9705.
9703.
9701.
9698.
9696.
9693.
9690.
9689.
9685.
9682.
9678.
9676.
9673.
9668.
9664.
9661.
9658.
9654.
9651.
9648.
9644.
9640.
9635.
9631.
9628.
9623.
9618.
9615.
9611.
9607.
9603.
9599.
9594.
9590.
9586.
9581.
9577.
9572.
9568.
9563.
9559.
9554.
9551.
9547.
9542.
9536.
9532.
9527.
9521.
9518.
9514.
9509.
9505.
9500.
9495.
9491.
9486.
9481.
9477.
9472.
9467.
9463.
9459.
9454.
9450.
9446.
9441.
9437.
9433.
9429.
9424.
9420.
9415.
9412.
9408.
9403.
9399.
9396.
9391.
9388.
9384.
9381.
9377.
9374.
9370.
9367.
9363.
9361.
9357.
9355.
9351.
9348.
9346.
9343.
9341.
9338.
9336.
9332.
9330.
9328.
9326.
9324.
9322.
9321.
9320.
9318.
9317.
9316.
9314.
9313.
9312.
9312.
9311.
9311.
9310.
9310.
9308.
9309.
9310.
9309.
9311.
9311.
9312.
9312.
9314.
9315.
9316.
9317.
9318.
9321.
9322.
9326.
9328.
9329.
9332.
9334.
9337.
9341.
9343.
9347.
9349.
9352.
9356.
9359.
9362.
9366.
9370.
9372.
9377.
9379.
9384.
9387.
9391.
9394.
9398.
9402.
9406.
9408.
9413.
9415.
9420.
9421.
9424.
9427.
9429.
9431.
9432.
9433.
9435.
9434.
9433.
9428.
9421.
9411.
9397.
9380.
9365.
9349.
9337.
9326.
9318.
9314.
9310.
9308.
9305.
9303.
9301.
9300.
9297.
9294.
9292.
9289.
9285.
9283.
9280.
9277.
9275.
9270.
9267.
9264.
9261.
9256.
9253.
9250.
9247.
9242.
9239.
9234.
9231.
9226.
9222.
9218.
9214.
9210.
9207.
9202.
9199.
9194.
9190.
9186.
9182.
9177.
9172.
9167.
9163.
9158.
9155.
9149.
9144.
9140.
9136.
9131.
9125.
9121.
9116.
9112.
9107.
9102.
9096.
9092.
9087.
9082.
9076.
9072.
9067.
9063.
9057.
9053.
9047.
9043.
9038.
9032.
9027.
9022.
9016.
9011.
9006.
9001.
8994.
8990.
8985.
8978.
8974.
8968.
8963.
8957.
8951.
8946.
8940.
8935.
8930.
8924.
8919.
8913.
8907.
8901.
8895.
8890.
8884.
8878.
8873.
8867.
8860.
8856.
8848.
8844.
8838.
8831.
8826.
8820.
8814.
8808.
8802.
8796.
8791.
8785.
8779.
8771.
8766.
8759.
8753.
8746.
8741.
8734.
8729.
8723.
8717.
8710.
8702.
8697.
8691.
8684.
8678.
8672.
8665.
8659.
8653.
8646.
8641.
8633.
8627.
8620.
8613.
8606.
8601.
8593.
8588.
8581.
8578.
8574.
8575.
8578.
8583.
8590.
8596.
8600.
8606.
8607.
8608.
8606.
8607.
8603.
8600.
8598.
8595.
8592.
8589.
8586.
8585.
8583.
8581.
8579.
8575.
8572.
8571.
8570.
8568.
8566.
8564.
8563.
8562.
8559.
8559.
8557.
8557.
8555.
8555.
8555.
8555.
8554.
8554.
8553.
8553.
8553.
8553.
8554.
8555.
8556.
8557.
8557.
8557.
8558.
8560.
8563.
8564.
8566.
8568.
8570.
8572.
8575.
8577.
8579.
8583.
8585.
8587.
8589.
8592.
8593.
8593.
8587.
8581.
8570.
8561.
8548.
8539.
8531.
8526.
8523.
8521.
8524.
8525.
8526.
8527.
8526.
8527.
8527.
8526.
8525.
8525.
8525.
8525.
8522.
8521.
8522.
8520.
8518.
8517.
8515.
8514.
8512.
8510.
8510.
8508.
8506.
8505.
8502.
8501.
8498.
8497.
8496.
8495.
8491.
8489.
8488.
8487.
8484.
8482.
8479.
8477.
8474.
8472.
8470.
8468.
8465.
8463.
8460.
8457.
8455.
8452.
8451.
8447.
8444.
8442.
8439.
8436.
8434.
8432.
8427.
8423.
8421.
8418.
8415.
8411.
8409.
8404.
8402.
8398.
8395.
8392.
8388.
8385.
8381.
8378.
8372.
8370.
8365.
8362.
8358.
8354.
8350.
8347.
8342.
8339.
8334.
8329.
8325.
8322.
8317.
8312.
8308.
8304.
8300.
8295.
8290.
8285.
8281.
8276.
8271.
8266.
8261.
8256.
8250.
8246.
8241.
8237.
8232.
8227.
8220.
8214.
8210.
8204.
8199.
8193.
8188.
8183.
8177.
8170.
8166.
8159.
8154.
8148.
8143.
8137.
8130.
8125.
8120.
8114.
8107.
8102.
8095.
8090.
8084.
8078.
8072.
8066.
8059.
8053.
8047.
8041.
8035.
8027.
8022.
8015.
8009.
8003.
7997.
7990.
7984.
7978.
7972.
7964.
7959.
7953.
7949.
7947.
7948.
7950.
7956.
7960.
7964.
7967.
7969.
7968.
7966.
7964.
7961.
7958.
7956.
7952.
7947.
7943.
7940.
7937.
7934.
7932.
7928.
7924.
7921.
7919.
7916.
7913.
7910.
7908.
7905.
7902.
7898.
7896.
7894.
7891.
7888.
7886.
7883.
7882.
7879.
7877.
7874.
7872.
7871.
7868.
7866.
7863.
7863.
7861.
7859.
7858.
7856.
7854.
7854.
7851.
7851.
7851.
7849.
7849.
7847.
7847.
7846.
7845.
7845.
7846.
7845.
7845.
7846.
7846.
7846.
7846.
7847.
7847.
7848.
7850.
7849.
7852.
7853.
7854.
7855.
7855.
7855.
7853.
7849.
7842.
7834.
7823.
7813.
7804.
7796.
7792.
7790.
7788.
7789.
7788.
7789.
7789.
7789.
7790.
7789.
7788.
7788.
7787.
7787.
7786.
7785.
7786.
7784.
7784.
7782.
7782.
7781.
7780.
7781.
7780.
7780.
7780.
7779.
7779.
7779.
7778.
7777.
7776.
7776.
7776.
7775.
7775.
7775.
7774.
7774.
7775.
7774.
7775.
7774.
7776.
7775.
7777.
7776.
7776.
7777.
7779.
7779.
7780.
7781.
7782.
7783.
7784.
7785.
7786.
7788.
7790.
7791.
7793.
7794.
7797.
7799.
7801.
7803.
7805.
7809.
7811.
7813.
7816.
7817.
7815.
7811.
7805.
7796.
7787.
7776.
7769.
7762.
7757.
7755.
7753.
7752.
7752.
7752.
7753.
7753.
7750.
7751.
7749.
7749.
7748.
7747.
7746.
7743.
7742.
7740.
7738.
7737.
7734.
7734.
7732.
7730.
7728.
7725.
7723.
7721.
7719.
7716.
7713.
7710.
7707.
7705.
7703.
7700.
7697.
7693.
7691.
7687.
7684.
7680.
7678.
7674.
7671.
7667.
7665.
7661.
7657.
7653.
7649.
7646.
7643.
7638.
7635.
7629.
7626.
7621.
7617.
7613.
7609.
7605.
7600.
7597.
7591.
7586.
7583.
7579.
7573.
7568.
7564.
7559.
7555.
7550.
7546.
7541.
7536.
7530.
7525.
7521.
7516.
7511.
7505.
7501.
7497.
7490.
7485.
7481.
7476.
7471.
7467.
7461.
7456.
7450.
7445.
7440.
7436.
7429.
7425.
7420.
7414.
7410.
7403.
7398.
7393.
7387.
7383.
7376.
7372.
7367.
7361.
7358.
7357.
7360.
7364.
7372.
7380.
7387.
7392.
7395.
7398.
7400.
7401.
7401.
7399.
7397.
7395.
7392.
7391.
7388.
7387.
7383.
7382.
7380.
7378.
7375.
7372.
7370.
7367.
7366.
7362.
7361.
7358.
7355.
7353.
7351.
7348.
7346.
7343.
7341.
7339.
7337.
7334.
7332.
7329.
7327.
7326.
7324.
7321.
7320.
7318.
7316.
7314.
7312.
7311.
7310.
7308.
7305.
7305.
7304.
7302.
7301.
7300.
7300.
7299.
7299.
7297.
7297.
7296.
7296.
7296.
7296.
7295.
7295.
7296.
7296.
7296.
7298.
7298.
7299.
7300.
7301.
7303.
7303.
7304.
7305.
7308.
7309.
7311.
7312.
7312.
7311.
7305.
7297.
7289.
7278.
7268.
7260.
7253.
7249.
7245.
7242.
7241.
7238.
7239.
7238.
7239.
7237.
7236.
7236.
7235.
7235.
7232.
7230.
7230.
7227.
7225.
7223.
7221.
7220.
7219.
7216.
7213.
7211.
7209.
7207.
7205.
7202.
7199.
7196.
7195.
7192.
7189.
7186.
7182.
7179.
7176.
7173.
7170.
7167.
7163.
7161.
7157.
7152.
7149.
7146.
7141.
7139.
7135.
7130.
7125.
7122.
7119.
7113.
7110.
7105.
7102.
7097.
7093.
7089.
7084.
7079.
7074.
7069.
7065.
7059.
7055.
7050.
7046.
7041.
7035.
7032.
7026.
7022.
7017.
7012.
7007.
7002.
6997.
6992.
6988.
6983.
6978.
6974.
6969.
6964.
6960.
6954.
6950.
6945.
6941.
6936.
6931.
6927.
6923.
6918.
6913.
6908.
6904.
6899.
6895.
6888.
6885.
6881.
6877.
6873.
6873.
6875.
6878.
6883.
6889.
6894.
6900.
6903.
6905.
6907.
6908.
6909.
6908.
6905.
6905.
6903.
6902.
6899.
6898.
6896.
6895.
6893.
6891.
6889.
6888.
6886.
6884.
6883.
6881.
6880.
6878.
6876.
6875.
6872.
6871.
6869.
6868.
6867.
6865.
6863.
6861.
6860.
6859.
6858.
6857.
6856.
6855.
6855.
6854.
6853.
6852.
6852.
6851.
6850.
6851.
6852.
6852.
6851.
6852.
6852.
6853.
6853.
6853.
6855.
6855.
6856.
6857.
6858.
6860.
6861.
6863.
6865.
6867.
6868.
6871.
6873.
6875.
6877.
6879.
6880.
6880.
6880.
6876.
6870.
6861.
6852.
6843.
6835.
6828.
6823.
6820.
6818.
6817.
6816.
6815.
6815.
6816.
6816.
6814.
6814.
6813.
6811.
6810.
6809.
6808.
6806.
6804.
6802.
6801.
6798.
6797.
6795.
6793.
6790.
6787.
6787.
6783.
6781.
6778.
6775.
6772.
6769.
6767.
6764.
6761.
6757.
6755.
6751.
6747.
6742.
6741.
6736.
6732.
6728.
6725.
6721.
6716.
6713.
6709.
6705.
6701.
6697.
6692.
6688.
6684.
6680.
6675.
6672.
6666.
6661.
6658.
6653.
6648.
6644.
6640.
6635.
6631.
6627.
6623.
6618.
6613.
6610.
6605.
6600.
6596.
6592.
6588.
6585.
6581.
6576.
6573.
6568.
6564.
6561.
6557.
6553.
6550.
6546.
6542.
6539.
6535.
6531.
6529.
6525.
6521.
6519.
6515.
6512.
6509.
6505.
6503.
6501.
6496.
6494.
6490.
6487.
6484.
6481.
6478.
6475.
6473.
6469.
6466.
6464.
6463.
6458.
6457.
6453.
6451.
6447.
6445.
6443.
6440.
6438.
6437.
6433.
6431.
6428.
6426.
6424.
6422.
6419.
6416.
6414.
6412.
6410.
6408.
6405.
6404.
6401.
6399.
6397.
6394.
6393.
6391.
6388.
6386.
6384.
6383.
6381.
6379.
6377.
6375.
6373.
6372.
6371.
6368.
6367.
6366.
6364.
6363.
6361.
6359.
6358.
6356.
6354.
6354.
6352.
6352.
6351.
6349.
6347.
6346.
6345.
6345.
6344.
6343.
6342.
6341.
6340.
6339.
6338.
6338.
6338.
6336.
6336.
6335.
6334.
6334.
6332.
6333.
6332.
6332.
6333.
6332.
6331.
6332.
6331.
6330.
6330.
6329.
6330.
6331.
6331.
6331.
6331.
6332.
6331.
6331.
6332.
6333.
6331.
6333.
6333.
6333.
6334.
6334.
6336.
6337.
6338.
6339.
6340.
6341.
6342.
6343.
6345.
6347.
6348.
6350.
6352.
6354.
6356.
6358.
6359.
6362.
6365.
6367.
6369.
6372.
6375.
6378.
6381.
6383.
6387.
6391.
6393.
6396.
6400.
6405.
6408.
6411.
6415.
6419.
6423.
6427.
6430.
6431.
6431.
6429.
6424.
6417.
6411.
6404.
6398.
6394.
6391.
6388.
6388.
6388.
6389.
6388.
6388.
6388.
6389.
6390.
6388.
6388.
6387.
6386.
6385.
6383.
6383.
6382.
6381.
6380.
6378.
6377.
6376.
6375.
6372.
6370.
6368.
6366.
6364.
6363.
6360.
6359.
6355.
6352.
6350.
6347.
6343.
6341.
6339.
6336.
6331.
6329.
6325.
6322.
6319.
6315.
6313.
6308.
6305.
6302.
6298.
6294.
6291.
6286.
6283.
6280.
6276.
6273.
6269.
6266.
6262.
6258.
6255.
6252.
6247.
6244.
6240.
6237.
6233.
6231.
6226.
6223.
6222.
6218.
6215.
6212.
6209.
6206.
6203.
6201.
6198.
6196.
6194.
6192.
6189.
6188.
6186.
6184.
6182.
6181.
6180.
6178.
6178.
6178.
6176.
6176.
6174.
6174.
6174.
6173.
6173.
6174.
6174.
6174.
6173.
6173.
6175.
6176.
6176.
6177.
6178.
6178.
6180.
6182.
6183.
6185.
6187.
6189.
6190.
6193.
6196.
6197.
6201.
6203.
6206.
6207.
6211.
6213.
6214.
6218.
6221.
6224.
6227.
6230.
6234.
6238.
6240.
6244.
6247.
6251.
6255.
6258.
6262.
6266.
6270.
6273.
6278.
6282.
6285.
6287.
6288.
6285.
6280.
6275.
6267.
6261.
6255.
6249.
6243.
6239.
6236.
6234.
6232.
6231.
6230.
6230.
6228.
6226.
6225.
6226.
6224.
6222.
6220.
6217.
6216.
6213.
6210.
6210.
6206.
6203.
6202.
6199.
6196.
6193.
6191.
6187.
6183.
6179.
6177.
6173.
6169.
6166.
6162.
6159.
6155.
6151.
6146.
6142.
6138.
6135.
6131.
6127.
6122.
6119.
6115.
6111.
6107.
6103.
6098.
6096.
6091.
6088.
6084.
6081.
6078.
6074.
6070.
6068.
6065.
6061.
6059.
6057.
6054.
6053.
6050.
6049.
6047.
6045.
6046.
6045.
6044.
6043.
6043.
6044.
6044.
6045.
6045.
6046.
6048.
6049.
6049.
6051.
6053.
6055.
6056.
6059.
6061.
6063.
6065.
6068.
6071.
6074.
6076.
6079.
6083.
6086.
6089.
6092.
6094.
6094.
6091.
6085.
6078.
6070.
6060.
6050.
6041.
6030.
6020.
6012.
6003.
5996.
5990.
5986.
5980.
5978.
5975.
5971.
5967.
5964.
5959.
5955.
5951.
5948.
5944.
5939.
5935.
5932.
5927.
5921.
5918.
5914.
5910.
5904.
5899.
5894.
5889.
5884.
5880.
5876.
5871.
5866.
5862.
5857.
5853.
5849.
5844.
5840.
5836.
5831.
5829.
5826.
5822.
5817.
5815.
5812.
5809.
5806.
5805.
5803.
5800.
5799.
5798.
5797.
5797.
5796.
5796.
5796.
5796.
5796.
5798.
5798.
5798.
5801.
5803.
5805.
5806.
5810.
5811.
5813.
5816.
5818.
5821.
5825.
5829.
5832.
5835.
5841.
5845.
5851.
5857.
5862.
5869.
5876.
5884.
5890.
5896.
5904.
5910.
5916.
5921.
5926.
5932.
5934.
5938.
5943.
5946.
5949.
5951.
5951.
5948.
5944.
5938.
5930.
5923.
5914.
5903.
5893.
5881.
5872.
5861.
5848.
5837.
5825.
5813.
5800.
5789.
5776.
5763.
5751.
5738.
5729.
5718.
5708.
5699.
5691.
5682.
5675.
5668.
5662.
5655.
5651.
5645.
5640.
5635.
5631.
5626.
5621.
5617.
5613.
5607.
5604.
5599.
5596.
5591.
5588.
5585.
5581.
5577.
5574.
5572.
5569.
5566.
5563.
5563.
5560.
5559.
5558.
5558.
5557.
5556.
5556.
5557.
5557.
5558.
5559.
5561.
5562.
5564.
5566.
5568.
5570.
5573.
5574.
5578.
5583.
5586.
5589.
5593.
5597.
5601.
5604.
5607.
5611.
5616.
5621.
5625.
5630.
5635.
5639.
5645.
5650.
5655.
5660.
5663.
5668.
5674.
5679.
5684.
5690.
5695.
5701.
5706.
5710.
5712.
5712.
5710.
5705.
5698.
5692.
5685.
5678.
5669.
5659.
5648.
5639.
5630.
5618.
5611.
5604.
5596.
5590.
5585.
5582.
5577.
5572.
5568.
5565.
5561.
5555.
5551.
5547.
5542.
5538.
5535.
5531.
5528.
5523.
5521.
5517.
5512.
5508.
5505.
5502.
5499.
5496.
5494.
5490.
5487.
5485.
5482.
5479.
5477.
5475.
5473.
5473.
5471.
5470.
5469.
5469.
5468.
5470.
5470.
5471.
5472.
5473.
5475.
5478.
5479.
5482.
5484.
5488.
5492.
5495.
5498.
5504.
5508.
5514.
5519.
5524.
5530.
5534.
5539.
5545.
5549.
5554.
5560.
5565.
5571.
5577.
5581.
5587.
5591.
5596.
5598.
5599.
5597.
5596.
5592.
5587.
5582.
5576.
5569.
5561.
5554.
5545.
5537.
5528.
5519.
5509.
5500.
5489.
5479.
5467.
5457.
5447.
5437.
5426.
5418.
5409.
5400.
5393.
5385.
5378.
5371.
5366.
5361.
5356.
5352.
5347.
5341.
5338.
5334.
5329.
5326.
5324.
5319.
5316.
5313.
5311.
5308.
5306.
5305.
5303.
5302.
5303.
5302.
5303.
5303.
5303.
5305.
5307.
5308.
5312.
5315.
5316.
5319.
5324.
5327.
5330.
5334.
5338.
5343.
5347.
5352.
5357.
5362.
5368.
5375.
5381.
5389.
5396.
5404.
5413.
5421.
5431.
5440.
5449.
5459.
5469.
5477.
5484.
5492.
5502.
5508.
5513.
5517.
5518.
5517.
5515.
5512.
5507.
5499.
5492.
5484.
5474.
5468.
5461.
5454.
5445.
5435.
5425.
5416.
5406.
5396.
5386.
5377.
5369.
5357.
5349.
5339.
5331.
5325.
5317.
5310.
5303.
5297.
5291.
5285.
5279.
5275.
5270.
5266.
5263.
5258.
5254.
5250.
5247.
5244.
5240.
5239.
5236.
5235.
5233.
5232.
5231.
5230.
5230.
5231.
5232.
5233.
5233.
5234.
5235.
5239.
5240.
5243.
5245.
5247.
5252.
5256.
5260.
5263.
5266.
5270.
5274.
5279.
5283.
5289.
5296.
5302.
5311.
5318.
5325.
5334.
5344.
5352.
5361.
5369.
5379.
5387.
5394.
5399.
5403.
5405.
5408.
5406.
5405.
5401.
5398.
5394.
5389.
5385.
5380.
5374.
5368.
5361.
5354.
5347.
5338.
5330.
5323.
5316.
5309.
5302.
5295.
5287.
5281.
5275.
5268.
5263.
5258.
5254.
5248.
5243.
5237.
5232.
5228.
5223.
5219.
5214.
5210.
5207.
5203.
5201.
5198.
5196.
5194.
5192.
5191.
5189.
5185.
5182.
5180.
5179.
5178.
5178.
5177.
5176.
5176.
5176.
5176.
5177.
5178.
5179.
5181.
5182.
5184.
5186.
5189.
5190.
5195.
5198.
5202.
5205.
5210.
5214.
5217.
5222.
5226.
5232.
5236.
5243.
5249.
5256.
5264.
5270.
5276.
5284.
5291.
5294.
5299.
5303.
5306.
5305.
5304.
5301.
5297.
5293.
5290.
5287.
5282.
5280.
5275.
5272.
5267.
5263.
5257.
5252.
5245.
5241.
5234.
5228.
5223.
5217.
5212.
5206.
5202.
5198.
5196.
5194.
5190.
5187.
5183.
5178.
5176.
5171.
5168.
5166.
5162.
5158.
5155.
5151.
5149.
5148.
5144.
5143.
5142.
5141.
5142.
5141.
5141.
5141.
5143.
5145.
5148.
5150.
5153.
5157.
5162.
5165.
5170.
5176.
5182.
5186.
5193.
5200.
5207.
5212.
5218.
5225.
5233.
5239.
5246.
5253.
5259.
5266.
5270.
5276.
5279.
5283.
5286.
5288.
5291.
5290.
5291.
5292.
5292.
5292.
5290.
5289.
5287.
5286.
5284.
5284.
5283.
5282.
5281.
5279.
5279.
5277.
5276.
5274.
5271.
5270.
5267.
5267.
5264.
5260.
5257.
5254.
5251.
5247.
5242.
5238.
5234.
5229.
5222.
5216.
5211.
5205.
5201.
5198.
5195.
5193.
5191.
5189.
5187.
5186.
5187.
5188.
5187.
5188.
5188.
5189.
5189.
5190.
5192.
5192.
5194.
5195.
5198.
5200.
5202.
5204.
5207.
5209.
5214.
5216.
5220.
5224.
5229.
5233.
5236.
5240.
5245.
5249.
5254.
5260.
5264.
5269.
5274.
5279.
5284.
5289.
5296.
5301.
5307.
5312.
5319.
5324.
5329.
5335.
5341.
5347.
5354.
5359.
5365.
5372.
5379.
5385.
5391.
5397.
5404.
5410.
5417.
5423.
5430.
5438.
5444.
5450.
5458.
5466.
5473.
5480.
5485.
5491.
5494.
5496.
5495.
5492.
5489.
5486.
5483.
5480.
5477.
5474.
5472.
5472.
5470.
5469.
5469.
5469.
5470.
5470.
5471.
5472.
5473.
5472.
5471.
5470.
5469.
5467.
5465.
5463.
5461.
5458.
5456.
5452.
5452.
5451.
5449.
5447.
5446.
5444.
5443.
5442.
5441.
5440.
5440.
5438.
5437.
5436.
5434.
5434.
5433.
5433.
5432.
5431.
5430.
5430.
5429.
5429.
5429.
5428.
5429.
5429.
5428.
5429.
5429.
5429.
5428.
5430.
5431.
5430.
5432.
5434.
5434.
5435.
5437.
5437.
5439.
5440.
5441.
5443.
5446.
5447.
5450.
5452.
5454.
5457.
5459.
5462.
5463.
5466.
5468.
5473.
5476.
5479.
5481.
5485.
5488.
5492.
5495.
5499.
5503.
5506.
5510.
5514.
5517.
5521.
5525.
5529.
5534.
5538.
5542.
5546.
5551.
5555.
5560.
5564.
5570.
5574.
5581.
5585.
5591.
5595.
5601.
5607.
5613.
5620.
5627.
5633.
5640.
5645.
5652.
5659.
5665.
5672.
5678.
5686.
5690.
5697.
5703.
5708.
5714.
5720.
5722.
5724.
5725.
5724.
5721.
5716.
5711.
5705.
5701.
5696.
5692.
5689.
5685.
5682.
5680.
5678.
5675.
5674.
5672.
5672.
5670.
5671.
5671.
5670.
5669.
5669.
5670.
5669.
5668.
5666.
5664.
5665.
5662.
5661.
5659.
5658.
5657.
5657.
5654.
5653.
5650.
5648.
5647.
5645.
5643.
5641.
5641.
5637.
5635.
5634.
5631.
5629.
5628.
5627.
5624.
5622.
5622.
5621.
5620.
5620.
5618.
5616.
5615.
5614.
5614.
5613.
5614.
5614.
5615.
5614.
5614.
5614.
5615.
5618.
5621.
5626.
5632.
5639.
5650.
5663.
5675.
5686.
5696.
5704.
5711.
5718.
5723.
5727.
5731.
5733.
5736.
5737.
5739.
5738.
5738.
5738.
5740.
5739.
5740.
5741.
5742.
5744.
5744.
5746.
5747.
5748.
5751.
5752.
5753.
5755.
5757.
5759.
5761.
5762.
5765.
5767.
5768.
5770.
5772.
5772.
5774.
5777.
5778.
5780.
5783.
5785.
5787.
5788.
5792.
5794.
5796.
5799.
5801.
5804.
5807.
5809.
5813.
5815.
5817.
5820.
5823.
5826.
5829.
5831.
5835.
5837.
5840.
5843.
5846.
5848.
5852.
5856.
5858.
5860.
5863.
5867.
5870.
5873.
5877.
5880.
5883.
5887.
5890.
5893.
5896.
5899.
5903.
5908.
5911.
5914.
5918.
5921.
5925.
5929.
5935.
5938.
5942.
5944.
5948.
5953.
5957.
5963.
5967.
5972.
5976.
5980.
5984.
5989.
5994.
5999.
6003.
6009.
6013.
6019.
6024.
6029.
6035.
6041.
6046.
6052.
6059.
6065.
6071.
6076.
6078.
6078.
6078.
6075.
6071.
6067.
6065.
6063.
6063.
6063.
6064.
6067.
6070.
6073.
6076.
6080.
6082.
6085.
6087.
6090.
6092.
6095.
6097.
6100.
6102.
6104.
6107.
6108.
6111.
6111.
6111.
6113.
6114.
6115.
6116.
6117.
6117.
6117.
6117.
6117.
6116.
6116.
6116.
6118.
6117.
6117.
6118.
6116.
6116.
6116.
6115.
6115.
6115.
6113.
6114.
6113.
6112.
6112.
6111.
6112.
6111.
6111.
6110.
6110.
6110.
6109.
6108.
6109.
6107.
6108.
6107.
6107.
6106.
6105.
6104.
6105.
6105.
6105.
6106.
6107.
6109.
6110.
6116.
6125.
6134.
6145.
6154.
6164.
6173.
6178.
6186.
6192.
6195.
6200.
6205.
6208.
6210.
6212.
6216.
6218.
6220.
6221.
6223.
6225.
6226.
6229.
6231.
6233.
6235.
6237.
6238.
6242.
6244.
6245.
6248.
6251.
6255.
6258.
6261.
6264.
6268.
6270.
6273.
6277.
6282.
6283.
6287.
6291.
6293.
6296.
6300.
6304.
6306.
6309.
6312.
6316.
6319.
6322.
6325.
6328.
6332.
6335.
6338.
6343.
6345.
6349.
6352.
6357.
6360.
6364.
6367.
6370.
6375.
6379.
6383.
6387.
6392.
6395.
6399.
6404.
6408.
6412.
6417.
6422.
6427.
6431.
6435.
6439.
6444.
6449.
6454.
6458.
6464.
6468.
6473.
6479.
6485.
6489.
6494.
6500.
6506.
6512.
6516.
6523.
6530.
6534.
6541.
6547.
6553.
6557.
6561.
6562.
6563.
6560.
6556.
6551.
6549.
6548.
6549.
6550.
6554.
6558.
6563.
6570.
6573.
6579.
6584.
6588.
6593.
6597.
6601.
6606.
6610.
6615.
6617.
6621.
6625.
6628.
6631.
6634.
6635.
6637.
6639.
6642.
6644.
6646.
6647.
6649.
6651.
6653.
6656.
6658.
6659.
6661.
6663.
6665.
6667.
6669.
6672.
6674.
6677.
6680.
6682.
6686.
6689.
6690.
6693.
6695.
6698.
6701.
6704.
6706.
6709.
6711.
6713.
6716.
6718.
6722.
6724.
6724.
6727.
6730.
6732.
6734.
6735.
6737.
6740.
6741.
6743.
6744.
6747.
6748.
6750.
6751.
6754.
6755.
6758.
6760.
6760.
6762.
6763.
6764.
6766.
6766.
6767.
6770.
6771.
6772.
6773.
6773.
6775.
6774.
6775.
6777.
6777.
6777.
6778.
6778.
6779.
6780.
6780.
6781.
6781.
6781.
6781.
6781.
6782.
6783.
6783.
6785.
6783.
6783.
6782.
6781.
6781.
6781.
6780.
6781.
6782.
6780.
6779.
6780.
6780.
6780.
6780.
6780.
6781.
6785.
6789.
6794.
6803.
6811.
6820.
6827.
6836.
6843.
6850.
6853.
6857.
6861.
6864.
6867.
6869.
6870.
6872.
6872.
6874.
6876.
6876.
6878.
6879.
6882.
6882.
6885.
6885.
6887.
6890.
6891.
6893.
6896.
6897.
6900.
6901.
6903.
6906.
6907.
6909.
6911.
6913.
6915.
6918.
6921.
6923.
6925.
6928.
6930.
6934.
6936.
6939.
6941.
6945.
6948.
6952.
6955.
6958.
6962.
6965.
6970.
6972.
6975.
6979.
6984.
6989.