9615.
9616.
9617.
9617.
9617.
9618.
9619.
9620.
9619.
9620.
9619.
9621.
9621.
9620.
9619.
9620.
9619.
9619.
9617.
9616.
9614.
9613.
9611.
9609.
9607.
9603.
9601.
9599.
9596.
9593.
9590.
9586.
9582.
9579.
9575.
9571.
9567.
9564.
9559.
9556.
9551.
9546.
9542.
9538.
9533.
9527.
9523.
9519.
9514.
9508.
9504.
9498.
9494.
9489.
9483.
9478.
9474.
9467.
9464.
9458.
9453.
9447.
9442.
9436.
9431.
9426.
9421.
9415.
9409.
9405.
9401.
9402.
9405.
9412.
9421.
9431.
9443.
9458.
9471.
9485.
9497.
9511.
9524.
9537.
9550.
9564.
9577.
9590.
9602.
9614.
9625.
9636.
9645.
9652.
9658.
9663.
9666.
9668.
9670.
9671.
9672.
9673.
9673.
9672.
9672.
9671.
9671.
9671.
9671.
9671.
9671.
9670.
9668.
9669.
9666.
9665.
9663.
9661.
9659.
9658.
9656.
9653.
9651.
9647.
9644.
9642.
9638.
9635.
9631.
9628.
9623.
9619.
9614.
9611.
9607.
9603.
9598.
9593.
9589.
9584.
9580.
9574.
9569.
9565.
9559.
9553.
9549.
9545.
9538.
9533.
9528.
9523.
9518.
9513.
9507.
9501.
9496.
9490.
9484.
9478.
9473.
9468.
9462.
9456.
9451.
9445.
9439.
9434.
9428.
9422.
9416.
9411.
9405.
9399.
9393.
9386.
9381.
9377.
9376.
9378.
9384.
9393.
9403.
9414.
9426.
9439.
9452.
9465.
9480.
9495.
9511.
9526.
9539.
9552.
9564.
9576.
9585.
9593.
9600.
9607.
9610.
9612.
9615.
9617.
9617.
9618.
9618.
9618.
9620.
9620.
9620.
9620.
9620.
9620.
9621.
9620.
9621.
9621.
9622.
9622.
9620.
9621.
9621.
9620.
9620.
9620.
9620.
9619.
9618.
9617.
9615.
9614.
9612.
9610.
9607.
9605.
9602.
9599.
9597.
9593.
9590.
9586.
9583.
9579.
9575.
9571.
9567.
9562.
9557.
9553.
9550.
9545.
9540.
9536.
9530.
9526.
9520.
9516.
9512.
9507.
9502.
9496.
9491.
9486.
9480.
9473.
9470.
9464.
9458.
9453.
9448.
9442.
9436.
9430.
9425.
9422.
9423.
9426.
9431.
9439.
9450.
9461.
9471.
9481.
9495.
9507.
9520.
9534.
9548.
9561.
9574.
9589.
9603.
9616.
9628.
9641.
9651.
9661.
9670.
9680.
9687.
9691.
9694.
9697.
9698.
9699.
9700.
9701.
9700.
9700.
9699.
9698.
9696.
9694.
9693.
9693.
9692.
9691.
9689.
9687.
9685.
9683.
9681.
9679.
9675.
9672.
9670.
9667.
9664.
9661.
9657.
9653.
9648.
9645.
9641.
9636.
9632.
9628.
9623.
9619.
9613.
9609.
9604.
9599.
9594.
9589.
9583.
9578.
9573.
9567.
9562.
9556.
9551.
9547.
9541.
9535.
9529.
9521.
9518.
9512.
9506.
9500.
9494.
9488.
9482.
9476.
9470.
9465.
9458.
9452.
9445.
9440.
9433.
9427.
9422.
9415.
9408.
9402.
9397.
9390.
9385.
9378.
9372.
9366.
9360.
9353.
9346.
9340.
9334.
9327.
9320.
9314.
9307.
9300.
9293.
9287.
9281.
9274.
9267.
9260.
9255.
9248.
9242.
9234.
9227.
9221.
9215.
9207.
9199.
9194.
9187.
9180.
9173.
9168.
9161.
9153.
9146.
9140.
9132.
9127.
9120.
9114.
9108.
9100.
9094.
9088.
9081.
9075.
9069.
9062.
9056.
9050.
9043.
9036.
9030.
9025.
9018.
9011.
9005.
9001.
8995.
8988.
8983.
8977.
8971.
8966.
8960.
8954.
8949.
8942.
8937.
8932.
8926.
8922.
8918.
8913.
8908.
8904.
8900.
8895.
8890.
8885.
8881.
8879.
8875.
8871.
8868.
8864.
8861.
8857.
8855.
8852.
8848.
8846.
8843.
8841.
8839.
8838.
8835.
8834.
8831.
8828.
8825.
8817.
8802.
8785.
8760.
8733.
8705.
8677.
8646.
8617.
8586.
8556.
8525.
8493.
8461.
8429.
8395.
8363.
8331.
8299.
8273.
8249.
8230.
8214.
8201.
8189.
8178.
8166.
8156.
8144.
8133.
8120.
8109.
8097.
8087.
8075.
8063.
8051.
8040.
8028.
8016.
8004.
7994.
7980.
7969.
7957.
7946.
7933.
7922.
7910.
7899.
7888.
7876.
7865.
7853.
7842.
7832.
7821.
7810.
7800.
7790.
7781.
7770.
7761.
7753.
7743.
7731.
7723.
7715.
7706.
7698.
7690.
7683.
7676.
7668.
7662.
7655.
7649.
7643.
7633.
7618.
7599.
7574.
7546.
7515.
7481.
7445.
7410.
7372.
7333.
7293.
7253.
7212.
7174.
7135.
7097.
7058.
7021.
6983.
6947.
6912.
6877.
6844.
6815.
6790.
6768.
6749.
6730.
6712.
6695.
6679.
6664.
6649.
6633.
6618.
6604.
6589.
6576.
6561.
6547.
6533.
6520.
6508.
6494.
6481.
6468.
6456.
6444.
6433.
6422.
6411.
6402.
6393.
6384.
6376.
6367.
6360.
6354.
6348.
6342.
6338.
6333.
6329.
6325.
6324.
6322.
6319.
6318.
6317.
6317.
6316.
6317.
6318.
6320.
6320.
6321.
6323.
6324.
6325.
6327.
6327.
6330.
6332.
6333.
6334.
6336.
6336.
6332.
6325.
6313.
6294.
6273.
6250.
6224.
6195.
6168.
6139.
6107.
6077.
6045.
6014.
5983.
5951.
5922.
5891.
5861.
5835.
5807.
5783.
5760.
5740.
5721.
5705.
5691.
5678.
5666.
5653.
5643.
5632.
5622.
5615.
5607.
5596.
5587.
5579.
5570.
5563.
5556.
5549.
5543.
5537.
5532.
5528.
5525.
5521.
5518.
5515.
5514.
5511.
5510.
5510.
5511.
5512.
5512.
5513.
5516.
5519.
5521.
5524.
5528.
5531.
5534.
5537.
5542.
5546.
5550.
5553.
5558.
5564.
5569.
5574.
5581.
5587.
5591.
5593.
5594.
5589.
5583.
5570.
5556.
5540.
5522.
5502.
5480.
5458.
5434.
5411.
5389.
5366.
5344.
5324.
5301.
5281.
5260.
5240.
5221.
5203.
5186.
5169.
5152.
5137.
5122.
5109.
5095.
5085.
5074.
5063.
5053.
5044.
5035.
5028.
5019.
5014.
5007.
5001.
4996.
4991.
4987.
4982.
4979.
4976.
4975.
4974.
4973.
4975.
4977.
4980.
4983.
4987.
4992.
4996.
5001.
5005.
5011.
5017.
5022.
5028.
5035.
5042.
5048.
5055.
5062.
5068.
5076.
5084.
5091.
5098.
5106.
5114.
5121.
5129.
5136.
5143.
5151.
5159.
5166.
5174.
5182.
5189.
5198.
5206.
5214.
5222.
5230.
5239.
5246.
5253.
5261.
5269.
5276.
5285.
5292.
5299.
5307.
5315.
5323.
5329.
5338.
5346.
5354.
5362.
5370.
5378.
5385.
5394.
5401.
5409.
5416.
5423.
5432.
5438.
5445.
5453.
5461.
5468.
5473.
5482.
5489.
5497.
5504.
5512.
5518.
5524.
5532.
5538.
5545.
5552.
5559.
5564.
5571.
5577.
5583.
5589.
5594.
5600.
5605.
5612.
5617.
5622.
5628.
5632.
5637.
5641.
5644.
5649.
5652.
5656.
5659.
5662.
5665.
5667.
5670.
5671.
5674.
5675.
5678.
5679.
5680.
5681.
5684.
5685.
5688.
5691.
5692.
5692.
5692.
5695.
5695.
5697.
5697.
5698.
5697.
5698.
5697.
5697.
5696.
5695.
5695.
5696.
5699.
5705.
5711.
5720.
5731.
5741.
5754.
5768.
5783.
5799.
5817.
5834.
5854.
5874.
5892.
5914.
5937.
5961.
5983.
6005.
6024.
6043.
6064.
6085.
6107.
6130.
6152.
6175.
6199.
6223.
6244.
6263.
6282.
6301.
6320.
6338.
6356.
6373.
6385.
6399.
6412.
6424.
6437.
6445.
6454.
6464.
6472.
6481.
6491.
6499.
6507.
6515.
6525.
6532.
6541.
6550.
6557.
6566.
6574.
6581.
6589.
6598.
6607.
6615.
6623.
6632.
6640.
6648.
6657.
6666.
6675.
6682.
6690.
6698.
6706.
6713.
6723.
6730.
6738.
6746.
6754.
6762.
6769.
6778.
6785.
6792.
6798.
6805.
6813.
6821.
6828.
6833.
6839.
6845.
6852.
6858.
6866.
6874.
6881.
6886.
6893.
6900.
6907.
6913.
6922.
6931.
6942.
6954.
6969.
6985.
7002.
7019.
7039.
7058.
7077.
7095.
7112.
7126.
7141.
7154.
7170.
7184.
7200.
7218.
7235.
7258.
7280.
7305.
7329.
7354.
7381.
7407.
7433.
7461.
7489.
7518.
7544.
7571.
7596.
7622.
7648.
7675.
7701.
7726.
7750.
7774.
7797.
7821.
7844.
7869.
7894.
7918.
7942.
7965.
7989.
8013.
8036.
8060.
8084.
8107.
8132.
8157.
8181.
8204.
8226.
8249.
8266.
8285.
8300.
8314.
8327.
8338.
8350.
8359.
8369.
8377.
8385.
8394.
8400.
8407.
8412.
8417.
8422.
8424.
8428.
8432.
8434.
8436.
8438.
8440.
8441.
8444.
8445.
8447.
8451.
8456.
8463.
8472.
8481.
8494.
8503.
8514.
8525.
8538.
8551.
8564.
8579.
8594.
8610.
8625.
8641.
8656.
8673.
8692.
8709.
8726.
8743.
8762.
8782.
8802.
8822.
8843.
8865.
8887.
8910.
8933.
8955.
8976.
8999.
9020.
9041.
9062.
9082.
9101.
9120.
9140.
9158.
9177.
9197.
9214.
9231.
9249.
9264.
9280.
9295.
9308.
9323.
9338.
9352.
9365.
9376.
9387.
9395.
9404.
9413.
9419.
9422.
9424.
9426.
9426.
9426.
9424.
9422.
9420.
9417.
9415.
9413.
9410.
9406.
9402.
9399.
9396.
9392.
9387.
9384.
9381.
9380.
9380.
9384.
9390.
9397.
9405.
9414.
9426.
9436.
9448.
9460.
9470.
9481.
9494.
9505.
9517.
9528.
9540.
9552.
9562.
9575.
9587.
9599.
9611.
9621.
9631.
9640.
9651.
9662.
9672.
9681.
9690.
9699.
9707.
9712.
9716.
9719.
9719.
9720.
9719.
9718.
9717.
9715.
9713.
9710.
9707.
9702.
9700.
9696.
9691.
9687.
9684.
9679.
9675.
9670.
9666.
9660.
9656.
9651.
9645.
9639.
9633.
9628.
9622.
9616.
9611.
9605.
9600.
9594.
9588.
9582.
9577.
9571.
9566.
9561.
9558.
9558.
9562.
9568.
9577.
9587.
9600.
9614.
9628.
9643.
9656.
9669.
9681.
9694.
9706.
9718.
9729.
9739.
9750.
9760.
9771.
9780.
9790.
9799.
9808.
9815.
9821.
9827.
9829.
9832.
9833.
9834.
9833.
9833.
9831.
9830.
9830.
9828.
9826.
9825.
9823.
9820.
9817.
9816.
9812.
9809.
9806.
9802.
9797.
9795.
9790.
9786.
9783.
9778.
9773.
9769.
9765.
9759.
9754.
9749.
9743.
9738.
9734.
9728.
9722.
9715.
9710.
9704.
9698.
9692.
9686.
9679.
9672.
9668.
9660.
9652.
9646.
9641.
9633.
9626.
9620.
9613.
9606.
9599.
9592.
9586.
9578.
9570.
9563.
9555.
9548.
9540.
9532.
9525.
9517.
9509.
9502.
9495.
9487.
9479.
9471.
9463.
9456.
9446.
9438.
9432.
9423.
9415.
9409.
9400.
9392.
9385.
9376.
9369.
9361.
9354.
9346.
9339.
9331.
9324.
9317.
9309.
9302.
9294.
9289.
9282.
9276.
9269.
9262.
9256.
9249.
9242.
9236.
9230.
9224.
9217.
9211.
9206.
9200.
9194.
9190.
9183.
9178.
9173.
9168.
9164.
9158.
9153.
9150.
9146.
9141.
9136.
9132.
9129.
9124.
9121.
9118.
9114.
9112.
9108.
9105.
9103.
9100.
9097.
9096.
9095.
9093.
9091.
9090.
9088.
9088.
9087.
9086.
9084.
9084.
9084.
9085.
9085.
9085.
9087.
9088.
9088.
9089.
9088.
9089.
9089.
9083.
9077.
9063.
9041.
9015.
8987.
8954.
8924.
8895.
8869.
8841.
8811.
8780.
8748.
8716.
8685.
8656.
8630.
8607.
8587.
8571.
8561.
8551.
8544.
8537.
8528.
8519.
8512.
8502.
8494.
8485.
8477.
8470.
8461.
8452.
8444.
8435.
8426.
8418.
8408.
8399.
8390.
8381.
8374.
8364.
8355.
8346.
8337.
8329.
8319.
8312.
8303.
8294.
8286.
8277.
8269.
8261.
8254.
8245.
8239.
8230.
8223.
8217.
8209.
8203.
8196.
8190.
8184.
8178.
8171.
8164.
8154.
8139.
8118.
8090.
8057.
8019.
7979.
7937.
7893.
7847.
7800.
7756.
7710.
7665.
7620.
7575.
7530.
7486.
7442.
7398.
7354.
7310.
7268.
7226.
7183.
7143.
7103.
7065.
7029.
6996.
6969.
6944.
6922.
6905.
6887.
6873.
6858.
6845.
6830.
6817.
6803.
6790.
6778.
6765.
6753.
6741.
6730.
6718.
6706.
6695.
6685.
6674.
6664.
6655.
6645.
6637.
6628.
6620.
6613.
6607.
6601.
6595.
6590.
6584.
6580.
6575.
6573.
6567.
6563.
6558.
6548.
6533.
6514.
6491.
6465.
6438.
6409.
6378.
6346.
6314.
6280.
6245.
6211.
6179.
6146.
6112.
6080.
6047.
6014.
5984.
5953.
5923.
5894.
5867.
5841.
5818.
5795.
5777.
5760.
5746.
5736.
5724.
5715.
5707.
5699.
5691.
5684.
5677.
5672.
5666.
5662.
5658.
5653.
5651.
5647.
5646.
5644.
5642.
5643.
5642.
5644.
5643.
5646.
5647.
5649.
5652.
5657.
5660.
5665.
5669.
5673.
5675.
5681.
5686.
5691.
5696.
5702.
5707.
5712.
5717.
5724.
5729.
5735.
5739.
5746.
5751.
5755.
5758.
5760.
5756.
5745.
5733.
5714.
5696.
5677.
5655.
5632.
5608.
5582.
5557.
5534.
5508.
5482.
5458.
5434.
5408.
5385.
5363.
5343.
5327.
5311.
5299.
5289.
5278.
5271.
5264.
5258.
5252.
5245.
5240.
5235.
5230.
5224.
5219.
5216.
5212.
5208.
5205.
5202.
5199.
5198.
5196.
5195.
5195.
5196.
5198.
5199.
5201.
5204.
5207.
5209.
5209.
5214.
5217.
5222.
5225.
5228.
5231.
5236.
5239.
5243.
5248.
5251.
5254.
5257.
5261.
5266.
5271.
5275.
5280.
5286.
5291.
5296.
5301.
5306.
5312.
5316.
5320.
5325.
5328.
5333.
5337.
5341.
5346.
5353.
5358.
5366.
5373.
5380.
5388.
5394.
5402.
5410.
5416.
5423.
5430.
5437.
5444.
5452.
5459.
5465.
5472.
5478.
5485.
5493.
5501.
5507.
5513.
5522.
5528.
5534.
5541.
5549.
5556.
5561.
5568.
5574.
5580.
5586.
5591.
5597.
5603.
5609.
5616.
5620.
5626.
5631.
5638.
5645.
5649.
5657.
5664.
5671.
5678.
5683.
5689.
5695.
5701.
5706.
5711.
5716.
5721.
5725.
5731.
5735.
5738.
5742.
5747.
5753.
5759.
5767.
5775.
5783.
5790.
5798.
5805.
5813.
5822.
5828.
5835.
5842.
5850.
5858.
5865.
5873.
5881.
5889.
5897.
5905.
5913.
5921.
5932.
5942.
5951.
5961.
5969.
5976.
5986.
5996.
6007.
6020.
6031.
6043.
6054.
6064.
6074.
6087.
6098.
6109.
6120.
6134.
6147.
6160.
6173.
6189.
6203.
6217.
6228.
6241.
6253.
6266.
6277.
6288.
6298.
6308.
6320.
6331.
6343.
6355.
6367.
6380.
6392.
6408.
6421.
6436.
6451.
6466.
6481.
6496.
6510.
6525.
6540.
6553.
6570.
6585.
6601.
6620.
6636.
6655.
6674.
6696.
6716.
6739.
6760.
6783.
6805.
6827.
6851.
6873.
6897.
6921.
6945.
6969.
6992.
7015.
7037.
7060.
7083.
7107.
7130.
7153.
7176.
7199.
7219.
7240.
7262.
7281.
7300.
7322.
7344.
7366.
7389.
7412.
7436.
7460.
7484.
7509.
7533.
7557.
7581.
7606.
7630.
7656.
7682.
7706.
7732.
7757.
7781.
7808.
7832.
7858.
7884.
7909.
7934.
7959.
7982.
8007.
8033.
8060.
8088.
8114.
8139.
8166.
8191.
8217.
8241.
8267.
8293.
8319.
8345.
8369.
8394.
8417.
8440.
8461.
8484.
8506.
8527.
8546.
8566.
8585.
8602.
8618.
8634.
8650.
8664.
8678.
8690.
8702.
8710.
8717.
8724.
8728.
8731.
8733.
8735.
8737.
8738.
8739.
8740.
8740.
8738.
8739.
8738.
8737.
8737.
8739.
8743.
8752.
8764.
8781.
8799.
8819.
8841.
8862.
8883.
8906.
8926.
8949.
8971.
8992.
9014.
9034.
9055.
9077.
9099.
9121.
9143.
9166.
9188.
9210.
9230.
9253.
9273.
9292.
9311.
9328.
9344.
9358.
9368.
9376.
9383.
9386.
9391.
9393.
9393.
9395.
9395.
9395.
9393.
9392.
9391.
9389.
9386.
9382.
9379.
9376.
9372.
9369.
9365.
9361.
9356.
9350.
9346.
9340.
9336.
9329.
9324.
9318.
9312.
9306.
9301.
9295.
9288.
9282.
9276.
9271.
9267.
9268.
9273.
9282.
9294.
9308.
9325.
9342.
9360.
9377.
9396.
9413.
9431.
9447.
9463.
9480.
9496.
9512.
9527.
9543.
9557.
9571.
9585.
9596.
9605.
9613.
9618.
9623.
9625.
9628.
9632.
9632.
9633.
9634.
9634.
9635.
9636.
9635.
9635.
9635.
9633.
9633.
9632.
9632.
9630.
9627.
9625.
9623.
9621.
9619.
9616.
9613.
9609.
9605.
9603.
9599.
9595.
9590.
9585.
9582.
9577.
9571.
9567.
9562.
9555.
9551.
9545.
9540.
9533.
9527.
9520.
9514.
9507.
9502.
9496.
9489.
9483.
9476.
9470.
9463.
9457.
9450.
9443.
9438.
9430.
9423.
9415.
9407.
9401.
9395.
9386.
9379.
9373.
9366.
9359.
9350.
9344.
9336.
9328.
9321.
9314.
9307.
9302.
9299.
9303.
9311.
9320.
9333.
9349.
9364.
9380.
9398.
9416.
9433.
9448.
9464.
9476.
9487.
9498.
9506.
9512.
9515.
9517.
9519.
9520.
9522.
9521.
9522.
9522.
9523.
9524.
9525.
9525.
9526.
9528.
9529.
9530.
9532.
9532.
9534.
9535.
9535.
9538.
9539.
9539.
9540.
9542.
9544.
9545.
9545.
9546.
9546.
9546.
9547.
9548.
9549.
9548.
9546.
9545.
9545.
9542.
9542.
9540.
9539.
9536.
9534.
9532.
9527.
9524.
9523.
9519.
9516.
9512.
9507.
9503.
9499.
9494.
9489.
9485.
9479.
9474.
9468.
9464.
9460.
9452.
9447.
9441.
9436.
9430.
9424.
9418.
9413.
9408.
9402.
9394.
9386.
9376.
9360.
9337.
9307.
9267.
9225.
9180.
9134.
9093.
9055.
9021.
8991.
8965.
8944.
8927.
8916.
8907.
8900.
8896.
8891.
8884.
8878.
8872.
8864.
8857.
8849.
8843.
8835.
8827.
8819.
8813.
8806.
8798.
8790.
8782.
8774.
8766.
8759.
8752.
8743.
8735.
8727.
8720.
8712.
8704.
8697.
8688.
8682.
8675.
8668.
8661.
8653.
8646.
8638.
8631.
8625.
8619.
8613.
8606.
8601.
8594.
8589.
8584.
8578.
8574.
8569.
8565.
8560.
8555.
8551.
8547.
8543.
8539.
8535.
8530.
8526.
8517.
8504.
8483.
8455.
8422.
8383.
8340.
8295.
8247.
8200.
8154.
8106.
8058.
8011.
7963.
7918.
7870.
7824.
7778.
7734.
7690.
7645.
7601.
7559.
7515.
7474.
7435.
7394.
7354.
7314.
7276.
7240.
7205.
7172.
7142.
7116.
7092.
7074.
7057.
7041.
7029.
7016.
7003.
6990.
6978.
6965.
6953.
6942.
6930.
6918.
6907.
6895.
6884.
6874.
6862.
6852.
6841.
6832.
6824.
6813.
6805.
6795.
6787.
6779.
6771.
6764.
6758.
6751.
6746.
6742.
6738.
6733.
6729.
6726.
6723.
6720.
6718.
6715.
6714.
6712.
6710.
6709.
6708.
6705.
6701.
6693.
6679.
6662.
6640.
6614.
6584.
6555.
6523.
6490.
6457.
6424.
6392.
6359.
6326.
6293.
6261.
6230.
6199.
6170.
6140.
6110.
6081.
6053.
6025.
5997.
5971.
5947.
5922.
5896.
5872.
5847.
5823.
5802.
5780.
5760.
5739.
5719.
5697.
5676.
5657.
5640.
5623.
5608.
5592.
5576.
5561.
5545.
5532.
5519.
5506.
5493.
5480.
5467.
5453.
5439.
5426.
5416.
5404.
5394.
5383.
5372.
5361.
5352.
5343.
5337.
5333.
5329.
5328.
5328.
5328.
5331.
5332.
5336.
5338.
5342.
5346.
5351.
5355.
5360.
5364.
5370.
5376.
5382.
5389.
5395.
5402.
5407.
5413.
5418.
5423.
5430.
5433.
5436.
5436.
5432.
5426.
5418.
5408.
5397.
5386.
5374.
5361.
5347.
5335.
5322.
5312.
5301.
5289.
5278.
5270.
5261.
5253.
5245.
5239.
5234.
5228.
5222.
5217.
5213.
5210.
5208.
5207.
5205.
5205.
5204.
5203.
5200.
5195.
5191.
5185.
5180.
5173.
5166.
5159.
5151.
5143.
5137.
5131.
5129.
5123.
5119.
5116.
5113.
5108.
5106.
5104.
5104.
5102.
5099.
5098.
5096.
5094.
5093.
5093.
5092.
5091.
5090.
5090.
5091.
5092.
5093.
5095.
5097.
5099.
5100.
5101.
5101.
5102.
5102.
5102.
5102.
5102.
5103.
5105.
5107.
5110.
5114.
5119.
5124.
5129.
5135.
5140.
5146.
5151.
5156.
5162.
5167.
5171.
5178.
5183.
5190.
5196.
5202.
5208.
5214.
5222.
5228.
5233.
5241.
5247.
5255.
5262.
5268.
5276.
5282.
5289.
5296.
5302.
5310.
5317.
5324.
5331.
5339.
5346.
5354.
5360.
5368.
5375.
5383.
5390.
5400.
5407.
5416.
5425.
5435.
5444.
5453.
5462.
5472.
5483.
5492.
5503.
5511.
5520.
5528.
5533.
5541.
5548.
5555.
5561.
5567.
5573.
5579.
5583.
5590.
5594.
5600.
5605.
5609.
5616.
5621.
5626.
5633.
5640.
5647.
5653.
5658.
5665.
5671.
5679.
5687.
5695.
5702.
5709.
5717.
5726.
5733.
5740.
5748.
5756.
5766.
5776.
5788.
5800.
5813.
5826.
5840.
5853.
5866.
5880.
5894.
5906.
5918.
5931.
5944.
5956.
5969.
5981.
5995.
6007.
6020.
6032.
6045.
6057.
6070.
6083.
6097.
6110.
6123.
6136.
6149.
6161.
6174.
6185.
6196.
6207.
6219.
6229.
6240.
6250.
6262.
6272.
6284.
6297.
6310.
6325.
6340.
6357.
6375.
6394.
6413.
6432.
6452.
6474.
6495.
6517.
6542.
6566.
6588.
6609.
6629.
6649.
6668.
6684.
6700.
6712.
6724.
6734.
6747.
6759.
6771.
6782.
6793.
6802.
6812.
6822.
6832.
6844.
6853.
6863.
6873.
6881.
6888.
6896.
6904.
6912.
6921.
6932.
6943.
6956.
6969.
6984.
7000.
7018.
7033.
7051.
7066.
7082.
7099.
7117.
7137.
7158.
7178.
7201.
7223.
7246.
7269.
7292.
7317.
7342.
7367.
7392.
7420.
7447.
7475.
7503.
7528.
7554.
7580.
7604.
7630.
7656.
7682.
7707.
7733.
7760.
7787.
7814.
7841.
7870.
7897.
7925.
7951.
7974.
7997.
8018.
8039.
8057.
8073.
8090.
8105.
8117.
8128.
8138.
8148.
8157.
8166.
8174.
8181.
8188.
8195.
8201.
8206.
8211.
8214.
8218.
8221.
8226.
8227.
8229.
8231.
8232.
8232.
8232.
8233.
8232.
8233.
8233.
8235.
8241.
8250.
8266.
8283.
8303.
8326.
8350.
8374.
8398.
8424.
8450.
8477.
8503.
8533.
8560.
8586.
8614.
8642.
8669.
8699.
8728.
8755.
8783.
8806.
8830.
8850.
8866.
8881.
8895.
8905.
8916.
8926.
8935.
8942.
8949.
8955.
8960.
8966.
8970.
8973.
8976.
8980.
8981.
8984.
8984.
8986.
8986.
8986.
8985.
8984.
8982.
8980.
8979.
8977.
8974.
8971.
8967.
8965.
8962.
8958.
8954.
8952.
8949.
8950.
8954.
8962.
8974.
8990.
9007.
9026.
9047.
9068.
9090.
9113.
9133.
9155.
9176.
9198.
9219.
9241.
9262.
9283.
9303.
9323.
9342.
9360.
9376.
9390.
9404.
9414.
9422.
9429.
9436.
9441.
9445.
9448.
9451.
9454.
9455.
9456.
9457.
9457.
9457.
9457.
9455.
9454.
9453.
9451.
9449.
9446.
9443.
9441.
9438.
9434.
9431.
9427.
9422.
9417.
9412.
9407.
9401.
9397.
9391.
9386.
9381.
9375.
9368.
9362.
9356.
9350.
9344.
9338.
9331.
9326.
9319.
9313.
9306.
9300.
9293.
9286.
9281.
9275.
9267.
9260.
9254.
9247.
9240.
9233.
9228.
9221.
9215.
9209.
9207.
9207.
9214.
9224.
9239.
9254.
9271.
9290.
9310.
9329.
9347.
9368.
9388.
9408.
9428.
9449.
9467.
9486.
9504.
9521.
9536.
9552.
9565.
9578.
9588.
9597.
9603.
9608.
9612.
9616.
9619.
9621.
9623.
9625.
9626.
9629.
9629.
9631.
9632.
9632.
9632.
9633.
9633.
9632.
9633.
9632.
9631.
9630.
9630.
9629.
9627.
9624.
9621.
9619.
9616.
9614.
9609.
9607.
9603.
9598.
9594.
9590.
9586.
9581.
9576.
9571.
9565.
9559.
9554.
9549.
9543.
9538.
9532.
9526.
9520.
9513.
9507.
9500.
9494.
9488.
9482.
9473.
9468.
9460.
9453.
9446.
9440.
9433.
9426.
9419.
9412.
9405.
9398.
9390.
9383.
9377.
9370.
9362.
9354.
9348.
9341.
9333.
9326.
9318.
9312.
9305.
9297.
9290.
9284.
9278.
9270.
9263.
9256.
9248.
9240.
9235.
9229.
9222.
9215.
9209.
9203.
9197.
9190.
9185.
9177.
9171.
9165.
9159.
9153.
9149.
9143.
9137.
9132.
9127.
9122.
9117.
9112.
9107.
9102.
9098.
9093.
9090.
9086.
9082.
9077.
9074.
9071.
9068.
9065.
9062.
9060.
9057.
9054.
9053.
9052.
9048.
9048.
9048.
9046.
9043.
9042.
9042.
9041.
9041.
9041.
9042.
9043.
9042.
9041.
9038.
9031.
9019.
9001.
8976.
8949.
8918.
8887.
8857.
8826.
8797.
8767.
8735.
8702.
8668.
8633.
8598.
8562.
8526.
8493.
8462.
8431.
8403.
8379.
8361.
8346.
8335.
8326.
8318.
8310.
8301.
8292.
8284.
8276.
8268.
8259.
8251.
8242.
8234.
8226.
8217.
8209.
8200.
8191.
8182.
8174.
8165.
8157.
8149.
8139.
8132.
8122.
8115.
8106.
8098.
8090.
8083.
8075.
8066.
8058.
8051.
8040.
8024.
8003.
7976.
7944.
7906.
7865.
7823.
7780.
7735.
7692.
7646.
7604.
7558.
7513.
7469.
7423.
7380.
7335.
7292.
7247.
7205.
7161.
7119.
7075.
7032.
6990.
6950.
6909.
6871.
6833.
6797.
6762.
6733.
6705.
6684.
6663.
6646.
6630.
6615.
6601.
6586.
6572.
6557.
6546.
6533.
6520.
6508.
6495.
6485.
6472.
6461.
6451.
6440.
6429.
6419.
6412.
6403.
6396.
6388.
6383.
6376.
6370.
6367.
6364.
6361.
6357.
6356.
6353.
6350.
6342.
6332.
6317.
6298.
6274.
6248.
6220.
6191.
6162.
6130.
6099.
6068.
6036.
6003.
5971.
5938.
5906.
5876.
5847.
5818.
5790.
5761.
5734.
5707.
5680.
5655.
5631.
5609.
5591.
5575.
5562.
5551.
5543.
5536.
5532.
5527.
5522.
5518.
5515.
5512.
5510.
5509.
5509.
5510.
5510.
5510.
5510.
5512.
5515.
5519.
5521.
5526.
5530.
5533.
5538.
5543.
5548.
5553.
5558.
5564.
5568.
5575.
5580.
5588.
5593.
5599.
5605.
5612.
5618.
5624.
5630.
5638.
5642.
5649.
5655.
5661.
5669.
5676.
5682.
5688.
5695.
5701.
5705.
5706.
5703.
5693.
5680.
5663.
5646.
5627.
5604.
5583.
5561.
5537.
5512.
5487.
5462.
5437.
5413.
5389.
5368.
5346.
5326.
5308.
5293.
5281.
5270.
5264.
5256.
5252.
5248.
5244.
5239.
5237.
5235.
5233.
5232.
5230.
5228.
5227.
5226.
5228.
5228.
5228.
5230.
5231.
5231.
5233.
5233.
5234.
5235.
5235.
5234.
5235.
5234.
5234.
5231.
5227.
5224.
5220.
5215.
5211.
5206.
5199.
5193.
5187.
5180.
5177.
5172.
5168.
5163.
5159.
5156.
5153.
5151.
5150.
5148.
5148.
5149.
5149.
5149.
5151.
5153.
5155.
5158.
5160.
5165.
5168.
5172.
5177.
5181.
5185.
5189.
5193.
5199.
5203.
5208.
5213.
5218.
5223.
5229.
5235.
5241.
5246.
5252.
5259.
5267.
5272.
5280.
5286.
5294.
5299.
5305.
5311.
5318.
5326.
5333.
5341.
5348.
5356.
5362.
5369.
5377.
5384.
5391.
5398.
5404.
5412.
5420.
5428.
5437.
5446.
5454.
5465.
5474.
5483.
5492.
5502.
5511.
5520.
5530.
5539.
5548.
5556.
5563.
5569.
5576.
5582.
5589.
5593.
5601.
5606.
5611.
5617.
5621.
5627.
5634.
5640.
5647.
5654.
5662.
5670.
5678.
5685.
5692.
5699.
5706.
5712.
5718.
5723.
5729.
5734.
5742.
5749.
5756.
5763.
5768.
5774.
5779.
5786.
5795.
5801.
5808.
5815.
5821.
5827.
5833.
5840.
5848.
5856.
5866.
5873.
5881.
5888.
5896.
5904.
5911.
5921.
5930.
5940.
5949.
5961.
5972.
5983.
5992.
6002.
6016.
6027.
6038.
6048.
6058.
6069.
6078.
6087.
6094.
6103.
6111.
6119.
6125.
6133.
6139.
6147.
6150.
6157.
6163.
6170.
6176.
6181.
6188.
6194.
6202.
6209.
6219.
6228.
6238.
6249.
6260.
6271.
6282.
6292.
6301.
6311.
6324.
6337.
6350.
6364.
6378.
6392.
6409.
6424.
6438.
6452.
6469.
6485.
6503.
6522.
6539.
6556.
6571.
6588.
6604.
6620.
6635.
6651.
6668.
6684.
6701.
6717.
6735.
6751.
6766.
6781.
6796.
6810.
6825.
6840.
6852.
6865.
6878.
6893.
6905.
6918.
6931.
6943.
6955.
6968.
6980.
6993.
7004.
7018.
7030.
7042.
7054.
7067.
7080.
7091.
7105.
7117.
7128.
7140.
7150.
7163.
7174.
7184.
7194.
7204.
7214.
7223.
7232.
7238.
7248.
7256.
7264.
7273.
7279.
7287.
7294.
7302.
7309.
7317.
7325.
7334.
7344.
7356.
7374.
7393.
7414.
7436.
7458.
7481.
7505.
7530.
7554.
7580.
7606.
7632.
7659.
7689.
7718.
7749.
7778.
7809.
7840.
7870.
7903.
7934.
7964.
7994.
8022.
8052.
8082.
8110.
8139.
8165.
8193.
8220.
8248.
8275.
8303.
8331.
8358.
8384.
8409.
8433.
8457.
8479.
8503.
8528.
8553.
8577.
8602.
8626.
8649.
8673.
8695.
8716.
8738.
8756.
8772.
8785.
8797.
8807.
8815.
8822.
8828.
8833.
8837.
8839.
8843.
8844.
8845.
8846.
8846.
8848.
8847.
8846.
8844.
8845.
8841.
8839.
8836.
8832.
8830.
8827.
8823.
8820.
8816.
8812.
8808.
8804.
8800.
8797.
8791.
8788.
8784.
8783.
8783.
8788.
8796.
8810.
8824.
8841.
8857.
8873.
8889.
8906.
8925.
8943.
8962.
8980.
8997.
9015.
9032.
9050.
9067.
9085.
9104.
9124.
9142.
9159.
9174.
9189.
9202.
9213.
9223.
9232.
9241.
9248.
9254.
9259.
9264.
9268.
9272.
9276.
9278.
9280.
9284.
9285.
9288.
9289.
9290.
9291.
9291.
9291.
9291.
9291.
9289.
9288.
9286.
9284.
9284.
9281.
9278.
9276.
9273.
9270.
9265.
9262.
9258.
9254.
9249.
9244.
9241.
9236.
9230.
9227.
9222.
9217.
9211.
9206.
9201.
9196.
9190.
9183.
9178.
9172.
9167.
9162.
9157.
9155.
9157.
9162.
9171.
9183.
9195.
9209.
9223.
9237.
9250.
9263.
9279.
9294.
9310.
9326.
9342.
9356.
9372.
9386.
9401.
9417.
9431.
9445.
9459.
9472.
9484.
9496.
9507.
9517.
9526.
9535.
9541.
9548.
9554.
9560.
9564.
9566.
9569.
9571.
9572.
9574.
9574.
9575.
9575.
9575.
9574.
9572.
9572.
9571.
9568.
9568.
9566.
9563.
9559.
9556.
9553.
9551.
9546.
9542.
9539.
9535.
9530.
9525.
9520.
9517.
9511.
9506.
9500.
9494.
9489.
9482.
9477.
9470.
9465.
9459.
9454.
9448.
9442.
9435.
9428.
9422.
9415.
9409.
9402.
9395.
9388.
9382.
9376.
9368.
9361.
9354.
9347.
9342.
9334.
9326.
9320.
9313.
9306.
9298.
9292.
9285.
9276.
9269.
9263.
9255.
9248.
9240.
9232.
9226.
9219.
9213.
9206.
9199.
9191.
9183.
9177.
9171.
9164.
9158.
9151.
9144.
9137.
9130.
9124.
9117.
9111.
9106.
9099.
9093.
9087.
9082.
9074.
9070.
9063.
9058.
9052.
9047.
9042.
9036.
9032.
9028.
9023.
9018.
9013.
9008.
9004.
9000.
8995.
8992.
8988.
8984.
8979.
8976.
8975.
8970.
8968.
8965.
8963.
8961.
8957.
8955.
8954.
8951.
8944.
8934.
8918.
8896.
8870.
8840.
8810.
8779.
8749.
8723.
8695.
8670.
8646.
8625.
8608.
8594.
8583.
8576.
8570.
8564.
8559.
8554.
8547.
8541.
8534.
8528.
8522.
8515.
8508.
8501.
8494.
8487.
8479.
8473.
8466.
8459.
8452.
8444.
8438.
8431.
8424.
8417.
8411.
8404.
8397.
8389.
8383.
8377.
8370.
8363.
8357.
8350.
8343.
8337.
8331.
8326.
8319.
8313.
8307.
8300.
8296.
8289.
8278.
8261.
8236.
8206.
8171.
8133.
8094.
8055.
8014.
7973.
7932.
7892.
7852.
7815.
7775.
7736.
7697.
7659.
7621.
7586.
7552.
7522.
7495.
7470.
7450.
7432.
7418.
7403.
7389.
7377.
7364.
7352.
7339.
7327.
7315.
7302.
7291.
7278.
7267.
7255.
7243.
7231.
7219.
7207.
7195.
7183.
7172.
7161.
7148.
7136.
7124.
7113.
7104.
7092.
7082.
7072.
7063.
7053.
7045.
7036.
7028.
7020.
7014.
7008.
7001.
6997.
6991.
6985.
6978.
6967.
6951.
6928.
6902.
6873.
6843.
6809.
6777.
6743.
6709.
6674.
6637.
6601.
6566.
6530.
6495.
6460.
6427.
6392.
6359.
6326.
6293.
6262.
6229.
6198.
6168.
6141.
6116.
6093.
6074.
6059.
6044.
6032.
6020.
6009.
5998.
5988.
5979.
5971.
5964.
5956.
5948.
5943.
5936.
5929.
5925.
5919.
5914.
5910.
5907.
5904.
5901.
5899.
5898.
5896.
5895.
5894.
5894.
5896.
5896.
5897.
5900.
5901.
5904.
5907.
5908.
5911.
5914.
5918.
5921.
5925.
5928.
5933.
5937.
5941.
5945.
5951.
5953.
5958.
5963.
5967.
5972.
5976.
5982.
5986.
5992.
5997.
6002.
6006.
6009.
6015.
6021.
6024.
6030.
6034.
6038.
6037.
6034.
6026.
6013.
5998.
5982.
5962.
5942.
5921.
5900.
5876.
5854.
5829.
5805.
5783.
5761.
5739.
5721.
5705.
5691.
5679.
5670.
5662.
5654.
5648.
5642.
5636.
5630.
5625.
5619.
5613.
5609.
5604.
5599.
5595.
5591.
5586.
5582.
5577.
5572.
5569.
5566.
5561.
5559.
5556.
5553.
5550.
5548.
5546.
5545.
5545.
5546.
5546.
5545.
5546.
5548.
5547.
5548.
5549.
5551.
5551.
5554.
5557.
5560.
5563.
5566.
5569.
5572.
5575.
5578.
5584.
5587.
5591.
5596.
5601.
5607.
5612.
5617.
5622.
5628.
5633.
5638.
5644.
5650.
5656.
5659.
5667.
5671.
5679.
5683.
5688.
5696.
5701.
5707.
5712.
5719.
5724.
5730.
5736.
5742.
5748.
5754.
5762.
5767.
5771.
5779.
5784.
5791.
5796.
5803.
5809.
5815.
5821.
5828.
5834.
5842.
5848.
5856.
5863.
5871.
5876.
5883.
5889.
5894.
5902.
5907.
5914.
5921.
5927.
5934.
5940.
5946.
5951.
5958.
5964.
5969.
5975.
5979.
5986.
5991.
5996.
6000.
6005.
6011.
6015.
6020.
6026.
6031.
6035.
6039.
6043.
6049.
6053.
6057.
6061.
6066.
6071.
6074.
6079.
6083.
6086.
6090.
6094.
6097.
6100.
6104.
6107.
6111.
6117.
6119.
6123.
6127.
6132.
6135.
6140.
6145.
6149.
6154.
6158.
6164.
6169.
6175.
6181.
6187.
6195.
6202.
6207.
6211.
6218.
6222.
6229.
6234.
6239.
6246.
6253.
6259.
6265.
6270.
6277.
6283.
6290.
6296.
6301.
6308.
6313.
6318.
6325.
6331.
6338.
6343.
6347.
6354.
6359.
6363.
6369.
6375.
6380.
6384.
6391.
6398.
6404.
6410.
6416.
6421.
6427.
6433.
6441.
6450.
6459.
6468.
6477.
6487.
6498.
6506.
6515.
6523.
6531.
6539.
6549.
6555.
6564.
6572.
6579.
6586.
6595.
6603.
6614.
6622.
6632.
6640.
6649.
6657.
6665.
6672.
6680.
6687.
6695.
6700.
6706.
6714.
6721.
6728.
6736.
6745.
6753.
6762.
6771.
6779.
6790.
6798.
6808.
6818.
6828.
6840.
6853.
6866.
6881.
6893.
6908.
6923.
6938.
6952.
6967.
6982.
6997.
7010.
7024.
7037.
7050.
7061.
7072.
7083.
7095.
7106.
7115.
7126.
7137.
7147.
7158.
7167.
7178.
7186.
7197.
7206.
7216.
7225.
7235.
7245.
7253.
7261.
7272.
7280.
7288.
7296.
7305.
7314.
7322.
7329.
7337.
7346.
7353.
7360.
7367.
7374.
7381.
7387.
7394.
7400.
7406.
7412.
7417.
7422.
7428.
7432.
7436.
7440.
7445.
7447.
7452.
7455.
7458.
7461.
7465.
7468.
7473.
7476.
7479.
7481.
7486.
7488.
7492.
7497.
7503.
7512.
7525.
7540.
7557.
7575.
7595.
7617.
7639.
7663.
7687.
7710.
7733.
7755.
7775.
7795.
7816.
7839.
7860.
7884.
7906.
7927.
7949.
7974.
7998.
8021.
8046.
8072.
8098.
8125.
8151.
8176.
8201.
8227.
8254.
8283.
8309.
8336.
8362.
8388.
8415.
8441.
8467.
8493.
8516.
8541.
8564.
8586.
8607.
8628.
8648.
8668.
8685.
8703.
8718.
8732.
8746.
8758.
8768.
8777.
8786.
8794.
8800.
8806.
8810.
8814.
8819.
8821.
8823.
8824.
8826.
8826.
8827.
8826.
8826.
8825.
8824.
8824.
8823.
8821.
8820.
8818.
8817.
8814.
8810.
8809.
8806.
8804.
8802.
8801.
8802.
8807.
8815.
8829.
8843.
8862.
8880.
8902.
8922.
8942.
8965.
8985.
9004.
9024.
9046.
9067.
9088.
9109.
9129.
9146.
9164.
9180.
9197.
9214.
9231.
9248.
9264.
9277.
9289.
9301.
9310.
9319.
9327.
9333.
9337.
9342.
9344.
9347.
9348.
9351.
9352.
9352.
9351.
9352.
9352.
9350.
9348.
9348.
9345.
9344.
9340.
9339.
9337.
9332.
9329.
9326.
9322.
9318.
9313.
9310.
9304.
9300.
9295.
9291.
9286.
9281.
9275.
9269.
9265.
9259.
9254.
9249.
9244.
9237.
9232.
9225.
9219.
9213.
9207.
9201.
9195.
9190.
9184.
9177.
9172.
9165.
9160.
9153.
9147.
9141.
9135.
9128.
9123.
9116.
9109.
9102.
9097.
9090.
9084.
9078.
9071.
9065.
9058.
9052.
9044.
9037.
9031.
9025.
9020.
9017.
9017.
9022.
9029.
9038.
9050.
9061.
9074.
9085.
9096.
9106.
9114.
9121.
9125.
9127.
9129.
9130.
9130.
9129.
9128.
9128.
9127.
9127.
9127.
9127.
9127.
9128.
9126.
9126.
9126.
9126.
9125.
9126.
9127.
9126.
9126.
9126.
9126.
9125.
9125.
9123.
9122.
9119.
9116.
9113.
9109.
9106.
9105.
9103.
9103.
9103.
9105.
9106.
9105.
9107.
9108.
9109.
9109.
9111.
9111.
9113.
9113.
9113.
9113.
9114.
9115.
9114.
9114.
9115.
9115.
9117.
9117.
9117.
9117.
9118.
9118.
9118.
9119.
9118.
9117.
9117.
9117.
9118.
9116.
9113.
9105.
9091.
9070.
9045.
9015.
8984.
8955.
8929.
8907.
8887.
8870.
8857.
8847.
8840.
8834.
8829.
8827.
8825.
8821.
8818.
8814.
8811.
8806.
8802.
8796.
8793.
8787.
8783.
8778.
8773.
8767.
8761.
8755.
8750.
8746.
8740.
8735.
8731.
8726.
8720.
8714.
8710.
8704.
8698.
8693.
8689.
8685.
8679.
8674.
8670.
8666.
8662.
8657.
8653.
8648.
8644.
8640.
8634.
8624.
8611.
8588.
8560.
8527.
8491.
8451.
8412.
8370.
8330.
8291.
8251.
8213.
8174.
8137.
8099.
8061.
8024.
7988.
7955.
7925.
7896.
7875.
7858.
7846.
7837.
7826.
7818.
7809.
7799.
7790.
7781.
7772.
7763.
7754.
7745.
7737.
7728.
7718.
7710.
7700.
7691.
7681.
7672.
7664.
7655.
7646.
7638.
7628.
7621.
7612.
7603.
7595.
7587.
7579.
7571.
7564.
7557.
7549.
7543.
7536.
7531.
7524.
7517.
7512.
7506.
7501.
7496.
7490.
7485.
7481.
7479.
7474.
7471.
7468.
7466.
7462.
7459.
7456.
7455.
7453.
7452.
7450.
7448.
7445.
7442.
7435.
7424.
7407.
7383.
7356.
7327.
7296.
7263.
7230.
7193.
7157.
7120.
7084.
7047.
7010.
6975.
6939.
6903.
6868.
6832.
6796.
6761.
6725.
6690.
6655.
6624.
6592.
6563.
6533.
6509.
6487.
6469.
6453.
6440.
6426.
6416.
6405.
6397.
6387.
6378.
6368.
6359.
6351.
6344.
6337.
6330.
6323.
6317.
6312.
6307.
6299.
6295.
6291.
6287.
6284.
6281.
6279.
6276.
6274.
6272.
6271.
6270.
6269.
6268.
6268.
6269.
6269.
6272.
6272.
6274.
6274.
6275.
6277.
6277.
6280.
6281.
6280.
6275.
6264.
6250.
6230.
6209.
6188.
6165.
6141.
6115.
6087.
6058.
6030.
6002.
5973.
5946.
5920.
5892.
5866.
5841.
5816.
5792.
5770.
5745.
5723.
5700.
5679.
5660.
5641.
5623.
5606.
5589.
5572.
5555.
5539.
5523.
5508.
5494.
5481.
5468.
5455.
5442.
5430.
5418.
5408.
5397.
5388.
5379.
5369.
5357.
5349.
5339.
5331.
5324.
5316.
5308.
5300.
5292.
5286.
5279.
5274.
5272.
5271.
5269.
5270.
5273.
5275.
5279.
5283.
5287.
5292.
5297.
5300.
5306.
5312.
5316.
5322.
5329.
5336.
5343.
5349.
5357.
5363.
5370.
5379.
5385.
5392.
5399.
5407.
5414.
5421.
5428.
5436.
5442.
5448.
5456.
5464.
5472.
5480.
5487.
5495.
5503.
5510.
5518.
5524.
5529.
5530.
5528.
5522.
5514.
5501.
5489.
5477.
5465.
5452.
5437.
5419.
5403.
5387.
5374.
5365.
5356.
5345.
5333.
5324.
5312.
5304.
5294.
5286.
5278.
5267.
5258.
5250.
5243.
5237.
5231.
5226.
5222.
5219.
5215.
5211.
5209.
5206.
5203.
5201.
5200.
5197.
5195.
5192.
5192.
5190.
5187.
5187.
5187.
5187.
5188.
5189.
5193.
5196.
5200.
5203.
5207.
5211.
5214.
5220.
5225.
5228.
5233.
5238.
5241.
5247.
5253.
5259.
5264.
5271.
5277.
5283.
5289.
5295.
5301.
5307.
5313.
5320.
5328.
5333.
5341.
5348.
5355.
5361.
5367.
5374.
5381.
5387.
5393.
5400.
5407.
5413.
5421.
5428.
5435.
5442.
5448.
5455.
5462.
5469.
5475.
5482.
5488.
5493.
5501.
5508.
5515.
5522.
5528.
5534.
5541.
5548.
5555.
5562.
5568.
5575.
5581.
5588.
5594.
5600.
5605.
5613.
5619.
5625.
5630.
5637.
5643.
5648.
5654.
5661.
5665.
5672.
5677.
5682.
5687.
5693.
5698.
5703.
5708.
5710.
5715.
5719.
5723.
5728.
5732.
5735.
5739.
5741.
5746.
5748.
5751.
5753.
5755.
5757.
5760.
5762.
5765.
5767.
5770.
5771.
5774.
5777.
5780.
5783.
5784.
5787.
5788.
5791.
5794.
5796.
5798.
5802.
5805.
5812.
5820.
5832.
5847.
5864.
5884.
5904.
5923.
5941.
5957.
5975.
5992.
6010.
6027.
6044.
6060.
6079.
6098.
6118.
6135.
6152.
6171.
6190.
6209.
6229.
6249.
6272.
6294.
6318.
6342.
6366.
6391.
6415.
6439.
6462.
6484.
6506.
6528.
6552.
6577.
6601.
6627.
6655.
6683.
6710.
6739.
6768.
6798.
6826.
6854.
6879.
6903.
6925.
6945.
6961.
6977.
6991.
7004.
7016.
7029.
7043.
7056.
7068.
7080.
7093.
7106.
7118.
7131.
7142.
7155.
7166.
7179.
7192.
7205.
7216.
7229.
7241.
7253.
7264.
7277.
7289.
7300.
7311.
7322.
7333.
7344.
7353.
7362.
7373.
7384.
7391.
7401.
7411.
7417.
7424.
7429.
7434.
7440.
7444.
7450.
7456.
7460.
7464.
7469.
7474.
7478.
7481.
7486.
7490.
7493.
7497.
7500.
7504.
7508.
7511.
7517.
7525.
7535.
7549.
7564.
7584.
7604.
7626.
7649.
7672.
7695.
7718.
7740.
7764.
7789.
7814.
7840.
7866.
7895.
7924.
7953.
7982.
8010.
8038.
8067.
8098.
8127.
8155.
8184.
8213.
8241.
8270.
8298.
8329.
8357.
8385.
8414.
8443.
8472.
8500.
8527.
8555.
8583.
8610.
8637.
8664.
8690.
8715.
8740.
8765.
8789.
8813.
8836.
8857.
8877.
8894.
8908.
8920.
8931.
8939.
8948.
8953.
8959.
8962.
8964.
8966.
8967.
8968.
8969.
8970.
8969.
8968.
8966.
8964.
8962.
8962.
8959.
8957.
8954.
8951.
8948.
8945.
8941.
8938.
8936.
8932.
8928.
8923.
8921.
8918.
8914.
8913.
8913.
8914.
8920.
8926.
8936.
8948.
8960.
8973.
8988.
9003.
9020.
9037.
9055.
9072.
9088.
9106.
9122.
9139.
9155.
9171.
9187.
9203.
9219.
9232.
9247.
9262.
9276.
9291.
9305.
9318.
9331.
9343.
9355.
9366.
9377.
9388.
9398.
9404.
9410.
9415.
9420.
9422.
9425.
9427.
9428.
9429.
9429.
9428.
9428.
9426.
9423.
9421.
9419.
9417.
9415.
9412.
9408.
9406.
9403.
9398.
9395.
9390.
9385.
9380.
9376.
9372.
9367.
9361.
9357.
9352.
9347.
9341.
9335.
9330.
9324.
9318.
9311.
9305.
9298.
9292.
9284.
9276.
9270.
9261.
9254.
9248.
9241.
9235.
9229.
9224.
9219.
9215.
9214.
9217.
9221.
9230.
9240.
9252.
9264.
9279.
9292.
9306.
9322.
9337.
9353.
9367.
9380.
9393.
9406.
9420.
9433.
9445.
9458.
9470.
9481.
9489.
9498.
9507.
9515.
9522.
9527.
9533.
9538.
9541.
9544.
9545.
9547.
9547.
9547.
9546.
9546.
9544.
9542.
9541.
9539.
9537.
9535.
9532.
9530.
9528.
9526.
9523.
9521.
9518.
9514.
9510.
9506.
9503.
9501.
9495.
9491.
9488.
9484.
9479.
9475.
9470.
9465.
9461.
9457.
9452.
9447.
9442.
9437.
9431.
9427.
9422.
9416.
9412.
9406.
9401.
9397.
9390.
9386.
9381.
9375.
9369.
9364.
9359.
9353.
9348.
9345.
9338.
9333.
9329.
9325.
9318.
9314.
9309.
9304.
9299.
9294.
9290.
9287.
9282.
9278.
9272.
9260.
9245.
9223.
9197.
9166.
9134.
9105.
9078.
9054.
9027.
9002.
8974.
8946.
8921.
8901.
8886.
8876.
8868.
8862.
8858.
8855.
8851.
8845.
8841.
8836.
8831.