9355.
9363.
9370.
9377.
9382.
9388.
9394.
9398.
9400.
9402.
9403.
9405.
9406.
9405.
9405.
9406.
9406.
9407.
9407.
9409.
9409.
9410.
9409.
9411.
9413.
9414.
9414.
9415.
9415.
9416.
9417.
9418.
9419.
9420.
9421.
9421.
9423.
9424.
9424.
9424.
9425.
9424.
9426.
9425.
9425.
9425.
9426.
9426.
9426.
9425.
9423.
9422.
9422.
9420.
9420.
9418.
9417.
9416.
9414.
9411.
9410.
9408.
9406.
9404.
9402.
9399.
9397.
9395.
9392.
9389.
9387.
9385.
9381.
9379.
9374.
9372.
9369.
9366.
9364.
9361.
9357.
9353.
9348.
9345.
9343.
9339.
9336.
9331.
9327.
9323.
9319.
9317.
9312.
9308.
9304.
9299.
9296.
9291.
9287.
9284.
9279.
9274.
9271.
9266.
9261.
9257.
9253.
9248.
9244.
9239.
9236.
9233.
9233.
9234.
9238.
9244.
9250.
9255.
9261.
9268.
9275.
9283.
9289.
9295.
9300.
9304.
9306.
9308.
9308.
9308.
9309.
9309.
9310.
9310.
9311.
9312.
9314.
9315.
9316.
9317.
9319.
9320.
9322.
9323.
9325.
9328.
9329.
9331.
9334.
9336.
9338.
9341.
9344.
9345.
9347.
9350.
9353.
9355.
9357.
9361.
9362.
9366.
9369.
9371.
9375.
9377.
9380.
9382.
9386.
9389.
9391.
9393.
9395.
9397.
9398.
9399.
9401.
9401.
9401.
9402.
9400.
9399.
9398.
9398.
9396.
9395.
9392.
9391.
9388.
9386.
9385.
9383.
9381.
9378.
9376.
9373.
9370.
9367.
9364.
9360.
9356.
9355.
9351.
9347.
9343.
9341.
9337.
9334.
9330.
9326.
9323.
9318.
9315.
9310.
9306.
9300.
9297.
9293.
9289.
9284.
9281.
9275.
9272.
9270.
9269.
9271.
9274.
9278.
9285.
9291.
9298.
9304.
9311.
9317.
9323.
9328.
9334.
9340.
9343.
9345.
9346.
9347.
9347.
9348.
9348.
9348.
9349.
9350.
9351.
9353.
9354.
9354.
9356.
9358.
9359.
9360.
9362.
9365.
9366.
9368.
9371.
9373.
9375.
9377.
9379.
9382.
9383.
9386.
9388.
9389.
9393.
9396.
9397.
9401.
9403.
9406.
9409.
9411.
9414.
9416.
9418.
9421.
9422.
9423.
9424.
9426.
9427.
9428.
9427.
9427.
9427.
9426.
9426.
9424.
9424.
9423.
9420.
9420.
9418.
9414.
9412.
9411.
9408.
9405.
9403.
9400.
9397.
9393.
9389.
9387.
9384.
9381.
9379.
9375.
9371.
9368.
9363.
9361.
9357.
9352.
9349.
9346.
9342.
9337.
9333.
9331.
9325.
9321.
9316.
9312.
9306.
9302.
9298.
9295.
9288.
9286.
9282.
9277.
9275.
9274.
9275.
9278.
9285.
9289.
9296.
9299.
9307.
9313.
9318.
9323.
9328.
9333.
9337.
9341.
9343.
9343.
9344.
9344.
9343.
9344.
9344.
9345.
9346.
9346.
9347.
9349.
9350.
9351.
9353.
9354.
9356.
9358.
9360.
9362.
9363.
9366.
9367.
9370.
9372.
9375.
9377.
9379.
9383.
9386.
9388.
9390.
9393.
9396.
9400.
9402.
9404.
9407.
9410.
9413.
9415.
9418.
9421.
9422.
9425.
9426.
9430.
9430.
9431.
9432.
9433.
9434.
9435.
9433.
9433.
9433.
9431.
9430.
9428.
9427.
9426.
9423.
9422.
9419.
9418.
9416.
9413.
9409.
9407.
9404.
9401.
9398.
9395.
9392.
9388.
9385.
9381.
9378.
9375.
9371.
9367.
9364.
9360.
9354.
9350.
9348.
9343.
9339.
9334.
9329.
9327.
9321.
9318.
9313.
9309.
9305.
9301.
9295.
9290.
9285.
9279.
9275.
9271.
9266.
9261.
9256.
9251.
9246.
9241.
9236.
9230.
9224.
9220.
9215.
9208.
9203.
9198.
9191.
9187.
9182.
9176.
9170.
9164.
9159.
9154.
9149.
9143.
9137.
9132.
9126.
9119.
9115.
9108.
9102.
9096.
9091.
9084.
9078.
9072.
9066.
9060.
9054.
9048.
9040.
9035.
9029.
9023.
9017.
9010.
9003.
8997.
8992.
8985.
8980.
8973.
8966.
8960.
8953.
8948.
8942.
8935.
8930.
8923.
8918.
8911.
8904.
8897.
8886.
8870.
8847.
8819.
8786.
8748.
8707.
8666.
8622.
8578.
8532.
8490.
8446.
8403.
8360.
8317.
8274.
8233.
8191.
8151.
8113.
8072.
8033.
7995.
7959.
7921.
7886.
7854.
7826.
7801.
7782.
7767.
7753.
7740.
7729.
7718.
7707.
7696.
7685.
7674.
7662.
7650.
7639.
7628.
7616.
7603.
7590.
7579.
7566.
7554.
7542.
7528.
7517.
7505.
7490.
7478.
7466.
7454.
7440.
7429.
7415.
7403.
7390.
7378.
7366.
7355.
7344.
7331.
7319.
7308.
7298.
7287.
7276.
7266.
7256.
7245.
7235.
7228.
7218.
7208.
7200.
7193.
7185.
7177.
7171.
7165.
7158.
7152.
7146.
7139.
7134.
7129.
7121.
7113.
7098.
7078.
7054.
7024.
6993.
6958.
6922.
6884.
6846.
6806.
6768.
6728.
6688.
6648.
6608.
6568.
6530.
6492.
6455.
6418.
6383.
6348.
6313.
6279.
6247.
6215.
6185.
6154.
6126.
6099.
6072.
6047.
6023.
6003.
5984.
5968.
5952.
5938.
5925.
5914.
5904.
5895.
5885.
5878.
5869.
5862.
5856.
5849.
5844.
5838.
5833.
5829.
5825.
5821.
5818.
5815.
5812.
5809.
5809.
5807.
5806.
5806.
5806.
5807.
5808.
5808.
5809.
5812.
5814.
5814.
5818.
5821.
5823.
5827.
5829.
5833.
5836.
5841.
5845.
5849.
5853.
5857.
5861.
5866.
5869.
5874.
5877.
5882.
5887.
5891.
5895.
5900.
5905.
5910.
5913.
5918.
5923.
5927.
5929.
5931.
5928.
5922.
5910.
5898.
5882.
5865.
5847.
5826.
5804.
5782.
5760.
5736.
5714.
5692.
5671.
5649.
5628.
5608.
5589.
5571.
5554.
5538.
5523.
5509.
5500.
5488.
5480.
5472.
5464.
5457.
5449.
5444.
5437.
5431.
5427.
5420.
5415.
5409.
5404.
5399.
5393.
5387.
5379.
5371.
5364.
5356.
5348.
5339.
5330.
5322.
5315.
5307.
5299.
5292.
5285.
5278.
5271.
5265.
5260.
5255.
5251.
5248.
5246.
5245.
5245.
5244.
5246.
5248.
5249.
5252.
5255.
5258.
5260.
5263.
5268.
5272.
5276.
5281.
5286.
5291.
5298.
5304.
5309.
5315.
5321.
5328.
5333.
5341.
5347.
5354.
5360.
5366.
5372.
5381.
5387.
5394.
5402.
5409.
5415.
5421.
5429.
5436.
5442.
5448.
5456.
5464.
5470.
5477.
5483.
5491.
5498.
5505.
5512.
5519.
5527.
5534.
5542.
5548.
5555.
5563.
5570.
5576.
5583.
5591.
5598.
5605.
5613.
5619.
5627.
5633.
5641.
5647.
5655.
5662.
5669.
5675.
5681.
5685.
5686.
5684.
5678.
5671.
5664.
5655.
5647.
5638.
5628.
5619.
5610.
5601.
5599.
5595.
5592.
5590.
5588.
5586.
5583.
5582.
5578.
5574.
5571.
5568.
5564.
5561.
5557.
5553.
5550.
5545.
5541.
5537.
5531.
5526.
5522.
5518.
5511.
5507.
5501.
5496.
5491.
5487.
5480.
5476.
5471.
5465.
5460.
5457.
5451.
5446.
5442.
5436.
5432.
5430.
5425.
5421.
5417.
5415.
5411.
5408.
5406.
5405.
5403.
5403.
5402.
5402.
5401.
5403.
5403.
5404.
5406.
5407.
5407.
5409.
5410.
5413.
5415.
5418.
5421.
5424.
5427.
5431.
5434.
5438.
5442.
5446.
5449.
5454.
5458.
5463.
5467.
5473.
5475.
5481.
5486.
5490.
5494.
5501.
5505.
5509.
5515.
5520.
5526.
5531.
5536.
5541.
5547.
5554.
5558.
5565.
5568.
5574.
5581.
5587.
5592.
5597.
5605.
5611.
5616.
5622.
5626.
5630.
5630.
5628.
5622.
5613.
5603.
5593.
5582.
5571.
5559.
5549.
5539.
5529.
5521.
5515.
5510.
5508.
5504.
5502.
5498.
5495.
5492.
5489.
5486.
5483.
5478.
5474.
5472.
5468.
5464.
5461.
5456.
5452.
5447.
5444.
5440.
5434.
5430.
5425.
5420.
5415.
5410.
5406.
5402.
5396.
5391.
5388.
5383.
5379.
5375.
5372.
5368.
5365.
5361.
5359.
5355.
5353.
5351.
5349.
5348.
5347.
5346.
5346.
5347.
5347.
5349.
5348.
5350.
5352.
5354.
5356.
5358.
5360.
5363.
5365.
5369.
5373.
5376.
5380.
5385.
5389.
5393.
5396.
5401.
5406.
5411.
5415.
5420.
5426.
5430.
5435.
5440.
5446.
5451.
5456.
5462.
5467.
5473.
5478.
5484.
5489.
5495.
5501.
5506.
5512.
5519.
5524.
5530.
5537.
5543.
5548.
5554.
5560.
5566.
5572.
5578.
5585.
5591.
5596.
5603.
5608.
5610.
5610.
5604.
5598.
5590.
5580.
5571.
5561.
5551.
5540.
5530.
5520.
5513.
5507.
5503.
5499.
5495.
5493.
5492.
5488.
5486.
5483.
5480.
5477.
5473.
5470.
5468.
5464.
5460.
5457.
5453.
5450.
5445.
5441.
5437.
5434.
5429.
5423.
5419.
5414.
5410.
5406.
5401.
5396.
5391.
5386.
5383.
5379.
5374.
5368.
5365.
5360.
5357.
5355.
5351.
5347.
5345.
5343.
5340.
5339.
5337.
5335.
5334.
5334.
5334.
5334.
5335.
5337.
5338.
5339.
5343.
5344.
5346.
5348.
5352.
5355.
5357.
5360.
5364.
5369.
5373.
5377.
5382.
5386.
5389.
5393.
5399.
5404.
5409.
5412.
5417.
5422.
5428.
5433.
5437.
5443.
5447.
5455.
5458.
5464.
5470.
5474.
5480.
5486.
5491.
5497.
5503.
5508.
5514.
5519.
5526.
5531.
5538.
5544.
5550.
5556.
5562.
5567.
5574.
5580.
5587.
5593.
5600.
5606.
5612.
5620.
5624.
5627.
5628.
5625.
5621.
5614.
5605.
5598.
5589.
5580.
5573.
5566.
5560.
5555.
5553.
5551.
5549.
5548.
5547.
5545.
5543.
5541.
5539.
5537.
5536.
5534.
5531.
5529.
5527.
5523.
5520.
5517.
5513.
5509.
5506.
5503.
5499.
5496.
5493.
5489.
5485.
5480.
5477.
5473.
5469.
5465.
5460.
5456.
5453.
5449.
5445.
5441.
5437.
5433.
5430.
5427.
5422.
5420.
5417.
5415.
5411.
5410.
5408.
5405.
5403.
5403.
5401.
5400.
5400.
5399.
5399.
5400.
5401.
5401.
5402.
5403.
5404.
5406.
5408.
5409.
5410.
5414.
5416.
5418.
5421.
5424.
5428.
5430.
5434.
5438.
5441.
5445.
5449.
5453.
5457.
5461.
5467.
5471.
5475.
5481.
5486.
5491.
5496.
5502.
5507.
5512.
5518.
5523.
5529.
5534.
5541.
5547.
5554.
5559.
5565.
5572.
5578.
5585.
5593.
5598.
5605.
5612.
5620.
5626.
5633.
5640.
5648.
5656.
5668.
5684.
5706.
5736.
5767.
5804.
5844.
5886.
5928.
5973.
6015.
6057.
6100.
6142.
6184.
6226.
6269.
6311.
6353.
6396.
6439.
6482.
6528.
6572.
6617.
6661.
6703.
6743.
6781.
6816.
6848.
6875.
6898.
6915.
6934.
6951.
6966.
6981.
6996.
7010.
7025.
7038.
7053.
7065.
7078.
7091.
7105.
7119.
7132.
7146.
7159.
7172.
7185.
7198.
7212.
7226.
7238.
7252.
7265.
7278.
7292.
7304.
7317.
7329.
7342.
7354.
7366.
7378.
7390.
7400.
7410.
7421.
7430.
7439.
7447.
7455.
7464.
7470.
7478.
7483.
7489.
7494.
7498.
7503.
7506.
7510.
7513.
7516.
7519.
7521.
7522.
7525.
7527.
7528.
7532.
7541.
7554.
7573.
7597.
7625.
7653.
7684.
7715.
7747.
7782.
7816.
7849.
7883.
7915.
7948.
7982.
8014.
8046.
8076.
8107.
8138.
8164.
8189.
8211.
8232.
8250.
8266.
8282.
8297.
8311.
8324.
8337.
8350.
8362.
8374.
8386.
8399.
8409.
8420.
8430.
8442.
8453.
8462.
8474.
8483.
8493.
8501.
8511.
8519.
8526.
8533.
8539.
8546.
8552.
8556.
8561.
8566.
8569.
8571.
8575.
8578.
8580.
8582.
8583.
8585.
8587.
8588.
8588.
8590.
8590.
8591.
8591.
8591.
8591.
8591.
8590.
8590.
8590.
8589.
8588.
8587.
8586.
8585.
8584.
8583.
8582.
8581.
8582.
8584.
8590.
8597.
8610.
8622.
8638.
8655.
8674.
8691.
8710.
8730.
8748.
8768.
8787.
8808.
8829.
8849.
8870.
8892.
8914.
8936.
8957.
8978.
8998.
9017.
9036.
9056.
9075.
9092.
9109.
9126.
9141.
9157.
9171.
9184.
9197.
9208.
9220.
9229.
9239.
9247.
9254.
9262.
9268.
9274.
9280.
9284.
9289.
9291.
9296.
9299.
9301.
9302.
9303.
9304.
9305.
9304.
9302.
9301.
9301.
9299.
9298.
9296.
9294.
9292.
9289.
9286.
9282.
9279.
9275.
9272.
9268.
9264.
9260.
9256.
9252.
9248.
9244.
9239.
9236.
9230.
9226.
9222.
9217.
9212.
9207.
9203.
9198.
9193.
9189.
9183.
9178.
9173.
9169.
9164.
9159.
9154.
9150.
9149.
9150.
9156.
9161.
9171.
9182.
9192.
9203.
9212.
9224.
9235.
9247.
9258.
9269.
9282.
9293.
9305.
9316.
9327.
9339.
9350.
9358.
9368.
9377.
9384.
9393.
9401.
9409.
9416.
9423.
9430.
9437.
9443.
9450.
9455.
9461.
9465.
9471.
9477.
9481.
9486.
9490.
9495.
9498.
9502.
9505.
9508.
9511.
9513.
9516.
9519.
9519.
9521.
9522.
9524.
9525.
9526.
9525.
9524.
9524.
9523.
9523.
9522.
9521.
9520.
9517.
9517.
9513.
9510.
9507.
9505.
9502.
9499.
9495.
9493.
9490.
9486.
9482.
9479.
9474.
9471.
9467.
9463.
9459.
9453.
9449.
9446.
9441.
9436.
9431.
9426.
9423.
9418.
9412.
9408.
9404.
9399.
9393.
9388.
9383.
9379.
9372.
9368.
9363.
9358.
9353.
9349.
9346.
9342.
9338.
9334.
9332.
9329.
9328.
9327.
9325.
9327.
9328.
9328.
9330.
9332.
9333.
9334.
9335.
9335.
9334.
9335.
9335.
9335.
9335.
9336.
9337.
9339.
9339.
9341.
9342.
9343.
9345.
9347.
9347.
9346.
9347.
9347.
9347.
9347.
9347.
9346.
9346.
9345.
9345.
9346.
9345.
9346.
9346.
9347.
9347.
9347.
9347.
9347.
9347.
9349.
9349.
9350.
9353.
9354.
9356.
9357.
9357.
9359.
9362.
9362.
9363.
9364.
9366.
9367.
9368.
9370.
9372.
9373.
9373.
9376.
9377.
9378.
9379.
9380.
9382.
9383.
9384.
9385.
9386.
9383.
9380.
9375.
9364.
9350.
9336.
9321.
9307.
9292.
9281.
9271.
9265.
9261.
9259.
9257.
9257.
9255.
9254.
9253.
9251.
9248.
9247.
9244.
9240.
9236.
9233.
9229.
9227.
9223.
9221.
9218.
9214.
9210.
9207.
9203.
9200.
9196.
9193.
9189.
9185.
9182.
9177.
9173.
9170.
9165.
9161.
9157.
9153.
9150.
9146.
9141.
9137.
9133.
9128.
9124.
9119.
9114.
9111.
9107.
9102.
9097.
9093.
9088.
9084.
9079.
9074.
9070.
9064.
9060.
9054.
9049.
9045.
9039.
9034.
9030.
9024.
9019.
9013.
9009.
9005.
8998.
8993.
8987.
8982.
8977.
8974.
8973.
8976.
8980.
8988.
8995.
9004.
9013.
9023.
9031.
9040.
9048.
9054.
9057.
9059.
9061.
9062.
9062.
9061.
9061.
9061.
9059.
9060.
9062.
9062.
9062.
9063.
9065.
9065.
9067.
9068.
9069.
9071.
9073.
9075.
9077.
9079.
9081.
9084.
9088.
9090.
9093.
9097.
9100.
9103.
9106.
9111.
9114.
9117.
9121.
9125.
9129.
9133.
9138.
9141.
9146.
9150.
9154.
9157.
9163.
9166.
9171.
9176.
9179.
9185.
9189.
9193.
9196.
9201.
9203.
9207.
9210.
9212.
9214.
9215.
9216.
9217.
9218.
9219.
9219.
9220.
9217.
9217.
9216.
9214.
9213.
9210.
9209.
9207.
9206.
9202.
9200.
9199.
9196.
9193.
9191.
9188.
9186.
9182.
9178.
9177.
9174.
9171.
9167.
9164.
9160.
9157.
9152.
9148.
9146.
9142.
9137.
9134.
9131.
9125.
9120.
9117.
9113.
9109.
9105.
9101.
9097.
9093.
9088.
9083.
9081.
9075.
9071.
9067.
9063.
9058.
9054.
9050.
9045.
9040.
9036.
9032.
9028.
9023.
9020.
9014.
9010.
9006.
9003.
9002.
9004.
9008.
9015.
9024.
9034.
9044.
9055.
9066.
9078.
9088.
9096.
9104.
9110.
9115.
9119.
9121.
9123.
9126.
9126.
9128.
9129.
9129.
9131.
9133.
9134.
9136.
9139.
9140.
9143.
9145.
9146.
9150.
9153.
9156.
9158.
9161.
9163.
9166.
9169.
9172.
9174.
9177.
9180.
9185.
9189.
9193.
9195.
9198.
9202.
9207.
9210.
9214.
9218.
9221.
9226.
9228.
9233.
9237.
9239.
9243.
9246.
9248.
9251.
9253.
9254.
9256.
9256.
9257.
9258.
9258.
9258.
9257.
9256.
9255.
9254.
9253.
9251.
9250.
9248.
9245.
9244.
9241.
9240.
9238.
9236.
9233.
9230.
9227.
9224.
9219.
9217.
9215.
9212.
9207.
9204.
9201.
9198.
9195.
9190.
9187.
9183.
9179.
9176.
9172.
9169.
9164.
9159.
9156.
9151.
9147.
9143.
9139.
9134.
9130.
9126.
9122.
9117.
9112.
9108.
9105.
9099.
9093.
9089.
9086.
9080.
9076.
9071.
9066.
9062.
9057.
9052.
9049.
9043.
9039.
9034.
9030.
9025.
9018.
9015.
9010.
9005.
9001.
8995.
8990.
8985.
8979.
8975.
8970.
8964.
8958.
8954.
8950.
8943.
8939.
8934.
8929.
8924.
8919.
8913.
8908.
8902.
8896.
8891.
8885.
8879.
8874.
8868.
8864.
8858.
8851.
8847.
8841.
8836.
8830.
8824.
8817.
8813.
8809.
8803.
8797.
8792.
8787.
8782.
8777.
8772.
8768.
8764.
8760.
8756.
8751.
8747.
8743.
8740.
8735.
8730.
8724.
8712.
8695.
8673.
8646.
8614.
8578.
8539.
8497.
8454.
8412.
8366.
8322.
8278.
8232.
8189.
8147.
8107.
8065.
8024.
7985.
7948.
7911.
7875.
7841.
7808.
7776.
7746.
7716.
7691.
7667.
7650.
7635.
7622.
7610.
7600.
7590.
7580.
7570.
7559.
7549.
7539.
7530.
7520.
7510.
7500.
7490.
7479.
7469.
7458.
7448.
7439.
7428.
7417.
7407.
7397.
7386.
7376.
7366.
7357.
7347.
7337.
7326.
7317.
7307.
7297.
7288.
7278.
7270.
7261.
7253.
7244.
7236.
7229.
7221.
7215.
7207.
7201.
7194.
7188.
7181.
7177.
7172.
7167.
7163.
7157.
7152.
7148.
7146.
7142.
7138.
7135.
7129.
7122.
7109.
7091.
7067.
7043.
7015.
6986.
6955.
6924.
6892.
6860.
6827.
6795.
6764.
6731.
6700.
6669.
6639.
6607.
6577.
6548.
6519.
6491.
6464.
6439.
6413.
6391.
6370.
6352.
6337.
6323.
6310.
6300.
6289.
6280.
6270.
6260.
6252.
6244.
6237.
6230.
6222.
6215.
6210.
6205.
6197.
6192.
6188.
6182.
6178.
6175.
6170.
6167.
6164.
6161.
6158.
6155.
6153.
6149.
6146.
6140.
6133.
6123.
6111.
6099.
6087.
6073.
6056.
6041.
6026.
6007.
5990.
5974.
5957.
5939.
5922.
5904.
5887.
5870.
5854.
5837.
5821.
5806.
5790.
5774.
5760.
5746.
5733.
5719.
5707.
5693.
5680.
5668.
5655.
5643.
5632.
5621.
5611.
5601.
5594.
5585.
5578.
5571.
5566.
5561.
5558.
5556.
5553.
5553.
5551.
5551.
5551.
5551.
5550.
5552.
5554.
5555.
5557.
5558.
5557.
5558.
5556.
5556.
5554.
5550.
5545.
5541.
5534.
5529.
5522.
5518.
5512.
5506.
5500.
5494.
5487.
5480.
5474.
5468.
5463.
5456.
5450.
5444.
5438.
5432.
5425.
5420.
5413.
5405.
5398.
5392.
5385.
5381.
5374.
5369.
5363.
5357.
5353.
5348.
5342.
5336.
5330.
5325.
5320.
5315.
5307.
5302.
5296.
5290.
5285.
5280.
5276.
5271.
5267.
5264.
5262.
5260.
5257.
5257.
5257.
5257.
5258.
5259.
5261.
5264.
5266.
5270.
5274.
5279.
5283.
5288.
5292.
5297.
5300.
5303.
5306.
5307.
5307.
5307.
5304.
5301.
5297.
5293.
5287.
5284.
5279.
5275.
5269.
5266.
5261.
5255.
5252.
5248.
5243.
5239.
5233.
5229.
5223.
5219.
5214.
5209.
5203.
5198.
5192.
5186.
5182.
5178.
5174.
5170.
5164.
5162.
5159.
5156.
5154.
5151.
5149.
5146.
5144.
5141.
5141.
5140.
5139.
5139.
5140.
5141.
5142.
5144.
5148.
5151.
5153.
5158.
5163.
5167.
5172.
5177.
5182.
5187.
5192.
5195.
5199.
5202.
5205.
5207.
5209.
5210.
5211.
5213.
5214.
5216.
5215.
5216.
5216.
5218.
5219.
5221.
5224.
5227.
5227.
5230.
5231.
5234.
5237.
5239.
5243.
5247.
5250.
5252.
5256.
5260.
5264.
5268.
5271.
5277.
5280.
5284.
5287.
5290.
5294.
5297.
5301.
5305.
5309.
5313.
5318.
5323.
5327.
5331.
5336.
5341.
5345.
5350.
5354.
5359.
5363.
5368.
5373.
5379.
5383.
5387.
5392.
5396.
5401.
5406.
5411.
5415.
5420.
5424.
5428.
5430.
5432.
5433.
5433.
5433.
5433.
5432.
5431.
5431.
5429.
5429.
5429.
5429.
5428.
5427.
5425.
5424.
5420.
5418.
5415.
5413.
5410.
5407.
5403.
5401.
5398.
5395.
5391.
5388.
5386.
5380.
5376.
5372.
5367.
5363.
5359.
5356.
5352.
5347.
5344.
5340.
5336.
5332.
5328.
5324.
5320.
5315.
5310.
5306.
5301.
5297.
5295.
5293.
5291.
5289.
5288.
5288.
5287.
5288.
5290.
5290.
5290.
5291.
5292.
5293.
5294.
5297.
5298.
5300.
5301.
5304.
5306.
5310.
5313.
5316.
5320.
5322.
5325.
5328.
5332.
5336.
5339.
5344.
5349.
5354.
5358.
5362.
5366.
5371.
5375.
5380.
5385.
5390.
5394.
5398.
5404.
5410.
5414.
5417.
5422.
5426.
5429.
5430.
5430.
5428.
5424.
5421.
5418.
5414.
5410.
5405.
5401.
5398.
5393.
5389.
5385.
5382.
5378.
5375.
5372.
5371.
5371.
5369.
5367.
5365.
5363.
5361.
5359.
5358.
5355.
5353.
5350.
5347.
5345.
5343.
5342.
5340.
5337.
5335.
5333.
5332.
5332.
5332.
5331.
5331.
5331.
5330.
5331.
5330.
5329.
5329.
5328.
5330.
5330.
5330.
5331.
5331.
5332.
5332.
5334.
5334.
5335.
5336.
5339.
5341.
5344.
5346.
5349.
5351.
5353.
5357.
5360.
5361.
5365.
5368.
5371.
5374.
5377.
5381.
5384.
5387.
5392.
5394.
5399.
5403.
5406.
5409.
5410.
5410.
5409.
5406.
5402.
5396.
5389.
5384.
5376.
5369.
5362.
5356.
5350.
5344.
5337.
5332.
5327.
5323.
5322.
5320.
5319.
5317.
5317.
5316.
5315.
5314.
5313.
5311.
5310.
5309.
5308.
5307.
5307.
5306.
5305.
5304.
5303.
5304.
5303.
5304.
5303.
5303.
5304.
5304.
5305.
5306.
5306.
5309.
5309.
5311.
5314.
5315.
5317.
5320.
5323.
5324.
5326.
5329.
5332.
5334.
5338.
5341.
5345.
5348.
5352.
5356.
5360.
5364.
5369.
5372.
5377.
5381.
5386.
5389.
5394.
5399.
5404.
5409.
5413.
5419.
5423.
5429.
5434.
5440.
5446.
5450.
5457.
5462.
5469.
5473.
5475.
5476.
5474.
5472.
5467.
5460.
5454.
5447.
5439.
5430.
5421.
5413.
5405.
5396.
5389.
5382.
5375.
5368.
5360.
5354.
5347.
5341.
5335.
5329.
5325.
5321.
5316.
5312.
5308.
5306.
5303.
5301.
5298.
5296.
5295.
5291.
5290.
5288.
5286.
5285.
5283.
5281.
5281.
5278.
5277.
5277.
5276.
5274.
5275.
5274.
5275.
5275.
5276.
5277.
5277.
5278.
5279.
5282.
5283.
5285.
5286.
5289.
5291.
5295.
5296.
5300.
5303.
5307.
5309.
5312.
5317.
5321.
5325.
5328.
5332.
5336.
5341.
5346.
5351.
5356.
5360.
5365.
5369.
5375.
5379.
5384.
5389.
5395.
5401.
5405.
5411.
5416.
5423.
5427.
5433.
5440.
5444.
5451.
5455.
5461.
5468.
5473.
5480.
5485.
5490.
5498.
5504.
5510.
5516.
5523.
5529.
5536.
5542.
5549.
5556.
5561.
5568.
5576.
5582.
5589.
5595.
5603.
5610.
5617.
5624.
5631.
5639.
5646.
5653.
5660.
5668.
5674.
5682.
5690.
5697.
5705.
5711.
5719.
5727.
5735.
5742.
5749.
5757.
5765.
5773.
5781.
5788.
5796.
5805.
5813.
5820.
5828.
5836.
5844.
5850.
5859.
5867.
5875.
5884.
5891.
5898.
5907.
5914.
5922.
5933.
5940.
5947.
5956.
5966.
5974.
5983.
5990.
5999.
6007.
6012.
6017.
6017.
6015.
6011.
6006.
6000.
5992.
5985.
5977.
5970.
5964.
5958.
5954.
5951.
5951.
5949.
5950.
5951.
5953.
5953.
5955.
5955.
5956.
5956.
5956.
5957.
5957.
5958.
5957.
5957.
5957.
5957.
5958.
5958.
5957.
5957.
5957.
5956.
5956.
5955.
5955.
5954.
5953.
5952.
5951.
5949.
5948.
5947.
5945.
5944.
5943.
5943.
5942.
5939.
5938.
5936.
5935.
5934.
5932.
5931.
5930.
5930.
5928.
5927.
5929.
5932.
5941.
5956.
5973.
5994.
6016.
6042.
6068.
6096.
6123.
6148.
6175.
6204.
6233.
6262.
6293.
6324.
6355.
6388.
6419.
6449.
6481.
6509.
6538.
6567.
6597.
6628.
6657.
6688.
6718.
6749.
6781.
6811.
6840.
6869.
6893.
6916.
6935.
6951.
6965.
6978.
6991.
7003.
7014.
7026.
7036.
7047.
7058.
7069.
7080.
7090.
7101.
7114.
7124.
7134.
7146.
7157.
7168.
7178.
7189.
7199.
7209.
7220.
7231.
7241.
7253.
7263.
7274.
7285.
7295.
7306.
7317.
7327.
7337.
7347.
7356.
7367.
7377.
7387.
7396.
7405.
7414.
7422.
7431.
7438.
7446.
7452.
7458.
7464.
7470.
7475.
7481.
7488.
7497.
7511.
7529.
7552.
7579.
7608.
7639.
7670.
7704.
7736.
7765.
7795.
7824.
7853.
7882.
7910.
7937.
7961.
7983.
8002.
8019.
8034.
8049.
8061.
8074.
8084.
8095.
8106.
8115.
8125.
8136.
8146.
8156.
8165.
8173.
8182.
8191.
8201.
8208.
8216.
8225.
8232.
8239.
8246.
8252.
8258.
8264.
8271.
8276.
8281.
8285.
8289.
8294.
8297.
8301.
8304.
8308.
8310.
8313.
8316.
8319.
8320.
8321.
8323.
8324.
8325.
8325.
8326.
8326.
8327.
8328.
8328.
8328.
8328.
8326.
8326.
8326.
8324.
8324.
8323.
8322.
8320.
8319.
8319.
8317.
8315.
8314.
8312.
8311.
8310.
8309.
8307.
8306.
8305.
8308.
8316.
8324.
8340.
8358.
8379.
8402.
8425.
8448.
8473.
8498.
8523.
8550.
8576.
8604.
8631.
8658.
8684.
8711.
8737.
8764.
8791.
8817.
8842.
8868.
8894.
8921.
8943.
8968.
8992.
9016.
9036.
9055.
9072.
9086.
9098.
9111.
9123.
9133.
9142.
9150.
9159.
9166.
9173.
9179.
9185.
9189.
9195.
9200.
9202.
9205.
9208.
9209.
9211.
9212.
9212.
9212.
9212.
9211.
9210.
9208.
9207.
9204.
9204.
9200.
9197.
9194.
9193.
9189.
9186.
9182.
9179.
9175.
9170.
9167.
9162.
9158.
9154.
9150.
9146.
9142.
9138.
9133.
9130.
9124.
9120.
9115.
9110.
9106.
9101.
9096.
9092.
9087.
9083.
9078.
9073.
9068.
9064.
9059.
9054.
9051.
9048.
9049.
9052.
9059.
9070.
9082.
9095.
9109.
9123.
9139.
9153.
9171.
9187.
9204.
9218.
9235.
9251.
9267.
9283.
9297.
9312.
9326.
9341.
9355.
9371.
9385.
9399.
9412.
9422.
9434.
9446.
9458.
9469.
9480.
9488.
9497.
9505.
9513.
9520.
9527.
9532.
9537.
9541.
9544.
9547.
9550.
9552.
9553.
9554.
9554.
9554.
9554.
9555.
9554.
9553.
9552.
9551.
9549.
9546.
9543.
9541.
9538.
9535.
9532.
9528.
9525.
9521.
9518.
9514.
9510.
9506.
9502.
9498.
9492.
9488.
9484.
9478.
9474.
9469.
9465.
9460.
9454.
9449.
9444.
9439.
9434.
9429.
9423.
9418.
9413.
9408.
9403.
9397.
9393.
9387.
9383.
9378.
9374.
9367.
9362.
9357.
9353.
9348.
9344.
9340.
9335.
9333.
9328.
9325.
9321.
9318.
9315.
9311.
9309.
9307.
9306.
9305.
9304.
9304.
9304.
9306.
9305.
9306.
9306.
9307.
9308.
9307.
9307.
9308.
9307.
9306.
9305.
9305.
9305.
9303.
9303.
9302.
9303.
9302.
9303.
9303.
9303.
9303.
9304.
9304.
9304.
9305.
9305.
9305.
9305.
9307.
9307.
9308.
9311.
9311.
9313.
9313.
9314.
9317.
9317.
9319.
9321.
9323.
9324.
9326.
9328.
9330.
9331.
9333.
9336.
9338.
9339.
9342.
9344.
9347.
9349.
9351.
9353.
9356.
9358.
9361.
9363.
9365.
9369.
9371.
9374.
9376.
9377.
9378.
9381.
9384.
9385.
9386.
9388.
9390.
9391.
9391.
9392.
9392.
9392.
9393.
9392.
9393.
9392.
9392.
9390.
9389.
9388.
9387.
9387.
9384.
9383.
9382.
9379.
9378.
9376.
9372.
9371.
9369.
9365.
9363.
9359.
9357.
9355.
9352.
9348.
9345.
9342.
9338.
9336.
9332.
9328.
9324.
9322.
9319.
9316.
9312.
9307.
9303.
9299.
9295.
9292.
9288.
9284.
9280.
9276.
9271.
9267.
9263.
9260.
9255.
9252.
9246.
9241.
9238.
9233.
9228.
9223.
9219.
9214.
9209.
9206.
9201.
9197.
9191.
9186.
9181.
9177.
9171.
9168.
9163.
9158.
9153.
9148.
9146.
9143.
9145.
9149.
9153.
9159.
9166.
9171.
9180.
9187.
9195.
9201.
9206.
9209.
9211.
9212.
9214.
9213.
9214.
9213.
9214.
9216.
9217.
9218.
9220.
9221.
9224.
9225.
9228.
9229.
9232.
9234.
9238.
9241.
9242.
9246.
9248.
9252.
9255.
9258.
9261.
9264.
9268.
9273.
9276.
9279.
9284.
9288.
9292.
9296.
9300.
9304.
9308.
9312.
9317.
9321.
9324.
9328.
9331.
9335.
9337.
9341.
9344.
9346.
9347.
9349.
9350.
9351.
9351.
9351.
9351.
9351.
9349.
9347.
9345.
9346.
9343.
9341.
9338.
9337.
9334.
9333.
9329.
9325.
9322.
9320.
9318.
9314.
9310.
9308.
9304.
9300.
9296.
9294.
9289.
9285.
9281.
9277.
9274.
9270.
9266.
9261.
9258.
9252.
9249.
9245.
9240.
9235.
9230.
9227.
9222.
9218.
9214.
9208.
9204.
9199.
9195.
9190.
9186.
9180.
9176.
9171.
9166.
9162.
9158.
9153.
9148.
9143.
9139.
9133.
9128.
9125.
9121.
9118.
9116.
9118.
9123.
9130.
9138.
9146.
9154.
9162.
9169.
9177.
9185.
9192.
9200.
9207.
9212.
9218.
9221.
9226.
9229.
9230.
9232.
9234.
9235.
9237.
9239.
9242.
9245.
9247.
9249.
9251.
9254.
9256.
9260.
9262.
9264.
9268.
9271.
9273.
9277.
9280.
9284.
9287.
9289.
9292.
9295.
9298.
9302.
9305.
9308.
9310.
9314.
9316.
9319.
9322.
9324.
9327.
9328.
9331.
9333.
9334.
9334.
9335.
9336.
9336.
9335.
9335.
9334.
9333.
9332.
9331.
9329.
9327.
9324.
9323.
9320.
9318.
9314.
9311.
9310.
9306.
9302.
9300.
9296.
9293.
9289.
9287.
9283.
9279.
9275.
9273.
9269.
9264.
9261.
9258.
9253.
9248.
9245.
9240.
9235.
9232.
9227.
9223.
9219.
9215.
9209.
9207.
9201.
9197.
9193.
9189.
9185.
9181.
9176.
9172.
9169.
9164.
9158.
9152.
9140.
9122.
9098.
9066.
9029.
8989.
8946.
8902.
8856.
8814.
8771.
8730.
8689.
8650.
8609.
8568.
8529.
8491.
8453.
8416.
8379.
8343.
8307.
8276.
8249.
8227.
8209.
8198.
8189.
8182.
8176.
8171.
8165.
8158.
8151.
8146.
8140.
8133.
8126.
8119.
8113.
8106.
8100.
8092.
8085.
8078.
8071.
8064.
8057.
8050.
8041.
8034.
8027.
8019.
8012.
8005.
7999.
7990.
7982.
7974.
7967.
7958.
7951.
7944.
7937.
7930.
7921.
7915.
7908.
7901.
7894.
7888.
7880.
7873.
7866.
7861.
7854.
7848.
7842.
7836.
7830.
7823.
7817.
7811.
7805.
7799.
7794.
7790.
7786.
7780.
7774.
7771.
7766.
7760.
7757.
7753.
7749.
7745.
7741.
7737.
7734.
7730.
7728.
7724.
7721.
7717.
7714.
7712.
7708.
7705.
7702.
7699.
7696.
7692.
7689.
7683.
7674.
7659.
7638.
7612.
7586.
7556.
7525.
7493.
7462.
7429.
7396.
7362.
7328.
7296.
7263.
7230.
7199.
7168.
7136.
7105.
7076.
7045.
7016.
6986.
6956.
6928.
6900.
6871.
6842.
6816.
6787.
6761.
6735.
6710.
6686.
6664.
6640.
6618.
6594.
6572.
6551.
6532.
6515.
6501.
6487.
6475.
6466.
6455.
6446.
6437.
6428.
6419.
6411.
6403.
6395.
6387.
6380.
6372.
6364.
6358.
6351.
6344.
6338.
6332.
6326.
6320.
6315.
6309.
6305.
6300.
6295.
6292.
6288.
6286.
6283.
6281.
6277.
6275.
6273.
6273.
6272.
6271.
6270.
6269.
6269.
6270.
6271.
6270.
6271.
6272.
6273.
6275.
6276.
6279.
6280.
6282.
6283.
6285.
6289.
6292.
6294.
6295.
6298.
6301.
6304.
6307.
6311.
6314.
6317.
6320.
6323.
6324.
6321.
6311.
6297.
6280.
6260.
6239.
6215.
6189.
6163.
6137.
6110.
6083.
6054.
6027.
6001.
5974.
5950.
5927.
5904.
5885.
5866.
5846.
5826.
5807.
5788.
5771.
5755.
5739.
5725.
5709.
5694.
5680.
5666.
5653.
5640.
5628.
5616.
5604.
5591.
5581.
5571.
5561.
5554.
5545.
5538.
5531.
5524.
5518.
5515.
5510.
5507.
5505.
5504.
5503.
5501.
5501.
5501.
5501.
5503.
5503.
5506.
5506.
5509.
5510.
5513.
5516.
5519.
5522.
5527.
5530.
5535.
5538.
5543.
5549.
5554.
5559.
5563.
5567.
5574.
5578.
5584.
5590.
5596.
5602.
5606.
5613.
5619.
5625.
5631.
5638.
5644.
5649.
5656.
5662.
5668.
5673.
5681.
5686.
5692.
5698.
5702.
5709.
5715.
5722.
5728.
5735.
5742.
5747.
5754.
5760.
5768.
5773.
5781.
5789.
5794.
5802.
5809.
5817.
5825.
5832.
5840.
5848.
5854.
5859.
5861.
5859.
5856.
5849.
5839.
5829.
5818.
5805.
5793.
5780.
5767.
5752.
5738.
5724.
5710.
5698.
5685.
5673.
5661.
5648.
5636.
5624.
5614.
5604.
5593.
5582.
5571.
5560.
5549.
5538.
5529.
5519.
5511.
5504.
5499.
5492.
5486.
5481.
5477.
5473.
5471.
5467.
5462.
5460.
5458.
5456.
5453.
5451.
5449.
5448.
5446.
5446.
5444.
5445.
5445.
5444.
5444.
5445.
5446.
5448.
5449.
5452.
5454.
5456.
5458.
5460.
5462.
5466.
5469.
5473.
5477.
5481.
5485.
5490.
5494.
5498.
5502.
5507.
5511.
5515.
5521.
5525.
5529.
5533.
5537.
5541.
5545.
5546.
5548.
5547.
5548.
5547.
5544.
5541.
5536.
5532.
5527.
5522.
5517.
5510.
5503.
5499.
5492.
5487.
5483.
5480.
5475.
5470.
5463.
5459.
5454.
5449.
5444.
5440.
5435.
5428.
5425.
5419.
5416.
5413.
5410.
5408.
5405.
5402.
5400.
5398.
5397.
5397.
5396.
5396.
5396.
5397.
5398.
5398.
5398.
5400.
5400.
5402.
5403.
5404.
5406.
5409.
5409.
5412.
5415.
5417.
5420.
5423.
5425.
5429.
5431.
5434.
5437.
5440.
5444.
5447.
5451.
5455.
5459.
5462.
5467.
5471.
5474.
5479.
5482.
5486.
5492.
5495.
5501.
5506.
5511.
5515.
5520.
5524.
5529.
5533.
5539.
5544.
5550.
5555.
5560.
5565.
5571.
5575.
5581.
5587.
5592.
5597.
5603.
5608.
5613.
5619.
5624.
5631.
5636.
5644.
5648.
5654.
5660.
5665.
5672.
5679.
5684.
5690.
5697.
5704.
5711.
5717.
5719.
5721.
5721.
5718.
5713.
5706.
5698.
5690.
5681.
5672.
5664.
5654.
5647.
5639.
5633.
5627.
5623.
5620.
5618.
5617.
5614.
5614.
5612.
5611.
5609.
5607.
5604.
5601.
5598.
5595.
5591.
5585.
5580.
5575.
5569.
5563.
5557.
5549.
5542.
5535.
5530.
5524.
5518.
5513.
5508.
5505.
5501.
5498.
5493.
5491.
5487.
5486.
5484.
5482.
5481.
5478.
5477.
5477.
5475.
5475.
5474.
5474.
5474.
5474.
5474.
5474.
5474.
5475.
5477.
5478.
5481.
5481.
5483.
5485.
5487.
5490.
5492.
5495.
5497.
5499.
5502.
5507.
5509.
5513.
5516.
5519.
5523.
5526.
5530.
5533.
5538.
5543.
5546.
5550.
5554.
5559.
5563.
5569.
5572.
5577.
5581.
5588.
5591.
5596.
5600.
5605.
5611.
5616.
5620.
5626.
5631.
5636.
5642.
5647.
5651.
5657.
5663.
5668.
5674.
5680.
5685.
5691.
5693.
5694.
5692.
5688.
5683.
5675.
5667.
5659.
5651.
5643.
5635.
5629.
5621.
5617.
5613.
5610.
5610.
5608.
5609.
5608.
5607.
5606.
5605.
5603.
5602.
5601.
5599.
5597.
5595.
5593.
5591.
5590.
5588.
5585.
5583.
5580.
5578.
5576.
5574.
5572.
5569.
5566.
5564.
5562.
5559.
5557.
5553.
5551.
5549.
5547.
5545.
5543.
5540.
5538.
5537.
5536.
5534.
5533.
5532.
5532.
5531.
5530.
5530.
5529.
5529.
5529.
5529.
5531.
5530.
5532.
5532.
5534.
5534.
5537.
5538.
5541.
5543.
5544.
5547.
5550.
5552.
5555.
5557.
5560.
5563.
5567.
5570.
5573.
5577.
5580.
5585.
5589.
5593.
5596.
5600.
5605.
5609.
5613.
5617.
5623.
5628.
5634.
5637.
5641.
5647.
5651.
5654.
5661.
5666.
5670.
5672.
5673.
5669.
5665.
5659.
5651.
5643.
5634.
5626.
5617.
5609.
5605.
5601.
5599.
5597.
5596.
5595.
5593.
5592.
5591.
5590.
5587.
5586.
5584.
5583.
5581.
5578.
5576.
5574.
5571.
5569.
5567.
5564.
5561.
5558.
5555.
5551.
5550.
5546.
5543.
5541.
5537.
5535.
5532.
5528.
5525.
5521.
5519.
5516.
5514.
5511.
5509.
5506.
5503.
5502.
5500.
5498.
5497.
5495.
5494.
5493.
5491.
5491.
5492.
5491.
5490.
5490.
5491.
5491.
5492.
5493.
5493.
5494.
5496.
5497.
5499.
5501.
5503.
5504.
5506.
5509.
5510.
5512.
5515.
5518.
5522.
5525.
5528.
5531.
5533.
5536.
5541.
5544.
5547.
5551.
5554.
5558.
5562.
5566.
5569.
5572.
5577.
5581.
5585.
5590.
5594.
5600.
5609.
5623.
5640.
5666.
5693.
5724.
5758.
5794.
5829.
5862.
5897.
5932.
5966.
6001.
6035.
6069.
6104.
6137.
6170.
6201.
6233.
6263.
6294.
6327.
6361.
6395.
6429.
6464.
6498.
6530.
6561.
6589.
6612.
6631.
6647.
6661.
6675.
6687.
6699.
6711.
6722.
6733.
6744.
6755.
6766.
6777.
6787.
6798.
6809.
6821.
6832.
6843.
6854.
6864.
6875.
6887.
6898.
6907.
6918.
6928.
6940.
6951.
6960.
6971.
6982.
6992.
7001.
7011.
7022.
7031.
7040.
7051.
7060.
7068.
7077.
7087.
7095.
7103.
7110.
7118.
7124.
7133.
7143.
7155.
7174.
7196.
7223.
7253.
7284.
7317.
7350.
7384.
7419.
7454.
7489.
7523.
7557.
7591.
7627.
7660.
7694.
7727.
7760.
7794.
7826.
7857.
7888.
7916.
7941.
7962.
7982.
8000.
8016.
8030.
8045.
8059.
8071.
8083.
8095.
8106.
8116.
8128.
8137.
8147.
8156.
8165.
8173.
8181.
8188.
8195.
8201.
8207.
8212.
8216.
8220.
8225.
8228.
8232.
8234.
8235.
8237.
8240.
8242.
8244.
8245.
8245.
8246.
8246.
8248.
8247.
8247.
8247.
8246.
8246.
8245.
8245.
8245.
8243.
8242.
8240.
8240.
8239.
8238.
8237.
8237.
8235.
8234.
8232.
8233.
8232.
8234.
8238.
8245.
8256.
8271.
8288.
8309.
8332.
8355.
8379.
8402.
8427.
8452.
8476.
8501.
8526.
8550.
8574.
8600.
8624.
8648.
8670.
8692.
8713.
8733.
8757.
8777.
8800.
8820.
8841.
8861.
8880.
8900.
8920.
8939.
8957.
8975.
8994.
9012.
9029.
9045.
9061.
9074.
9088.
9100.
9111.
9120.
9128.
9136.
9142.
9149.
9153.
9157.
9161.
9165.
9168.
9169.
9170.
9172.
9171.
9171.
9172.
9172.
9171.
9170.
9168.
9166.
9164.
9162.
9158.
9155.
9153.
9149.
9146.
9142.
9138.
9135.
9131.
9127.
9124.
9120.
9115.
9111.
9108.
9104.
9100.
9095.
9092.
9086.
9083.
9078.
9073.
9069.
9064.
9060.
9055.
9050.
9047.
9042.
9037.
9034.
9028.
9024.
9019.
9014.
9011.
9008.
9008.
9010.
9015.
9022.
9031.
9043.
9054.
9067.
9081.
9096.
9110.
9124.
9137.
9151.
9164.
9177.
9191.
9205.
9219.
9230.
9244.
9254.
9265.
9276.
9286.
9297.
9306.
9315.
9322.
9332.
9340.
9347.
9352.
9360.
9364.
9370.
9376.
9380.
9385.
9389.
9393.
9397.
9401.
9404.
9407.
9409.
9413.
9415.
9416.
9418.
9418.
9420.
9421.
9423.
9422.
9422.
9422.
9421.
9420.
9419.
9418.
9416.
9415.
9414.
9412.
9408.
9405.
9403.
9400.
9398.
9394.
9393.
9389.
9385.
9381.
9378.
9374.
9371.
9368.
9364.
9360.
9357.
9352.
9348.
9345.
9343.
9338.
9334.
9332.
9329.
9325.
9322.
9319.
9315.
9311.
9309.
9306.
9304.
9301.
9298.
9295.
9293.
9291.
9289.
9286.
9285.
9282.
9282.
9282.
9279.
9278.
9279.
9278.
9279.
9278.
9278.
9277.
9277.
9275.
9275.
9274.
9273.
9272.
9272.
9271.
9269.
9269.
9266.
9266.
9265.
9264.
9262.
9261.
9260.
9260.
9259.
9259.
9258.
9257.
9256.
9255.
9255.
9254.
9253.
9252.
9252.
9251.
9250.
9250.
9251.
9250.
9249.
9248.
9248.
9247.
9247.
9247.
9247.
9247.
9245.
9246.
9246.
9246.
9245.
9245.
9245.
9245.
9245.
9245.
9245.
9245.
9245.
9245.
9246.
9245.
9246.
9245.
9245.
9246.
9248.
9247.
9249.
9249.
9250.
9250.
9251.
9252.
9253.
9254.
9255.
9255.
9257.
9258.
9258.
9259.
9260.
9262.
9263.
9263.
9266.
9266.
9267.
9268.
9269.
9270.
9271.
9272.
9273.
9274.
9277.
9277.
9279.
9281.
9281.
9282.
9284.
9284.
9285.
9285.
9287.
9287.
9289.
9289.
9289.
9290.
9291.
9290.
9291.
9291.
9292.
9292.
9291.
9291.
9290.
9291.
9291.
9290.
9290.
9290.
9289.
9289.
9289.
9287.
9287.
9286.
9286.
9285.
9285.
9283.
9281.
9281.
9279.
9279.
9278.
9275.
9274.
9274.
9272.
9271.
9270.
9268.
9267.
9266.
9265.
9262.
9260.
9259.
9258.
9256.
9254.
9253.
9250.
9249.
9247.
9245.
9244.
9243.
9240.
9238.
9237.
9234.
9233.
9231.
9229.
9227.
9225.
9223.
9221.
9218.
9217.
9215.
9214.
9211.
9209.
9206.
9204.
9202.
9201.
9199.
9196.
9193.
9192.
9189.
9188.
9185.
9183.
9180.
9177.
9175.
9173.
9171.
9171.
9167.
9165.
9164.
9160.
9158.
9157.
9153.
9152.
9149.
9146.
9145.
9143.
9141.
9139.
9136.
9134.
9132.
9130.
9127.
9125.
9123.
9120.
9117.
9115.
9114.
9112.
9109.
9107.
9104.
9102.
9100.
9098.
9098.
9094.
9092.
9089.
9089.
9085.
9083.
9082.
9081.
9079.
9076.
9074.
9072.
9069.
9068.
9067.
9065.
9062.
9062.
9060.
9059.
9056.
9055.
9054.
9054.
9052.
9050.
9049.
9047.
9045.
9043.
9042.
9041.
9039.
9039.
9038.
9036.
9035.
9035.
9033.
9031.
9030.
9029.
9027.
9027.
9027.
9026.
9025.
9024.
9023.
9023.
9022.
9021.
9020.
9019.
9020.
9018.
9018.
9018.
9018.
9017.
9016.
9016.
9016.
9016.
9016.
9017.
9015.
9015.
9016.
9015.
9016.
9016.
9016.
9016.
9017.
9018.
9018.
9018.
9020.
9020.
9021.
9022.
9023.
9024.
9025.
9025.
9027.
9027.
9028.
9030.
9032.
9034.
9035.
9037.
9038.
9039.
9040.
9043.
9044.
9046.
9048.
9050.
9051.
9054.
9054.
9056.
9058.
9059.
9060.
9064.
9065.
9066.
9069.
9071.
9072.
9073.
9075.
9077.
9079.
9079.
9080.
9082.
9083.
9083.
9085.
9084.
9085.
9086.
9086.
9086.
9087.
9088.
9088.
9088.
9088.
9089.
9088.
9088.
9089.
9087.
9086.
9085.
9084.
9084.
9083.
9083.
9082.
9081.
9080.
9079.
9077.
9076.
9075.
9073.
9072.
9071.
9068.
9066.
9064.
9062.
9062.
9060.
9057.
9055.
9053.
9051.
9049.
9047.
9044.
9042.
9040.
9036.
9035.
9032.
9029.
9027.
9024.
9021.
9019.
9015.
9014.
9010.
9007.
9005.
9002.
8999.
8996.
8993.
8989.
8986.
8983.
8981.
8977.
8974.
8972.
8967.
8964.
8960.
8957.
8954.
8951.
8947.
8944.
8940.
8937.
8934.
8932.
8927.
8924.
8921.
8918.
8914.
8910.
8907.
8904.
8901.
8897.
8894.
8891.
8887.
8884.
8881.
8877.
8873.
8870.
8866.
8864.
8860.
8857.
8855.
8851.
8848.
8846.
8843.
8840.
8837.
8835.
8832.
8831.
8827.
8825.
8823.
8821.
8818.
8816.
8813.
8810.
8805.
8798.
8788.
8769.
8745.
8715.
8680.
8640.
8597.
8553.
8508.
8463.
8419.
8375.
8332.
8291.
8248.
8207.
8167.
8124.
8084.
8043.
8004.
7964.
7925.
7887.
7851.
7814.
7778.
7742.
7708.
7676.
7645.
7613.
7582.
7552.
7522.
7492.
7463.
7434.
7407.
7380.
7353.
7325.
7299.
7273.
7247.
7223.
7198.
7173.
7147.
7120.
7094.
7069.
7047.
7025.
7004.
6989.
6972.
6960.
6950.
6940.
6930.
6920.
6911.
6903.
6893.
6884.
6876.
6868.
6860.
6852.
6843.
6835.
6827.
6820.
6812.
6805.
6798.
6790.
6782.
6775.
6769.
6762.
6756.
6750.
6744.
6738.
6733.
6727.
6723.