9141.
9137.
9136.
9137.
9142.
9150.
9159.
9169.
9181.
9192.
9203.
9215.
9225.
9236.
9248.
9261.
9274.
9284.
9294.
9300.
9305.
9311.
9314.
9316.
9318.
9318.
9321.
9321.
9321.
9324.
9325.
9327.
9328.
9331.
9332.
9334.
9333.
9336.
9338.
9338.
9341.
9342.
9345.
9347.
9348.
9350.
9351.
9351.
9353.
9355.
9356.
9359.
9360.
9360.
9361.
9362.
9362.
9362.
9361.
9361.
9361.
9360.
9358.
9357.
9356.
9354.
9351.
9349.
9346.
9344.
9341.
9339.
9336.
9333.
9329.
9326.
9322.
9319.
9315.
9311.
9308.
9302.
9297.
9293.
9289.
9285.
9281.
9277.
9271.
9267.
9262.
9258.
9253.
9247.
9243.
9238.
9231.
9225.
9221.
9215.
9210.
9204.
9200.
9195.
9188.
9182.
9177.
9171.
9166.
9159.
9155.
9149.
9143.
9137.
9132.
9125.
9121.
9115.
9111.
9111.
9113.
9120.
9127.
9136.
9144.
9155.
9166.
9176.
9187.
9199.
9208.
9219.
9227.
9232.
9237.
9240.
9241.
9242.
9242.
9243.
9243.
9242.
9243.
9245.
9246.
9247.
9248.
9249.
9250.
9251.
9254.
9254.
9256.
9256.
9258.
9259.
9261.
9263.
9264.
9266.
9268.
9268.
9271.
9273.
9274.
9276.
9279.
9280.
9282.
9283.
9285.
9288.
9289.
9291.
9292.
9293.
9293.
9294.
9296.
9296.
9298.
9298.
9297.
9296.
9294.
9294.
9292.
9291.
9289.
9287.
9285.
9283.
9280.
9278.
9276.
9272.
9271.
9268.
9264.
9260.
9257.
9254.
9250.
9246.
9243.
9239.
9237.
9232.
9227.
9223.
9218.
9214.
9210.
9205.
9201.
9197.
9191.
9186.
9182.
9177.
9172.
9168.
9163.
9157.
9152.
9147.
9142.
9137.
9132.
9126.
9121.
9116.
9111.
9106.
9100.
9094.
9091.
9084.
9079.
9075.
9069.
9064.
9058.
9052.
9045.
9040.
9034.
9029.
9025.
9019.
9013.
9009.
9003.
8997.
8991.
8985.
8980.
8975.
8970.
8965.
8959.
8953.
8948.
8941.
8936.
8931.
8925.
8920.
8915.
8909.
8903.
8898.
8892.
8887.
8881.
8876.
8870.
8864.
8860.
8855.
8849.
8843.
8839.
8833.
8828.
8821.
8818.
8812.
8807.
8803.
8798.
8793.
8788.
8784.
8779.
8774.
8769.
8766.
8760.
8757.
8752.
8749.
8745.
8741.
8736.
8732.
8729.
8725.
8721.
8718.
8715.
8711.
8708.
8705.
8701.
8699.
8697.
8694.
8690.
8685.
8677.
8664.
8647.
8627.
8602.
8577.
8550.
8522.
8497.
8471.
8446.
8424.
8403.
8384.
8368.
8354.
8345.
8335.
8326.
8318.
8309.
8301.
8292.
8284.
8275.
8266.
8257.
8248.
8240.
8231.
8221.
8213.
8204.
8196.
8187.
8177.
8168.
8159.
8149.
8140.
8131.
8121.
8111.
8103.
8093.
8084.
8075.
8066.
8056.
8046.
8038.
8028.
8019.
8009.
8001.
7993.
7983.
7976.
7968.
7959.
7949.
7941.
7934.
7926.
7917.
7909.
7900.
7894.
7887.
7879.
7871.
7865.
7857.
7851.
7844.
7837.
7831.
7825.
7819.
7812.
7806.
7800.
7795.
7789.
7783.
7779.
7774.
7768.
7763.
7759.
7754.
7750.
7746.
7741.
7738.
7734.
7730.
7726.
7723.
7719.
7716.
7713.
7710.
7707.
7704.
7701.
7699.
7696.
7690.
7681.
7668.
7651.
7632.
7610.
7589.
7565.
7543.
7520.
7499.
7478.
7456.
7437.
7418.
7401.
7385.
7372.
7358.
7348.
7337.
7327.
7317.
7307.
7294.
7284.
7273.
7263.
7251.
7240.
7230.
7220.
7208.
7197.
7186.
7175.
7163.
7152.
7141.
7127.
7117.
7106.
7095.
7084.
7073.
7061.
7051.
7040.
7029.
7017.
7006.
6996.
6986.
6977.
6966.
6958.
6948.
6939.
6930.
6921.
6912.
6905.
6898.
6890.
6884.
6878.
6872.
6866.
6860.
6855.
6848.
6845.
6841.
6836.
6830.
6826.
6823.
6820.
6817.
6815.
6810.
6806.
6802.
6795.
6782.
6766.
6747.
6724.
6699.
6673.
6644.
6615.
6585.
6556.
6525.
6497.
6468.
6440.
6414.
6387.
6363.
6339.
6317.
6298.
6280.
6265.
6249.
6235.
6221.
6208.
6195.
6181.
6170.
6158.
6147.
6135.
6123.
6113.
6100.
6089.
6079.
6068.
6058.
6046.
6037.
6027.
6018.
6008.
5999.
5991.
5982.
5975.
5969.
5961.
5955.
5949.
5944.
5939.
5935.
5931.
5928.
5926.
5923.
5921.
5920.
5919.
5917.
5917.
5916.
5916.
5916.
5915.
5916.
5918.
5917.
5918.
5919.
5921.
5921.
5922.
5923.
5923.
5922.
5919.
5913.
5904.
5892.
5880.
5866.
5854.
5840.
5823.
5806.
5789.
5773.
5755.
5738.
5721.
5704.
5685.
5666.
5648.
5630.
5612.
5593.
5574.
5557.
5538.
5520.
5502.
5482.
5465.
5447.
5429.
5413.
5398.
5383.
5367.
5353.
5339.
5326.
5314.
5302.
5292.
5282.
5272.
5264.
5256.
5249.
5244.
5239.
5236.
5232.
5231.
5228.
5227.
5227.
5226.
5227.
5227.
5229.
5230.
5233.
5236.
5239.
5242.
5244.
5249.
5252.
5258.
5262.
5267.
5272.
5276.
5283.
5287.
5292.
5298.
5304.
5310.
5314.
5321.
5328.
5332.
5339.
5344.
5351.
5357.
5364.
5369.
5375.
5382.
5387.
5394.
5400.
5405.
5407.
5408.
5406.
5399.
5390.
5381.
5370.
5358.
5345.
5330.
5314.
5297.
5279.
5266.
5249.
5234.
5216.
5201.
5184.
5169.
5154.
5138.
5125.
5113.
5100.
5088.
5077.
5067.
5057.
5048.
5040.
5031.
5024.
5014.
5006.
4996.
4986.
4977.
4968.
4957.
4948.
4939.
4930.
4920.
4914.
4905.
4898.
4893.
4886.
4881.
4875.
4870.
4864.
4860.
4855.
4850.
4847.
4843.
4840.
4836.
4832.
4827.
4823.
4819.
4815.
4813.
4811.
4809.
4808.
4806.
4804.
4804.
4804.
4805.
4808.
4811.
4816.
4821.
4826.
4831.
4837.
4842.
4848.
4856.
4860.
4866.
4874.
4880.
4887.
4895.
4901.
4909.
4918.
4925.
4933.
4942.
4948.
4955.
4964.
4971.
4978.
4987.
4993.
5002.
5010.
5017.
5024.
5030.
5032.
5032.
5029.
5023.
5016.
5009.
5000.
4989.
4978.
4966.
4954.
4942.
4928.
4917.
4906.
4895.
4885.
4874.
4865.
4856.
4848.
4840.
4833.
4828.
4822.
4817.
4811.
4804.
4799.
4795.
4789.
4783.
4781.
4777.
4773.
4768.
4764.
4760.
4756.
4753.
4750.
4748.
4745.
4744.
4743.
4742.
4740.
4741.
4740.
4741.
4740.
4741.
4741.
4741.
4742.
4742.
4744.
4745.
4745.
4747.
4748.
4749.
4752.
4754.
4757.
4760.
4766.
4770.
4775.
4781.
4787.
4793.
4801.
4807.
4814.
4820.
4826.
4833.
4840.
4847.
4853.
4861.
4869.
4875.
4883.
4889.
4897.
4904.
4911.
4918.
4925.
4934.
4940.
4948.
4955.
4963.
4971.
4978.
4986.
4992.
5001.
5008.
5015.
5022.
5030.
5038.
5044.
5049.
5053.
5055.
5052.
5048.
5043.
5039.
5032.
5026.
5019.
5012.
5004.
4996.
4986.
4978.
4968.
4959.
4950.
4940.
4930.
4921.
4913.
4904.
4894.
4886.
4876.
4867.
4860.
4852.
4845.
4838.
4830.
4824.
4817.
4811.
4805.
4801.
4796.
4791.
4786.
4781.
4778.
4773.
4769.
4766.
4766.
4763.
4763.
4764.
4763.
4766.
4768.
4772.
4774.
4777.
4782.
4786.
4791.
4795.
4800.
4806.
4811.
4816.
4822.
4828.
4834.
4841.
4847.
4854.
4862.
4869.
4876.
4883.
4890.
4898.
4904.
4911.
4917.
4926.
4933.
4940.
4946.
4952.
4960.
4967.
4974.
4979.
4986.
4993.
5002.
5007.
5013.
5019.
5027.
5034.
5041.
5047.
5054.
5060.
5067.
5074.
5080.
5088.
5093.
5100.
5105.
5111.
5116.
5117.
5116.
5111.
5106.
5100.
5093.
5086.
5078.
5070.
5063.
5057.
5050.
5045.
5041.
5038.
5035.
5034.
5032.
5030.
5029.
5027.
5027.
5024.
5022.
5019.
5018.
5016.
5013.
5012.
5010.
5006.
5004.
5002.
4999.
4997.
4994.
4991.
4989.
4987.
4987.
4984.
4982.
4981.
4980.
4978.
4977.
4978.
4977.
4978.
4978.
4978.
4979.
4980.
4981.
4982.
4983.
4986.
4988.
4990.
4993.
4996.
5000.
5002.
5006.
5010.
5013.
5017.
5021.
5025.
5029.
5033.
5038.
5043.
5047.
5053.
5059.
5063.
5068.
5074.
5080.
5087.
5092.
5098.
5103.
5109.
5114.
5121.
5126.
5132.
5139.
5145.
5151.
5159.
5171.
5188.
5208.
5230.
5256.
5280.
5304.
5329.
5352.
5371.
5388.
5402.
5414.
5423.
5430.
5437.
5443.
5451.
5457.
5465.
5472.
5479.
5486.
5493.
5500.
5508.
5514.
5520.
5528.
5534.
5543.
5550.
5558.
5564.
5571.
5578.
5584.
5591.
5598.
5605.
5610.
5618.
5626.
5632.
5640.
5646.
5652.
5659.
5665.
5673.
5678.
5684.
5690.
5699.
5705.
5711.
5716.
5722.
5727.
5732.
5739.
5745.
5750.
5755.
5760.
5764.
5768.
5773.
5777.
5781.
5785.
5790.
5792.
5795.
5798.
5801.
5805.
5808.
5811.
5813.
5816.
5818.
5819.
5822.
5823.
5825.
5826.
5827.
5828.
5828.
5829.
5830.
5831.
5831.
5833.
5833.
5834.
5836.
5835.
5837.
5839.
5840.
5842.
5843.
5844.
5847.
5851.
5857.
5867.
5881.
5896.
5915.
5934.
5957.
5976.
5997.
6016.
6037.
6055.
6073.
6091.
6110.
6129.
6149.
6172.
6192.
6214.
6235.
6257.
6277.
6300.
6324.
6349.
6370.
6393.
6415.
6438.
6459.
6482.
6503.
6524.
6544.
6563.
6582.
6601.
6620.
6638.
6653.
6668.
6681.
6695.
6706.
6718.
6729.
6738.
6750.
6760.
6771.
6782.
6794.
6803.
6814.
6824.
6835.
6846.
6858.
6867.
6878.
6888.
6898.
6909.
6920.
6930.
6940.
6951.
6962.
6973.
6983.
6993.
7002.
7013.
7025.
7035.
7046.
7057.
7067.
7077.
7088.
7097.
7108.
7117.
7127.
7138.
7146.
7155.
7164.
7173.
7180.
7188.
7197.
7205.
7211.
7218.
7224.
7231.
7237.
7242.
7247.
7253.
7258.
7263.
7268.
7273.
7278.
7283.
7286.
7290.
7295.
7298.
7303.
7307.
7312.
7315.
7318.
7323.
7326.
7330.
7333.
7335.
7339.
7341.
7346.
7350.
7358.
7366.
7378.
7392.
7407.
7422.
7440.
7459.
7479.
7499.
7521.
7544.
7568.
7591.
7614.
7637.
7660.
7684.
7707.
7731.
7753.
7778.
7800.
7821.
7843.
7865.
7886.
7908.
7927.
7946.
7967.
7984.
8001.
8016.
8031.
8045.
8059.
8071.
8083.
8095.
8105.
8115.
8127.
8138.
8148.
8158.
8168.
8177.
8187.
8195.
8204.
8213.
8222.
8228.
8237.
8244.
8250.
8256.
8261.
8268.
8271.
8276.
8280.
8285.
8286.
8290.
8293.
8294.
8295.
8297.
8298.
8298.
8299.
8300.
8301.
8300.
8299.
8298.
8298.
8298.
8297.
8296.
8295.
8293.
8292.
8291.
8289.
8288.
8286.
8285.
8284.
8282.
8279.
8277.
8275.
8273.
8270.
8269.
8266.
8263.
8260.
8258.
8255.
8254.
8253.
8253.
8257.
8262.
8271.
8282.
8294.
8308.
8322.
8337.
8352.
8369.
8385.
8401.
8418.
8437.
8454.
8471.
8488.
8504.
8522.
8538.
8555.
8573.
8589.
8605.
8622.
8638.
8655.
8670.
8686.
8702.
8716.
8730.
8744.
8756.
8766.
8777.
8786.
8796.
8804.
8813.
8821.
8829.
8838.
8846.
8853.
8860.
8867.
8875.
8882.
8887.
8894.
8900.
8905.
8910.
8915.
8918.
8922.
8925.
8927.
8928.
8930.
8931.
8931.
8931.
8931.
8930.
8929.
8927.
8926.
8923.
8921.
8919.
8916.
8914.
8911.
8907.
8904.
8900.
8897.
8894.
8890.
8886.
8882.
8878.
8875.
8869.
8866.
8862.
8858.
8853.
8848.
8845.
8840.
8837.
8831.
8827.
8822.
8816.
8812.
8808.
8803.
8798.
8793.
8789.
8784.
8782.
8784.
8787.
8792.
8800.
8808.
8818.
8830.
8844.
8856.
8868.
8881.
8894.
8905.
8919.
8933.
8947.
8961.
8975.
8988.
9000.
9014.
9025.
9037.
9050.
9062.
9072.
9084.
9096.
9109.
9121.
9131.
9141.
9151.
9159.
9167.
9175.
9182.
9189.
9193.
9199.
9205.
9211.
9215.
9220.
9226.
9230.
9234.
9239.
9244.
9246.
9250.
9253.
9256.
9259.
9261.
9261.
9263.
9263.
9265.
9265.
9264.
9263.
9261.
9260.
9259.
9256.
9254.
9252.
9250.
9246.
9243.
9240.
9236.
9233.
9230.
9225.
9221.
9215.
9213.
9208.
9204.
9200.
9195.
9190.
9186.
9180.
9175.
9170.
9165.
9159.
9154.
9149.
9143.
9138.
9132.
9127.
9121.
9115.
9110.
9103.
9098.
9092.
9087.
9082.
9076.
9071.
9066.
9063.
9059.
9057.
9055.
9055.
9057.
9060.
9065.
9071.
9076.
9081.
9087.
9093.
9102.
9110.
9116.
9124.
9130.
9136.
9143.
9149.
9155.
9161.
9165.
9172.
9177.
9182.
9187.
9192.
9197.
9201.
9206.
9211.
9216.
9220.
9223.
9227.
9230.
9234.
9237.
9240.
9243.
9247.
9251.
9254.
9257.
9260.
9261.
9266.
9268.
9272.
9275.
9278.
9281.
9283.
9285.
9288.
9290.
9291.
9294.
9294.
9297.
9297.
9297.
9298.
9297.
9297.
9297.
9296.
9295.
9293.
9291.
9290.
9288.
9285.
9283.
9281.
9279.
9275.
9273.
9270.
9266.
9262.
9260.
9256.
9251.
9248.
9244.
9241.
9236.
9232.
9228.
9222.
9218.
9214.
9209.
9204.
9201.
9197.
9191.
9186.
9182.
9177.
9171.
9166.
9161.
9155.
9149.
9145.
9140.
9134.
9129.
9123.
9118.
9113.
9106.
9101.
9094.
9089.
9083.
9077.
9071.
9065.
9059.
9053.
9046.
9041.
9035.
9027.
9021.
9016.
9008.
9002.
8995.
8990.
8982.
8975.
8969.
8964.
8957.
8952.
8949.
8949.
8953.
8959.
8965.
8971.
8978.
8982.
8988.
8994.
8997.
9001.
9004.
9005.
9004.
9005.
9004.
9004.
9001.
9000.
9001.
9000.
9001.
9000.
9001.
9002.
9002.
9002.
9005.
9005.
9006.
9007.
9010.
9011.
9012.
9014.
9017.
9019.
9021.
9023.
9025.
9027.
9032.
9035.
9037.
9041.
9042.
9046.
9051.
9054.
9057.
9060.
9064.
9068.
9072.
9076.
9080.
9083.
9087.
9091.
9095.
9098.
9102.
9107.
9112.
9116.
9119.
9120.
9123.
9127.
9130.
9132.
9134.
9135.
9137.
9137.
9138.
9138.
9138.
9137.
9136.
9135.
9133.
9132.
9131.
9129.
9127.
9125.
9122.
9120.
9117.
9113.
9111.
9107.
9103.
9100.
9097.
9093.
9090.
9084.
9082.
9077.
9073.
9069.
9065.
9059.
9055.
9052.
9046.
9040.
9037.
9032.
9027.
9021.
9017.
9010.
9004.
9000.
8995.
8990.
8985.
8980.
8974.
8969.
8963.
8958.
8952.
8947.
8939.
8934.
8928.
8923.
8918.
8912.
8907.
8901.
8894.
8889.
8884.
8878.
8871.
8864.
8858.
8853.
8846.
8839.
8833.
8826.
8821.
8815.
8809.
8803.
8795.
8788.
8782.
8776.
8769.
8763.
8756.
8748.
8743.
8735.
8729.
8723.
8716.
8710.
8702.
8695.
8688.
8681.
8674.
8667.
8660.
8652.
8645.
8638.
8631.
8623.
8615.
8610.
8601.
8593.
8587.
8579.
8572.
8565.
8556.
8549.
8542.
8534.
8526.
8519.
8512.
8505.
8496.
8488.
8481.
8474.
8467.
8459.
8452.
8443.
8436.
8429.
8423.
8415.
8408.
8400.
8393.
8386.
8379.
8372.
8365.
8358.
8351.
8344.
8338.
8332.
8324.
8318.
8311.
8305.
8299.
8292.
8287.
8280.
8275.
8268.
8263.
8257.
8252.
8246.
8242.
8236.
8232.
8227.
8222.
8217.
8212.
8207.
8203.
8199.
8194.
8186.
8176.
8160.
8141.
8118.
8092.
8064.
8035.
8006.
7979.
7953.
7929.
7905.
7882.
7860.
7839.
7820.
7803.
7789.
7776.
7766.
7755.
7746.
7736.
7726.
7717.
7708.
7701.
7690.
7680.
7672.
7662.
7652.
7643.
7635.
7624.
7615.
7606.
7596.
7586.
7576.
7565.
7556.
7546.
7535.
7527.
7516.
7506.
7495.
7484.
7474.
7465.
7454.
7444.
7435.
7425.
7415.
7405.
7395.
7386.
7377.
7366.
7358.
7348.
7340.
7332.
7323.
7316.
7308.
7299.
7293.
7286.
7278.
7271.
7265.
7259.
7253.
7247.
7241.
7236.
7230.
7224.
7219.
7213.
7209.
7204.
7200.
7196.
7192.
7187.
7184.
7181.
7179.
7175.
7171.
7169.
7167.
7164.
7161.
7158.
7156.
7154.
7152.
7150.
7149.
7147.
7146.
7143.
7142.
7141.
7140.
7135.
7130.
7118.
7102.
7085.
7065.
7044.
7022.
6999.
6976.
6952.
6927.
6903.
6877.
6852.
6826.
6804.
6784.
6764.
6749.
6735.
6722.
6710.
6699.
6686.
6675.
6664.
6653.
6642.
6632.
6622.
6609.
6599.
6589.
6578.
6568.
6558.
6547.
6536.
6525.
6516.
6506.
6496.
6486.
6476.
6467.
6458.
6449.
6439.
6430.
6421.
6413.
6405.
6399.
6392.
6386.
6380.
6372.
6367.
6362.
6357.
6352.
6348.
6344.
6341.
6337.
6335.
6332.
6330.
6328.
6325.
6324.
6323.
6322.
6321.
6321.
6321.
6320.
6319.
6320.
6320.
6320.
6319.
6319.
6320.
6321.
6320.
6318.
6315.
6308.
6301.
6289.
6275.
6260.
6243.
6226.
6206.
6184.
6162.
6139.
6119.
6096.
6075.
6052.
6030.
6007.
5987.
5964.
5943.
5920.
5899.
5879.
5857.
5834.
5813.
5791.
5770.
5748.
5726.
5708.
5687.
5670.
5652.
5636.
5621.
5608.
5596.
5584.
5574.
5564.
5557.
5547.
5540.
5534.
5528.
5523.
5516.
5512.
5507.
5503.
5501.
5499.
5497.
5496.
5496.
5495.
5495.
5497.
5498.
5499.
5500.
5503.
5505.
5507.
5510.
5513.
5518.
5522.
5527.
5532.
5537.
5542.
5547.
5552.
5558.
5564.
5570.
5576.
5581.
5586.
5592.
5596.
5603.
5608.
5610.
5611.
5609.
5605.
5600.
5591.
5581.
5570.
5556.
5543.
5529.
5515.
5500.
5485.
5469.
5451.
5434.
5416.
5398.
5382.
5365.
5348.
5331.
5315.
5297.
5281.
5265.
5249.
5233.
5219.
5204.
5188.
5174.
5160.
5147.
5134.
5121.
5111.
5099.
5090.
5080.
5072.
5064.
5057.
5052.
5045.
5039.
5035.
5030.
5025.
5021.
5017.
5013.
5010.
5007.
5005.
5001.
5000.
4997.
4996.
4992.
4991.
4989.
4987.
4984.
4982.
4978.
4976.
4975.
4973.
4972.
4970.
4968.
4967.
4966.
4965.
4964.
4963.
4963.
4962.
4962.
4962.
4962.
4962.
4961.
4960.
4959.
4958.
4957.
4956.
4954.
4954.
4953.
4951.
4948.
4948.
4945.
4943.
4941.
4939.
4938.
4934.
4932.
4930.
4928.
4927.
4927.
4928.
4930.
4932.
4937.
4939.
4944.
4948.
4953.
4957.
4960.
4965.
4969.
4972.
4977.
4980.
4982.
4984.
4985.
4984.
4983.
4981.
4978.
4974.
4969.
4963.
4959.
4954.
4948.
4942.
4938.
4931.
4926.
4919.
4914.
4908.
4904.
4897.
4892.
4885.
4879.
4873.
4865.
4859.
4854.
4850.
4846.
4842.
4838.
4836.
4832.
4829.
4828.
4825.
4824.
4823.
4824.
4825.
4826.
4827.
4829.
4831.
4835.
4837.
4840.
4845.
4849.
4853.
4856.
4860.
4864.
4868.
4872.
4875.
4877.
4877.
4877.
4877.
4875.
4872.
4869.
4866.
4863.
4859.
4857.
4854.
4850.
4845.
4839.
4834.
4828.
4824.
4820.
4815.
4811.
4807.
4804.
4801.
4797.
4795.
4793.
4790.
4788.
4786.
4783.
4781.
4780.
4778.
4778.
4776.
4776.
4776.
4774.
4775.
4775.
4776.
4776.
4776.
4777.
4776.
4776.
4776.
4777.
4777.
4775.
4774.
4772.
4771.
4770.
4770.
4770.
4770.
4768.
4768.
4769.
4768.
4768.
4767.
4768.
4768.
4768.
4768.
4770.
4772.
4772.
4775.
4778.
4782.
4786.
4792.
4796.
4801.
4806.
4812.
4816.
4822.
4828.
4833.
4839.
4844.
4850.
4855.
4861.
4868.
4874.
4880.
4888.
4894.
4901.
4909.
4915.
4920.
4924.
4927.
4928.
4924.
4921.
4916.
4912.
4908.
4904.
4899.
4893.
4887.
4881.
4875.
4868.
4863.
4859.
4856.
4853.
4848.
4844.
4842.
4841.
4839.
4841.
4839.
4839.
4840.
4842.
4842.
4842.
4842.
4842.
4842.
4844.
4844.
4843.
4842.
4840.
4840.
4839.
4838.
4838.
4838.
4839.
4839.
4840.
4841.
4843.
4845.
4847.
4851.
4853.
4855.
4859.
4862.
4867.
4869.
4873.
4877.
4882.
4886.
4889.
4894.
4898.
4902.
4907.
4914.
4918.
4922.
4928.
4932.
4938.
4943.
4947.
4954.
4960.
4966.
4972.
4978.
4984.
4991.
4996.
5003.
5008.
5015.
5022.
5028.
5034.
5041.
5047.
5055.
5060.
5067.
5072.
5079.
5085.
5092.
5098.
5106.
5113.
5119.
5126.
5133.
5140.
5148.
5154.
5160.
5169.
5176.
5183.
5190.
5198.
5206.
5211.
5219.
5225.
5232.
5238.
5245.
5253.
5260.
5267.
5273.
5281.
5288.
5294.
5300.
5307.
5314.
5320.
5326.
5332.
5339.
5345.
5351.
5356.
5362.
5369.
5373.
5379.
5384.
5389.
5394.
5398.
5403.
5408.
5412.
5416.
5420.
5424.
5427.
5432.
5435.
5437.
5440.
5444.
5447.
5449.
5450.
5453.
5456.
5458.
5460.
5462.
5466.
5467.
5469.
5472.
5474.
5477.
5479.
5483.
5485.
5487.
5491.
5494.
5496.
5498.
5500.
5503.
5508.
5511.
5518.
5528.
5538.
5549.
5561.
5573.
5586.
5599.
5613.
5625.
5637.
5650.
5660.
5670.
5679.
5690.
5700.
5711.
5722.
5732.
5744.
5755.
5768.
5780.
5796.
5810.
5825.
5840.
5856.
5869.
5883.
5896.
5909.
5920.
5931.
5940.
5949.
5958.
5965.
5972.
5979.
5986.
5993.
5999.
6005.
6012.
6017.
6025.
6031.
6037.
6043.
6049.
6056.
6062.
6068.
6075.
6080.
6087.
6093.
6099.
6104.
6111.
6116.
6124.
6130.
6136.
6141.
6148.
6155.
6160.
6166.
6172.
6178.
6185.
6189.
6194.
6199.
6206.
6212.
6217.
6223.
6228.
6232.
6237.
6243.
6249.
6255.
6260.
6265.
6270.
6275.
6280.
6283.
6290.
6294.
6300.
6304.
6309.
6315.
6317.
6323.
6326.
6331.
6336.
6339.
6344.
6348.
6353.
6355.
6360.
6364.
6369.
6372.
6377.
6382.
6386.
6389.
6395.
6398.
6403.
6408.
6414.
6421.
6432.
6445.
6459.
6476.
6496.
6517.
6540.
6563.
6584.
6606.
6629.
6651.
6673.
6696.
6718.
6740.
6763.
6785.
6806.
6827.
6848.
6868.
6890.
6912.
6935.
6955.
6976.
6998.
7018.
7039.
7061.
7082.
7104.
7125.
7145.
7164.
7179.
7196.
7210.
7226.
7239.
7251.
7265.
7278.
7290.
7303.
7315.
7328.
7341.
7353.
7365.
7379.
7391.
7404.
7416.
7429.
7440.
7451.
7464.
7476.
7486.
7498.
7510.
7523.
7534.
7546.
7558.
7568.
7579.
7589.
7599.
7609.
7618.
7628.
7636.
7644.
7651.
7658.
7664.
7671.
7676.
7681.
7686.
7691.
7696.
7700.
7703.
7706.
7709.
7713.
7716.
7717.
7720.
7723.
7726.
7728.
7729.
7730.
7733.
7734.
7735.
7738.
7739.
7740.
7741.
7742.
7742.
7743.
7742.
7744.
7743.
7744.
7745.
7746.
7746.
7746.
7746.
7746.
7746.
7746.
7749.
7754.
7761.
7772.
7784.
7800.
7817.
7833.
7851.
7868.
7885.
7902.
7920.
7939.
7957.
7978.
7999.
8019.
8040.
8060.
8081.
8101.
8121.
8139.
8156.
8171.
8187.
8200.
8213.
8225.
8237.
8247.
8258.
8269.
8280.
8289.
8300.
8310.
8320.
8329.
8340.
8350.
8360.
8372.
8381.
8389.
8398.
8408.
8417.
8426.
8435.
8443.
8452.
8460.
8466.
8474.
8479.
8486.
8491.
8496.
8499.
8503.
8506.
8510.
8513.
8514.
8517.
8519.
8520.
8521.
8522.
8522.
8522.
8522.
8523.
8523.
8522.
8521.
8520.
8520.
8519.
8517.
8516.
8516.
8514.
8513.
8512.
8510.
8509.
8508.
8506.
8507.
8510.
8516.
8526.
8540.
8555.
8572.
8589.
8609.
8629.
8649.
8671.
8691.
8710.
8729.
8748.
8768.
8789.
8810.
8831.
8850.
8868.
8886.
8906.
8922.
8941.
8960.
8977.
8995.
9010.
9026.
9041.
9056.
9071.
9083.
9097.
9110.
9122.
9132.
9142.
9152.
9160.
9166.
9174.
9179.
9185.
9189.
9193.
9197.
9201.
9204.
9207.
9208.
9208.
9210.
9210.
9210.
9209.
9209.
9208.
9206.
9204.
9202.
9201.
9198.
9195.
9191.
9188.
9186.
9183.
9178.
9174.
9171.
9168.
9164.
9159.
9154.
9150.
9145.
9141.
9136.
9132.
9128.
9122.
9118.
9113.
9108.
9103.
9097.
9091.
9086.
9081.
9075.
9071.
9065.
9059.
9054.
9049.
9044.
9040.
9036.
9032.
9028.
9025.
9022.
9020.
9018.
9018.
9022.
9026.
9031.
9039.
9046.
9054.
9062.
9070.
9080.
9089.
9100.
9110.
9119.
9128.
9135.
9143.
9150.
9157.
9164.
9171.
9179.
9184.
9190.
9196.
9202.
9207.
9212.
9218.
9225.
9230.
9234.
9238.
9244.
9248.
9252.
9256.
9261.
9264.
9268.
9272.
9277.
9282.
9285.
9289.
9293.
9296.
9300.
9302.
9306.
9310.
9312.
9314.
9317.
9319.
9320.
9322.
9323.
9323.
9323.
9323.
9322.
9323.
9322.
9321.
9319.
9318.
9316.
9314.
9311.
9307.
9307.
9303.
9300.
9297.
9294.
9291.
9286.
9283.
9280.
9276.
9271.
9268.
9264.
9259.
9255.
9251.
9247.
9241.
9236.
9232.
9228.
9223.
9219.
9213.
9208.
9203.
9199.
9194.
9189.
9184.
9178.
9172.
9167.
9163.
9158.
9152.
9146.
9141.
9136.
9131.
9124.
9119.
9113.
9107.
9103.
9097.
9090.
9084.
9079.
9072.
9065.
9060.
9055.
9049.
9043.
9037.
9031.
9024.
9018.
9013.
9007.
9002.
8998.
8994.
8993.
8995.
8998.
9002.
9010.
9018.
9026.
9034.
9041.
9048.
9055.
9062.
9070.
9078.
9083.
9091.
9096.
9102.
9109.
9114.
9119.
9124.
9130.
9135.
9140.
9143.
9148.
9153.
9158.
9161.
9164.
9168.
9171.
9175.
9181.
9185.
9188.
9192.
9195.
9200.
9204.
9208.
9211.
9216.
9219.
9224.
9227.
9232.
9235.
9239.
9243.
9249.
9251.
9255.
9258.
9262.
9265.
9267.
9269.
9272.
9274.
9275.
9277.
9277.
9278.
9278.
9276.
9275.
9275.
9272.
9272.
9270.
9268.
9265.
9263.
9260.
9258.
9254.
9251.
9249.
9246.
9242.
9239.
9234.
9231.
9228.
9225.
9220.
9215.
9211.
9207.
9203.
9199.
9195.
9190.
9185.
9181.
9174.
9171.
9166.
9161.
9156.
9151.
9148.
9142.
9137.
9131.
9126.
9122.
9116.
9111.
9106.
9100.
9095.
9090.
9085.
9079.
9074.
9069.
9064.
9059.
9053.
9048.
9043.
9037.
9031.
9025.
9020.
9015.
9010.
9003.
8998.
8992.
8987.
8980.
8974.
8969.
8965.
8959.
8953.
8947.
8941.
8936.
8931.
8924.
8918.
8912.
8907.
8902.
8896.
8891.
8885.
8879.
8874.
8868.
8862.
8857.
8851.
8845.
8839.
8834.
8829.
8824.
8818.
8812.
8806.
8800.
8795.
8789.
8784.
8778.
8772.
8766.
8761.
8756.
8751.
8745.
8740.
8735.
8730.
8724.
8718.
8713.
8708.
8702.
8698.
8691.
8686.
8682.
8677.
8672.
8666.
8661.
8656.
8651.
8645.
8642.
8637.
8632.
8627.
8622.
8618.
8613.
8608.
8604.
8599.
8593.
8590.
8586.
8582.
8576.
8572.
8568.
8563.
8559.
8555.
8551.
8547.
8543.
8539.
8536.
8533.
8527.
8525.
8521.
8516.
8512.
8509.
8506.
8502.
8498.
8494.
8491.
8487.
8484.
8481.
8477.
8474.
8472.
8467.
8465.
8461.
8457.
8455.
8452.
8450.
8447.
8444.
8441.
8438.
8437.
8434.
8431.
8429.
8427.
8425.
8422.
8420.
8417.
8417.
8416.
8414.
8412.
8411.
8410.
8409.
8407.
8405.
8405.
8403.
8404.
8402.
8402.
8399.
8393.
8382.
8368.
8349.
8325.
8300.
8273.
8246.
8218.
8191.
8167.
8142.
8122.
8103.
8087.
8075.
8066.
8058.
8052.
8046.
8039.
8032.
8025.
8018.
8012.
8004.
7997.
7991.
7986.
7978.
7969.
7963.
7956.
7948.
7941.
7934.
7926.
7919.
7912.
7905.
7896.
7888.
7880.
7872.
7864.
7857.
7849.
7841.
7833.
7825.
7818.
7809.
7802.
7795.
7787.
7779.
7772.
7764.
7757.
7750.
7742.
7736.
7730.
7723.
7716.
7708.
7702.
7697.
7690.
7684.
7674.
7662.
7645.
7623.
7598.
7568.
7536.
7503.
7469.
7435.
7403.
7371.
7340.
7310.
7283.
7255.
7233.
7212.
7196.
7181.
7166.
7155.
7143.
7132.
7119.
7108.
7097.
7085.
7075.
7064.
7053.
7043.
7032.
7022.
7010.
7000.
6990.
6978.
6968.
6958.
6948.
6937.
6926.
6916.
6906.
6895.
6886.
6874.
6866.
6855.
6845.
6834.
6825.
6816.
6808.
6799.
6790.
6782.
6773.
6766.
6758.
6752.
6746.
6739.
6733.
6725.
6721.
6715.
6711.
6705.
6700.
6697.
6693.
6689.
6686.
6682.
6680.
6677.
6674.
6672.
6670.
6668.
6666.
6666.
6666.
6664.
6662.
6662.
6661.
6661.
6660.
6659.
6659.
6659.
6659.
6660.
6661.
6660.
6661.
6662.
6662.
6663.
6664.
6665.
6667.
6667.
6668.
6670.
6669.
6666.
6660.
6652.
6638.
6624.
6608.
6591.
6573.
6555.
6535.
6514.
6495.
6474.
6452.
6431.
6407.
6387.
6365.
6345.
6325.
6308.
6294.
6280.
6268.
6257.
6245.
6235.
6225.
6214.
6204.
6193.
6184.
6176.
6165.
6156.
6147.
6140.
6130.
6122.
6113.
6105.
6095.
6089.
6080.
6074.
6066.
6059.
6052.
6045.
6038.
6033.
6027.
6022.
6017.
6012.
6007.
6004.
6000.
5997.
5993.
5991.
5988.
5986.
5984.
5982.
5982.
5980.
5979.
5980.
5979.
5980.
5981.
5982.
5981.
5982.
5983.
5984.
5985.
5986.
5988.
5990.
5994.
5996.
5998.
6001.
6002.
6004.
6005.
6008.
6010.
6010.
6008.
6003.
5996.
5986.
5973.
5959.
5944.
5927.
5908.
5891.
5872.
5853.
5835.
5816.
5798.
5779.
5762.
5744.
5727.
5711.
5696.
5680.
5666.
5651.
5639.
5626.
5613.
5602.
5589.
5577.
5565.
5553.
5540.
5529.
5517.
5508.
5499.
5489.
5481.
5472.
5466.
5459.
5452.
5447.
5442.
5438.
5433.
5431.
5428.
5424.
5423.
5420.
5418.
5417.
5415.
5415.
5414.
5414.
5415.
5415.
5417.
5419.
5421.
5423.
5425.
5428.
5432.
5436.
5438.
5442.
5445.
5448.
5453.
5458.
5462.
5468.
5472.
5478.
5482.
5487.
5492.
5498.
5503.
5507.
5512.
5519.
5524.
5528.
5535.
5540.
5546.
5551.
5557.
5564.
5570.
5576.
5583.
5590.
5595.
5602.
5609.
5616.
5623.
5630.
5638.
5645.
5652.
5656.
5658.
5656.
5652.
5645.
5638.
5629.
5620.
5609.
5597.
5585.
5571.
5557.
5543.
5529.
5515.
5503.
5491.
5478.
5468.
5457.
5449.
5439.
5430.
5423.
5415.
5407.
5399.
5391.
5384.
5378.
5371.
5364.
5359.
5354.
5348.
5343.
5339.
5335.
5331.
5327.
5325.
5323.
5320.
5316.
5315.
5312.
5310.
5309.
5308.
5306.
5305.
5305.
5304.
5304.
5305.
5305.
5306.
5309.
5309.
5311.
5314.
5317.
5319.
5322.
5326.
5328.
5332.
5337.
5340.
5344.
5349.
5353.
5358.
5363.
5366.
5371.
5376.
5381.
5386.
5392.
5396.
5402.
5407.
5413.
5419.
5425.
5430.
5436.
5441.
5448.
5455.
5462.
5468.
5474.
5481.
5488.
5495.
5503.
5510.
5518.
5525.
5532.
5539.
5546.
5554.
5561.
5566.
5571.
5573.
5573.
5570.
5566.
5561.
5555.
5548.
5541.
5533.
5526.
5518.
5509.
5500.
5492.
5482.
5475.
5468.
5461.
5452.
5444.
5439.
5431.
5423.
5418.
5412.
5407.
5401.
5394.
5390.
5385.
5381.
5376.
5371.
5367.
5361.
5358.
5354.
5349.
5344.
5339.
5336.
5333.
5330.
5327.
5324.
5321.
5318.
5315.
5314.
5313.
5311.
5310.
5309.
5308.
5307.
5307.
5307.
5308.
5308.
5307.
5309.
5311.
5314.
5316.
5318.
5320.
5323.
5324.
5327.
5330.
5334.
5336.
5340.
5345.
5348.
5352.
5356.
5359.
5364.
5370.
5374.
5378.
5383.
5387.
5393.
5398.
5403.
5409.
5414.
5419.
5425.
5430.
5437.
5441.
5448.
5453.
5459.
5465.
5470.
5475.
5481.
5486.
5492.
5499.
5503.
5508.
5510.
5509.
5506.
5503.
5497.
5491.
5486.
5479.
5474.
5466.
5461.
5458.
5454.
5451.
5449.
5449.
5447.
5447.
5446.
5445.
5442.
5441.
5438.
5436.
5434.
5431.
5429.
5427.
5423.
5422.
5418.
5416.
5413.
5411.
5407.
5404.
5401.
5398.
5396.
5391.
5389.
5387.
5384.
5382.
5378.
5376.
5373.
5371.
5369.
5368.
5365.
5363.
5362.
5362.
5360.
5361.
5360.
5358.
5359.
5359.
5360.
5360.
5361.
5363.
5364.
5365.
5368.
5370.
5371.
5373.
5375.
5378.
5381.
5384.
5387.
5388.
5393.
5396.
5399.
5404.
5408.
5412.
5416.
5419.
5424.
5428.
5433.
5436.
5440.
5444.
5447.
5453.
5457.
5461.
5465.
5471.
5473.
5478.
5484.
5486.
5490.
5494.
5499.
5503.
5509.
5516.
5522.
5529.
5535.
5543.
5551.
5558.
5565.
5573.
5580.
5587.
5594.
5602.
5609.
5617.
5625.
5633.
5642.
5651.
5659.
5666.
5674.
5682.
5689.
5697.
5704.
5709.
5716.
5722.
5728.
5736.
5740.
5746.
5752.
5758.
5764.
5770.
5775.
5782.
5787.
5792.
5797.
5804.
5808.
5813.
5819.
5825.
5830.
5836.
5842.
5848.
5853.
5858.
5863.
5869.
5875.
5880.
5885.
5891.
5896.
5900.
5904.
5910.
5914.
5919.
5924.
5930.
5934.
5938.
5942.
5946.
5952.
5955.
5960.
5964.
5969.
5972.
5975.
5978.
5982.
5985.
5989.
5993.
5997.
5999.
6002.
6005.
6008.
6010.
6012.
6014.
6016.
6018.
6022.
6023.
6026.
6028.
6030.
6032.
6034.
6035.
6037.
6041.
6045.
6046.
6049.
6050.
6053.
6055.
6057.
6060.
6064.
6070.
6080.
6091.
6106.
6121.
6137.
6154.
6171.
6187.
6202.
6217.
6230.
6244.
6260.
6276.
6294.
6311.
6328.
6345.
6363.
6380.
6398.
6416.
6434.
6450.
6466.
6480.
6494.
6509.
6522.
6536.
6550.
6562.
6574.
6588.
6600.
6611.
6621.
6632.
6643.
6653.
6663.
6673.
6683.
6693.
6702.
6711.
6722.
6731.
6741.
6750.
6760.
6771.
6781.
6791.
6800.
6811.
6821.
6830.
6841.
6851.
6861.
6870.
6881.
6892.
6902.
6913.
6924.
6933.
6943.
6953.
6965.
6975.
6986.
6996.
7008.
7018.
7027.
7039.
7049.
7058.
7068.
7079.
7088.
7099.
7108.
7117.
7127.
7136.
7145.
7153.
7160.
7169.
7176.
7183.
7190.
7197.
7203.
7208.
7215.
7221.
7225.
7232.
7237.
7240.
7246.
7251.
7255.
7260.
7264.
7267.
7271.
7274.
7280.
7284.
7288.
7294.
7301.
7311.
7325.
7343.
7362.
7383.
7404.
7426.
7448.
7470.
7493.
7515.
7536.
7558.
7579.
7601.
7623.
7644.
7664.
7682.
7702.
7719.
7734.
7750.
7764.
7777.
7790.
7802.
7814.
7825.
7836.
7848.
7857.
7867.
7878.
7888.
7897.
7905.
7914.
7925.
7934.
7943.
7951.
7961.
7969.
7978.
7987.
7996.
8005.
8012.
8020.
8027.
8034.
8042.
8050.
8056.
8062.
8068.
8074.
8078.
8084.
8090.
8094.
8098.
8102.
8107.
8110.
8112.
8115.
8117.
8120.
8123.
8125.
8128.
8131.
8132.
8134.
8137.
8138.
8139.
8140.
8142.
8143.
8144.
8145.
8147.
8148.
8150.
8152.
8152.
8152.
8152.
8153.
8154.
8157.
8159.
8162.
8168.
8173.
8181.
8188.
8195.
8202.
8210.
8217.
8226.
8233.
8240.
8246.
8253.
8261.
8269.
8278.
8286.
8294.
8303.
8312.
8320.
8330.
8339.
8347.
8356.
8366.
8376.
8388.
8399.
8408.
8417.
8426.
8436.
8446.
8456.
8465.
8473.
8483.
8492.
8500.
8509.
8518.
8527.
8536.
8546.
8555.
8564.
8575.
8584.
8595.
8602.
8611.
8620.
8628.
8636.
8644.
8651.
8659.
8665.
8670.
8676.
8683.
8688.
8691.
8696.
8701.
8704.
8708.
8712.
8715.
8717.
8719.
8721.
8723.
8726.
8726.
8729.
8730.
8730.
8731.
8731.
8733.
8732.
8732.
8733.
8732.
8731.
8731.
8730.
8729.
8728.
8726.
8727.
8725.
8724.
8722.
8721.
8720.
8718.
8718.
8716.
8714.
8712.
8711.
8711.
8713.
8716.
8722.
8729.
8738.
8749.
8761.
8774.
8786.
8799.
8812.
8824.
8836.
8849.
8863.
8877.
8890.
8904.
8915.
8927.
8940.
8951.
8963.
8973.
8984.
8996.
9006.
9015.
9024.
9033.
9043.
9052.
9061.
9071.
9080.
9088.
9095.
9102.
9110.
9117.
9123.
9129.
9134.
9139.
9144.
9148.
9151.
9155.
9157.
9160.
9162.
9165.
9167.
9167.
9168.
9169.
9170.
9171.
9170.
9169.
9167.
9166.
9164.
9162.
9159.
9159.
9156.
9153.
9149.
9147.
9145.
9142.
9138.
9134.
9131.
9129.
9125.
9119.
9115.
9111.
9108.
9104.
9100.
9097.
9092.
9088.
9083.
9079.
9076.
9072.
9067.
9062.
9058.
9054.
9049.
9044.
9040.
9035.
9031.
9025.
9021.
9017.
9013.
9007.
9003.
8997.
8993.
8987.
8984.
8979.
8973.
8969.
8965.
8961.
8959.
8961.
8966.
8972.
8979.
8988.
8997.
9007.
9017.
9028.
9037.
9046.
9055.
9064.
9072.
9081.
9088.
9097.
9107.
9114.
9123.
9132.
9139.
9145.
9153.
9159.
9166.
9172.
9177.
9182.
9187.
9192.
9196.
9200.
9204.
9209.
9213.
9217.
9221.
9226.
9230.
9234.
9238.
9243.
9246.
9250.
9254.
9258.
9261.
9266.
9268.
9272.
9276.
9278.
9281.
9282.
9285.
9286.
9287.
9289.
9289.
9289.
9289.
9289.
9288.
9286.
9285.
9284.
9283.
9281.
9280.
9280.
9277.
9273.
9271.
9268.
9265.
9262.
9259.
9256.
9252.
9248.
9245.
9241.
9237.
9233.
9229.
9227.
9223.
9220.
9217.
9213.
9209.
9207.
9203.
9201.
9198.
9195.
9192.
9189.
9187.
9185.
9183.
9182.
9180.
9180.
9179.
9180.
9179.
9180.
9182.
9183.
9184.
9185.
9186.
9188.
9187.
9188.
9189.
9191.
9192.
9193.
9194.
9195.
9197.
9199.
9200.
9202.
9202.
9203.
9205.
9206.
9207.
9208.
9208.
9208.
9208.
9209.
9209.
9210.
9209.
9210.
9209.
9209.
9210.
9211.
9212.
9211.
9211.
9211.
9211.
9210.
9209.
9211.
9210.
9211.
9210.
9210.
9209.
9209.
9208.
9208.
9207.
9206.
9206.
9205.
9204.
9203.
9202.
9201.
9200.
9200.
9199.
9198.
9197.
9196.
9195.
9193.
9191.
9189.
9187.
9186.
9185.
9183.
9183.
9182.
9180.
9177.
9177.
9175.
9173.
9171.
9170.
9168.
9167.
9165.
9163.
9163.
9161.
9160.
9157.
9157.
9154.
9153.
9151.
9149.
9147.
9145.
9144.
9143.
9140.
9139.
9137.
9135.
9133.
9132.
9132.
9129.
9126.
9127.
9125.
9124.
9123.
9122.
9120.
9118.
9117.
9116.
9115.
9113.
9112.
9110.
9109.
9107.
9106.
9105.
9105.
9103.
9102.
9101.
9100.
9099.
9098.
9096.
9096.
9095.
9094.
9093.
9092.
9092.
9089.
9088.
9089.
9087.
9088.
9087.
9086.
9085.
9084.
9082.
9083.
9083.
9082.
9081.
9081.
9081.
9081.
9081.
9080.
9079.
9075.
9068.
9056.
9041.
9022.
9001.
8979.
8958.
8936.
8915.
8896.
8877.
8860.
8847.
8836.
8828.
8823.
8820.
8817.
8814.
8811.
8808.
8803.
8799.
8795.
8791.
8787.
8784.
8779.
8775.
8771.
8766.
8762.
8757.
8753.
8748.
8743.
8738.
8734.
8730.
8724.
8719.
8715.
8709.
8705.
8702.
8696.
8691.
8685.
8681.
8675.
8669.
8665.
8660.
8655.
8650.
8645.
8639.
8636.
8630.
8624.
8620.
8614.
8609.
8605.
8600.
8596.
8592.
8587.
8583.
8579.
8574.
8570.
8564.
8560.
8556.
8552.
8548.
8545.
8541.
8536.
8532.
8529.
8525.
8523.
8519.
8516.
8512.
8510.
8507.
8503.
8500.
8498.
8495.
8492.
8489.
8486.
8484.
8482.
8479.
8477.
8475.
8474.
8473.
8470.
8469.
8467.
8466.
8465.
8464.
8464.
8462.
8462.
8460.
8458.
8453.
8443.
8429.
8409.
8386.
8360.
8334.
8306.
8276.
8247.
8219.
8191.
8162.
8132.
8104.
8073.
8044.
8015.
7988.
7962.
7937.
7915.
7895.
7878.
7866.
7856.
7846.
7838.
7830.
7821.
7814.
7806.
7800.
7792.
7786.
7779.
7771.
7763.
7756.
7748.
7740.
7733.
7725.
7717.
7711.
7703.
7695.
7686.
7678.
7671.
7663.
7655.
7647.
7640.
7632.
7625.
7618.
7610.
7603.
7595.
7588.
7580.
7572.
7566.
7559.
7551.
7544.
7537.
7531.
7524.
7517.
7511.
7504.
7498.
7492.
7486.
7481.
7475.
7469.
7465.
7459.
7454.
7449.
7445.
7440.
7436.
7432.
7426.
7419.
7407.
7391.
7372.
7347.
7323.
7297.
7268.
7240.
7210.
7183.
7153.
7125.
7097.
7071.
7047.
7026.
7005.
6990.
6976.
6966.
6954.
6943.
6933.
6925.
6915.
6907.
6899.
6891.
6883.
6875.
6867.
6859.
6851.
6842.
6835.
6827.
6820.
6812.
6805.
6798.
6791.
6784.
6777.
6770.
6763.
6757.
6750.
6743.
6737.
6732.
6726.
6720.
6715.
6710.
6705.
6700.
6693.
6690.
6686.
6682.
6679.
6676.
6672.
6669.
6667.
6664.
6662.
6660.
6657.
6655.
6654.
6653.
6651.
6649.
6648.
6647.
6647.
6647.
6647.
6646.
6647.
6646.
6646.
6647.
6647.
6646.
6646.
6646.
6647.
6647.
6647.
6647.
6648.
6647.
6647.
6645.
6641.
6632.
6620.
6603.
6586.
6565.
6543.
6522.
6500.
6478.
6456.
6434.
6409.
6386.
6362.
6340.
6318.
6297.
6275.
6254.
6233.
6215.
6195.
6175.
6156.
6136.
6118.
6098.
6079.
6062.
6044.
6026.
6008.
5991.
5972.
5957.
5939.
5924.
5910.
5894.
5879.
5866.
5856.
5844.
5834.
5825.
5818.
5810.
5803.
5797.
5791.
5786.
5781.
5776.
5772.
5766.
5763.
5760.
5757.
5756.
5754.
5752.
5751.
5751.
5751.
5752.
5752.
5753.
5754.
5755.
5757.
5759.
5761.
5763.
5766.
5768.
5771.
5774.
5777.
5782.
5785.
5789.
5792.
5796.
5801.
5805.
5809.
5812.
5818.
5822.
5826.
5831.
5835.
5840.
5843.
5849.
5853.
5858.
5862.
5866.
5872.
5877.
5882.
5887.
5892.
5896.
5900.
5903.
5903.
5900.
5895.
5885.
5874.
5863.
5851.
5837.
5823.
5808.
5791.
5775.
5758.
5742.
5725.
5711.
5696.
5682.
5671.
5659.
5647.
5637.
5628.
5617.
5606.
5597.
5587.
5578.
5567.
5559.
5549.
5540.
5532.
5524.
5516.
5509.
5503.
5495.
5487.
5481.
5473.
5468.
5462.
5456.
5450.
5445.
5439.
5435.
5428.
5422.
5417.
5414.
5408.
5405.
5401.
5398.
5395.
5391.
5390.
5389.
5388.
5387.
5387.
5387.
5388.
5389.
5391.
5393.
5396.
5399.
5401.
5405.
5407.
5409.
5413.
5416.
5419.
5423.
5427.
5432.
5436.
5439.
5443.
5447.
5453.
5458.
5462.
5468.
5473.
5478.
5482.
5488.
5492.
5496.
5499.
5503.
5507.
5508.
5511.
5512.
5511.
5511.
5510.
5508.
5505.
5502.
5497.
5492.
5487.
5482.
5476.
5472.
5467.
5461.
5456.
5451.
5444.
5439.
5433.
5428.
5421.
5415.
5408.
5401.
5395.
5388.
5381.
5375.
5369.
5362.
5354.
5349.
5345.
5341.
5336.
5333.
5331.
5329.
5327.
5326.
5327.
5325.
5326.
5325.
5325.
5325.
5326.
5326.
5328.
5328.
5330.
5333.
5333.
5335.
5338.
5341.
5343.
5346.
5349.
5352.
5355.
5357.
5361.
5363.
5368.
5373.
5376.
5380.
5384.
5388.
5392.
5398.
5403.
5407.
5411.
5417.
5421.
5426.
5431.
5436.
5439.
5444.
5448.
5454.
5459.
5463.
5465.
5465.
5463.
5460.
5457.
5452.
5446.
5440.
5433.
5425.
5419.
5411.
5403.
5392.
5382.
5375.
5367.
5358.
5351.
5345.
5338.
5332.
5327.
5322.
5317.
5312.
5308.
5304.
5299.
5296.
5293.
5289.
5286.
5283.
5282.
5280.
5279.
5277.
5275.
5274.
5274.
5273.
5272.
5273.
5273.
5274.
5275.
5275.
5277.
5278.
5281.
5283.
5285.
5289.
5291.
5294.
5298.
5301.
5304.
5307.
5311.
5314.
5318.
5321.
5326.
5331.
5335.
5338.
5343.
5348.
5353.
5357.
5361.
5366.
5372.
5377.
5382.
5387.
5392.
5397.
5402.
5407.
5412.
5418.
5422.
5427.
5433.
5438.
5443.
5449.
5455.
5460.
5466.
5472.
5478.
5483.
5489.
5496.
5502.
5506.
5513.
5520.
5526.
5531.
5537.
5543.
5549.
5555.
5560.
5566.
5573.
5580.
5586.
5592.
5598.
5605.
5611.
5617.