5527.
5531.
5533.
5536.
5541.
5544.
5549.
5553.
5556.
5561.
5565.
5568.
5573.
5580.
5584.
5590.
5595.
5601.
5606.
5611.
5617.
5623.
5628.
5634.
5641.
5647.
5653.
5658.
5664.
5671.
5677.
5683.
5690.
5696.
5703.
5709.
5716.
5723.
5729.
5736.
5742.
5744.
5744.
5739.
5730.
5721.
5713.
5705.
5694.
5686.
5677.
5667.
5656.
5645.
5634.
5625.
5614.
5608.
5603.
5598.
5595.
5595.
5594.
5592.
5592.
5591.
5589.
5587.
5585.
5583.
5581.
5579.
5578.
5575.
5573.
5570.
5569.
5567.
5565.
5562.
5561.
5558.
5556.
5554.
5553.
5549.
5547.
5545.
5542.
5541.
5540.
5537.
5535.
5534.
5533.
5532.
5531.
5529.
5529.
5527.
5528.
5528.
5528.
5528.
5528.
5530.
5531.
5533.
5533.
5535.
5537.
5539.
5542.
5545.
5548.
5551.
5554.
5559.
5563.
5567.
5572.
5575.
5581.
5585.
5591.
5595.
5599.
5605.
5611.
5616.
5621.
5627.
5633.
5639.
5645.
5650.
5656.
5663.
5668.
5674.
5680.
5687.
5693.
5699.
5707.
5712.
5719.
5724.
5727.
5726.
5723.
5716.
5707.
5697.
5687.
5677.
5666.
5655.
5645.
5634.
5622.
5613.
5602.
5594.
5587.
5582.
5578.
5577.
5575.
5574.
5571.
5571.
5570.
5568.
5567.
5563.
5563.
5560.
5559.
5556.
5555.
5552.
5550.
5549.
5547.
5543.
5542.
5540.
5538.
5535.
5532.
5531.
5528.
5527.
5524.
5522.
5518.
5517.
5515.
5513.
5511.
5509.
5506.
5505.
5504.
5503.
5502.
5500.
5499.
5500.
5499.
5499.
5499.
5500.
5501.
5501.
5502.
5503.
5504.
5507.
5509.
5512.
5514.
5518.
5522.
5526.
5530.
5533.
5537.
5542.
5546.
5551.
5555.
5560.
5565.
5570.
5576.
5580.
5586.
5591.
5597.
5603.
5609.
5613.
5620.
5624.
5631.
5637.
5643.
5648.
5655.
5663.
5669.
5675.
5682.
5687.
5693.
5700.
5708.
5713.
5720.
5723.
5723.
5720.
5713.
5705.
5696.
5689.
5681.
5672.
5663.
5653.
5644.
5634.
5625.
5617.
5609.
5603.
5600.
5596.
5595.
5593.
5592.
5591.
5590.
5589.
5587.
5585.
5584.
5582.
5579.
5578.
5575.
5573.
5571.
5569.
5566.
5564.
5561.
5560.
5558.
5555.
5553.
5550.
5547.
5545.
5542.
5541.
5537.
5534.
5532.
5530.
5529.
5526.
5523.
5521.
5518.
5515.
5514.
5513.
5511.
5509.
5508.
5508.
5508.
5507.
5507.
5506.
5507.
5507.
5508.
5510.
5511.
5514.
5515.
5517.
5521.
5524.
5527.
5530.
5533.
5537.
5542.
5545.
5551.
5555.
5561.
5563.
5569.
5574.
5579.
5584.
5590.
5595.
5601.
5606.
5612.
5616.
5623.
5628.
5636.
5640.
5647.
5652.
5657.
5661.
5662.
5659.
5655.
5648.
5641.
5633.
5626.
5617.
5612.
5605.
5599.
5592.
5588.
5584.
5583.
5582.
5582.
5582.
5582.
5581.
5581.
5579.
5578.
5577.
5575.
5574.
5573.
5572.
5570.
5567.
5566.
5565.
5562.
5560.
5558.
5557.
5555.
5553.
5550.
5549.
5546.
5545.
5542.
5539.
5537.
5534.
5532.
5530.
5528.
5526.
5524.
5521.
5519.
5516.
5515.
5513.
5511.
5509.
5508.
5506.
5505.
5503.
5502.
5501.
5500.
5500.
5499.
5499.
5499.
5501.
5500.
5501.
5501.
5503.
5504.
5505.
5507.
5510.
5512.
5515.
5518.
5520.
5524.
5527.
5530.
5533.
5537.
5542.
5546.
5551.
5555.
5560.
5564.
5569.
5574.
5578.
5584.
5590.
5594.
5599.
5605.
5610.
5616.
5621.
5627.
5632.
5639.
5644.
5651.
5656.
5662.
5667.
5675.
5681.
5688.
5693.
5696.
5697.
5695.
5692.
5688.
5683.
5677.
5671.
5667.
5662.
5661.
5660.
5659.
5661.
5662.
5663.
5664.
5664.
5664.
5663.
5663.
5664.
5662.
5662.
5661.
5661.
5661.
5659.
5658.
5658.
5657.
5655.
5654.
5653.
5651.
5649.
5648.
5647.
5645.
5643.
5641.
5639.
5637.
5635.
5633.
5631.
5629.
5626.
5624.
5621.
5620.
5617.
5616.
5614.
5611.
5609.
5607.
5604.
5601.
5600.
5598.
5596.
5594.
5592.
5590.
5588.
5587.
5585.
5584.
5581.
5580.
5579.
5579.
5577.
5577.
5576.
5574.
5573.
5574.
5573.
5574.
5573.
5573.
5574.
5575.
5574.
5576.
5576.
5577.
5578.
5580.
5581.
5583.
5584.
5587.
5589.
5590.
5591.
5592.
5597.
5599.
5602.
5604.
5607.
5611.
5613.
5617.
5620.
5622.
5625.
5630.
5633.
5636.
5641.
5645.
5650.
5654.
5658.
5662.
5666.
5670.
5675.
5679.
5685.
5689.
5694.
5701.
5705.
5711.
5715.
5722.
5728.
5734.
5739.
5746.
5753.
5759.
5765.
5771.
5779.
5785.
5792.
5798.
5806.
5813.
5821.
5826.
5833.
5840.
5848.
5854.
5862.
5868.
5872.
5874.
5873.
5870.
5865.
5858.
5852.
5847.
5842.
5840.
5838.
5839.
5840.
5841.
5844.
5846.
5848.
5849.
5851.
5852.
5853.
5854.
5855.
5855.
5855.
5854.
5855.
5854.
5856.
5855.
5854.
5854.
5853.
5853.
5852.
5853.
5852.
5851.
5849.
5848.
5847.
5845.
5844.
5843.
5841.
5838.
5837.
5837.
5835.
5833.
5832.
5829.
5828.
5826.
5824.
5821.
5819.
5817.
5815.
5813.
5812.
5809.
5808.
5806.
5803.
5801.
5800.
5797.
5794.
5792.
5791.
5789.
5788.
5786.
5784.
5783.
5781.
5780.
5778.
5777.
5775.
5774.
5773.
5771.
5771.
5770.
5770.
5769.
5768.
5767.
5768.
5769.
5767.
5768.
5768.
5769.
5770.
5771.
5771.
5772.
5772.
5775.
5775.
5778.
5779.
5782.
5785.
5786.
5788.
5791.
5795.
5796.
5798.
5803.
5805.
5808.
5812.
5817.
5821.
5826.
5829.
5833.
5837.
5841.
5846.
5852.
5856.
5860.
5866.
5871.
5877.
5881.
5886.
5890.
5897.
5903.
5909.
5913.
5917.
5917.
5913.
5909.
5902.
5894.
5886.
5880.
5875.
5873.
5870.
5871.
5871.
5873.
5874.
5875.
5876.
5878.
5879.
5879.
5881.
5881.
5881.
5882.
5881.
5879.
5880.
5879.
5879.
5877.
5878.
5876.
5876.
5875.
5875.
5874.
5871.
5871.
5869.
5867.
5866.
5864.
5863.
5861.
5859.
5857.
5855.
5855.
5852.
5850.
5848.
5845.
5842.
5840.
5839.
5837.
5835.
5833.
5830.
5828.
5826.
5824.
5822.
5818.
5818.
5815.
5814.
5812.
5809.
5808.
5806.
5804.
5801.
5800.
5798.
5797.
5796.
5794.
5793.
5791.
5791.
5790.
5789.
5788.
5787.
5786.
5786.
5786.
5785.
5785.
5784.
5785.
5785.
5785.
5784.
5786.
5786.
5786.
5788.
5788.
5789.
5789.
5790.
5790.
5791.
5792.
5793.
5795.
5796.
5798.
5800.
5802.
5802.
5805.
5808.
5808.
5810.
5812.
5813.
5815.
5818.
5820.
5823.
5825.
5828.
5830.
5833.
5836.
5839.
5841.
5844.
5847.
5851.
5853.
5857.
5862.
5866.
5869.
5872.
5875.
5880.
5884.
5887.
5891.
5896.
5901.
5906.
5910.
5915.
5920.
5925.
5930.
5936.
5941.
5947.
5953.
5957.
5964.
5970.
5976.
5982.
5990.
5995.
6001.
6007.
6014.
6021.
6029.
6034.
6038.
6040.
6041.
6037.
6033.
6030.
6025.
6021.
6021.
6021.
6022.
6024.
6026.
6030.
6033.
6036.
6038.
6041.
6044.
6047.
6048.
6050.
6053.
6054.
6055.
6056.
6058.
6059.
6059.
6060.
6061.
6061.
6062.
6062.
6063.
6062.
6064.
6064.
6064.
6063.
6064.
6063.
6063.
6062.
6063.
6061.
6060.
6060.
6059.
6058.
6058.
6056.
6056.
6054.
6053.
6052.
6052.
6050.
6049.
6047.
6046.
6044.
6043.
6041.
6040.
6039.
6037.
6034.
6033.
6033.
6032.
6029.
6028.
6026.
6025.
6023.
6022.
6021.
6021.
6019.
6016.
6014.
6012.
6012.
6010.
6010.
6009.
6007.
6007.
6006.
6005.
6005.
6006.
6009.
6015.
6024.
6032.
6042.
6051.
6058.
6064.
6070.
6073.
6077.
6078.
6080.
6081.
6082.
6083.
6084.
6086.
6088.
6088.
6089.
6091.
6093.
6094.
6096.
6097.
6099.
6101.
6103.
6105.
6107.
6109.
6111.
6114.
6116.
6119.
6121.
6123.
6125.
6129.
6131.
6135.
6137.
6141.
6144.
6147.
6151.
6154.
6158.
6162.
6166.
6170.
6174.
6179.
6183.
6188.
6192.
6196.
6202.
6207.
6212.
6217.
6222.
6229.
6233.
6239.
6246.
6252.
6258.
6264.
6270.
6276.
6283.
6289.
6296.
6302.
6310.
6318.
6325.
6332.
6340.
6347.
6354.
6363.
6369.
6374.
6377.
6377.
6375.
6371.
6365.
6362.
6360.
6360.
6364.
6369.
6374.
6380.
6385.
6389.
6393.
6397.
6401.
6405.
6409.
6413.
6416.
6420.
6423.
6425.
6430.
6431.
6434.
6435.
6439.
6442.
6443.
6445.
6448.
6451.
6452.
6454.
6457.
6459.
6460.
6462.
6464.
6466.
6467.
6468.
6470.
6471.
6472.
6474.
6475.
6476.
6476.
6478.
6479.
6480.
6480.
6481.
6481.
6482.
6484.
6484.
6483.
6483.
6484.
6484.
6484.
6484.
6484.
6483.
6484.
6483.
6483.
6483.
6482.
6481.
6481.
6481.
6479.
6479.
6479.
6479.
6477.
6476.
6474.
6473.
6472.
6472.
6471.
6469.
6468.
6466.
6465.
6465.
6463.
6462.
6460.
6459.
6461.
6464.
6471.
6478.
6489.
6498.
6510.
6519.
6527.
6533.
6538.
6543.
6547.
6550.
6551.
6553.
6554.
6556.
6557.
6558.
6559.
6560.
6562.
6563.
6565.
6567.
6568.
6568.
6570.
6572.
6574.
6576.
6577.
6579.
6582.
6583.
6585.
6588.
6589.
6591.
6595.
6597.
6599.
6600.
6603.
6607.
6610.
6612.
6616.
6619.
6622.
6625.
6629.
6633.
6636.
6640.
6644.
6648.
6652.
6658.
6663.
6668.
6672.
6677.
6681.
6688.
6693.
6699.
6703.
6710.
6716.
6722.
6728.
6735.
6741.
6747.
6754.
6760.
6768.
6774.
6782.
6789.
6796.
6803.
6810.
6817.
6824.
6832.
6839.
6848.
6854.
6859.
6863.
6863.
6859.
6855.
6848.
6844.
6841.
6840.
6841.
6844.
6848.
6852.
6856.
6862.
6866.
6870.
6874.
6877.
6881.
6884.
6888.
6891.
6893.
6896.
6897.
6900.
6902.
6905.
6907.
6909.
6911.
6913.
6916.
6918.
6919.
6922.
6924.
6925.
6927.
6928.
6929.
6932.
6933.
6934.
6934.
6937.
6937.
6939.
6939.
6941.
6942.
6943.
6943.
6945.
6944.
6945.
6947.
6948.
6947.
6947.
6948.
6948.
6950.
6949.
6949.
6948.
6949.
6948.
6946.
6947.
6948.
6947.
6947.
6946.
6946.
6946.
6945.
6945.
6945.
6944.
6944.
6943.
6942.
6942.
6943.
6941.
6940.
6939.
6939.
6938.
6936.
6935.
6934.
6932.
6931.
6930.
6928.
6927.
6925.
6923.
6923.
6923.
6925.
6928.
6934.
6940.
6949.
6956.
6962.
6968.
6973.
6978.
6982.
6985.
6988.
6990.
6992.
6992.
6994.
6994.
6996.
6996.
6998.
7000.
7001.
7002.
7003.
7006.
7007.
7009.
7010.
7012.
7014.
7016.
7017.
7021.
7023.
7026.
7029.
7030.
7033.
7036.
7039.
7043.
7045.
7049.
7053.
7056.
7060.
7064.
7067.
7071.
7075.
7081.
7085.
7091.
7094.
7100.
7106.
7110.
7117.
7120.
7126.
7133.
7140.
7146.
7152.
7158.
7165.
7172.
7178.
7185.
7191.
7198.
7205.
7212.
7218.
7226.
7230.
7238.
7244.
7247.
7249.
7247.
7242.
7237.
7232.
7228.
7227.
7228.
7230.
7233.
7236.
7243.
7248.
7253.
7257.
7261.
7264.
7268.
7271.
7275.
7279.
7282.
7285.
7288.
7292.
7294.
7297.
7299.
7303.
7305.
7310.
7313.
7315.
7317.
7320.
7323.
7325.
7329.
7331.
7335.
7339.
7341.
7344.
7347.
7350.
7353.
7354.
7357.
7360.
7363.
7365.
7368.
7371.
7373.
7376.
7379.
7383.
7385.
7388.
7390.
7393.
7395.
7398.
7402.
7405.
7408.
7410.
7413.
7417.
7420.
7423.
7426.
7429.
7431.
7435.
7438.
7442.
7446.
7448.
7452.
7456.
7460.
7462.
7466.
7469.
7474.
7477.
7481.
7486.
7490.
7494.
7498.
7502.
7507.
7511.
7516.
7521.
7525.
7529.
7535.
7539.
7546.
7550.
7557.
7558.
7560.
7560.
7556.
7550.
7541.
7532.
7523.
7515.
7509.
7503.
7498.
7496.
7493.
7491.
7491.
7492.
7494.
7495.
7498.
7499.
7501.
7503.
7505.
7507.
7509.
7508.
7510.
7510.
7512.
7510.
7511.
7512.
7512.
7511.
7512.
7511.
7510.
7510.
7510.
7510.
7509.
7508.
7508.
7508.
7507.
7506.
7506.
7506.
7504.
7503.
7502.
7501.
7499.
7498.
7497.
7498.
7494.
7493.
7494.
7492.
7491.
7489.
7490.
7488.
7488.
7487.
7486.
7485.
7485.
7485.
7485.
7485.
7483.
7482.
7480.
7481.
7480.
7478.
7477.
7478.
7476.
7478.
7481.
7484.
7487.
7491.
7495.
7499.
7501.
7505.
7508.
7509.
7511.
7513.
7515.
7517.
7518.
7519.
7519.
7520.
7521.
7521.
7522.
7522.
7525.
7525.
7527.
7528.
7528.
7528.
7528.
7528.
7529.
7529.
7530.
7530.
7531.
7532.
7533.
7535.
7538.
7538.
7540.
7543.
7544.
7546.
7548.
7550.
7551.
7553.
7557.
7559.
7561.
7563.
7565.
7569.
7572.
7573.
7577.
7579.
7584.
7586.
7589.
7594.
7598.
7601.
7606.
7611.
7615.
7620.
7624.
7629.
7633.
7638.
7643.
7648.
7654.
7660.
7664.
7669.
7673.
7672.
7667.
7660.
7652.
7642.
7633.
7627.
7624.
7624.
7627.
7630.
7635.
7639.
7644.
7647.
7652.
7653.
7656.
7657.
7660.
7662.
7663.
7665.
7668.
7669.
7670.
7672.
7673.
7675.
7676.
7677.
7679.
7681.
7683.
7685.
7685.
7687.
7688.
7690.
7690.
7692.
7693.
7695.
7696.
7698.
7699.
7700.
7700.
7701.
7703.
7703.
7704.
7705.
7707.
7709.
7709.
7710.
7710.
7712.
7714.
7714.
7714.
7716.
7718.
7718.
7718.
7720.
7721.
7720.
7721.
7722.
7723.
7723.
7724.
7724.
7725.
7726.
7725.
7726.
7727.
7727.
7727.
7728.
7729.
7728.
7730.
7730.
7729.
7731.
7731.
7731.
7731.
7731.
7731.
7732.
7731.
7731.
7732.
7732.
7733.
7733.
7733.
7734.
7734.
7734.
7733.
7734.
7735.
7734.
7735.
7735.
7736.
7736.
7735.
7735.
7736.
7735.
7736.
7736.
7736.
7736.
7737.
7738.
7740.
7741.
7743.
7745.
7745.
7747.
7747.
7749.
7750.
7752.
7753.
7755.
7756.
7757.
7758.
7759.
7760.
7760.
7760.
7761.
7761.
7761.
7762.
7763.
7764.
7766.
7766.
7768.
7768.
7770.
7771.
7772.
7773.
7775.
7777.
7778.
7781.
7783.
7785.
7788.
7789.
7792.
7793.
7795.
7798.
7801.
7803.
7807.
7811.
7814.
7816.
7820.
7823.
7827.
7831.
7833.
7838.
7843.
7847.
7851.
7856.
7861.
7865.
7870.
7875.
7881.
7886.
7892.
7898.
7904.
7909.
7914.
7922.
7928.
7933.
7939.
7945.
7949.
7950.
7948.
7944.
7940.
7935.
7931.
7928.
7928.
7929.
7932.
7936.
7942.
7946.
7951.
7956.
7960.
7963.
7967.
7970.
7973.
7975.
7978.
7981.
7983.
7985.
7988.
7990.
7992.
7994.
7996.
7999.
7999.
8001.
8003.
8005.
8007.
8008.
8009.
8012.
8013.
8015.
8016.
8017.
8018.
8019.
8020.
8022.
8022.
8024.
8025.
8025.
8025.
8027.
8028.
8027.
8029.
8029.
8031.
8030.
8031.
8031.
8031.
8031.
8032.
8032.
8032.
8032.
8032.
8032.
8031.
8033.
8032.
8032.
8032.
8032.
8032.
8031.
8032.
8030.
8029.
8029.
8029.
8028.
8029.
8029.
8028.
8027.
8026.
8027.
8026.
8026.
8025.
8025.
8023.
8023.
8021.
8020.
8022.
8022.
8020.
8019.
8019.
8017.
8017.
8018.
8016.
8014.
8013.
8013.
8013.
8013.
8015.
8016.
8017.
8019.
8020.
8025.
8028.
8032.
8036.
8040.
8045.
8049.
8054.
8059.
8061.
8065.
8068.
8069.
8071.
8072.
8074.
8076.
8078.
8080.
8083.
8085.
8087.
8090.
8093.
8096.
8098.
8103.
8106.
8110.
8113.
8117.
8121.
8124.
8128.
8133.
8137.
8141.
8146.
8150.
8155.
8160.
8164.
8170.
8175.
8181.
8188.
8193.
8200.
8205.
8212.
8218.
8225.
8232.
8239.
8245.
8252.
8258.
8265.
8273.
8280.
8288.
8296.
8303.
8312.
8319.
8328.
8335.
8344.
8352.
8360.
8368.
8376.
8385.
8392.
8401.
8409.
8417.
8426.
8434.
8442.
8448.
8456.
8463.
8470.
8477.
8483.
8489.
8496.
8501.
8505.
8509.
8514.
8519.
8522.
8527.
8531.
8533.
8538.
8541.
8543.
8545.
8549.
8551.
8552.
8554.
8555.
8557.
8558.
8559.
8560.
8562.
8561.
8562.
8564.
8564.
8565.
8565.
8566.
8566.
8566.
8566.
8565.
8565.
8564.
8564.
8564.
8563.
8563.
8562.
8563.
8561.
8560.
8559.
8557.
8557.
8555.
8555.
8554.
8552.
8550.
8549.
8548.
8548.
8546.
8545.
8542.
8539.
8539.
8537.
8535.
8533.
8531.
8530.
8529.
8526.
8524.
8524.
8522.
8519.
8518.
8517.
8514.
8513.
8512.
8509.
8507.
8505.
8502.
8501.
8498.
8496.
8494.
8492.
8490.
8489.
8486.
8484.
8482.
8480.
8477.
8475.
8473.
8470.
8467.
8466.
8464.
8462.
8459.
8457.
8455.
8453.
8450.
8447.
8446.
8444.
8441.
8439.
8436.
8434.
8431.
8427.
8426.
8423.
8420.
8418.
8416.
8413.
8410.
8408.
8406.
8406.
8403.
8401.
8400.
8398.
8397.
8394.
8392.
8390.
8389.
8388.
8390.
8391.
8391.
8392.
8393.
8394.
8394.
8394.
8394.
8395.
8394.
8394.
8396.
8396.
8397.
8396.
8397.
8396.
8396.
8395.
8397.
8397.
8398.
8399.
8399.
8400.
8402.
8402.
8404.
8404.
8405.
8407.
8409.
8410.
8412.
8413.
8415.
8416.
8418.
8419.
8422.
8425.
8427.
8431.
8434.
8437.
8440.
8444.
8446.
8450.
8454.
8457.
8461.
8466.
8470.
8473.
8477.
8483.
8488.
8493.
8498.
8503.
8508.
8514.
8520.
8524.
8529.
8536.
8541.
8547.
8554.
8560.
8565.
8569.
8571.
8570.
8567.
8562.
8559.
8555.
8553.
8555.
8555.
8559.
8562.
8566.
8570.
8573.
8576.
8578.
8579.
8581.
8582.
8582.
8583.
8584.
8585.
8585.
8585.
8585.
8585.
8586.
8585.
8585.
8586.
8585.
8583.
8583.
8583.
8581.
8581.
8580.
8580.
8579.
8577.
8576.
8574.
8573.
8572.
8570.
8569.
8567.
8564.
8564.
8562.
8559.
8556.
8555.
8553.
8551.
8548.
8546.
8544.
8541.
8539.
8537.
8533.
8531.
8527.
8526.
8522.
8519.
8516.
8514.
8511.
8508.
8503.
8501.
8499.
8495.
8491.
8489.
8485.
8482.
8477.
8474.
8472.
8468.
8465.
8461.
8456.
8453.
8450.
8446.
8441.
8438.
8435.
8431.
8428.
8424.
8421.
8417.
8414.
8413.
8414.
8417.
8422.
8430.
8438.
8447.
8455.
8463.
8469.
8474.
8478.
8481.
8482.
8482.
8484.
8486.
8488.
8487.
8489.
8491.
8493.
8495.
8496.
8498.
8501.
8503.
8505.
8509.
8512.
8516.
8519.
8523.
8526.
8531.
8534.
8539.
8543.
8548.
8552.
8556.
8561.
8566.
8572.
8577.
8583.
8588.
8594.
8600.
8606.
8612.
8619.
8625.
8631.
8637.
8644.
8651.
8658.
8666.
8672.
8679.
8688.
8695.
8703.
8709.
8717.
8725.
8732.
8739.
8746.
8752.
8760.
8765.
8770.
8776.
8780.
8783.
8787.
8790.
8794.
8794.
8796.
8797.
8799.
8800.
8800.
8800.
8801.
8800.
8800.
8799.
8800.
8797.
8797.
8795.
8794.
8793.
8792.
8790.
8788.
8787.
8785.
8782.
8781.
8779.
8775.
8773.
8771.
8768.
8766.
8763.
8760.
8757.
8753.
8751.
8748.
8746.
8741.
8739.
8735.
8732.
8728.
8726.
8723.
8719.
8716.
8713.
8708.
8704.
8702.
8698.
8694.
8691.
8690.
8690.
8693.
8698.
8705.
8712.
8720.
8728.
8737.
8744.
8752.
8759.
8762.
8765.
8767.
8768.
8771.
8772.
8773.
8776.
8778.
8781.
8784.
8788.
8791.
8793.
8796.
8800.
8805.
8809.
8812.
8817.
8821.
8826.
8830.
8835.
8841.
8846.
8850.
8854.
8862.
8868.
8873.
8880.
8886.
8892.
8898.
8905.
8911.
8918.
8924.
8931.
8938.
8946.
8952.
8961.
8967.
8974.
8981.
8990.
8997.
9003.
9010.
9016.
9021.
9028.
9032.
9037.
9041.
9046.
9048.
9050.
9052.
9054.
9055.
9057.
9057.
9058.
9058.
9058.
9056.
9055.
9055.
9054.
9053.
9053.
9051.
9049.
9047.
9045.
9044.
9041.
9039.
9036.
9034.
9032.
9029.
9026.
9023.
9021.
9018.
9014.
9010.
9008.
9005.
9000.
8997.
8993.
8990.
8987.
8983.
8980.
8975.
8971.
8967.
8965.
8959.
8955.
8950.
8946.
8944.
8939.
8935.
8931.
8928.
8926.
8925.
8928.
8931.
8936.
8940.
8945.
8953.
8959.
8965.
8971.
8977.
8983.
8987.
8990.
8993.
8994.
8995.
8996.
8997.
8999.
9001.
9003.
9005.
9008.
9011.
9015.
9019.
9023.
9025.
9029.
9033.
9038.
9042.
9046.
9050.
9055.
9060.
9065.
9070.
9076.
9082.
9087.
9092.
9099.
9104.
9111.
9116.
9122.
9129.
9135.
9142.
9148.
9156.
9163.
9169.
9175.
9182.
9189.
9196.
9202.
9207.
9213.
9218.
9223.
9227.
9230.
9234.
9237.
9238.
9240.
9240.
9239.
9240.
9240.
9239.
9239.
9237.
9237.
9235.
9234.
9232.
9230.
9227.
9225.
9223.
9221.
9219.
9216.
9212.
9209.
9206.
9204.
9201.
9197.
9194.
9192.
9187.
9183.
9180.
9175.
9172.
9167.
9164.
9160.
9155.
9151.
9146.
9143.
9140.
9135.
9130.
9126.
9121.
9117.
9113.
9110.
9104.
9099.
9094.
9091.
9086.
9086.
9085.
9089.
9093.
9099.
9105.
9111.
9117.
9123.
9129.
9134.
9139.
9141.
9143.
9145.
9146.
9147.
9149.
9150.
9150.
9152.
9155.
9156.
9159.
9163.
9165.
9167.
9171.
9175.
9179.
9182.
9187.
9190.
9194.
9198.
9202.
9207.
9212.
9217.
9221.
9227.
9232.
9238.
9244.
9249.
9254.
9261.
9266.
9272.
9278.
9285.
9289.
9296.
9302.
9308.
9315.
9320.
9325.
9331.
9336.
9341.
9346.
9349.
9352.
9356.
9357.
9358.
9360.
9361.
9361.
9361.
9359.
9359.
9358.
9357.
9356.
9354.
9352.
9350.
9349.
9345.
9344.
9342.
9339.
9337.
9334.
9332.
9328.
9325.
9323.
9319.
9315.
9311.
9307.
9304.
9300.
9296.
9292.
9288.
9284.
9279.
9274.
9270.
9266.
9262.
9258.
9254.
9250.
9246.
9240.
9236.
9232.
9227.
9223.
9218.
9212.
9208.
9203.
9200.
9195.
9189.
9184.
9180.
9175.
9173.
9173.
9175.
9179.
9183.
9189.
9198.
9204.
9210.
9217.
9225.
9232.
9240.
9247.
9253.
9257.
9260.
9263.
9265.
9267.
9269.
9272.
9274.
9277.
9281.
9283.
9287.
9290.
9293.
9297.
9302.
9305.
9309.
9315.
9318.
9323.
9327.
9333.
9338.
9342.
9347.
9353.
9358.
9363.
9370.
9373.
9379.
9384.
9389.
9393.
9400.
9406.
9411.
9417.
9422.
9427.
9429.
9435.
9438.
9440.
9443.
9444.
9447.
9447.
9448.
9448.
9447.
9446.
9445.
9443.
9443.
9441.
9438.
9436.
9434.
9431.
9429.
9427.
9422.
9420.
9417.
9414.
9411.
9407.
9405.
9401.
9398.
9394.
9390.
9385.
9381.
9378.
9374.
9370.
9365.
9361.
9357.
9351.
9346.
9342.
9338.
9333.
9328.
9324.
9319.
9316.
9312.
9306.
9300.
9296.
9291.
9287.
9282.
9276.
9272.
9267.
9263.
9258.
9253.
9250.
9248.
9248.
9252.
9256.
9262.
9268.
9273.
9280.
9287.
9294.
9300.
9305.
9311.
9316.
9319.
9320.
9322.
9324.
9324.
9326.
9329.
9330.
9332.
9336.
9339.
9342.
9344.
9347.
9350.
9353.
9357.
9361.
9365.
9368.
9372.
9376.
9380.
9384.
9388.
9392.
9398.
9403.
9406.
9411.
9416.
9421.
9426.
9431.
9436.
9441.
9446.
9451.
9455.
9460.
9464.
9468.
9472.
9475.
9478.
9481.
9483.
9484.
9485.
9486.
9486.
9485.
9484.
9483.
9482.
9479.
9478.
9475.
9474.
9472.
9468.
9466.
9464.
9461.
9459.
9456.
9453.
9449.
9447.
9443.
9440.
9435.
9432.
9428.
9424.
9420.
9417.
9413.
9408.
9404.
9399.
9395.
9390.
9386.
9382.
9377.
9373.
9369.
9364.
9359.
9354.
9349.
9344.
9339.
9336.
9330.
9324.
9320.
9316.
9311.
9307.
9301.
9296.
9292.
9290.
9289.
9292.
9296.
9302.
9309.
9316.
9323.
9330.
9337.
9344.
9351.
9357.
9364.
9370.
9374.
9378.
9381.
9382.
9384.
9386.
9390.
9391.
9394.
9397.
9399.
9402.
9405.
9409.
9412.
9415.
9419.
9423.
9427.
9431.
9434.
9438.
9443.
9446.
9451.
9455.
9459.
9464.
9469.
9474.
9479.
9483.
9488.
9493.
9497.
9501.
9506.
9510.
9514.
9518.
9520.
9524.
9525.
9527.
9528.
9530.
9530.
9528.
9527.
9526.
9524.
9523.
9521.
9520.
9517.
9515.
9513.
9510.
9508.
9504.
9502.
9499.
9495.
9492.
9489.
9486.
9481.
9479.
9475.
9470.
9465.
9462.
9458.
9454.
9448.
9446.
9440.
9436.
9432.
9427.
9421.
9419.
9412.
9409.
9404.
9399.
9395.
9392.
9385.
9383.
9384.
9386.
9391.
9398.
9406.
9416.
9424.
9432.
9443.
9453.
9462.
9474.
9485.
9492.
9500.
9505.
9509.
9513.
9516.
9518.
9520.
9523.
9525.
9528.
9532.
9533.
9536.
9539.
9542.
9545.
9548.
9550.
9555.
9559.
9561.
9566.
9569.
9572.
9577.
9579.
9583.
9587.
9590.
9595.
9599.
9602.
9605.
9609.
9611.
9614.
9615.
9619.
9620.
9623.
9622.
9622.
9621.
9621.
9620.
9618.
9616.
9616.
9612.
9611.
9608.
9607.
9604.
9601.
9597.
9595.
9591.
9588.
9584.
9581.
9577.
9574.
9570.
9566.
9562.
9559.
9554.
9551.
9545.
9541.
9536.
9532.
9527.
9523.
9519.
9513.
9509.
9504.
9500.
9495.
9491.
9485.
9482.
9476.
9470.
9465.
9462.
9456.
9451.
9446.
9441.
9435.
9431.
9426.
9419.
9415.
9409.
9405.
9399.
9394.
9389.
9383.
9379.
9373.
9368.
9362.
9356.
9351.
9346.
9340.
9335.
9331.
9327.
9324.
9325.
9328.
9335.
9342.
9349.
9356.
9365.
9372.
9377.
9384.
9388.
9391.
9394.
9395.
9396.
9397.
9398.
9399.
9401.
9403.
9405.
9407.
9409.
9412.
9415.
9418.
9420.
9423.
9427.
9429.
9432.
9436.
9439.
9444.
9448.
9451.
9455.
9458.
9462.
9466.
9470.
9475.
9479.
9484.
9488.
9493.
9497.
9502.
9507.
9511.
9515.
9521.
9524.
9527.
9531.
9535.
9538.
9541.
9543.
9545.
9546.
9546.
9545.
9545.
9545.
9543.
9543.
9540.
9538.
9537.
9534.
9531.
9529.
9527.
9524.
9520.
9518.
9514.
9511.
9508.
9505.
9501.
9498.
9494.
9490.
9487.
9482.
9478.
9474.
9469.
9466.
9462.
9456.
9454.
9449.
9443.
9438.
9434.
9429.
9425.
9420.
9415.
9411.
9407.
9402.
9397.
9392.
9388.
9381.
9378.
9373.
9369.
9369.
9370.
9373.
9377.
9384.
9390.
9396.
9400.
9405.
9410.
9414.
9415.
9419.
9421.
9422.
9422.
9423.
9423.
9423.
9425.
9426.
9428.
9429.
9431.
9433.
9435.
9438.
9441.
9443.
9446.
9449.
9452.
9455.
9457.
9461.
9465.
9468.
9472.
9475.
9479.
9483.
9486.
9491.
9494.
9498.
9502.
9507.
9510.
9514.
9519.
9523.
9526.
9531.
9533.
9537.
9541.
9545.
9548.
9551.
9553.
9555.
9556.
9558.
9558.
9559.
9559.
9557.
9557.
9558.
9555.
9554.
9551.
9550.
9547.
9544.
9541.
9540.
9538.
9534.
9532.
9529.
9526.
9523.
9521.
9516.
9513.
9509.
9505.
9502.
9498.
9495.
9491.
9487.
9483.
9478.
9474.
9470.
9466.
9462.
9457.
9452.
9448.
9443.
9439.
9435.
9431.
9425.
9419.
9417.
9412.
9407.
9404.
9397.
9394.
9388.
9384.
9379.
9376.
9370.
9365.
9360.
9355.
9350.
9346.
9342.
9336.
9331.
9326.
9320.
9315.
9310.
9305.
9300.
9295.
9290.
9285.
9281.
9275.
9271.
9264.
9261.
9255.
9249.
9244.
9238.
9232.
9228.
9223.
9217.
9212.
9207.
9201.
9195.
9189.
9184.
9178.
9172.
9168.
9162.
9156.
9151.
9144.
9140.
9134.
9129.
9123.
9118.
9112.
9107.
9100.
9093.
9089.
9083.
9077.
9070.
9063.
9058.
9054.
9047.
9041.
9035.
9029.
9024.
9018.
9011.
9004.
8999.
8994.
8987.
8980.
8974.
8968.
8962.
8955.
8948.
8942.
8936.
8930.
8923.
8917.
8912.
8906.
8899.
8894.
8890.
8890.
8891.
8893.
8898.
8903.
8908.
8915.
8921.
8926.
8929.
8932.
8933.
8932.
8931.
8929.
8928.
8928.
8926.
8925.
8924.
8923.
8922.
8922.
8921.
8922.
8922.
8923.
8922.
8922.
8923.
8925.
8925.
8926.
8928.
8929.
8930.
8932.
8935.
8939.
8941.
8943.
8947.
8949.
8952.
8955.
8959.
8963.
8966.
8969.
8974.
8978.
8981.
8987.
8990.
8994.
8997.
9003.
9008.
9012.
9017.
9021.
9027.
9031.
9036.
9041.
9046.
9052.
9056.
9062.
9066.
9072.
9077.
9083.
9088.
9093.
9096.
9103.
9106.
9110.
9113.
9116.
9119.
9122.
9123.
9126.
9126.
9128.
9129.
9129.
9129.
9128.
9127.
9126.
9125.
9124.
9122.
9120.
9118.
9116.
9115.
9114.
9112.
9109.
9106.
9103.
9100.
9097.
9095.
9091.
9089.
9085.
9082.
9078.
9075.
9072.
9068.
9065.
9061.
9057.
9053.
9049.
9045.
9041.
9038.
9035.
9029.
9026.
9022.
9019.
9014.
9010.
9005.
9001.
8997.
8993.
8988.
8983.
8978.
8974.
8969.
8965.
8961.
8957.
8952.
8947.
8942.
8937.
8934.
8928.
8923.
8919.
8915.
8910.
8906.
8899.
8894.
8890.
8886.
8881.
8876.
8871.
8865.
8860.
8856.
8850.
8846.
8841.
8836.
8830.
8824.
8819.
8813.
8807.
8801.
8796.
8791.
8785.
8779.
8772.
8766.
8760.
8754.
8749.
8742.
8736.
8731.
8726.
8723.
8722.
8725.
8729.
8734.
8739.
8743.
8748.
8751.
8752.
8753.
8752.
8751.
8749.
8746.
8744.
8741.
8740.
8738.
8736.
8734.
8734.
8731.
8730.
8728.
8727.
8726.
8726.
8725.
8724.
8723.
8723.
8724.
8724.
8724.
8723.
8724.
8725.
8725.
8726.
8727.
8728.
8730.
8731.
8733.
8734.
8736.
8739.
8741.
8743.
8747.
8750.
8753.
8755.
8758.
8761.
8764.
8768.
8771.
8775.
8778.
8783.
8787.
8790.
8794.
8798.
8802.
8808.
8811.
8816.
8820.
8826.
8830.
8835.
8841.
8845.
8850.
8856.
8860.
8865.
8870.
8876.
8880.
8886.
8891.
8896.
8900.
8903.
8904.
8902.
8899.
8892.
8884.
8877.
8870.
8864.
8860.
8857.
8855.
8854.
8853.
8852.
8850.
8849.
8847.
8844.
8842.
8841.
8838.
8836.
8832.
8830.
8826.
8824.
8821.
8819.
8815.
8812.
8808.
8805.
8800.
8798.
8794.
8791.
8787.
8783.
8779.
8776.
8770.
8767.
8762.
8759.
8755.
8751.
8746.
8743.
8739.
8735.
8731.
8726.
8721.
8717.
8711.
8707.
8704.
8700.
8694.
8689.
8685.
8680.
8676.
8670.
8666.
8662.
8655.
8650.
8646.
8642.
8636.
8631.
8627.
8621.
8615.
8611.
8606.
8601.
8594.
8590.
8585.
8580.
8574.
8567.
8562.
8556.
8552.
8546.
8540.
8534.
8528.
8523.
8517.
8511.
8505.
8498.
8492.
8487.
8481.
8475.
8469.
8462.
8456.
8450.
8444.
8437.
8431.
8425.
8419.
8412.
8408.
8405.
8406.
8409.
8412.
8417.
8421.
8425.
8428.
8431.
8431.
8431.
8428.
8426.
8423.
8421.
8418.
8415.
8413.
8409.
8407.
8405.
8401.
8399.
8396.
8394.
8392.
8389.
8387.
8385.
8382.
8379.
8378.
8377.
8374.
8372.
8371.
8370.
8367.
8366.
8364.
8362.
8361.
8360.
8359.
8358.
8356.
8357.
8357.
8356.
8357.
8355.
8355.
8355.
8355.
8356.
8355.
8355.
8357.
8358.
8358.
8359.
8360.
8362.
8363.
8364.
8366.
8369.
8370.
8372.
8375.
8377.
8379.
8382.
8384.
8388.
8390.
8393.
8396.
8400.
8403.
8405.
8408.
8412.
8416.
8418.
8419.
8417.
8413.
8408.
8399.
8391.
8385.
8381.
8378.
8379.
8380.
8383.
8384.
8386.
8387.
8390.
8391.
8392.
8392.
8392.
8393.
8393.
8392.
8393.
8392.
8392.
8392.
8390.
8391.
8389.
8388.
8387.
8386.
8386.
8384.
8383.
8383.
8382.
8380.
8379.
8378.
8377.
8376.
8375.
8372.
8370.
8369.
8368.
8366.
8364.
8363.
8361.
8360.
8357.
8356.
8353.
8350.
8349.
8346.
8345.
8343.
8340.
8338.
8336.
8332.
8330.
8328.
8325.
8321.
8319.
8315.
8313.
8310.
8307.
8303.
8300.
8296.
8293.
8290.
8287.
8283.
8280.
8276.
8271.
8268.
8264.
8260.
8256.
8251.
8248.
8243.
8238.
8235.
8231.
8226.
8221.
8216.
8211.
8207.
8202.
8198.
8192.
8187.
8182.
8177.
8174.
8174.
8175.
8177.
8182.
8187.
8194.
8198.
8202.
8204.
8205.
8204.
8203.
8202.
8200.
8199.
8196.
8194.
8192.
8190.
8188.
8186.
8184.
8181.
8181.
8178.
8177.
8174.
8173.
8172.
8170.
8168.
8166.
8165.
8163.
8161.
8160.
8158.
8157.
8157.
8156.
8155.
8154.
8153.
8153.
8152.
8152.
8152.
8152.
8153.
8152.
8152.
8152.
8153.
8153.
8154.
8154.
8155.
8156.
8157.
8159.
8160.
8162.
8164.
8166.
8168.
8169.
8171.
8174.
8176.
8178.
8181.
8185.
8188.
8191.
8193.
8197.
8200.
8203.
8206.
8209.
8213.
8218.
8222.
8225.
8230.
8233.
8236.
8241.
8246.
8249.
8252.
8253.
8252.
8247.
8241.
8233.
8224.
8217.
8211.
8208.
8206.
8206.
8207.
8208.
8210.
8211.
8211.
8212.
8211.
8209.
8208.
8207.
8207.
8206.
8204.
8203.
8202.
8200.
8198.
8197.
8196.
8194.
8192.
8190.
8188.
8185.
8184.
8183.
8179.
8177.
8175.
8172.
8170.
8168.
8163.
8161.
8158.
8156.
8154.
8150.
8146.
8144.
8141.
8138.
8134.
8131.
8128.
8125.
8122.
8118.
8114.
8111.
8107.
8103.
8098.
8096.
8091.
8088.
8085.
8081.
8076.
8072.
8068.
8063.
8060.
8055.
8051.
8047.
8043.
8040.
8035.
8030.
8026.
8022.
8017.
8013.
8008.
8003.
7999.
7994.
7991.
7986.
7981.
7977.
7972.
7967.
7961.
7956.
7951.
7946.
7941.
7937.
7934.
7929.
7930.
7932.
7937.
7943.
7950.
7956.
7961.
7964.
7968.
7969.
7970.
7970.
7969.
7967.
7964.
7964.
7960.
7959.
7957.
7955.
7954.
7953.
7951.
7949.
7946.
7945.
7943.
7943.
7941.
7939.
7939.
7937.
7935.
7934.
7933.
7931.
7931.
7929.
7928.
7929.
7928.
7927.
7926.
7925.
7925.
7925.
7924.
7924.
7924.
7924.
7924.
7924.
7924.
7925.
7925.
7926.
7926.
7929.
7928.
7929.
7930.
7932.
7933.
7935.
7937.
7939.
7940.
7943.
7945.
7948.
7950.
7953.
7955.
7958.
7961.
7964.
7967.
7969.
7973.
7976.
7981.
7983.
7988.
7991.
7994.
7999.
8003.
8006.
8011.
8015.
8018.
8019.
8019.
8016.
8011.
8005.
7998.
7991.
7985.
7982.
7981.
7981.
7984.
7985.
7987.
7989.
7989.
7990.
7991.
7990.
7990.
7989.
7989.
7989.
7989.
7988.
7986.
7984.
7984.
7983.
7982.
7981.
7979.
7977.
7976.
7975.
7973.
7972.
7970.
7968.
7966.
7964.
7962.
7960.
7957.
7954.
7953.
7952.
7948.
7945.
7942.
7940.
7937.
7934.
7932.
7929.
7924.
7922.
7919.
7916.
7912.
7910.
7907.
7903.
7899.
7896.
7892.
7890.
7885.
7882.
7878.
7875.
7871.
7867.
7863.
7859.
7855.
7851.
7847.
7843.
7839.
7834.
7830.
7826.
7822.
7817.
7815.
7809.
7804.
7800.
7795.
7792.
7786.
7781.
7777.
7773.
7768.
7763.
7759.
7754.
7750.
7744.
7742.
7741.
7742.
7747.
7754.
7763.
7770.
7776.
7782.
7784.
7786.
7785.
7784.
7784.
7782.
7782.
7779.
7778.
7774.
7773.
7772.
7769.
7768.
7766.
7765.
7763.
7762.
7759.
7758.
7756.
7755.
7753.
7750.
7750.
7747.
7746.
7744.
7743.
7742.
7739.
7738.
7736.
7736.
7735.
7734.
7732.
7731.
7730.
7730.
7728.
7729.
7728.
7727.
7726.
7726.
7726.
7725.
7726.
7725.
7725.
7725.
7725.
7726.
7726.
7727.
7729.
7728.
7729.
7731.
7732.
7733.
7733.
7735.
7737.
7739.
7741.
7743.
7744.
7747.
7749.
7752.
7755.
7757.
7760.
7762.
7765.
7767.
7768.
7765.
7760.
7753.
7745.
7736.
7729.
7723.
7718.
7717.
7716.
7716.
7717.
7718.
7719.
7720.
7720.
7720.
7721.
7720.
7722.
7721.
7721.
7720.
7719.
7717.
7718.
7717.
7716.
7715.
7714.
7713.
7711.
7708.
7708.
7708.
7705.
7705.
7703.
7702.
7699.
7698.
7695.
7695.
7691.
7690.
7688.
7685.
7682.
7680.
7677.
7676.
7673.
7669.
7667.
7665.
7661.
7658.
7654.
7652.
7648.
7645.
7641.
7638.
7633.
7629.
7627.
7623.
7619.
7616.
7611.
7606.
7603.
7599.
7595.
7590.
7585.
7581.
7578.
7573.
7568.
7564.
7560.
7556.
7550.
7545.
7541.
7537.
7531.
7527.
7522.
7518.
7512.
7509.
7503.
7498.
7493.
7489.
7484.
7479.
7473.
7469.
7465.
7461.
7460.
7461.
7464.
7471.
7477.
7483.
7488.
7491.
7493.
7496.
7497.
7498.
7499.
7499.
7497.
7495.
7493.
7491.
7489.
7487.
7486.
7484.
7483.
7481.
7480.
7477.
7475.
7474.
7473.
7470.
7468.
7467.
7465.
7463.
7461.
7458.
7458.
7456.
7454.
7452.
7451.
7448.
7446.
7445.
7444.
7442.
7440.
7439.
7438.
7435.
7433.
7432.
7431.
7429.
7427.
7426.
7425.
7423.
7422.
7421.
7419.
7417.
7417.
7415.
7414.
7413.
7412.
7411.
7411.
7410.
7409.
7408.
7407.
7405.
7404.
7404.
7403.
7403.
7403.
7401.
7401.
7402.
7401.
7400.
7400.
7400.
7400.
7401.
7402.
7402.
7401.
7402.
7403.
7403.
7404.
7405.
7406.
7405.
7406.
7410.
7410.
7412.
7412.
7413.
7416.
7418.
7420.
7423.
7425.
7427.
7430.
7433.
7436.
7439.
7442.
7445.
7447.
7452.
7456.
7459.
7462.
7464.
7463.
7461.
7457.
7452.
7446.
7439.
7433.
7431.
7429.
7429.
7430.
7432.
7433.
7436.
7438.
7439.
7440.
7441.
7443.
7443.
7443.
7443.
7444.
7443.
7443.
7443.
7445.
7443.
7443.
7443.
7443.
7442.
7443.
7442.
7441.
7442.
7441.
7440.
7440.
7440.
7439.
7438.
7436.
7435.
7434.
7432.
7432.
7430.
7429.
7427.
7425.
7424.
7423.
7421.
7419.
7415.
7414.
7412.
7410.
7408.
7405.
7402.
7400.
7397.
7394.
7391.
7388.
7385.
7383.
7379.
7376.
7373.
7370.
7366.
7362.
7358.
7355.
7351.
7349.
7345.
7341.
7337.
7333.
7329.
7325.
7321.
7317.
7312.
7309.
7305.
7300.
7295.
7292.
7287.
7284.
7279.
7275.
7271.
7266.
7261.
7257.
7252.
7248.
7243.
7239.
7235.
7230.
7226.
7221.
7216.
7212.
7208.
7204.
7201.
7199.
7200.
7202.
7208.
7215.
7223.
7229.
7233.
7236.
7236.
7237.
7237.
7235.
7233.
7231.
7229.
7228.
7226.
7224.
7221.
7220.
7218.
7216.
7214.
7213.
7210.
7208.
7207.
7205.
7204.
7201.
7200.
7197.
7195.
7194.
7191.
7190.
7187.
7184.
7182.
7181.
7179.
7177.
7175.
7174.
7171.
7170.
7167.
7166.
7164.
7163.
7161.
7160.
7158.
7157.
7155.
7153.
7152.
7151.
7150.
7149.
7149.
7147.
7145.
7144.
7144.
7143.
7143.
7141.
7141.
7141.
7139.
7139.
7139.
7139.
7139.
7138.
7137.
7138.
7138.
7139.
7138.
7138.
7138.
7139.
7140.
7140.
7140.
7141.
7142.
7142.
7144.
7146.
7146.
7147.
7149.
7150.
7152.
7154.
7156.
7158.
7160.
7162.
7165.
7168.
7171.
7173.
7176.
7179.
7182.
7185.
7188.
7191.
7192.
7192.
7189.
7185.
7177.
7169.
7162.
7156.
7152.
7149.
7148.
7148.
7149.
7149.
7150.
7151.
7151.
7151.
7152.
7152.
7152.
7151.
7150.
7150.
7150.
7148.
7148.
7146.
7146.
7144.
7143.
7141.
7140.
7139.
7136.
7134.
7133.
7132.
7129.
7127.
7124.
7123.
7120.
7118.
7116.
7111.
7110.
7106.
7104.
7100.
7098.
7093.
7090.
7088.
7084.
7081.
7078.
7074.
7071.
7065.
7062.
7058.
7056.
7051.
7046.
7042.
7039.
7035.
7030.
7025.
7021.
7018.
7012.
7007.
7005.
7001.
6997.
6992.
6988.
6984.
6979.
6975.
6971.
6967.
6962.
6957.
6954.
6949.
6945.
6941.
6937.
6933.
6928.
6923.
6919.
6915.
6913.
6909.
6904.
6899.
6895.
6891.
6886.
6882.
6878.
6874.
6870.
6865.
6860.
6857.
6853.
6850.
6847.
6845.
6846.
6850.
6854.
6858.
6864.
6866.
6868.
6870.
6870.
6870.
6867.
6864.
6863.
6861.
6860.
6859.
6858.
6856.
6853.
6851.
6850.
6848.
6846.
6846.
6843.
6841.
6839.
6837.
6836.
6834.
6831.
6830.
6828.
6826.
6824.
6822.
6819.
6819.
6816.
6814.
6812.
6813.
6810.
6807.
6805.
6803.
6803.
6802.
6798.
6797.
6796.
6795.
6794.
6793.
6793.
6792.
6791.
6790.
6789.
6789.
6788.
6788.
6788.
6788.
6787.
6787.
6788.
6788.
6787.
6788.
6789.
6790.
6792.
6792.
6793.
6795.
6795.
6797.
6798.
6800.
6802.
6804.
6805.
6806.
6809.
6811.
6814.
6816.
6819.
6822.
6824.
6827.
6829.
6832.
6835.
6838.
6839.
6838.
6833.
6827.
6820.
6811.
6801.
6793.
6784.
6777.
6773.
6770.
6770.
6768.
6767.
6767.
6766.
6765.
6765.
6764.
6762.
6759.
6757.
6756.
6754.
6752.
6749.
6745.
6743.
6742.
6738.
6736.
6734.
6732.
6728.
6722.
6720.
6716.
6713.
6709.
6706.
6703.
6700.
6695.
6691.
6686.
6681.
6677.
6674.
6669.
6665.
6660.
6656.
6653.
6648.
6645.
6639.
6635.
6629.
6624.
6620.
6616.
6610.
6606.
6601.
6596.
6591.
6586.
6581.
6576.
6573.
6567.
6564.
6558.
6554.
6549.
6545.
6540.
6535.
6530.
6527.
6523.
6519.
6514.
6508.
6505.
6501.
6498.
6493.
6490.
6486.
6482.
6477.
6473.
6471.
6468.
6464.
6461.
6458.
6454.
6451.
6447.
6445.
6442.
6439.
6436.
6433.
6429.
6426.
6425.
6421.
6419.
6417.
6413.
6411.
6410.
6406.
6405.
6403.
6400.
6397.
6396.
6394.
6392.
6389.
6387.
6386.
6383.
6380.
6380.
6378.
6377.
6374.
6373.
6371.
6370.
6368.
6366.
6365.
6364.
6363.
6362.
6361.
6361.
6359.
6358.
6358.
6355.
6354.
6353.
6353.
6351.
6349.
6347.
6347.
6345.
6344.
6342.
6341.
6340.
6339.
6339.
6337.
6336.
6336.
6335.
6333.
6333.
6331.
6331.
6331.
6332.
6332.
6332.
6332.
6332.
6333.
6333.
6334.
6335.
6335.
6337.
6338.
6340.
6342.
6343.
6345.
6346.
6348.
6350.
6352.
6354.
6358.
6360.
6363.
6366.
6368.
6370.
6374.
6377.
6380.
6382.
6384.
6387.
6391.
6396.
6399.
6401.
6406.
6411.
6413.
6417.
6422.
6425.
6426.
6427.
6424.
6419.
6413.
6404.
6395.
6388.
6381.
6374.
6369.
6363.
6361.
6359.
6358.
6356.
6355.
6354.
6352.
6351.
6350.
6348.
6346.
6344.
6341.
6339.
6337.
6335.
6332.
6330.
6326.
6324.
6321.
6318.
6314.
6311.
6307.
6304.
6302.
6297.
6294.
6291.
6286.
6282.
6279.
6273.
6270.
6266.
6261.
6258.
6252.
6248.
6244.
6241.
6236.
6231.
6226.
6222.
6218.
6212.
6208.
6205.
6200.
6196.
6190.
6187.
6183.
6178.
6176.
6171.
6167.
6163.
6160.
6156.
6152.
6149.
6146.
6142.
6140.
6136.
6134.
6131.
6129.
6126.
6124.
6122.
6121.
6119.
6118.
6116.
6116.
6115.
6114.
6113.
6113.
6113.
6113.
6113.
6112.
6113.
6113.
6114.
6116.
6117.
6117.
6119.
6120.
6121.
6122.
6124.
6126.
6128.
6130.
6133.
6136.
6139.
6141.
6143.
6146.
6149.
6151.
6154.
6158.
6160.
6163.
6168.
6171.
6174.
6178.
6182.
6185.
6190.
6193.
6196.
6202.
6206.
6209.
6215.
6219.
6221.
6224.
6226.
6224.
6220.
6215.
6207.
6202.
6195.
6189.
6183.
6178.
6175.
6173.
6171.
6169.
6168.
6166.
6165.
6164.
6162.
6160.
6157.
6155.
6154.
6150.
6148.
6146.
6142.
6140.