5786.
5784.
5783.
5780.
5778.
5776.
5773.
5770.
5768.
5766.
5765.
5762.
5760.
5758.
5755.
5753.
5750.
5749.
5747.
5745.
5743.
5742.
5741.
5740.
5738.
5737.
5737.
5736.
5735.
5735.
5736.
5735.
5735.
5736.
5736.
5736.
5738.
5738.
5740.
5741.
5743.
5745.
5747.
5748.
5750.
5753.
5755.
5759.
5761.
5764.
5767.
5770.
5774.
5778.
5781.
5786.
5789.
5792.
5796.
5801.
5805.
5810.
5814.
5818.
5823.
5827.
5832.
5837.
5841.
5847.
5851.
5857.
5862.
5868.
5873.
5880.
5885.
5890.
5896.
5902.
5908.
5913.
5920.
5925.
5931.
5937.
5943.
5949.
5954.
5957.
5955.
5952.
5947.
5940.
5932.
5923.
5916.
5908.
5900.
5893.
5887.
5881.
5875.
5872.
5868.
5867.
5867.
5866.
5866.
5865.
5865.
5864.
5864.
5862.
5863.
5861.
5859.
5859.
5859.
5857.
5855.
5855.
5852.
5851.
5849.
5847.
5845.
5844.
5841.
5840.
5837.
5834.
5832.
5830.
5827.
5825.
5822.
5819.
5817.
5815.
5811.
5810.
5808.
5805.
5803.
5801.
5797.
5796.
5794.
5792.
5789.
5789.
5787.
5785.
5783.
5781.
5779.
5778.
5777.
5776.
5775.
5774.
5773.
5773.
5772.
5772.
5772.
5771.
5772.
5773.
5773.
5774.
5775.
5775.
5777.
5778.
5780.
5781.
5783.
5783.
5786.
5789.
5791.
5793.
5796.
5799.
5802.
5806.
5807.
5810.
5814.
5819.
5823.
5825.
5829.
5832.
5837.
5840.
5845.
5849.
5854.
5858.
5862.
5867.
5872.
5878.
5882.
5886.
5891.
5897.
5903.
5907.
5913.
5918.
5922.
5928.
5935.
5941.
5947.
5951.
5957.
5961.
5964.
5963.
5958.
5952.
5945.
5937.
5930.
5921.
5913.
5906.
5900.
5896.
5894.
5891.
5890.
5890.
5891.
5891.
5892.
5891.
5891.
5891.
5890.
5890.
5888.
5887.
5887.
5885.
5885.
5884.
5883.
5880.
5879.
5877.
5875.
5874.
5872.
5869.
5869.
5867.
5864.
5862.
5859.
5859.
5855.
5852.
5849.
5846.
5844.
5841.
5840.
5836.
5834.
5830.
5829.
5826.
5824.
5821.
5819.
5816.
5813.
5811.
5808.
5807.
5805.
5803.
5800.
5798.
5796.
5795.
5792.
5790.
5789.
5788.
5787.
5786.
5784.
5784.
5783.
5782.
5782.
5781.
5780.
5779.
5779.
5780.
5779.
5781.
5781.
5781.
5781.
5782.
5783.
5784.
5784.
5785.
5787.
5787.
5789.
5790.
5793.
5795.
5795.
5797.
5798.
5801.
5803.
5805.
5808.
5810.
5812.
5814.
5817.
5820.
5824.
5825.
5830.
5832.
5836.
5838.
5842.
5844.
5849.
5852.
5857.
5861.
5863.
5868.
5873.
5876.
5881.
5884.
5890.
5895.
5898.
5903.
5909.
5914.
5917.
5923.
5928.
5934.
5939.
5944.
5950.
5955.
5961.
5967.
5972.
5979.
5984.
5990.
5996.
6002.
6005.
6006.
6003.
6000.
5993.
5987.
5982.
5977.
5973.
5972.
5973.
5975.
5976.
5977.
5980.
5981.
5982.
5983.
5983.
5985.
5987.
5986.
5987.
5986.
5986.
5986.
5986.
5986.
5985.
5985.
5984.
5984.
5982.
5983.
5982.
5980.
5979.
5977.
5977.
5976.
5974.
5972.
5971.
5969.
5968.
5967.
5964.
5962.
5960.
5959.
5956.
5954.
5952.
5949.
5947.
5945.
5943.
5941.
5938.
5936.
5934.
5931.
5928.
5925.
5924.
5922.
5920.
5916.
5915.
5913.
5911.
5909.
5907.
5907.
5904.
5902.
5900.
5899.
5898.
5897.
5899.
5903.
5910.
5917.
5926.
5936.
5947.
5956.
5965.
5972.
5977.
5982.
5987.
5988.
5991.
5992.
5994.
5993.
5994.
5997.
5997.
5999.
6001.
6002.
6003.
6004.
6006.
6008.
6009.
6010.
6013.
6015.
6016.
6018.
6020.
6023.
6024.
6027.
6028.
6030.
6032.
6034.
6036.
6039.
6041.
6044.
6046.
6050.
6052.
6055.
6057.
6061.
6063.
6066.
6069.
6073.
6076.
6079.
6083.
6087.
6090.
6093.
6097.
6101.
6104.
6109.
6113.
6118.
6122.
6127.
6131.
6135.
6140.
6145.
6149.
6155.
6160.
6163.
6171.
6176.
6181.
6186.
6192.
6198.
6204.
6208.
6215.
6220.
6226.
6233.
6237.
6241.
6242.
6240.
6236.
6232.
6227.
6222.
6219.
6217.
6217.
6219.
6222.
6225.
6227.
6230.
6233.
6236.
6238.
6239.
6241.
6242.
6244.
6246.
6246.
6247.
6247.
6248.
6249.
6250.
6249.
6249.
6250.
6250.
6249.
6251.
6250.
6250.
6249.
6249.
6248.
6248.
6247.
6247.
6244.
6244.
6244.
6243.
6241.
6240.
6239.
6238.
6236.
6235.
6233.
6232.
6230.
6229.
6227.
6225.
6224.
6222.
6219.
6217.
6214.
6212.
6209.
6207.
6206.
6202.
6200.
6199.
6196.
6194.
6192.
6190.
6188.
6186.
6186.
6183.
6183.
6182.
6180.
6179.
6179.
6177.
6177.
6175.
6174.
6173.
6172.
6172.
6175.
6179.
6184.
6191.
6199.
6205.
6212.
6218.
6225.
6231.
6236.
6240.
6245.
6248.
6252.
6255.
6257.
6260.
6262.
6263.
6264.
6266.
6270.
6271.
6272.
6274.
6275.
6277.
6277.
6279.
6280.
6283.
6285.
6287.
6289.
6290.
6293.
6297.
6297.
6301.
6304.
6306.
6309.
6311.
6313.
6317.
6320.
6322.
6325.
6329.
6331.
6335.
6337.
6342.
6345.
6348.
6351.
6356.
6360.
6363.
6366.
6370.
6374.
6378.
6382.
6387.
6391.
6394.
6399.
6404.
6409.
6414.
6417.
6424.
6429.
6433.
6438.
6443.
6449.
6454.
6460.
6466.
6471.
6475.
6478.
6480.
6478.
6475.
6471.
6464.
6459.
6455.
6452.
6452.
6456.
6459.
6462.
6465.
6468.
6470.
6474.
6476.
6480.
6482.
6484.
6485.
6487.
6488.
6490.
6492.
6495.
6495.
6497.
6498.
6499.
6501.
6501.
6503.
6503.
6504.
6505.
6506.
6507.
6508.
6508.
6509.
6509.
6509.
6509.
6510.
6510.
6509.
6511.
6509.
6511.
6509.
6510.
6510.
6508.
6509.
6507.
6508.
6507.
6506.
6506.
6504.
6503.
6503.
6503.
6501.
6500.
6498.
6498.
6496.
6494.
6494.
6492.
6490.
6489.
6488.
6486.
6484.
6481.
6479.
6478.
6476.
6475.
6472.
6471.
6469.
6467.
6465.
6463.
6461.
6458.
6456.
6455.
6453.
6451.
6449.
6447.
6445.
6442.
6441.
6439.
6438.
6435.
6433.
6432.
6433.
6433.
6437.
6442.
6448.
6456.
6463.
6470.
6477.
6483.
6489.
6494.
6498.
6503.
6506.
6509.
6513.
6515.
6516.
6517.
6518.
6519.
6520.
6520.
6519.
6519.
6520.
6521.
6521.
6521.
6521.
6523.
6522.
6523.
6523.
6525.
6525.
6525.
6525.
6525.
6525.
6525.
6525.
6525.
6525.
6526.
6527.
6527.
6528.
6528.
6528.
6530.
6531.
6531.
6532.
6534.
6535.
6536.
6537.
6538.
6539.
6540.
6540.
6540.
6541.
6542.
6543.
6545.
6546.
6547.
6548.
6549.
6551.
6553.
6555.
6557.
6557.
6559.
6560.
6562.
6564.
6565.
6567.
6569.
6571.
6572.
6574.
6574.
6577.
6579.
6581.
6583.
6585.
6586.
6588.
6590.
6592.
6595.
6596.
6597.
6599.
6600.
6603.
6604.
6606.
6609.
6610.
6613.
6615.
6617.
6617.
6620.
6623.
6625.
6629.
6631.
6635.
6639.
6643.
6647.
6652.
6656.
6660.
6666.
6670.
6675.
6678.
6683.
6687.
6690.
6691.
6694.
6695.
6696.
6695.
6695.
6695.
6695.
6694.
6693.
6691.
6689.
6688.
6686.
6685.
6683.
6682.
6681.
6680.
6680.
6679.
6678.
6679.
6680.
6681.
6681.
6682.
6681.
6682.
6683.
6684.
6684.
6684.
6686.
6687.
6688.
6688.
6687.
6690.
6691.
6692.
6694.
6695.
6696.
6698.
6700.
6699.
6701.
6702.
6704.
6704.
6705.
6706.
6706.
6706.
6708.
6709.
6709.
6710.
6711.
6711.
6712.
6712.
6713.
6713.
6714.
6714.
6714.
6714.
6715.
6715.
6715.
6714.
6715.
6715.
6715.
6714.
6714.
6713.
6713.
6712.
6712.
6711.
6710.
6711.
6710.
6708.
6708.
6707.
6706.
6704.
6704.
6702.
6701.
6700.
6699.
6697.
6696.
6695.
6693.
6691.
6689.
6687.
6685.
6683.
6681.
6679.
6676.
6676.
6673.
6671.
6670.
6668.
6665.
6662.
6662.
6661.
6660.
6661.
6663.
6667.
6672.
6680.
6688.
6697.
6705.
6711.
6716.
6720.
6723.
6727.
6731.
6733.
6735.
6735.
6735.
6736.
6737.
6736.
6736.
6737.
6736.
6737.
6738.
6737.
6739.
6739.
6740.
6740.
6741.
6741.
6743.
6744.
6745.
6746.
6747.
6748.
6750.
6751.
6754.
6755.
6757.
6759.
6760.
6761.
6764.
6766.
6768.
6771.
6772.
6774.
6777.
6778.
6780.
6782.
6787.
6790.
6795.
6799.
6805.
6811.
6816.
6823.
6828.
6832.
6839.
6842.
6847.
6852.
6856.
6860.
6864.
6868.
6871.
6875.
6879.
6882.
6884.
6885.
6887.
6889.
6890.
6893.
6894.
6895.
6897.
6897.
6897.
6896.
6896.
6895.
6893.
6893.
6891.
6891.
6888.
6887.
6887.
6886.
6885.
6885.
6884.
6883.
6883.
6883.
6882.
6883.
6884.
6884.
6885.
6884.
6884.
6883.
6885.
6885.
6886.
6887.
6888.
6889.
6890.
6890.
6891.
6893.
6893.
6894.
6897.
6896.
6900.
6902.
6902.
6904.
6906.
6907.
6908.
6910.
6912.
6913.
6916.
6917.
6919.
6920.
6923.
6924.
6927.
6927.
6929.
6931.
6932.
6933.
6935.
6935.
6938.
6940.
6940.
6942.
6942.
6944.
6946.
6947.
6948.
6951.
6951.
6952.
6954.
6955.
6957.
6959.
6960.
6963.
6963.
6965.
6966.
6967.
6969.
6970.
6972.
6973.
6975.
6976.
6977.
6979.
6980.
6981.
6983.
6985.
6986.
6987.
6988.
6989.
6992.
6993.
6994.
6995.
6996.
6997.
6998.
6999.
6999.
7001.
7002.
7003.
7006.
7007.
7007.
7007.
7009.
7008.
7009.
7011.
7012.
7012.
7013.
7013.
7013.
7014.
7015.
7016.
7015.
7016.
7017.
7017.
7017.
7018.
7019.
7019.
7018.
7018.
7018.
7018.
7018.
7019.
7018.
7018.
7019.
7018.
7017.
7018.
7018.
7018.
7018.
7018.
7017.
7016.
7014.
7016.
7015.
7016.
7016.
7016.
7016.
7017.
7017.
7017.
7018.
7018.
7018.
7020.
7020.
7019.
7021.
7023.
7024.
7028.
7030.
7035.
7038.
7041.
7044.
7048.
7051.
7054.
7057.
7059.
7060.
7063.
7065.
7067.
7068.
7070.
7072.
7074.
7076.
7078.
7080.
7083.
7085.
7086.
7088.
7090.
7091.
7092.
7095.
7096.
7096.
7099.
7101.
7102.
7104.
7106.
7108.
7110.
7111.
7112.
7113.
7115.
7117.
7119.
7120.
7122.
7124.
7127.
7130.
7133.
7135.
7137.
7141.
7144.
7146.
7149.
7151.
7155.
7155.
7157.
7160.
7162.
7164.
7167.
7170.
7172.
7175.
7176.
7179.
7180.
7183.
7185.
7188.
7189.
7192.
7194.
7197.
7199.
7201.
7203.
7206.
7209.
7211.
7215.
7217.
7220.
7224.
7226.
7229.
7232.
7233.
7237.
7238.
7242.
7245.
7248.
7250.
7254.
7256.
7260.
7263.
7264.
7268.
7271.
7274.
7277.
7280.
7285.
7288.
7291.
7294.
7296.
7299.
7303.
7305.
7309.
7312.
7316.
7320.
7323.
7327.
7331.
7334.
7336.
7340.
7344.
7348.
7351.
7355.
7359.
7362.
7366.
7371.
7375.
7379.
7382.
7388.
7391.
7396.
7400.
7404.
7409.
7414.
7418.
7424.
7428.
7432.
7437.
7443.
7448.
7451.
7455.
7458.
7456.
7453.
7449.
7444.
7439.
7436.
7435.
7435.
7437.
7440.
7441.
7445.
7449.
7451.
7454.
7456.
7458.
7460.
7462.
7463.
7465.
7466.
7468.
7469.
7471.
7473.
7473.
7474.
7476.
7478.
7478.
7479.
7481.
7482.
7483.
7483.
7485.
7486.
7488.
7487.
7488.
7489.
7489.
7490.
7492.
7493.
7493.
7494.
7493.
7493.
7493.
7495.
7495.
7495.
7494.
7495.
7494.
7494.
7494.
7495.
7494.
7494.
7493.
7493.
7492.
7493.
7492.
7491.
7490.
7489.
7489.
7488.
7487.
7486.
7485.
7483.
7483.
7482.
7480.
7480.
7477.
7475.
7474.
7472.
7471.
7469.
7469.
7466.
7465.
7463.
7461.
7458.
7456.
7455.
7452.
7449.
7448.
7445.
7443.
7441.
7439.
7438.
7435.
7432.
7429.
7427.
7424.
7423.
7420.
7419.
7418.
7418.
7420.
7426.
7432.
7439.
7447.
7456.
7464.
7470.
7475.
7478.
7482.
7482.
7482.
7482.
7484.
7482.
7484.
7483.
7483.
7484.
7483.
7483.
7484.
7485.
7485.
7485.
7485.
7486.
7486.
7486.
7487.
7488.
7489.
7490.
7490.
7491.
7491.
7492.
7493.
7494.
7495.
7496.
7498.
7500.
7500.
7502.
7504.
7505.
7508.
7510.
7511.
7513.
7516.
7519.
7520.
7521.
7524.
7528.
7530.
7533.
7537.
7541.
7543.
7547.
7551.
7556.
7558.
7562.
7566.
7570.
7575.
7579.
7584.
7588.
7592.
7597.
7601.
7607.
7612.
7616.
7620.
7627.
7633.
7637.
7643.
7648.
7654.
7659.
7664.
7672.
7678.
7681.
7688.
7695.
7701.
7706.
7713.
7719.
7726.
7731.
7736.
7741.
7743.
7744.
7742.
7739.
7736.
7736.
7737.
7738.
7741.
7745.
7750.
7754.
7757.
7760.
7764.
7766.
7769.
7770.
7773.
7774.
7777.
7779.
7780.
7782.
7783.
7786.
7786.
7788.
7789.
7790.
7792.
7793.
7794.
7795.
7794.
7797.
7796.
7797.
7799.
7800.
7800.
7800.
7801.
7801.
7801.
7803.
7802.
7801.
7801.
7801.
7800.
7802.
7800.
7801.
7800.
7800.
7799.
7800.
7798.
7797.
7796.
7795.
7794.
7795.
7793.
7791.
7791.
7790.
7788.
7787.
7787.
7785.
7783.
7782.
7781.
7779.
7777.
7776.
7774.
7771.
7769.
7768.
7765.
7764.
7762.
7760.
7758.
7756.
7753.
7752.
7748.
7746.
7745.
7742.
7740.
7735.
7733.
7731.
7729.
7726.
7726.
7726.
7729.
7735.
7740.
7749.
7759.
7768.
7777.
7783.
7789.
7795.
7800.
7806.
7810.
7813.
7812.
7814.
7815.
7818.
7816.
7818.
7820.
7821.
7822.
7824.
7826.
7827.
7830.
7831.
7834.
7835.
7838.
7840.
7842.
7845.
7847.
7850.
7852.
7856.
7859.
7860.
7864.
7867.
7871.
7875.
7880.
7884.
7887.
7890.
7894.
7899.
7903.
7909.
7912.
7918.
7922.
7926.
7932.
7937.
7942.
7949.
7954.
7959.
7965.
7969.
7975.
7981.
7987.
7994.
7999.
8004.
8010.
8017.
8025.
8029.
8036.
8042.
8048.
8054.
8061.
8067.
8073.
8079.
8084.
8086.
8086.
8085.
8082.
8078.
8073.
8070.
8068.
8067.
8069.
8071.
8072.
8074.
8077.
8080.
8080.
8081.
8082.
8083.
8083.
8084.
8084.
8085.
8084.
8085.
8085.
8085.
8085.
8084.
8084.
8084.
8082.
8083.
8082.
8081.
8080.
8081.
8078.
8079.
8078.
8078.
8076.
8075.
8074.
8073.
8071.
8068.
8068.
8065.
8065.
8064.
8062.
8059.
8058.
8056.
8054.
8052.
8050.
8049.
8046.
8043.
8041.
8039.
8036.
8035.
8031.
8029.
8026.
8024.
8021.
8019.
8015.
8012.
8009.
8007.
8004.
8000.
7997.
7994.
7991.
7989.
7985.
7982.
7978.
7976.
7971.
7968.
7965.
7961.
7959.
7955.
7950.
7948.
7947.
7948.
7952.
7957.
7963.
7970.
7976.
7980.
7985.
7990.
7995.
7997.
7999.
8001.
8000.
8000.
8001.
8000.
7999.
7999.
7999.
7998.
7998.
7999.
7999.
7999.
7998.
7999.
7999.
7999.
7999.
8001.
8000.
8000.
8000.
8001.
8002.
8003.
8004.
8004.
8005.
8008.
8008.
8009.
8011.
8013.
8014.
8017.
8018.
8020.
8022.
8023.
8025.
8029.
8030.
8032.
8035.
8038.
8041.
8043.
8046.
8050.
8054.
8057.
8060.
8063.
8067.
8071.
8075.
8079.
8083.
8086.
8091.
8096.
8101.
8104.
8109.
8115.
8119.
8123.
8128.
8133.
8138.
8142.
8147.
8153.
8158.
8164.
8170.
8174.
8180.
8186.
8192.
8197.
8203.
8208.
8214.
8219.
8225.
8231.
8236.
8241.
8246.
8252.
8256.
8262.
8267.
8272.
8276.
8280.
8286.
8290.
8293.
8299.
8302.
8305.
8308.
8312.
8315.
8318.
8320.
8323.
8325.
8326.
8328.
8331.
8332.
8334.
8335.
8336.
8338.
8338.
8339.
8340.
8341.
8341.
8341.
8341.
8341.
8342.
8340.
8341.
8340.
8339.
8339.
8338.
8339.
8337.
8336.
8336.
8335.
8334.
8333.
8332.
8331.
8329.
8328.
8326.
8326.
8323.
8323.
8321.
8319.
8317.
8315.
8313.
8310.
8308.
8307.
8304.
8302.
8298.
8296.
8294.
8291.
8289.
8286.
8283.
8281.
8279.
8275.
8273.
8269.
8266.
8263.
8260.
8257.
8254.
8250.
8247.
8244.
8241.
8237.
8234.
8232.
8227.
8224.
8221.
8217.
8215.
8215.
8216.
8219.
8225.
8232.
8239.
8245.
8253.
8257.
8264.
8269.
8274.
8278.
8280.
8282.
8282.
8281.
8282.
8283.
8283.
8284.
8287.
8287.
8288.
8290.
8290.
8291.
8292.
8295.
8297.
8299.
8300.
8302.
8303.
8306.
8309.
8311.
8314.
8316.
8318.
8322.
8326.
8328.
8332.
8336.
8341.
8343.
8348.
8351.
8356.
8360.
8365.
8370.
8375.
8379.
8385.
8388.
8394.
8399.
8405.
8410.
8417.
8422.
8427.
8433.
8440.
8445.
8451.
8458.
8463.
8469.
8476.
8482.
8490.
8497.
8503.
8509.
8515.
8522.
8528.
8534.
8541.
8547.
8553.
8558.
8563.
8568.
8573.
8577.
8580.
8584.
8588.
8590.
8593.
8595.
8597.
8600.
8601.
8603.
8604.
8604.
8604.
8605.
8604.
8605.
8606.
8605.
8604.
8603.
8602.
8601.
8600.
8599.
8597.
8596.
8594.
8592.
8591.
8589.
8587.
8586.
8583.
8579.
8577.
8576.
8573.
8570.
8567.
8565.
8562.
8558.
8555.
8553.
8550.
8547.
8544.
8541.
8537.
8533.
8529.
8526.
8523.
8519.
8515.
8511.
8508.
8504.
8500.
8495.
8492.
8488.
8483.
8479.
8475.
8471.
8467.
8464.
8459.
8455.
8451.
8447.
8442.
8439.
8438.
8435.
8437.
8442.
8446.
8451.
8458.
8466.
8469.
8473.
8477.
8480.
8481.
8482.
8483.
8482.
8481.
8481.
8481.
8481.
8482.
8482.
8482.
8483.
8483.
8484.
8485.
8485.
8487.
8488.
8490.
8490.
8492.
8493.
8495.
8497.
8498.
8501.
8503.
8506.
8509.
8511.
8513.
8518.
8522.
8524.
8526.
8532.
8535.
8538.
8543.
8546.
8552.
8555.
8560.
8563.
8569.
8573.
8579.
8583.
8589.
8595.
8599.
8604.
8609.
8615.
8620.
8626.
8633.
8638.
8644.
8650.
8656.
8661.
8667.
8674.
8679.
8685.
8690.
8697.
8702.
8708.
8713.
8719.
8722.
8727.
8731.
8734.
8737.
8740.
8743.
8745.
8747.
8749.
8750.
8751.
8753.
8752.
8752.
8752.
8752.
8752.
8751.
8750.
8749.
8749.
8748.
8747.
8745.
8743.
8743.
8741.
8738.
8736.
8734.
8731.
8730.
8727.
8725.
8722.
8720.
8717.
8714.
8711.
8709.
8705.
8702.
8698.
8695.
8692.
8689.
8685.
8682.
8678.
8675.
8671.
8666.
8663.
8659.
8655.
8652.
8648.
8643.
8639.
8635.
8631.
8628.
8623.
8617.
8614.
8610.
8606.
8602.
8597.
8592.
8590.
8589.
8591.
8594.
8599.
8604.
8612.
8617.
8622.
8626.
8630.
8633.
8635.
8635.
8635.
8634.
8636.
8636.
8635.
8636.
8637.
8637.
8639.
8640.
8641.
8642.
8644.
8645.
8646.
8647.
8650.
8653.
8655.
8657.
8659.
8662.
8666.
8668.
8671.
8674.
8679.
8682.
8686.
8689.
8694.
8698.
8702.
8707.
8711.
8717.
8720.
8725.
8729.
8734.
8738.
8744.
8749.
8756.
8761.
8768.
8773.
8779.
8783.
8789.
8797.
8802.
8807.
8813.
8819.
8824.
8831.
8836.
8842.
8848.
8852.
8857.
8861.
8865.
8868.
8871.
8875.
8876.
8878.
8879.
8881.
8881.
8882.
8882.
8881.
8881.
8881.
8880.
8879.
8879.
8877.
8875.
8874.
8872.
8870.
8868.
8866.
8863.
8860.
8859.
8856.
8853.
8851.
8848.
8845.
8842.
8838.
8835.
8831.
8827.
8824.
8821.
8817.
8814.
8810.
8806.
8802.
8798.
8794.
8790.
8786.
8782.
8778.
8773.
8769.
8765.
8761.
8756.
8754.
8753.
8753.
8756.
8760.
8764.
8770.
8777.
8783.
8790.
8797.
8801.
8808.
8813.
8816.
8819.
8823.
8825.
8827.
8829.
8831.
8832.
8833.
8835.
8836.
8839.
8840.
8844.
8847.
8850.
8853.
8855.
8859.
8862.
8865.
8870.
8874.
8878.
8880.
8885.
8889.
8895.
8899.
8904.
8908.
8913.
8917.
8922.
8927.
8933.
8939.
8944.
8949.
8956.
8961.
8966.
8972.
8979.
8984.
8991.
8996.
9003.
9008.
9013.
9018.
9024.
9028.
9032.
9036.
9041.
9043.
9046.
9048.
9050.
9049.
9051.
9051.
9051.
9050.
9051.
9049.
9049.
9048.
9046.
9045.
9043.
9039.
9039.
9036.
9035.
9033.
9030.
9027.
9024.
9021.
9018.
9015.
9011.
9008.
9005.
9002.
8997.
8994.
8990.
8986.
8982.
8977.
8973.
8969.
8965.
8961.
8958.
8953.
8948.
8944.
8940.
8936.
8931.
8926.
8921.
8916.
8913.
8909.
8907.
8909.
8913.
8918.
8926.
8933.
8942.
8950.
8959.
8967.
8976.
8985.
8994.
9001.
9007.
9012.
9016.
9018.
9023.
9024.
9027.
9029.
9033.
9035.
9038.
9041.
9046.
9048.
9053.
9056.
9060.
9064.
9068.
9072.
9076.
9079.
9084.
9089.
9093.
9098.
9104.
9108.
9113.
9118.
9124.
9129.
9135.
9139.
9145.
9150.
9155.
9161.
9165.
9172.
9177.
9181.
9185.
9191.
9196.
9198.
9202.
9205.
9207.
9209.
9211.
9212.
9211.
9211.
9211.
9210.
9209.
9207.
9207.
9205.
9204.
9202.
9200.
9198.
9195.
9192.
9190.
9188.
9185.
9182.
9177.
9174.
9171.
9168.
9165.
9160.
9156.
9152.
9148.
9144.
9140.
9136.
9132.
9128.
9123.
9118.
9113.
9108.
9102.
9099.
9095.
9090.
9085.
9080.
9077.
9071.
9066.
9061.
9056.
9052.
9046.
9042.
9040.
9041.
9043.
9048.
9053.
9061.
9068.
9076.
9083.
9088.
9095.
9101.
9107.
9113.
9118.
9121.
9124.
9126.
9127.
9128.
9130.
9133.
9133.
9136.
9138.
9142.
9143.
9146.
9150.
9153.
9155.
9159.
9161.
9166.
9169.
9171.
9176.
9180.
9184.
9187.
9190.
9196.
9201.
9205.
9210.
9213.
9217.
9222.
9226.
9231.
9236.
9241.
9246.
9251.
9256.
9260.
9264.
9268.
9272.
9277.
9280.
9283.
9286.
9289.
9289.
9290.
9291.
9291.
9290.
9289.
9289.
9289.
9287.
9286.
9285.
9282.
9280.
9278.
9275.
9274.
9271.
9267.
9265.
9261.
9258.
9254.
9251.
9247.
9244.
9240.
9236.
9233.
9229.
9226.
9221.
9216.
9213.
9207.
9203.
9199.
9195.
9189.
9185.
9181.
9176.
9171.
9166.
9161.
9156.
9151.
9146.
9142.
9136.
9130.
9127.
9124.
9124.
9125.
9130.
9137.
9144.
9152.
9161.
9170.
9179.
9184.
9194.
9201.
9206.
9213.
9219.
9224.
9228.
9231.
9233.
9235.
9236.
9238.
9241.
9243.
9247.
9250.
9252.
9255.
9259.
9261.
9263.
9267.
9270.
9274.
9278.
9281.
9284.
9288.
9293.
9296.
9300.
9303.
9307.
9312.
9316.
9320.
9325.
9329.
9333.
9338.
9342.
9345.
9350.
9353.
9357.
9361.
9363.
9364.
9367.
9369.
9371.
9371.
9370.
9371.
9369.
9369.
9368.
9365.
9364.
9362.
9360.
9357.
9356.
9352.
9349.
9347.
9344.
9340.
9337.
9334.
9331.
9327.
9323.
9320.
9315.
9312.
9307.
9303.
9299.
9294.
9290.
9285.
9281.
9277.
9271.
9267.
9261.
9256.
9252.
9247.
9244.
9242.
9243.
9246.
9251.
9259.
9269.
9277.
9287.
9298.
9308.
9319.
9329.
9342.
9352.
9364.
9375.
9385.
9393.
9400.
9406.
9411.
9415.
9419.
9423.
9425.
9429.
9431.
9434.
9437.
9439.
9444.
9447.
9449.
9453.
9457.
9460.
9463.
9465.
9470.
9473.
9475.
9479.
9483.
9485.
9488.
9491.
9494.
9496.
9499.
9500.
9502.
9504.
9504.
9504.
9505.
9504.
9504.
9503.
9502.
9500.
9498.
9497.
9494.
9491.
9489.
9486.
9484.
9481.
9478.
9473.
9469.
9466.
9462.
9459.
9453.
9450.
9446.
9442.
9439.
9435.
9429.
9426.
9421.
9416.
9410.
9406.
9401.
9396.
9392.
9386.
9380.
9377.
9370.
9366.
9360.
9354.
9349.
9344.
9339.
9333.
9328.
9322.
9317.
9312.
9305.
9301.
9294.
9289.
9284.
9277.
9273.
9270.
9272.
9276.
9281.
9289.
9295.
9303.
9311.
9321.
9332.
9342.
9351.
9361.
9372.
9383.
9393.
9402.
9408.
9414.
9418.
9422.
9424.
9428.
9430.
9432.
9434.
9437.
9439.
9443.
9446.
9448.
9450.
9453.
9456.
9459.
9462.
9465.
9467.
9470.
9474.
9477.
9480.
9482.
9487.
9489.
9492.
9496.
9499.
9502.
9505.
9507.
9509.
9512.
9513.
9516.
9517.
9517.
9518.
9518.
9517.
9516.
9513.
9513.
9512.
9509.
9507.
9504.
9502.
9499.
9496.
9492.
9489.
9485.
9482.
9478.
9474.
9470.
9466.
9462.
9459.
9454.
9449.
9446.
9441.
9437.
9433.
9428.
9423.
9417.
9412.
9407.
9403.
9398.
9392.
9386.
9382.
9376.
9370.
9366.
9360.
9355.
9348.
9343.
9337.
9334.
9326.
9322.
9316.
9310.
9305.
9304.
9304.
9307.
9313.
9320.
9328.
9336.
9346.
9355.
9366.
9377.
9388.
9400.
9411.
9421.
9432.
9441.
9451.
9458.
9467.
9474.
9479.
9484.
9488.
9491.
9493.
9495.
9497.
9501.
9503.
9506.
9508.
9510.
9513.
9516.
9519.
9522.
9524.
9527.
9529.
9533.
9535.
9539.
9542.
9544.
9546.
9549.
9551.
9554.
9554.
9557.
9558.
9558.
9558.
9558.
9559.
9556.
9556.
9554.
9552.
9549.
9547.
9544.
9541.
9538.
9536.
9533.
9529.
9526.
9523.
9517.
9513.
9511.
9506.
9502.
9497.
9494.
9489.
9484.
9480.
9475.
9472.
9467.
9460.
9456.
9451.
9447.
9443.
9441.
9444.
9448.
9456.
9464.
9474.
9484.
9494.
9505.
9517.
9530.
9542.
9554.
9567.
9579.
9591.
9601.
9611.
9620.
9626.
9632.
9636.
9639.
9641.
9643.
9646.
9648.
9650.
9652.
9653.
9653.
9654.
9657.
9659.
9659.
9660.
9662.
9663.
9663.
9664.
9665.
9666.
9666.
9666.
9666.
9667.
9667.
9664.
9664.
9662.
9661.
9658.
9655.
9655.
9652.
9649.
9645.
9642.
9639.
9635.
9632.
9628.
9624.
9620.
9615.
9612.
9608.
9603.
9599.
9593.
9588.
9584.
9578.
9574.
9569.
9564.
9558.
9553.
9549.
9544.
9539.
9533.
9528.
9522.
9517.
9510.
9506.
9500.
9494.
9489.
9483.
9477.
9472.
9466.
9461.
9455.
9449.
9442.
9436.
9431.
9424.
9418.
9412.
9406.
9401.
9395.
9389.
9383.
9381.
9382.
9385.
9393.
9400.
9409.
9419.
9430.
9442.
9455.
9467.
9480.
9493.
9504.
9516.
9526.
9535.
9542.
9547.
9550.
9553.
9556.
9557.
9559.
9561.
9561.
9563.
9565.
9567.
9569.
9571.
9574.
9576.
9579.
9579.
9582.
9584.
9585.
9588.
9590.
9593.
9596.
9597.
9599.
9602.
9606.
9607.
9608.
9611.
9614.
9615.
9617.
9619.
9619.
9620.
9620.
9620.
9619.
9618.
9617.
9616.
9614.
9612.
9609.
9607.
9604.
9600.
9598.
9595.
9591.
9587.
9584.
9580.
9575.
9572.
9569.
9564.
9559.
9555.
9550.
9546.
9542.
9537.
9532.
9528.
9522.
9517.
9512.
9506.
9502.
9496.
9490.
9484.
9480.
9473.
9469.
9464.
9458.
9453.
9447.
9440.
9436.
9430.
9424.
9418.
9412.
9407.
9401.
9396.
9392.
9391.
9393.
9397.
9402.
9409.
9417.
9424.
9431.
9440.
9448.
9456.
9466.
9474.
9483.
9491.
9497.
9502.
9507.
9511.
9514.
9514.
9516.
9518.
9519.
9520.
9523.
9525.
9526.
9528.
9530.
9533.
9535.
9537.
9539.
9542.
9545.
9547.
9548.
9552.
9554.
9556.
9560.
9561.
9566.
9568.
9570.
9574.
9576.
9578.
9581.
9582.
9585.
9585.
9587.
9588.
9589.
9588.
9587.
9586.
9586.
9584.
9582.
9582.
9579.
9577.
9574.
9571.
9568.
9566.
9562.
9558.
9553.
9552.
9547.
9544.
9540.
9535.
9532.
9528.
9523.
9520.
9515.
9511.
9506.
9502.
9497.
9493.
9487.
9483.
9479.
9473.
9467.
9463.
9458.
9452.
9448.
9442.
9437.
9431.
9426.
9421.
9415.
9410.
9404.
9399.
9392.
9387.
9382.
9376.
9370.
9365.
9359.
9353.
9348.
9341.
9335.
9330.
9324.
9317.
9311.
9306.
9300.
9294.
9289.
9285.
9283.
9283.
9286.
9291.
9298.
9304.
9310.
9315.
9319.
9322.
9324.
9326.
9326.
9326.
9325.
9325.
9324.
9324.
9324.
9324.
9322.
9324.
9324.
9326.
9327.
9328.
9329.
9331.
9332.
9334.
9335.
9337.
9339.
9341.
9343.
9345.
9348.
9351.
9354.
9356.
9360.
9362.
9366.
9368.
9372.
9374.
9379.
9381.
9384.
9388.
9390.
9394.
9398.
9402.
9406.
9408.
9411.
9415.
9419.
9422.
9425.
9429.
9433.
9435.
9438.
9441.
9443.
9445.
9446.
9448.
9448.
9448.
9448.
9448.
9447.
9446.
9445.
9443.
9443.
9441.
9438.
9436.
9435.
9432.
9430.
9427.
9424.
9420.
9416.
9414.
9410.
9407.
9404.
9400.
9396.
9392.
9388.
9384.
9380.
9377.
9372.
9368.
9364.
9358.
9354.
9350.
9345.
9340.
9336.
9332.
9327.
9321.
9317.
9311.
9307.
9302.
9297.
9291.
9287.
9282.
9277.
9272.
9266.
9262.
9257.
9250.
9246.
9241.
9236.
9231.
9226.
9220.
9214.
9209.
9204.
9199.
9193.
9188.
9181.
9175.
9170.
9164.
9158.
9152.
9146.
9141.
9135.
9128.
9122.
9115.
9110.
9104.
9097.
9091.
9084.
9078.
9072.
9066.
9059.
9052.
9046.
9039.
9033.
9027.
9019.
9012.
9006.
8999.
8992.
8986.
8980.
8973.
8968.
8966.
8965.
8966.
8971.
8977.
8983.
8989.
8994.
8998.
9000.
9002.
9004.
9006.
9005.
9004.
9002.
9000.
8999.
8996.
8995.
8994.
8993.
8993.
8990.
8990.
8991.
8990.
8989.
8990.
8990.
8989.
8989.
8987.
8988.
8989.
8989.
8991.
8991.
8992.
8992.
8994.
8995.
8998.
9000.
9001.
9003.
9005.
9008.
9011.
9013.
9016.
9019.
9022.
9026.
9029.
9032.
9035.
9038.
9041.
9045.
9049.
9053.
9056.
9060.
9064.
9068.
9072.
9077.
9081.
9085.
9088.
9092.
9097.
9101.
9104.
9110.
9114.
9119.
9122.
9126.
9130.
9134.
9136.
9139.
9141.
9143.
9145.
9146.
9148.
9148.
9150.
9150.
9149.
9149.
9148.
9148.
9146.
9146.
9145.
9142.
9141.
9139.
9137.
9134.
9132.
9130.
9128.
9125.
9121.
9118.
9115.
9113.
9110.
9106.
9102.
9098.
9095.
9091.
9087.
9083.
9080.
9076.
9071.
9067.
9063.
9059.
9055.
9050.
9045.
9039.
9036.
9031.
9026.
9021.
9017.
9012.
9006.
9001.
8996.
8992.
8987.
8982.
8976.
8972.
8967.
8962.
8956.
8951.
8945.
8941.
8934.
8929.
8924.
8918.
8912.
8907.
8901.
8895.
8889.
8885.
8880.
8872.
8866.
8860.
8854.
8847.
8840.
8835.
8828.
8823.
8817.
8809.
8804.
8799.
8794.
8792.
8794.
8797.
8803.
8809.
8817.
8822.
8828.
8832.
8836.
8840.
8840.
8841.
8841.
8840.
8838.
8836.
8835.
8834.
8832.
8831.
8830.
8830.
8829.
8828.
8830.
8828.
8827.
8827.
8827.
8827.
8827.
8828.
8829.
8829.
8830.
8830.
8833.
8833.
8835.
8836.
8838.
8839.
8842.
8844.
8847.
8848.
8850.
8853.
8856.
8858.
8861.
8865.
8869.
8872.
8874.
8878.
8882.
8885.
8888.
8893.
8898.
8901.
8905.
8909.
8913.
8917.
8921.
8925.
8930.
8934.
8938.
8943.
8948.
8953.
8957.
8961.
8964.
8968.
8973.
8975.
8980.
8983.
8987.
8988.
8991.
8993.
8994.
8996.
8996.
8997.
8997.
8997.
8997.
8996.
8995.
8994.
8993.
8992.
8991.
8989.
8987.
8986.
8983.
8982.
8979.
8976.
8975.
8971.
8969.
8966.
8963.
8959.
8956.
8952.
8949.
8946.
8943.
8939.
8936.
8932.
8928.
8924.
8920.
8916.
8911.
8907.
8904.
8899.
8896.
8890.
8886.
8881.
8877.
8872.
8867.
8863.
8859.
8854.
8849.
8845.
8839.
8835.
8829.
8824.
8820.
8814.
8809.
8804.
8799.
8793.
8787.
8782.
8777.
8772.
8766.
8761.
8755.
8749.
8744.
8739.
8732.
8726.
8721.
8715.
8709.
8702.
8698.
8691.
8684.
8679.
8672.
8667.
8660.
8654.
8651.
8649.
8651.
8655.
8661.
8666.
8672.
8676.
8682.
8687.
8691.
8695.
8696.
8696.
8697.
8695.
8694.
8691.
8690.
8689.
8688.
8686.
8685.
8684.
8683.
8681.
8681.
8680.
8680.
8680.
8681.
8680.
8680.
8680.
8680.
8680.
8681.
8681.
8682.
8683.
8684.
8685.
8688.
8688.
8690.
8692.
8692.
8695.
8697.
8700.
8702.
8704.
8707.
8709.
8713.
8715.
8717.
8720.
8724.
8728.
8731.
8733.
8738.
8741.
8745.
8748.
8751.
8755.
8760.
8763.
8767.
8771.
8775.
8779.
8783.
8787.
8792.
8796.
8800.
8804.
8809.
8812.
8817.
8821.
8824.
8829.
8832.
8835.
8839.
8842.
8844.
8846.
8847.
8849.
8851.
8850.
8852.
8852.
8853.
8853.
8852.
8852.
8852.
8850.
8850.
8849.
8848.
8847.
8846.
8844.
8842.
8842.
8838.
8837.
8835.
8832.
8830.
8827.
8824.
8823.
8819.
8816.
8813.
8811.
8807.
8804.
8800.
8797.
8793.
8790.
8786.
8783.
8778.
8774.
8769.
8767.
8764.
8759.
8756.
8751.
8747.
8744.
8739.
8734.
8730.
8725.
8721.
8717.
8711.
8707.
8704.
8699.
8694.
8688.
8685.
8680.
8675.
8670.
8665.
8661.
8654.
8650.
8645.
8639.
8635.
8630.
8624.
8618.
8614.
8607.
8603.
8597.
8592.
8587.
8582.
8576.
8570.
8563.
8558.
8552.
8546.
8540.
8534.
8528.
8522.
8517.
8511.
8504.
8498.
8491.
8486.
8480.
8473.
8467.
8460.
8455.
8452.
8452.
8455.
8459.
8463.
8469.
8473.
8476.
8478.
8479.
8479.
8480.
8480.
8479.
8476.
8474.
8470.
8468.
8467.
8464.
8462.
8459.
8457.
8454.
8452.
8450.
8450.
8447.
8444.
8442.
8440.
8438.
8437.
8435.
8433.
8432.
8430.
8429.
8428.
8426.
8425.
8424.
8424.
8422.
8422.
8421.
8420.
8421.
8420.
8420.
8421.
8421.
8421.
8421.
8420.
8421.
8422.
8423.
8424.
8425.
8426.
8428.
8428.
8430.
8431.
8432.
8434.
8437.
8438.
8441.
8443.
8445.
8446.
8450.
8452.
8454.
8457.
8461.
8463.
8466.
8469.
8473.
8473.
8474.
8473.
8468.
8463.
8456.
8452.
8447.
8445.
8443.
8445.
8445.
8447.
8449.
8452.
8453.
8453.
8455.
8456.
8457.
8456.
8456.
8457.
8457.
8457.
8457.
8455.
8455.
8455.
8453.
8454.
8453.
8453.
8451.
8449.
8450.
8449.
8448.
8447.
8446.
8443.
8442.
8441.
8439.
8438.
8437.
8435.
8433.
8432.
8430.
8428.
8426.
8424.
8421.
8419.
8416.
8415.
8411.
8409.
8407.
8405.
8402.
8399.
8396.
8394.
8391.
8388.
8384.
8380.
8377.
8374.
8370.
8369.
8365.
8360.
8357.
8352.
8349.
8345.
8341.
8338.
8334.
8328.
8324.
8321.
8316.
8312.
8307.
8302.
8297.
8292.
8288.
8283.
8278.
8274.
8268.
8264.
8259.
8253.
8247.
8243.
8237.
8232.
8225.
8220.
8215.
8209.
8203.
8198.
8192.
8186.
8181.
8175.
8169.
8162.
8156.
8153.
8150.
8150.
8152.
8159.
8165.
8172.
8179.
8185.
8190.
8194.
8195.
8196.
8197.
8197.
8196.
8194.
8192.
8190.
8187.
8185.
8184.
8181.
8179.
8177.
8176.
8173.
8172.
8170.
8169.
8168.
8166.
8164.
8161.
8160.
8159.
8158.
8156.
8155.
8154.
8152.
8152.
8151.
8150.
8148.
8148.
8148.
8146.
8145.
8146.
8146.
8145.
8144.
8144.
8145.
8144.
8145.
8145.
8147.
8147.
8146.
8147.
8148.
8149.
8151.
8151.
8152.
8153.
8154.
8157.
8158.
8160.
8161.
8163.
8165.
8167.
8169.
8171.
8175.
8177.
8179.
8182.
8185.
8188.
8191.
8193.
8197.
8199.
8202.
8204.
8208.
8213.
8216.
8218.
8223.
8227.
8229.
8228.
8226.
8224.
8217.
8210.
8203.
8197.
8191.
8189.
8188.
8188.
8189.
8192.
8192.
8193.
8193.
8193.
8192.
8192.
8191.
8189.
8188.
8188.
8187.
8185.
8182.
8182.
8181.
8179.
8177.
8176.
8174.
8172.
8170.
8168.
8166.
8163.
8161.
8158.
8156.
8154.
8152.
8148.
8146.
8144.
8140.
8137.
8134.
8131.
8127.
8124.
8120.
8117.
8114.
8110.
8107.
8103.
8099.
8095.
8091.
8086.
8083.
8079.
8074.
8070.
8066.
8061.
8056.
8052.
8048.
8044.
8039.
8033.
8028.
8023.
8019.
8016.
8010.
8006.
8000.
7996.
7990.
7984.
7980.
7975.
7969.
7965.
7960.
7955.
7949.
7944.
7939.
7934.
7927.
7923.
7917.
7911.
7907.
7905.
7906.
7909.
7916.
7922.
7930.
7935.
7940.
7942.
7945.
7945.
7944.
7944.
7942.
7940.
7939.
7936.
7933.
7932.
7930.
7927.
7925.
7924.
7921.
7918.
7916.
7914.
7912.
7909.
7908.
7906.
7903.
7900.
7898.
7897.
7894.
7892.
7891.
7889.
7886.
7883.
7882.
7879.
7877.
7876.
7873.
7872.
7870.
7867.
7865.
7863.
7862.
7860.
7858.
7855.
7855.
7852.
7851.
7849.
7848.
7847.
7844.
7842.
7841.
7839.
7838.
7836.
7834.
7831.
7831.
7829.
7827.
7825.
7824.
7822.
7822.
7820.
7817.
7817.
7814.
7812.
7811.
7810.
7807.
7805.
7804.
7802.
7800.
7797.
7796.
7795.
7794.
7792.
7789.
7786.
7787.
7784.
7781.
7780.
7777.
7775.
7774.
7770.
7769.
7767.
7764.
7762.
7761.
7758.
7756.
7754.
7751.
7748.
7745.
7742.
7741.
7737.
7735.
7733.
7730.
7727.
7724.
7721.
7716.
7713.
7710.
7707.
7704.
7699.
7696.
7693.
7689.
7685.
7680.
7676.
7673.
7670.
7669.
7669.
7673.
7678.
7685.
7694.
7704.
7714.
7722.
7727.
7731.
7734.
7737.
7739.
7741.
7742.
7741.
7740.
7739.
7737.
7737.
7735.
7735.
7735.
7734.
7734.
7732.
7733.
7733.
7732.
7732.
7731.
7730.
7731.
7730.
7730.
7730.
7730.
7729.
7730.
7730.
7731.
7731.
7732.
7733.
7733.
7736.
7736.
7736.
7738.
7740.
7742.
7743.
7745.
7748.
7749.
7752.
7754.
7756.
7759.
7761.
7763.
7767.
7768.
7771.
7774.
7778.
7780.
7783.
7787.
7790.
7793.
7796.
7800.
7803.
7802.
7802.
7799.
7792.
7785.
7776.
7768.
7763.
7758.
7756.
7756.
7756.
7758.
7759.
7760.
7760.
7760.
7760.
7761.
7759.
7759.
7758.
7757.
7756.
7756.
7755.
7753.
7752.
7750.
7749.
7748.
7746.
7744.
7742.
7741.
7739.
7736.
7734.
7732.
7729.
7727.
7725.
7722.
7720.
7717.
7713.
7710.
7709.
7704.
7701.
7699.
7695.
7691.
7688.
7685.
7681.
7677.
7673.
7669.
7666.
7662.
7657.
7653.
7651.
7645.
7641.
7637.
7633.
7628.
7623.
7619.
7614.
7611.
7606.
7601.
7598.
7591.
7587.
7583.
7578.
7574.
7568.
7564.
7559.
7554.
7548.
7544.
7539.
7534.
7529.
7524.
7518.
7513.
7508.
7504.
7501.
7501.
7502.
7506.
7514.
7521.
7529.
7536.
7543.
7548.
7550.
7553.
7554.
7553.
7553.
7550.
7549.
7546.
7545.
7543.
7541.
7539.
7537.
7535.
7534.
7532.
7529.
7529.
7527.
7526.
7524.
7522.
7521.
7519.
7517.
7516.
7515.
7512.
7512.
7509.
7508.
7507.
7505.
7504.
7503.
7502.
7500.
7500.
7499.
7498.
7498.
7497.
7497.
7497.
7496.
7496.
7496.
7496.
7496.
7497.
7496.
7497.
7497.
7498.
7499.
7500.
7500.
7502.
7504.
7504.
7506.
7508.
7508.
7510.
7511.
7514.
7516.
7517.
7520.
7521.
7522.
7519.
7515.
7508.
7499.
7491.
7482.
7476.
7472.
7469.
7468.
7468.
7467.
7467.
7469.
7469.
7469.
7469.
7469.
7469.
7467.
7467.
7465.
7465.
7464.
7462.
7461.
7459.
7458.
7457.
7456.
7453.
7453.
7451.
7448.
7447.
7445.
7443.
7440.
7439.
7437.
7434.
7432.
7431.
7427.
7424.
7420.
7418.
7416.
7412.
7410.
7407.
7404.
7400.
7397.
7394.
7391.
7387.
7383.
7380.
7376.
7372.
7368.
7365.
7360.
7356.
7352.
7347.
7343.
7338.
7334.
7330.
7325.
7322.
7317.
7314.
7308.
7304.
7298.
7294.
7289.
7285.
7281.
7278.
7275.
7275.
7279.
7285.
7293.
7304.
7314.
7323.
7329.
7335.
7339.
7341.
7343.
7343.
7343.
7342.
7339.
7338.
7337.
7336.
7334.
7332.
7331.
7329.
7328.
7326.
7325.
7323.
7322.
7322.
7321.
7319.
7318.
7316.
7315.
7315.
7312.
7309.
7308.
7306.
7306.
7304.
7304.
7301.
7300.
7298.
7297.
7295.
7293.
7292.
7291.
7290.
7288.
7287.
7286.
7284.
7283.
7281.
7279.
7279.
7276.
7275.
7274.
7274.
7271.
7268.
7268.
7267.
7264.
7263.
7262.
7260.
7257.
7256.
7254.
7253.
7250.
7249.
7247.
7244.
7241.
7240.
7237.
7235.
7233.
7229.
7228.
7226.
7223.
7220.
7217.
7214.
7212.
7209.
7205.
7201.
7199.
7195.
7191.
7187.
7184.
7181.
7176.
7175.
7176.
7179.
7186.
7192.
7199.
7205.
7212.
7216.
7221.
7224.
7228.
7230.
7232.
7233.
7233.
7230.
7230.
7230.
7229.
7227.
7227.
7225.
7224.
7223.
7223.
7222.
7221.
7219.
7218.
7218.
7217.
7216.
7215.
7214.
7214.
7213.
7212.
7211.
7210.
7211.
7210.
7209.
7209.
7208.
7207.
7208.
7208.
7207.
7208.
7208.
7207.
7208.
7208.
7209.
7209.
7208.
7209.
7209.
7210.
7210.
7211.
7212.
7213.
7214.
7216.
7217.
7219.
7220.
7222.
7223.
7226.
7228.
7230.
7232.
7234.
7236.
7239.
7241.
7244.
7244.
7245.
7241.
7236.
7230.
7222.
7215.
7209.
7204.
7202.
7200.
7200.
7201.
7203.
7203.
7205.
7205.
7205.
7205.
7205.
7205.
7205.
7206.
7205.
7205.
7205.
7205.
7205.
7203.
7202.
7203.
7201.
7201.
7201.
7199.
7198.
7198.
7196.
7195.
7195.
7192.
7191.
7189.
7189.
7187.
7185.
7182.
7181.
7179.
7177.
7176.
7174.
7172.
7170.
7167.
7165.
7163.
7161.
7158.
7154.
7152.
7148.
7146.
7143.
7140.
7136.
7133.
7130.
7126.
7123.
7120.
7115.
7110.
7106.
7104.
7099.
7096.
7093.
7087.
7083.
7079.
7074.
7070.
7065.
7061.
7056.
7053.
7048.
7044.
7039.
7035.
7029.
7025.
7020.
7016.
7011.
7006.
7001.
6998.
6993.
6989.
6985.
6984.
6988.
6993.
7001.
7009.
7018.
7025.
7031.
7035.
7038.
7038.
7037.
7036.
7034.
7033.
7032.
7030.
7029.
7028.
7026.
7025.
7023.
7022.
7019.
7017.
7016.
7015.
7014.
7013.
7010.
7008.
7006.
7006.
7003.
7001.
6999.
6998.
6996.
6994.
6993.
6990.
6988.
6986.
6986.
6983.
6982.
6980.
6979.
6977.
6975.
6973.
6973.
6970.
6969.
6967.
6966.
6964.
6964.
6962.
6960.
6960.
6958.
6958.
6957.
6955.
6954.
6953.
6954.
6952.
6952.
6953.
6952.
6950.
6950.
6950.
6949.
6949.
6949.
6949.
6950.
6950.
6951.
6953.
6952.
6953.
6956.
6956.
6956.
6958.
6959.
6960.
6962.
6963.
6966.
6968.
6970.
6971.
6972.
6971.
6969.
6963.
6957.
6950.
6942.
6937.
6933.
6931.
6929.
6929.
6929.
6930.
6931.
6931.
6931.
6931.
6931.
6931.
6931.
6929.
6929.
6928.
6929.
6928.
6927.
6925.
6925.
6923.
6923.
6922.
6920.
6918.
6918.
6916.
6916.
6913.
6912.
6909.
6908.
6907.
6904.
6901.
6898.
6897.
6894.
6892.
6888.
6886.
6884.
6883.
6880.
6876.
6873.
6870.
6866.
6861.
6859.
6854.
6851.
6847.
6842.
6838.
6834.
6829.
6826.
6822.
6817.
6812.
6808.
6803.
6800.
6795.
6792.
6786.
6780.
6777.
6772.
6767.
6763.
6758.
6753.
6748.
6744.
6738.
6732.
6727.
6723.
6719.
6715.
6710.
6707.
6704.
6705.
6708.
6715.
6721.
6729.
6735.
6743.
6749.
6753.
6756.
6758.
6760.
6762.
6764.
6765.
6765.
6765.
6764.
6762.
6761.
6759.
6758.
6757.
6757.
6755.
6754.
6754.
6753.
6752.
6752.
6751.
6749.
6750.
6749.
6749.
6748.
6747.
6747.
6746.
6747.
6747.
6746.
6746.
6746.
6747.
6746.
6747.
6747.
6746.
6746.
6747.
6747.
6748.
6749.