8884.
8883.
8883.
8882.
8881.
8879.
8879.
8877.
8875.
8875.
8874.
8872.
8870.
8868.
8866.
8865.
8863.
8860.
8858.
8856.
8854.
8850.
8850.
8847.
8844.
8841.
8839.
8836.
8833.
8830.
8826.
8823.
8822.
8818.
8813.
8811.
8807.
8804.
8802.
8797.
8794.
8790.
8787.
8783.
8779.
8775.
8771.
8768.
8763.
8760.
8756.
8752.
8748.
8744.
8740.
8737.
8732.
8728.
8725.
8721.
8715.
8712.
8707.
8703.
8701.
8697.
8697.
8700.
8703.
8709.
8713.
8718.
8723.
8729.
8732.
8736.
8740.
8744.
8746.
8747.
8748.
8748.
8749.
8747.
8745.
8746.
8745.
8744.
8744.
8745.
8745.
8746.
8745.
8745.
8746.
8746.
8747.
8746.
8747.
8748.
8749.
8748.
8750.
8751.
8752.
8754.
8755.
8756.
8757.
8758.
8759.
8761.
8762.
8764.
8766.
8768.
8769.
8771.
8773.
8776.
8778.
8781.
8783.
8785.
8787.
8790.
8793.
8795.
8798.
8801.
8803.
8806.
8808.
8812.
8815.
8819.
8822.
8822.
8826.
8829.
8832.
8833.
8837.
8840.
8843.
8845.
8848.
8850.
8853.
8855.
8858.
8860.
8861.
8863.
8864.
8865.
8867.
8867.
8868.
8868.
8868.
8869.
8869.
8869.
8869.
8868.
8868.
8868.
8866.
8865.
8864.
8864.
8863.
8860.
8859.
8856.
8854.
8853.
8852.
8850.
8848.
8847.
8844.
8843.
8841.
8838.
8835.
8833.
8831.
8828.
8825.
8822.
8821.
8818.
8814.
8810.
8808.
8804.
8801.
8798.
8794.
8791.
8788.
8785.
8780.
8777.
8773.
8770.
8765.
8763.
8759.
8754.
8750.
8745.
8742.
8737.
8733.
8730.
8726.
8720.
8716.
8713.
8708.
8704.
8699.
8695.
8690.
8685.
8681.
8676.
8671.
8666.
8662.
8659.
8656.
8656.
8658.
8661.
8666.
8672.
8678.
8684.
8686.
8691.
8693.
8695.
8697.
8696.
8695.
8694.
8693.
8692.
8691.
8688.
8688.
8688.
8686.
8685.
8685.
8686.
8684.
8685.
8684.
8684.
8683.
8683.
8683.
8683.
8683.
8684.
8683.
8683.
8683.
8684.
8685.
8686.
8686.
8687.
8689.
8690.
8691.
8693.
8693.
8695.
8695.
8698.
8700.
8702.
8704.
8705.
8707.
8710.
8712.
8716.
8718.
8720.
8723.
8726.
8729.
8731.
8733.
8735.
8738.
8741.
8745.
8747.
8750.
8754.
8757.
8760.
8762.
8766.
8769.
8774.
8775.
8777.
8781.
8785.
8787.
8791.
8794.
8796.
8798.
8801.
8803.
8806.
8808.
8810.
8812.
8813.
8815.
8815.
8815.
8816.
8817.
8816.
8817.
8816.
8817.
8816.
8815.
8814.
8815.
8815.
8813.
8813.
8811.
8809.
8808.
8808.
8806.
8804.
8802.
8800.
8799.
8798.
8795.
8793.
8791.
8790.
8787.
8785.
8782.
8781.
8778.
8776.
8773.
8771.
8767.
8765.
8762.
8759.
8755.
8753.
8750.
8747.
8743.
8740.
8737.
8734.
8731.
8726.
8723.
8719.
8715.
8712.
8708.
8704.
8700.
8697.
8693.
8689.
8684.
8679.
8676.
8672.
8667.
8662.
8659.
8655.
8650.
8645.
8641.
8636.
8631.
8626.
8622.
8618.
8612.
8609.
8603.
8599.
8593.
8588.
8584.
8577.
8573.
8567.
8562.
8556.
8551.
8547.
8541.
8536.
8531.
8526.
8523.
8521.
8521.
8522.
8524.
8525.
8525.
8525.
8521.
8517.
8514.
8509.
8505.
8501.
8498.
8493.
8489.
8486.
8482.
8478.
8473.
8470.
8465.
8462.
8458.
8453.
8449.
8445.
8441.
8438.
8433.
8429.
8424.
8420.
8416.
8411.
8408.
8404.
8399.
8393.
8390.
8385.
8379.
8376.
8372.
8367.
8362.
8358.
8352.
8348.
8342.
8337.
8331.
8327.
8322.
8317.
8312.
8306.
8299.
8294.
8290.
8285.
8279.
8273.
8267.
8260.
8254.
8248.
8243.
8236.
8230.
8224.
8219.
8212.
8207.
8200.
8193.
8186.
8180.
8173.
8166.
8159.
8153.
8146.
8139.
8133.
8126.
8118.
8112.
8105.
8097.
8091.
8083.
8076.
8069.
8062.
8055.
8049.
8041.
8033.
8026.
8019.
8012.
8005.
7997.
7991.
7983.
7975.
7968.
7960.
7954.
7946.
7938.
7931.
7923.
7915.
7909.
7900.
7893.
7885.
7878.
7870.
7863.
7855.
7847.
7841.
7832.
7824.
7817.
7808.
7801.
7793.
7787.
7779.
7771.
7763.
7756.
7749.
7740.
7732.
7724.
7718.
7709.
7701.
7695.
7691.
7687.
7688.
7693.
7701.
7712.
7721.
7728.
7735.
7741.
7745.
7746.
7749.
7749.
7749.
7747.
7745.
7743.
7739.
7736.
7733.
7730.
7727.
7723.
7721.
7717.
7714.
7710.
7709.
7706.
7703.
7700.
7696.
7693.
7691.
7687.
7685.
7681.
7678.
7675.
7673.
7671.
7668.
7665.
7663.
7660.
7657.
7655.
7651.
7649.
7647.
7644.
7642.
7639.
7636.
7635.
7633.
7632.
7629.
7627.
7626.
7624.
7621.
7619.
7618.
7616.
7615.
7614.
7613.
7611.
7611.
7608.
7608.
7607.
7607.
7604.
7604.
7605.
7603.
7603.
7603.
7602.
7601.
7600.
7601.
7598.
7595.
7587.
7577.
7562.
7549.
7535.
7521.
7510.
7501.
7494.
7486.
7481.
7476.
7471.
7467.
7464.
7460.
7456.
7453.
7448.
7444.
7441.
7436.
7432.
7428.
7422.
7419.
7414.
7409.
7404.
7400.
7393.
7390.
7384.
7379.
7375.
7369.
7364.
7358.
7352.
7347.
7342.
7336.
7330.
7323.
7316.
7311.
7304.
7298.
7292.
7286.
7280.
7271.
7265.
7258.
7252.
7244.
7237.
7231.
7224.
7217.
7209.
7202.
7195.
7187.
7180.
7174.
7166.
7159.
7153.
7145.
7136.
7129.
7123.
7116.
7109.
7102.
7095.
7088.
7080.
7073.
7067.
7059.
7051.
7044.
7038.
7031.
7025.
7018.
7011.
7004.
6998.
6992.
6986.
6980.
6973.
6968.
6962.
6957.
6950.
6946.
6940.
6933.
6929.
6923.
6918.
6912.
6906.
6901.
6895.
6889.
6885.
6879.
6873.
6869.
6865.
6860.
6855.
6851.
6848.
6842.
6839.
6835.
6830.
6827.
6822.
6818.
6814.
6809.
6803.
6800.
6793.
6788.
6782.
6777.
6772.
6768.
6764.
6760.
6756.
6752.
6748.
6745.
6740.
6736.
6734.
6730.
6727.
6724.
6721.
6718.
6715.
6712.
6710.
6708.
6706.
6704.
6701.
6701.
6698.
6695.
6695.
6692.
6690.
6689.
6686.
6684.
6682.
6681.
6679.
6677.
6677.
6674.
6672.
6670.
6669.
6668.
6666.
6665.
6664.
6663.
6661.
6659.
6659.
6658.
6657.
6656.
6655.
6654.
6653.
6652.
6651.
6650.
6649.
6649.
6648.
6647.
6647.
6647.
6646.
6646.
6644.
6644.
6644.
6643.
6642.
6643.
6642.
6641.
6641.
6640.
6641.
6641.
6640.
6639.
6640.
6639.
6640.
6639.
6640.
6640.
6639.
6640.
6639.
6640.
6641.
6641.
6641.
6641.
6643.
6643.
6644.
6644.
6645.
6645.
6646.
6647.
6648.
6649.
6650.
6650.
6651.
6653.
6652.
6654.
6655.
6655.
6655.
6653.
6651.
6645.
6637.
6630.
6622.
6613.
6605.
6598.
6591.
6585.
6582.
6578.
6577.
6573.
6571.
6568.
6566.
6565.
6561.
6558.
6557.
6555.
6551.
6549.
6546.
6543.
6540.
6537.
6535.
6530.
6528.
6526.
6522.
6517.
6514.
6511.
6508.
6504.
6501.
6497.
6493.
6490.
6486.
6482.
6478.
6475.
6471.
6467.
6462.
6458.
6455.
6449.
6446.
6441.
6437.
6433.
6428.
6424.
6420.
6416.
6413.
6408.
6404.
6400.
6396.
6391.
6388.
6385.
6381.
6376.
6374.
6370.
6367.
6364.
6361.
6357.
6354.
6353.
6350.
6348.
6345.
6342.
6339.
6338.
6337.
6334.
6332.
6331.
6329.
6328.
6326.
6326.
6325.
6324.
6324.
6324.
6323.
6323.
6322.
6321.
6315.
6308.
6299.
6288.
6274.
6261.
6246.
6232.
6217.
6203.
6188.
6176.
6164.
6153.
6142.
6131.
6122.
6114.
6105.
6098.
6090.
6083.
6077.
6070.
6064.
6060.
6054.
6048.
6042.
6037.
6032.
6027.
6022.
6017.
6012.
6008.
6003.
5999.
5996.
5991.
5987.
5983.
5978.
5975.
5972.
5968.
5965.
5961.
5959.
5956.
5954.
5950.
5948.
5947.
5944.
5943.
5941.
5940.
5938.
5937.
5937.
5936.
5936.
5938.
5936.
5936.
5936.
5937.
5937.
5939.
5941.
5942.
5943.
5944.
5946.
5948.
5949.
5950.
5954.
5957.
5958.
5960.
5964.
5966.
5969.
5972.
5974.
5977.
5981.
5984.
5988.
5992.
5994.
5998.
6001.
6005.
6007.
6011.
6015.
6018.
6023.
6025.
6030.
6035.
6037.
6038.
6037.
6033.
6025.
6018.
6008.
5998.
5988.
5976.
5964.
5949.
5935.
5921.
5906.
5892.
5876.
5859.
5844.
5829.
5815.
5799.
5786.
5773.
5760.
5746.
5734.
5724.
5712.
5700.
5688.
5677.
5665.
5654.
5642.
5631.
5619.
5608.
5597.
5588.
5577.
5568.
5559.
5551.
5542.
5534.
5526.
5520.
5512.
5505.
5498.
5492.
5487.
5482.
5477.
5472.
5469.
5467.
5465.
5463.
5462.
5461.
5461.
5462.
5464.
5465.
5468.
5469.
5472.
5475.
5478.
5480.
5483.
5485.
5485.
5487.
5488.
5490.
5490.
5490.
5490.
5489.
5487.
5486.
5484.
5482.
5479.
5476.
5473.
5470.
5467.
5463.
5459.
5457.
5454.
5452.
5449.
5445.
5442.
5440.
5437.
5434.
5431.
5427.
5425.
5422.
5417.
5416.
5415.
5412.
5409.
5407.
5405.
5403.
5400.
5400.
5397.
5395.
5393.
5390.
5389.
5386.
5384.
5382.
5380.
5377.
5374.
5370.
5367.
5365.
5362.
5358.
5353.
5349.
5344.
5340.
5337.
5334.
5332.
5329.
5325.
5323.
5321.
5318.
5317.
5315.
5312.
5310.
5308.
5307.
5305.
5303.
5301.
5300.
5299.
5298.
5297.
5297.
5297.
5297.
5296.
5297.
5298.
5298.
5300.
5302.
5303.
5305.
5308.
5310.
5312.
5315.
5317.
5319.
5322.
5325.
5327.
5330.
5332.
5335.
5336.
5336.
5336.
5335.
5337.
5335.
5331.
5328.
5325.
5321.
5317.
5314.
5309.
5304.
5298.
5293.
5287.
5280.
5275.
5267.
5261.
5253.
5245.
5237.
5229.
5221.
5212.
5204.
5195.
5187.
5180.
5173.
5167.
5160.
5155.
5150.
5145.
5138.
5133.
5128.
5122.
5118.
5112.
5107.
5103.
5098.
5093.
5091.
5087.
5085.
5081.
5080.
5077.
5075.
5073.
5070.
5071.
5071.
5070.
5071.
5071.
5071.
5072.
5072.
5072.
5072.
5071.
5070.
5072.
5071.
5071.
5070.
5069.
5068.
5067.
5067.
5066.
5064.
5063.
5063.
5063.
5064.
5064.
5064.
5065.
5065.
5065.
5063.
5062.
5061.
5062.
5063.
5063.
5061.
5059.
5058.
5056.
5055.
5055.
5053.
5053.
5052.
5047.
5045.
5042.
5040.
5038.
5035.
5033.
5030.
5027.
5024.
5022.
5020.
5017.
5015.
5012.
5008.
5005.
5002.
5000.
4999.
4996.
4993.
4990.
4987.
4984.
4983.
4980.
4978.
4975.
4972.
4969.
4966.
4963.
4961.
4960.
4957.
4953.
4948.
4946.
4944.
4940.
4940.
4936.
4933.
4931.
4928.
4926.
4924.
4921.
4919.
4917.
4914.
4910.
4907.
4905.
4901.
4900.
4897.
4895.
4893.
4890.
4886.
4884.
4881.
4877.
4875.
4873.
4869.
4866.
4863.
4860.
4858.
4856.
4854.
4851.
4849.
4845.
4843.
4840.
4837.
4834.
4831.
4828.
4827.
4825.
4823.
4821.
4819.
4816.
4813.
4810.
4808.
4806.
4803.
4802.
4800.
4799.
4796.
4794.
4791.
4788.
4786.
4786.
4784.
4784.
4783.
4782.
4781.
4778.
4777.
4775.
4775.
4776.
4774.
4770.
4769.
4767.
4765.
4764.
4763.
4761.
4760.
4758.
4757.
4756.
4754.
4752.
4751.
4750.
4748.
4747.
4744.
4742.
4740.
4738.
4734.
4732.
4729.
4725.
4721.
4718.
4715.
4712.
4709.
4706.
4703.
4699.
4696.
4693.
4687.
4685.
4681.
4678.
4673.
4669.
4665.
4661.
4657.
4652.
4649.
4647.
4644.
4640.
4637.
4635.
4632.
4629.
4625.
4625.
4622.
4620.
4618.
4615.
4614.
4612.
4610.
4609.
4608.
4608.
4604.
4604.
4602.
4603.
4601.
4600.
4599.
4599.
4597.
4597.
4596.
4596.
4595.
4595.
4594.
4594.
4592.
4590.
4590.
4590.
4590.
4590.
4592.
4592.
4590.
4589.
4590.
4590.
4591.
4593.
4592.
4591.
4590.
4588.
4587.
4587.
4588.
4587.
4587.
4586.
4586.
4586.
4586.
4586.
4588.
4587.
4588.
4586.
4586.
4586.
4586.
4586.
4587.
4586.
4586.
4586.
4584.
4584.
4585.
4584.
4584.
4585.
4583.
4583.
4583.
4584.
4585.
4585.
4586.
4585.
4584.
4584.
4584.
4584.
4585.
4585.
4586.
4585.
4583.
4584.
4584.
4584.
4587.
4588.
4588.
4587.
4588.
4588.
4590.
4591.
4593.
4596.
4596.
4596.
4596.
4597.
4598.
4597.
4600.
4601.
4600.
4600.
4600.
4601.
4601.
4602.
4603.
4603.
4602.
4601.
4600.
4601.
4601.
4601.
4601.
4600.
4598.
4596.
4593.
4591.
4591.
4590.
4587.
4585.
4582.
4578.
4575.
4572.
4570.
4567.
4565.
4563.
4559.
4556.
4554.
4552.
4550.
4547.
4544.
4540.
4537.
4534.
4532.
4530.
4527.
4525.
4523.
4520.
4518.
4515.
4513.
4511.
4509.
4506.
4506.
4505.
4504.
4503.
4502.
4501.
4500.
4500.
4498.
4497.
4497.
4496.
4496.
4496.
4495.
4494.
4495.
4493.
4492.
4492.
4492.
4492.
4491.
4490.
4489.
4489.
4489.
4489.
4489.
4490.
4489.
4489.
4488.
4488.
4488.
4488.
4489.
4489.
4488.
4489.
4489.
4489.
4488.
4489.
4489.
4491.
4492.
4493.
4492.
4492.
4490.
4490.
4491.
4490.
4491.
4491.
4491.
4489.
4488.
4489.
4488.
4489.
4489.
4489.
4488.
4487.
4488.
4488.
4488.
4488.
4488.
4488.
4488.
4489.
4488.
4488.
4488.
4489.
4489.
4488.
4488.
4487.
4488.
4489.
4489.
4488.
4488.
4488.
4487.
4489.
4489.
4489.
4490.
4489.
4488.
4486.
4485.
4486.
4486.
4485.
4484.
4484.
4483.
4481.
4481.
4481.
4482.
4480.
4480.
4478.
4477.
4475.
4474.
4474.
4474.
4473.
4472.
4471.
4468.
4468.
4467.
4467.
4467.
4466.
4465.
4465.
4463.
4462.
4463.
4463.
4462.
4461.
4461.
4460.
4461.
4461.
4459.
4460.
4460.
4458.
4460.
4460.
4461.
4461.
4463.
4464.
4466.
4468.
4469.
4471.
4473.
4476.
4479.
4480.
4483.
4484.
4484.
4485.
4487.
4488.
4489.
4490.
4489.
4491.
4490.
4492.
4494.
4496.
4498.
4499.
4501.
4502.
4505.
4507.
4510.
4511.
4514.
4517.
4519.
4520.
4522.
4523.
4526.
4528.
4530.
4534.
4534.
4537.
4540.
4543.
4547.
4551.
4555.
4558.
4563.
4566.
4570.
4577.
4582.
4588.
4593.
4598.
4606.
4611.
4618.
4624.
4631.
4637.
4643.
4651.
4658.
4665.
4671.
4679.
4684.
4691.
4699.
4705.
4711.
4718.
4726.
4733.
4740.
4747.
4753.
4761.
4768.
4774.
4780.
4787.
4794.
4800.
4807.
4813.
4820.
4828.
4833.
4839.
4845.
4851.
4859.
4865.
4870.
4878.
4883.
4888.
4895.
4901.
4908.
4914.
4919.
4926.
4932.
4937.
4943.
4948.
4955.
4962.
4966.
4971.
4978.
4982.
4987.
4993.
4998.
5004.
5008.
5014.
5019.
5024.
5029.
5034.
5037.
5042.
5047.
5051.
5055.
5059.
5063.
5069.
5072.
5077.
5080.
5084.
5089.
5093.
5097.
5100.
5102.
5107.
5110.
5114.
5118.
5121.
5125.
5127.
5130.
5135.
5138.
5140.
5143.
5147.
5150.
5153.
5155.
5160.
5163.
5166.
5168.
5171.
5173.
5177.
5179.
5181.
5183.
5186.
5189.
5191.
5192.
5193.
5191.
5186.
5181.
5176.
5168.
5159.
5151.
5144.
5136.
5128.
5121.
5114.
5107.
5100.
5094.
5089.
5084.
5080.
5076.
5074.
5072.
5070.
5068.
5067.
5066.
5064.
5063.
5061.
5060.
5059.
5059.
5058.
5056.
5057.
5055.
5055.
5055.
5054.
5054.
5054.
5055.
5055.
5057.
5056.
5058.
5060.
5061.
5062.
5064.
5066.
5066.
5068.
5072.
5074.
5076.
5078.
5080.
5083.
5087.
5089.
5091.
5094.
5098.
5101.
5103.
5107.
5111.
5115.
5119.
5123.
5125.
5131.
5135.
5139.
5143.
5148.
5151.
5156.
5160.
5164.
5168.
5171.
5176.
5180.
5182.
5185.
5189.
5190.
5191.
5193.
5193.
5194.
5193.
5192.
5190.
5190.
5189.
5187.
5186.
5185.
5183.
5182.
5180.
5177.
5176.
5174.
5172.
5170.
5167.
5163.
5162.
5158.
5155.
5152.
5149.
5145.
5141.
5138.
5136.
5134.
5130.
5130.
5129.
5128.
5129.
5128.
5129.
5128.
5128.
5128.
5128.
5127.
5127.
5128.
5128.
5128.
5129.
5129.
5129.
5130.
5130.
5131.
5132.
5133.
5134.
5135.
5137.
5138.
5140.
5141.
5143.
5145.
5146.
5150.
5151.
5154.
5156.
5159.
5163.
5165.
5167.
5170.
5174.
5176.
5180.
5183.
5188.
5191.
5195.
5198.
5201.
5204.
5206.
5211.
5214.
5216.
5220.
5224.
5227.
5229.
5233.
5237.
5239.
5242.
5245.
5249.
5253.
5256.
5258.
5262.
5264.
5267.
5268.
5270.
5272.
5275.
5277.
5281.
5283.
5286.
5289.
5292.
5294.
5296.
5298.
5301.
5303.
5306.
5310.
5312.
5315.
5317.
5320.
5323.
5325.
5328.
5332.
5335.
5338.
5341.
5344.
5347.
5350.
5353.
5355.
5357.
5360.
5364.
5367.
5370.
5374.
5377.
5380.
5383.
5385.
5389.
5392.
5395.
5399.
5402.
5404.
5408.
5411.
5415.
5417.
5419.
5425.
5426.
5431.
5435.
5439.
5442.
5444.
5447.
5451.
5452.
5455.
5459.
5461.
5463.
5466.
5469.
5472.
5475.
5477.
5479.
5480.
5483.
5485.
5488.
5491.
5494.
5496.
5499.
5501.
5503.
5507.
5509.
5513.
5516.
5519.
5523.
5527.
5530.
5534.
5539.
5544.
5546.
5551.
5554.
5559.
5564.
5567.
5572.
5576.
5580.
5582.
5587.
5591.
5594.
5598.
5601.
5605.
5608.
5611.
5614.
5617.
5621.
5623.
5626.
5629.
5632.
5636.
5637.
5640.
5644.
5647.
5650.
5651.
5657.
5660.
5663.
5667.
5670.
5673.
5678.
5682.
5686.
5690.
5694.
5699.
5703.
5706.
5710.
5714.
5718.
5722.
5726.
5731.
5736.
5740.
5745.
5749.
5753.
5758.
5761.
5765.
5768.
5773.
5777.
5781.
5784.
5788.
5792.
5796.
5800.
5803.
5806.
5810.
5814.
5816.
5821.
5824.
5827.
5829.
5834.
5838.
5841.
5845.
5847.
5852.
5855.
5858.
5861.
5865.
5868.
5871.
5874.
5877.
5881.
5882.
5886.
5888.
5891.
5893.
5898.
5902.
5904.
5907.
5909.
5912.
5915.
5917.
5920.
5924.
5927.
5929.
5931.
5935.
5937.
5941.
5943.
5945.
5948.
5951.
5953.
5956.
5958.
5961.
5963.
5965.
5966.
5970.
5972.
5974.
5976.
5978.
5980.
5982.
5985.
5987.
5988.
5989.
5992.
5995.
5997.
6001.
6007.
6016.
6026.
6038.
6051.
6063.
6077.
6091.
6101.
6112.
6121.
6130.
6140.
6145.
6150.
6156.
6161.
6165.
6170.
6174.
6178.
6183.
6186.
6189.
6193.
6196.
6200.
6203.
6207.
6210.
6213.
6216.
6220.
6224.
6225.
6228.
6232.
6236.
6238.
6241.
6245.
6249.
6252.
6256.
6260.
6262.
6265.
6268.
6270.
6273.
6276.
6281.
6282.
6286.
6290.
6292.
6295.
6299.
6301.
6304.
6306.
6310.
6312.
6315.
6318.
6321.
6323.
6325.
6328.
6331.
6333.
6336.
6339.
6342.
6344.
6346.
6349.
6352.
6354.
6357.
6361.
6363.
6365.
6369.
6372.
6375.
6378.
6380.
6384.
6387.
6390.
6393.
6396.
6399.
6403.
6406.
6408.
6412.
6414.
6418.
6420.
6423.
6424.
6428.
6430.
6433.
6433.
6437.
6439.
6442.
6445.
6449.
6453.
6457.
6461.
6464.
6469.
6472.
6477.
6479.
6484.
6489.
6494.
6499.
6503.
6507.
6509.
6514.
6520.
6524.
6530.
6533.
6539.
6544.
6548.
6551.
6556.
6560.
6564.
6567.
6571.
6576.
6579.
6582.
6587.
6591.
6594.
6597.
6601.
6604.
6607.
6610.
6614.
6618.
6621.
6624.
6627.
6632.
6635.
6638.
6642.
6646.
6647.
6651.
6655.
6658.
6662.
6665.
6666.
6671.
6674.
6678.
6681.
6684.
6688.
6692.
6695.
6699.
6701.
6705.
6711.
6713.
6717.
6720.
6723.
6728.
6730.
6735.
6738.
6742.
6746.
6749.
6753.
6757.
6761.
6765.
6768.
6772.
6776.
6780.
6784.
6788.
6792.
6797.
6801.
6805.
6811.
6815.
6819.
6823.
6829.
6834.
6838.
6842.
6847.
6852.
6857.
6862.
6866.
6870.
6876.
6882.
6886.
6891.
6897.
6903.
6907.
6914.
6919.
6925.
6930.
6936.
6942.
6948.
6954.
6960.
6966.
6972.
6977.
6984.
6991.
6997.
7003.
7010.
7018.
7024.
7029.
7035.
7043.
7050.
7056.
7063.
7069.
7077.
7084.
7091.
7098.
7105.
7112.
7120.
7127.
7135.
7141.
7148.
7157.
7163.
7170.
7177.
7184.
7192.
7198.
7205.
7213.
7219.
7226.
7230.
7233.
7236.
7237.
7239.
7242.
7246.
7249.
7255.
7260.
7266.
7272.
7278.
7284.
7289.
7292.
7297.
7302.
7306.
7312.
7315.
7320.
7325.
7329.
7334.
7338.
7342.
7347.
7352.
7355.
7358.
7364.
7365.
7370.
7375.
7379.
7382.
7386.
7390.
7395.
7398.
7401.
7404.
7407.
7411.
7414.
7418.
7422.
7425.
7428.
7432.
7434.
7438.
7442.
7445.
7448.
7451.
7454.
7457.
7459.
7462.
7465.
7467.
7470.
7473.
7475.
7477.
7480.
7484.
7486.
7488.
7490.
7494.
7495.
7497.
7499.
7501.
7502.
7506.
7508.
7510.
7513.
7515.
7518.
7520.
7522.
7525.
7527.
7529.
7531.
7534.
7536.
7538.
7540.
7543.
7546.
7548.
7550.
7554.
7556.
7561.
7565.
7569.
7575.
7578.
7583.
7588.
7591.
7596.
7600.
7604.
7609.
7612.
7616.
7619.
7623.
7626.
7628.
7632.
7635.
7640.
7643.
7646.
7649.
7653.
7654.
7657.
7660.
7663.
7666.
7669.
7673.
7677.
7679.
7684.
7687.
7690.
7693.
7696.
7700.
7702.
7704.
7706.
7709.
7713.
7715.
7717.
7720.
7723.
7725.
7728.
7731.
7734.
7736.
7739.
7743.
7746.
7749.
7752.
7756.
7757.
7761.
7763.
7766.
7770.
7772.
7775.
7780.
7783.
7787.
7789.
7792.
7796.
7798.
7801.
7805.
7809.
7812.
7816.
7819.
7822.
7826.
7830.
7832.
7836.
7840.
7844.
7848.
7852.
7855.
7859.
7863.
7867.
7870.
7874.
7879.
7882.
7886.
7890.
7895.
7900.
7903.
7908.
7911.
7917.
7921.
7926.
7930.
7935.
7940.
7944.
7949.
7954.
7958.
7961.
7967.
7972.
7976.
7981.
7987.
7992.
7997.
8001.
8006.
8011.
8016.
8021.
8025.
8029.
8034.
8039.
8045.
8049.
8055.
8060.
8065.
8069.
8075.
8079.
8084.
8087.
8092.
8097.
8100.
8106.
8109.
8114.
8118.
8122.
8126.
8129.
8132.
8136.
8140.
8144.
8145.
8148.
8152.
8156.
8158.
8161.
8165.
8168.
8171.
8174.
8177.
8181.
8186.
8193.
8202.
8212.
8223.
8235.
8247.
8261.
8274.
8285.
8297.
8308.
8318.
8325.
8333.
8340.
8347.
8352.
8356.
8362.
8368.
8372.
8377.
8382.
8387.
8392.
8397.
8401.
8407.
8411.
8415.
8420.
8423.
8427.
8431.
8436.
8439.
8443.
8446.
8450.
8453.
8456.
8460.
8463.
8466.
8469.
8471.
8473.
8475.
8478.
8480.
8482.
8485.
8487.
8489.
8491.
8493.
8495.
8496.
8497.
8499.
8500.
8501.
8503.
8504.
8506.
8507.
8509.
8509.
8510.
8512.
8513.
8513.
8516.
8516.
8518.
8518.
8520.
8521.
8523.
8525.
8526.
8527.
8530.
8531.
8534.
8536.
8540.
8542.
8545.
8548.
8550.
8553.
8557.
8559.
8562.
8564.
8567.
8570.
8571.
8574.
8577.
8578.
8581.
8583.
8585.
8587.
8590.
8592.
8595.
8597.
8598.
8600.
8603.
8605.
8605.
8607.
8609.
8610.
8610.
8611.
8613.
8614.
8614.
8615.
8617.
8617.
8618.
8618.
8618.
8620.
8620.
8620.
8622.
8622.
8623.
8623.
8625.
8625.
8624.
8626.
8626.
8625.
8625.
8624.
8625.
8625.
8625.
8625.
8624.
8625.
8625.
8625.
8625.
8625.
8624.
8623.
8624.
8623.
8622.
8623.
8622.
8622.
8622.
8621.
8621.
8621.
8621.
8620.
8619.
8617.
8618.
8617.
8615.
8616.
8616.
8614.
8615.
8614.
8613.
8613.
8612.
8611.
8611.
8611.
8612.
8614.
8618.
8621.
8628.
8635.
8643.
8649.
8656.
8663.
8668.
8673.
8680.
8685.
8689.
8693.
8697.
8699.
8702.
8704.
8708.
8711.
8713.
8716.
8720.
8723.
8727.
8731.
8735.
8739.
8743.
8747.
8751.
8755.
8760.
8764.
8768.
8773.
8778.
8782.
8786.
8790.
8796.
8800.
8803.
8808.
8813.
8817.
8822.
8827.
8832.
8835.
8838.
8843.
8848.
8852.
8854.
8858.
8862.
8865.
8869.
8873.
8878.
8880.
8883.
8887.
8890.
8892.
8895.
8898.
8900.
8903.
8906.
8907.
8909.
8911.
8913.
8913.
8916.
8917.
8918.
8918.
8919.
8921.
8921.
8920.
8921.
8921.
8922.
8921.
8921.
8920.
8920.
8921.
8920.
8919.
8919.
8918.
8917.
8917.
8916.
8915.
8915.
8913.
8912.
8909.
8909.
8909.
8907.
8906.
8903.
8902.
8900.
8899.
8897.
8897.
8895.
8894.
8892.
8892.
8892.
8895.
8899.
8905.
8911.
8920.
8930.
8939.
8949.
8960.
8970.
8979.
8990.
8999.
9010.
9018.
9027.
9034.
9041.
9046.
9051.
9057.
9062.
9066.
9069.
9073.
9077.
9080.
9083.
9086.
9089.
9092.
9095.
9099.
9102.
9105.
9109.
9112.
9113.
9117.
9119.
9122.
9126.
9128.
9132.
9132.
9136.
9138.
9140.
9141.
9143.
9144.
9146.
9148.
9149.
9150.
9151.
9152.
9153.
9153.
9154.
9154.
9154.
9154.
9155.
9155.
9154.
9153.
9152.
9152.
9150.
9148.
9148.
9147.
9145.
9144.
9143.
9142.
9139.
9139.
9138.
9136.
9134.
9132.
9130.
9128.
9126.
9123.
9121.
9119.
9117.
9114.
9112.
9109.
9107.
9105.
9102.
9100.
9098.
9098.
9098.
9099.
9105.
9110.
9116.
9124.
9132.
9140.
9149.
9158.
9167.
9175.
9184.
9195.
9204.
9212.
9220.
9229.
9237.
9244.
9251.
9259.
9265.
9272.
9278.
9285.
9291.
9298.
9305.
9310.
9317.
9324.
9332.
9338.
9345.
9349.
9355.
9361.
9367.
9373.
9377.
9383.
9387.
9389.
9395.
9398.
9401.
9404.
9406.
9407.
9410.
9412.
9413.
9413.
9415.
9416.
9414.
9414.
9413.
9413.
9413.
9412.
9411.
9410.
9409.
9406.
9406.
9404.
9402.
9400.
9398.
9393.
9392.
9390.
9387.
9385.
9383.
9379.
9378.
9376.
9373.
9370.
9366.
9364.
9361.
9358.
9355.
9351.
9347.
9344.
9341.
9339.
9335.
9332.
9329.
9325.
9322.
9319.
9317.
9315.
9315.
9315.
9318.
9320.
9324.
9327.
9331.
9335.
9339.
9343.
9348.
9353.
9358.
9363.
9369.
9374.
9379.
9384.
9388.
9393.
9396.
9401.
9406.
9411.
9415.
9418.
9422.
9426.
9430.
9434.
9438.
9443.
9446.
9450.
9453.
9456.
9459.
9462.
9466.
9468.
9470.
9472.
9475.
9476.
9479.
9481.
9483.
9484.
9484.
9485.
9485.
9486.
9487.
9487.
9486.
9487.
9487.
9485.
9484.
9484.
9483.
9482.
9480.
9478.
9478.
9476.
9474.
9472.
9471.
9469.
9467.
9465.
9462.
9460.
9457.
9454.
9452.
9448.
9446.
9442.
9441.
9437.
9433.
9431.
9426.
9424.
9420.
9416.
9414.
9410.
9407.
9404.
9400.
9396.
9393.
9389.
9386.
9382.
9378.
9375.
9372.
9368.
9365.
9360.
9357.
9354.
9350.
9345.
9342.
9338.
9335.
9331.
9327.
9324.
9320.
9316.
9313.
9309.
9306.
9302.
9298.
9293.
9289.
9286.
9283.
9280.
9275.
9272.
9268.
9266.
9265.
9263.
9262.
9263.
9263.
9266.
9268.
9272.
9275.
9278.
9281.
9283.
9288.
9290.
9292.
9295.
9297.
9298.
9298.
9298.
9299.
9299.
9299.
9299.
9300.
9298.
9298.
9298.
9297.
9298.
9298.
9297.
9296.
9296.
9294.
9293.
9293.
9292.
9291.
9289.
9289.
9288.
9286.
9284.
9281.
9279.
9279.
9277.
9275.
9272.
9271.
9270.
9268.
9266.
9263.
9262.
9259.
9255.
9251.
9248.
9243.
9238.
9232.
9225.
9217.
9208.
9200.
9192.
9184.
9175.
9165.
9157.
9149.
9140.
9132.
9126.
9120.
9116.
9112.
9109.
9106.
9104.
9102.
9099.
9096.
9094.
9090.
9087.
9084.
9081.
9079.
9075.
9072.
9068.
9066.
9063.
9059.
9056.
9053.
9050.
9048.
9045.
9042.
9039.
9036.
9034.
9031.
9027.
9025.
9023.
9020.
9017.
9014.
9012.
9010.
9007.
9004.
9002.
9000.
8997.
8995.
8992.
8990.
8988.
8984.
8981.
8980.
8977.
8976.
8975.
8971.
8970.
8969.
8966.
8965.
8963.
8961.
8959.
8958.
8955.
8954.
8953.
8952.
8950.
8948.
8948.
8947.
8945.
8945.
8943.
8942.
8941.
8940.
8939.
8938.
8938.
8937.
8936.
8936.
8936.
8936.
8935.
8934.
8934.
8935.
8933.
8934.
8934.
8934.
8935.
8934.
8935.
8934.
8934.
8933.
8933.
8932.
8931.
8928.
8923.
8915.
8907.
8899.
8891.
8883.
8876.
8870.
8864.
8859.
8856.
8854.
8853.
8850.
8849.
8847.
8846.
8843.
8843.
8840.
8839.
8837.
8834.
8832.
8829.
8827.
8825.
8822.
8819.
8819.
8816.
8815.
8813.
8811.
8809.
8807.
8805.
8803.
8801.
8799.
8797.
8796.
8793.
8792.
8790.
8787.
8785.
8783.
8781.
8779.
8777.
8775.
8772.
8771.
8768.
8768.
8766.
8764.
8761.
8760.
8757.
8755.
8753.
8750.
8749.
8747.
8745.
8745.
8741.
8739.
8736.
8733.
8732.
8730.
8727.
8726.
8724.
8721.
8719.
8717.
8715.
8714.
8712.
8710.
8708.
8706.
8703.
8703.
8700.
8698.
8697.
8695.
8693.
8692.
8690.
8687.
8685.
8682.
8682.
8681.
8679.
8678.
8677.
8674.
8673.
8672.
8670.
8668.
8668.
8666.
8663.
8663.
8660.
8656.
8649.
8639.
8626.
8610.
8592.
8573.
8555.
8536.
8519.
8501.
8484.
8466.
8448.
8431.
8414.
8397.
8383.
8370.
8358.
8348.
8336.
8326.
8318.
8307.
8297.
8290.
8284.
8278.
8272.
8265.
8260.
8254.
8248.
8244.
8238.
8232.
8228.
8223.
8219.
8214.
8208.
8204.
8198.
8193.
8188.
8182.
8177.
8172.
8168.
8163.
8157.
8151.
8144.
8140.
8134.
8128.
8123.
8117.
8111.
8107.
8101.
8096.
8089.
8085.
8078.
8072.
8065.
8059.
8054.
8048.
8043.
8037.
8031.
8025.
8019.
8013.
8008.
8002.
7996.
7990.
7984.
7979.
7974.
7968.
7961.
7956.
7950.
7943.
7939.
7933.
7927.
7921.
7916.
7911.
7904.
7899.
7893.
7887.
7881.
7876.
7869.
7863.
7858.
7854.
7849.
7843.
7837.
7832.
7827.
7821.
7816.
7810.
7805.
7799.
7793.
7788.
7783.
7778.
7773.
7768.
7763.
7759.
7754.
7750.
7745.
7741.
7736.
7733.
7731.
7729.
7726.
7725.
7725.
7727.
7728.
7728.
7731.
7731.
7733.
7735.
7738.
7742.
7744.
7749.
7754.
7760.
7766.
7774.
7780.
7784.
7788.
7792.
7796.
7799.
7802.
7805.
7806.
7807.
7809.
7810.
7811.
7811.
7811.
7812.
7813.
7812.
7810.
7811.
7811.
7811.
7811.
7810.
7810.
7809.
7808.
7806.
7807.
7806.
7805.
7804.
7802.
7800.
7799.
7796.
7797.
7796.
7795.
7794.
7795.
7793.
7792.
7792.
7791.
7788.
7789.
7788.
7787.
7787.
7787.
7786.
7787.
7786.
7785.
7786.
7785.
7784.
7784.
7782.
7778.
7773.
7769.
7763.
7754.
7746.
7738.
7732.
7726.
7723.
7719.
7717.
7716.
7713.
7713.
7711.
7710.
7709.
7707.
7704.
7702.
7701.
7699.
7696.
7694.
7692.
7690.
7688.
7686.
7685.
7681.
7680.
7678.
7677.
7674.
7672.
7671.
7668.
7667.
7666.
7664.
7662.
7661.
7659.
7657.
7655.
7652.
7652.
7650.
7649.
7647.
7645.
7643.
7642.
7641.
7639.
7637.
7636.
7634.
7633.
7631.
7629.
7628.
7627.
7625.
7625.
7623.
7621.
7621.
7619.
7619.
7617.
7616.
7615.
7613.
7612.
7611.
7608.
7602.
7595.
7585.
7573.
7559.
7544.
7529.
7514.
7500.
7487.
7477.
7468.
7459.
7450.
7442.
7436.
7431.
7427.
7423.
7419.
7417.
7413.
7410.
7407.
7402.
7399.
7396.
7392.
7389.
7385.
7381.
7379.
7376.
7373.
7370.
7366.
7362.
7359.
7356.
7353.
7350.
7346.
7343.
7340.
7337.
7334.
7330.
7327.
7326.
7322.
7319.
7317.
7313.
7310.
7308.
7304.
7301.
7298.
7295.
7292.
7289.
7286.
7282.
7280.
7278.
7274.
7272.
7270.
7267.
7263.
7261.
7257.
7255.
7252.
7250.
7247.
7244.
7243.
7240.
7236.
7235.
7232.
7230.
7227.
7224.
7223.
7220.
7217.
7215.
7213.
7210.
7207.
7206.
7204.
7201.
7200.
7196.
7194.
7192.
7190.
7189.
7187.
7183.
7181.
7179.
7177.
7176.
7174.
7171.
7168.
7166.
7161.
7153.
7144.
7132.
7119.
7107.
7094.
7079.
7067.
7052.
7038.
7025.
7014.
7002.
6990.
6981.
6973.
6965.
6959.
6953.
6947.
6941.
6937.
6930.
6926.
6920.
6915.
6911.
6906.
6900.
6895.
6890.
6884.
6880.
6873.
6868.
6864.
6859.
6854.
6849.
6843.
6838.
6833.
6828.
6823.
6817.
6812.
6807.
6802.
6797.
6792.
6787.
6782.
6777.
6771.
6766.
6763.
6758.
6753.
6748.
6743.
6738.
6734.
6730.
6726.
6721.
6717.
6712.
6708.
6704.
6701.
6696.
6692.
6689.
6685.
6681.
6678.
6675.
6672.
6669.
6666.
6662.
6660.
6658.
6655.
6653.
6651.
6648.
6647.
6646.
6643.
6641.
6639.
6637.
6636.
6635.
6632.
6632.
6631.
6630.
6628.
6627.
6627.
6626.
6626.
6625.
6625.
6625.
6626.
6625.
6625.
6626.
6625.
6625.
6625.
6626.
6628.
6626.
6625.
6626.
6626.
6627.
6627.
6626.
6624.
6624.
6623.
6621.
6618.
6613.
6609.
6602.
6596.
6590.
6584.
6576.
6570.
6564.
6556.
6547.
6540.
6532.
6525.
6518.
6510.
6503.
6496.
6488.
6480.
6473.
6468.
6460.
6455.
6449.
6442.
6438.
6431.
6426.
6419.
6414.
6408.
6401.
6396.
6390.
6384.
6378.
6374.
6367.
6361.
6356.
6351.
6347.
6341.
6335.
6331.
6325.
6322.
6316.
6312.
6310.
6306.
6302.
6299.
6295.
6292.
6288.
6285.
6283.
6281.
6278.
6275.
6272.
6271.
6269.
6267.
6265.
6262.
6261.
6260.
6258.
6257.
6256.
6255.
6254.
6253.
6253.
6253.
6253.
6253.
6251.
6253.
6253.
6253.
6253.
6253.
6254.
6255.
6256.
6258.
6259.
6259.
6261.
6262.
6262.
6262.
6263.
6264.
6266.
6265.
6263.
6264.
6263.
6263.
6261.
6258.
6253.
6248.
6243.
6238.
6233.
6228.
6221.
6216.
6210.
6204.
6199.
6192.
6187.
6180.
6173.
6166.
6159.
6151.
6145.
6138.
6129.
6123.
6115.
6109.
6101.
6094.
6089.
6083.
6078.
6072.
6065.
6061.
6055.
6050.
6045.
6039.
6033.
6030.
6025.
6021.
6018.
6013.
6009.
6005.
6000.
5997.
5994.
5989.
5986.
5983.
5978.
5975.
5973.
5970.
5966.
5964.
5964.
5962.
5960.
5959.
5958.
5957.
5956.
5956.
5957.
5957.
5957.
5957.
5956.
5957.
5957.
5958.
5959.
5959.
5960.
5961.
5961.
5962.
5963.
5962.
5962.
5961.
5959.
5956.
5951.
5945.
5938.
5930.
5923.
5915.
5905.
5897.
5887.
5878.
5868.
5858.
5851.
5843.
5833.
5827.
5820.
5814.
5810.
5805.
5801.
5798.
5796.
5792.
5790.
5788.
5786.
5785.
5782.
5782.
5779.
5779.
5779.
5778.
5779.
5778.
5778.
5778.
5778.
5778.
5777.
5777.
5776.
5775.
5773.
5770.
5767.
5764.
5760.
5755.
5752.
5746.
5743.
5738.
5734.
5729.
5724.
5720.
5715.
5712.
5708.
5703.
5699.
5695.
5691.
5685.
5680.
5678.
5674.
5672.
5668.
5664.
5662.
5658.
5655.
5652.
5649.
5645.
5643.
5638.
5635.
5632.
5629.
5628.
5625.
5622.
5620.
5618.
5617.
5615.
5614.
5615.
5614.
5614.
5615.
5615.
5616.
5617.
5619.
5619.
5620.
5622.
5623.
5625.
5629.
5631.
5633.
5635.
5637.
5641.
5644.
5648.
5651.
5654.
5658.
5663.
5667.
5672.
5677.
5680.
5684.
5689.
5693.
5694.
5698.
5701.
5704.
5706.
5708.
5709.
5710.
5710.
5709.
5708.
5707.
5704.
5701.
5697.
5693.
5689.
5684.
5679.
5675.
5669.
5665.
5660.
5655.
5648.
5642.
5635.
5627.
5620.
5613.
5605.
5596.
5590.
5583.
5575.
5567.
5561.
5553.
5545.
5538.
5530.
5524.
5516.
5508.
5501.
5494.
5485.
5479.
5473.
5466.
5460.
5455.
5449.
5443.
5439.
5435.
5431.
5429.
5427.
5426.
5425.
5426.
5427.
5427.
5428.
5429.
5430.
5430.
5432.
5432.
5431.
5431.
5433.
5435.
5434.
5434.
5434.
5433.
5431.
5427.
5425.
5422.
5419.
5415.
5412.
5410.
5406.
5401.
5396.
5393.
5390.
5387.
5384.
5380.
5377.
5373.
5368.
5366.
5363.
5361.
5360.
5358.
5356.
5354.
5351.
5346.
5344.
5342.
5340.
5336.
5332.
5328.
5324.
5320.
5316.
5313.
5310.
5305.
5301.
5296.
5292.
5287.
5284.
5281.
5275.
5271.
5267.
5261.
5256.
5251.
5248.
5242.
5237.
5232.
5226.
5220.
5215.
5212.
5208.
5202.
5197.
5191.
5186.
5180.
5175.
5170.
5166.
5161.
5156.
5150.
5146.
5142.
5138.
5133.
5131.
5126.
5123.
5120.
5116.
5115.
5112.
5110.
5109.
5106.
5103.
5100.
5099.
5097.
5095.
5095.
5092.
5090.
5087.
5083.
5083.
5083.
5084.
5084.
5084.
5084.
5083.
5082.
5081.
5081.
5080.
5080.
5079.
5079.
5077.
5077.
5075.
5075.
5075.
5074.
5073.
5072.
5071.
5071.
5070.
5070.
5070.
5070.
5069.
5068.
5070.
5070.
5070.
5071.
5073.
5073.
5073.
5074.
5074.
5074.
5075.
5075.
5075.
5075.
5073.
5073.
5074.
5073.
5073.
5073.
5073.
5072.
5071.
5069.
5069.
5067.
5067.
5066.
5065.
5064.
5063.
5062.
5060.
5060.
5056.
5054.
5052.
5051.
5048.
5044.
5042.
5040.
5037.
5034.
5031.
5029.
5026.
5024.
5021.
5018.
5018.
5016.
5014.
5010.
5008.
5005.
5003.
5001.
4998.
4996.
4993.
4989.
4986.
4985.
4981.
4980.
4977.
4974.
4970.
4967.
4964.
4961.
4958.
4955.
4953.
4950.
4949.
4945.
4942.
4940.
4940.
4937.
4936.
4933.
4930.
4928.
4927.
4926.
4924.
4921.
4919.
4917.
4917.
4916.
4915.
4913.
4912.
4912.
4913.
4913.
4914.
4913.
4914.
4913.
4913.
4913.
4911.
4912.
4910.
4911.
4909.
4909.
4908.
4909.
4908.
4907.
4906.
4906.
4904.
4903.
4904.
4905.
4905.
4903.
4903.
4903.
4903.
4903.
4902.
4904.
4904.
4904.
4904.
4905.
4905.
4905.
4905.
4904.
4904.
4903.
4904.
4905.
4905.
4904.
4905.
4907.
4907.
4906.
4906.
4908.
4907.
4907.
4907.
4907.
4908.
4908.
4907.
4908.
4909.
4909.
4909.
4909.
4909.
4910.
4909.
4910.
4908.
4907.
4906.
4906.
4906.
4905.
4905.
4904.
4904.
4902.
4902.
4902.
4902.
4901.
4901.
4900.
4898.
4899.
4898.
4899.
4897.
4897.
4896.
4895.
4894.
4894.
4895.
4896.
4895.
4894.
4895.
4894.
4895.
4897.
4898.
4898.
4899.
4899.
4900.
4899.
4901.
4902.
4904.
4905.
4906.
4907.
4908.
4909.
4910.
4912.
4913.
4914.
4915.
4915.
4915.
4916.
4915.
4914.
4914.
4914.
4913.
4912.
4910.
4910.
4910.
4908.
4906.
4905.
4902.
4900.
4899.
4897.
4896.
4893.
4891.
4888.
4886.
4883.
4881.
4878.
4874.
4870.
4865.
4861.
4857.
4854.
4850.
4846.
4842.
4839.
4833.
4829.
4827.
4823.
4819.
4816.
4812.
4811.
4806.
4804.
4802.
4799.
4798.
4795.
4792.
4791.
4790.
4787.
4785.
4785.
4784.
4782.
4780.
4779.
4779.
4779.
4778.
4779.
4778.
4777.
4776.
4775.
4774.
4774.
4776.
4777.
4776.
4776.
4775.
4775.
4775.
4777.
4778.
4777.
4777.
4777.
4777.
4778.
4780.
4782.
4784.
4785.
4785.
4785.
4785.
4786.
4787.
4788.
4787.
4787.
4786.
4787.
4786.
4786.
4786.
4785.
4785.
4782.
4782.
4782.
4781.
4783.
4782.
4782.
4781.
4781.
4781.
4779.
4779.
4780.
4777.
4776.
4774.
4773.
4773.
4772.
4773.
4772.
4771.
4770.
4769.
4768.
4767.
4766.
4766.
4764.
4762.
4762.
4761.
4759.
4758.
4756.
4756.
4755.
4755.
4755.
4754.
4752.
4752.
4751.
4751.
4751.
4753.
4754.
4753.
4754.
4755.
4756.
4757.
4758.
4760.
4762.
4762.
4761.
4764.
4765.
4766.
4766.
4768.
4770.
4772.
4772.
4773.
4775.
4777.
4779.
4780.
4782.
4783.
4784.
4786.
4789.
4789.
4791.
4792.
4795.
4796.
4798.
4799.
4801.
4803.
4803.
4805.
4807.
4810.
4812.
4815.
4817.
4819.
4820.
4822.
4824.
4825.
4826.
4829.
4831.
4831.
4833.
4836.
4836.
4838.
4840.
4842.
4844.
4846.
4847.
4848.
4851.
4852.
4854.
4855.
4857.
4860.
4861.
4864.
4866.
4868.
4871.
4872.
4875.
4878.
4880.
4883.
4887.
4890.
4892.
4894.
4897.
4900.
4903.
4906.
4909.
4912.
4914.
4917.
4922.
4925.
4929.
4933.
4938.
4941.
4945.
4950.
4953.
4959.
4962.
4967.
4971.
4975.
4978.
4984.
4987.
4992.
4996.
5001.
5005.
5009.
5013.
5017.
5020.
5023.
5024.
5027.
5029.
5029.
5029.
5029.
5028.
5029.
5028.
5028.
5027.
5027.
5026.
5025.
5025.
5027.
5027.
5028.
5029.
5031.
5031.
5033.
5034.
5035.
5036.
5038.
5041.
5042.
5045.
5046.
5048.
5051.
5052.
5054.
5057.
5059.
5061.
5065.
5067.
5069.
5073.
5076.
5078.
5080.
5083.
5086.
5089.
5092.
5095.
5098.
5102.
5105.
5107.
5110.
5114.
5117.
5120.
5122.
5126.
5129.
5132.
5135.
5137.
5139.
5139.
5140.
5139.
5139.
5137.
5136.
5137.
5138.
5138.
5138.
5142.
5142.
5143.
5145.
5147.
5149.
5150.
5151.
5152.
5154.
5155.
5156.
5158.
5160.
5161.
5163.
5165.
5167.
5168.
5171.
5173.
5175.
5177.
5179.
5180.
5182.
5184.
5187.
5189.
5193.
5195.
5196.
5200.
5202.
5205.
5206.
5209.
5212.
5214.
5216.
5219.
5222.
5224.
5228.
5232.
5235.
5239.
5242.
5246.
5249.
5253.
5257.
5262.
5265.
5268.
5271.
5277.
5281.
5286.
5291.
5295.
5300.
5305.
5312.
5320.
5328.
5337.
5346.
5355.
5363.
5371.
5379.
5388.
5397.
5404.
5411.
5418.
5424.
5431.
5435.
5442.
5445.
5449.
5453.
5457.
5461.
5466.
5470.
5474.
5478.
5483.
5486.
5490.
5494.
5498.
5501.
5504.
5509.
5513.
5516.
5521.
5525.
5529.
5532.
5535.
5539.
5543.
5546.
5549.
5552.
5556.
5560.
5563.
5566.
5570.
5575.
5578.
5582.
5586.
5589.
5592.
5597.
5601.
5605.
5608.
5612.
5615.
5618.
5622.
5627.
5630.
5633.
5635.
5640.
5645.
5647.
5651.
5655.
5658.
5661.
5665.
5670.
5672.
5677.
5680.
5684.
5688.
5690.
5694.
5697.
5701.
5705.
5708.
5712.
5715.
5719.
5723.
5725.
5729.
5733.
5736.
5740.
5745.
5748.
5751.
5755.
5759.
5762.
5765.
5768.
5771.
5774.
5779.
5782.
5784.
5788.
5790.
5794.
5797.
5800.
5802.
5806.
5810.
5814.
5817.
5821.
5823.
5826.
5827.
5830.
5833.
5835.
5835.
5835.
5834.
5834.
5834.
5834.
5834.
5835.
5836.
5838.
5839.
5842.
5844.
5846.
5849.
5849.
5852.
5854.
5854.
5856.
5858.
5859.
5862.
5863.
5864.
5866.
5866.
5867.
5868.
5869.
5871.
5871.
5871.
5873.
5873.
5874.
5874.
5876.
5877.
5878.
5879.
5880.
5881.
5882.
5884.
5886.
5889.
5891.
5893.
5897.
5900.
5902.
5903.
5906.
5910.
5910.
5912.
5915.
5918.
5918.
5919.
5922.
5925.
5929.
5932.
5936.
5942.
5948.
5953.
5961.
5967.
5973.
5980.
5986.
5993.
6002.
6008.
6017.
6026.
6034.
6041.
6047.
6054.
6060.
6064.
6069.
6073.
6078.
6080.
6083.
6085.
6088.
6089.
6092.
6093.
6095.
6097.
6098.
6100.
6102.
6105.
6107.
6110.
6113.
6115.
6116.
6119.
6120.
6121.
6124.
6126.
6128.
6129.
6131.
6133.
6137.
6139.
6141.