5308.
5309.
5312.
5316.
5318.
5321.
5324.
5327.
5331.
5334.
5338.
5342.
5346.
5351.
5357.
5361.
5367.
5372.
5379.
5385.
5391.
5398.
5405.
5413.
5419.
5427.
5434.
5442.
5447.
5449.
5450.
5448.
5444.
5439.
5431.
5423.
5414.
5404.
5392.
5380.
5368.
5357.
5345.
5333.
5321.
5307.
5294.
5283.
5270.
5258.
5246.
5237.
5226.
5217.
5210.
5203.
5195.
5190.
5185.
5180.
5175.
5172.
5168.
5165.
5162.
5159.
5157.
5156.
5153.
5152.
5151.
5151.
5150.
5149.
5149.
5149.
5148.
5149.
5149.
5150.
5151.
5152.
5154.
5155.
5158.
5161.
5162.
5165.
5169.
5173.
5176.
5180.
5184.
5188.
5193.
5198.
5203.
5207.
5213.
5218.
5223.
5229.
5234.
5239.
5245.
5251.
5257.
5263.
5269.
5275.
5281.
5288.
5294.
5299.
5305.
5311.
5318.
5324.
5331.
5338.
5344.
5350.
5357.
5364.
5369.
5377.
5382.
5389.
5396.
5402.
5409.
5416.
5423.
5430.
5437.
5443.
5450.
5454.
5455.
5455.
5452.
5446.
5437.
5429.
5419.
5410.
5399.
5388.
5378.
5367.
5359.
5353.
5349.
5346.
5345.
5344.
5344.
5342.
5341.
5341.
5339.
5338.
5335.
5335.
5333.
5332.
5329.
5327.
5326.
5323.
5321.
5320.
5318.
5315.
5311.
5309.
5309.
5305.
5303.
5300.
5298.
5296.
5293.
5292.
5290.
5290.
5288.
5286.
5284.
5282.
5282.
5281.
5281.
5281.
5281.
5280.
5281.
5282.
5282.
5283.
5285.
5286.
5289.
5291.
5293.
5295.
5298.
5301.
5306.
5307.
5313.
5316.
5321.
5326.
5329.
5335.
5339.
5344.
5349.
5353.
5359.
5364.
5369.
5374.
5380.
5386.
5392.
5397.
5402.
5408.
5414.
5419.
5425.
5432.
5437.
5443.
5451.
5456.
5462.
5467.
5469.
5469.
5465.
5459.
5453.
5444.
5434.
5425.
5414.
5402.
5392.
5381.
5372.
5361.
5351.
5343.
5337.
5332.
5328.
5325.
5323.
5320.
5320.
5317.
5316.
5313.
5312.
5310.
5307.
5305.
5303.
5301.
5299.
5297.
5294.
5292.
5291.
5288.
5287.
5285.
5283.
5281.
5279.
5276.
5276.
5273.
5271.
5268.
5267.
5267.
5266.
5266.
5264.
5265.
5264.
5265.
5264.
5264.
5264.
5266.
5266.
5268.
5270.
5272.
5273.
5276.
5279.
5282.
5285.
5287.
5291.
5294.
5298.
5301.
5305.
5310.
5315.
5318.
5324.
5328.
5333.
5337.
5343.
5349.
5354.
5359.
5364.
5370.
5376.
5380.
5385.
5392.
5398.
5404.
5410.
5416.
5421.
5428.
5434.
5440.
5446.
5452.
5458.
5465.
5472.
5477.
5484.
5491.
5496.
5503.
5511.
5517.
5524.
5531.
5536.
5545.
5552.
5559.
5565.
5571.
5575.
5576.
5573.
5569.
5563.
5557.
5548.
5542.
5535.
5530.
5525.
5523.
5523.
5522.
5524.
5524.
5524.
5525.
5526.
5525.
5524.
5524.
5524.
5524.
5523.
5522.
5520.
5520.
5520.
5518.
5517.
5515.
5514.
5513.
5510.
5509.
5508.
5505.
5503.
5501.
5500.
5498.
5495.
5493.
5492.
5488.
5485.
5484.
5481.
5479.
5477.
5474.
5472.
5468.
5466.
5464.
5462.
5461.
5458.
5457.
5454.
5452.
5450.
5449.
5448.
5446.
5445.
5443.
5444.
5443.
5442.
5441.
5442.
5442.
5440.
5442.
5444.
5443.
5444.
5444.
5446.
5448.
5449.
5450.
5451.
5453.
5455.
5458.
5460.
5462.
5464.
5468.
5470.
5473.
5476.
5478.
5483.
5488.
5494.
5503.
5513.
5524.
5535.
5544.
5552.
5559.
5565.
5571.
5576.
5581.
5585.
5589.
5594.
5597.
5602.
5607.
5612.
5616.
5620.
5624.
5630.
5635.
5640.
5645.
5649.
5656.
5662.
5667.
5672.
5678.
5683.
5688.
5695.
5701.
5706.
5712.
5717.
5724.
5731.
5736.
5742.
5748.
5754.
5761.
5767.
5775.
5781.
5789.
5796.
5801.
5809.
5816.
5823.
5830.
5838.
5846.
5853.
5861.
5869.
5877.
5884.
5893.
5900.
5908.
5915.
5923.
5933.
5940.
5949.
5958.
5966.
5973.
5983.
5992.
6001.
6008.
6016.
6023.
6029.
6032.
6033.
6032.
6030.
6027.
6026.
6024.
6025.
6029.
6033.
6039.
6044.
6049.
6054.
6059.
6062.
6066.
6070.
6073.
6077.
6079.
6082.
6085.
6087.
6090.
6091.
6093.
6095.
6097.
6099.
6099.
6102.
6103.
6105.
6107.
6108.
6110.
6110.
6112.
6112.
6113.
6115.
6114.
6116.
6117.
6118.
6119.
6119.
6118.
6119.
6119.
6119.
6119.
6119.
6119.
6120.
6119.
6119.
6119.
6118.
6118.
6117.
6116.
6115.
6115.
6115.
6114.
6112.
6112.
6110.
6110.
6109.
6106.
6106.
6105.
6104.
6107.
6110.
6117.
6126.
6136.
6148.
6157.
6168.
6178.
6187.
6196.
6204.
6212.
6217.
6222.
6228.
6232.
6235.
6237.
6241.
6243.
6246.
6250.
6251.
6255.
6257.
6260.
6264.
6266.
6268.
6272.
6275.
6278.
6281.
6284.
6286.
6289.
6294.
6297.
6299.
6302.
6306.
6309.
6312.
6315.
6319.
6322.
6324.
6328.
6330.
6334.
6337.
6340.
6345.
6348.
6351.
6354.
6356.
6361.
6364.
6367.
6371.
6374.
6377.
6379.
6382.
6386.
6388.
6390.
6394.
6397.
6399.
6402.
6406.
6408.
6411.
6414.
6418.
6422.
6424.
6428.
6434.
6441.
6452.
6464.
6478.
6493.
6510.
6527.
6541.
6556.
6570.
6582.
6594.
6604.
6613.
6622.
6631.
6639.
6647.
6654.
6661.
6668.
6675.
6681.
6688.
6694.
6703.
6710.
6717.
6724.
6732.
6739.
6746.
6753.
6759.
6768.
6776.
6784.
6792.
6799.
6808.
6815.
6824.
6834.
6842.
6850.
6859.
6868.
6878.
6887.
6895.
6904.
6913.
6922.
6931.
6941.
6950.
6960.
6970.
6979.
6989.
6998.
7009.
7018.
7028.
7038.
7048.
7058.
7069.
7079.
7089.
7100.
7109.
7120.
7131.
7142.
7153.
7163.
7174.
7184.
7195.
7204.
7214.
7224.
7234.
7244.
7255.
7266.
7276.
7287.
7296.
7305.
7316.
7326.
7334.
7343.
7351.
7360.
7368.
7376.
7385.
7393.
7400.
7409.
7415.
7422.
7429.
7437.
7443.
7449.
7455.
7462.
7467.
7472.
7479.
7484.
7489.
7495.
7501.
7506.
7513.
7517.
7524.
7529.
7536.
7542.
7547.
7552.
7557.
7561.
7567.
7572.
7576.
7581.
7586.
7591.
7596.
7600.
7604.
7609.
7615.
7620.
7624.
7631.
7637.
7643.
7649.
7655.
7661.
7666.
7671.
7676.
7681.
7687.
7692.
7697.
7703.
7708.
7714.
7719.
7725.
7731.
7736.
7741.
7747.
7752.
7757.
7762.
7767.
7773.
7779.
7786.
7792.
7798.
7806.
7814.
7821.
7827.
7833.
7841.
7847.
7853.
7859.
7864.
7871.
7877.
7881.
7887.
7893.
7898.
7905.
7910.
7916.
7922.
7926.
7931.
7938.
7942.
7949.
7954.
7960.
7966.
7970.
7976.
7982.
7986.
7991.
7997.
8003.
8008.
8015.
8021.
8026.
8031.
8037.
8044.
8048.
8055.
8060.
8066.
8072.
8078.
8085.
8090.
8097.
8103.
8109.
8115.
8121.
8128.
8133.
8139.
8147.
8153.
8161.
8167.
8174.
8180.
8186.
8192.
8198.
8205.
8212.
8218.
8225.
8232.
8239.
8245.
8251.
8257.
8264.
8270.
8278.
8284.
8291.
8297.
8305.
8312.
8317.
8324.
8331.
8337.
8343.
8349.
8355.
8360.
8365.
8370.
8375.
8381.
8385.
8389.
8394.
8396.
8399.
8400.
8400.
8400.
8396.
8394.
8390.
8386.
8384.
8380.
8379.
8377.
8375.
8374.
8372.
8371.
8370.
8369.
8367.
8368.
8369.
8372.
8374.
8377.
8381.
8384.
8389.
8393.
8396.
8401.
8407.
8412.
8417.
8424.
8429.
8436.
8442.
8448.
8455.
8462.
8468.
8474.
8480.
8487.
8494.
8500.
8508.
8516.
8523.
8530.
8536.
8543.
8548.
8554.
8560.
8567.
8571.
8576.
8581.
8587.
8592.
8596.
8601.
8606.
8610.
8615.
8621.
8624.
8629.
8633.
8638.
8641.
8646.
8650.
8655.
8659.
8663.
8667.
8670.
8673.
8677.
8680.
8685.
8688.
8690.
8695.
8698.
8700.
8703.
8706.
8709.
8712.
8715.
8718.
8719.
8722.
8724.
8726.
8729.
8729.
8731.
8733.
8734.
8736.
8737.
8740.
8741.
8741.
8744.
8745.
8746.
8747.
8747.
8748.
8748.
8749.
8751.
8749.
8750.
8752.
8752.
8753.
8752.
8752.
8753.
8753.
8752.
8750.
8750.
8751.
8750.
8750.
8750.
8749.
8748.
8747.
8747.
8745.
8746.
8744.
8744.
8743.
8742.
8741.
8740.
8738.
8737.
8737.
8736.
8736.
8735.
8735.
8739.
8742.
8750.
8759.
8769.
8781.
8794.
8806.
8818.
8829.
8842.
8853.
8865.
8874.
8884.
8892.
8899.
8903.
8909.
8915.
8921.
8927.
8933.
8939.
8946.
8953.
8961.
8969.
8977.
8985.
8993.
9002.
9010.
9019.
9028.
9036.
9045.
9055.
9062.
9072.
9081.
9090.
9100.
9110.
9119.
9126.
9136.
9143.
9152.
9159.
9166.
9173.
9179.
9184.
9190.
9195.
9200.
9204.
9209.
9213.
9216.
9221.
9223.
9224.
9226.
9228.
9229.
9230.
9229.
9229.
9229.
9229.
9228.
9227.
9225.
9224.
9223.
9221.
9219.
9216.
9214.
9212.
9208.
9206.
9203.
9201.
9199.
9196.
9194.
9191.
9189.
9185.
9183.
9180.
9177.
9173.
9170.
9167.
9163.
9160.
9157.
9155.
9154.
9154.
9158.
9163.
9171.
9178.
9188.
9196.
9205.
9216.
9228.
9239.
9249.
9259.
9268.
9277.
9287.
9294.
9303.
9311.
9320.
9331.
9338.
9347.
9354.
9362.
9371.
9380.
9388.
9398.
9406.
9414.
9421.
9430.
9438.
9445.
9454.
9462.
9469.
9477.
9483.
9489.
9495.
9500.
9504.
9509.
9514.
9517.
9519.
9522.
9524.
9526.
9528.
9530.
9530.
9531.
9532.
9531.
9531.
9531.
9529.
9528.
9527.
9524.
9523.
9522.
9519.
9515.
9513.
9509.
9507.
9504.
9501.
9497.
9493.
9489.
9487.
9482.
9479.
9475.
9471.
9467.
9464.
9461.
9456.
9451.
9446.
9443.
9440.
9435.
9430.
9426.
9421.
9417.
9413.
9408.
9405.
9400.
9395.
9390.
9385.
9380.
9376.
9371.
9368.
9366.
9364.
9367.
9370.
9374.
9380.
9386.
9395.
9402.
9412.
9419.
9428.
9435.
9445.
9454.
9462.
9470.
9478.
9487.
9494.
9501.
9508.
9516.
9523.
9530.
9536.
9544.
9551.
9559.
9566.
9574.
9582.
9590.
9596.
9605.
9611.
9618.
9625.
9631.
9637.
9641.
9645.
9649.
9653.
9655.
9659.
9661.
9663.
9665.
9667.
9668.
9669.
9669.
9670.
9670.
9670.
9669.
9668.
9665.
9664.
9661.
9659.
9656.
9653.
9650.
9646.
9644.
9640.
9637.
9633.
9629.
9625.
9620.
9617.
9613.
9608.
9604.
9599.
9595.
9591.
9586.
9581.
9577.
9571.
9566.
9561.
9557.
9553.
9549.
9544.
9539.
9534.
9528.
9524.
9518.
9514.
9510.
9504.
9501.
9497.
9495.
9497.
9500.
9505.
9511.
9517.
9524.
9533.
9541.
9551.
9560.
9569.
9578.
9586.
9591.
9597.
9603.
9607.
9609.
9611.
9614.
9617.
9618.
9619.
9620.
9623.
9624.
9626.
9628.
9629.
9632.
9635.
9637.
9639.
9641.
9643.
9645.
9648.
9650.
9653.
9655.
9656.
9659.
9661.
9663.
9665.
9667.
9668.
9670.
9671.
9672.
9673.
9672.
9672.
9673.
9672.
9671.
9669.
9668.
9669.
9665.
9663.
9662.
9658.
9656.
9654.
9651.
9648.
9645.
9641.
9639.
9635.
9632.
9628.
9625.
9621.
9617.
9613.
9610.
9607.
9603.
9599.
9594.
9590.
9586.
9583.
9581.
9583.
9587.
9593.
9601.
9611.
9621.
9631.
9642.
9653.
9664.
9675.
9684.
9693.
9702.
9708.
9715.
9718.
9723.
9726.
9728.
9729.
9730.
9731.
9731.
9732.
9733.
9734.
9733.
9735.
9735.
9736.
9737.
9739.
9739.
9740.
9739.
9742.
9743.
9743.
9743.
9743.
9744.
9744.
9744.
9745.
9745.
9745.
9745.
9745.
9744.
9744.
9742.
9741.
9739.
9738.
9736.
9735.
9733.
9731.
9729.
9726.
9725.
9721.
9718.
9716.
9712.
9711.
9707.
9702.
9700.
9698.
9694.
9690.
9687.
9682.
9679.
9676.
9672.
9667.
9664.
9660.
9656.
9652.
9647.
9643.
9640.
9635.
9632.
9628.
9623.
9618.
9614.
9610.
9607.
9602.
9597.
9593.
9588.
9583.
9578.
9574.
9569.
9564.
9560.
9555.
9551.
9546.
9543.
9537.
9533.
9529.
9524.
9520.
9514.
9510.
9506.
9503.
9500.
9494.
9489.
9486.
9483.
9478.
9474.
9471.
9467.
9464.
9460.
9457.
9454.
9453.
9454.
9456.
9460.
9466.
9472.
9479.
9484.
9488.
9492.
9496.
9497.
9500.
9501.
9502.
9503.
9503.
9503.
9505.
9506.
9507.
9510.
9512.
9515.
9518.
9520.
9521.
9524.
9526.
9529.
9532.
9535.
9537.
9541.
9543.
9547.
9550.
9553.
9556.
9559.
9563.
9566.
9570.
9572.
9576.
9581.
9583.
9586.
9589.
9593.
9595.
9598.
9601.
9603.
9605.
9607.
9609.
9609.
9611.
9610.
9610.
9609.
9609.
9607.
9606.
9604.
9602.
9600.
9599.
9598.
9595.
9593.
9590.
9586.
9583.
9581.
9578.
9574.
9571.
9568.
9564.
9560.
9557.
9553.
9550.
9546.
9542.
9538.
9534.
9530.
9525.
9522.
9518.
9513.
9508.
9503.
9499.
9495.
9490.
9486.
9482.
9478.
9472.
9467.
9463.
9459.
9454.
9450.
9445.
9441.
9437.
9431.
9427.
9422.
9417.
9412.
9406.
9402.
9397.
9392.
9388.
9384.
9379.
9374.
9370.
9365.
9361.
9355.
9350.
9346.
9343.
9338.
9334.
9329.
9325.
9321.
9317.
9312.
9309.
9303.
9298.
9295.
9291.
9287.
9283.
9279.
9275.
9272.
9267.
9264.
9260.
9258.
9254.
9250.
9247.
9244.
9240.
9237.
9234.
9231.
9228.
9226.
9225.
9222.
9220.
9218.
9215.
9213.
9211.
9209.
9208.
9207.
9205.
9204.
9204.
9201.
9198.
9192.
9182.
9168.
9151.
9133.
9114.
9097.
9079.
9060.
9042.
9024.
9009.
8997.
8989.
8980.
8973.
8967.
8963.
8959.
8954.
8950.
8945.
8942.
8936.
8932.
8928.
8923.
8920.
8914.
8909.
8904.
8899.
8893.
8889.
8884.
8878.
8873.
8867.
8863.
8857.
8851.
8847.
8842.
8837.
8830.
8823.
8819.
8813.
8807.
8801.
8795.
8789.
8784.
8778.
8774.
8768.
8763.
8757.
8750.
8745.
8740.
8734.
8729.
8723.
8717.
8712.
8706.
8700.
8695.
8690.
8685.
8680.
8674.
8669.
8664.
8659.
8653.
8647.
8643.
8637.
8632.
8627.
8622.
8617.
8612.
8607.
8602.
8596.
8591.
8587.
8581.
8576.
8572.
8566.
8561.
8556.
8552.
8547.
8543.
8538.
8533.
8527.
8524.
8519.
8514.
8509.
8505.
8500.
8495.
8491.
8487.
8481.
8477.
8472.
8467.
8463.
8460.
8455.
8451.
8446.
8442.
8438.
8433.
8429.
8425.
8421.
8415.
8411.
8406.
8402.
8397.
8394.
8389.
8383.
8380.
8375.
8370.
8366.
8360.
8356.
8351.
8347.
8342.
8337.
8333.
8327.
8322.
8317.
8313.
8309.
8303.
8297.
8292.
8287.
8282.
8276.
8272.
8266.
8260.
8255.
8249.
8242.
8237.
8232.
8226.
8220.
8215.
8209.
8203.
8198.
8190.
8184.
8177.
8171.
8165.
8157.
8152.
8146.
8139.
8132.
8126.
8119.
8111.
8106.
8099.
8092.
8085.
8078.
8070.
8064.
8057.
8050.
8043.
8036.
8029.
8021.
8013.
8007.
8000.
7993.
7986.
7978.
7970.
7964.
7956.
7948.
7941.
7934.
7926.
7920.
7912.
7905.
7897.
7889.
7882.
7874.
7867.
7859.
7851.
7847.
7842.
7838.
7838.
7840.
7843.
7847.
7849.
7849.
7849.
7846.
7844.
7840.
7836.
7833.
7827.
7823.
7819.
7815.
7811.
7806.
7801.
7797.
7792.
7789.
7784.
7778.
7774.
7769.
7765.
7760.
7756.
7752.
7746.
7743.
7736.
7732.
7728.
7724.
7719.
7715.
7709.
7705.
7701.
7696.
7693.
7686.
7682.
7676.
7672.
7668.
7663.
7658.
7654.
7649.
7646.
7641.
7635.
7632.
7626.
7621.
7617.
7612.
7608.
7602.
7598.
7593.
7589.
7584.
7579.
7574.
7569.
7563.
7559.
7554.
7549.
7544.
7539.
7534.
7529.
7525.
7520.
7513.
7508.
7503.
7497.
7492.
7487.
7482.
7476.
7471.
7464.
7459.
7452.
7446.
7441.
7435.
7429.
7423.
7417.
7410.
7404.
7397.
7390.
7384.
7379.
7373.
7365.
7360.
7355.
7353.
7353.
7357.
7364.
7373.
7382.
7392.
7399.
7404.
7408.
7410.
7412.
7412.
7411.
7409.
7407.
7404.
7403.
7400.
7397.
7395.
7393.
7390.
7388.
7386.
7383.
7382.
7379.
7377.
7376.
7374.
7371.
7371.
7369.
7367.
7365.
7364.
7362.
7361.
7358.
7358.
7356.
7355.
7355.
7355.
7354.
7354.
7354.
7353.
7352.
7353.
7353.
7353.
7354.
7355.
7354.
7356.
7357.
7358.
7360.
7360.
7363.
7365.
7366.
7367.
7371.
7373.
7375.
7377.
7378.
7380.
7377.
7373.
7362.
7351.
7338.
7325.
7314.
7304.
7296.
7291.
7285.
7279.
7276.
7275.
7273.
7273.
7272.
7270.
7269.
7268.
7266.
7264.
7263.
7260.
7258.
7255.
7252.
7251.
7247.
7245.
7241.
7238.
7234.
7232.
7229.
7225.
7221.
7218.
7214.
7211.
7207.
7203.
7199.
7196.
7192.
7187.
7183.
7179.
7174.
7170.
7165.
7159.
7156.
7152.
7146.
7142.
7137.
7133.
7127.
7123.
7119.
7114.
7108.
7102.
7098.
7095.
7090.
7085.
7080.
7076.
7070.
7066.
7060.
7057.
7052.
7047.
7043.
7038.
7033.
7028.
7024.
7019.
7015.
7011.
7006.
7002.
6997.
6993.
6988.
6984.
6980.
6975.
6970.
6966.
6961.
6958.
6954.
6949.
6945.
6942.
6938.
6933.
6930.
6925.
6922.
6919.
6915.
6911.
6908.
6904.
6900.
6896.
6893.
6890.
6887.
6883.
6881.
6877.
6873.
6870.
6866.
6864.
6861.
6856.
6854.
6851.
6847.
6846.
6843.
6841.
6837.
6833.
6831.
6828.
6826.
6823.
6820.
6818.
6815.
6812.
6810.
6808.
6806.
6804.
6801.
6798.
6795.
6793.
6791.
6789.
6786.
6786.
6784.
6782.
6780.
6778.
6777.
6775.
6774.
6772.
6771.
6771.
6770.
6770.
6769.
6768.
6769.
6767.
6767.
6768.
6767.
6766.
6768.
6769.
6770.
6770.
6770.
6772.
6773.
6774.
6776.
6777.
6779.
6781.
6783.
6783.
6782.
6777.
6770.
6761.
6749.
6736.
6724.
6712.
6701.
6689.
6680.
6672.
6664.
6657.
6651.
6645.
6641.
6638.
6635.
6630.
6626.
6622.
6617.
6614.
6610.
6607.
6602.
6597.
6591.
6587.
6582.
6577.
6572.
6568.
6563.
6557.
6552.
6546.
6540.
6534.
6530.
6523.
6518.
6512.
6506.
6500.
6493.
6488.
6482.
6476.
6470.
6464.
6457.
6450.
6444.
6439.
6433.
6425.
6420.
6415.
6408.
6403.
6397.
6391.
6385.
6381.
6376.
6370.
6364.
6360.
6354.
6351.
6347.
6342.
6338.
6334.
6331.
6327.
6324.
6322.
6319.
6318.
6314.
6311.
6309.
6309.
6307.
6306.
6305.
6304.
6304.
6303.
6302.
6303.
6302.
6303.
6303.
6304.
6305.
6307.
6308.
6309.
6312.
6312.
6315.
6316.
6318.
6320.
6321.
6323.
6325.
6329.
6330.
6333.
6335.
6338.
6340.
6343.
6346.
6348.
6352.
6356.
6359.
6361.
6365.
6368.
6368.
6367.
6363.
6355.
6347.
6338.
6327.
6317.
6308.
6298.
6289.
6282.
6276.
6272.
6266.
6263.
6260.
6257.
6253.
6250.
6248.
6244.
6239.
6235.
6232.
6228.
6224.
6220.
6215.
6211.
6207.
6203.
6198.
6194.
6188.
6183.
6178.
6174.
6168.
6164.
6159.
6153.
6148.
6142.
6137.
6132.
6127.
6121.
6115.
6110.
6105.
6099.
6095.
6090.
6084.
6080.
6075.
6071.
6065.
6061.
6057.
6053.
6048.
6044.
6041.
6038.
6034.
6031.
6029.
6026.
6025.
6022.
6020.
6020.
6019.
6019.
6018.
6018.
6018.
6018.
6019.
6021.
6022.
6021.
6024.
6026.
6029.
6029.
6031.
6033.
6037.
6039.
6042.
6044.
6046.
6050.
6051.
6051.
6046.
6040.
6030.
6018.
6006.
5994.
5982.
5968.
5954.
5941.
5928.
5915.
5901.
5890.
5878.
5868.
5859.
5851.
5844.
5837.
5830.
5824.
5817.
5810.
5803.
5797.
5792.
5785.
5778.
5773.
5766.
5760.
5753.
5748.
5741.
5736.
5729.
5724.
5716.
5711.
5705.
5699.
5693.
5688.
5682.
5677.
5672.
5668.
5663.
5659.
5656.
5653.
5649.
5646.
5644.
5642.
5641.
5640.
5639.
5639.
5640.
5640.
5641.
5644.
5644.
5646.
5648.
5650.
5653.
5656.
5659.
5663.
5666.
5669.
5673.
5676.
5679.
5682.
5686.
5690.
5694.
5697.
5702.
5707.
5712.
5719.
5725.
5732.
5738.
5746.
5751.
5758.
5766.
5773.
5779.
5785.
5793.
5798.
5802.
5804.
5803.
5799.
5792.
5784.
5773.
5764.
5751.
5737.
5723.
5708.
5694.
5681.
5667.
5653.
5641.
5629.
5617.
5606.
5594.
5584.
5574.
5565.
5555.
5546.
5538.
5531.
5522.
5512.
5505.
5497.
5490.
5482.
5476.
5471.
5464.
5459.
5454.
5448.
5445.
5441.
5437.
5432.
5427.
5425.
5422.
5419.
5415.
5412.
5409.
5408.
5405.
5404.
5402.
5401.
5401.
5400.
5398.
5399.
5400.
5399.
5401.
5402.
5404.
5407.
5409.
5412.
5415.
5418.
5422.
5425.
5429.
5434.
5437.
5440.
5445.
5451.
5455.
5459.
5465.
5471.
5474.
5478.
5483.
5488.
5494.
5498.
5504.
5509.
5515.
5519.
5525.
5530.
5534.
5540.
5544.
5550.
5553.
5556.
5558.
5559.
5558.
5557.
5553.
5550.
5548.
5546.
5543.
5540.
5538.
5536.
5537.
5535.
5532.
5530.
5527.
5524.
5520.
5517.
5513.
5510.
5508.
5504.
5502.
5498.
5496.
5493.
5492.
5490.
5489.
5488.
5488.
5489.
5488.
5488.
5488.
5491.
5491.
5491.
5491.
5490.
5492.
5491.
5493.
5493.
5495.
5495.
5495.
5498.
5498.
5500.
5501.
5502.
5505.
5506.
5507.
5508.
5510.
5510.
5513.
5514.
5514.
5514.
5515.
5517.
5517.
5518.
5520.
5522.
5523.
5524.
5526.
5529.
5529.
5531.
5533.
5535.
5536.
5538.
5540.
5541.
5543.
5545.
5546.
5548.
5551.
5552.
5555.
5558.
5559.
5562.
5564.
5566.
5569.
5570.
5573.
5577.
5579.
5582.
5585.
5588.
5591.
5594.
5596.
5599.
5603.
5605.
5608.
5611.
5615.
5618.
5621.
5625.
5629.
5631.
5633.
5639.
5641.
5645.
5647.
5651.
5655.
5658.
5660.
5663.
5668.
5671.
5675.
5679.
5681.
5686.
5689.
5692.
5696.
5699.
5703.
5708.
5710.
5713.
5718.
5723.
5726.
5730.
5734.
5738.
5741.
5745.
5749.
5753.
5756.
5760.
5765.
5768.
5771.
5776.
5780.
5784.
5788.
5792.
5795.
5800.
5803.
5807.
5811.
5816.
5818.
5823.
5826.
5830.
5833.
5836.
5841.
5846.
5849.
5853.
5857.
5861.
5865.
5869.
5872.
5876.
5880.
5884.
5887.
5892.
5895.
5899.
5902.
5906.
5909.
5914.
5915.
5920.
5923.
5926.
5929.
5932.
5936.
5939.
5942.
5945.
5948.
5952.
5954.
5957.
5959.
5962.
5965.
5968.
5970.
5972.
5974.
5976.
5979.
5980.
5982.
5985.
5987.
5988.
5990.
5991.
5994.
5995.
5996.
5997.
5999.
6000.
6000.
6001.
6001.
6002.
6002.
6003.
6003.
6003.
6003.
6004.
6004.
6004.
6004.
6004.
6003.
6003.
6002.
6003.
6002.
6004.
6005.
6008.
6013.
6023.
6035.
6049.
6063.
6080.
6095.
6108.
6121.
6134.
6145.
6154.
6165.
6173.
6181.
6189.
6197.
6205.
6213.
6221.
6231.
6240.
6248.
6256.
6265.
6273.
6282.
6291.
6300.
6309.
6317.
6325.
6333.
6341.
6350.
6357.
6364.
6370.
6378.
6385.
6391.
6397.
6404.
6410.
6416.
6423.
6429.
6435.
6442.
6449.
6455.
6461.
6469.
6475.
6482.
6490.
6496.
6503.
6509.
6516.
6523.
6531.
6538.
6545.
6553.
6559.
6567.
6575.
6582.
6589.
6597.
6604.
6612.
6621.
6627.
6636.
6644.
6652.
6661.
6669.
6677.
6684.
6693.
6702.
6710.
6719.
6727.
6735.
6744.
6753.
6761.
6770.
6779.
6788.
6796.
6805.
6814.
6823.
6833.
6842.
6852.
6860.
6869.
6879.
6889.
6898.
6908.
6915.
6925.
6934.
6944.
6952.
6962.
6971.
6980.
6990.
6999.
7007.
7016.
7026.
7034.
7044.
7053.
7062.
7071.
7079.
7087.
7096.
7105.
7115.
7123.
7131.
7140.
7147.
7156.
7164.
7173.
7180.
7188.
7194.
7201.
7208.
7214.
7221.
7227.
7233.
7239.
7246.
7251.
7257.
7264.
7270.
7276.
7281.
7286.
7292.
7296.
7299.
7302.
7302.
7300.
7297.
7294.
7289.
7284.
7280.
7277.
7275.
7273.
7274.
7276.
7274.
7275.
7276.
7279.
7281.
7284.
7288.
7291.
7293.
7294.
7298.
7298.
7302.
7304.
7308.
7310.
7311.
7313.
7315.
7316.
7318.
7320.
7322.
7322.
7324.
7326.
7327.
7329.
7330.
7330.
7331.
7334.
7334.
7334.
7335.
7338.
7338.
7338.
7338.
7339.
7339.
7340.
7338.
7340.
7340.
7340.
7340.
7341.
7341.
7341.
7340.
7342.
7341.
7341.
7342.
7342.
7342.
7343.
7342.
7343.
7343.
7344.
7345.
7347.
7351.
7357.
7364.
7375.
7386.
7399.
7411.
7423.
7437.
7448.
7459.
7467.
7475.
7482.
7488.
7494.
7500.
7506.
7511.
7516.
7521.
7526.
7531.
7535.
7539.
7542.
7548.
7554.
7559.
7563.
7567.
7572.
7576.
7580.
7584.
7588.
7593.
7598.
7603.
7609.
7614.
7619.
7624.
7629.
7634.
7638.
7643.
7646.
7651.
7658.
7663.
7669.
7675.
7683.
7689.
7696.
7701.
7709.
7715.
7721.
7728.
7735.
7743.
7751.
7758.
7765.
7772.
7780.
7788.
7797.
7805.
7813.
7821.
7830.
7838.
7847.
7855.
7863.
7872.
7881.
7890.
7898.
7907.
7918.
7927.
7936.
7946.
7954.
7964.
7972.
7982.
7991.
8000.
8009.
8018.
8026.
8034.
8042.
8050.
8058.
8064.
8072.
8079.
8086.
8093.
8100.
8105.
8109.
8115.
8120.
8124.
8129.
8133.
8137.
8140.
8144.
8147.
8151.
8153.
8155.
8158.
8160.
8164.
8165.
8166.
8168.
8170.
8172.
8173.
8174.
8174.
8177.
8178.
8178.
8180.
8181.
8181.
8183.
8184.
8184.
8185.
8186.
8187.
8187.
8187.
8188.
8188.
8188.
8188.
8190.
8188.
8189.
8189.
8190.
8190.
8190.
8191.
8190.
8191.
8192.
8191.
8191.
8192.
8194.
8195.
8197.
8199.
8202.
8203.
8203.
8204.
8206.
8207.
8208.
8209.
8210.
8213.
8216.
8216.
8220.
8224.
8227.
8230.
8232.
8234.
8238.
8241.
8244.
8247.
8251.
8253.
8258.
8261.
8263.
8268.
8272.
8276.
8280.
8284.
8287.
8290.
8294.
8297.
8300.
8304.
8308.
8312.
8315.
8319.
8322.
8325.
8328.
8334.
8338.
8341.
8345.
8350.
8353.
8358.
8362.
8366.
8372.
8375.
8379.
8384.
8389.
8394.
8400.
8406.
8411.
8415.
8422.
8427.
8433.
8438.
8444.
8451.
8457.
8464.
8469.
8476.
8482.
8490.
8494.
8502.
8509.
8517.
8522.
8528.
8536.
8544.
8551.
8557.
8563.
8570.
8577.
8584.
8590.
8597.
8603.
8610.
8616.
8623.
8630.
8635.
8641.
8645.
8651.
8656.
8660.
8664.
8668.
8670.
8675.
8678.
8679.
8682.
8685.
8687.
8690.
8692.
8695.
8698.
8700.
8701.
8703.
8703.
8705.
8706.
8707.
8709.
8710.
8711.
8714.
8716.
8717.
8720.
8722.
8723.
8725.
8727.
8728.
8731.
8732.
8734.
8736.
8739.
8741.
8744.
8748.
8751.
8754.
8757.
8759.
8761.
8763.
8766.
8767.
8769.
8771.
8774.
8775.
8779.
8783.
8784.
8787.
8789.
8792.
8793.
8795.
8795.
8796.
8798.
8799.
8799.
8801.
8801.
8802.
8803.
8803.
8802.
8803.
8803.
8803.
8803.
8803.
8804.
8803.
8804.
8803.
8802.
8803.
8804.
8804.
8804.
8803.
8804.
8804.
8802.
8801.
8801.
8801.
8800.
8800.
8798.
8798.
8796.
8797.
8795.
8795.
8794.
8794.
8792.
8791.
8790.
8789.
8788.
8787.
8786.
8785.
8784.
8783.
8782.
8780.
8778.
8776.
8775.
8775.
8774.
8774.
8776.
8779.
8786.
8792.
8800.
8808.
8817.
8824.
8832.
8838.
8844.
8849.
8854.
8856.
8859.
8861.
8864.
8865.
8866.
8869.
8870.
8872.
8874.
8875.
8877.
8880.
8881.
8885.
8886.
8889.
8892.
8898.
8903.
8908.
8915.
8921.
8929.
8936.
8944.
8952.
8961.
8969.
8979.
8987.
8997.
9006.
9015.
9025.
9035.
9044.
9054.
9063.
9073.
9083.
9092.
9101.
9111.
9118.
9126.
9133.
9139.
9144.
9151.
9157.
9162.
9167.
9171.
9175.
9178.
9181.
9184.
9187.
9190.
9191.
9192.
9192.
9194.
9193.
9194.
9192.
9191.
9190.
9188.
9188.
9185.
9183.
9181.
9179.
9176.
9175.
9173.
9170.
9167.
9163.
9160.
9158.
9155.
9152.
9149.
9146.
9142.
9139.
9138.
9138.
9139.
9144.
9148.
9153.
9160.
9168.
9175.
9184.
9192.
9200.
9208.
9216.
9225.
9231.
9237.
9244.
9250.
9256.
9261.
9266.
9272.
9277.
9281.
9286.
9289.
9295.
9302.
9307.
9310.
9315.
9320.
9325.
9332.
9336.
9340.
9346.
9351.
9356.
9360.
9366.
9372.
9376.
9380.
9384.
9388.
9392.
9397.
9400.
9403.
9406.
9408.
9410.
9411.
9413.
9414.
9415.
9415.
9414.
9414.
9414.
9412.
9411.
9409.
9409.
9408.
9406.
9403.
9401.
9399.
9396.
9393.
9391.
9388.
9384.
9382.
9378.
9375.
9373.
9369.
9365.
9361.
9357.
9354.
9351.
9346.
9342.
9338.
9334.
9331.
9326.
9322.
9318.
9313.
9308.
9303.
9297.
9293.
9288.
9283.
9277.
9272.
9268.
9264.
9259.
9256.
9255.
9254.
9255.
9258.
9260.
9263.
9267.
9271.
9275.
9279.
9284.
9289.
9295.
9299.
9303.
9308.
9312.
9317.
9322.
9327.
9331.
9335.
9338.
9344.
9348.
9351.
9357.
9361.
9365.
9369.
9374.
9378.
9382.
9386.
9391.
9396.
9400.
9405.
9409.
9414.
9418.
9422.
9426.
9431.
9434.
9438.
9440.
9444.
9445.
9448.
9450.
9453.
9455.
9456.
9458.
9459.
9460.
9462.
9462.
9463.
9464.
9464.
9464.
9464.
9463.
9463.
9462.
9461.
9461.
9459.
9457.
9455.
9453.
9451.
9449.
9446.
9443.
9441.
9438.
9436.
9432.
9429.
9426.
9423.
9419.
9416.
9412.
9408.
9406.
9402.
9398.
9395.
9390.
9386.
9382.
9378.
9374.
9370.
9365.
9360.
9355.
9351.
9345.
9340.
9335.
9330.
9324.
9319.
9315.
9310.
9306.
9301.
9298.
9295.
9292.
9291.
9291.
9292.
9293.
9294.
9296.
9300.
9303.
9307.
9309.
9311.
9315.
9318.
9322.
9325.
9329.
9331.
9335.
9337.
9337.
9339.
9340.
9340.
9340.
9342.
9341.
9342.
9342.
9343.
9343.
9343.
9343.
9342.
9341.
9339.
9338.
9336.
9336.
9336.
9337.
9337.
9337.
9338.
9338.
9339.
9341.
9342.
9343.
9344.
9344.
9346.
9346.
9347.
9347.
9349.
9348.
9348.
9349.
9350.
9350.
9350.
9350.
9351.
9351.
9352.
9352.
9353.
9351.
9352.
9352.
9351.
9352.
9351.
9350.
9350.
9350.
9349.
9348.
9348.
9347.
9347.
9346.
9344.
9343.
9343.
9343.
9341.
9340.
9339.
9337.
9335.
9335.
9334.
9332.
9331.
9328.
9327.
9325.
9324.
9321.
9319.
9317.
9316.
9314.
9312.
9310.
9309.
9307.
9304.
9302.
9300.
9298.
9295.
9292.
9290.
9289.
9286.
9284.
9282.
9281.
9278.
9274.
9273.
9270.
9268.
9266.
9264.
9262.
9259.
9257.
9256.
9253.
9251.
9247.
9246.
9244.
9241.
9239.
9237.
9234.
9232.
9230.
9228.
9224.
9223.
9221.
9218.
9215.
9213.
9212.
9208.
9206.
9204.
9202.
9201.
9198.
9197.
9194.
9192.
9190.
9188.
9187.
9185.
9182.
9181.
9178.
9177.
9176.
9174.
9172.
9171.
9169.
9167.
9166.
9164.
9164.
9163.
9162.
9159.
9159.
9159.
9158.
9157.
9156.
9155.
9155.
9154.
9154.
9154.
9154.
9154.
9153.
9151.
9146.
9138.
9125.
9109.
9091.
9069.
9050.
9031.
9013.
8996.
8976.
8961.
8944.
8930.
8917.
8908.
8901.
8896.
8892.
8888.
8886.
8882.
8877.
8873.
8869.
8865.
8860.
8856.
8851.
8848.
8843.
8838.
8834.
8829.
8823.
8818.
8813.
8809.
8804.
8798.
8794.
8788.
8783.
8779.
8773.
8768.
8763.
8758.
8752.
8747.
8740.
8736.
8731.
8726.
8721.
8715.
8709.
8704.
8699.
8693.
8688.
8682.
8676.
8671.
8665.
8660.
8655.
8649.
8643.
8639.
8634.
8628.
8622.
8617.
8612.
8606.
8602.
8596.
8589.
8584.
8580.
8575.
8571.
8566.
8560.
8554.
8549.
8544.
8540.
8534.
8528.
8524.
8519.
8515.
8510.
8505.
8499.
8495.
8490.
8486.
8481.
8477.
8472.
8468.
8462.
8459.
8453.
8448.
8445.
8441.
8437.
8432.
8429.
8424.
8421.
8417.
8413.
8410.
8406.
8403.
8399.
8396.
8392.
8389.
8385.
8382.
8379.
8377.
8374.
8371.
8369.
8366.
8364.
8360.
8358.
8356.
8354.
8352.
8350.
8349.
8347.
8345.
8344.
8344.
8342.
8340.
8339.
8337.
8333.
8325.
8315.
8300.
8281.
8261.
8241.
8220.
8198.
8179.
8159.
8140.
8121.
8103.
8086.
8073.
8061.
8053.
8046.
8040.
8035.
8029.
8024.
8019.
8015.
8009.
8004.
7998.
7994.
7989.
7983.
7977.
7972.
7966.
7961.
7955.
7950.
7943.
7938.
7932.
7925.
7920.
7913.
7908.
7901.
7896.
7889.
7882.
7877.
7870.
7864.
7857.
7850.
7843.
7836.
7830.
7823.
7817.
7809.
7802.
7794.
7788.
7780.
7773.
7766.
7760.
7752.
7746.
7739.
7731.
7725.
7717.
7710.
7703.
7696.
7689.
7682.
7675.
7668.
7661.
7655.
7647.
7641.
7634.
7627.
7621.
7614.
7607.
7601.
7594.
7588.
7581.
7574.
7567.
7561.
7555.
7549.
7542.
7535.
7528.
7523.
7516.
7510.
7505.
7498.
7491.
7486.
7480.
7475.
7469.
7461.
7456.
7450.
7443.
7438.
7432.
7427.
7420.
7415.
7410.
7403.
7398.
7392.
7386.
7381.
7376.
7370.
7364.
7358.
7353.
7347.
7341.
7337.
7331.
7325.
7319.
7314.
7309.
7303.
7298.
7293.
7288.
7281.
7277.
7271.
7266.
7260.
7255.
7250.
7245.
7239.
7234.
7231.
7225.
7221.
7216.
7210.
7206.
7201.
7195.
7192.
7187.
7181.
7176.
7171.
7166.
7162.
7156.
7151.
7147.
7141.
7138.
7133.
7129.
7124.
7120.
7117.
7112.
7107.
7103.
7100.
7095.
7091.
7088.
7085.
7080.
7076.
7073.
7070.
7066.
7063.
7059.
7057.
7054.
7050.
7045.
7041.
7036.
7030.
7026.
7020.
7016.
7011.
7006.
7001.
6996.
6991.
6987.
6981.
6977.
6972.
6970.
6966.
6963.
6960.
6956.
6955.
6951.
6949.
6946.
6943.
6941.
6938.
6935.
6933.
6931.
6930.
6926.
6924.
6921.
6919.
6918.
6915.
6914.
6911.
6909.
6907.
6905.
6904.
6902.
6902.
6900.
6897.
6896.
6895.
6893.
6892.
6891.
6891.
6890.
6888.
6888.
6886.
6887.
6886.
6886.
6886.
6886.
6886.
6886.
6887.
6886.
6886.
6883.
6878.
6870.
6860.
6848.
6835.
6823.
6810.
6797.
6787.
6775.
6767.
6760.
6753.
6749.
6743.
6739.
6736.
6729.
6725.
6720.
6715.
6710.
6705.
6700.
6696.
6691.
6685.
6680.
6675.
6670.
6663.
6658.
6654.
6647.
6641.
6636.
6629.
6624.
6620.
6613.
6609.
6602.
6596.
6590.
6585.
6579.
6573.
6567.
6562.
6557.
6552.
6546.
6539.
6535.
6530.
6524.
6519.
6515.
6511.
6505.
6501.
6497.
6493.
6490.
6487.
6483.
6479.
6477.
6474.
6471.
6467.
6464.
6462.
6460.
6458.
6458.
6455.
6454.
6452.
6452.
6451.
6450.
6450.
6449.
6449.
6449.
6448.
6449.
6449.
6450.
6451.
6452.
6452.
6453.
6455.
6456.
6457.
6459.
6460.
6461.
6463.
6465.
6467.
6470.
6472.
6473.
6476.
6479.
6481.
6483.
6485.
6488.
6491.
6493.
6496.
6499.
6501.
6502.
6501.
6498.
6492.
6484.
6473.
6462.
6451.
6441.
6429.
6419.
6408.
6398.
6389.
6382.
6375.
6370.
6364.
6361.
6357.
6352.
6348.
6344.
6340.
6335.
6332.
6325.
6321.
6316.
6312.
6308.
6302.
6298.
6293.
6289.
6283.
6279.
6273.
6268.
6263.
6258.
6252.
6248.
6243.
6237.
6232.
6226.
6221.
6217.
6212.
6207.
6202.
6197.
6192.
6187.
6184.
6180.
6175.
6172.
6168.
6163.
6161.
6157.
6156.
6154.
6149.
6148.
6147.
6144.
6142.
6141.
6139.
6139.
6137.
6137.
6137.
6137.
6137.
6136.
6138.
6139.
6139.
6140.
6141.
6143.
6144.
6146.
6146.
6148.
6150.
6152.
6155.
6156.
6158.
6160.
6163.
6166.
6168.
6171.
6173.
6176.
6178.
6180.
6177.
6173.
6165.
6155.
6143.
6131.
6119.
6104.
6089.
6074.
6057.
6041.
6024.
6007.
5990.
5974.
5958.
5943.
5930.
5918.
5909.
5901.
5892.
5884.
5876.
5869.
5862.
5855.
5846.
5841.
5834.
5827.
5820.
5813.
5807.
5799.
5793.
5787.
5781.
5774.
5768.
5763.
5756.
5751.
5745.
5740.
5735.
5732.
5727.
5724.
5720.
5718.
5715.
5712.
5710.
5708.
5707.
5707.
5706.
5707.
5706.
5707.
5708.
5709.
5711.
5712.
5715.
5716.
5719.
5722.
5725.
5727.
5730.
5735.
5736.
5739.
5744.
5747.
5750.
5753.
5759.
5763.
5767.
5770.
5775.
5780.
5784.
5788.
5793.
5798.
5802.
5807.
5812.
5816.
5819.
5821.
5820.
5814.
5805.
5796.
5784.
5773.
5760.
5745.
5729.
5711.
5693.
5675.
5658.
5637.
5621.
5603.
5584.
5569.
5552.
5536.
5520.
5505.
5490.
5476.
5463.
5449.
5437.
5425.
5415.
5403.
5392.
5383.
5375.
5365.
5357.
5350.
5342.
5334.
5327.
5319.
5313.
5307.
5303.
5298.
5294.
5292.
5289.
5286.
5285.
5284.
5283.
5283.
5284.
5284.
5284.
5286.
5288.
5290.
5293.
5295.
5298.
5302.
5305.
5308.
5313.
5319.
5322.
5328.
5333.
5339.
5344.
5349.
5354.
5360.
5366.
5373.
5379.
5385.
5390.
5397.
5404.
5409.
5416.
5422.
5428.
5434.
5441.
5447.
5454.
5460.
5467.
5473.
5480.
5487.
5494.
5501.
5507.
5514.
5521.
5528.
5534.
5542.
5548.
5554.
5561.
5567.
5574.
5579.
5582.
5581.
5578.
5570.
5564.
5556.
5544.
5533.
5521.
5506.
5491.
5475.
5459.
5441.
5424.
5407.
5392.
5375.
5361.
5350.
5340.
5332.
5327.
5321.
5316.
5313.
5309.
5307.
5303.
5300.
5298.
5294.
5291.
5288.
5285.
5281.
5279.
5277.
5275.
5274.
5272.
5271.
5271.
5270.
5268.
5267.
5268.
5266.
5265.
5263.
5261.
5256.
5251.
5247.
5241.
5235.
5229.
5222.
5215.
5208.
5203.
5195.
5189.
5182.
5177.
5172.
5167.
5162.
5158.
5155.
5154.
5150.
5148.
5146.
5144.
5142.
5141.
5139.
5138.
5137.
5137.
5137.
5137.
5137.
5139.
5140.
5142.
5145.
5147.
5151.
5154.
5156.
5161.
5165.
5168.
5174.
5177.
5182.
5187.
5192.
5197.
5203.
5208.
5211.
5217.
5224.
5230.
5234.
5241.
5246.
5252.
5258.
5264.
5270.
5277.
5282.
5289.
5295.
5301.
5307.
5314.
5319.
5326.
5332.
5338.
5344.
5350.
5357.
5362.
5369.
5375.
5381.
5388.
5394.
5400.
5405.
5412.
5419.
5425.
5431.
5438.
5444.
5451.
5457.
5464.
5470.
5475.
5482.
5490.
5495.
5501.
5506.
5510.
5515.
5516.
5517.
5515.
5512.
5508.
5503.
5500.
5496.
5490.
5488.
5485.
5484.
5483.
5483.
5484.
5483.
5485.
5486.
5487.
5486.
5487.
5486.
5488.
5487.
5486.
5485.
5485.
5485.
5484.
5484.
5484.
5483.
5482.
5481.
5481.
5481.
5480.
5478.
5478.
5478.
5476.
5476.
5475.
5474.
5473.
5473.
5473.
5474.
5473.
5475.
5475.
5475.
5475.
5477.
5476.
5477.
5478.
5479.
5479.
5479.
5479.
5481.
5483.
5483.
5484.
5486.
5488.
5488.
5490.
5491.
5494.
5496.
5499.
5503.
5507.
5514.
5521.
5530.
5540.
5550.
5561.
5572.
5580.
5589.
5596.
5601.
5606.
5611.
5615.
5616.
5621.
5624.
5627.
5631.
5633.
5637.
5640.
5642.
5645.
5648.
5651.
5654.
5658.
5661.
5666.
5668.
5673.
5676.
5679.
5683.
5686.
5691.
5696.
5700.
5704.
5707.
5711.
5715.
5720.
5725.
5728.
5733.
5736.
5741.
5746.
5750.
5754.
5760.
5765.
5770.
5773.
5779.
5784.
5789.
5794.
5798.
5804.
5809.
5813.
5819.
5824.
5829.
5834.
5839.
5845.
5851.
5855.
5860.
5866.
5871.
5879.
5884.
5889.
5895.
5901.
5907.
5913.
5918.
5926.
5931.
5937.
5944.
5949.
5957.
5963.
5970.
5977.
5984.
5992.
5998.
6005.
6012.
6019.
6027.
6032.
6041.
6049.
6058.
6065.
6072.
6079.
6088.
6096.
6103.
6111.
6120.
6130.
6137.
6145.
6153.
6162.
6170.
6178.
6187.
6196.
6204.
6212.
6221.
6229.
6238.
6246.
6255.
6264.
6273.
6281.
6291.
6300.
6309.
6318.
6327.
6336.
6345.
6353.
6363.
6372.
6380.
6390.
6399.
6407.
6415.
6425.
6432.
6442.
6451.
6459.
6468.
6477.
6485.
6494.
6501.
6509.
6518.
6524.
6532.
6541.
6548.
6556.
6561.
6568.
6576.
6583.
6590.
6596.
6602.
6610.
6616.
6622.
6627.
6634.
6640.
6646.
6651.
6654.
6661.
6667.
6671.
6676.
6681.
6686.
6690.
6694.
6699.
6703.
6708.
6711.
6716.
6720.
6723.
6727.
6730.
6733.
6737.
6740.
6744.
6747.
6750.
6752.
6755.
6758.
6760.
6762.
6764.
6766.
6767.
6769.
6772.
6773.
6774.
6774.
6776.
6777.
6779.
6780.
6780.
6782.
6782.
6783.
6783.
6784.
6783.
6784.
6783.
6784.
6783.
6785.
6783.
6782.
6782.
6782.
6781.
6781.
6781.
6780.
6779.
6778.
6778.
6775.
6774.
6773.
6773.
6771.
6770.
6769.
6771.
6775.
6781.
6792.
6803.
6816.
6829.
6843.
6855.
6866.
6876.
6884.
6891.
6898.
6902.
6904.
6906.
6907.
6909.
6910.
6912.
6912.
6913.
6915.
6916.
6919.
6920.
6922.
6923.
6925.
6927.
6929.
6932.
6936.
6941.
6946.
6955.
6966.
6977.
6990.
7003.
7017.
7031.
7045.
7059.
7071.
7081.
7090.
7098.
7107.
7115.
7121.
7128.
7137.
7144.
7150.
7158.
7166.
7173.
7181.
7190.
7198.
7205.
7213.
7221.
7229.
7237.
7245.
7253.
7261.
7270.
7277.
7286.
7293.
7302.
7311.
7319.
7328.
7337.
7346.
7354.
7362.
7371.
7380.
7389.
7397.
7406.
7415.
7424.
7433.
7443.
7453.
7462.
7470.
7481.
7491.
7500.
7510.
7520.
7528.
7537.
7546.
7554.
7562.
7569.
7577.
7584.
7590.
7598.
7605.
7611.
7617.
7622.
7628.
7634.
7639.
7644.
7649.
7655.
7659.
7663.
7667.
7670.
7674.
7676.
7680.
7681.
7684.
7687.
7690.
7692.
7696.
7699.
7703.
7705.
7708.
7712.
7713.
7716.
7720.
7722.
7725.
7728.
7732.
7736.
7739.
7743.
7745.
7749.
7751.
7755.
7758.
7761.
7763.
7768.
7771.
7774.
7777.
7780.
7784.
7786.
7788.
7791.
7793.
7796.
7799.
7801.
7804.
7806.
7807.
7808.
7810.
7812.
7813.
7814.
7816.
7818.
7821.
7822.
7822.
7823.
7826.
7828.
7827.
7830.
7829.
7830.
7831.
7833.
7833.
7834.
7834.
7835.
7836.
7837.
7839.
7840.
7842.
7842.
7842.
7844.
7843.
7843.
7843.
7845.
7846.
7847.
7847.
7849.
7850.
7851.
7851.
7852.
7852.
7853.
7854.
7856.
7856.
7857.
7858.
7857.
7858.
7860.
7861.
7865.
7869.
7874.
7882.
7890.
7900.
7909.
7918.
7926.
7935.
7942.
7950.
7958.
7965.
7968.
7976.
7980.
7984.
7989.
7994.
7999.
8005.
8009.
8014.
8017.
8021.
8025.
8029.
8034.
8038.
8044.
8049.
8053.
8059.
8066.
8070.
8077.
8081.
8086.
8091.
8097.
8102.
8106.
8112.
8118.
8125.
8131.
8137.
8144.
8151.
8157.
8164.
8171.
8177.
8183.
8191.
8197.
8205.
8211.
8217.
8224.
8231.
8238.
8244.
8250.
8257.
8264.
8270.
8278.
8283.
8289.
8296.
8302.
8308.
8315.
8320.
8326.
8330.
8335.
8341.
8345.
8350.
8353.
8358.
8362.
8365.
8368.
8371.
8375.
8377.
8381.
8383.
8385.
8386.
8389.
8391.