8338.
8338.
8337.
8336.
8337.
8335.
8336.
8337.
8336.
8335.
8335.
8336.
8336.
8335.
8335.
8335.
8335.
8334.
8334.
8333.
8332.
8332.
8333.
8332.
8332.
8331.
8331.
8331.
8332.
8330.
8329.
8329.
8330.
8330.
8329.
8329.
8328.
8327.
8327.
8327.
8327.
8326.
8326.
8326.
8327.
8325.
8325.
8326.
8325.
8324.
8325.
8325.
8324.
8323.
8323.
8323.
8323.
8322.
8321.
8322.
8322.
8321.
8321.
8323.
8322.
8321.
8321.
8322.
8320.
8320.
8321.
8321.
8320.
8321.
8320.
8321.
8320.
8320.
8320.
8321.
8322.
8321.
8321.
8321.
8321.
8321.
8320.
8321.
8321.
8320.
8321.
8320.
8321.
8321.
8319.
8321.
8321.
8320.
8320.
8320.
8320.
8319.
8320.
8320.
8321.
8321.
8320.
8319.
8320.
8319.
8318.
8320.
8319.
8318.
8318.
8319.
8320.
8319.
8319.
8318.
8319.
8318.
8319.
8320.
8320.
8319.
8319.
8319.
8320.
8320.
8320.
8320.
8320.
8320.
8320.
8319.
8320.
8321.
8321.
8321.
8321.
8322.
8321.
8320.
8321.
8321.
8321.
8322.
8324.
8324.
8322.
8323.
8323.
8324.
8323.
8325.
8324.
8326.
8325.
8327.
8326.
8327.
8326.
8326.
8328.
8327.
8328.
8328.
8327.
8328.
8328.
8328.
8329.
8329.
8328.
8330.
8330.
8329.
8330.
8332.
8332.
8332.
8332.
8333.
8333.
8333.
8333.
8334.
8334.
8335.
8334.
8336.
8336.
8336.
8335.
8336.
8337.
8337.
8337.
8337.
8338.
8337.
8338.
8339.
8339.
8339.
8339.
8339.
8340.
8341.
8339.
8340.
8340.
8340.
8341.
8341.
8341.
8340.
8340.
8341.
8342.
8341.
8341.
8342.
8342.
8342.
8342.
8342.
8343.
8342.
8342.
8342.
8342.
8342.
8342.
8343.
8343.
8342.
8341.
8341.
8342.
8341.
8341.
8341.
8342.
8341.
8340.
8340.
8340.
8339.
8338.
8339.
8339.
8339.
8338.
8337.
8339.
8338.
8337.
8337.
8337.
8337.
8335.
8335.
8334.
8334.
8334.
8334.
8334.
8332.
8332.
8333.
8332.
8332.
8333.
8333.
8330.
8331.
8331.
8332.
8331.
8331.
8328.
8330.
8329.
8329.
8327.
8329.
8328.
8328.
8329.
8328.
8327.
8326.
8325.
8327.
8327.
8326.
8326.
8326.
8326.
8325.
8326.
8325.
8325.
8323.
8325.
8324.
8324.
8324.
8324.
8323.
8324.
8322.
8323.
8324.
8324.
8325.
8324.
8326.
8327.
8328.
8329.
8332.
8334.
8335.
8338.
8340.
8344.
8348.
8350.
8355.
8360.
8363.
8368.
8373.
8379.
8382.
8387.
8395.
8400.
8408.
8414.
8421.
8428.
8434.
8441.
8449.
8456.
8465.
8472.
8481.
8489.
8498.
8506.
8514.
8523.
8533.
8541.
8549.
8560.
8569.
8580.
8591.
8600.
8612.
8619.
8630.
8643.
8654.
8664.
8676.
8692.
8702.
8712.
8726.
8741.
8754.
8764.
8775.
8792.
8803.
8814.
8828.
8842.
8855.
8865.
8880.
8894.
8905.
8918.
8928.
8944.
8956.
8967.
8978.
8992.
9004.
9015.
9025.
9040.
9050.
9061.
9073.
9083.
9093.
9103.
9112.
9122.
9131.
9137.
9145.
9157.
9165.
9172.
9180.
9187.
9194.
9200.
9205.
9210.
9215.
9219.
9224.
9227.
9230.
9231.
9234.
9235.
9236.
9236.
9238.
9237.
9237.
9235.
9232.
9231.
9230.
9227.
9225.
9222.
9218.
9214.
9211.
9207.
9200.
9196.
9190.
9185.
9178.
9172.
9166.
9159.
9150.
9143.
9135.
9126.
9116.
9108.
9098.
9090.
9078.
9068.
9057.
9046.
9034.
9022.
9010.
8996.
8982.
8969.
8956.
8942.
8928.
8912.
8897.
8882.
8866.
8849.
8832.
8817.
8799.
8781.
8764.
8746.
8729.
8711.
8694.
8673.
8654.
8635.
8615.
8596.
8577.
8557.
8536.
8515.
8495.
8474.
8453.
8432.
8412.
8391.
8367.
8347.
8326.
8303.
8282.
8258.
8236.
8214.
8192.
8169.
8144.
8120.
8096.
8075.
8049.
8025.
8001.
7977.
7952.
7927.
7903.
7878.
7853.
7829.
7804.
7779.
7754.
7730.
7706.
7681.
7657.
7634.
7610.
7585.
7563.
7539.
7516.
7495.
7473.
7451.
7431.
7412.
7390.
7370.
7351.
7333.
7316.
7299.
7282.
7266.
7253.
7238.
7225.
7214.
7203.
7193.
7183.
7176.
7169.
7162.
7157.
7151.
7148.
7146.
7143.
7143.
7143.
7144.
7145.
7146.
7149.
7152.
7156.
7161.
7166.
7172.
7177.
7184.
7193.
7201.
7209.
7218.
7229.
7238.
7251.
7263.
7275.
7285.
7301.
7319.
7331.
7345.
7362.
7378.
7396.
7414.
7434.
7452.
7472.
7492.
7512.
7533.
7554.
7576.
7600.
7622.
7643.
7667.
7691.
7714.
7738.
7763.
7787.
7811.
7836.
7861.
7886.
7912.
7939.
7965.
7991.
8017.
8044.
8071.
8098.
8125.
8151.
8178.
8205.
8232.
8260.
8287.
8312.
8338.
8364.
8389.
8416.
8440.
8466.
8491.
8514.
8538.
8563.
8587.
8611.
8635.
8657.
8679.
8699.
8721.
8744.
8765.
8786.
8804.
8825.
8844.
8862.
8881.
8900.
8918.
8935.
8952.
8968.
8983.
8999.
9015.
9030.
9044.
9055.
9068.
9080.
9091.
9100.
9109.
9120.
9128.
9136.
9142.
9148.
9153.
9160.
9163.
9168.
9170.
9172.
9174.
9175.
9174.
9174.
9174.
9173.
9171.
9169.
9166.
9160.
9156.
9151.
9145.
9139.
9133.
9127.
9119.
9110.
9101.
9091.
9082.
9073.
9061.
9052.
9040.
9028.
9015.
9001.
8987.
8973.
8959.
8944.
8929.
8913.
8896.
8880.
8863.
8844.
8827.
8807.
8789.
8769.
8750.
8729.
8709.
8687.
8665.
8643.
8623.
8600.
8577.
8554.
8530.
8507.
8482.
8458.
8434.
8408.
8383.
8358.
8333.
8307.
8281.
8256.
8229.
8201.
8175.
8147.
8122.
8094.
8067.
8040.
8013.
7985.
7958.
7930.
7903.
7876.
7849.
7823.
7798.
7773.
7747.
7722.
7698.
7674.
7651.
7629.
7608.
7586.
7566.
7548.
7529.
7510.
7493.
7478.
7462.
7447.
7433.
7421.
7409.
7396.
7385.
7375.
7366.
7358.
7351.
7346.
7340.
7335.
7333.
7330.
7329.
7328.
7327.
7328.
7330.
7333.
7336.
7339.
7343.
7348.
7352.
7360.
7366.
7372.
7381.
7389.
7398.
7407.
7415.
7426.
7440.
7448.
7462.
7473.
7491.
7505.
7518.
7534.
7552.
7564.
7582.
7598.
7616.
7633.
7652.
7671.
7690.
7709.
7729.
7749.
7769.
7790.
7811.
7832.
7853.
7876.
7899.
7919.
7942.
7967.
7990.
8012.
8036.
8060.
8083.
8107.
8131.
8155.
8182.
8205.
8230.
8256.
8280.
8305.
8329.
8356.
8379.
8404.
8428.
8453.
8478.
8502.
8525.
8549.
8573.
8597.
8620.
8643.
8667.
8690.
8712.
8734.
8757.
8778.
8798.
8820.
8840.
8860.
8879.
8898.
8917.
8934.
8952.
8969.
8984.
8998.
9016.
9029.
9042.
9052.
9067.
9077.
9087.
9097.
9105.
9113.
9121.
9128.
9133.
9139.
9142.
9148.
9152.
9154.
9156.
9157.
9157.
9157.
9155.
9155.
9152.
9148.
9144.
9142.
9136.
9131.
9125.
9118.
9112.
9104.
9094.
9086.
9076.
9066.
9055.
9045.
9032.
9020.
9008.
8994.
8979.
8964.
8948.
8933.
8917.
8900.
8883.
8865.
8847.
8828.
8808.
8790.
8770.
8749.
8729.
8708.
8686.
8663.
8642.
8619.
8595.
8572.
8548.
8525.
8501.
8477.
8451.
8426.
8401.
8374.
8348.
8323.
8296.
8269.
8241.
8215.
8188.
8161.
8133.
8104.
8076.
8050.
8021.
7992.
7962.
7934.
7904.
7875.
7846.
7815.
7783.
7752.
7722.
7689.
7658.
7627.
7596.
7563.
7530.
7499.
7467.
7437.
7406.
7376.
7344.
7314.
7286.
7257.
7231.
7204.
7176.
7151.
7127.
7103.
7081.
7059.
7041.
7022.
7002.
6986.
6970.
6957.
6943.
6932.
6922.
6911.
6903.
6896.
6889.
6883.
6879.
6876.
6874.
6872.
6871.
6870.
6871.
6873.
6874.
6876.
6880.
6886.
6891.
6898.
6903.
6911.
6917.
6926.
6936.
6945.
6955.
6966.
6978.
6988.
7001.
7017.
7031.
7043.
7059.
7075.
7091.
7108.
7125.
7143.
7162.
7180.
7199.
7219.
7240.
7260.
7281.
7303.
7325.
7348.
7369.
7391.
7414.
7439.
7463.
7485.
7510.
7534.
7560.
7586.
7610.
7635.
7660.
7686.
7711.
7737.
7763.
7791.
7818.
7844.
7869.
7895.
7922.
7947.
7976.
8002.
8028.
8055.
8081.
8108.
8134.
8161.
8187.
8211.
8237.
8263.
8289.
8313.
8337.
8363.
8386.
8410.
8433.
8457.
8480.
8502.
8523.
8545.
8567.
8586.
8607.
8625.
8644.
8661.
8680.
8697.
8712.
8728.
8743.
8758.
8772.
8781.
8796.
8806.
8815.
8826.
8834.
8841.
8848.
8854.
8859.
8864.
8866.
8869.
8872.
8872.
8871.
8871.
8870.
8867.
8864.
8861.
8856.
8849.
8845.
8837.
8831.
8823.
8814.
8804.
8794.
8785.
8774.
8763.
8751.
8736.
8723.
8711.
8696.
8681.
8665.
8651.
8635.
8617.
8599.
8582.
8564.
8545.
8527.
8506.
8486.
8466.
8446.
8424.
8402.
8380.
8357.
8334.
8312.
8287.
8262.
8240.
8215.
8190.
8165.
8138.
8113.
8088.
8062.
8035.
8008.
7980.
7954.
7927.
7899.
7872.
7844.
7816.
7787.
7760.
7733.
7706.
7679.
7654.
7628.
7603.
7579.
7556.
7535.
7512.
7492.
7473.
7453.
7436.
7418.
7401.
7385.
7370.
7356.
7341.
7328.
7315.
7303.
7292.
7281.
7270.
7262.
7253.
7245.
7238.
7234.
7229.
7225.
7221.
7219.
7219.
7218.
7219.
7220.
7223.
7227.
7232.
7237.
7243.
7249.
7256.
7265.
7273.
7282.
7292.
7302.
7312.
7323.
7337.
7352.
7363.
7376.
7387.
7404.
7419.
7436.
7451.
7467.
7484.
7501.
7520.
7538.
7556.
7576.
7594.
7614.
7635.
7655.
7675.
7696.
7717.
7738.
7759.
7781.
7805.
7827.
7849.
7871.
7895.
7919.
7942.
7966.
7989.
8013.
8036.
8062.
8085.
8110.
8133.
8157.
8180.
8206.
8230.
8255.
8278.
8301.
8326.
8350.
8373.
8398.
8419.
8443.
8466.
8489.
8512.
8533.
8555.
8578.
8599.
8620.
8640.
8660.
8679.
8697.
8716.
8735.
8752.
8768.
8784.
8800.
8815.
8828.
8844.
8854.
8868.
8881.
8892.
8901.
8911.
8921.
8929.
8936.
8943.
8948.
8954.
8958.
8963.
8965.
8967.
8969.
8970.
8970.
8969.
8969.
8965.
8965.
8962.
8956.
8951.
8947.
8940.
8935.
8928.
8919.
8911.
8902.
8893.
8883.
8873.
8862.
8851.
8839.
8826.
8812.
8800.
8787.
8772.
8757.
8741.
8725.
8707.
8692.
8674.
8657.
8638.
8620.
8602.
8583.
8562.
8543.
8524.
8503.
8484.
8461.
8439.
8418.
8396.
8373.
8350.
8328.
8305.
8281.
8258.
8234.
8210.
8183.
8159.
8134.
8108.
8083.
8057.
8033.
8006.
7980.
7953.
7928.
7900.
7873.
7847.
7820.
7792.
7765.
7738.
7711.
7685.
7657.
7630.
7604.
7578.
7553.
7528.
7503.
7480.
7457.
7433.
7412.
7391.
7372.
7352.
7332.
7313.
7295.
7280.
7264.
7248.
7232.
7217.
7203.
7190.
7176.
7164.
7152.
7140.
7129.
7118.
7109.
7099.
7090.
7083.
7076.
7070.
7064.
7059.
7055.
7052.
7049.
7047.
7046.
7046.
7047.
7048.
7052.
7054.
7057.
7063.
7069.
7076.
7083.
7091.
7099.
7108.
7116.
7127.
7141.
7149.
7161.
7174.
7189.
7202.
7218.
7234.
7249.
7265.
7283.
7301.
7318.
7336.
7356.
7376.
7394.
7415.
7436.
7458.
7477.
7500.
7524.
7546.
7568.
7591.
7617.
7641.
7666.
7690.
7713.
7739.
7765.
7791.
7817.
7842.
7868.
7894.
7921.
7947.
7972.
7999.
8026.
8051.
8078.
8104.
8131.
8156.
8182.
8208.
8233.
8259.
8282.
8308.
8334.
8357.
8381.
8404.
8428.
8452.
8474.
8497.
8519.
8541.
8563.
8584.
8605.
8626.
8647.
8666.
8687.
8704.
8723.
8742.
8760.
8775.
8793.
8811.
8823.
8838.
8854.
8866.
8878.
8887.
8900.
8911.
8921.
8930.
8938.
8946.
8952.
8959.
8963.
8968.
8973.
8976.
8979.
8980.
8982.
8983.
8982.
8982.
8980.
8979.
8975.
8972.
8968.
8962.
8959.
8953.
8946.
8938.
8931.
8924.
8915.
8907.
8898.
8887.
8877.
8866.
8855.
8841.
8830.
8818.
8805.
8790.
8775.
8762.
8748.
8731.
8715.
8700.
8683.
8665.
8648.
8631.
8613.
8594.
8575.
8556.
8536.
8518.
8497.
8477.
8456.
8436.
8414.
8392.
8371.
8348.
8324.
8304.
8280.
8256.
8232.
8209.
8185.
8160.
8136.
8113.
8087.
8063.
8038.
8011.
7985.
7960.
7934.
7909.
7882.
7855.
7829.
7804.
7778.
7753.
7727.
7703.
7678.
7654.
7630.
7607.
7583.
7560.
7538.
7515.
7493.
7474.
7453.
7433.
7412.
7392.
7375.
7356.
7339.
7321.
7306.
7289.
7273.
7259.
7246.
7233.
7221.
7209.
7197.
7186.
7177.
7168.
7160.
7151.
7146.
7139.
7133.
7131.
7128.
7125.
7123.
7123.
7124.
7124.
7126.
7128.
7132.
7135.
7140.
7144.
7150.
7156.
7163.
7170.
7178.
7186.
7195.
7205.
7215.
7227.
7236.
7247.
7260.
7274.
7283.
7298.
7312.
7323.
7338.
7354.
7371.
7383.
7399.
7415.
7431.
7449.
7466.
7482.
7500.
7519.
7537.
7555.
7574.
7593.
7613.
7632.
7652.
7673.
7693.
7713.
7734.
7755.
7777.
7797.
7820.
7842.
7863.
7885.
7907.
7929.
7953.
7974.
7995.
8018.
8041.
8063.
8085.
8107.
8129.
8149.
8170.
8192.
8212.
8231.
8252.
8272.
8291.
8310.
8330.
8349.
8368.
8385.
8403.
8421.
8439.
8453.
8471.
8488.
8500.
8515.
8530.
8543.
8552.
8566.
8578.
8588.
8598.
8608.
8616.
8624.
8631.
8638.
8643.
8647.
8652.
8656.
8659.
8662.
8663.
8664.
8664.
8664.
8661.
8661.
8657.
8652.
8648.
8644.
8640.
8633.
8627.
8620.
8612.
8604.
8594.
8587.
8577.
8567.
8555.
8544.
8531.
8519.
8505.
8491.
8478.
8465.
8449.
8434.
8416.
8400.
8383.
8365.
8348.
8329.
8311.
8289.
8270.
8249.
8229.
8207.
8185.
8163.
8139.
8116.
8094.
8071.
8047.
8021.
7996.
7971.
7946.
7920.
7894.
7868.
7842.
7815.
7789.
7761.
7734.
7706.
7679.
7651.
7624.
7597.
7572.
7547.
7523.
7498.
7474.
7450.
7428.
7406.
7385.
7365.
7344.
7326.
7306.
7289.
7271.
7254.
7240.
7225.
7210.
7196.
7183.
7170.
7161.
7149.
7139.
7130.
7122.
7114.
7108.
7102.
7097.
7095.
7092.
7087.
7087.
7086.
7088.
7089.
7090.
7094.
7098.
7101.
7106.
7113.
7120.
7127.
7134.
7142.
7152.
7159.
7169.
7179.
7195.
7205.
7214.
7229.
7245.
7256.
7269.
7284.
7300.
7315.
7330.
7347.
7365.
7382.
7399.
7416.
7434.
7453.
7471.
7489.
7509.
7528.
7549.
7570.
7590.
7610.
7633.
7653.
7674.
7695.
7717.
7740.
7762.
7786.
7808.
7830.
7851.
7875.
7900.
7923.
7947.
7971.
7996.
8019.
8043.
8067.
8092.
8116.
8140.
8164.
8189.
8213.
8238.
8263.
8287.
8311.
8333.
8359.
8382.
8406.
8430.
8454.
8478.
8500.
8523.
8547.
8568.
8591.
8613.
8637.
8657.
8679.
8701.
8721.
8743.
8760.
8779.
8799.
8818.
8837.
8854.
8871.
8889.
8905.
8923.
8937.
8950.
8964.
8979.
8992.
9002.
9012.
9025.
9036.
9045.
9054.
9063.
9070.
9077.
9084.
9090.
9096.
9100.
9104.
9107.
9108.
9110.
9113.
9114.
9113.
9111.
9110.
9108.
9105.
9102.
9097.
9092.
9086.
9079.
9073.
9066.
9058.
9048.
9040.
9030.
9022.
9010.
8998.
8987.
8975.
8963.
8948.
8936.
8922.
8907.
8893.
8877.
8861.
8846.
8827.
8812.
8794.
8775.
8759.
8740.
8721.
8701.
8682.
8663.
8643.
8622.
8602.
8580.
8559.
8536.
8515.
8492.
8469.
8444.
8421.
8398.
8374.
8349.
8323.
8299.
8274.
8248.
8223.
8197.
8171.
8145.
8119.
8093.
8067.
8042.
8016.
7990.
7964.
7938.
7913.
7889.
7865.
7841.
7817.
7794.
7771.
7750.
7729.
7709.
7690.
7674.
7657.
7643.
7628.
7615.
7604.
7594.
7585.
7577.
7569.
7566.
7560.
7556.
7555.
7554.
7554.
7555.
7556.
7560.
7562.
7566.
7571.
7577.
7583.
7588.
7597.
7605.
7613.
7623.
7632.
7642.
7652.
7663.
7675.
7687.
7701.
7710.
7725.
7740.
7754.
7768.
7782.
7798.
7814.
7829.
7847.
7863.
7881.
7899.
7916.
7934.
7952.
7971.
7988.
8005.
8026.
8045.
8063.
8083.
8101.
8119.
8138.
8157.
8177.
8197.
8215.
8235.
8254.
8272.
8291.
8309.
8329.
8349.
8366.
8383.
8402.
8422.
8439.
8456.
8474.
8493.
8511.
8528.
8546.
8563.
8580.
8597.
8614.
8630.
8646.
8662.
8678.
8691.
8706.
8723.
8735.
8747.
8760.
8776.
8788.
8798.
8808.
8820.
8829.
8839.
8848.
8857.
8866.
8872.
8879.
8886.
8891.
8897.
8902.
8906.
8910.
8912.
8914.
8916.
8916.
8917.
8917.
8918.
8917.
8914.
8912.
8911.
8907.
8904.
8901.
8896.
8890.
8885.
8878.
8873.
8866.
8858.
8850.
8844.
8834.
8825.
8815.
8806.
8795.
8784.
8773.
8761.
8749.
8737.
8724.
8711.
8698.
8683.
8669.
8655.
8639.
8624.
8608.
8592.
8576.
8559.
8542.
8524.
8507.
8489.
8472.
8453.
8433.
8414.
8396.
8376.
8355.
8336.
8314.
8294.
8273.
8252.
8230.
8207.
8185.
8164.
8141.
8117.
8094.
8072.
8048.
8024.
8000.
7975.
7953.
7928.
7906.
7881.
7858.
7835.
7811.
7788.
7764.
7742.
7720.
7698.
7676.
7655.
7634.
7613.
7593.
7574.
7554.
7536.
7518.
7501.
7484.
7467.
7451.
7437.
7423.
7408.
7394.
7382.
7372.
7359.
7349.
7340.
7332.
7323.
7317.
7313.
7307.
7303.
7299.
7299.
7297.
7297.
7298.
7299.
7301.
7304.
7308.
7312.
7316.
7322.
7328.
7336.
7343.
7351.
7359.
7369.
7379.
7390.
7401.
7413.
7422.
7435.
7447.
7463.
7476.
7491.
7506.
7526.
7539.
7556.
7573.
7589.
7608.
7626.
7645.
7665.
7683.
7704.
7725.
7746.
7769.
7790.
7812.
7836.
7860.
7883.
7908.
7931.
7957.
7981.
8007.
8033.
8057.
8084.
8109.
8136.
8163.
8189.
8214.
8241.
8269.
8295.
8322.
8350.
8377.
8405.
8433.
8460.
8489.
8516.
8542.
8570.
8597.
8625.
8652.
8679.
8706.
8732.
8759.
8785.
8812.
8837.
8862.
8885.
8909.
8934.
8956.
8980.
9002.
9024.
9045.
9066.
9086.
9107.
9124.
9143.
9162.
9179.
9195.
9210.
9227.
9239.
9254.
9266.
9280.
9289.
9300.
9309.
9318.
9325.
9332.
9339.
9345.
9349.
9353.
9355.
9357.
9358.
9358.
9359.
9357.
9354.
9351.
9349.
9345.
9340.
9334.
9328.
9321.
9314.
9306.
9298.
9288.
9278.
9269.
9258.
9246.
9234.
9222.
9210.
9196.
9181.
9169.
9153.
9137.
9122.
9105.
9087.
9072.
9053.
9036.
9017.
8998.
8979.
8960.
8939.
8921.
8898.
8877.
8854.
8832.
8810.
8788.
8764.
8738.
8713.
8690.
8666.
8641.
8612.
8587.
8560.
8533.
8506.
8479.
8452.
8425.
8396.
8369.
8342.
8315.
8288.
8262.
8236.
8211.
8187.
8163.
8138.
8114.
8090.
8068.
8046.
8023.
8000.
7980.
7957.
7937.
7916.
7895.
7875.
7854.
7834.
7815.
7795.
7777.
7758.
7741.
7723.
7704.
7688.
7672.
7657.
7644.
7631.
7619.
7608.
7600.
7590.
7583.
7579.
7573.
7569.
7565.
7564.
7564.
7564.
7565.
7568.
7569.
7574.
7577.
7583.
7588.
7594.
7600.
7609.
7616.
7624.
7632.
7643.
7651.
7662.
7672.
7684.
7696.
7707.
7719.
7734.
7746.
7760.
7775.
7792.
7808.
7822.
7838.
7855.
7872.
7890.
7909.
7926.
7944.
7964.
7982.
8002.
8023.
8044.
8064.
8085.
8106.
8126.
8149.
8170.
8192.
8214.
8236.
8259.
8281.
8303.
8325.
8347.
8371.
8394.
8415.
8438.
8460.
8483.
8505.
8527.
8549.
8571.
8592.
8614.
8635.
8655.
8675.
8696.
8716.
8735.
8754.
8774.
8793.
8812.
8829.
8845.
8863.
8881.
8896.
8911.
8927.
8943.
8956.
8971.
8988.
8999.
9012.
9028.
9040.
9051.
9062.
9075.
9084.
9097.
9106.
9113.
9124.
9132.
9140.
9147.
9154.
9160.
9167.
9172.
9177.
9182.
9185.
9188.
9192.
9192.
9195.
9196.
9197.
9196.
9195.
9195.
9193.
9190.
9187.
9184.
9178.
9176.
9172.
9166.
9159.
9152.
9145.
9138.
9130.
9121.
9112.
9102.
9092.
9083.
9073.
9061.
9049.
9036.
9023.
9010.
8997.
8983.
8970.
8954.
8939.
8924.
8907.
8892.
8874.
8857.
8839.
8823.
8805.
8787.
8769.
8750.
8730.
8710.
8689.
8668.
8646.
8627.
8606.
8583.
8560.
8538.
8515.
8493.
8468.
8444.
8420.
8397.
8373.
8349.
8325.
8303.
8278.
8256.
8233.
8210.
8188.
8167.
8144.
8122.
8102.
8082.
8062.
8042.
8024.
8003.
7986.
7969.
7951.
7935.
7918.
7903.
7888.
7876.
7863.
7851.
7838.
7828.
7819.
7809.
7800.
7793.
7787.
7781.
7775.
7771.
7769.
7765.
7763.
7762.
7763.
7763.
7764.
7767.
7770.
7773.
7777.
7783.
7788.
7795.
7802.
7808.
7816.
7827.
7836.
7846.
7857.
7869.
7881.
7891.
7908.
7922.
7936.
7949.
7965.
7980.
7997.
8014.
8031.
8048.
8067.
8084.
8103.
8122.
8142.
8161.
8181.
8200.
8222.
8243.
8263.
8283.
8303.
8325.
8346.
8366.
8387.
8409.
8429.
8450.
8470.
8492.
8512.
8532.
8553.
8574.
8593.
8614.
8634.
8655.
8675.
8696.
8715.
8735.
8754.
8773.
8792.
8813.
8831.
8849.
8866.
8884.
8902.
8919.
8935.
8952.
8969.
8983.
8999.
9014.
9028.
9043.
9057.
9069.
9081.
9095.
9105.
9114.
9125.
9137.
9146.
9155.
9164.
9170.
9177.
9184.
9191.
9196.
9199.
9203.
9207.
9210.
9212.
9213.
9215.
9216.
9215.
9215.
9215.
9211.
9209.
9205.
9204.
9200.
9195.
9190.
9185.
9177.
9170.
9164.
9156.
9148.
9139.
9130.
9120.
9111.
9099.
9088.
9078.
9066.
9053.
9039.
9027.
9014.
9000.
8986.
8970.
8957.
8940.
8922.
8907.
8891.
8876.
8857.
8839.
8821.
8802.
8784.
8765.
8745.
8726.
8706.
8685.
8664.
8642.
8620.
8600.
8578.
8555.
8532.
8511.
8490.
8467.
8442.
8418.
8395.
8371.
8348.
8323.
8299.
8274.
8252.
8228.
8204.
8179.
8154.
8129.
8105.
8081.
8056.
8031.
8008.
7982.
7958.
7934.
7910.
7886.
7861.
7837.
7814.
7790.
7766.
7743.
7720.
7699.
7677.
7656.
7635.
7616.
7595.
7577.
7560.
7543.
7526.
7511.
7497.
7482.
7469.
7459.
7448.
7439.
7429.
7423.
7417.
7410.
7405.
7401.
7399.
7396.
7396.
7396.
7397.
7398.
7402.
7404.
7409.
7413.
7419.
7426.
7435.
7441.
7451.
7461.
7472.
7483.
7494.
7505.
7521.
7537.
7549.
7566.
7581.
7598.
7616.
7633.
7651.
7670.
7691.
7712.
7732.
7753.
7774.
7796.
7820.
7845.
7868.
7893.
7917.
7943.
7968.
7994.
8021.
8049.
8075.
8103.
8129.
8158.
8185.
8213.
8241.
8269.
8298.
8325.
8353.
8382.
8410.
8438.
8464.
8493.
8522.
8549.
8576.
8603.
8631.
8657.
8682.
8708.
8733.
8759.
8782.
8807.
8830.
8853.
8875.
8896.
8917.
8937.
8957.
8975.
8993.
9009.
9025.
9042.
9053.
9066.
9080.
9091.
9101.
9111.
9120.
9128.
9134.
9139.
9144.
9149.
9150.
9154.
9156.
9155.
9155.
9155.
9153.
9150.
9146.
9141.
9138.
9132.
9125.
9117.
9110.
9100.
9092.
9083.
9071.
9059.
9048.
9036.
9023.
9010.
8995.
8981.
8966.
8951.
8935.
8918.
8901.
8883.
8865.
8848.
8830.
8809.
8790.
8771.
8751.
8729.
8709.
8688.
8667.
8645.
8621.
8599.
8576.
8552.
8529.
8504.
8480.
8456.
8431.
8406.
8381.
8356.
8329.
8304.
8279.
8254.
8228.
8204.
8178.
8156.
8132.
8109.
8087.
8064.
8043.
8024.
8004.
7983.
7964.
7947.
7928.
7910.
7893.
7877.
7861.
7843.
7828.
7813.
7799.
7784.
7768.
7756.
7742.
7729.
7714.
7702.
7689.
7677.
7666.
7656.
7644.
7635.
7625.
7616.
7609.
7602.
7595.
7590.
7586.
7581.
7578.
7578.
7578.
7577.
7578.
7580.
7582.
7586.
7589.
7594.
7601.
7607.
7614.
7622.
7633.
7643.
7651.
7663.
7679.
7690.
7702.
7718.
7733.
7750.
7766.
7784.
7800.
7818.
7837.
7857.
7876.
7897.
7917.
7937.
7958.
7980.
8001.
8024.
8046.
8068.
8091.
8114.
8137.
8161.
8184.
8206.
8231.
8257.
8281.
8304.
8327.
8353.
8377.
8401.
8425.
8449.
8473.
8498.
8520.
8543.
8565.
8588.
8610.
8632.
8654.
8676.
8697.
8717.
8737.
8757.
8776.
8795.
8815.
8833.
8849.
8866.
8882.
8898.
8915.
8928.
8942.
8953.
8967.
8977.
8987.
8996.
9006.
9015.
9022.
9028.
9035.
9039.
9045.
9049.
9054.
9055.
9056.
9056.
9056.
9055.
9055.
9052.
9051.
9047.
9042.
9038.
9033.
9026.
9020.
9013.
9005.
8997.
8987.
8978.
8967.
8956.
8944.
8933.
8920.
8907.
8893.
8879.
8864.
8849.
8834.
8817.
8801.
8785.
8768.
8751.
8733.
8714.
8695.
8677.
8657.
8636.
8614.
8594.
8575.
8552.
8529.
8510.
8486.
8463.
8439.
8417.
8393.
8368.
8344.
8319.
8294.
8269.
8243.
8217.
8192.
8166.
8140.
8115.
8091.
8068.
8043.
8021.
7999.
7976.
7958.
7937.
7919.
7901.
7883.
7867.
7853.
7839.
7825.
7813.
7800.
7790.
7782.
7774.
7766.
7759.
7754.
7750.
7745.
7743.
7743.
7743.
7742.
7745.
7747.
7751.
7755.
7760.
7766.
7773.
7780.
7788.
7797.
7806.
7819.
7829.
7838.
7853.
7867.
7881.
7891.
7906.
7922.
7938.
7952.
7968.
7985.
8002.
8019.
8037.
8054.
8071.
8090.
8108.
8125.
8143.
8163.
8181.
8200.
8220.
8237.
8258.
8277.
8296.
8315.
8336.
8355.
8375.
8394.
8412.
8432.
8452.
8472.
8492.
8511.
8529.
8548.
8568.
8587.
8604.
8623.
8642.
8659.
8677.
8696.
8712.
8730.
8748.
8763.
8779.
8797.
8813.
8829.
8844.
8859.
8875.
8891.
8905.
8919.
8934.
8946.
8962.
8977.
8990.
9004.
9014.
9028.
9040.
9051.
9061.
9074.
9084.
9094.
9103.
9114.
9122.
9130.
9140.
9146.
9155.
9161.
9168.
9172.
9179.
9182.
9188.
9192.
9195.
9197.
9201.
9202.
9203.
9204.
9206.
9204.
9203.
9201.
9199.
9197.
9193.
9190.
9185.
9179.
9173.
9168.
9161.
9153.
9145.
9138.
9129.
9119.
9109.
9099.
9088.
9076.
9065.
9053.
9039.
9027.
9013.
9000.
8986.
8971.
8955.
8940.
8923.
8907.
8891.
8873.
8855.
8839.
8821.
8802.
8784.
8764.
8744.
8726.
8705.
8686.
8665.
8646.
8624.
8604.
8581.
8560.
8538.
8515.
8493.
8468.
8445.
8423.
8400.
8376.
8351.
8326.
8302.
8277.
8253.
8229.
8203.
8178.
8154.
8129.
8106.
8080.
8057.
8033.
8009.
7985.
7962.
7939.
7917.
7895.
7873.
7851.
7830.
7808.
7787.
7766.
7745.
7725.
7704.
7687.
7668.
7649.
7633.
7616.
7601.
7585.
7572.
7561.
7549.
7538.
7529.
7520.
7514.
7507.
7501.
7497.
7493.
7490.
7489.
7487.
7486.
7487.
7488.
7491.
7493.
7495.
7500.
7504.
7510.
7515.
7522.
7529.
7536.
7544.
7553.
7563.
7572.
7582.
7593.
7605.
7616.
7626.
7642.
7656.
7670.
7683.
7697.
7711.
7728.
7743.
7759.
7776.
7792.
7809.
7827.
7846.
7865.
7882.
7901.
7920.
7940.
7959.
7978.
8000.
8020.
8041.
8062.
8083.
8105.
8126.
8147.
8168.
8189.
8211.
8233.
8256.
8278.
8300.
8322.
8345.
8366.
8389.
8411.
8433.
8455.
8477.
8500.
8521.
8543.
8566.
8587.
8608.
8629.
8650.
8671.
8690.
8711.
8731.
8750.
8769.
8788.
8808.
8827.
8844.
8861.
8878.
8896.
8910.
8926.
8943.
8958.
8972.
8988.
8998.
9011.
9025.
9036.
9048.
9058.
9067.
9077.
9085.
9093.
9100.
9107.
9112.
9118.
9123.
9127.
9130.
9135.
9136.
9137.
9138.
9139.
9139.
9140.
9138.
9137.
9135.
9131.
9129.
9125.
9121.
9114.
9110.
9105.
9098.
9090.
9083.
9075.
9065.
9057.
9049.
9039.
9029.
9019.
9009.
8998.
8985.
8975.
8963.
8950.
8938.
8924.
8912.
8897.
8884.
8869.
8854.
8841.
8825.
8810.
8793.
8778.
8761.
8744.
8727.
8711.
8693.
8674.
8656.
8638.
8621.
8601.
8580.
8561.
8541.
8523.
8501.
8482.
8461.
8441.
8422.
8400.
8381.
8361.
8342.
8322.
8304.
8286.
8267.
8250.
8231.
8214.
8196.
8179.
8162.
8144.
8128.
8110.
8094.
8078.
8061.
8047.
8031.
8015.
7999.
7984.
7969.
7952.
7937.
7922.
7909.
7894.
7880.
7867.
7852.
7839.
7827.
7817.
7806.
7794.
7784.
7773.
7764.
7756.
7747.
7740.
7734.
7729.
7725.
7719.
7714.
7712.
7710.
7709.
7709.
7708.
7708.
7708.
7710.
7713.
7715.
7719.
7722.
7726.
7731.
7737.
7742.
7748.
7755.
7763.
7769.
7778.
7787.
7796.
7805.
7816.
7827.
7837.
7850.
7860.
7870.
7882.
7898.
7910.
7921.
7937.
7951.
7967.
7981.
7997.
8015.
8030.
8045.
8061.
8078.
8095.
8114.
8131.
8148.
8167.
8186.
8202.
8222.
8241.
8260.
8278.
8298.
8318.
8338.
8358.
8376.
8397.
8418.
8438.
8458.
8478.
8498.
8519.
8538.
8558.
8579.
8598.
8617.
8638.
8657.
8675.
8696.
8713.
8733.
8750.
8767.
8785.
8802.
8818.
8833.
8850.
8863.
8878.
8892.
8908.
8918.
8931.
8944.
8955.
8964.
8974.
8984.
8992.
8999.
9007.
9012.
9020.
9025.
9028.
9033.
9036.
9040.
9043.
9044.
9045.
9046.
9046.
9046.
9045.
9043.
9040.
9039.
9037.
9032.
9029.
9024.
9021.
9014.
9008.
9003.
8995.
8989.
8981.
8974.
8967.
8959.
8949.
8941.
8931.
8921.
8911.
8900.
8891.
8878.
8867.
8857.
8845.
8832.
8820.
8808.
8795.
8782.
8768.
8755.
8739.
8724.
8711.
8695.
8678.
8664.
8649.
8633.
8615.
8598.
8582.
8565.
8547.
8531.
8511.
8495.
8477.
8460.
8441.
8425.
8406.
8388.
8370.
8355.
8337.
8320.
8304.
8288.
8272.
8254.
8239.
8224.
8208.
8191.
8175.
8160.
8144.
8131.
8116.
8102.
8088.
8075.
8062.
8050.
8039.
8027.
8017.
8008.
8000.
7993.
7986.
7980.
7976.
7970.
7966.
7963.
7961.
7959.
7958.
7960.
7959.
7961.
7963.
7965.
7969.
7973.
7976.
7981.
7987.
7993.
8000.
8008.
8015.
8022.
8032.
8042.
8051.
8059.
8071.
8083.
8096.
8106.
8115.
8129.
8143.
8156.
8171.
8187.
8202.
8217.
8233.
8250.
8265.
8283.
8298.
8316.
8334.
8350.
8368.
8385.
8404.
8423.
8441.
8460.
8479.
8499.
8517.
8536.
8557.
8577.
8597.
8617.
8638.
8657.
8677.
8697.
8717.
8739.
8758.
8777.
8799.
8819.
8838.
8857.
8877.
8897.
8916.
8935.
8953.
8972.
8991.
9007.
9025.
9042.
9059.
9077.
9094.
9110.
9125.
9141.
9155.
9170.
9182.
9198.
9212.
9220.
9234.
9247.
9258.
9267.
9278.
9288.
9296.
9303.
9312.
9320.
9328.
9333.
9339.
9344.
9349.
9352.
9358.
9360.
9363.
9365.
9367.
9366.
9367.
9368.
9368.
9366.
9366.
9364.
9362.
9360.
9357.
9351.
9349.
9343.
9340.
9333.
9329.
9322.
9316.
9308.
9301.
9294.
9286.
9277.
9267.
9259.
9249.
9238.
9228.
9216.
9205.
9194.
9182.
9169.
9156.
9142.
9129.
9115.
9101.
9086.
9071.
9055.
9041.
9024.
9007.
8991.
8974.
8956.
8938.
8921.
8903.
8884.
8863.
8843.
8822.
8804.
8784.
8765.
8742.
8720.
8699.
8677.
8653.
8631.
8609.
8586.
8561.
8538.
8512.
8489.
8465.
8438.
8414.
8388.
8363.
8337.
8310.
8284.
8259.
8232.
8204.
8179.
8153.
8126.
8101.
8073.
8047.
8021.
7995.
7969.
7942.
7917.
7891.
7864.
7840.
7814.
7792.
7768.
7744.
7722.
7699.
7678.
7656.
7635.
7616.
7597.
7579.
7561.
7545.
7529.
7516.
7502.
7489.
7476.
7467.
7456.
7447.
7438.
7431.
7425.
7420.
7415.
7411.
7409.
7408.
7407.
7407.
7408.
7410.
7412.
7416.
7421.
7427.
7432.
7438.
7444.
7453.
7461.
7469.
7479.
7490.
7501.
7513.
7524.
7536.
7550.
7565.
7580.
7595.
7611.
7626.
7644.
7661.
7678.
7695.
7714.
7732.
7751.
7770.
7790.
7809.
7830.
7851.
7872.
7893.
7914.
7938.
7960.
7983.
8007.
8029.
8053.
8078.
8102.
8126.
8150.
8175.
8199.
8223.
8247.
8272.
8297.
8321.
8346.
8371.
8394.
8419.
8444.
8468.
8493.
8518.
8540.
8564.
8590.
8614.
8639.
8663.
8687.
8711.
8734.
8759.
8782.
8805.
8829.
8851.
8874.
8896.
8918.
8940.
8960.
8982.
9003.
9023.
9043.
9063.
9083.
9100.
9118.
9136.
9152.
9169.
9185.
9200.
9216.
9229.
9242.
9256.
9268.
9279.
9293.
9303.
9313.
9322.
9330.
9337.
9344.
9351.
9356.
9360.
9365.
9367.
9371.
9373.
9374.
9375.
9374.
9374.
9373.
9369.
9366.
9362.
9357.
9351.
9347.
9340.
9332.
9324.
9315.
9305.
9295.
9285.
9275.
9263.
9251.
9237.
9226.
9212.
9197.
9182.
9166.
9150.
9136.
9118.
9101.
9083.
9067.
9048.
9029.
9009.
8988.
8966.
8946.
8924.
8903.
8881.
8858.
8835.
8811.
8787.
8762.
8737.
8711.
8687.
8661.
8634.
8608.
8582.
8555.
8528.
8502.
8473.
8445.
8419.
8392.
8364.
8336.
8308.
8280.
8253.
8224.
8195.
8168.
8141.
8112.
8087.
8061.
8034.
8009.
7984.
7959.
7935.
7912.
7890.
7867.
7846.
7822.
7802.
7782.
7763.
7742.
7725.
7706.
7688.
7671.
7656.
7638.
7624.
7608.
7594.
7583.
7570.
7559.
7550.
7540.
7531.
7525.
7520.
7515.
7510.
7508.
7506.
7505.
7505.
7506.
7509.
7513.
7515.
7521.
7526.
7533.
7538.
7547.
7556.
7563.
7572.
7584.
7594.
7604.
7616.
7632.
7642.
7656.
7671.
7688.
7701.
7715.
7732.
7749.
7767.
7785.
7802.
7821.
7842.
7861.
7882.
7901.
7922.
7943.
7966.
7988.
8009.
8031.
8055.
8077.
8100.
8124.
8147.
8171.
8195.
8220.
8243.
8266.
8291.
8316.
8339.
8361.
8387.
8411.
8436.
8459.
8484.
8509.
8532.
8556.
8581.
8606.
8630.
8654.
8678.
8701.
8726.
8750.
8775.
8798.
8820.
8845.
8867.
8891.
8914.
8936.
8958.
8981.
9003.
9024.
9045.
9064.
9086.
9106.
9126.
9146.
9164.
9180.
9200.
9217.
9234.
9249.
9265.
9281.
9295.
9311.
9324.
9336.
9347.
9359.
9372.
9379.
9390.
9399.
9406.
9412.
9420.
9426.
9432.
9435.
9441.
9444.
9447.
9449.
9450.
9453.
9453.
9453.
9451.
9450.
9448.
9444.
9443.
9439.
9436.
9430.
9425.
9419.
9413.
9405.
9398.
9389.
9380.
9372.
9361.
9352.
9341.
9329.
9319.
9307.
9294.
9281.
9269.
9256.
9241.
9225.
9210.
9196.
9180.
9164.
9147.
9130.
9113.
9096.
9076.
9059.
9040.
9020.
9002.
8982.
8962.
8940.
8921.
8900.
8878.
8856.
8834.
8813.
8790.
8766.
8745.
8721.
8697.
8673.
8652.
8627.
8603.
8579.
8557.
8533.
8510.
8485.
8463.
8440.
8418.
8394.
8372.
8349.
8326.
8304.
8283.
8261.
8239.
8217.
8196.
8175.
8153.
8133.
8113.
8093.
8074.
8056.
8037.
8021.
8003.
7988.
7974.
7961.
7948.
7937.
7927.
7918.
7910.
7902.
7897.
7892.
7888.
7883.
7883.
7880.
7880.
7880.
7882.
7884.
7885.
7888.
7893.
7896.
7901.
7907.
7912.
7918.
7925.
7932.
7939.
7948.
7956.
7964.
7973.
7983.
7992.
8003.
8014.
8025.
8037.
8046.
8057.
8073.
8084.
8094.
8107.
8124.
8135.
8146.
8162.
8178.
8191.
8202.
8217.
8233.
8249.
8264.
8279.
8295.
8311.
8326.
8342.
8360.
8374.
8390.
8406.
8421.
8438.
8456.
8471.
8487.
8503.
8520.
8536.
8553.
8569.
8584.
8601.
8617.
8634.
8646.
8663.
8680.
8695.
8707.
8722.
8738.
8751.
8763.
8776.
8791.
8803.
8815.
8826.
8837.
8848.
8858.
8869.
8878.
8886.
8893.
8900.
8907.
8913.
8919.
8925.
8930.
8934.
8937.
8939.
8940.
8942.
8942.
8942.
8940.
8939.
8938.
8935.
8932.
8930.
8926.
8921.
8917.
8912.
8906.
8900.
8893.
8886.
8878.
8870.
8863.
8853.
8844.
8835.
8826.
8815.
8804.
8794.
8784.
8771.
8759.
8748.
8736.
8723.
8709.
8697.
8683.
8670.
8656.
8642.
8626.
8612.
8596.
8580.
8566.
8551.
8534.
8518.
8500.
8485.
8467.
8451.
8433.
8415.
8399.
8382.
8363.
8344.
8326.
8307.
8289.
8270.
8252.
8232.
8215.
8197.
8177.
8159.
8141.
8121.
8105.
8086.
8067.
8050.
8032.
8015.
7996.
7979.
7961.
7945.
7929.
7911.
7895.
7878.
7861.
7846.
7830.
7815.
7799.
7784.
7769.
7755.
7740.
7726.
7713.
7700.
7687.
7674.
7663.
7653.
7644.
7635.
7625.
7618.
7611.
7604.
7597.
7592.
7588.
7585.
7582.
7578.
7578.
7577.
7577.
7577.
7580.
7582.
7585.
7587.
7591.
7597.
7602.
7609.
7616.
7623.
7631.
7639.
7648.
7658.
7667.
7679.
7691.
7702.
7712.
7725.
7743.
7754.
7768.
7781.
7798.
7814.
7830.
7846.
7862.
7879.
7896.
7914.
7933.
7951.
7970.
7988.
8007.
8027.
8046.
8066.
8085.
8105.
8124.
8146.
8166.
8187.
8207.
8227.
8247.
8267.
8290.
8309.
8329.
8350.
8369.
8391.
8410.
8430.
8451.
8471.
8491.
8511.
8531.
8551.
8570.
8591.
8611.
8629.
8648.
8667.
8686.
8705.
8723.
8744.
8761.
8778.
8795.
8814.
8830.
8846.
8862.
8878.
8893.
8908.
8925.
8938.
8949.
8961.
8975.
8987.
8995.
9007.
9019.
9026.
9036.
9045.
9053.
9060.
9065.
9072.
9077.
9081.
9085.
9089.
9092.
9094.
9097.
9097.
9097.
9097.
9097.
9096.
9096.
9094.
9090.
9088.
9085.
9079.
9076.
9070.
9067.
9061.
9056.
9050.
9043.
9035.
9027.
9019.
9011.
9001.
8994.
8983.
8973.
8963.
8952.
8942.
8930.
8920.
8907.
8895.
8883.
8870.
8856.
8842.
8830.
8816.
8801.
8787.
8771.
8755.
8740.
8724.
8708.
8692.
8675.
8659.
8641.
8623.
8606.
8587.
8571.
8553.
8533.
8513.
8495.
8476.
8455.
8435.
8417.
8397.
8377.
8357.
8337.
8316.
8298.
8278.
8257.
8237.
8217.
8197.
8175.
8156.
8135.
8115.
8094.
8072.
8053.
8031.
8010.
7990.
7967.
7945.
7925.
7904.
7883.
7864.
7844.
7822.
7801.
7781.
7761.
7742.
7724.
7704.
7686.
7668.
7650.
7633.
7615.
7598.
7582.
7566.
7551.
7533.
7518.
7504.
7490.
7477.
7464.
7452.
7440.
7429.
7418.
7409.
7401.
7392.
7384.
7378.
7371.
7365.
7360.
7354.
7351.
7347.
7346.
7343.
7341.
7340.
7340.
7338.
7341.
7340.
7342.
7345.
7346.
7350.
7353.
7357.
7361.
7366.
7371.
7377.
7384.
7391.
7398.
7407.
7414.
7424.
7434.
7444.
7455.
7464.
7476.
7490.
7503.
7517.
7526.
7542.
7559.
7572.
7587.
7602.
7618.
7635.
7653.
7671.
7686.
7704.
7723.
7743.
7762.
7782.
7801.
7820.
7842.
7863.
7883.
7904.
7926.
7947.
7970.
7992.
8014.
8036.
8058.
8081.
8104.
8127.
8151.
8173.
8197.
8221.
8244.
8266.
8290.
8313.
8337.
8359.
8382.
8406.
8429.
8451.
8472.
8494.
8517.
8538.
8558.
8579.
8599.
8619.
8638.
8656.
8675.
8693.
8709.
8725.
8742.
8756.
8772.
8786.
8797.
8808.
8820.
8831.
8841.
8850.
8858.
8864.
8872.
8877.
8882.
8885.
8890.
8891.
8895.
8895.
8895.
8896.
8896.
8894.
8892.
8890.
8887.
8883.
8877.
8874.
8868.
8861.
8853.
8844.
8837.
8829.
8819.
8809.
8800.
8788.
8775.
8765.
8753.
8740.
8727.
8714.
8699.
8684.
8670.
8654.
8638.
8620.
8605.
8588.
8571.
8553.
8534.
8515.
8496.
8477.
8457.
8437.
8417.
8396.
8376.
8354.
8333.
8310.
8288.
8267.
8243.
8221.
8198.
8174.
8149.
8126.
8102.
8077.
8053.
8031.
8006.
7982.
7959.
7939.
7917.
7897.
7876.
7857.
7838.
7822.
7805.
7790.
7775.
7761.
7748.
7736.
7725.
7715.
7704.
7696.
7688.
7681.
7674.
7668.
7661.
7659.
7653.
7649.
7647.
7645.
7644.
7644.
7643.
7643.
7645.
7645.
7648.
7650.
7654.
7657.
7661.
7665.
7671.
7676.
7681.
7687.
7693.
7699.
7706.
7713.
7721.
7729.
7737.
7746.
7754.
7763.
7772.
7782.
7792.
7802.
7812.
7823.
7835.
7846.
7857.
7869.
7881.
7894.
7903.
7917.
7933.
7944.
7956.
7970.
7987.
8000.
8013.
8028.
8046.
8060.
8075.
8089.
8105.
8122.
8138.
8155.
8171.
8188.
8205.
8224.
8240.
8258.
8276.
8293.
8311.
8329.
8347.
8365.
8382.
8402.
8421.
8439.
8456.
8473.
8491.
8510.
8527.
8546.
8564.
8583.
8600.
8617.
8635.
8651.
8669.
8687.
8702.
8719.
8735.
8752.
8767.
8783.
8797.
8813.
8827.
8841.
8854.
8871.
8881.
8896.
8910.
8922.
8931.
8943.
8955.
8970.
8980.
8989.
8999.
9009.
9018.
9027.
9035.
9043.
9052.
9059.
9065.
9071.
9077.
9082.
9087.
9090.
9094.
9097.
9100.
9101.
9103.
9103.
9103.
9102.
9102.
9101.
9101.
9095.
9093.
9088.
9084.
9080.
9076.
9070.
9064.
9057.
9052.
9042.
9034.
9026.
9019.
9009.
8998.
8989.
8978.
8968.
8955.
8943.
8934.
8920.
8908.
8896.
8881.
8866.
8854.
8839.
8823.
8809.
8793.
8778.
8760.
8744.
8727.
8708.
8691.
8672.
8654.
8635.
8617.
8597.
8576.
8558.
8536.
8516.
8496.
8475.
8454.
8434.
8411.
8391.
8369.
8347.
8327.
8305.
8283.
8263.
8241.
8219.
8198.
8175.
8154.
8132.
8110.
8089.
8068.
8047.
8025.
8004.
7984.
7961.
7940.
7918.
7899.
7879.
7860.
7840.
7821.
7803.
7785.
7768.
7752.
7736.
7721.
7707.
7694.
7681.
7670.
7659.
7648.
7639.
7630.
7624.
7617.
7612.
7607.
7602.
7599.
7596.
7594.
7593.
7594.
7594.
7595.
7598.
7601.
7605.
7608.
7614.
7620.
7626.
7633.
7641.
7648.
7658.
7668.
7677.
7688.
7700.
7708.
7723.
7736.
7748.
7759.
7776.
7790.
7805.
7817.
7834.
7852.
7865.
7880.
7897.
7912.
7930.
7947.
7963.
7982.
7999.
8017.
8034.
8053.
8070.
8088.
8107.
8125.
8143.
8162.
8181.
8199.
8219.
8237.
8254.
8275.
8293.
8312.
8331.
8349.
8369.
8387.
8404.
8422.
8441.
8461.
8478.
8495.
8513.
8530.
8548.
8566.
8583.
8599.
8615.
8631.
8646.
8663.
8676.
8692.
8708.
8721.
8734.
8752.
8763.
8773.
8787.
8801.
8812.
8822.
8830.
8843.
8853.
8862.
8872.
8880.
8887.
8893.
8900.
8906.
8912.
8915.
8919.
8923.
8926.
8928.
8929.
8931.
8932.
8931.
8930.
8929.
8927.
8924.
8921.
8917.
8913.
8908.
8904.
8898.
8892.
8884.
8878.
8870.
8862.
8853.
8845.
8836.
8826.
8816.
8805.
8795.
8785.
8772.
8760.
8749.
8737.
8724.
8711.
8698.
8683.
8671.
8657.
8643.
8627.
8612.
8597.
8582.
8566.
8549.
8533.
8515.
8499.
8482.
8465.
8447.
8429.
8414.
8396.
8379.
8362.
8346.
8329.
8313.
8296.
8281.
8266.
8250.
8236.
8221.
8206.
8190.
8176.
8163.
8148.
8135.
8122.
8108.
8096.
8082.
8070.
8056.
8045.
8033.
8021.
8008.
7997.
7987.
7979.
7969.
7961.
7953.
7945.
7939.
7933.
7930.
7926.
7922.
7921.
7919.
7920.
7919.
7922.
7923.
7926.
7931.
7936.
7942.
7949.
7956.
7965.
7974.
7982.
7990.
8003.
8016.
8028.
8039.
8054.
8070.
8081.
8095.
8111.
8127.
8144.
8160.
8177.
8195.
8212.
8231.
8249.
8267.
8287.
8306.
8326.
8345.
8367.
8386.
8407.
8427.
8447.
8468.
8488.