8230.
8231.
8231.
8230.
8230.
8230.
8230.
8229.
8230.
8230.
8230.
8231.
8230.
8230.
8229.
8230.
8230.
8230.
8230.
8231.
8230.
8230.
8229.
8229.
8228.
8229.
8229.
8230.
8229.
8228.
8229.
8229.
8227.
8226.
8227.
8227.
8227.
8227.
8227.
8227.
8227.
8226.
8226.
8226.
8225.
8225.
8226.
8225.
8224.
8223.
8224.
8223.
8224.
8224.
8224.
8223.
8223.
8222.
8223.
8222.
8223.
8222.
8221.
8221.
8221.
8221.
8222.
8222.
8221.
8220.
8221.
8222.
8220.
8221.
8220.
8220.
8221.
8220.
8221.
8219.
8219.
8220.
8218.
8220.
8220.
8219.
8219.
8220.
8219.
8219.
8218.
8219.
8220.
8218.
8219.
8219.
8220.
8220.
8220.
8219.
8221.
8221.
8221.
8221.
8221.
8221.
8222.
8223.
8223.
8224.
8225.
8225.
8224.
8225.
8227.
8227.
8227.
8228.
8229.
8231.
8232.
8232.
8234.
8234.
8237.
8236.
8237.
8239.
8241.
8242.
8243.
8245.
8246.
8247.
8248.
8251.
8251.
8254.
8256.
8257.
8260.
8261.
8264.
8266.
8268.
8271.
8272.
8275.
8277.
8280.
8283.
8285.
8287.
8289.
8291.
8294.
8297.
8299.
8301.
8304.
8309.
8311.
8312.
8316.
8319.
8322.
8324.
8327.
8330.
8334.
8337.
8339.
8343.
8345.
8349.
8351.
8355.
8358.
8362.
8365.
8369.
8372.
8375.
8378.
8382.
8385.
8389.
8391.
8396.
8400.
8402.
8405.
8409.
8412.
8414.
8419.
8422.
8426.
8429.
8432.
8436.
8440.
8442.
8445.
8448.
8452.
8455.
8459.
8462.
8465.
8467.
8472.
8475.
8479.
8482.
8484.
8490.
8493.
8495.
8499.
8502.
8507.
8510.
8512.
8516.
8521.
8523.
8527.
8530.
8534.
8538.
8541.
8544.
8548.
8552.
8554.
8556.
8561.
8564.
8567.
8570.
8573.
8577.
8579.
8584.
8586.
8589.
8593.
8595.
8597.
8602.
8605.
8609.
8611.
8615.
8618.
8620.
8622.
8626.
8629.
8632.
8635.
8638.
8641.
8643.
8645.
8648.
8651.
8655.
8656.
8660.
8664.
8666.
8668.
8671.
8674.
8677.
8679.
8682.
8684.
8687.
8689.
8692.
8694.
8697.
8699.
8701.
8704.
8707.
8708.
8709.
8713.
8717.
8718.
8719.
8722.
8725.
8726.
8728.
8731.
8732.
8734.
8735.
8737.
8740.
8741.
8742.
8746.
8746.
8748.
8749.
8751.
8753.
8754.
8755.
8757.
8758.
8760.
8762.
8763.
8766.
8768.
8769.
8771.
8772.
8775.
8775.
8778.
8779.
8781.
8782.
8784.
8786.
8788.
8788.
8790.
8792.
8794.
8794.
8797.
8799.
8800.
8803.
8804.
8806.
8808.
8809.
8812.
8814.
8815.
8817.
8819.
8820.
8821.
8824.
8827.
8829.
8829.
8832.
8834.
8837.
8836.
8838.
8840.
8844.
8846.
8847.
8848.
8850.
8853.
8854.
8856.
8859.
8859.
8860.
8864.
8866.
8867.
8869.
8871.
8873.
8875.
8877.
8878.
8879.
8881.
8883.
8884.
8886.
8889.
8890.
8892.
8894.
8895.
8896.
8898.
8901.
8902.
8903.
8905.
8907.
8909.
8909.
8911.
8914.
8913.
8915.
8917.
8918.
8919.
8921.
8921.
8923.
8924.
8926.
8926.
8927.
8929.
8929.
8930.
8933.
8933.
8933.
8935.
8935.
8935.
8935.
8935.
8936.
8938.
8937.
8937.
8938.
8939.
8938.
8938.
8940.
8939.
8939.
8939.
8940.
8939.
8938.
8937.
8938.
8936.
8937.
8936.
8935.
8934.
8934.
8933.
8933.
8931.
8929.
8929.
8928.
8927.
8925.
8925.
8923.
8922.
8920.
8918.
8915.
8914.
8913.
8911.
8908.
8905.
8904.
8901.
8898.
8897.
8893.
8892.
8890.
8887.
8885.
8881.
8879.
8875.
8871.
8868.
8865.
8862.
8859.
8854.
8851.
8849.
8845.
8840.
8837.
8833.
8827.
8823.
8821.
8815.
8810.
8806.
8801.
8797.
8790.
8786.
8780.
8775.
8769.
8765.
8760.
8753.
8747.
8742.
8737.
8731.
8726.
8718.
8713.
8705.
8700.
8693.
8687.
8679.
8672.
8665.
8660.
8651.
8644.
8637.
8630.
8622.
8614.
8607.
8600.
8591.
8585.
8576.
8567.
8561.
8552.
8544.
8536.
8527.
8519.
8510.
8501.
8491.
8483.
8474.
8467.
8457.
8448.
8439.
8430.
8420.
8411.
8401.
8391.
8382.
8373.
8364.
8354.
8345.
8335.
8324.
8315.
8306.
8296.
8287.
8276.
8267.
8258.
8247.
8238.
8229.
8218.
8209.
8199.
8189.
8180.
8170.
8161.
8151.
8143.
8133.
8123.
8113.
8104.
8095.
8086.
8078.
8069.
8061.
8052.
8042.
8034.
8026.
8017.
8009.
8000.
7992.
7984.
7976.
7967.
7959.
7953.
7943.
7936.
7929.
7922.
7914.
7906.
7901.
7893.
7886.
7879.
7873.
7867.
7859.
7853.
7847.
7840.
7834.
7828.
7821.
7817.
7810.
7806.
7799.
7794.
7788.
7784.
7776.
7771.
7767.
7762.
7757.
7752.
7747.
7741.
7738.
7732.
7727.
7724.
7719.
7714.
7710.
7706.
7701.
7696.
7691.
7687.
7684.
7679.
7674.
7671.
7667.
7664.
7658.
7656.
7651.
7648.
7645.
7640.
7638.
7634.
7632.
7627.
7624.
7621.
7616.
7613.
7610.
7609.
7605.
7604.
7601.
7597.
7594.
7590.
7589.
7588.
7584.
7582.
7578.
7576.
7575.
7570.
7568.
7566.
7564.
7562.
7560.
7558.
7557.
7555.
7552.
7550.
7549.
7547.
7545.
7543.
7541.
7539.
7537.
7537.
7535.
7534.
7531.
7530.
7528.
7528.
7527.
7525.
7523.
7522.
7522.
7521.
7519.
7518.
7516.
7517.
7514.
7514.
7514.
7514.
7511.
7511.
7510.
7509.
7509.
7507.
7508.
7507.
7505.
7505.
7505.
7504.
7502.
7502.
7502.
7501.
7501.
7500.
7500.
7500.
7499.
7499.
7498.
7498.
7498.
7498.
7497.
7498.
7497.
7496.
7497.
7495.
7496.
7496.
7497.
7496.
7496.
7495.
7497.
7495.
7496.
7496.
7496.
7496.
7497.
7495.
7496.
7495.
7496.
7495.
7495.
7496.
7495.
7495.
7496.
7495.
7495.
7496.
7496.
7496.
7497.
7496.
7496.
7497.
7496.
7496.
7496.
7496.
7497.
7497.
7498.
7497.
7498.
7497.
7497.
7498.
7498.
7498.
7498.
7499.
7498.
7499.
7500.
7500.
7501.
7500.
7501.
7502.
7501.
7501.
7503.
7504.
7504.
7503.
7503.
7505.
7504.
7504.
7506.
7505.
7505.
7507.
7506.
7507.
7507.
7508.
7509.
7510.
7511.
7509.
7511.
7512.
7512.
7513.
7514.
7515.
7515.
7515.
7517.
7518.
7519.
7519.
7520.
7522.
7522.
7523.
7526.
7525.
7527.
7528.
7530.
7532.
7534.
7534.
7536.
7537.
7540.
7542.
7543.
7547.
7548.
7549.
7552.
7555.
7557.
7558.
7562.
7566.
7568.
7572.
7575.
7577.
7581.
7584.
7587.
7591.
7597.
7600.
7604.
7608.
7612.
7617.
7622.
7626.
7631.
7636.
7640.
7645.
7649.
7655.
7660.
7665.
7671.
7676.
7681.
7687.
7693.
7698.
7704.
7710.
7715.
7721.
7728.
7733.
7739.
7747.
7754.
7760.
7766.
7773.
7781.
7788.
7794.
7801.
7808.
7816.
7823.
7830.
7838.
7845.
7852.
7859.
7868.
7875.
7883.
7890.
7899.
7906.
7913.
7921.
7928.
7936.
7943.
7950.
7960.
7967.
7974.
7983.
7989.
7997.
8004.
8010.
8018.
8027.
8034.
8042.
8050.
8057.
8064.
8071.
8078.
8085.
8092.
8100.
8107.
8114.
8121.
8128.
8134.
8142.
8148.
8155.
8161.
8168.
8173.
8181.
8187.
8193.
8200.
8206.
8212.
8217.
8224.
8231.
8237.
8241.
8246.
8252.
8258.
8264.
8269.
8275.
8281.
8286.
8292.
8296.
8302.
8307.
8312.
8317.
8322.
8327.
8333.
8338.
8343.
8349.
8353.
8357.
8363.
8368.
8374.
8378.
8382.
8387.
8392.
8397.
8401.
8406.
8410.
8414.
8420.
8425.
8430.
8433.
8439.
8443.
8448.
8452.
8457.
8462.
8466.
8472.
8475.
8480.
8485.
8489.
8495.
8499.
8504.
8508.
8514.
8518.
8523.
8527.
8531.
8536.
8541.
8546.
8551.
8556.
8560.
8565.
8570.
8575.
8580.
8586.
8590.
8595.
8600.
8605.
8609.
8615.
8620.
8625.
8630.
8637.
8641.
8647.
8651.
8657.
8662.
8669.
8673.
8679.
8684.
8688.
8695.
8700.
8704.
8710.
8716.
8720.
8726.
8731.
8738.
8743.
8747.
8751.
8758.
8762.
8767.
8773.
8779.
8785.
8789.
8793.
8799.
8805.
8809.
8814.
8819.
8824.
8827.
8831.
8836.
8841.
8844.
8849.
8854.
8857.
8862.
8864.
8869.
8873.
8877.
8882.
8885.
8889.
8891.
8895.
8898.
8902.
8904.
8907.
8911.
8913.
8918.
8919.
8923.
8925.
8928.
8928.
8931.
8934.
8936.
8938.
8941.
8941.
8943.
8946.
8948.
8949.
8950.
8951.
8954.
8955.
8955.
8956.
8958.
8958.
8960.
8961.
8961.
8963.
8963.
8964.
8964.
8964.
8963.
8964.
8965.
8965.
8965.
8964.
8964.
8964.
8963.
8962.
8963.
8962.
8961.
8960.
8959.
8957.
8957.
8955.
8955.
8953.
8952.
8951.
8950.
8948.
8946.
8945.
8943.
8940.
8939.
8937.
8935.
8933.
8931.
8931.
8927.
8925.
8922.
8921.
8920.
8916.
8915.
8912.
8908.
8907.
8905.
8903.
8901.
8897.
8894.
8891.
8888.
8885.
8882.
8879.
8876.
8874.
8872.
8867.
8865.
8863.
8856.
8853.
8851.
8848.
8843.
8839.
8836.
8832.
8829.
8824.
8821.
8817.
8812.
8807.
8804.
8800.
8795.
8790.
8786.
8782.
8776.
8771.
8766.
8762.
8758.
8752.
8747.
8743.
8737.
8732.
8727.
8722.
8716.
8711.
8707.
8703.
8696.
8692.
8687.
8680.
8675.
8668.
8666.
8659.
8653.
8648.
8642.
8637.
8632.
8626.
8619.
8614.
8609.
8601.
8596.
8590.
8584.
8578.
8572.
8566.
8561.
8553.
8547.
8542.
8535.
8529.
8523.
8516.
8510.
8503.
8497.
8492.
8486.
8478.
8472.
8465.
8460.
8452.
8447.
8440.
8434.
8427.
8420.
8414.
8407.
8400.
8394.
8388.
8380.
8374.
8368.
8361.
8354.
8348.
8342.
8336.
8329.
8322.
8317.
8310.
8303.
8298.
8293.
8286.
8280.
8274.
8269.
8262.
8257.
8250.
8244.
8238.
8232.
8227.
8222.
8216.
8209.
8204.
8198.
8193.
8187.
8181.
8175.
8171.
8164.
8159.
8153.
8148.
8143.
8138.
8133.
8127.
8121.
8115.
8111.
8105.
8099.
8093.
8087.
8082.
8077.
8071.
8067.
8060.
8056.
8050.
8043.
8039.
8032.
8027.
8021.
8017.
8010.
8005.
7999.
7994.
7988.
7983.
7978.
7972.
7965.
7959.
7954.
7948.
7942.
7937.
7932.
7926.
7919.
7913.
7907.
7902.
7897.
7890.
7885.
7880.
7873.
7867.
7863.
7857.
7850.
7844.
7839.
7832.
7826.
7820.
7815.
7809.
7802.
7797.
7793.
7787.
7780.
7774.
7769.
7764.
7758.
7752.
7746.
7740.
7735.
7730.
7724.
7718.
7711.
7706.
7701.
7695.
7689.
7684.
7678.
7673.
7668.
7662.
7657.
7651.
7647.
7641.
7635.
7629.
7626.
7620.
7614.
7609.
7605.
7600.
7595.
7589.
7586.
7581.
7576.
7572.
7566.
7562.
7557.
7554.
7550.
7544.
7540.
7534.
7531.
7528.
7525.
7520.
7516.
7513.
7510.
7506.
7503.
7499.
7497.
7493.
7489.
7485.
7483.
7480.
7476.
7474.
7472.
7470.
7468.
7464.
7461.
7460.
7456.
7454.
7451.
7450.
7449.
7447.
7446.
7443.
7441.
7440.
7438.
7436.
7434.
7433.
7431.
7430.
7428.
7426.
7426.
7424.
7423.
7421.
7421.
7419.
7417.
7416.
7415.
7414.
7412.
7412.
7410.
7411.
7410.
7407.
7407.
7406.
7405.
7405.
7405.
7404.
7402.
7402.
7401.
7402.
7400.
7399.
7399.
7398.
7398.
7398.
7397.
7397.
7396.
7395.
7394.
7395.
7394.
7393.
7394.
7394.
7392.
7392.
7392.
7391.
7391.
7390.
7390.
7391.
7389.
7389.
7388.
7388.
7388.
7387.
7387.
7387.
7386.
7386.
7386.
7385.
7384.
7384.
7384.
7383.
7381.
7381.
7382.
7381.
7381.
7381.
7381.
7380.
7380.
7379.
7379.
7379.
7378.
7377.
7377.
7376.
7376.
7375.
7375.
7375.
7374.
7374.
7374.
7373.
7373.
7372.
7371.
7371.
7370.
7370.
7370.
7369.
7369.
7367.
7368.
7367.
7366.
7366.
7366.
7366.
7365.
7365.
7365.
7364.
7364.
7366.
7365.
7365.
7364.
7364.
7364.
7364.
7364.
7364.
7364.
7364.
7365.
7364.
7365.
7366.
7365.
7365.
7367.
7367.
7366.
7368.
7368.
7370.
7370.
7370.
7371.
7372.
7373.
7375.
7374.
7377.
7378.
7379.
7380.
7381.
7383.
7385.
7388.
7389.
7391.
7394.
7396.
7399.
7401.
7403.
7407.
7410.
7411.
7415.
7418.
7422.
7425.
7429.
7434.
7437.
7440.
7443.
7450.
7453.
7459.
7462.
7467.
7473.
7477.
7483.
7489.
7493.
7499.
7503.
7509.
7514.
7520.
7526.
7533.
7538.
7544.
7551.
7558.
7567.
7573.
7578.
7586.
7594.
7600.
7608.
7616.
7624.
7633.
7639.
7648.
7656.
7665.
7674.
7683.
7691.
7700.
7709.
7718.
7726.
7735.
7745.
7754.
7763.
7772.
7782.
7792.
7799.
7809.
7820.
7829.
7839.
7847.
7857.
7868.
7876.
7886.
7895.
7904.
7913.
7922.
7932.
7941.
7952.
7961.
7969.
7980.
7989.
7999.
8009.
8018.
8027.
8035.
8044.
8055.
8064.
8073.
8082.
8091.
8100.
8108.
8117.
8127.
8135.
8143.
8151.
8160.
8167.
8176.
8184.
8192.
8201.
8208.
8218.
8227.
8233.
8242.
8250.
8257.
8265.
8272.
8280.
8289.
8295.
8302.
8309.
8317.
8324.
8330.
8338.
8345.
8351.
8358.
8364.
8373.
8380.
8385.
8392.
8399.
8405.
8412.
8418.
8424.
8431.
8437.
8443.
8449.
8456.
8462.
8467.
8472.
8480.
8485.
8491.
8496.
8502.
8508.
8513.
8519.
8523.
8529.
8534.
8539.
8544.
8548.
8553.
8557.
8562.
8569.
8573.
8577.
8582.
8586.
8591.
8596.
8600.
8604.
8610.
8614.
8619.
8622.
8628.
8632.
8635.
8639.
8644.
8648.
8651.
8656.
8660.
8664.
8669.
8672.
8675.
8681.
8684.
8689.
8692.
8697.
8700.
8703.
8708.
8712.
8716.
8717.
8722.
8725.
8730.
8733.
8736.
8741.
8744.
8748.
8751.
8756.
8760.
8763.
8767.
8771.
8775.
8778.
8781.
8786.
8790.
8793.
8797.
8802.
8805.
8808.
8812.
8817.
8820.
8824.
8827.
8832.
8837.
8840.
8844.
8847.
8852.
8856.
8859.
8863.
8866.
8870.
8874.
8877.
8880.
8884.
8888.
8892.
8897.
8900.
8903.
8907.
8910.
8914.
8918.
8923.
8926.
8931.
8934.
8937.
8941.
8945.
8949.
8953.
8955.
8960.
8963.
8967.
8970.
8974.
8977.
8980.
8983.
8987.
8991.
8994.
8996.
8999.
9003.
9006.
9009.
9011.
9015.
9017.
9018.
9022.
9023.
9025.
9028.
9029.
9032.
9035.
9036.
9037.
9039.
9041.
9042.
9044.
9045.
9045.
9047.
9048.
9050.
9051.
9051.
9051.
9051.
9052.
9053.
9053.
9053.
9053.
9054.
9053.
9052.
9051.
9051.
9051.
9050.
9049.
9048.
9046.
9046.
9045.
9045.
9043.
9040.
9039.
9036.
9035.
9033.
9031.
9029.
9027.
9027.
9023.
9022.
9019.
9017.
9015.
9012.
9010.
9008.
9005.
9002.
9000.
8996.
8995.
8993.
8990.
8985.
8982.
8981.
8979.
8974.
8971.
8969.
8966.
8960.
8956.
8952.
8950.
8947.
8943.
8938.
8935.
8930.
8928.
8924.
8919.
8915.
8911.
8907.
8902.
8897.
8892.
8888.
8884.
8879.
8874.
8869.
8863.
8859.
8853.
8848.
8842.
8837.
8833.
8828.
8822.
8816.
8812.
8807.
8801.
8794.
8790.
8785.
8780.
8775.
8770.
8765.
8759.
8753.
8748.
8742.
8736.
8731.
8725.
8720.
8714.
8710.
8704.
8698.
8693.
8688.
8682.
8676.
8670.
8665.
8660.
8654.
8648.
8640.
8636.
8631.
8624.
8619.
8614.
8609.
8603.
8597.
8592.
8585.
8578.
8573.
8568.
8563.
8557.
8550.
8546.
8540.
8535.
8528.
8525.
8519.
8514.
8508.
8501.
8498.
8491.
8487.
8482.
8476.
8470.
8464.
8461.
8455.
8449.
8444.
8438.
8434.
8427.
8422.
8417.
8412.
8406.
8401.
8396.
8392.
8385.
8379.
8375.
8369.
8364.
8359.
8353.
8349.
8344.
8337.
8332.
8328.
8320.
8318.
8313.
8306.
8301.
8297.
8292.
8287.
8282.
8278.
8272.
8267.
8263.
8258.
8253.
8248.
8243.
8238.
8234.
8229.
8224.
8219.
8212.
8208.
8204.
8200.
8196.
8190.
8184.
8179.
8175.
8169.
8165.
8160.
8156.
8150.
8145.
8141.
8135.
8128.
8124.
8119.
8115.
8109.
8104.
8098.
8092.
8087.
8081.
8076.
8072.
8067.
8060.
8055.
8049.
8044.
8038.
8034.
8027.
8023.
8016.
8011.
8004.
7999.
7995.
7989.
7984.
7976.
7970.
7965.
7959.
7953.
7947.
7941.
7936.
7931.
7925.
7919.
7914.
7907.
7902.
7896.
7891.
7885.
7880.
7874.
7869.
7863.
7858.
7852.
7847.
7842.
7837.
7831.
7825.
7821.
7815.
7810.
7805.
7799.
7794.
7790.
7784.
7780.
7776.
7770.
7765.
7760.
7755.
7750.
7746.
7743.
7737.
7733.
7728.
7725.
7719.
7713.
7710.
7707.
7702.
7697.
7694.
7689.
7685.
7681.
7676.
7674.
7669.
7666.
7660.
7659.
7655.
7651.
7647.
7645.
7643.
7639.
7635.
7631.
7627.
7624.
7624.
7620.
7617.
7615.
7610.
7609.
7608.
7604.
7602.
7599.
7597.
7595.
7593.
7590.
7587.
7585.
7584.
7581.
7581.
7578.
7575.
7574.
7572.
7572.
7568.
7569.
7565.
7565.
7563.
7560.
7560.
7558.
7556.
7557.
7554.
7554.
7553.
7552.
7550.
7549.
7548.
7547.
7547.
7546.
7544.
7544.
7544.
7542.
7541.
7541.
7540.
7540.
7538.
7540.
7536.
7536.
7536.
7536.
7534.
7534.
7534.
7534.
7533.
7532.
7532.
7531.
7531.
7529.
7529.
7530.
7528.
7528.
7528.
7528.
7529.
7528.
7526.
7526.
7524.
7524.
7525.
7523.
7523.
7523.
7521.
7523.
7521.
7522.
7521.
7520.
7520.
7519.
7520.
7519.
7519.
7518.
7516.
7517.
7517.
7517.
7516.
7516.
7516.
7514.
7514.
7515.
7514.
7512.
7513.
7513.
7512.
7512.
7512.
7512.
7510.
7509.
7510.
7509.
7509.
7508.
7508.
7509.
7507.
7507.
7507.
7507.
7508.
7506.
7506.
7507.
7509.
7508.
7507.
7509.
7509.
7510.
7511.
7512.
7513.
7512.
7515.
7516.
7517.
7519.
7520.
7523.
7525.
7526.
7528.
7531.
7533.
7535.
7538.
7541.
7544.
7546.
7551.
7554.
7557.
7561.
7563.
7569.
7573.
7575.
7581.
7587.
7592.
7595.
7599.
7606.
7611.
7615.
7621.
7625.
7632.
7637.
7645.
7649.
7655.
7660.
7667.
7673.
7680.
7686.
7692.
7700.
7705.
7712.
7720.
7726.
7733.
7741.
7749.
7756.
7762.
7769.
7778.
7786.
7793.
7802.
7810.
7819.
7826.
7833.
7842.
7851.
7859.
7867.
7875.
7885.
7893.
7902.
7911.
7919.
7927.
7935.
7945.
7953.
7960.
7970.
7979.
7987.
7996.
8003.
8012.
8022.
8029.
8038.
8047.
8055.
8062.
8070.
8079.
8087.
8095.
8104.
8111.
8119.
8127.
8135.
8143.
8150.
8158.
8165.
8173.
8181.
8187.
8196.
8202.
8209.
8217.
8223.
8232.
8239.
8247.
8253.
8260.
8267.
8274.
8281.
8290.
8295.
8303.
8310.
8318.
8324.
8330.
8337.
8345.
8351.
8358.
8363.
8371.
8378.
8383.
8390.
8396.
8402.
8408.
8415.
8421.
8428.
8432.
8439.
8444.
8450.
8458.
8464.
8469.
8475.
8483.
8488.
8493.
8499.
8506.
8512.
8518.
8524.
8530.
8536.
8542.
8548.
8554.
8557.
8563.
8569.
8575.
8581.
8586.
8591.
8598.
8603.
8607.
8613.
8617.
8624.
8629.
8634.
8639.
8644.
8647.
8653.
8658.
8664.
8668.
8674.
8678.
8683.
8688.
8693.
8697.
8702.
8707.
8712.
8716.
8721.
8725.
8730.
8734.
8739.
8742.
8746.
8752.
8756.
8760.
8764.
8767.
8771.
8776.
8780.
8784.
8786.
8790.
8794.
8799.
8802.
8805.
8808.
8812.
8815.
8819.
8822.
8826.
8827.
8832.
8836.
8839.
8840.
8845.
8848.
8850.
8854.
8856.
8860.
8862.
8865.
8867.
8871.
8872.
8875.
8877.
8881.
8882.
8883.
8887.
8890.
8891.
8893.
8895.
8897.
8898.
8899.
8901.
8904.
8904.
8907.
8907.
8910.
8911.
8912.
8914.
8915.
8916.
8916.
8918.
8919.
8918.
8919.
8920.
8920.
8921.
8921.
8922.
8921.
8922.
8922.
8923.
8923.
8922.
8921.
8921.
8921.
8922.
8920.
8920.
8920.
8920.
8919.
8918.
8919.
8917.
8916.
8916.
8913.
8913.
8911.
8910.
8911.
8910.
8907.
8904.
8903.
8903.
8901.
8897.
8897.
8896.
8895.
8892.
8891.
8888.
8884.
8882.
8881.
8878.
8877.
8875.
8872.
8870.
8866.
8864.
8861.
8858.
8856.
8854.
8850.
8847.
8843.
8842.
8838.
8835.
8829.
8828.
8825.
8821.
8818.
8812.
8811.
8806.
8800.
8797.
8793.
8790.
8784.
8779.
8775.
8769.
8764.
8760.
8756.
8749.
8744.
8740.
8737.
8731.
8724.
8719.
8715.
8709.
8704.
8698.
8693.
8688.
8682.
8676.
8671.
8665.
8659.
8653.
8648.
8643.
8636.
8630.
8625.
8618.
8613.
8607.
8601.
8596.
8590.
8584.
8577.
8571.
8566.
8559.
8553.
8548.
8543.
8536.
8530.
8525.
8518.
8511.
8505.
8500.
8494.
8486.
8481.
8474.
8467.
8461.
8456.
8448.
8441.
8436.
8430.
8424.
8418.
8412.
8406.
8399.
8392.
8387.
8381.
8374.
8368.
8362.
8356.
8350.
8344.
8338.
8332.
8325.
8318.
8312.
8307.
8300.
8293.
8288.
8282.
8275.
8269.
8263.
8258.
8250.
8244.
8238.
8232.
8225.
8217.
8213.
8207.
8201.
8194.
8190.
8182.
8176.
8171.
8165.
8159.
8153.
8146.
8141.
8135.
8129.
8124.
8118.
8111.
8107.
8100.
8095.
8089.
8083.
8078.
8073.
8067.
8061.
8056.
8049.
8045.
8039.
8033.
8029.
8023.
8018.
8012.
8006.
8001.
7996.
7992.
7985.
7981.
7976.
7969.
7964.
7958.
7953.
7947.
7942.
7937.
7931.
7926.
7921.
7915.
7910.
7904.
7900.
7894.
7888.
7884.
7880.
7874.
7869.
7864.
7859.
7856.
7850.
7845.
7840.
7836.
7831.
7826.
7821.
7815.
7811.
7807.
7803.
7797.
7792.
7788.
7784.
7778.
7775.
7770.
7765.
7761.
7757.
7752.
7747.
7743.
7738.
7735.
7730.
7726.
7721.
7717.
7711.
7707.
7702.
7699.
7695.
7690.
7686.
7681.
7677.
7673.
7668.
7664.
7659.
7654.
7650.
7645.
7640.
7636.
7631.
7627.
7624.
7619.
7616.
7612.
7608.
7604.
7599.
7596.
7592.
7588.
7585.
7580.
7577.
7575.
7571.
7566.
7564.
7562.
7558.
7553.
7550.
7548.
7545.
7541.
7538.
7536.
7531.
7528.
7528.
7523.
7521.
7519.
7515.
7514.
7511.
7508.
7506.
7504.
7501.
7499.
7498.
7496.
7495.
7493.
7491.
7490.
7487.
7484.
7484.
7483.
7480.
7480.
7479.
7478.
7477.
7474.
7474.
7473.
7471.
7470.
7471.
7470.
7469.
7468.
7467.
7467.
7466.
7465.
7466.
7465.
7465.
7464.
7465.
7465.
7464.
7463.
7464.
7464.
7463.
7464.
7464.
7464.
7463.
7464.
7464.
7465.
7465.
7465.
7466.
7465.
7466.
7466.
7467.
7468.
7468.
7467.
7469.
7470.
7470.
7471.
7472.
7474.
7475.
7475.
7478.
7479.
7479.
7481.
7482.
7484.
7485.
7486.
7487.
7490.
7491.
7493.
7495.
7498.
7499.
7499.
7502.
7505.
7507.
7508.
7511.
7512.
7514.
7517.
7519.
7523.
7525.
7528.
7530.
7533.
7534.
7538.
7540.
7544.
7547.
7550.
7553.
7556.
7559.
7562.
7566.
7570.
7574.
7577.
7581.
7585.
7589.
7592.
7596.
7600.
7605.
7610.
7614.
7617.
7621.
7626.
7630.
7637.
7640.
7645.
7651.
7656.
7660.
7666.
7670.
7675.
7681.
7686.
7693.
7696.
7703.
7708.
7715.
7721.
7727.
7734.
7739.
7745.
7754.
7759.
7766.
7773.
7779.
7787.
7794.
7802.
7808.
7817.
7824.
7832.
7839.
7846.
7854.
7863.
7870.
7879.
7885.
7894.
7902.
7910.
7917.
7927.
7934.
7942.
7950.
7959.
7966.
7975.
7982.
7993.
8002.
8009.
8018.
8027.
8035.
8044.
8052.
8062.
8069.
8079.
8086.
8095.
8104.
8112.
8121.
8129.
8139.
8148.
8155.
8163.
8172.
8181.
8188.
8197.
8206.
8214.
8223.
8231.
8237.
8245.
8253.
8261.
8268.
8277.
8285.
8292.
8301.
8307.
8315.
8324.
8331.
8338.
8345.
8354.
8362.
8369.
8375.
8384.
8391.
8398.
8406.
8413.
8420.
8427.
8434.
8442.
8447.
8454.
8463.
8467.
8474.
8479.
8486.
8493.
8499.
8505.
8511.
8518.
8524.
8530.
8536.
8542.
8548.
8553.
8559.
8565.
8571.
8577.
8582.
8587.
8593.
8598.
8603.
8608.
8614.
8620.
8624.
8629.
8633.
8639.
8644.
8649.
8654.
8659.
8663.
8669.
8673.
8677.
8682.
8687.
8691.
8697.
8703.
8706.
8711.
8715.
8720.
8724.
8729.
8732.
8737.
8741.
8746.
8751.
8754.
8759.
8762.
8765.
8770.
8773.
8779.
8783.
8786.
8791.
8794.
8798.
8803.
8807.
8811.
8813.
8818.
8823.
8826.
8829.
8833.
8837.
8840.
8844.
8848.
8853.
8857.
8858.
8864.
8867.
8871.
8874.
8878.
8882.
8886.
8888.
8890.
8895.
8899.
8902.
8905.
8909.
8912.
8916.
8919.
8922.
8925.
8929.
8932.
8936.
8938.
8942.
8944.
8947.
8950.
8953.
8958.
8960.
8963.
8966.
8968.
8972.
8975.
8976.
8980.
8982.
8986.
8986.
8990.
8993.
8996.
8998.
9002.
9005.
9006.
9010.
9013.
9014.
9016.
9018.
9021.
9024.
9025.
9027.
9030.
9033.
9034.
9036.
9038.
9041.
9044.
9046.
9046.
9049.
9049.
9051.
9054.
9054.
9056.
9057.
9059.
9061.
9063.
9063.
9066.
9065.
9067.
9068.
9069.
9070.
9070.
9071.
9073.
9074.
9073.
9074.
9075.
9076.
9076.
9077.
9076.
9076.
9076.
9077.
9077.
9076.
9075.
9075.
9074.
9074.
9074.
9073.
9071.
9071.
9070.
9070.
9068.
9067.
9065.
9063.
9062.
9062.
9061.
9059.
9058.
9055.
9052.
9049.
9048.
9046.
9043.
9040.
9038.
9036.
9032.
9030.
9029.
9024.
9020.
9017.
9014.
9010.
9006.
9000.
8997.
8993.
8989.
8984.
8980.
8974.
8969.
8965.
8958.
8953.
8947.
8940.
8935.
8927.
8922.
8914.
8908.
8901.
8893.
8885.
8878.
8871.
8863.
8854.
8847.
8839.
8830.
8821.
8813.
8805.
8795.
8785.
8777.
8768.
8758.
8749.
8740.
8732.
8721.
8711.
8702.
8693.
8681.
8671.
8661.
8650.
8641.
8631.
8621.
8611.
8601.
8591.
8582.
8572.
8561.
8551.
8541.
8531.
8522.
8511.
8501.
8492.
8482.
8471.
8462.
8452.
8442.
8433.
8422.
8413.
8404.
8393.
8385.
8376.
8366.
8355.
8347.
8338.
8330.
8320.
8311.
8301.
8293.
8285.
8277.
8267.
8258.
8251.
8244.
8235.
8226.
8219.
8211.
8204.
8197.
8189.
8181.
8175.
8166.
8160.
8152.
8144.
8138.
8131.
8123.
8116.
8110.
8103.
8097.
8091.
8084.
8079.
8071.
8065.
8059.
8053.
8047.
8041.
8036.
8028.
8024.
8019.
8011.
8006.
8002.
7996.
7991.
7985.
7980.
7976.
7972.
7967.
7961.
7957.
7952.
7948.
7944.
7940.
7935.
7930.
7927.
7922.
7918.
7913.
7910.
7906.
7901.
7897.
7893.
7889.
7885.
7881.
7876.
7872.
7869.
7865.
7860.
7856.
7853.
7848.
7846.
7841.
7838.
7834.
7830.
7827.
7824.
7819.
7816.
7811.
7806.
7804.
7799.
7796.
7792.
7789.
7785.
7779.
7776.
7772.
7767.
7764.
7759.
7755.
7753.
7746.
7743.
7738.
7735.
7729.
7725.
7719.
7717.
7712.
7708.
7702.
7698.
7692.
7688.
7684.
7679.
7675.
7670.
7665.
7659.
7655.
7650.
7644.
7638.
7633.
7628.
7622.
7617.
7611.
7606.
7599.
7593.
7587.
7582.
7577.
7571.
7566.
7559.
7553.
7546.
7540.
7533.
7528.
7521.
7516.
7507.
7501.
7496.
7490.
7483.
7477.
7469.
7463.
7456.
7450.
7443.
7438.
7431.
7424.
7418.
7412.
7405.
7399.
7394.
7387.
7381.
7378.
7371.
7366.
7360.
7356.
7349.
7344.
7340.
7335.
7330.
7327.
7322.
7319.
7315.
7311.
7308.
7306.
7302.
7298.
7294.
7293.
7290.
7286.
7283.
7281.
7281.
7278.
7275.
7274.
7272.
7272.
7270.
7269.
7268.
7267.
7267.
7266.
7266.
7266.
7265.
7266.
7266.
7267.
7268.
7268.
7269.
7269.
7271.
7272.
7272.
7275.
7277.
7277.
7278.
7280.
7282.
7284.
7286.
7288.
7291.
7292.
7295.
7296.
7300.
7303.
7304.
7308.
7311.
7313.
7316.
7318.
7323.
7326.
7327.
7331.
7335.
7339.
7343.
7347.
7350.
7353.
7357.
7361.
7365.
7367.
7371.
7377.
7380.
7384.
7389.
7394.
7398.
7403.
7408.
7412.
7415.
7421.
7427.
7431.
7435.
7439.
7445.
7451.
7456.
7462.
7468.
7473.
7477.
7484.
7490.
7497.
7500.
7505.
7512.
7518.
7523.
7529.
7535.
7543.
7548.
7554.
7560.
7567.
7573.
7580.
7587.
7594.
7600.
7607.
7615.
7621.
7628.
7635.
7641.
7649.
7657.
7663.
7672.
7679.
7687.
7694.
7701.
7709.
7717.
7724.
7732.
7740.
7749.
7757.
7765.
7772.
7780.
7789.
7796.
7806.
7814.
7821.
7831.
7839.
7848.
7855.
7864.
7874.
7882.
7891.
7899.
7909.
7916.
7925.
7935.
7944.
7953.
7961.
7971.
7980.
7989.
7998.
8007.
8017.
8026.
8035.
8044.
8052.
8061.
8071.
8080.
8088.
8097.
8107.
8115.
8124.
8134.
8142.
8151.
8159.
8170.
8178.
8185.
8195.
8205.
8213.
8221.
8230.
8239.
8249.
8256.
8264.
8274.
8282.
8291.
8298.
8308.
8316.
8323.
8332.
8341.
8347.
8357.
8366.
8373.
8380.
8388.
8397.
8405.
8412.
8420.
8429.
8436.
8443.
8450.
8460.
8466.
8474.
8481.
8488.
8496.
8503.
8510.
8518.
8526.
8531.
8538.
8546.
8553.
8558.
8563.
8571.
8579.
8585.
8591.
8597.
8603.
8609.
8615.
8622.
8627.
8634.
8640.
8645.
8650.
8657.
8663.
8668.
8673.
8679.
8686.
8691.
8698.
8700.
8707.
8713.
8718.
8724.
8730.
8733.
8738.
8742.
8748.
8753.
8758.
8764.
8768.
8772.
8778.
8782.
8788.
8793.
8798.
8803.
8807.
8813.
8817.
8822.
8825.
8831.
8836.
8840.
8846.
8850.
8855.
8860.
8863.
8869.
8874.
8878.
8882.
8887.
8891.
8896.
8900.
8903.
8907.
8912.
8917.
8921.
8925.
8930.
8934.
8938.
8941.
8946.
8950.
8954.
8960.
8962.
8964.
8969.
8975.
8977.
8981.
8984.
8987.
8991.
8995.
8999.
9003.
9007.
9009.
9012.
9016.
9019.
9022.
9026.
9028.
9030.
9034.
9038.
9041.
9044.
9046.
9050.
9053.
9056.
9057.
9060.
9064.
9066.
9069.
9072.
9075.
9076.
9080.
9082.
9084.
9086.
9087.
9090.
9092.
9093.
9096.
9098.
9100.
9100.
9102.
9104.
9105.
9104.
9106.
9108.
9108.
9110.
9111.
9111.
9111.
9111.
9110.
9111.
9110.
9110.
9110.
9110.
9109.
9108.
9106.
9106.
9103.
9103.
9102.
9101.
9098.
9095.
9095.
9091.
9089.
9088.
9085.
9084.
9082.
9078.
9074.
9072.
9070.
9066.
9062.
9059.
9057.
9054.
9051.
9047.
9042.
9038.
9034.
9030.
9026.
9023.
9018.
9014.
9008.
9003.
8999.
8994.
8990.
8984.
8980.
8974.
8968.
8965.
8958.
8953.
8947.
8941.
8936.
8930.
8924.
8918.
8912.
8906.
8898.
8891.
8885.
8880.
8872.
8864.
8858.
8849.
8843.
8835.
8829.
8821.
8814.
8805.
8797.
8790.
8781.
8773.
8765.
8759.
8750.
8741.
8733.
8725.
8717.
8708.
8701.
8690.
8683.
8674.
8667.
8658.
8650.
8642.
8632.
8625.
8616.
8607.
8600.
8591.
8584.
8574.
8567.
8559.
8551.
8541.
8534.
8526.
8517.
8508.
8502.
8495.
8486.
8477.
8468.
8461.
8453.
8445.
8437.
8428.
8420.
8413.
8405.
8398.
8389.
8380.
8374.
8366.
8357.
8349.
8342.
8335.
8326.
8319.
8311.
8303.
8295.
8288.
8281.
8274.
8267.
8259.
8253.
8246.
8238.
8231.
8224.
8217.
8210.
8204.
8198.
8191.
8184.
8178.
8173.
8164.
8157.
8150.
8145.
8138.
8133.
8126.
8120.
8113.
8108.
8102.
8095.
8088.
8084.
8077.
8071.
8067.
8061.
8053.
8047.
8041.
8036.
8029.
8024.
8018.
8011.
8005.
8000.
7995.
7988.
7983.
7976.
7971.
7965.
7959.
7954.
7948.
7942.
7937.
7931.
7924.
7918.
7913.
7907.
7903.
7896.
7890.
7885.
7879.
7873.
7868.
7861.
7855.
7849.
7844.
7838.
7832.
7825.
7820.
7814.
7808.
7800.
7795.
7788.
7783.
7776.
7769.
7763.
7757.
7749.
7743.
7737.
7731.
7725.
7718.
7710.
7704.
7699.
7691.
7685.
7677.
7671.
7665.
7657.
7650.
7645.
7638.
7632.
7624.
7617.
7611.
7604.
7597.
7590.
7583.
7577.
7570.
7564.
7557.
7550.
7543.
7536.
7529.
7524.
7516.
7508.
7502.
7496.
7490.
7483.
7475.
7470.
7464.
7456.
7449.
7443.
7437.
7430.
7424.
7419.
7412.
7406.
7400.
7394.
7387.
7381.
7376.
7371.
7364.
7361.
7356.
7352.
7346.
7340.
7336.
7333.
7330.
7325.
7320.
7318.
7314.
7308.
7305.
7302.
7301.
7296.
7294.
7291.
7287.
7286.
7284.
7281.
7279.
7277.
7276.
7274.
7272.
7271.
7270.
7268.
7268.
7268.
7266.
7264.
7263.
7264.
7263.
7261.
7262.
7262.
7263.
7262.
7262.
7261.
7262.
7262.
7262.
7263.
7263.
7262.
7263.
7264.
7264.
7265.
7265.
7267.
7267.
7267.
7269.
7269.
7269.
7271.
7272.
7274.
7274.
7276.
7278.
7279.
7279.
7280.
7282.
7282.
7285.
7286.
7287.
7289.
7290.
7290.
7293.
7294.
7295.
7298.
7299.
7300.
7303.
7304.
7305.
7308.
7309.
7310.
7312.
7315.
7316.
7317.
7320.
7321.
7323.
7325.
7327.
7329.
7332.
7335.
7337.
7337.
7340.
7341.
7345.
7348.
7350.
7352.
7354.
7357.
7361.
7363.
7365.
7368.
7372.
7375.
7379.
7381.
7385.
7387.
7390.
7394.
7398.
7401.
7406.
7409.
7412.
7418.
7422.
7425.
7431.
7435.
7439.
7443.
7447.
7453.
7458.
7462.
7466.
7471.
7477.
7482.
7487.
7492.
7497.
7501.
7508.
7512.
7520.
7526.
7530.
7536.
7542.
7549.
7554.
7560.
7568.
7574.
7580.
7587.
7594.
7599.
7606.
7614.
7621.
7629.
7637.
7643.
7650.
7659.
7665.
7672.
7679.
7687.
7696.
7704.
7711.
7720.
7727.
7734.
7742.
7751.
7759.
7765.
7773.
7781.
7790.
7798.
7807.
7815.
7823.
7833.
7840.
7848.
7857.
7867.
7876.
7884.
7893.
7902.
7910.
7919.
7929.
7939.
7948.
7957.
7966.
7975.
7986.
7994.
8003.
8012.
8021.
8029.
8038.
8046.
8056.
8064.
8072.
8081.
8090.
8098.
8106.
8115.
8122.
8131.
8139.
8147.
8154.
8162.
8172.
8179.
8186.
8194.
8202.
8211.
8217.
8225.
8232.
8240.
8248.
8255.
8262.
8270.
8277.
8283.
8290.
8297.
8304.
8311.
8316.
8323.
8331.
8339.
8344.
8351.
8358.
8364.
8370.
8377.
8384.
8391.
8397.
8403.
8410.
8416.
8422.
8428.
8435.
8441.
8447.
8453.
8459.
8465.
8471.
8476.
8483.
8489.
8494.
8500.
8507.
8511.
8516.
8522.
8528.
8534.
8540.
8545.
8551.
8556.
8560.
8567.
8571.
8577.
8582.
8588.
8593.
8598.
8604.
8610.
8615.
8618.
8624.
8629.
8636.
8641.
8645.
8652.
8656.
8662.
8666.
8672.
8676.
8681.
8686.
8692.
8696.
8701.
8706.
8712.
8717.
8722.
8726.
8730.
8736.
8739.
8745.
8751.
8756.
8760.
8765.
8770.
8775.
8780.
8783.
8789.
8794.
8798.
8801.
8806.
8810.
8815.
8820.
8824.
8828.
8832.
8837.
8841.
8848.
8850.
8854.
8858.
8863.
8866.
8872.
8875.
8880.
8883.
8887.
8892.
8896.
8899.
8903.
8907.
8910.
8914.
8918.
8920.
8925.
8929.
8930.
8934.
8936.
8939.
8942.
8946.
8948.
8951.
8954.
8956.
8960.
8962.
8965.
8967.
8968.
8972.
8974.
8975.
8976.
8979.
8981.
8983.
8984.
8987.
8989.
8990.
8990.
8992.
8993.
8995.
8996.
8997.
8998.
8998.
9000.
9000.
9001.
9002.
9002.
9002.
9002.
9002.
9004.
9003.
9004.
9004.
9004.
9003.
9003.
9003.
9003.
9002.
9002.
9003.
9002.
9003.
9002.
9000.
9001.
9000.
9001.
9001.
9001.
8999.
8999.
8999.
8999.
8998.
8998.
8998.
8998.
8998.
8997.
8997.
8996.
8997.
8996.
8995.
8995.
8995.
8994.
8995.
8993.
8994.
8992.
8992.
8992.
8991.
8990.
8990.
8989.
8989.
8987.
8986.
8985.
8984.
8985.
8983.
8982.
8980.
8979.
8979.
8976.
8975.
8975.
8974.
8972.
8970.
8968.
8967.
8965.
8964.
8962.
8959.
8959.
8957.
8953.
8952.
8949.
8948.
8944.
8943.
8941.
8937.
8934.
8932.
8930.
8926.
8922.
8921.
8916.
8911.
8907.
8904.
8900.
8895.
8891.
8887.
8881.
8878.
8871.
8866.
8860.
8854.
8848.
8842.
8836.
8830.
8823.
8816.
8810.
8802.
8794.
8786.
8780.
8771.
8762.
8754.
8745.
8737.
8729.
8720.
8711.
8702.
8694.
8684.
8674.
8665.
8656.
8646.
8636.
8627.
8618.
8607.
8597.
8588.
8578.
8568.
8557.
8549.
8538.
8528.
8518.
8508.
8498.
8487.
8477.
8466.
8456.
8445.
8435.
8423.
8413.
8402.
8392.
8380.
8370.
8359.
8349.
8338.
8327.
8317.
8307.
8296.
8287.
8277.
8265.
8255.
8244.
8234.
8225.
8214.
8203.
8194.
8184.
8174.
8164.
8154.
8145.
8136.
8126.
8115.
8107.
8099.
8089.
8080.
8072.
8063.
8054.
8045.
8036.
8028.
8019.
8011.
8002.
7995.
7986.
7979.
7970.
7963.
7954.
7948.
7942.
7933.
7926.
7919.
7910.
7903.
7896.
7891.
7885.
7876.
7870.
7864.
7858.
7851.
7844.
7838.
7831.
7825.
7820.
7814.
7810.
7803.
7797.
7792.
7787.
7782.
7777.
7770.
7763.
7759.
7755.
7750.
7743.
7738.
7734.
7730.
7725.
7720.
7715.
7710.
7705.
7699.
7694.
7691.
7686.
7682.
7677.
7672.
7668.
7665.
7660.
7655.
7651.
7648.
7643.
7639.
7635.
7630.
7626.
7622.
7618.
7614.
7610.
7607.
7602.
7598.
7594.
7592.
7588.
7585.
7581.
7578.
7574.
7571.
7568.
7564.
7561.
7557.
7555.
7552.
7550.
7547.
7541.
7539.
7536.
7534.
7529.
7528.
7524.
7522.
7519.
7517.
7513.
7510.
7509.
7505.
7502.
7499.
7498.
7494.
7491.
7488.
7487.
7483.
7481.
7479.
7475.
7474.
7471.
7468.
7467.
7465.
7463.
7460.
7457.
7456.
7454.
7451.
7449.
7448.
7446.
7445.
7442.
7440.
7439.
7437.
7436.
7433.
7434.
7430.
7427.
7426.
7425.
7422.
7421.
7420.
7420.
7418.
7416.
7413.
7412.
7410.
7409.
7409.
7407.
7404.
7403.
7402.
7401.
7400.
7399.
7397.
7396.
7395.
7394.
7393.
7392.
7391.
7390.
7390.
7389.
7387.
7387.
7385.
7385.
7383.
7383.
7382.
7381.
7381.
7381.
7380.
7378.
7377.
7376.
7377.
7376.
7376.
7376.
7375.
7375.
7375.
7374.
7373.
7375.
7374.
7372.
7372.
7372.
7372.
7372.
7372.
7373.
7372.
7374.
7373.
7374.
7375.
7376.
7376.
7377.
7376.
7378.
7380.
7380.
7381.
7383.
7384.
7386.
7386.
7389.
7390.
7390.
7393.
7395.
7397.
7397.
7400.
7402.
7406.
7407.
7409.
7411.
7414.
7417.
7420.
7423.
7426.
7431.
7433.
7435.
7439.
7442.
7446.
7451.
7454.
7460.
7463.
7467.
7470.
7476.
7479.
7483.
7490.
7493.
7497.
7502.
7507.
7512.
7517.
7522.
7527.
7532.
7537.
7542.
7548.
7553.
7558.
7564.
7569.
7577.
7582.
7588.
7594.
7601.
7607.
7613.
7619.
7625.
7632.
7638.
7644.
7650.
7657.
7664.
7671.
7677.
7683.
7690.
7697.
7704.
7710.
7716.
7724.
7732.
7738.
7745.
7753.
7760.
7767.
7773.
7781.
7789.
7795.
7801.
7810.
7818.
7824.
7832.
7841.
7847.
7853.
7862.
7870.
7876.
7883.
7891.
7899.
7907.
7913.
7920.
7929.
7936.
7944.
7950.
7958.
7966.
7972.
7978.
7987.
7995.
8002.
8009.
8016.
8023.
8030.
8037.
8044.
8052.
8058.
8066.
8072.
8080.
8087.
8093.
8101.
8107.
8115.
8121.
8127.
8134.
8142.
8147.
8154.
8161.
8167.
8174.
8181.
8188.
8195.
8203.
8209.
8215.
8222.
8229.
8236.
8242.
8248.
8255.
8262.
8268.
8275.
8281.
8289.
8294.
8301.
8307.
8313.
8320.
8325.
8332.
8339.
8345.
8352.
8358.
8363.
8370.
8376.
8382.
8389.
8395.
8401.
8406.
8412.
8419.
8425.
8431.
8437.
8442.
8448.
8453.
8461.
8466.
8472.
8477.
8483.
8491.
8496.
8500.
8506.
8512.
8517.
8521.
8526.
8533.
8540.
8543.
8549.
8553.
8559.
8566.
8569.
8574.
8580.
8586.
8592.
8598.
8602.
8607.
8612.
8618.
8623.
8627.
8633.
8638.
8642.
8647.
8653.
8658.
8662.
8666.
8671.
8677.
8680.
8684.
8690.
8695.
8699.
8703.
8708.
8713.
8717.
8721.
8726.
8731.
8735.
8740.
8745.
8749.
8753.
8757.
8762.
8767.
8771.
8775.
8780.
8784.
8788.
8794.
8797.
8802.
8806.
8809.
8812.
8817.
8821.
8825.
8828.
8832.
8837.
8841.
8844.
8848.
8852.
8856.
8859.
8863.
8865.
8870.
8872.
8877.
8880.
8883.
8886.
8890.
8892.
8896.
8899.
8903.
8905.
8907.
8911.
8914.
8919.
8920.
8923.
8926.
8928.
8930.
8933.
8936.
8938.
8941.
8943.
8945.
8948.
8951.
8952.
8952.
8955.
8958.
8959.
8960.
8961.
8964.
8965.
8966.
8967.
8969.
8970.
8970.
8970.
8972.
8973.
8974.
8974.
8973.
8974.
8973.
8972.
8974.
8973.
8973.
8972.
8970.
8969.
8969.
8969.
8967.
8966.
8964.
8963.
8961.
8960.
8958.
8955.
8953.
8951.
8949.
8946.
8943.
8940.
8939.
8936.
8930.
8927.
8925.
8922.
8918.
8912.
8909.
8905.
8900.
8897.
8890.
8886.
8883.
8877.
8873.
8867.
8862.
8856.
8850.
8845.
8837.
8831.
8826.
8819.
8813.
8805.
8800.
8792.
8784.
8779.
8772.
8764.
8756.
8749.
8741.
8732.
8725.
8718.
8709.
8701.
8694.
8688.
8680.
8671.
8664.
8657.
8649.
8642.
8633.
8627.
8619.
8611.
8605.
8597.
8588.
8582.
8572.
8566.
8558.
8553.
8543.
8535.
8529.
8522.
8513.
8506.
8497.
8491.
8484.
8476.
8469.
8460.
8452.
8445.
8440.
8432.
8424.
8416.
8411.
8404.
8396.
8390.
8382.
8375.
8367.
8361.
8356.
8349.
8341.
8336.
8330.
8322.
8316.
8312.
8304.
8299.
8292.
8287.
8281.
8275.
8269.
8265.
8259.
8253.
8247.
8243.
8237.
8231.
8225.
8221.
8216.
8210.
8205.
8200.
8194.
8189.
8183.
8178.
8173.
8169.
8163.
8156.
8151.
8149.
8142.
8136.
8132.
8125.
8120.
8117.
8113.
8105.
8099.
8096.
8091.
8085.
8080.
8076.
8070.
8065.
8059.
8054.
8050.
8044.
8038.
8034.
8028.
8023.
8018.
8011.
8007.
8000.
7995.
7989.
7984.
7979.
7972.
7966.
7962.
7954.
7949.
7944.
7936.
7931.
7925.
7919.
7913.
7907.
7901.
7894.
7888.
7881.
7874.
7870.
7863.
7856.
7850.
7844.
7838.
7831.
7825.
7818.
7812.
7806.
7798.
7792.
7786.
7779.
7773.
7766.
7761.
7754.
7748.
7741.
7734.
7728.
7721.
7715.
7709.
7703.
7697.
7690.
7684.
7678.
7671.
7666.
7659.
7652.
7647.
7642.
7636.
7629.
7623.
7618.
7611.
7605.
7599.
7592.
7586.
7582.
7575.
7568.
7563.
7559.
7553.
7545.
7539.
7534.
7529.
7523.
7518.
7512.
7507.
7502.
7497.
7491.
7484.
7478.
7475.
7469.
7463.
7458.
7453.
7447.
7441.
7438.
7434.
7429.
7424.
7419.
7414.
7409.
7405.
7400.
7396.
7392.
7386.
7381.
7378.
7374.
7369.
7365.
7362.
7358.
7353.
7351.
7346.
7344.
7339.
7336.
7333.
7329.
7324.
7322.
7320.
7318.
7315.
7312.
7308.
7304.
7302.
7299.
7298.
7294.
7294.
7291.
7288.
7288.
7285.
7283.
7281.
7280.
7279.
7277.
7277.
7275.
7272.
7271.
7271.
7269.
7268.
7268.
7266.
7265.
7265.
7264.