8534.
8534.
8536.
8535.
8534.
8533.
8534.
8534.
8533.
8533.
8534.
8534.
8534.
8533.
8533.
8534.
8533.
8533.
8533.
8533.
8532.
8532.
8533.
8531.
8532.
8530.
8531.
8532.
8531.
8531.
8531.
8531.
8530.
8530.
8530.
8529.
8529.
8529.
8530.
8529.
8528.
8527.
8528.
8528.
8527.
8527.
8528.
8526.
8527.
8527.
8527.
8525.
8525.
8524.
8526.
8525.
8526.
8524.
8524.
8523.
8523.
8522.
8524.
8522.
8521.
8522.
8522.
8521.
8521.
8520.
8520.
8521.
8520.
8519.
8519.
8518.
8517.
8517.
8517.
8517.
8516.
8515.
8517.
8516.
8515.
8515.
8515.
8514.
8514.
8513.
8513.
8512.
8512.
8512.
8513.
8512.
8512.
8512.
8511.
8511.
8510.
8510.
8511.
8510.
8511.
8510.
8509.
8509.
8511.
8509.
8509.
8509.
8509.
8509.
8511.
8509.
8510.
8510.
8510.
8509.
8510.
8509.
8509.
8510.
8510.
8510.
8510.
8510.
8511.
8511.
8511.
8511.
8511.
8512.
8512.
8511.
8512.
8513.
8513.
8514.
8514.
8514.
8515.
8514.
8514.
8515.
8517.
8517.
8517.
8518.
8520.
8520.
8521.
8521.
8522.
8523.
8524.
8525.
8526.
8526.
8528.
8529.
8530.
8530.
8532.
8533.
8535.
8535.
8537.
8539.
8540.
8542.
8544.
8545.
8547.
8550.
8551.
8552.
8554.
8556.
8559.
8559.
8562.
8563.
8567.
8569.
8572.
8574.
8575.
8579.
8583.
8584.
8586.
8589.
8592.
8594.
8597.
8600.
8603.
8605.
8607.
8611.
8613.
8616.
8617.
8620.
8622.
8624.
8627.
8629.
8632.
8635.
8638.
8640.
8641.
8643.
8645.
8648.
8648.
8651.
8653.
8654.
8656.
8658.
8659.
8661.
8662.
8664.
8664.
8666.
8665.
8668.
8666.
8667.
8666.
8667.
8668.
8667.
8666.
8665.
8665.
8664.
8663.
8663.
8660.
8660.
8658.
8655.
8652.
8650.
8649.
8646.
8643.
8642.
8637.
8635.
8633.
8630.
8627.
8621.
8619.
8615.
8610.
8606.
8603.
8598.
8594.
8591.
8585.
8581.
8575.
8571.
8567.
8561.
8556.
8552.
8544.
8539.
8532.
8525.
8519.
8513.
8507.
8500.
8494.
8487.
8479.
8472.
8466.
8458.
8451.
8443.
8435.
8427.
8419.
8410.
8402.
8394.
8386.
8377.
8368.
8360.
8350.
8343.
8333.
8324.
8314.
8305.
8297.
8287.
8277.
8268.
8258.
8249.
8238.
8229.
8219.
8209.
8199.
8190.
8179.
8169.
8158.
8148.
8138.
8128.
8117.
8107.
8097.
8085.
8075.
8063.
8053.
8043.
8031.
8020.
8009.
7999.
7987.
7976.
7966.
7956.
7944.
7932.
7921.
7910.
7898.
7889.
7878.
7866.
7853.
7842.
7831.
7821.
7809.
7799.
7789.
7775.
7764.
7754.
7742.
7732.
7722.
7710.
7700.
7690.
7678.
7669.
7659.
7649.
7639.
7629.
7619.
7610.
7601.
7592.
7584.
7575.
7567.
7558.
7552.
7544.
7536.
7529.
7523.
7516.
7511.
7504.
7499.
7495.
7491.
7486.
7483.
7479.
7475.
7473.
7473.
7471.
7468.
7468.
7467.
7468.
7466.
7468.
7469.
7469.
7471.
7472.
7475.
7478.
7481.
7482.
7486.
7490.
7494.
7498.
7504.
7508.
7514.
7520.
7526.
7532.
7539.
7546.
7552.
7561.
7569.
7577.
7585.
7594.
7604.
7614.
7625.
7634.
7645.
7655.
7667.
7678.
7693.
7700.
7713.
7729.
7739.
7752.
7766.
7783.
7796.
7807.
7823.
7838.
7853.
7868.
7884.
7900.
7915.
7932.
7947.
7963.
7980.
7996.
8012.
8029.
8045.
8063.
8080.
8097.
8113.
8130.
8147.
8166.
8182.
8198.
8216.
8234.
8252.
8268.
8285.
8303.
8321.
8339.
8355.
8372.
8389.
8406.
8424.
8440.
8458.
8475.
8492.
8507.
8523.
8540.
8557.
8573.
8589.
8605.
8621.
8639.
8655.
8667.
8683.
8699.
8716.
8728.
8743.
8760.
8775.
8787.
8800.
8816.
8832.
8844.
8857.
8870.
8885.
8899.
8910.
8927.
8940.
8949.
8962.
8974.
8990.
9002.
9013.
9025.
9038.
9048.
9058.
9073.
9083.
9095.
9107.
9116.
9126.
9137.
9146.
9158.
9166.
9176.
9186.
9195.
9205.
9214.
9224.
9233.
9242.
9251.
9260.
9269.
9278.
9286.
9294.
9302.
9310.
9318.
9326.
9333.
9341.
9348.
9354.
9361.
9368.
9376.
9381.
9388.
9393.
9400.
9405.
9410.
9417.
9423.
9428.
9434.
9439.
9444.
9449.
9454.
9460.
9465.
9469.
9473.
9478.
9482.
9487.
9492.
9494.
9499.
9502.
9507.
9510.
9514.
9516.
9519.
9523.
9525.
9528.
9531.
9533.
9536.
9538.
9540.
9541.
9543.
9545.
9545.
9546.
9547.
9548.
9550.
9550.
9549.
9550.
9550.
9550.
9549.
9549.
9548.
9548.
9546.
9545.
9544.
9542.
9540.
9538.
9537.
9534.
9531.
9530.
9526.
9523.
9520.
9518.
9513.
9510.
9506.
9501.
9496.
9491.
9484.
9480.
9476.
9470.
9464.
9459.
9453.
9445.
9438.
9432.
9423.
9416.
9408.
9401.
9392.
9385.
9376.
9367.
9357.
9348.
9338.
9328.
9320.
9310.
9298.
9287.
9278.
9266.
9255.
9243.
9232.
9220.
9208.
9197.
9185.
9171.
9159.
9146.
9135.
9120.
9107.
9094.
9080.
9067.
9052.
9038.
9023.
9008.
8994.
8980.
8965.
8949.
8934.
8919.
8904.
8888.
8870.
8855.
8841.
8822.
8806.
8791.
8775.
8758.
8740.
8724.
8706.
8687.
8672.
8653.
8638.
8620.
8601.
8584.
8566.
8548.
8531.
8513.
8494.
8477.
8459.
8441.
8424.
8406.
8386.
8369.
8349.
8330.
8312.
8292.
8276.
8257.
8238.
8218.
8200.
8182.
8163.
8144.
8127.
8108.
8090.
8072.
8054.
8034.
8017.
7999.
7982.
7963.
7945.
7929.
7912.
7893.
7877.
7860.
7843.
7826.
7810.
7795.
7778.
7762.
7745.
7730.
7715.
7700.
7685.
7671.
7658.
7643.
7630.
7616.
7603.
7590.
7577.
7564.
7554.
7541.
7530.
7519.
7508.
7498.
7488.
7477.
7468.
7458.
7449.
7440.
7432.
7424.
7417.
7411.
7405.
7395.
7391.
7384.
7378.
7372.
7366.
7363.
7359.
7353.
7350.
7346.
7341.
7339.
7335.
7330.
7329.
7327.
7324.
7322.
7322.
7319.
7318.
7317.
7317.
7316.
7317.
7316.
7318.
7319.
7320.
7320.
7322.
7323.
7325.
7329.
7331.
7333.
7337.
7342.
7344.
7348.
7353.
7358.
7362.
7366.
7372.
7378.
7384.
7389.
7397.
7403.
7410.
7416.
7423.
7432.
7440.
7448.
7455.
7463.
7472.
7480.
7490.
7498.
7508.
7517.
7527.
7538.
7548.
7557.
7567.
7577.
7589.
7601.
7610.
7621.
7634.
7646.
7658.
7669.
7681.
7694.
7704.
7716.
7733.
7745.
7757.
7770.
7787.
7798.
7813.
7826.
7841.
7855.
7869.
7884.
7901.
7916.
7930.
7946.
7962.
7977.
7991.
8006.
8021.
8037.
8054.
8069.
8085.
8102.
8119.
8136.
8154.
8170.
8185.
8203.
8220.
8238.
8254.
8271.
8289.
8305.
8322.
8340.
8357.
8373.
8390.
8407.
8423.
8440.
8457.
8473.
8490.
8505.
8521.
8537.
8554.
8570.
8586.
8602.
8618.
8634.
8650.
8665.
8681.
8698.
8712.
8729.
8746.
8760.
8772.
8788.
8802.
8819.
8832.
8847.
8863.
8877.
8890.
8901.
8919.
8931.
8942.
8956.
8972.
8984.
8996.
9007.
9023.
9034.
9045.
9055.
9071.
9082.
9090.
9103.
9115.
9125.
9138.
9146.
9159.
9169.
9177.
9187.
9198.
9208.
9217.
9225.
9235.
9245.
9253.
9262.
9270.
9277.
9284.
9293.
9301.
9307.
9314.
9319.
9327.
9333.
9338.
9344.
9350.
9356.
9359.
9364.
9369.
9373.
9377.
9379.
9382.
9384.
9388.
9391.
9394.
9396.
9398.
9399.
9402.
9402.
9403.
9403.
9406.
9405.
9405.
9405.
9405.
9405.
9404.
9403.
9401.
9400.
9400.
9397.
9396.
9393.
9393.
9390.
9387.
9383.
9380.
9378.
9373.
9369.
9366.
9364.
9359.
9356.
9350.
9345.
9341.
9336.
9331.
9324.
9318.
9313.
9305.
9298.
9293.
9286.
9278.
9270.
9263.
9255.
9247.
9238.
9230.
9221.
9211.
9203.
9193.
9182.
9172.
9164.
9153.
9142.
9132.
9121.
9109.
9097.
9086.
9076.
9063.
9050.
9040.
9028.
9015.
9003.
8989.
8977.
8963.
8950.
8936.
8924.
8910.
8896.
8881.
8868.
8854.
8839.
8823.
8810.
8796.
8780.
8765.
8749.
8734.
8718.
8702.
8685.
8669.
8654.
8636.
8619.
8604.
8585.
8567.
8552.
8535.
8516.
8499.
8480.
8464.
8445.
8426.
8408.
8391.
8373.
8355.
8337.
8319.
8299.
8281.
8263.
8245.
8226.
8207.
8189.
8171.
8152.
8135.
8117.
8098.
8081.
8062.
8044.
8027.
8007.
7990.
7972.
7955.
7938.
7919.
7902.
7884.
7868.
7850.
7833.
7816.
7799.
7782.
7766.
7750.
7732.
7717.
7702.
7687.
7672.
7657.
7641.
7627.
7614.
7600.
7585.
7572.
7560.
7548.
7535.
7523.
7511.
7500.
7488.
7479.
7466.
7457.
7445.
7436.
7426.
7417.
7409.
7400.
7391.
7383.
7375.
7368.
7360.
7354.
7347.
7340.
7335.
7328.
7322.
7317.
7312.
7307.
7302.
7298.
7294.
7290.
7286.
7282.
7280.
7276.
7271.
7270.
7269.
7264.
7262.
7262.
7261.
7259.
7258.
7257.
7258.
7258.
7259.
7259.
7260.
7260.
7261.
7263.
7264.
7265.
7268.
7270.
7272.
7274.
7278.
7281.
7286.
7290.
7292.
7296.
7301.
7305.
7311.
7314.
7320.
7324.
7331.
7337.
7343.
7351.
7357.
7364.
7372.
7381.
7389.
7397.
7406.
7416.
7425.
7434.
7443.
7454.
7464.
7475.
7486.
7494.
7504.
7520.
7530.
7542.
7554.
7567.
7579.
7588.
7603.
7617.
7628.
7640.
7656.
7669.
7683.
7694.
7710.
7725.
7738.
7750.
7763.
7779.
7794.
7809.
7825.
7843.
7855.
7871.
7886.
7905.
7918.
7934.
7950.
7968.
7982.
7998.
8014.
8030.
8047.
8064.
8079.
8096.
8112.
8129.
8144.
8161.
8178.
8194.
8209.
8226.
8243.
8259.
8275.
8291.
8307.
8321.
8338.
8354.
8370.
8386.
8402.
8418.
8434.
8449.
8465.
8479.
8496.
8511.
8527.
8544.
8559.
8570.
8585.
8601.
8617.
8631.
8646.
8664.
8677.
8689.
8703.
8718.
8734.
8747.
8761.
8778.
8792.
8803.
8818.
8834.
8847.
8860.
8870.
8887.
8899.
8912.
8923.
8936.
8950.
8960.
8972.
8984.
8997.
9009.
9020.
9031.
9043.
9054.
9064.
9074.
9083.
9093.
9103.
9112.
9121.
9130.
9140.
9147.
9156.
9164.
9172.
9179.
9185.
9192.
9200.
9207.
9213.
9219.
9226.
9232.
9238.
9241.
9248.
9252.
9257.
9261.
9265.
9269.
9272.
9277.
9280.
9283.
9286.
9288.
9290.
9294.
9294.
9296.
9298.
9299.
9300.
9301.
9301.
9303.
9303.
9303.
9303.
9303.
9302.
9301.
9300.
9298.
9298.
9296.
9295.
9293.
9290.
9289.
9288.
9286.
9282.
9279.
9275.
9273.
9269.
9265.
9262.
9259.
9256.
9251.
9247.
9241.
9236.
9232.
9228.
9222.
9217.
9209.
9205.
9200.
9192.
9185.
9180.
9174.
9166.
9160.
9154.
9145.
9138.
9130.
9122.
9115.
9106.
9097.
9090.
9081.
9072.
9062.
9054.
9043.
9033.
9025.
9015.
9005.
8994.
8985.
8974.
8964.
8953.
8941.
8930.
8920.
8908.
8896.
8884.
8872.
8860.
8847.
8835.
8823.
8811.
8797.
8784.
8771.
8757.
8743.
8729.
8715.
8702.
8686.
8671.
8657.
8642.
8628.
8612.
8597.
8582.
8567.
8552.
8535.
8520.
8505.
8489.
8472.
8456.
8440.
8424.
8408.
8391.
8376.
8359.
8343.
8327.
8311.
8296.
8280.
8265.
8248.
8233.
8217.
8203.
8187.
8172.
8157.
8141.
8125.
8111.
8096.
8083.
8067.
8053.
8038.
8025.
8009.
7995.
7982.
7966.
7953.
7939.
7926.
7910.
7897.
7883.
7870.
7856.
7841.
7829.
7816.
7803.
7790.
7775.
7763.
7750.
7738.
7726.
7713.
7702.
7689.
7676.
7665.
7652.
7641.
7629.
7618.
7608.
7596.
7584.
7575.
7563.
7554.
7544.
7532.
7522.
7513.
7503.
7494.
7484.
7475.
7466.
7457.
7448.
7440.
7432.
7424.
7414.
7407.
7400.
7393.
7386.
7380.
7371.
7364.
7358.
7353.
7347.
7340.
7335.
7330.
7326.
7320.
7315.
7311.
7308.
7305.
7300.
7297.
7295.
7292.
7289.
7285.
7284.
7282.
7280.
7279.
7276.
7276.
7275.
7274.
7274.
7275.
7274.
7275.
7275.
7275.
7275.
7277.
7278.
7281.
7281.
7284.
7285.
7287.
7288.
7291.
7293.
7295.
7299.
7302.
7305.
7309.
7312.
7315.
7319.
7322.
7327.
7331.
7335.
7341.
7346.
7351.
7354.
7361.
7367.
7372.
7379.
7384.
7390.
7395.
7403.
7409.
7416.
7423.
7430.
7437.
7444.
7452.
7460.
7468.
7474.
7483.
7491.
7499.
7507.
7515.
7524.
7534.
7543.
7550.
7560.
7570.
7580.
7590.
7599.
7608.
7617.
7628.
7637.
7647.
7658.
7668.
7678.
7689.
7701.
7711.
7722.
7732.
7743.
7752.
7765.
7779.
7788.
7799.
7810.
7826.
7839.
7848.
7862.
7876.
7888.
7898.
7912.
7926.
7940.
7948.
7964.
7978.
7992.
8001.
8016.
8031.
8044.
8055.
8067.
8084.
8095.
8107.
8122.
8137.
8150.
8160.
8175.
8191.
8203.
8213.
8228.
8245.
8256.
8267.
8279.
8294.
8308.
8321.
8335.
8349.
8362.
8372.
8388.
8403.
8414.
8424.
8438.
8454.
8465.
8474.
8488.
8504.
8516.
8526.
8537.
8551.
8564.
8575.
8585.
8601.
8612.
8624.
8634.
8646.
8658.
8669.
8681.
8692.
8704.
8713.
8722.
8736.
8745.
8755.
8764.
8776.
8788.
8797.
8806.
8817.
8828.
8835.
8844.
8855.
8866.
8876.
8884.
8893.
8902.
8910.
8919.
8927.
8936.
8943.
8951.
8958.
8966.
8973.
8980.
8987.
8994.
9000.
9008.
9013.
9019.
9025.
9031.
9036.
9042.
9047.
9051.
9057.
9061.
9068.
9071.
9074.
9079.
9084.
9087.
9091.
9094.
9099.
9102.
9105.
9107.
9111.
9113.
9116.
9120.
9120.
9124.
9126.
9127.
9128.
9132.
9132.
9133.
9135.
9138.
9138.
9138.
9139.
9140.
9141.
9140.
9140.
9139.
9139.
9138.
9138.
9137.
9136.
9134.
9132.
9133.
9132.
9129.
9127.
9124.
9122.
9121.
9117.
9114.
9112.
9108.
9105.
9102.
9100.
9095.
9091.
9088.
9085.
9080.
9076.
9072.
9067.
9061.
9057.
9052.
9047.
9041.
9036.
9030.
9023.
9018.
9011.
9004.
8997.
8989.
8982.
8977.
8967.
8960.
8951.
8943.
8935.
8927.
8916.
8908.
8899.
8891.
8880.
8870.
8861.
8849.
8840.
8829.
8819.
8807.
8795.
8784.
8772.
8760.
8748.
8736.
8724.
8711.
8699.
8685.
8672.
8659.
8646.
8632.
8619.
8604.
8590.
8577.
8562.
8549.
8533.
8520.
8505.
8490.
8475.
8459.
8444.
8429.
8413.
8399.
8383.
8367.
8352.
8338.
8322.
8306.
8289.
8276.
8260.
8243.
8227.
8212.
8197.
8180.
8165.
8149.
8132.
8117.
8102.
8085.
8071.
8054.
8039.
8022.
8007.
7991.
7976.
7962.
7945.
7929.
7914.
7899.
7883.
7868.
7852.
7837.
7822.
7808.
7793.
7778.
7763.
7749.
7733.
7719.
7704.
7690.
7676.
7661.
7648.
7635.
7620.
7606.
7593.
7581.
7568.
7556.
7543.
7531.
7519.
7509.
7498.
7486.
7475.
7466.
7457.
7446.
7437.
7428.
7418.
7410.
7403.
7395.
7387.
7379.
7372.
7365.
7358.
7351.
7344.
7337.
7334.
7326.
7322.
7317.
7312.
7307.
7302.
7298.
7294.
7291.
7288.
7284.
7279.
7275.
7274.
7270.
7268.
7265.
7263.
7262.
7261.
7259.
7258.
7256.
7255.
7255.
7255.
7254.
7253.
7255.
7255.
7254.
7255.
7254.
7256.
7257.
7258.
7258.
7259.
7260.
7261.
7264.
7266.
7267.
7270.
7272.
7274.
7277.
7279.
7282.
7285.
7288.
7291.
7293.
7296.
7300.
7304.
7308.
7311.
7314.
7319.
7323.
7327.
7333.
7338.
7342.
7347.
7352.
7357.
7362.
7367.
7374.
7380.
7385.
7392.
7398.
7405.
7412.
7419.
7426.
7433.
7441.
7448.
7458.
7466.
7473.
7478.
7487.
7496.
7504.
7512.
7521.
7529.
7537.
7547.
7556.
7566.
7575.
7585.
7593.
7604.
7614.
7624.
7635.
7646.
7657.
7668.
7679.
7690.
7703.
7711.
7723.
7737.
7747.
7757.
7773.
7786.
7797.
7807.
7822.
7835.
7848.
7858.
7874.
7889.
7898.
7911.
7922.
7938.
7954.
7963.
7978.
7994.
8005.
8018.
8031.
8048.
8059.
8072.
8087.
8101.
8115.
8125.
8141.
8156.
8170.
8180.
8195.
8213.
8225.
8235.
8249.
8265.
8281.
8291.
8305.
8321.
8334.
8345.
8359.
8374.
8387.
8398.
8411.
8429.
8441.
8452.
8465.
8479.
8492.
8502.
8517.
8530.
8544.
8553.
8567.
8581.
8595.
8603.
8618.
8631.
8642.
8654.
8665.
8679.
8692.
8702.
8712.
8725.
8736.
8747.
8757.
8770.
8781.
8792.
8803.
8814.
8824.
8833.
8844.
8854.
8863.
8874.
8883.
8892.
8902.
8910.
8919.
8928.
8936.
8945.
8954.
8961.
8972.
8979.
8987.
8995.
9002.
9010.
9019.
9026.
9034.
9041.
9049.
9056.
9061.
9068.
9076.
9083.
9088.
9094.
9099.
9105.
9110.
9116.
9121.
9127.
9132.
9137.
9141.
9145.
9149.
9153.
9158.
9162.
9165.
9169.
9171.
9175.
9177.
9179.
9183.
9186.
9188.
9189.
9193.
9193.
9195.
9197.
9198.
9197.
9199.
9199.
9200.
9202.
9201.
9201.
9203.
9200.
9199.
9199.
9200.
9197.
9197.
9196.
9195.
9194.
9193.
9190.
9189.
9186.
9184.
9180.
9178.
9175.
9172.
9169.
9167.
9162.
9158.
9156.
9150.
9147.
9142.
9138.
9133.
9128.
9123.
9118.
9111.
9106.
9099.
9093.
9086.
9079.
9071.
9066.
9057.
9049.
9041.
9033.
9024.
9015.
9006.
8997.
8988.
8978.
8968.
8959.
8946.
8936.
8926.
8915.
8904.
8893.
8881.
8868.
8857.
8844.
8831.
8818.
8805.
8793.
8780.
8766.
8752.
8739.
8724.
8709.
8697.
8683.
8667.
8652.
8638.
8623.
8608.
8592.
8576.
8560.
8545.
8529.
8513.
8496.
8479.
8463.
8445.
8430.
8413.
8396.
8379.
8363.
8345.
8329.
8311.
8292.
8274.
8257.
8241.
8223.
8205.
8187.
8169.
8152.
8136.
8118.
8100.
8084.
8067.
8049.
8033.
8017.
7999.
7982.
7964.
7949.
7934.
7916.
7901.
7885.
7869.
7853.
7837.
7821.
7804.
7789.
7773.
7758.
7743.
7728.
7713.
7698.
7684.
7670.
7656.
7642.
7628.
7614.
7601.
7588.
7575.
7562.
7550.
7539.
7526.
7513.
7503.
7492.
7481.
7470.
7461.
7450.
7441.
7431.
7422.
7413.
7404.
7395.
7387.
7379.
7370.
7363.
7356.
7347.
7340.
7334.
7328.
7321.
7315.
7309.
7302.
7296.
7293.
7289.
7284.
7279.
7273.
7271.
7265.
7263.
7260.
7256.
7255.
7251.
7250.
7248.
7246.
7245.
7244.
7242.
7242.
7241.
7242.
7242.
7241.
7241.
7242.
7243.
7243.
7245.
7246.
7248.
7250.
7252.
7255.
7258.
7260.
7263.
7265.
7269.
7271.
7277.
7280.
7284.
7288.
7293.
7298.
7303.
7308.
7314.
7318.
7325.
7332.
7337.
7344.
7351.
7358.
7365.
7372.
7380.
7387.
7393.
7402.
7411.
7420.
7428.
7435.
7443.
7454.
7463.
7472.
7481.
7492.
7501.
7511.
7521.
7531.
7543.
7553.
7564.
7574.
7586.
7596.
7605.
7620.
7632.
7644.
7653.
7668.
7680.
7692.
7701.
7717.
7730.
7744.
7753.
7767.
7783.
7796.
7805.
7820.
7836.
7850.
7861.
7876.
7892.
7903.
7917.
7933.
7949.
7962.
7974.
7991.
8007.
8019.
8035.
8048.
8066.
8080.
8093.
8109.
8125.
8141.
8152.
8169.
8185.
8199.
8211.
8225.
8243.
8256.
8269.
8284.
8301.
8313.
8324.
8339.
8355.
8366.
8378.
8392.
8408.
8420.
8432.
8442.
8459.
8471.
8481.
8495.
8508.
8520.
8529.
8544.
8557.
8568.
8577.
8591.
8603.
8614.
8624.
8635.
8649.
8659.
8667.
8681.
8693.
8703.
8713.
8723.
8736.
8746.
8755.
8766.
8780.
8790.
8799.
8811.
8821.
8831.
8841.
8851.
8862.
8872.
8882.
8891.
8902.
8910.
8921.
8931.
8941.
8950.
8960.
8969.
8977.
8987.
8997.
9005.
9015.
9023.
9032.
9040.
9049.
9057.
9066.
9074.
9082.
9089.
9097.
9104.
9112.
9120.
9127.
9134.
9140.
9146.
9152.
9159.
9166.
9171.
9177.
9181.
9187.
9192.
9197.
9202.
9206.
9209.
9213.
9217.
9221.
9224.
9227.
9230.
9233.
9234.
9237.
9239.
9241.
9242.
9245.
9245.
9247.
9247.
9248.
9248.
9249.
9248.
9246.
9246.
9247.
9245.
9244.
9243.
9243.
9240.
9238.
9236.
9234.
9232.
9229.
9227.
9223.
9221.
9217.
9215.
9212.
9209.
9204.
9201.
9196.
9191.
9186.
9180.
9175.
9171.
9165.
9160.
9154.
9148.
9141.
9135.
9129.
9122.
9114.
9107.
9099.
9090.
9083.
9076.
9067.
9057.
9048.
9040.
9030.
9021.
9011.
9002.
8992.
8980.
8970.
8959.
8949.
8937.
8927.
8916.
8904.
8892.
8880.
8867.
8857.
8844.
8830.
8819.
8807.
8792.
8780.
8766.
8753.
8739.
8725.
8710.
8699.
8683.
8670.
8655.
8641.
8627.
8614.
8598.
8583.
8569.
8555.
8539.
8524.
8509.
8495.
8480.
8465.
8451.
8434.
8419.
8405.
8390.
8375.
8359.
8345.
8329.
8313.
8299.
8284.
8270.
8255.
8239.
8224.
8209.
8194.
8179.
8164.
8149.
8134.
8121.
8105.
8090.
8076.
8062.
8046.
8032.
8017.
8002.
7989.
7974.
7960.
7945.
7933.
7917.
7903.
7891.
7877.
7864.
7851.
7838.
7824.
7811.
7800.
7788.
7776.
7764.
7752.
7740.
7729.
7717.
7706.
7696.
7685.
7675.
7665.
7656.
7645.
7635.
7627.
7617.
7608.
7598.
7588.
7579.
7572.
7564.
7556.
7546.
7538.
7529.
7522.
7513.
7508.
7500.
7492.
7485.
7479.
7472.
7466.
7460.
7454.
7450.
7443.
7439.
7433.
7428.
7423.
7420.
7414.
7410.
7406.
7401.
7398.
7395.
7393.
7389.
7385.
7383.
7379.
7378.
7377.
7373.
7372.
7371.
7368.
7366.
7366.
7364.
7363.
7363.
7362.
7361.
7361.
7360.
7361.
7360.
7361.
7362.
7361.
7362.
7363.
7363.
7364.
7365.
7366.
7368.
7371.
7373.
7375.
7376.
7379.
7381.
7383.
7386.
7390.
7394.
7397.
7400.
7402.
7408.
7411.
7414.
7418.
7423.
7427.
7432.
7437.
7442.
7446.
7452.
7458.
7464.
7470.
7475.
7481.
7488.
7496.
7503.
7508.
7516.
7523.
7531.
7538.
7546.
7554.
7562.
7570.
7578.
7587.
7594.
7604.
7614.
7623.
7631.
7642.
7650.
7662.
7672.
7681.
7692.
7702.
7714.
7724.
7735.
7748.
7757.
7768.
7782.
7795.
7807.
7817.
7831.
7846.
7858.
7868.
7883.
7898.
7912.
7921.
7936.
7953.
7965.
7978.
7991.
8008.
8021.
8035.
8049.
8066.
8080.
8092.
8108.
8122.
8135.
8150.
8163.
8181.
8193.
8207.
8221.
8238.
8251.
8263.
8277.
8295.
8308.
8319.
8334.
8349.
8363.
8373.
8389.
8403.
8417.
8426.
8441.
8457.
8469.
8480.
8491.
8508.
8519.
8530.
8543.
8557.
8568.
8581.
8590.
8604.
8616.
8624.
8636.
8650.
8659.
8669.
8681.
8691.
8700.
8708.
8716.
8727.
8736.
8745.
8755.
8763.
8771.
8779.
8787.
8794.
8803.
8808.
8816.
8822.
8829.
8835.
8842.
8848.
8854.
8860.
8864.
8871.
8874.
8879.
8883.
8889.
8893.
8897.
8901.
8905.
8907.
8910.
8913.
8917.
8921.
8922.
8924.
8926.
8927.
8929.
8930.
8932.
8933.
8933.
8934.
8933.
8934.
8934.
8934.
8934.
8934.
8933.
8933.
8932.
8931.
8929.
8927.
8927.
8925.
8923.
8921.
8921.
8921.
8915.
8914.
8912.
8910.
8907.
8905.
8903.
8902.
8897.
8895.
8893.
8889.
8886.
8884.
8881.
8877.
8874.
8868.
8867.
8862.
8859.
8855.
8853.
8848.
8844.
8840.
8836.
8833.
8830.
8825.
8821.
8817.
8812.
8808.
8802.
8797.
8791.
8787.
8784.
8777.
8771.
8765.
8760.
8752.
8747.
8741.
8735.
8729.
8722.
8715.
8709.
8702.
8694.
8686.
8679.
8672.
8663.
8655.
8648.
8640.
8630.
8621.
8613.
8604.
8595.
8586.
8577.
8567.
8557.
8547.
8538.
8527.
8518.
8507.
8496.
8486.
8474.
8462.
8452.
8440.
8428.
8416.
8405.
8392.
8380.
8368.
8357.
8343.
8331.
8319.
8305.
8292.
8280.
8266.
8254.
8240.
8228.
8214.
8201.
8188.
8174.
8161.
8148.
8134.
8119.
8106.
8092.
8080.
8065.
8051.
8038.
8023.
8009.
7995.
7981.
7966.
7952.
7937.
7923.
7909.
7894.
7880.
7866.
7850.
7836.
7822.
7807.
7794.
7779.
7765.
7750.
7736.
7724.
7708.
7695.
7682.
7668.
7654.
7641.
7629.
7615.
7603.
7590.
7578.
7564.
7552.
7540.
7529.
7517.
7505.
7494.
7481.
7469.
7459.
7447.
7437.
7426.
7416.
7407.
7394.
7385.
7376.
7367.
7356.
7347.
7339.
7329.
7320.
7311.
7304.
7296.
7289.
7282.
7275.
7268.
7262.
7256.
7249.
7244.
7238.
7232.
7227.
7223.
7217.
7212.
7209.
7204.
7202.
7196.
7193.
7190.
7188.
7184.
7181.
7178.
7175.
7173.
7171.
7170.
7169.
7165.
7164.
7163.
7162.
7161.
7159.
7159.
7159.
7158.
7159.
7158.
7158.
7158.
7159.
7159.
7160.
7160.
7162.
7163.
7164.
7166.
7169.
7172.
7172.
7174.
7176.
7180.
7183.
7184.
7187.
7190.
7193.
7196.
7201.
7204.
7208.
7213.
7217.
7221.
7225.
7230.
7233.
7238.
7244.
7249.
7255.
7260.
7265.
7271.
7278.
7285.
7289.
7296.
7303.
7310.
7317.
7324.
7331.
7339.
7347.
7354.
7363.
7370.
7379.
7386.
7395.
7405.
7413.
7421.
7430.
7440.
7449.
7458.
7469.
7478.
7488.
7498.
7508.
7519.
7528.
7539.
7550.
7561.
7572.
7581.
7590.
7605.
7616.
7626.
7638.
7650.
7661.
7669.
7684.
7696.
7707.
7719.
7731.
7744.
7757.
7766.
7779.
7795.
7808.
7818.
7832.
7845.
7859.
7872.
7888.
7903.
7916.
7926.
7941.
7958.
7971.
7982.
7998.
8014.
8026.
8037.
8053.
8068.
8080.
8090.
8108.
8121.
8135.
8144.
8159.
8176.
8187.
8198.
8213.
8229.
8240.
8252.
8267.
8283.
8294.
8305.
8320.
8336.
8348.
8359.
8374.
8390.
8402.
8412.
8428.
8443.
8455.
8465.
8478.
8493.
8505.
8515.
8529.
8544.
8556.
8566.
8578.
8593.
8604.
8614.
8626.
8640.
8652.
8663.
8672.
8685.
8698.
8708.
8719.
8730.
8742.
8750.
8760.
8771.
8782.
8791.
8801.
8811.
8820.
8829.
8838.
8847.
8856.
8864.
8872.
8882.
8889.
8898.
8905.
8912.
8920.
8927.
8934.
8940.
8946.
8952.
8958.
8963.
8969.
8975.
8980.
8983.
8989.
8993.
8997.
9000.
9003.
9007.
9010.
9014.
9016.
9019.
9021.
9023.
9024.
9026.
9026.
9028.
9029.
9030.
9028.
9029.
9028.
9029.
9029.
9027.
9026.
9024.
9024.
9023.
9020.
9019.
9017.
9014.
9012.
9009.
9006.
9003.
9002.
8998.
8994.
8989.
8986.
8980.
8976.
8973.
8970.
8964.
8958.
8954.
8948.
8943.
8937.
8932.
8927.
8919.
8913.
8908.
8901.
8894.
8888.
8880.
8874.
8866.
8859.
8851.
8842.
8835.
8826.
8819.
8810.
8802.
8793.
8785.
8776.
8767.
8758.
8749.
8740.
8731.
8722.
8711.
8702.
8693.
8685.
8674.
8664.
8656.
8646.
8636.
8626.
8617.
8608.
8598.
8588.
8580.
8570.
8560.
8551.
8541.
8531.
8522.
8512.
8503.
8493.
8484.
8473.
8464.
8454.
8444.
8435.
8425.
8414.
8406.
8396.
8385.
8376.
8367.
8356.
8346.
8336.
8327.
8316.
8305.
8296.
8286.
8275.
8265.
8255.
8244.
8233.
8224.
8213.
8201.
8190.
8180.
8169.
8158.
8148.
8138.
8125.
8115.
8105.
8092.
8081.
8070.
8059.
8047.
8036.
8024.
8012.
8000.
7987.
7977.
7966.
7952.
7941.
7929.
7917.
7906.
7894.
7881.
7870.
7857.
7845.
7833.
7820.
7808.
7794.
7783.
7771.
7759.
7746.
7734.
7722.
7710.
7698.
7684.
7672.
7659.
7647.
7635.
7623.
7611.
7599.
7587.
7576.
7563.
7551.
7540.
7529.
7517.
7507.
7495.
7482.
7471.
7461.
7451.
7440.
7428.
7419.
7410.
7398.
7388.
7379.
7370.
7361.
7351.
7344.
7335.
7326.
7318.
7309.
7301.
7294.
7287.
7280.
7274.
7267.
7262.
7254.
7249.
7244.
7239.
7234.
7228.
7223.
7217.
7212.
7210.
7205.
7201.
7197.
7193.
7192.
7188.
7184.
7180.
7177.
7176.
7172.
7170.
7168.
7165.
7163.
7161.
7159.
7158.
7156.
7155.
7154.
7153.
7150.
7151.
7149.
7148.
7149.
7149.
7150.
7149.
7149.
7149.
7149.
7151.
7151.
7153.
7154.
7155.
7157.
7159.
7161.
7162.
7164.
7167.
7169.
7170.
7174.
7179.
7182.
7185.
7189.
7194.
7197.
7200.
7206.
7210.
7215.
7219.
7225.
7230.
7237.
7243.
7248.
7255.
7262.
7269.
7276.
7283.
7290.
7298.
7306.
7313.
7321.
7329.
7337.
7347.
7355.
7364.
7375.
7384.
7392.
7401.
7411.
7422.
7432.
7441.
7452.
7463.
7473.
7483.
7493.
7507.
7518.
7527.
7540.
7554.
7564.
7576.
7590.
7603.
7616.
7624.
7640.
7655.
7669.
7678.
7695.
7710.
7721.
7735.
7750.
7766.
7778.
7792.
7805.
7823.
7838.
7851.
7865.
7879.
7896.
7910.
7926.
7941.
7957.
7971.
7987.
8003.
8019.
8032.
8047.
8065.
8078.
8092.
8108.
8124.
8139.
8153.
8169.
8188.
8200.
8214.
8227.
8244.
8259.
8273.
8286.
8305.
8318.
8330.
8346.
8362.
8377.
8388.
8403.
8420.
8433.
8445.
8459.
8476.
8489.
8501.
8515.
8532.
8543.
8555.
8569.
8584.
8595.
8608.
8618.
8635.
8647.
8656.
8668.
8684.
8694.
8706.
8718.
8729.
8740.
8750.
8759.
8772.
8781.
8792.
8802.
8813.
8822.
8832.
8841.
8851.
8859.
8868.
8876.
8885.
8893.
8902.
8908.
8916.
8925.
8932.
8938.
8946.
8952.
8959.
8965.
8971.
8977.
8982.
8988.
8993.
8997.
9003.
9007.
9011.
9014.
9020.
9023.
9026.
9029.
9033.
9035.
9038.
9040.
9043.
9044.
9046.
9047.
9049.
9051.
9053.
9053.
9054.
9054.
9055.
9054.
9055.
9054.
9054.
9054.
9053.
9053.
9051.
9050.
9049.
9047.
9046.
9044.
9043.
9041.
9039.
9036.
9034.
9032.
9027.
9024.
9022.
9018.
9016.
9014.
9010.
9005.
9001.
8996.
8994.
8988.
8984.
8980.
8974.
8968.
8965.
8959.
8953.
8947.
8942.
8936.
8930.
8924.
8916.
8910.
8903.
8896.
8888.
8881.
8873.
8863.
8857.
8849.
8840.
8831.
8822.
8813.
8803.
8795.
8785.
8775.
8765.
8755.
8743.
8734.
8724.
8712.
8703.
8691.
8679.
8669.
8657.
8645.
8633.
8621.
8609.
8597.
8584.
8572.
8558.
8548.
8533.
8521.
8509.
8496.
8482.
8468.
8456.
8443.
8428.
8414.
8400.
8387.
8374.
8359.
8346.
8332.
8316.
8302.
8289.
8275.
8260.
8244.
8230.
8217.
8202.
8188.
8172.
8156.
8142.
8128.
8113.
8099.
8084.
8069.
8054.
8039.
8023.
8008.
7994.
7979.
7964.
7947.
7934.
7918.
7903.
7889.
7874.
7858.
7844.
7828.
7814.
7798.
7783.
7768.
7753.
7739.
7724.
7709.
7695.
7681.
7666.
7651.
7638.
7623.
7610.
7596.
7582.
7568.
7554.
7540.
7527.
7514.
7500.
7488.
7476.
7463.
7451.
7439.
7428.
7415.
7404.
7392.
7381.
7370.
7358.
7348.
7338.
7327.
7318.
7308.
7298.
7289.
7281.
7271.
7264.
7254.
7246.
7237.
7230.
7224.
7216.
7209.
7202.
7197.
7189.
7184.
7179.
7173.
7168.
7164.
7158.
7153.
7150.
7145.
7143.
7139.
7135.
7131.
7130.
7125.
7122.
7120.
7119.
7117.
7116.
7114.
7114.
7112.
7111.
7111.
7111.
7111.
7110.
7109.
7111.
7111.
7111.
7111.
7113.
7114.
7115.
7116.
7118.
7119.
7121.
7121.
7124.
7127.
7129.
7131.
7132.
7135.
7136.
7141.
7143.
7147.
7150.
7154.
7158.
7161.
7163.
7168.
7172.
7176.
7180.
7184.
7188.
7193.
7197.
7201.
7207.
7213.
7218.
7221.
7226.
7233.
7239.
7243.
7250.
7256.
7261.
7268.
7275.
7281.
7288.
7295.
7303.
7309.
7317.
7325.
7332.
7340.
7350.
7358.
7366.
7375.
7383.
7391.
7401.
7410.
7419.
7430.
7439.
7448.
7459.
7469.
7479.
7491.
7500.
7511.
7522.
7532.
7544.
7554.
7567.
7575.
7586.
7598.
7612.
7624.
7634.
7646.
7660.
7670.
7682.
7694.
7709.
7719.
7731.
7745.
7761.
7772.
7784.
7797.
7813.
7826.
7837.
7852.
7868.
7879.
7892.
7905.
7921.
7936.
7946.
7962.
7979.
7992.
8002.
8017.
8034.
8047.
8061.
8075.
8092.
8105.
8118.
8135.
8150.
8165.
8176.
8191.
8208.
8220.
8234.
8248.
8263.
8278.
8291.
8307.
8324.
8337.
8350.
8364.
8379.
8394.
8408.
8423.
8440.
8451.
8466.
8479.
8496.
8509.
8520.
8536.
8552.
8565.
8576.
8591.
8608.
8620.
8631.
8646.
8663.
8673.
8685.
8700.
8711.
8726.
8739.
8749.
8764.
8777.
8786.
8800.
8814.
8825.
8836.
8845.
8860.
8870.
8878.
8891.
8902.
8912.
8922.
8933.
8943.
8952.
8962.
8973.
8980.
8991.
8999.
9008.
9017.
9025.
9033.
9041.
9049.
9058.
9066.
9072.
9079.
9087.
9094.
9101.
9107.
9113.
9118.
9125.
9132.
9136.
9141.
9146.
9150.
9154.
9158.
9164.
9167.
9171.
9174.
9177.
9180.
9182.
9184.
9188.
9188.
9189.
9191.
9193.
9195.
9195.
9196.
9196.
9196.
9197.
9195.
9195.
9195.
9193.
9194.
9192.
9189.
9186.
9184.
9183.
9180.
9178.
9175.
9172.
9169.
9166.
9163.
9160.
9157.
9152.
9147.
9143.
9138.
9132.
9128.
9123.
9118.
9113.
9107.
9102.
9095.
9088.
9082.
9075.
9068.
9061.
9053.
9046.
9038.
9029.
9022.
9013.
9004.
8995.
8986.
8977.
8968.
8959.
8948.
8939.
8929.
8920.
8909.
8899.
8889.
8878.
8867.
8856.
8846.
8835.
8823.
8812.
8800.
8790.
8778.
8767.
8754.
8742.
8731.
8719.
8707.
8695.
8682.
8670.
8658.
8645.
8633.
8620.
8606.
8595.
8581.
8568.
8555.
8542.
8529.
8517.
8504.
8491.
8477.
8465.
8453.
8439.
8425.
8412.
8399.
8386.
8373.
8360.
8347.
8333.
8320.
8306.
8293.
8279.
8268.
8255.
8240.
8227.
8212.
8199.
8186.
8173.
8159.
8146.
8132.
8118.
8104.
8091.
8078.
8064.
8052.
8037.
8023.
8010.
7996.
7982.
7969.
7956.
7941.
7928.
7915.
7902.
7888.
7875.
7862.
7849.
7836.
7822.
7808.
7796.
7783.
7770.
7757.
7744.
7733.
7719.
7706.
7695.
7683.
7670.
7659.
7647.
7634.
7622.
7610.
7598.
7586.
7575.
7564.
7552.
7541.
7530.
7520.
7509.
7497.
7486.
7476.
7466.
7456.
7446.
7437.
7427.
7416.
7406.
7396.
7388.
7379.
7369.
7361.
7351.
7343.
7335.
7326.
7318.
7309.
7300.
7293.
7286.
7279.
7271.
7265.
7260.
7252.
7245.
7238.
7232.
7226.
7221.
7215.
7209.
7203.
7199.
7195.
7189.
7184.
7178.
7175.
7172.
7168.
7165.
7160.
7158.
7152.
7150.
7148.
7146.
7141.
7140.
7139.
7136.
7133.
7131.
7131.
7130.
7128.
7127.
7127.
7126.
7126.
7127.
7127.
7126.
7128.
7128.
7130.
7131.
7132.
7135.
7136.
7139.
7141.
7143.
7147.
7150.
7154.
7158.
7162.
7165.
7169.
7174.
7179.
7185.
7191.
7196.
7201.
7207.
7213.
7220.
7225.
7232.
7239.
7245.
7253.
7260.
7267.
7276.
7284.
7293.
7300.
7308.
7318.
7326.
7337.
7345.
7354.
7364.
7375.
7384.
7396.
7408.
7415.
7426.
7438.
7449.
7459.
7469.
7486.
7495.
7506.
7518.
7533.
7545.
7557.
7571.
7585.
7595.
7610.
7625.
7639.
7652.
7664.
7680.
7694.
7709.
7719.
7733.
7748.
7762.
7776.
7792.
7809.
7821.
7835.
7850.
7868.
7880.
7894.
7910.
7927.
7940.
7955.
7970.
7985.
8001.
8018.
8031.
8048.
8064.
8080.
8095.
8111.
8127.
8144.
8159.
8175.
8191.
8206.
8223.
8238.
8255.
8268.
8284.
8300.
8316.
8331.
8346.
8362.
8379.
8393.
8409.
8425.
8441.
8456.
8472.
8490.
8505.
8517.
8532.
8549.
8565.
8578.
8592.
8610.
8624.
8635.
8651.
8668.
8680.
8691.
8705.
8722.
8735.
8746.
8757.
8773.
8784.
8793.
8806.
8821.
8831.
8843.
8852.
8866.
8876.
8886.
8897.
8908.
8917.
8926.
8936.
8945.
8956.
8964.
8972.
8981.
8989.
8997.
9006.
9012.
9020.
9027.
9034.
9040.
9046.
9052.
9058.
9064.
9069.
9074.
9080.
9083.
9087.
9092.
9096.
9101.
9103.
9108.
9110.
9113.
9116.
9117.
9120.
9123.
9123.
9126.
9128.
9129.
9130.
9132.
9132.
9131.
9131.
9132.
9133.
9133.
9131.
9131.
9131.
9130.
9128.
9128.
9127.
9125.
9123.
9121.
9120.
9118.
9115.
9112.
9110.
9108.
9103.
9101.
9098.
9094.
9091.
9086.
9084.
9080.
9076.
9071.
9068.
9063.
9057.
9052.
9047.
9042.
9035.
9031.
9024.
9019.
9013.
9006.
8998.
8990.
8983.
8976.
8968.
8961.
8953.
8945.
8937.
8927.
8920.
8909.
8901.
8891.
8882.
8873.
8863.
8854.
8843.
8831.
8821.
8812.
8801.
8791.
8780.
8769.
8758.
8747.
8736.
8725.
8713.
8701.
8690.
8677.
8665.
8654.
8642.
8629.
8617.
8605.
8592.
8579.
8565.
8554.
8540.
8528.
8515.
8501.
8489.
8476.
8464.
8450.
8436.
8423.
8410.
8397.
8384.
8370.
8356.
8343.
8330.
8317.
8304.
8290.
8276.
8263.
8250.
8236.
8224.
8211.
8198.
8184.
8170.
8158.
8143.
8131.
8118.
8105.
8093.
8079.
8066.
8053.
8039.
8027.
8013.
8000.
7987.
7975.
7962.
7950.
7937.
7923.
7911.
7898.
7885.
7873.
7862.
7850.
7836.
7825.
7813.
7802.
7789.
7778.
7766.
7756.
7746.
7734.
7724.
7713.
7703.
7692.
7684.
7674.
7665.
7655.
7645.
7636.
7627.
7617.
7609.
7599.
7591.
7583.
7576.
7568.
7558.
7550.
7542.
7535.
7528.
7520.
7514.
7507.
7500.
7493.
7487.
7480.
7475.
7469.
7461.
7457.
7451.
7446.
7441.
7436.
7430.
7425.
7420.
7416.
7410.
7405.
7401.
7397.
7394.
7389.
7385.
7382.
7377.
7373.
7369.
7363.
7362.
7358.
7354.
7352.
7348.
7344.
7341.
7338.
7334.
7330.
7325.
7322.
7319.
7318.
7316.
7313.
7309.
7306.
7304.
7302.
7299.
7297.
7296.
7293.
7293.
7291.
7291.
7289.
7288.
7287.
7286.
7286.
7285.
7286.
7285.
7286.
7286.
7286.
7288.
7289.
7290.
7291.
7294.
7296.
7298.
7302.
7304.
7307.
7309.
7312.
7316.
7320.
7324.
7326.
7331.
7335.
7339.
7343.
7349.
7353.
7359.
7364.
7371.
7376.
7381.
7386.
7393.
7400.
7406.
7413.
7420.
7426.
7434.
7441.
7449.
7456.
7464.
7471.
7479.
7488.
7497.
7505.
7514.
7523.
7530.
7539.
7550.
7560.
7569.
7578.
7587.
7596.
7607.
7616.
7626.
7636.
7646.
7655.
7665.
7676.
7687.
7696.
7708.
7718.
7729.
7739.
7751.
7762.
7772.
7781.
7793.
7806.
7815.
7824.
7837.
7850.
7860.
7869.
7883.
7894.
7907.
7916.
7925.
7939.
7951.
7959.
7972.
7985.
7995.
8004.
8019.
8029.
8039.
8050.
8063.
8075.
8088.
8098.
8109.
8120.
8132.
8144.
8155.
8166.
8176.
8188.
8200.
8212.
8223.
8233.
8243.
8258.
8268.
8278.
8287.
8301.
8311.
8322.
8333.
8344.
8354.
8364.
8375.
8385.
8395.
8406.
8415.
8426.
8435.
8443.
8453.
8465.
8475.
8484.
8493.
8503.
8514.
8522.
8532.
8540.
8551.
8561.
8569.
8579.
8588.
8598.
8609.
8616.
8627.
8635.
8644.
8654.
8664.
8673.
8682.
8691.
8700.
8709.
8719.
8727.
8734.
8742.
8751.
8759.
8766.
8774.
8783.
8790.
8796.
8804.
8812.
8820.
8827.
8833.
8841.
8849.
8856.
8862.
8868.
8876.
8882.
8888.
8895.
8902.
8907.
8914.
8920.
8926.
8933.
8937.
8943.
8948.
8954.
8957.
8964.
8969.
8974.
8979.
8983.
8988.
8992.
8996.
9001.
9004.
9008.
9011.
9015.
9019.
9022.
9025.
9027.
9030.
9033.
9036.
9037.
9039.
9040.
9043.
9045.
9047.
9048.
9050.
9050.
9050.
9053.
9053.
9054.
9053.
9052.
9053.
9053.
9052.
9053.
9051.
9051.
9050.
9048.
9047.
9046.
9045.
9043.
9040.
9039.
9038.
9036.
9031.
9029.
9028.
9024.
9020.
9017.
9015.
9013.
9009.
9005.
8999.
8995.
8992.
8988.
8984.
8978.
8971.
8967.
8963.
8958.
8951.
8945.
8939.
8933.
8925.
8920.
8914.
8906.
8897.
8891.
8883.
8876.
8867.
8860.
8851.
8841.
8831.
8823.
8814.
8805.
8795.
8786.
8776.
8765.
8754.
8745.
8733.
8723.
8711.
8701.
8689.
8678.
8666.
8653.
8642.
8630.
8618.
8605.
8592.
8580.
8566.
8554.
8541.
8528.
8516.
8501.
8489.
8474.
8460.
8446.
8431.
8417.
8404.
8389.
8375.
8359.
8345.
8331.
8317.
8301.
8288.
8271.
8256.
8241.
8226.
8211.
8197.
8182.
8166.
8150.
8136.
8120.
8106.
8090.
8074.
8059.
8045.
8029.
8015.
7999.
7985.
7970.
7957.
7942.
7927.
7912.
7897.
7883.
7869.
7854.
7840.
7824.
7812.
7798.
7783.
7770.
7757.
7743.
7730.
7716.
7702.
7690.
7675.
7664.
7651.
7638.
7626.
7614.
7602.
7589.
7577.
7567.
7555.
7543.
7532.
7521.
7511.
7500.
7490.
7481.
7469.
7460.
7450.
7442.
7432.
7423.
7415.
7406.
7397.
7389.
7381.
7373.
7366.
7358.
7350.
7344.
7336.
7330.
7324.
7317.
7311.
7304.
7299.
7294.
7289.
7282.
7276.
7271.
7267.
7262.
7258.
7251.
7249.
7246.
7241.
7235.
7233.
7231.
7225.
7222.
7219.
7217.
7216.
7212.
7210.
7208.
7206.
7205.
7204.
7203.
7201.
7201.
7199.
7198.
7199.
7199.
7198.
7200.
7200.
7200.
7200.
7201.
7203.
7203.
7205.
7205.
7207.
7209.
7209.
7211.
7213.
7216.
7219.
7221.
7224.
7228.
7230.
7233.
7236.
7239.
7243.
7245.
7250.
7254.
7257.
7262.
7265.
7270.
7274.
7280.
7284.
7290.
7294.
7299.
7306.
7310.
7317.
7322.
7327.
7334.
7340.
7346.
7353.
7360.
7368.
7374.
7381.
7388.
7395.
7402.
7410.
7417.
7425.
7434.
7442.
7449.
7457.
7466.
7474.
7483.
7493.
7500.
7511.
7518.
7527.
7538.
7546.
7555.
7564.
7575.
7585.
7593.
7602.
7613.
7622.
7631.
7640.
7651.
7661.
7672.
7682.
7694.
7704.
7713.
7724.
7735.
7745.
7756.
7767.
7777.
7789.
7799.
7810.
7820.
7835.
7845.
7855.
7866.
7879.
7891.
7902.
7912.
7924.
7938.
7945.
7957.
7970.
7981.
7992.
8004.
8015.
8028.
8037.
8048.
8064.
8075.
8085.
8097.
8110.
8120.
8133.
8145.
8156.
8167.
8177.
8188.
8202.
8213.
8223.
8233.
8249.
8260.
8270.
8280.
8291.
8302.
8311.
8323.
8335.
8346.
8357.
8367.
8380.
8390.
8400.
8411.
8422.
8434.
8444.
8454.
8465.
8478.
8486.
8496.
8507.
8519.
8528.
8539.
8549.
8558.
8568.
8577.
8585.
8595.
8605.
8614.
8622.
8631.
8640.
8649.
8657.
8666.
8675.
8683.
8690.
8698.
8706.
8715.
8723.
8730.
8735.
8744.
8752.
8759.
8766.
8772.
8780.
8785.
8791.
8799.
8805.
8810.
8817.
8823.
8828.
8834.
8840.
8845.
8850.
8855.
8858.
8865.
8869.
8874.
8878.
8883.
8886.
8889.
8894.
8897.
8900.
8903.
8907.
8910.
8913.
8913.
8917.
8920.
8922.
8923.
8924.
8926.
8927.
8929.
8930.
8931.
8931.
8932.
8932.
8933.
8934.
8933.
8932.
8932.
8931.
8931.
8931.
8928.
8928.
8927.
8927.
8926.
8922.
8919.
8918.
8915.
8913.
8910.
8907.
8905.
8903.
8901.
8898.
8893.
8891.
8888.
8882.
8878.
8876.
8871.
8868.
8863.
8858.
8853.
8848.
8844.
8838.
8832.
8827.
8821.
8815.
8808.
8802.
8796.
8790.
8783.
8776.
8770.
8762.
8755.
8747.