8463.
8463.
8462.
8462.
8463.
8463.
8463.
8462.
8461.
8460.
8461.
8460.
8462.
8461.
8460.
8461.
8459.
8461.
8460.
8460.
8460.
8460.
8459.
8460.
8460.
8460.
8459.
8460.
8460.
8459.
8459.
8459.
8459.
8459.
8459.
8457.
8456.
8456.
8456.
8456.
8456.
8456.
8456.
8456.
8455.
8454.
8455.
8455.
8455.
8453.
8453.
8453.
8454.
8453.
8452.
8453.
8453.
8452.
8451.
8452.
8452.
8451.
8450.
8450.
8451.
8450.
8450.
8451.
8451.
8451.
8450.
8450.
8449.
8449.
8450.
8449.
8450.
8449.
8448.
8450.
8449.
8448.
8449.
8449.
8448.
8449.
8449.
8449.
8449.
8448.
8447.
8449.
8448.
8447.
8448.
8449.
8449.
8448.
8447.
8448.
8448.
8448.
8447.
8448.
8448.
8447.
8448.
8449.
8449.
8448.
8448.
8448.
8448.
8449.
8447.
8448.
8449.
8448.
8448.
8449.
8449.
8449.
8448.
8450.
8449.
8448.
8449.
8449.
8448.
8448.
8449.
8450.
8448.
8448.
8448.
8448.
8449.
8449.
8448.
8449.
8448.
8447.
8447.
8448.
8449.
8448.
8449.
8449.
8448.
8448.
8448.
8448.
8447.
8448.
8447.
8447.
8448.
8446.
8447.
8447.
8447.
8447.
8448.
8448.
8447.
8447.
8447.
8448.
8447.
8447.
8447.
8446.
8447.
8445.
8446.
8445.
8446.
8445.
8444.
8446.
8445.
8446.
8444.
8445.
8445.
8444.
8444.
8445.
8443.
8443.
8443.
8442.
8443.
8442.
8442.
8441.
8440.
8441.
8442.
8441.
8441.
8441.
8440.
8439.
8439.
8438.
8438.
8437.
8436.
8436.
8436.
8435.
8435.
8434.
8433.
8432.
8432.
8431.
8429.
8429.
8428.
8426.
8426.
8425.
8423.
8422.
8419.
8419.
8418.
8415.
8412.
8410.
8409.
8406.
8403.
8402.
8399.
8397.
8393.
8391.
8386.
8383.
8379.
8376.
8372.
8366.
8362.
8358.
8352.
8347.
8341.
8336.
8330.
8323.
8317.
8311.
8304.
8296.
8289.
8281.
8274.
8266.
8257.
8249.
8240.
8231.
8222.
8211.
8202.
8193.
8182.
8172.
8162.
8151.
8140.
8128.
8116.
8104.
8091.
8081.
8067.
8057.
8044.
8031.
8018.
8005.
7993.
7979.
7966.
7952.
7939.
7926.
7912.
7899.
7885.
7871.
7857.
7845.
7831.
7815.
7801.
7789.
7776.
7762.
7747.
7734.
7720.
7708.
7694.
7680.
7668.
7654.
7642.
7629.
7616.
7605.
7593.
7582.
7572.
7562.
7553.
7544.
7535.
7528.
7521.
7515.
7509.
7504.
7500.
7496.
7493.
7491.
7489.
7488.
7488.
7488.
7490.
7491.
7493.
7495.
7499.
7502.
7505.
7510.
7515.
7520.
7527.
7532.
7539.
7546.
7553.
7561.
7569.
7578.
7587.
7597.
7608.
7617.
7628.
7640.
7651.
7660.
7674.
7688.
7700.
7710.
7726.
7743.
7755.
7768.
7786.
7802.
7816.
7829.
7845.
7860.
7878.
7893.
7910.
7927.
7943.
7961.
7978.
7995.
8013.
8033.
8051.
8068.
8086.
8104.
8123.
8141.
8159.
8177.
8195.
8215.
8233.
8251.
8269.
8287.
8306.
8325.
8343.
8361.
8381.
8399.
8415.
8435.
8452.
8469.
8487.
8506.
8523.
8542.
8559.
8577.
8593.
8610.
8626.
8644.
8662.
8679.
8695.
8711.
8730.
8747.
8765.
8779.
8796.
8812.
8828.
8844.
8858.
8874.
8889.
8905.
8918.
8932.
8944.
8958.
8971.
8980.
8993.
9006.
9017.
9026.
9036.
9048.
9056.
9064.
9073.
9081.
9088.
9095.
9101.
9108.
9112.
9119.
9124.
9128.
9131.
9135.
9139.
9143.
9144.
9146.
9147.
9148.
9149.
9148.
9149.
9150.
9147.
9146.
9145.
9144.
9141.
9136.
9133.
9130.
9127.
9122.
9118.
9113.
9107.
9101.
9098.
9090.
9083.
9077.
9070.
9063.
9055.
9047.
9038.
9029.
9020.
9011.
9000.
8992.
8979.
8970.
8957.
8947.
8935.
8923.
8910.
8898.
8884.
8870.
8857.
8844.
8828.
8815.
8800.
8785.
8770.
8755.
8739.
8723.
8706.
8690.
8673.
8656.
8639.
8623.
8605.
8588.
8570.
8553.
8535.
8518.
8500.
8481.
8464.
8445.
8425.
8408.
8390.
8372.
8351.
8332.
8313.
8294.
8274.
8256.
8237.
8218.
8198.
8179.
8158.
8139.
8118.
8098.
8080.
8060.
8041.
8021.
8000.
7981.
7961.
7942.
7923.
7903.
7883.
7864.
7845.
7825.
7806.
7788.
7768.
7749.
7731.
7713.
7694.
7675.
7658.
7640.
7623.
7606.
7589.
7571.
7556.
7539.
7524.
7509.
7494.
7479.
7464.
7450.
7439.
7424.
7412.
7399.
7388.
7377.
7365.
7354.
7344.
7334.
7323.
7315.
7306.
7298.
7291.
7283.
7276.
7269.
7262.
7257.
7250.
7247.
7241.
7236.
7233.
7230.
7228.
7224.
7221.
7222.
7220.
7219.
7220.
7220.
7222.
7222.
7223.
7225.
7229.
7231.
7235.
7240.
7244.
7248.
7254.
7260.
7265.
7273.
7280.
7287.
7294.
7302.
7311.
7320.
7331.
7340.
7351.
7363.
7373.
7384.
7398.
7411.
7426.
7435.
7451.
7467.
7479.
7494.
7510.
7525.
7541.
7558.
7575.
7591.
7609.
7627.
7645.
7662.
7682.
7701.
7719.
7738.
7759.
7777.
7796.
7818.
7838.
7858.
7880.
7900.
7922.
7944.
7965.
7985.
8007.
8030.
8052.
8074.
8096.
8118.
8140.
8162.
8184.
8208.
8229.
8251.
8273.
8294.
8315.
8338.
8359.
8382.
8403.
8425.
8446.
8469.
8491.
8512.
8533.
8555.
8577.
8598.
8621.
8642.
8662.
8684.
8704.
8725.
8745.
8765.
8785.
8806.
8825.
8843.
8862.
8881.
8897.
8914.
8931.
8947.
8963.
8977.
8995.
9006.
9020.
9031.
9047.
9059.
9069.
9081.
9090.
9101.
9110.
9119.
9127.
9135.
9142.
9148.
9155.
9161.
9166.
9170.
9175.
9179.
9182.
9184.
9187.
9188.
9189.
9189.
9189.
9190.
9190.
9188.
9186.
9183.
9183.
9179.
9176.
9172.
9168.
9163.
9158.
9153.
9148.
9140.
9134.
9128.
9120.
9111.
9103.
9095.
9086.
9076.
9066.
9058.
9048.
9037.
9025.
9014.
9000.
8989.
8976.
8965.
8952.
8937.
8925.
8910.
8896.
8883.
8868.
8852.
8836.
8821.
8805.
8789.
8772.
8755.
8738.
8721.
8704.
8687.
8668.
8652.
8635.
8616.
8598.
8580.
8562.
8541.
8522.
8503.
8484.
8466.
8447.
8427.
8408.
8390.
8369.
8348.
8328.
8310.
8290.
8269.
8250.
8229.
8208.
8188.
8168.
8147.
8127.
8107.
8086.
8066.
8046.
8026.
8005.
7985.
7965.
7943.
7924.
7903.
7883.
7864.
7845.
7824.
7805.
7785.
7765.
7747.
7729.
7710.
7691.
7674.
7656.
7638.
7620.
7603.
7586.
7569.
7553.
7537.
7520.
7505.
7490.
7474.
7459.
7445.
7431.
7418.
7405.
7390.
7377.
7365.
7353.
7340.
7330.
7319.
7308.
7298.
7288.
7279.
7269.
7261.
7252.
7245.
7238.
7231.
7225.
7218.
7214.
7208.
7204.
7201.
7198.
7194.
7194.
7191.
7190.
7190.
7190.
7190.
7192.
7193.
7196.
7199.
7202.
7206.
7210.
7214.
7220.
7224.
7230.
7237.
7245.
7251.
7259.
7267.
7276.
7286.
7296.
7306.
7317.
7328.
7341.
7352.
7367.
7376.
7393.
7408.
7422.
7436.
7454.
7470.
7485.
7499.
7517.
7534.
7553.
7570.
7587.
7607.
7626.
7646.
7665.
7685.
7705.
7726.
7746.
7768.
7789.
7811.
7833.
7854.
7876.
7900.
7921.
7943.
7965.
7990.
8013.
8034.
8058.
8082.
8104.
8128.
8151.
8175.
8199.
8221.
8245.
8267.
8291.
8312.
8335.
8358.
8379.
8401.
8423.
8444.
8468.
8488.
8511.
8532.
8554.
8574.
8595.
8615.
8634.
8654.
8674.
8694.
8712.
8731.
8751.
8770.
8786.
8803.
8820.
8838.
8853.
8869.
8884.
8899.
8915.
8928.
8944.
8954.
8967.
8980.
8995.
9005.
9015.
9027.
9037.
9048.
9056.
9066.
9074.
9084.
9091.
9098.
9105.
9113.
9120.
9126.
9131.
9136.
9140.
9145.
9149.
9151.
9156.
9159.
9161.
9163.
9165.
9166.
9168.
9168.
9169.
9169.
9167.
9166.
9165.
9163.
9161.
9160.
9158.
9154.
9152.
9145.
9143.
9141.
9136.
9131.
9125.
9120.
9114.
9108.
9102.
9095.
9087.
9080.
9073.
9064.
9055.
9048.
9037.
9029.
9020.
9008.
8997.
8988.
8976.
8965.
8952.
8940.
8928.
8914.
8902.
8889.
8874.
8861.
8846.
8832.
8817.
8802.
8787.
8772.
8757.
8740.
8723.
8708.
8691.
8673.
8655.
8639.
8621.
8604.
8587.
8567.
8548.
8531.
8511.
8492.
8473.
8452.
8433.
8413.
8393.
8373.
8353.
8333.
8311.
8290.
8270.
8248.
8227.
8206.
8184.
8162.
8141.
8119.
8097.
8075.
8054.
8032.
8009.
7986.
7965.
7943.
7921.
7899.
7876.
7853.
7834.
7811.
7788.
7770.
7747.
7725.
7705.
7684.
7664.
7643.
7622.
7603.
7584.
7565.
7545.
7527.
7509.
7492.
7475.
7458.
7442.
7426.
7410.
7396.
7380.
7365.
7351.
7338.
7325.
7313.
7301.
7289.
7276.
7266.
7255.
7244.
7234.
7226.
7217.
7208.
7199.
7193.
7186.
7181.
7175.
7168.
7166.
7162.
7159.
7158.
7156.
7154.
7155.
7156.
7156.
7158.
7159.
7162.
7164.
7168.
7171.
7176.
7181.
7186.
7192.
7198.
7204.
7212.
7218.
7226.
7234.
7241.
7251.
7260.
7270.
7279.
7290.
7301.
7310.
7322.
7335.
7349.
7358.
7369.
7385.
7400.
7414.
7424.
7439.
7454.
7469.
7485.
7500.
7519.
7532.
7549.
7565.
7582.
7598.
7617.
7635.
7653.
7672.
7690.
7710.
7728.
7747.
7767.
7787.
7807.
7826.
7848.
7868.
7888.
7909.
7931.
7950.
7971.
7993.
8015.
8036.
8056.
8076.
8098.
8119.
8140.
8160.
8181.
8202.
8223.
8243.
8263.
8284.
8304.
8325.
8345.
8366.
8386.
8406.
8426.
8446.
8467.
8486.
8505.
8525.
8544.
8562.
8582.
8600.
8619.
8636.
8654.
8672.
8688.
8707.
8724.
8739.
8755.
8772.
8785.
8801.
8818.
8832.
8844.
8854.
8871.
8885.
8894.
8908.
8921.
8933.
8943.
8954.
8964.
8974.
8983.
8993.
9002.
9011.
9020.
9027.
9034.
9042.
9049.
9055.
9062.
9068.
9074.
9078.
9084.
9090.
9094.
9099.
9102.
9106.
9109.
9113.
9115.
9116.
9119.
9121.
9122.
9124.
9124.
9124.
9124.
9124.
9123.
9123.
9122.
9120.
9119.
9115.
9114.
9111.
9109.
9106.
9102.
9099.
9095.
9091.
9086.
9080.
9074.
9068.
9063.
9057.
9051.
9044.
9036.
9027.
9020.
9012.
9004.
8995.
8986.
8977.
8965.
8955.
8944.
8932.
8921.
8909.
8897.
8885.
8872.
8858.
8845.
8831.
8819.
8803.
8789.
8774.
8759.
8743.
8726.
8711.
8695.
8678.
8661.
8644.
8628.
8609.
8593.
8576.
8558.
8539.
8522.
8503.
8485.
8465.
8445.
8426.
8407.
8388.
8367.
8348.
8326.
8305.
8285.
8265.
8243.
8222.
8200.
8178.
8155.
8133.
8110.
8087.
8066.
8043.
8019.
7997.
7973.
7950.
7927.
7903.
7880.
7856.
7833.
7809.
7787.
7764.
7741.
7717.
7695.
7673.
7651.
7630.
7608.
7587.
7565.
7545.
7525.
7503.
7484.
7464.
7445.
7425.
7406.
7385.
7368.
7349.
7331.
7314.
7296.
7280.
7263.
7247.
7232.
7216.
7203.
7188.
7174.
7160.
7146.
7135.
7123.
7112.
7102.
7092.
7083.
7074.
7066.
7058.
7053.
7046.
7040.
7035.
7029.
7026.
7021.
7019.
7016.
7015.
7014.
7013.
7012.
7013.
7014.
7016.
7016.
7018.
7021.
7024.
7029.
7031.
7035.
7041.
7046.
7052.
7057.
7062.
7069.
7078.
7085.
7092.
7101.
7109.
7118.
7127.
7137.
7146.
7157.
7167.
7179.
7189.
7199.
7214.
7226.
7239.
7249.
7264.
7277.
7293.
7306.
7324.
7338.
7352.
7367.
7382.
7399.
7415.
7433.
7450.
7467.
7484.
7501.
7520.
7538.
7556.
7575.
7593.
7611.
7630.
7649.
7670.
7688.
7708.
7729.
7749.
7767.
7788.
7811.
7830.
7851.
7875.
7895.
7917.
7938.
7961.
7981.
8002.
8024.
8045.
8067.
8089.
8111.
8131.
8153.
8174.
8194.
8214.
8234.
8255.
8274.
8295.
8315.
8333.
8353.
8374.
8392.
8410.
8429.
8449.
8467.
8484.
8501.
8519.
8536.
8553.
8569.
8585.
8601.
8616.
8632.
8646.
8661.
8674.
8688.
8703.
8714.
8726.
8741.
8753.
8763.
8775.
8785.
8794.
8804.
8812.
8821.
8830.
8837.
8844.
8851.
8859.
8864.
8870.
8875.
8880.
8885.
8890.
8894.
8897.
8900.
8903.
8905.
8907.
8908.
8909.
8910.
8911.
8911.
8909.
8909.
8908.
8906.
8906.
8902.
8899.
8897.
8893.
8890.
8885.
8880.
8875.
8869.
8863.
8858.
8851.
8844.
8837.
8829.
8821.
8814.
8805.
8794.
8785.
8776.
8766.
8755.
8744.
8732.
8722.
8710.
8698.
8686.
8673.
8660.
8648.
8633.
8619.
8605.
8592.
8576.
8561.
8547.
8531.
8515.
8500.
8483.
8467.
8450.
8435.
8417.
8399.
8381.
8363.
8345.
8328.
8310.
8290.
8270.
8253.
8233.
8213.
8193.
8173.
8153.
8133.
8112.
8091.
8072.
8050.
8028.
8006.
7985.
7965.
7944.
7921.
7900.
7878.
7856.
7835.
7812.
7791.
7769.
7748.
7727.
7704.
7683.
7662.
7640.
7619.
7597.
7577.
7557.
7536.
7514.
7495.
7476.
7457.
7439.
7420.
7403.
7386.
7368.
7351.
7334.
7318.
7303.
7288.
7273.
7259.
7247.
7233.
7220.
7207.
7195.
7184.
7174.
7162.
7151.
7143.
7132.
7124.
7117.
7108.
7101.
7093.
7088.
7084.
7078.
7073.
7069.
7066.
7066.
7065.
7062.
7061.
7061.
7060.
7061.
7064.
7066.
7067.
7070.
7075.
7078.
7084.
7088.
7091.
7097.
7102.
7108.
7116.
7122.
7129.
7136.
7144.
7152.
7162.
7170.
7178.
7189.
7198.
7207.
7219.
7229.
7242.
7251.
7264.
7275.
7289.
7299.
7309.
7325.
7340.
7350.
7365.
7381.
7396.
7409.
7424.
7438.
7455.
7472.
7487.
7503.
7519.
7537.
7554.
7570.
7589.
7607.
7625.
7643.
7661.
7679.
7698.
7717.
7736.
7756.
7775.
7794.
7814.
7835.
7853.
7872.
7892.
7912.
7932.
7951.
7972.
7992.
8012.
8034.
8053.
8074.
8096.
8115.
8136.
8158.
8178.
8200.
8220.
8242.
8261.
8283.
8301.
8321.
8342.
8361.
8380.
8400.
8419.
8437.
8456.
8475.
8493.
8509.
8527.
8544.
8560.
8576.
8593.
8608.
8622.
8638.
8654.
8668.
8682.
8697.
8712.
8721.
8733.
8747.
8761.
8771.
8783.
8792.
8801.
8811.
8822.
8830.
8838.
8845.
8853.
8861.
8867.
8872.
8878.
8883.
8888.
8893.
8895.
8898.
8903.
8905.
8905.
8908.
8908.
8910.
8910.
8910.
8909.
8908.
8907.
8906.
8904.
8901.
8896.
8894.
8890.
8887.
8883.
8879.
8874.
8869.
8863.
8859.
8852.
8846.
8837.
8831.
8825.
8817.
8809.
8801.
8792.
8783.
8774.
8764.
8755.
8744.
8735.
8724.
8712.
8701.
8690.
8678.
8667.
8655.
8642.
8630.
8617.
8604.
8590.
8577.
8562.
8548.
8533.
8519.
8505.
8488.
8473.
8459.
8443.
8427.
8410.
8393.
8377.
8359.
8345.
8328.
8310.
8292.
8275.
8258.
8239.
8222.
8204.
8186.
8168.
8149.
8131.
8113.
8095.
8076.
8057.
8037.
8019.
8000.
7982.
7964.
7944.
7923.
7907.
7885.
7868.
7847.
7830.
7809.
7791.
7772.
7753.
7735.
7717.
7699.
7680.
7663.
7645.
7627.
7610.
7592.
7574.
7556.
7541.
7524.
7506.
7491.
7475.
7458.
7441.
7425.
7410.
7395.
7381.
7365.
7351.
7336.
7323.
7311.
7298.
7286.
7273.
7263.
7253.
7243.
7233.
7224.
7215.
7207.
7199.
7192.
7186.
7182.
7176.
7171.
7166.
7163.
7159.
7156.
7152.
7149.
7147.
7146.
7144.
7145.
7143.
7143.
7144.
7146.
7147.
7148.
7148.
7152.
7154.
7157.
7161.
7165.
7171.
7174.
7178.
7186.
7191.
7196.
7202.
7210.
7216.
7223.
7230.
7237.
7247.
7254.
7263.
7272.
7281.
7291.
7299.
7310.
7321.
7331.
7342.
7353.
7366.
7374.
7389.
7401.
7416.
7427.
7438.
7455.
7466.
7479.
7492.
7507.
7523.
7537.
7553.
7567.
7583.
7599.
7616.
7631.
7647.
7664.
7681.
7698.
7715.
7733.
7748.
7767.
7785.
7802.
7820.
7839.
7858.
7875.
7895.
7913.
7933.
7953.
7973.
7992.
8013.
8033.
8053.
8073.
8094.
8115.
8136.
8156.
8177.
8198.
8218.
8239.
8259.
8279.
8300.
8320.
8340.
8359.
8379.
8398.
8417.
8438.
8457.
8476.
8495.
8513.
8530.
8547.
8566.
8583.
8600.
8617.
8633.
8650.
8665.
8682.
8697.
8709.
8724.
8737.
8752.
8764.
8778.
8793.
8805.
8815.
8828.
8841.
8852.
8862.
8873.
8883.
8892.
8902.
8911.
8922.
8929.
8935.
8944.
8952.
8959.
8965.
8970.
8976.
8982.
8986.
8992.
8995.
9000.
9004.
9008.
9010.
9013.
9015.
9017.
9019.
9020.
9021.
9022.
9022.
9020.
9020.
9019.
9018.
9019.
9016.
9013.
9010.
9005.
9004.
9000.
8995.
8992.
8988.
8983.
8977.
8973.
8966.
8959.
8954.
8947.
8939.
8933.
8926.
8917.
8908.
8901.
8891.
8882.
8872.
8863.
8853.
8844.
8831.
8821.
8811.
8798.
8786.
8775.
8762.
8750.
8736.
8726.
8712.
8698.
8684.
8671.
8657.
8642.
8628.
8615.
8599.
8584.
8569.
8554.
8538.
8522.
8506.
8489.
8472.
8456.
8440.
8423.
8405.
8386.
8368.
8352.
8335.
8316.
8298.
8279.
8260.
8242.
8223.
8204.
8185.
8166.
8146.
8126.
8106.
8088.
8066.
8047.
8028.
8008.
7987.
7968.
7948.
7928.
7907.
7887.
7867.
7847.
7826.
7808.
7788.
7767.
7748.
7729.
7709.
7689.
7671.
7652.
7632.
7615.
7595.
7578.
7560.
7543.
7524.
7507.
7492.
7475.
7459.
7444.
7428.
7413.
7398.
7383.
7368.
7354.
7340.
7328.
7316.
7302.
7290.
7277.
7265.
7254.
7242.
7233.
7221.
7210.
7200.
7190.
7181.
7171.
7160.
7152.
7144.
7136.
7127.
7120.
7114.
7107.
7098.
7092.
7087.
7080.
7074.
7068.
7062.
7058.
7053.
7049.
7043.
7039.
7037.
7033.
7030.
7028.
7024.
7021.
7019.
7017.
7018.
7017.
7015.
7014.
7012.
7012.
7012.
7012.
7013.
7014.
7014.
7014.
7017.
7019.
7020.
7022.
7025.
7028.
7032.
7035.
7039.
7042.
7047.
7052.
7057.
7061.
7068.
7074.
7081.
7088.
7096.
7104.
7112.
7121.
7130.
7140.
7148.
7159.
7172.
7181.
7192.
7207.
7220.
7234.
7244.
7259.
7274.
7289.
7303.
7319.
7335.
7352.
7368.
7384.
7401.
7421.
7439.
7457.
7475.
7496.
7516.
7536.
7556.
7578.
7599.
7622.
7645.
7667.
7691.
7715.
7739.
7763.
7788.
7812.
7837.
7864.
7889.
7914.
7940.
7967.
7993.
8018.
8046.
8070.
8096.
8124.
8148.
8174.
8200.
8225.
8252.
8277.
8302.
8328.
8351.
8376.
8401.
8425.
8448.
8471.
8496.
8518.
8540.
8561.
8583.
8604.
8623.
8644.
8664.
8683.
8702.
8721.
8738.
8757.
8773.
8789.
8806.
8821.
8839.
8851.
8863.
8877.
8893.
8903.
8916.
8925.
8936.
8946.
8955.
8964.
8971.
8978.
8985.
8992.
8996.
9001.
9005.
9009.
9012.
9015.
9016.
9018.
9018.
9018.
9017.
9016.
9014.
9011.
9008.
9005.
9002.
8999.
8994.
8988.
8981.
8977.
8973.
8966.
8957.
8950.
8943.
8934.
8927.
8917.
8907.
8898.
8889.
8878.
8867.
8856.
8846.
8833.
8821.
8809.
8795.
8782.
8769.
8757.
8743.
8728.
8712.
8697.
8682.
8666.
8650.
8634.
8616.
8601.
8583.
8565.
8549.
8530.
8513.
8494.
8475.
8455.
8437.
8418.
8398.
8377.
8357.
8337.
8316.
8295.
8274.
8254.
8233.
8212.
8192.
8170.
8148.
8126.
8104.
8084.
8062.
8041.
8018.
7997.
7975.
7952.
7932.
7910.
7887.
7866.
7845.
7824.
7801.
7779.
7758.
7736.
7714.
7694.
7672.
7651.
7630.
7608.
7587.
7566.
7547.
7528.
7507.
7487.
7468.
7447.
7427.
7409.
7388.
7370.
7352.
7333.
7315.
7296.
7277.
7259.
7242.
7225.
7207.
7191.
7176.
7159.
7144.
7130.
7115.
7102.
7088.
7076.
7063.
7052.
7040.
7032.
7022.
7013.
7004.
6995.
6989.
6982.
6975.
6970.
6963.
6959.
6957.
6952.
6949.
6947.
6946.
6945.
6946.
6947.
6948.
6950.
6954.
6957.
6961.
6965.
6970.
6977.
6984.
6991.
6999.
7007.
7016.
7027.
7037.
7049.
7060.
7073.
7087.
7099.
7114.
7129.
7143.
7159.
7177.
7194.
7211.
7229.
7247.
7267.
7286.
7307.
7329.
7350.
7371.
7393.
7416.
7440.
7463.
7488.
7512.
7537.
7561.
7586.
7613.
7639.
7664.
7689.
7718.
7743.
7771.
7799.
7826.
7853.
7882.
7910.
7937.
7965.
7992.
8021.
8049.
8075.
8102.
8130.
8156.
8183.
8210.
8235.
8261.
8286.
8311.
8337.
8359.
8383.
8407.
8432.
8456.
8479.
8500.
8523.
8545.
8566.
8588.
8610.
8630.
8649.
8669.
8687.
8705.
8724.
8740.
8758.
8772.
8788.
8803.
8819.
8828.
8841.
8854.
8866.
8876.
8886.
8895.
8903.
8911.
8917.
8925.
8930.
8936.
8941.
8946.
8950.
8952.
8954.
8956.
8957.
8958.
8959.
8958.
8958.
8958.
8956.
8954.
8951.
8949.
8946.
8943.
8940.
8935.
8930.
8926.
8919.
8912.
8908.
8901.
8894.
8887.
8879.
8872.
8864.
8855.
8846.
8838.
8828.
8817.
8807.
8797.
8787.
8776.
8764.
8754.
8742.
8729.
8717.
8705.
8691.
8677.
8665.
8651.
8636.
8623.
8607.
8593.
8578.
8562.
8548.
8531.
8515.
8499.
8481.
8465.
8449.
8431.
8412.
8395.
8377.
8358.
8340.
8321.
8301.
8282.
8262.
8243.
8224.
8203.
8183.
8163.
8142.
8121.
8100.
8080.
8057.
8035.
8013.
7991.
7968.
7946.
7923.
7901.
7877.
7852.
7829.
7805.
7782.
7758.
7733.
7710.
7685.
7660.
7635.
7612.
7589.
7564.
7540.
7516.
7492.
7469.
7446.
7423.
7399.
7375.
7353.
7330.
7308.
7285.
7262.
7240.
7219.
7197.
7175.
7155.
7134.
7115.
7092.
7073.
7056.
7036.
7019.
7001.
6985.
6970.
6955.
6941.
6927.
6915.
6903.
6892.
6882.
6873.
6865.
6856.
6850.
6843.
6836.
6833.
6829.
6824.
6823.
6822.
6820.
6818.
6819.
6820.
6822.
6824.
6826.
6829.
6832.
6838.
6843.
6849.
6854.
6861.
6869.
6878.
6887.
6897.
6906.
6918.
6929.
6940.
6956.
6971.
6985.
6996.
7013.
7028.
7045.
7063.
7080.
7098.
7117.
7136.
7154.
7175.
7195.
7217.
7236.
7258.
7281.
7302.
7324.
7347.
7370.
7391.
7414.
7438.
7461.
7485.
7509.
7531.
7556.
7580.
7605.
7629.
7653.
7676.
7701.
7727.
7751.
7776.
7800.
7825.
7850.
7877.
7900.
7925.
7950.
7973.
7999.
8025.
8050.
8074.
8097.
8123.
8148.
8171.
8194.
8218.
8240.
8265.
8286.
8308.
8331.
8353.
8373.
8393.
8414.
8434.
8452.
8471.
8490.
8507.
8523.
8540.
8557.
8570.
8584.
8598.
8614.
8624.
8635.
8651.
8661.
8669.
8679.
8691.
8699.
8707.
8716.
8724.
8731.
8737.
8743.
8750.
8756.
8760.
8766.
8770.
8774.
8778.
8782.
8786.
8787.
8789.
8790.
8794.
8796.
8795.
8795.
8796.
8795.
8794.
8793.
8792.
8789.
8787.
8784.
8782.
8777.
8774.
8770.
8765.
8761.
8755.
8750.
8745.
8738.
8732.
8725.
8717.
8710.
8703.
8695.
8685.
8676.
8667.
8658.
8649.
8639.
8628.
8617.
8606.
8594.
8584.
8572.
8559.
8548.
8534.
8521.
8508.
8495.
8480.
8466.
8453.
8436.
8421.
8407.
8392.
8376.
8360.
8343.
8327.
8310.
8294.
8278.
8259.
8241.
8224.
8207.
8187.
8169.
8150.
8132.
8113.
8094.
8075.
8056.
8036.
8016.
7997.
7976.
7958.
7938.
7918.
7898.
7879.
7858.
7837.
7817.
7798.
7777.
7757.
7738.
7717.
7699.
7680.
7660.
7641.
7620.
7602.
7581.
7562.
7542.
7523.
7505.
7487.
7467.
7449.
7432.
7414.
7397.
7381.
7363.
7348.
7331.
7315.
7300.
7285.
7270.
7259.
7245.
7233.
7221.
7210.
7199.
7190.
7180.
7173.
7164.
7157.
7149.
7141.
7136.
7131.
7127.
7122.
7119.
7116.
7114.
7112.
7109.
7110.
7110.
7108.
7109.
7110.
7113.
7115.
7117.
7122.
7126.
7129.
7135.
7140.
7147.
7153.
7159.
7168.
7176.
7185.
7195.
7204.
7214.
7225.
7235.
7247.
7260.
7270.
7286.
7298.
7310.
7323.
7338.
7352.
7367.
7383.
7399.
7415.
7433.
7448.
7465.
7483.
7502.
7519.
7536.
7555.
7574.
7592.
7610.
7628.
7647.
7667.
7686.
7704.
7725.
7745.
7765.
7784.
7804.
7824.
7845.
7865.
7887.
7909.
7930.
7950.
7972.
7995.
8017.
8036.
8058.
8080.
8101.
8122.
8144.
8165.
8186.
8208.
8229.
8249.
8270.
8290.
8310.
8330.
8349.
8369.
8388.
8407.
8425.
8443.
8463.
8480.
8498.
8514.
8530.
8548.
8563.
8580.
8595.
8610.
8623.
8642.
8656.
8666.
8681.
8697.
8708.
8719.
8730.
8744.
8754.
8764.
8772.
8785.
8795.
8804.
8812.
8821.
8829.
8836.
8844.
8850.
8854.
8860.
8866.
8871.
8876.
8878.
8881.
8884.
8887.
8888.
8888.
8889.
8891.
8891.
8888.
8888.
8887.
8885.
8881.
8879.
8876.
8871.
8868.
8864.
8858.
8851.
8847.
8842.
8835.
8827.
8819.
8812.
8804.
8795.
8787.
8779.
8769.
8759.
8751.
8740.
8728.
8717.
8706.
8694.
8682.
8669.
8657.
8644.
8630.
8616.
8603.
8588.
8574.
8558.
8544.
8529.
8515.
8498.
8481.
8465.
8450.
8431.
8414.
8398.
8380.
8363.
8346.
8327.
8308.
8289.
8272.
8254.
8233.
8214.
8196.
8175.
8156.
8136.
8116.
8096.
8076.
8054.
8032.
8013.
7990.
7969.
7948.
7927.
7904.
7881.
7859.
7836.
7814.
7792.
7770.
7747.
7724.
7703.
7680.
7659.
7636.
7614.
7594.
7572.
7551.
7531.
7510.
7489.
7469.
7449.
7429.
7410.
7390.
7372.
7354.
7336.
7318.
7300.
7282.
7264.
7247.
7231.
7214.
7197.
7182.
7166.
7151.
7136.
7122.
7107.
7093.
7080.
7069.
7057.
7047.
7036.
7024.
7014.
7006.
6997.
6990.
6983.
6974.
6968.
6965.
6960.
6955.
6952.
6947.
6945.
6944.
6941.
6939.
6940.
6939.
6939.
6940.
6942.
6944.
6946.
6948.
6951.
6955.
6960.
6964.
6970.
6974.
6981.
6986.
6994.
7001.
7009.
7016.
7025.
7035.
7045.
7054.
7064.
7076.
7088.
7096.
7109.
7121.
7138.
7149.
7164.
7176.
7192.
7207.
7221.
7238.
7255.
7271.
7287.
7304.
7322.
7339.
7357.
7376.
7394.
7413.
7431.
7451.
7469.
7490.
7510.
7529.
7549.
7569.
7591.
7610.
7631.
7652.
7673.
7694.
7714.
7736.
7757.
7777.
7799.
7820.
7840.
7860.
7882.
7903.
7924.
7944.
7964.
7985.
8005.
8025.
8045.
8065.
8085.
8105.
8124.
8143.
8163.
8181.
8200.
8219.
8236.
8255.
8273.
8291.
8308.
8323.
8339.
8355.
8372.
8386.
8404.
8417.
8429.
8443.
8459.
8470.
8483.
8493.
8505.
8516.
8526.
8536.
8543.
8552.
8559.
8568.
8575.
8581.
8587.
8592.
8598.
8602.
8607.
8610.
8612.
8615.
8617.
8619.
8620.
8620.
8620.
8620.
8619.
8618.
8616.
8614.
8612.
8609.
8605.
8603.
8599.
8593.
8588.
8582.
8577.
8570.
8565.
8558.
8552.
8545.
8537.
8527.
8519.
8511.
8501.
8493.
8483.
8474.
8463.
8452.
8441.
8431.
8418.
8407.
8395.
8383.
8370.
8357.
8344.
8331.
8316.
8303.
8290.
8275.
8260.
8244.
8228.
8214.
8197.
8181.
8166.
8151.
8134.
8117.
8101.
8085.
8069.
8050.
8032.
8016.
7998.
7981.
7964.
7947.
7930.
7911.
7895.
7878.
7861.
7845.
7826.
7809.
7792.
7775.
7759.
7741.
7725.
7706.
7690.
7672.
7656.
7640.
7622.
7606.
7590.
7574.
7558.
7543.
7526.
7510.
7496.
7480.
7465.
7452.
7437.
7423.
7409.
7396.
7382.
7370.
7358.
7346.
7334.
7322.
7312.
7303.
7293.
7283.
7274.
7265.
7257.
7249.
7242.
7234.
7227.
7221.
7215.
7210.
7204.
7200.
7193.
7191.
7187.
7184.
7181.
7179.
7178.
7179.
7176.
7176.
7176.
7177.
7177.
7180.
7181.
7185.
7188.
7192.
7196.
7200.
7205.
7211.
7218.
7223.
7230.
7238.
7246.
7253.
7262.
7272.
7281.
7290.
7299.
7309.
7320.
7330.
7342.
7353.
7367.
7376.
7388.
7400.
7414.
7430.
7439.
7454.
7471.
7484.
7497.
7512.
7528.
7544.
7560.
7576.
7593.
7608.
7627.
7645.
7662.
7680.
7699.
7717.
7736.
7756.
7776.
7795.
7815.
7836.
7856.
7876.
7896.
7917.
7938.
7957.
7977.
7998.
8019.
8037.
8058.
8078.
8098.
8118.
8139.
8158.
8178.
8198.
8218.
8236.
8256.
8277.
8295.
8315.
8334.
8351.
8370.
8389.
8407.
8423.
8441.
8458.
8476.
8493.
8509.
8525.
8540.
8556.
8574.
8586.
8597.
8612.
8628.
8641.
8650.
8662.
8675.
8685.
8695.
8706.
8715.
8723.
8732.
8740.
8747.
8753.
8759.
8766.
8772.
8775.
8779.
8782.
8786.
8789.
8791.
8792.
8794.
8796.
8797.
8796.
8797.
8795.
8795.
8793.
8792.
8790.
8790.
8786.
8784.
8779.
8776.
8773.
8771.
8766.
8761.
8756.
8751.
8746.
8740.
8734.
8728.
8721.
8715.
8709.
8701.
8693.
8685.
8678.
8670.
8662.
8653.
8643.
8634.
8625.
8614.
8606.
8596.
8584.
8574.
8562.
8552.
8540.
8529.
8516.
8505.
8493.
8479.
8469.
8455.
8443.
8428.
8416.
8402.
8387.
8373.
8359.
8344.
8330.
8315.
8300.
8285.
8269.
8253.
8237.
8222.
8205.
8189.
8171.
8155.
8140.
8122.
8106.
8088.
8072.
8054.
8035.
8018.
8000.
7982.
7966.
7948.
7929.
7910.
7894.
7878.
7860.
7841.
7824.
7807.
7790.
7772.
7756.
7740.
7723.
7706.
7690.
7674.
7659.
7643.
7627.
7611.
7595.
7579.
7564.
7549.
7534.
7519.
7504.
7490.
7474.
7459.
7446.
7432.
7418.
7405.
7391.
7378.
7364.
7351.
7339.
7327.
7317.
7305.
7294.
7284.
7274.
7263.
7254.
7244.
7234.
7226.
7219.
7211.
7203.
7196.
7189.
7183.
7177.
7171.
7167.
7161.
7158.
7153.
7150.
7148.
7147.
7145.
7143.
7143.
7144.
7143.
7144.
7147.
7148.
7149.
7152.
7156.
7161.
7165.
7168.
7174.
7179.
7185.
7192.
7197.
7205.
7212.
7220.
7228.
7237.
7247.
7256.
7265.
7275.
7286.
7296.
7310.
7320.
7332.
7343.
7360.
7372.
7387.
7400.
7419.
7431.
7447.
7464.
7481.
7497.
7515.
7533.
7551.
7570.
7589.
7608.
7628.
7647.
7667.
7689.
7709.
7729.
7751.
7771.
7793.
7815.
7836.
7858.
7881.
7903.
7926.
7947.
7970.
7994.
8018.
8040.
8063.
8085.
8110.
8133.
8154.
8178.
8202.
8223.
8245.
8268.
8291.
8313.
8334.
8357.
8379.
8401.
8423.
8445.
8466.
8487.
8507.
8528.
8548.
8567.
8587.
8607.
8625.
8644.
8663.
8680.
8696.
8713.
8731.
8748.
8761.
8775.
8790.
8805.
8817.
8830.
8843.
8853.
8864.
8874.
8885.
8893.
8903.
8913.
8920.
8928.
8935.
8942.
8948.
8955.
8960.
8964.
8969.
8973.
8978.
8981.
8983.
8984.
8986.
8989.
8990.
8990.
8990.
8991.
8991.
8990.
8988.
8986.
8983.
8981.
8978.
8974.
8971.
8967.
8963.
8959.
8955.
8950.
8944.
8938.
8931.
8926.
8918.
8910.
8905.
8896.
8888.
8878.
8871.
8863.
8853.
8844.
8835.
8824.
8813.
8804.
8793.
8781.
8769.
8758.
8745.
8733.
8721.
8707.
8695.
8681.
8667.
8653.
8639.
8624.
8610.
8594.
8579.
8564.
8548.
8532.
8515.
8499.
8482.
8464.
8447.
8429.
8412.
8394.
8377.
8358.
8341.
8322.
8304.
8285.
8266.
8249.
8229.
8209.
8190.
8172.
8151.
8133.
8113.
8094.
8072.
8055.
8034.
8013.
7995.
7974.
7954.
7934.
7912.
7892.
7872.
7852.
7832.
7809.
7789.
7770.
7748.
7729.
7708.
7689.
7670.
7651.
7632.
7614.
7596.
7578.
7562.
7544.
7528.
7511.
7497.
7483.
7469.
7456.
7442.
7430.
7416.
7405.
7395.
7384.
7372.
7361.
7352.
7343.
7333.
7324.
7317.
7308.
7301.
7295.
7288.
7282.
7276.
7270.
7265.
7261.
7256.
7256.
7253.
7251.
7249.
7249.
7251.
7249.
7250.
7251.
7254.
7257.
7259.
7263.
7266.
7272.
7276.
7283.
7289.
7294.
7302.
7309.
7317.
7325.
7334.
7342.
7352.
7362.
7372.
7381.
7390.
7404.
7417.
7428.
7439.
7452.
7468.
7478.
7493.
7508.
7527.
7537.
7553.
7569.
7584.
7600.
7617.
7633.
7650.
7667.
7684.
7703.
7721.
7739.
7758.
7776.
7796.
7815.
7834.
7853.
7872.
7893.
7913.
7933.
7953.
7974.
7995.
8016.
8038.
8058.
8079.
8101.
8122.
8144.
8165.
8186.
8206.
8230.
8252.
8272.
8293.
8315.
8336.
8358.
8380.
8401.
8422.
8445.
8464.
8485.
8505.
8526.
8546.
8566.
8586.
8606.
8626.
8645.
8663.
8682.
8702.
8719.
8738.
8755.
8772.
8789.
8805.
8821.
8838.
8855.
8868.
8882.
8899.
8912.
8926.
8935.
8950.
8964.
8972.
8985.
8997.
9006.
9017.
9027.
9037.
9046.
9053.
9060.
9069.
9076.
9082.
9087.
9093.
9098.
9102.
9107.
9110.
9112.
9115.
9118.
9120.
9121.
9122.
9122.
9121.
9120.
9119.
9118.
9115.
9114.
9110.
9109.
9106.
9100.
9096.
9093.
9087.
9081.
9077.
9072.
9064.
9058.
9052.
9045.
9037.
9030.
9020.
9012.
9003.
8995.
8984.
8974.
8965.
8954.
8944.
8932.
8921.
8909.
8897.
8885.
8873.
8859.
8847.
8835.
8821.
8806.
8792.
8777.
8762.
8749.
8732.
8718.
8703.
8686.
8669.
8653.
8638.
8619.
8603.
8586.
8569.
8551.
8534.
8515.
8496.
8478.
8458.
8439.
8421.
8401.
8381.
8362.
8342.
8321.
8300.
8280.
8260.
8238.
8216.
8196.
8175.
8153.
8131.
8108.
8087.
8066.
8044.
8022.
8000.
7977.
7955.
7933.
7910.
7888.
7865.
7844.
7821.
7799.
7776.
7757.
7736.
7715.
7696.
7674.
7655.
7636.
7615.
7597.
7578.
7559.
7542.
7525.
7507.
7488.
7470.
7454.
7438.
7421.
7406.
7389.
7374.
7358.
7343.
7329.
7315.
7301.
7287.
7273.
7261.
7249.
7234.
7222.
7211.
7200.
7188.
7178.
7171.
7162.
7153.
7147.
7139.
7134.
7128.
7121.
7118.
7116.
7111.
7110.
7108.
7106.
7105.
7105.
7107.
7107.
7108.
7109.
7111.
7113.
7116.
7118.
7121.
7124.
7129.
7133.
7138.
7144.
7148.
7155.
7161.
7169.
7176.
7183.
7191.
7201.
7209.
7218.
7227.
7238.
7248.
7259.
7270.
7282.
7291.
7304.
7320.
7330.
7342.
7354.
7371.
7382.
7396.
7410.
7424.
7439.
7454.
7469.
7483.
7499.
7517.
7531.
7548.
7566.
7583.
7600.
7618.
7635.
7653.
7672.
7690.
7708.
7727.
7747.
7765.
7785.
7803.
7824.
7844.
7864.
7883.
7905.
7924.
7945.
7966.
7986.
8006.
8028.
8048.
8069.
8090.
8110.
8133.
8155.
8174.
8195.
8216.
8235.
8256.
8278.
8297.
8319.
8338.
8359.
8379.
8400.
8419.
8438.
8458.
8477.
8496.
8515.
8534.
8554.
8573.
8590.
8608.
8626.
8643.
8660.
8678.
8695.
8712.
8729.
8741.
8757.
8773.
8789.
8800.
8816.
8832.
8845.
8855.
8866.
8881.
8892.
8903.
8913.
8924.
8934.
8943.
8952.
8961.
8968.
8976.
8983.
8992.
8997.
9004.
9010.
9017.
9020.
9025.
9029.
9033.
9036.
9039.
9042.
9044.
9045.
9047.
9046.
9046.
9045.
9047.
9046.
9044.
9043.
9042.
9037.
9035.
9031.
9028.
9023.
9018.
9013.
9006.
9003.
8997.
8990.
8983.
8976.
8968.
8960.
8950.
8943.
8933.
8923.
8914.
8904.
8893.
8883.
8871.
8860.
8849.
8835.
8823.
8810.
8798.
8785.
8770.
8757.
8741.
8727.
8712.
8698.
8681.
8663.
8649.
8632.
8615.
8597.
8581.
8562.
8544.
8525.
8507.
8489.
8471.
8451.
8432.
8413.
8394.
8374.
8353.
8334.
8315.
8294.
8272.
8253.
8232.
8212.
8192.
8171.
8150.
8130.
8109.
8087.
8068.
8047.
8026.
8006.
7986.
7966.
7946.
7925.
7904.
7884.
7865.
7845.
7828.
7808.
7791.
7769.
7751.
7733.
7717.
7700.
7682.
7665.
7650.
7633.
7618.
7603.
7588.
7573.
7561.
7548.
7534.
7521.
7510.
7498.
7486.
7475.
7464.
7454.
7443.
7435.
7424.
7415.
7406.
7397.
7388.
7380.
7371.
7363.
7355.
7347.
7339.
7330.
7326.
7317.
7312.
7307.
7301.
7296.
7293.
7290.
7288.
7285.
7281.
7280.
7280.
7281.
7280.
7281.
7282.
7284.
7285.
7287.
7291.
7293.
7297.
7303.
7307.
7311.
7317.
7323.
7329.
7336.
7342.
7350.
7357.
7366.
7374.
7382.
7392.
7400.
7410.
7420.
7432.
7443.
7452.
7465.
7477.
7489.
7501.
7512.
7526.
7536.
7549.
7564.
7580.
7590.
7604.
7617.
7635.
7648.
7662.
7675.
7692.
7708.
7724.
7739.
7755.
7772.
7789.
7804.
7823.
7842.
7858.
7876.
7894.
7913.
7932.
7951.
7969.
7988.
8008.
8027.
8045.
8064.
8083.
8103.
8122.
8140.
8159.
8179.
8197.
8218.
8236.
8255.
8275.
8295.
8315.
8332.
8351.
8370.
8390.
8409.
8429.
8447.
8466.
8484.
8501.
8520.
8539.
8557.
8574.
8591.
8609.
8623.
8642.
8658.
8672.
8688.
8704.
8720.
8731.
8747.
8763.
8775.
8785.
8798.
8813.
8825.
8835.
8845.
8857.
8866.
8877.
8886.
8894.
8904.
8911.
8919.
8927.
8933.
8940.
8947.
8954.
8959.
8963.
8967.
8972.
8976.
8979.
8983.
8987.
8987.
8990.
8992.
8994.
8995.
8995.
8995.
8995.
8994.
8994.
8992.
8991.
8988.
8986.
8983.
8980.
8976.
8972.
8968.
8963.
8959.
8953.
8949.
8943.
8935.
8931.
8925.
8918.
8910.
8902.
8894.
8886.
8878.
8870.
8859.
8850.
8841.
8832.
8822.
8811.
8800.
8790.
8779.
8768.
8755.
8743.
8732.
8720.
8706.
8694.
8680.
8667.
8654.
8640.
8626.
8614.
8599.
8584.
8569.
8554.
8540.
8525.
8510.
8494.
8477.
8462.
8445.
8429.
8413.
8395.
8379.
8362.
8344.
8325.
8309.
8290.
8271.
8253.
8235.
8216.
8195.
8174.
8155.
8137.
8116.
8095.
8074.
8054.
8033.
8014.
7991.
7970.
7951.
7929.
7909.
7887.
7865.
7846.
7826.
7805.
7783.
7763.
7742.
7722.
7702.
7679.
7660.
7641.
7619.
7598.
7579.
7558.
7537.
7517.
7498.
7476.
7456.
7437.
7416.
7399.
7379.
7361.
7343.
7326.
7307.
7292.
7275.
7259.
7244.
7230.
7215.
7205.
7192.
7179.
7168.
7157.
7148.
7137.
7128.
7118.
7111.
7103.
7096.
7089.
7083.
7077.
7071.
7069.
7064.
7060.
7057.
7055.
7053.
7052.
7050.
7052.
7052.
7052.
7054.
7056.
7058.
7061.
7064.
7070.
7074.
7078.
7084.
7090.
7097.
7104.
7112.
7120.
7129.
7138.
7146.
7157.
7167.
7176.
7188.
7203.
7212.
7225.
7237.
7254.
7266.
7280.
7295.
7311.
7326.
7341.
7357.
7373.
7390.
7409.
7426.
7443.
7462.
7481.
7499.
7518.
7538.
7558.
7577.
7597.
7616.
7636.
7657.
7676.
7697.
7716.
7738.
7758.
7778.
7798.
7818.
7838.
7858.
7879.
7897.
7918.
7937.
7958.
7977.
7995.
8016.
8036.
8055.
8074.
8094.
8113.
8133.
8150.
8170.
8189.
8206.
8225.
8243.
8261.
8280.
8296.
8315.
8332.
8348.
8365.
8382.
8397.
8412.
8428.
8444.
8458.
8472.
8490.
8501.
8513.
8525.
8539.
8552.
8560.
8572.
8584.
8595.
8605.
8614.
8624.
8634.
8643.
8650.
8658.
8665.
8674.
8681.
8687.
8693.
8700.
8704.
8711.
8714.
8719.
8724.
8727.
8731.
8733.
8736.
8737.
8740.
8741.
8743.
8745.
8744.
8745.
8744.
8745.
8744.
8743.
8741.
8739.
8739.
8734.
8731.
8730.
8726.
8723.
8719.
8715.
8711.
8707.
8703.
8697.
8692.
8687.
8681.
8674.
8668.
8662.
8655.
8648.
8641.
8634.
8625.
8618.
8608.
8600.
8591.
8582.
8571.
8562.
8552.
8542.
8531.
8520.
8508.
8497.
8485.
8473.
8462.
8449.
8435.
8422.
8409.
8396.
8384.
8368.
8354.
8340.
8325.
8312.
8296.
8281.
8266.
8252.
8237.
8219.
8204.
8189.
8171.
8154.
8138.
8121.
8102.
8086.
8068.
8050.
8032.
8015.
7997.
7979.
7961.
7944.
7925.
7908.
7889.
7869.
7851.
7834.
7817.
7796.
7779.
7760.
7742.
7724.
7705.
7688.
7668.
7650.
7632.
7615.
7596.
7578.
7561.
7544.
7526.
7510.
7493.
7477.
7462.
7447.
7431.
7417.
7405.
7391.
7378.
7366.
7354.
7343.
7331.
7322.
7314.
7304.
7295.
7287.
7279.
7271.
7265.
7259.
7255.
7250.
7243.
7239.
7236.
7231.
7228.
7227.
7225.
7223.
7223.
7221.
7222.
7221.
7222.
7224.
7224.
7225.
7228.
7231.
7235.
7237.
7241.
7245.
7250.
7254.
7259.
7265.
7272.
7278.
7284.
7290.
7297.
7304.
7312.
7321.
7328.
7337.
7345.
7353.
7362.
7374.
7382.
7392.
7402.
7415.
7425.
7434.
7445.
7457.
7467.
7476.
7491.
7503.
7513.
7525.
7537.
7553.
7563.
7574.
7589.
7603.
7615.
7624.
7640.
7653.
7667.
7676.
7691.
7707.
7718.
7729.
7744.
7761.
7772.
7785.
7801.
7816.
7827.
7841.
7856.
7872.
7886.
7896.
7911.
7928.
7943.
7954.
7970.
7986.
8000.
8012.
8027.
8043.
8057.
8071.
8086.
8102.
8115.
8126.
8141.
8157.
8173.
8183.
8198.
8211.
8226.
8239.
8254.
8272.
8283.
8296.
8310.
8327.
8339.
8351.
8367.
8383.
8395.
8406.
8422.
8437.
8449.
8461.
8474.
8490.
8501.
8514.
8525.
8539.
8551.
8558.
8571.
8584.
8595.
8606.
8616.
8626.
8636.
8646.
8656.
8665.
8672.
8681.
8690.
8698.
8705.
8712.
8718.
8725.
8731.
8738.
8744.
8749.
8754.
8757.
8762.
8766.
8770.
8773.
8777.
8782.
8783.
8785.
8788.
8790.
8791.
8793.
8795.
8795.
8793.
8793.
8795.
8796.
8795.
8794.
8793.
8792.
8790.
8788.
8786.
8784.
8781.
8779.
8775.
8772.
8769.
8764.
8761.
8757.
8752.
8746.
8743.
8738.
8732.
8725.
8721.
8714.
8706.
8701.
8695.
8687.
8679.
8671.
8665.
8658.
8649.
8642.
8633.
8624.
8615.
8607.
8598.
8588.
8578.
8569.
8559.
8549.
8539.
8529.
8518.
8507.
8497.
8485.
8474.
8462.
8451.
8441.
8429.
8416.
8405.
8392.
8380.
8368.
8353.
8341.
8328.
8315.
8303.
8288.
8274.
8260.
8246.
8232.
8216.
8200.
8186.
8171.
8156.
8141.
8125.
8109.
8091.
8076.
8060.
8044.
8026.
8009.
7992.
7974.
7956.
7941.
7923.
7906.
7888.
7872.
7854.
7837.
7820.
7801.
7784.
7765.
7748.
7731.
7715.
7696.
7678.
7662.
7645.
7626.
7609.
7593.
7575.
7557.
7540.
7523.
7505.
7488.
7471.
7455.
7436.
7420.
7405.
7387.
7372.
7355.
7341.
7326.
7311.
7295.
7283.
7269.
7256.
7243.
7231.
7218.
7208.
7196.
7187.
7177.
7166.
7157.
7148.
7140.
7132.
7123.
7115.
7108.
7100.
7092.
7087.
7080.
7074.
7068.
7063.
7058.
7052.
7047.
7044.
7041.
7035.
7033.
7030.
7028.
7025.
7024.
7023.
7023.
7022.
7023.
7023.
7025.
7026.
7027.
7030.
7033.
7035.
7037.
7044.
7048.
7051.
7058.
7064.
7069.
7076.
7082.
7090.
7097.
7105.
7113.
7123.
7132.
7141.
7150.
7161.
7173.
7184.
7196.
7208.
7222.
7232.
7245.
7259.
7277.
7291.
7303.
7320.
7336.
7351.
7366.
7384.
7401.
7417.
7435.
7453.
7471.
7489.
7507.
7525.
7544.
7563.
7582.
7601.
7620.
7641.
7661.
7681.
7702.
7722.
7744.
7763.
7785.
7806.
7828.
7851.
7871.
7895.
7916.
7937.
7959.
7981.
8004.
8026.
8047.
8068.
8090.
8112.
8132.
8154.
8174.
8194.
8215.
8235.
8255.
8275.
8295.
8315.
8334.
8352.
8372.
8390.
8409.
8428.
8446.
8463.
8481.
8498.
8515.
8530.
8547.
8562.
8576.