8423.
8424.
8422.
8422.
8422.
8421.
8421.
8421.
8420.
8419.
8420.
8419.
8419.
8419.
8418.
8418.
8418.
8417.
8417.
8417.
8417.
8416.
8417.
8416.
8417.
8415.
8416.
8415.
8415.
8415.
8415.
8414.
8414.
8415.
8414.
8413.
8415.
8414.
8414.
8414.
8414.
8415.
8415.
8412.
8413.
8414.
8413.
8414.
8412.
8414.
8413.
8413.
8414.
8414.
8414.
8412.
8414.
8414.
8414.
8413.
8413.
8414.
8415.
8414.
8413.
8414.
8413.
8413.
8414.
8414.
8415.
8414.
8414.
8414.
8415.
8415.
8414.
8414.
8415.
8415.
8414.
8415.
8415.
8416.
8415.
8416.
8416.
8416.
8415.
8416.
8415.
8416.
8416.
8416.
8415.
8415.
8415.
8416.
8416.
8416.
8415.
8416.
8415.
8416.
8415.
8416.
8417.
8416.
8416.
8417.
8417.
8418.
8416.
8416.
8416.
8416.
8415.
8415.
8417.
8415.
8415.
8417.
8415.
8414.
8414.
8415.
8414.
8413.
8412.
8414.
8414.
8413.
8411.
8413.
8412.
8411.
8410.
8410.
8409.
8408.
8410.
8410.
8408.
8408.
8408.
8407.
8406.
8405.
8404.
8404.
8404.
8402.
8402.
8401.
8401.
8400.
8398.
8398.
8398.
8396.
8394.
8394.
8393.
8392.
8390.
8390.
8388.
8387.
8386.
8385.
8383.
8381.
8381.
8380.
8378.
8377.
8375.
8375.
8373.
8371.
8368.
8368.
8366.
8365.
8363.
8362.
8359.
8358.
8357.
8353.
8353.
8351.
8349.
8347.
8346.
8343.
8341.
8339.
8337.
8334.
8332.
8330.
8326.
8324.
8323.
8320.
8318.
8316.
8314.
8313.
8309.
8306.
8303.
8300.
8298.
8296.
8294.
8290.
8287.
8284.
8282.
8278.
8277.
8272.
8270.
8269.
8263.
8260.
8258.
8254.
8252.
8249.
8246.
8242.
8240.
8235.
8232.
8229.
8224.
8220.
8218.
8215.
8211.
8206.
8203.
8199.
8196.
8194.
8188.
8186.
8181.
8177.
8175.
8169.
8166.
8163.
8160.
8155.
8150.
8147.
8143.
8139.
8134.
8131.
8127.
8125.
8119.
8116.
8110.
8107.
8104.
8100.
8096.
8092.
8088.
8084.
8080.
8076.
8073.
8069.
8064.
8062.
8056.
8053.
8048.
8044.
8041.
8038.
8032.
8028.
8025.
8021.
8016.
8013.
8009.
8006.
8001.
7997.
7995.
7990.
7987.
7983.
7979.
7975.
7970.
7967.
7962.
7959.
7956.
7951.
7946.
7942.
7939.
7937.
7931.
7927.
7924.
7920.
7916.
7911.
7908.
7904.
7901.
7896.
7893.
7889.
7886.
7881.
7879.
7875.
7872.
7866.
7864.
7859.
7855.
7852.
7849.
7845.
7841.
7837.
7834.
7831.
7827.
7824.
7821.
7817.
7813.
7810.
7806.
7803.
7800.
7796.
7794.
7790.
7786.
7783.
7780.
7777.
7771.
7770.
7766.
7763.
7760.
7758.
7755.
7752.
7749.
7746.
7743.
7740.
7736.
7733.
7732.
7729.
7725.
7721.
7719.
7715.
7713.
7710.
7708.
7704.
7702.
7698.
7696.
7693.
7693.
7688.
7687.
7682.
7679.
7678.
7675.
7673.
7667.
7666.
7664.
7661.
7660.
7656.
7653.
7649.
7648.
7645.
7641.
7639.
7637.
7634.
7632.
7629.
7626.
7622.
7619.
7618.
7616.
7613.
7611.
7608.
7605.
7602.
7601.
7597.
7595.
7593.
7591.
7589.
7587.
7585.
7582.
7581.
7577.
7575.
7572.
7572.
7571.
7567.
7566.
7562.
7561.
7558.
7557.
7554.
7552.
7552.
7550.
7548.
7545.
7543.
7541.
7540.
7539.
7537.
7536.
7533.
7531.
7528.
7527.
7526.
7524.
7522.
7521.
7520.
7518.
7515.
7516.
7513.
7511.
7509.
7508.
7507.
7505.
7503.
7503.
7501.
7499.
7499.
7496.
7495.
7492.
7492.
7491.
7491.
7490.
7488.
7485.
7485.
7484.
7484.
7483.
7480.
7479.
7478.
7478.
7478.
7475.
7475.
7474.
7473.
7471.
7471.
7471.
7469.
7469.
7469.
7468.
7468.
7467.
7467.
7467.
7467.
7465.
7464.
7466.
7465.
7464.
7464.
7464.
7464.
7465.
7465.
7465.
7465.
7465.
7465.
7466.
7465.
7465.
7465.
7466.
7468.
7467.
7467.
7468.
7469.
7468.
7469.
7469.
7470.
7470.
7470.
7471.
7471.
7472.
7473.
7473.
7474.
7474.
7475.
7477.
7477.
7478.
7479.
7479.
7480.
7481.
7482.
7483.
7484.
7485.
7485.
7487.
7488.
7489.
7489.
7491.
7491.
7491.
7491.
7494.
7495.
7496.
7497.
7498.
7499.
7501.
7501.
7503.
7505.
7506.
7506.
7507.
7509.
7510.
7512.
7512.
7515.
7515.
7516.
7518.
7521.
7522.
7521.
7524.
7526.
7527.
7528.
7529.
7531.
7533.
7534.
7535.
7537.
7540.
7543.
7542.
7546.
7547.
7549.
7550.
7554.
7557.
7557.
7561.
7563.
7566.
7568.
7571.
7575.
7577.
7580.
7582.
7586.
7589.
7593.
7597.
7599.
7604.
7607.
7610.
7615.
7619.
7622.
7627.
7631.
7635.
7641.
7645.
7649.
7655.
7661.
7664.
7670.
7674.
7681.
7686.
7691.
7697.
7701.
7707.
7714.
7720.
7725.
7732.
7737.
7744.
7750.
7757.
7762.
7767.
7774.
7782.
7788.
7794.
7801.
7808.
7815.
7821.
7828.
7834.
7842.
7849.
7855.
7863.
7870.
7877.
7883.
7891.
7899.
7905.
7912.
7920.
7927.
7934.
7942.
7949.
7956.
7964.
7969.
7977.
7984.
7992.
7999.
8007.
8013.
8021.
8028.
8035.
8043.
8050.
8056.
8063.
8071.
8079.
8085.
8092.
8099.
8106.
8114.
8120.
8127.
8135.
8141.
8148.
8155.
8162.
8169.
8176.
8184.
8190.
8197.
8204.
8211.
8218.
8225.
8232.
8240.
8247.
8253.
8259.
8265.
8273.
8278.
8286.
8293.
8298.
8305.
8312.
8318.
8325.
8331.
8338.
8344.
8350.
8354.
8362.
8368.
8374.
8380.
8386.
8392.
8397.
8403.
8409.
8417.
8420.
8426.
8434.
8440.
8445.
8451.
8456.
8462.
8469.
8473.
8480.
8486.
8492.
8496.
8503.
8509.
8514.
8520.
8527.
8531.
8536.
8542.
8548.
8554.
8559.
8565.
8571.
8576.
8582.
8587.
8593.
8599.
8604.
8610.
8614.
8621.
8626.
8631.
8637.
8642.
8646.
8652.
8657.
8663.
8669.
8674.
8680.
8685.
8691.
8696.
8701.
8705.
8710.
8716.
8722.
8728.
8733.
8737.
8744.
8750.
8754.
8759.
8763.
8769.
8775.
8779.
8784.
8788.
8793.
8797.
8803.
8808.
8812.
8818.
8822.
8827.
8831.
8836.
8840.
8846.
8850.
8853.
8858.
8864.
8867.
8872.
8876.
8881.
8885.
8889.
8894.
8898.
8902.
8906.
8909.
8914.
8918.
8922.
8926.
8931.
8935.
8938.
8942.
8948.
8951.
8954.
8956.
8961.
8965.
8968.
8970.
8976.
8978.
8981.
8985.
8989.
8991.
8996.
8999.
9002.
9006.
9009.
9011.
9015.
9019.
9021.
9025.
9027.
9030.
9034.
9037.
9039.
9044.
9048.
9050.
9053.
9054.
9058.
9061.
9065.
9068.
9072.
9074.
9077.
9078.
9081.
9085.
9088.
9092.
9094.
9097.
9100.
9103.
9106.
9110.
9112.
9114.
9118.
9122.
9125.
9127.
9131.
9135.
9137.
9141.
9144.
9146.
9151.
9152.
9156.
9160.
9163.
9166.
9170.
9173.
9175.
9179.
9182.
9187.
9190.
9192.
9196.
9201.
9204.
9207.
9209.
9213.
9218.
9221.
9224.
9228.
9232.
9235.
9238.
9242.
9246.
9248.
9251.
9256.
9259.
9263.
9267.
9271.
9274.
9278.
9281.
9284.
9288.
9293.
9295.
9298.
9301.
9305.
9307.
9312.
9313.
9318.
9320.
9323.
9325.
9329.
9332.
9334.
9337.
9340.
9343.
9344.
9348.
9351.
9353.
9354.
9357.
9359.
9361.
9363.
9366.
9368.
9370.
9371.
9374.
9376.
9377.
9379.
9381.
9384.
9386.
9386.
9389.
9391.
9392.
9393.
9395.
9398.
9398.
9400.
9402.
9403.
9405.
9406.
9408.
9410.
9411.
9412.
9413.
9414.
9416.
9417.
9417.
9419.
9422.
9424.
9425.
9426.
9427.
9428.
9430.
9431.
9432.
9433.
9435.
9435.
9436.
9438.
9441.
9440.
9442.
9443.
9445.
9447.
9449.
9450.
9452.
9452.
9454.
9455.
9457.
9458.
9459.
9461.
9461.
9463.
9465.
9465.
9467.
9470.
9471.
9473.
9475.
9475.
9478.
9480.
9481.
9483.
9484.
9486.
9489.
9490.
9491.
9493.
9494.
9496.
9497.
9499.
9501.
9502.
9503.
9505.
9508.
9508.
9510.
9512.
9513.
9512.
9514.
9517.
9518.
9519.
9521.
9523.
9524.
9526.
9528.
9529.
9529.
9531.
9533.
9536.
9536.
9537.
9538.
9540.
9542.
9542.
9544.
9546.
9547.
9547.
9548.
9550.
9552.
9553.
9553.
9555.
9557.
9557.
9558.
9560.
9560.
9560.
9562.
9564.
9565.
9565.
9566.
9566.
9568.
9568.
9569.
9569.
9570.
9570.
9571.
9572.
9573.
9573.
9573.
9574.
9574.
9574.
9573.
9574.
9573.
9572.
9573.
9574.
9573.
9572.
9571.
9571.
9570.
9569.
9570.
9569.
9568.
9566.
9565.
9566.
9565.
9562.
9561.
9560.
9560.
9557.
9555.
9554.
9553.
9552.
9549.
9547.
9547.
9544.
9543.
9541.
9538.
9536.
9534.
9532.
9530.
9527.
9525.
9524.
9520.
9518.
9516.
9514.
9512.
9507.
9504.
9503.
9499.
9495.
9494.
9492.
9486.
9484.
9481.
9477.
9474.
9470.
9468.
9465.
9461.
9457.
9453.
9449.
9446.
9442.
9438.
9434.
9428.
9424.
9421.
9417.
9411.
9407.
9403.
9399.
9394.
9389.
9385.
9379.
9374.
9369.
9365.
9360.
9353.
9347.
9344.
9338.
9332.
9327.
9320.
9315.
9308.
9302.
9296.
9290.
9284.
9278.
9271.
9265.
9258.
9251.
9245.
9237.
9232.
9224.
9217.
9210.
9203.
9195.
9189.
9182.
9175.
9166.
9159.
9153.
9145.
9136.
9129.
9122.
9113.
9105.
9098.
9090.
9082.
9074.
9065.
9058.
9051.
9041.
9034.
9026.
9017.
9009.
9000.
8993.
8983.
8976.
8967.
8959.
8951.
8941.
8933.
8925.
8916.
8908.
8900.
8890.
8880.
8874.
8864.
8855.
8848.
8838.
8829.
8822.
8813.
8804.
8796.
8788.
8780.
8770.
8762.
8754.
8746.
8736.
8729.
8721.
8711.
8703.
8695.
8687.
8677.
8669.
8661.
8653.
8646.
8637.
8629.
8619.
8612.
8605.
8596.
8587.
8580.
8572.
8565.
8556.
8548.
8541.
8533.
8526.
8520.
8511.
8504.
8496.
8489.
8482.
8475.
8468.
8462.
8455.
8448.
8440.
8435.
8427.
8419.
8414.
8407.
8401.
8394.
8387.
8382.
8376.
8369.
8363.
8357.
8352.
8345.
8339.
8334.
8327.
8322.
8317.
8312.
8306.
8300.
8295.
8291.
8286.
8281.
8278.
8271.
8265.
8261.
8259.
8252.
8247.
8243.
8238.
8235.
8231.
8225.
8222.
8216.
8211.
8209.
8205.
8200.
8194.
8191.
8188.
8184.
8180.
8176.
8172.
8169.
8165.
8161.
8156.
8152.
8148.
8144.
8141.
8135.
8132.
8130.
8124.
8121.
8116.
8112.
8109.
8104.
8101.
8097.
8092.
8089.
8085.
8081.
8076.
8072.
8068.
8063.
8060.
8055.
8052.
8048.
8042.
8038.
8034.
8030.
8025.
8021.
8017.
8013.
8008.
8003.
7999.
7996.
7992.
7987.
7983.
7978.
7974.
7970.
7965.
7959.
7955.
7952.
7948.
7942.
7938.
7933.
7931.
7924.
7921.
7916.
7910.
7905.
7901.
7897.
7894.
7888.
7885.
7880.
7874.
7870.
7866.
7861.
7856.
7851.
7846.
7842.
7837.
7834.
7829.
7824.
7817.
7814.
7811.
7807.
7802.
7796.
7793.
7789.
7784.
7778.
7775.
7769.
7765.
7763.
7756.
7752.
7749.
7744.
7739.
7736.
7731.
7727.
7723.
7718.
7714.
7710.
7705.
7701.
7697.
7694.
7689.
7685.
7681.
7678.
7673.
7670.
7667.
7662.
7657.
7654.
7651.
7647.
7644.
7639.
7638.
7634.
7630.
7627.
7623.
7620.
7618.
7614.
7611.
7609.
7606.
7603.
7601.
7596.
7593.
7592.
7589.
7586.
7584.
7583.
7580.
7577.
7575.
7573.
7571.
7569.
7567.
7565.
7563.
7560.
7559.
7558.
7555.
7553.
7552.
7551.
7549.
7546.
7546.
7545.
7543.
7541.
7540.
7538.
7537.
7535.
7534.
7533.
7531.
7530.
7529.
7528.
7527.
7524.
7524.
7523.
7522.
7520.
7519.
7518.
7519.
7516.
7516.
7515.
7514.
7512.
7512.
7510.
7510.
7509.
7508.
7508.
7508.
7505.
7504.
7504.
7502.
7501.
7500.
7500.
7498.
7498.
7497.
7497.
7495.
7494.
7493.
7492.
7490.
7489.
7488.
7489.
7485.
7483.
7482.
7480.
7479.
7478.
7475.
7474.
7472.
7470.
7469.
7467.
7465.
7463.
7461.
7458.
7455.
7453.
7453.
7451.
7447.
7446.
7444.
7442.
7440.
7436.
7435.
7432.
7429.
7428.
7425.
7425.
7422.
7421.
7418.
7416.
7413.
7410.
7409.
7406.
7404.
7401.
7399.
7397.
7395.
7393.
7391.
7389.
7387.
7386.
7385.
7381.
7380.
7378.
7377.
7377.
7372.
7371.
7370.
7369.
7367.
7364.
7365.
7364.
7361.
7361.
7360.
7360.
7359.
7357.
7357.
7356.
7356.
7353.
7353.
7354.
7352.
7353.
7353.
7353.
7352.
7352.
7352.
7352.
7351.
7351.
7351.
7352.
7352.
7352.
7352.
7353.
7353.
7353.
7353.
7354.
7354.
7355.
7355.
7356.
7356.
7358.
7357.
7358.
7357.
7359.
7360.
7362.
7361.
7363.
7365.
7366.
7366.
7367.
7367.
7370.
7369.
7371.
7372.
7373.
7373.
7374.
7377.
7377.
7378.
7380.
7381.
7383.
7384.
7385.
7387.
7389.
7389.
7390.
7392.
7393.
7395.
7396.
7399.
7401.
7401.
7403.
7406.
7407.
7408.
7409.
7411.
7414.
7416.
7418.
7419.
7421.
7423.
7425.
7427.
7430.
7433.
7436.
7437.
7440.
7440.
7443.
7447.
7450.
7452.
7453.
7457.
7460.
7465.
7467.
7470.
7474.
7477.
7481.
7486.
7489.
7492.
7496.
7501.
7505.
7509.
7514.
7519.
7524.
7529.
7533.
7538.
7544.
7549.
7554.
7560.
7565.
7571.
7576.
7583.
7588.
7594.
7600.
7606.
7614.
7621.
7627.
7633.
7639.
7646.
7653.
7659.
7668.
7674.
7682.
7689.
7696.
7704.
7711.
7717.
7725.
7733.
7741.
7748.
7756.
7763.
7772.
7779.
7787.
7794.
7804.
7811.
7819.
7828.
7836.
7844.
7851.
7860.
7867.
7876.
7883.
7893.
7900.
7909.
7918.
7926.
7934.
7943.
7951.
7959.
7968.
7976.
7984.
7992.
8000.
8008.
8017.
8026.
8034.
8043.
8051.
8060.
8068.
8077.
8085.
8094.
8102.
8110.
8120.
8129.
8136.
8145.
8153.
8161.
8170.
8178.
8186.
8195.
8204.
8212.
8219.
8227.
8237.
8244.
8252.
8261.
8269.
8276.
8283.
8292.
8300.
8308.
8316.
8323.
8331.
8339.
8348.
8354.
8363.
8372.
8378.
8386.
8394.
8401.
8409.
8416.
8422.
8430.
8438.
8445.
8452.
8458.
8466.
8473.
8478.
8485.
8493.
8500.
8506.
8513.
8519.
8525.
8531.
8537.
8543.
8549.
8555.
8562.
8569.
8574.
8580.
8586.
8591.
8596.
8603.
8608.
8614.
8622.
8626.
8631.
8638.
8643.
8649.
8654.
8660.
8665.
8671.
8676.
8683.
8687.
8692.
8698.
8703.
8708.
8713.
8719.
8725.
8729.
8733.
8738.
8743.
8748.
8752.
8758.
8762.
8767.
8773.
8778.
8782.
8787.
8791.
8797.
8801.
8806.
8810.
8815.
8820.
8823.
8828.
8833.
8838.
8843.
8847.
8851.
8856.
8860.
8864.
8868.
8873.
8878.
8882.
8887.
8893.
8897.
8901.
8905.
8909.
8914.
8917.
8922.
8927.
8930.
8936.
8939.
8944.
8948.
8952.
8956.
8960.
8964.
8968.
8972.
8975.
8981.
8985.
8990.
8992.
8996.
9000.
9004.
9008.
9012.
9016.
9020.
9023.
9026.
9030.
9034.
9038.
9041.
9046.
9050.
9053.
9055.
9060.
9064.
9068.
9071.
9076.
9079.
9083.
9084.
9089.
9092.
9097.
9100.
9103.
9107.
9111.
9114.
9118.
9122.
9126.
9130.
9132.
9137.
9140.
9143.
9147.
9150.
9154.
9157.
9160.
9164.
9168.
9171.
9174.
9178.
9180.
9183.
9187.
9190.
9194.
9197.
9200.
9202.
9207.
9210.
9213.
9218.
9222.
9224.
9228.
9231.
9234.
9239.
9241.
9245.
9248.
9252.
9256.
9259.
9264.
9267.
9271.
9274.
9278.
9280.
9283.
9288.
9291.
9295.
9298.
9302.
9306.
9309.
9312.
9316.
9320.
9323.
9327.
9330.
9333.
9336.
9340.
9343.
9347.
9351.
9354.
9357.
9361.
9364.
9367.
9369.
9374.
9379.
9380.
9382.
9385.
9390.
9393.
9397.
9400.
9403.
9406.
9409.
9412.
9415.
9419.
9422.
9425.
9427.
9431.
9434.
9436.
9440.
9442.
9445.
9449.
9452.
9455.
9458.
9459.
9464.
9466.
9469.
9472.
9474.
9477.
9479.
9483.
9485.
9489.
9491.
9494.
9495.
9498.
9502.
9505.
9507.
9510.
9513.
9516.
9519.
9522.
9524.
9526.
9528.
9531.
9534.
9536.
9539.
9541.
9545.
9547.
9549.
9552.
9555.
9557.
9560.
9562.
9564.
9567.
9570.
9571.
9575.
9578.
9580.
9582.
9584.
9586.
9589.
9590.
9592.
9594.
9596.
9599.
9601.
9603.
9605.
9607.
9609.
9612.
9612.
9613.
9616.
9618.
9619.
9620.
9623.
9624.
9625.
9626.
9629.
9631.
9631.
9632.
9635.
9636.
9637.
9638.
9639.
9641.
9642.
9643.
9645.
9646.
9648.
9648.
9649.
9651.
9652.
9652.
9654.
9654.
9655.
9655.
9656.
9658.
9657.
9658.
9659.
9659.
9661.
9660.
9660.
9662.
9661.
9660.
9662.
9662.
9661.
9662.
9662.
9662.
9662.
9662.
9662.
9661.
9660.
9660.
9660.
9660.
9659.
9659.
9659.
9658.
9656.
9656.
9654.
9656.
9655.
9652.
9652.
9652.
9651.
9650.
9648.
9648.
9646.
9645.
9644.
9643.
9641.
9639.
9638.
9637.
9637.
9632.
9631.
9628.
9627.
9625.
9623.
9620.
9619.
9616.
9613.
9611.
9609.
9604.
9603.
9601.
9596.
9592.
9591.
9586.
9583.
9579.
9578.
9572.
9568.
9565.
9563.
9559.
9555.
9551.
9547.
9541.
9536.
9533.
9527.
9525.
9519.
9516.
9511.
9504.
9500.
9495.
9491.
9487.
9481.
9475.
9470.
9465.
9459.
9455.
9448.
9443.
9437.
9432.
9426.
9420.
9414.
9407.
9400.
9395.
9389.
9382.
9376.
9370.
9363.
9355.
9348.
9342.
9335.
9328.
9320.
9313.
9305.
9297.
9291.
9284.
9276.
9267.
9259.
9251.
9244.
9236.
9229.
9220.
9212.
9203.
9195.
9188.
9178.
9170.
9161.
9153.
9145.
9137.
9129.
9119.
9110.
9102.
9093.
9084.
9076.
9066.
9057.
9048.
9040.
9032.
9022.
9014.
9005.
8995.
8987.
8980.
8971.
8961.
8953.
8945.
8937.
8928.
8919.
8912.
8904.
8894.
8886.
8877.
8869.
8861.
8853.
8846.
8836.
8827.
8821.
8813.
8804.
8795.
8787.
8780.
8772.
8762.
8754.
8747.
8739.
8730.
8723.
8715.
8706.
8699.
8692.
8685.
8676.
8668.
8661.
8654.
8644.
8637.
8630.
8622.
8614.
8607.
8600.
8593.
8585.
8577.
8569.
8561.
8555.
8548.
8541.
8533.
8526.
8519.
8512.
8505.
8499.
8491.
8484.
8478.
8472.
8464.
8458.
8452.
8443.
8436.
8429.
8423.
8416.
8409.
8404.
8397.
8390.
8384.
8377.
8371.
8365.
8359.
8353.
8347.
8341.
8336.
8330.
8323.
8317.
8311.
8306.
8300.
8293.
8288.
8282.
8278.
8272.
8266.
8260.
8255.
8251.
8243.
8239.
8234.
8230.
8223.
8218.
8214.
8209.
8202.
8196.
8192.
8187.
8181.
8177.
8173.
8168.
8162.
8157.
8151.
8146.
8142.
8138.
8133.
8128.
8122.
8117.
8112.
8106.
8103.
8097.
8092.
8089.
8084.
8079.
8075.
8071.
8064.
8058.
8055.
8051.
8044.
8042.
8036.
8031.
8027.
8022.
8018.
8012.
8007.
8003.
7999.
7994.
7991.
7984.
7981.
7976.
7971.
7966.
7962.
7957.
7952.
7948.
7944.
7939.
7934.
7930.
7925.
7920.
7913.
7909.
7907.
7900.
7896.
7891.
7888.
7882.
7878.
7873.
7869.
7864.
7858.
7854.
7849.
7844.
7838.
7834.
7830.
7825.
7820.
7816.
7810.
7806.
7801.
7796.
7791.
7787.
7781.
7777.
7773.
7768.
7763.
7758.
7752.
7749.
7745.
7740.
7735.
7730.
7726.
7719.
7716.
7712.
7708.
7703.
7699.
7692.
7689.
7683.
7679.
7674.
7669.
7667.
7662.
7658.
7653.
7650.
7645.
7640.
7638.
7634.
7628.
7625.
7622.
7616.
7613.
7609.
7604.
7602.
7598.
7595.
7591.
7586.
7585.
7581.
7576.
7573.
7570.
7567.
7564.
7561.
7558.
7555.
7553.
7549.
7546.
7542.
7540.
7539.
7537.
7531.
7529.
7526.
7524.
7521.
7518.
7515.
7513.
7510.
7509.
7506.
7503.
7501.
7499.
7498.
7495.
7494.
7489.
7489.
7487.
7485.
7483.
7481.
7478.
7479.
7475.
7473.
7471.
7469.
7468.
7467.
7466.
7465.
7462.
7460.
7458.
7456.
7456.
7455.
7454.
7452.
7451.
7451.
7449.
7449.
7446.
7445.
7445.
7444.
7443.
7445.
7443.
7443.
7441.
7440.
7441.
7440.
7439.
7437.
7438.
7437.
7439.
7438.
7438.
7437.
7436.
7437.
7437.
7436.
7435.
7437.
7437.
7436.
7437.
7435.
7437.
7436.
7436.
7437.
7437.
7437.
7436.
7438.
7438.
7437.
7437.
7436.
7437.
7437.
7436.
7437.
7438.
7437.
7438.
7437.
7437.
7436.
7437.
7438.
7437.
7438.
7437.
7437.
7438.
7438.
7438.
7438.
7438.
7438.
7437.
7437.
7438.
7438.
7438.
7439.
7438.
7438.
7439.
7438.
7439.
7439.
7439.
7440.
7440.
7440.
7440.
7442.
7442.
7441.
7440.
7442.
7442.
7442.
7443.
7444.
7444.
7445.
7444.
7446.
7447.
7446.
7448.
7448.
7450.
7451.
7451.
7452.
7453.
7455.
7456.
7457.
7460.
7460.
7461.
7463.
7464.
7466.
7468.
7468.
7470.
7472.
7474.
7477.
7479.
7482.
7484.
7488.
7490.
7492.
7494.
7499.
7502.
7505.
7507.
7512.
7515.
7519.
7523.
7527.
7532.
7537.
7540.
7545.
7549.
7554.
7559.
7564.
7571.
7576.
7581.
7586.
7593.
7598.
7604.
7610.
7618.
7625.
7631.
7638.
7644.
7652.
7658.
7666.
7673.
7680.
7686.
7695.
7702.
7710.
7719.
7726.
7733.
7742.
7750.
7759.
7766.
7773.
7783.
7792.
7799.
7808.
7817.
7824.
7833.
7842.
7851.
7861.
7869.
7878.
7887.
7897.
7906.
7914.
7923.
7931.
7939.
7949.
7958.
7967.
7976.
7987.
7995.
8004.
8014.
8023.
8030.
8039.
8049.
8059.
8066.
8076.
8086.
8094.
8103.
8111.
8119.
8129.
8138.
8147.
8155.
8164.
8173.
8181.
8188.
8198.
8206.
8215.
8225.
8232.
8242.
8249.
8256.
8265.
8273.
8282.
8290.
8297.
8304.
8313.
8321.
8330.
8337.
8345.
8353.
8361.
8368.
8376.
8384.
8390.
8399.
8407.
8414.
8421.
8428.
8436.
8442.
8451.
8457.
8464.
8473.
8479.
8487.
8493.
8501.
8508.
8514.
8522.
8529.
8536.
8543.
8550.
8555.
8562.
8570.
8577.
8583.
8590.
8597.
8605.
8611.
8617.
8623.
8629.
8637.
8642.
8648.
8654.
8661.
8667.
8673.
8679.
8686.
8691.
8697.
8703.
8710.
8716.
8721.
8729.
8732.
8738.
8742.
8749.
8755.
8760.
8766.
8772.
8779.
8784.
8788.
8795.
8801.
8806.
8811.
8819.
8824.
8829.
8834.
8839.
8846.
8851.
8856.
8861.
8867.
8873.
8878.
8882.
8889.
8894.
8898.
8903.
8909.
8914.
8920.
8924.
8930.
8935.
8939.
8945.
8951.
8957.
8960.
8965.
8970.
8975.
8980.
8984.
8990.
8995.
9000.
9004.
9010.
9016.
9020.
9024.
9030.
9035.
9040.
9045.
9050.
9054.
9060.
9064.
9069.
9074.
9079.
9083.
9089.
9093.
9097.
9103.
9107.
9112.
9116.
9121.
9126.
9130.
9135.
9140.
9144.
9149.
9153.
9159.
9163.
9166.
9171.
9176.
9180.
9184.
9189.
9192.
9198.
9202.
9206.
9211.
9215.
9218.
9223.
9227.
9231.
9233.
9237.
9241.
9246.
9250.
9255.
9259.
9262.
9266.
9269.
9274.
9276.
9281.
9284.
9288.
9292.
9295.
9299.
9302.
9307.
9309.
9314.
9317.
9321.
9325.
9327.
9331.
9334.
9339.
9341.
9346.
9350.
9352.
9355.
9359.
9364.
9366.
9369.
9373.
9377.
9380.
9383.
9387.
9390.
9393.
9396.
9399.
9402.
9406.
9408.
9412.
9415.
9419.
9422.
9425.
9429.
9431.
9435.
9437.
9441.
9442.
9448.
9452.
9452.
9456.
9459.
9463.
9465.
9468.
9471.
9474.
9477.
9478.
9482.
9484.
9488.
9490.
9493.
9496.
9500.
9502.
9505.
9509.
9510.
9514.
9517.
9520.
9522.
9525.
9527.
9530.
9533.
9535.
9538.
9541.
9543.
9545.
9548.
9552.
9553.
9555.
9557.
9561.
9562.
9565.
9567.
9569.
9571.
9573.
9575.
9577.
9579.
9581.
9583.
9584.
9586.
9587.
9589.
9592.
9593.
9594.
9597.
9599.
9600.
9600.
9601.
9604.
9605.
9606.
9607.
9610.
9612.
9612.
9613.
9614.
9615.
9616.
9617.
9618.
9619.
9619.
9620.
9621.
9621.
9623.
9621.
9623.
9623.
9623.
9622.
9623.
9623.
9623.
9623.
9622.
9622.
9622.
9621.
9622.
9621.
9619.
9619.
9619.
9619.
9616.
9614.
9615.
9614.
9612.
9611.
9611.
9609.
9608.
9607.
9605.
9603.
9602.
9600.
9599.
9597.
9595.
9594.
9592.
9590.
9590.
9586.
9584.
9582.
9580.
9579.
9578.
9575.
9573.
9569.
9567.
9566.
9562.
9560.
9557.
9556.
9552.
9550.
9547.
9544.
9542.
9538.
9535.
9531.
9529.
9526.
9521.
9517.
9513.
9509.
9506.
9502.
9499.
9495.
9489.
9484.
9482.
9477.
9472.
9467.
9463.
9460.
9454.
9447.
9444.
9438.
9434.
9429.
9423.
9417.
9412.
9406.
9399.
9393.
9388.
9382.
9375.
9369.
9363.
9357.
9350.
9343.
9337.
9331.
9324.
9317.
9310.
9303.
9296.
9288.
9280.
9273.
9265.
9257.
9251.
9245.
9235.
9227.
9220.
9212.
9203.
9196.
9189.
9180.
9172.
9164.
9157.
9148.
9140.
9132.
9123.
9115.
9107.
9098.
9090.
9080.
9071.
9063.
9055.
9046.
9037.
9029.
9020.
9011.
9003.
8994.
8984.
8976.
8966.
8957.
8947.
8939.
8930.
8921.
8911.
8903.
8895.
8885.
8877.
8868.
8859.
8850.
8841.
8832.
8824.
8814.
8804.
8797.
8788.
8778.
8770.
8762.
8753.
8743.
8735.
8727.
8718.
8710.
8700.
8691.
8684.
8675.
8666.
8658.
8650.
8640.
8633.
8624.
8615.
8607.
8599.
8590.
8584.
8575.
8566.
8558.
8550.
8544.
8534.
8527.
8520.
8512.
8504.
8497.
8490.
8482.
8475.
8467.
8460.
8452.
8445.
8438.
8431.
8424.
8417.
8410.
8403.
8397.
8390.
8383.
8378.
8370.
8363.
8357.
8351.
8344.
8338.
8331.
8324.
8318.
8312.
8305.
8299.
8292.
8287.
8281.
8274.
8268.
8262.
8256.
8250.
8245.
8238.
8232.
8226.
8220.
8214.
8208.
8202.
8198.
8194.
8186.
8179.
8174.
8169.
8163.
8159.
8152.
8145.
8142.
8137.
8131.
8126.
8120.
8114.
8110.
8105.
8100.
8095.
8089.
8085.
8080.
8075.
8070.
8065.
8059.
8055.
8050.
8045.
8042.
8035.
8030.
8024.
8021.
8016.
8012.
8008.
8003.
7998.
7992.
7987.
7985.
7980.
7974.
7971.
7967.
7961.
7956.
7951.
7947.
7942.
7937.
7933.
7928.
7924.
7920.
7915.
7910.
7904.
7900.
7897.
7892.
7887.
7882.
7878.
7874.
7869.
7865.
7860.
7855.
7851.
7845.
7841.
7836.
7830.
7825.
7823.
7818.
7813.
7808.
7806.
7800.
7795.
7791.
7786.
7782.
7777.
7773.
7768.
7764.
7758.
7754.
7750.
7745.
7740.
7736.
7732.
7726.
7721.
7718.
7714.
7708.
7704.
7701.
7694.
7690.
7684.
7679.
7676.
7672.
7668.
7662.
7657.
7652.
7647.
7642.
7636.
7634.
7628.
7622.
7618.
7613.
7608.
7603.
7598.
7593.
7588.
7584.
7578.
7574.
7569.
7563.
7558.
7554.
7549.
7544.
7538.
7533.
7530.
7525.
7523.
7517.
7512.
7508.
7503.
7500.
7495.
7491.
7486.
7484.
7480.
7474.
7472.
7468.
7464.
7460.
7456.
7453.
7449.
7446.
7444.
7440.
7437.
7434.
7432.
7429.
7426.
7424.
7421.
7416.
7414.
7410.
7411.
7409.
7406.
7404.
7402.
7400.
7398.
7394.
7393.
7391.
7389.
7385.
7385.
7384.
7381.
7380.
7378.
7376.
7376.
7373.
7372.
7371.
7369.
7368.
7368.
7367.
7365.
7363.
7362.
7361.
7360.
7359.
7358.
7357.
7356.
7356.
7355.
7355.
7353.
7352.
7352.
7351.
7350.
7349.
7350.
7349.
7348.
7347.
7347.
7345.
7344.
7344.
7344.
7343.
7343.
7342.
7342.
7342.
7340.
7338.
7339.
7339.
7338.
7337.
7336.
7334.
7335.
7334.
7334.
7334.
7334.
7332.
7332.
7331.
7330.
7329.
7328.
7328.
7326.
7326.
7325.
7323.
7322.
7323.
7322.
7320.
7320.
7319.
7318.
7318.
7316.
7315.
7314.
7314.
7313.
7311.
7311.
7309.
7308.
7308.
7307.
7306.
7306.
7305.
7305.
7303.
7304.
7304.
7302.
7302.
7302.
7301.
7300.
7300.
7299.
7300.
7300.
7301.
7300.
7300.
7300.
7301.
7300.
7303.
7303.
7302.
7304.
7304.
7305.
7307.
7307.
7309.
7310.
7311.
7312.
7313.
7315.
7317.
7319.
7320.
7321.
7322.
7326.
7327.
7330.
7332.
7335.
7337.
7339.
7342.
7344.
7349.
7351.
7354.
7356.
7361.
7363.
7366.
7368.
7372.
7376.
7379.
7384.
7387.
7391.
7396.
7400.
7402.
7406.
7411.
7415.
7420.
7425.
7428.
7433.
7438.
7442.
7447.
7451.
7456.
7460.
7466.
7470.
7475.
7482.
7487.
7492.
7497.
7502.
7507.
7513.
7518.
7522.
7528.
7534.
7539.
7545.
7551.
7557.
7562.
7567.
7575.
7581.
7586.
7593.
7599.
7606.
7612.
7618.
7623.
7630.
7635.
7643.
7649.
7655.
7662.
7669.
7674.
7681.
7688.
7694.
7701.
7706.
7713.
7719.
7725.
7733.
7739.
7745.
7751.
7757.
7764.
7771.
7777.
7782.
7790.
7796.
7802.
7808.
7813.
7820.
7826.
7831.
7838.
7844.
7851.
7855.
7860.
7867.
7873.
7879.
7884.
7891.
7896.
7902.
7907.
7914.
7919.
7925.
7932.
7937.
7943.
7948.
7954.
7960.
7965.
7971.
7977.
7984.
7990.
7995.
8002.
8008.
8014.
8020.
8025.
8031.
8038.
8044.
8051.
8056.
8064.
8071.
8076.
8082.
8087.
8096.
8100.
8107.
8114.
8121.
8127.
8133.
8140.
8147.
8153.
8160.
8166.
8173.
8180.
8187.
8193.
8200.
8208.
8214.
8221.
8227.
8234.
8241.
8247.
8254.
8261.
8269.
8275.
8282.
8288.
8295.
8301.
8308.
8314.
8322.
8329.
8336.
8341.
8349.
8356.
8361.
8369.
8375.
8382.
8389.
8395.
8403.
8409.
8414.
8421.
8428.
8435.
8442.
8448.
8454.
8461.
8467.
8473.
8481.
8486.
8493.
8499.
8506.
8513.
8519.
8525.
8532.
8539.
8545.
8551.
8557.
8564.
8570.
8577.
8584.
8589.
8595.
8603.
8609.
8615.
8622.
8627.
8634.
8640.
8646.
8652.
8658.
8665.
8671.
8678.
8683.
8688.
8694.
8700.
8705.
8713.
8718.
8723.
8730.
8734.
8740.
8747.
8751.
8758.
8762.
8769.
8775.
8781.
8786.
8791.
8797.
8803.
8808.
8814.
8820.
8826.
8831.
8836.
8841.
8848.
8852.
8858.
8863.
8868.
8875.
8878.
8883.
8889.
8894.
8899.
8904.
8909.
8913.
8920.
8924.
8930.
8934.
8938.
8944.
8948.
8952.
8958.
8963.
8967.
8972.
8977.
8982.
8986.
8991.
8996.
8999.
9004.
9010.
9013.
9017.
9022.
9025.
9031.
9035.
9039.
9043.
9048.
9052.
9056.
9059.
9063.
9067.
9072.
9075.
9080.
9084.
9088.
9091.
9094.
9099.
9104.
9107.
9111.
9115.
9120.
9123.
9126.
9131.
9134.
9139.
9142.
9147.
9151.
9155.
9159.
9163.
9168.
9171.
9174.
9179.
9182.
9187.
9189.
9194.
9198.
9201.
9205.
9209.
9213.
9216.
9221.
9225.
9229.
9232.
9235.
9240.
9244.
9246.
9250.
9254.
9259.
9262.
9265.
9268.
9273.
9276.
9280.
9284.
9287.
9292.
9295.
9297.
9302.
9305.
9307.
9312.
9315.
9318.
9320.
9324.
9328.
9331.
9335.
9339.
9342.
9346.
9348.
9351.
9354.
9356.
9360.
9363.
9367.
9369.
9372.
9375.
9378.
9380.
9383.
9387.
9389.
9393.
9395.
9399.
9402.
9404.
9406.
9409.
9413.
9414.
9418.
9422.
9424.
9427.
9430.
9431.
9433.
9436.
9439.
9442.
9445.
9447.
9449.
9452.
9455.
9458.
9459.
9461.
9465.
9465.
9469.
9472.
9474.
9477.
9479.
9481.
9482.
9486.
9489.
9491.
9493.
9495.
9497.
9499.
9501.
9504.
9505.
9508.
9509.
9512.
9513.
9514.
9517.
9519.
9522.
9523.
9524.
9527.
9529.
9530.
9532.
9534.
9535.
9537.
9538.
9539.
9540.
9541.
9543.
9543.
9545.
9546.
9547.
9548.
9551.
9552.
9552.
9553.
9554.
9555.
9556.
9556.
9556.
9557.
9559.
9558.
9559.
9559.
9559.
9560.
9559.
9561.
9561.
9560.
9561.
9561.
9561.
9560.
9560.
9561.
9561.
9560.
9559.
9559.
9559.
9558.
9558.
9558.
9558.
9557.
9556.
9556.
9554.
9554.
9553.
9553.
9552.
9550.
9550.
9549.
9548.
9547.
9546.
9545.
9544.
9543.
9543.
9541.
9541.
9538.
9538.
9537.
9536.
9535.
9533.
9531.
9530.
9527.
9526.
9524.
9524.
9522.
9520.
9517.
9515.
9514.
9513.
9513.
9507.
9506.
9503.
9502.
9500.
9495.
9493.
9494.
9490.
9486.
9483.
9481.
9476.
9474.
9471.
9468.
9465.
9460.
9457.
9454.
9449.
9445.
9441.
9437.
9434.
9429.
9424.
9420.
9415.
9411.
9405.
9402.
9395.
9390.
9385.
9380.
9374.
9369.
9363.
9359.
9351.
9347.
9339.
9335.
9329.
9322.
9316.
9309.
9303.
9297.
9290.
9284.
9277.
9270.
9262.
9257.
9250.
9242.
9234.
9228.
9220.
9213.
9205.
9198.
9191.
9183.
9175.
9167.
9159.
9152.
9142.
9135.
9126.
9117.
9110.
9101.
9093.
9084.
9077.
9067.
9058.
9050.
9041.
9032.
9022.
9015.
9005.
8997.
8987.
8978.
8968.
8960.
8950.
8942.
8932.
8923.
8914.
8906.
8897.
8888.
8879.
8871.
8861.
8852.
8843.
8835.
8826.
8817.
8810.
8801.
8792.
8784.
8776.
8768.
8759.
8750.
8743.
8734.
8727.
8720.
8711.
8702.
8694.
8687.
8679.
8672.
8663.
8655.
8648.
8639.
8632.
8623.
8615.
8608.
8602.
8594.
8586.
8579.
8572.
8564.
8556.
8550.
8542.
8536.
8527.
8521.
8514.
8507.
8499.
8493.
8486.
8479.
8472.
8466.
8459.
8452.
8447.
8440.
8433.
8425.
8421.
8413.
8407.
8401.
8395.
8390.
8383.
8377.
8371.
8365.
8359.
8354.
8347.
8342.
8335.
8331.
8326.
8320.
8313.
8308.
8302.
8296.
8290.
8285.
8280.
8274.
8269.
8263.
8258.
8253.
8247.
8241.
8238.
8231.
8227.
8220.
8213.
8209.
8205.
8201.
8194.
8188.
8184.
8179.
8174.
8168.
8163.
8158.
8153.
8148.
8142.
8138.
8132.
8127.
8122.
8116.
8111.
8106.
8101.
8097.
8091.
8085.
8082.
8077.
8071.
8065.
8059.
8056.
8050.
8045.
8040.
8033.
8028.
8024.
8018.
8013.
8008.
8003.
7997.
7992.
7987.
7982.
7976.
7971.
7967.
7961.
7955.
7950.
7945.
7940.
7934.
7928.
7925.
7919.
7913.
7908.
7903.
7898.
7892.
7887.
7882.
7876.
7871.
7867.
7862.
7856.
7851.
7845.
7841.
7834.
7829.
7825.
7818.
7814.
7810.
7805.
7798.
7794.
7789.
7785.
7780.
7774.
7769.
7763.
7759.
7755.
7750.
7743.
7739.
7736.
7730.
7727.
7722.
7718.
7712.
7707.
7703.
7698.
7695.
7691.
7686.
7682.
7677.
7674.
7669.
7666.
7660.
7658.
7652.
7648.
7646.
7642.
7637.
7635.
7630.
7627.
7623.
7621.
7617.
7614.
7610.
7607.
7603.
7601.
7598.
7594.
7592.
7591.
7586.
7585.
7581.
7579.
7579.
7575.
7572.
7570.
7567.
7566.
7562.
7560.
7558.
7557.
7556.
7554.
7551.
7551.
7548.
7546.
7545.
7541.
7540.
7539.
7537.
7536.
7534.
7532.
7531.
7529.
7528.
7527.
7526.
7524.
7521.
7520.
7520.
7519.
7517.
7515.
7515.
7513.
7511.
7512.
7511.
7510.
7508.
7507.
7506.
7506.
7504.
7503.
7503.
7502.
7500.
7499.
7499.
7498.
7496.
7497.
7495.
7494.
7493.
7494.
7492.
7491.
7490.
7490.
7489.
7489.
7486.
7486.
7485.
7486.
7483.
7483.
7483.
7482.
7481.
7481.
7480.
7479.
7480.
7479.
7478.
7478.
7477.
7477.
7476.
7474.
7474.
7474.
7473.
7473.
7472.
7471.
7471.
7471.
7469.
7470.
7469.
7468.
7467.
7467.
7468.
7467.
7465.
7465.
7465.
7464.
7465.
7464.
7464.
7464.
7463.
7463.
7463.
7461.
7461.
7461.
7463.
7464.
7462.
7462.
7463.
7461.
7461.
7462.
7462.
7462.
7462.
7464.
7464.
7464.
7465.
7466.
7467.
7467.
7467.
7468.
7471.
7470.
7472.
7473.
7476.
7476.
7477.
7479.
7481.
7483.
7484.
7487.
7488.
7492.
7493.
7497.
7499.
7500.
7502.
7504.
7508.
7510.
7513.
7517.
7520.
7523.
7526.
7529.
7532.
7537.
7540.
7544.
7548.
7551.
7555.
7559.
7562.
7566.
7572.
7575.
7580.
7584.
7589.
7593.
7598.
7603.
7608.
7613.
7619.
7623.
7628.
7633.
7638.
7644.
7648.
7653.
7659.
7666.
7671.
7676.
7683.
7689.
7694.
7701.
7708.
7713.
7720.
7727.
7733.
7738.
7744.
7750.
7758.
7765.
7772.
7779.
7785.
7792.
7798.
7805.
7812.
7818.
7825.
7834.
7840.
7846.
7854.
7861.
7868.
7875.
7882.
7890.
7898.
7905.
7910.
7918.
7925.
7933.
7939.
7947.
7954.
7961.
7970.
7978.
7986.
7993.
8000.
8007.
8015.
8023.
8030.
8036.
8045.
8054.
8061.
8068.
8077.
8084.
8091.
8100.
8107.
8115.
8121.
8129.
8137.
8145.
8152.
8160.
8167.
8176.
8184.
8191.
8199.
8206.
8214.
8221.
8228.
8236.
8245.
8252.
8259.
8267.
8275.
8283.
8291.
8298.
8305.
8314.
8321.
8328.
8335.
8343.
8351.
8358.
8364.
8373.
8380.
8387.
8394.
8401.
8408.
8416.
8422.
8428.
8436.
8443.
8450.
8456.
8464.
8470.
8477.
8484.
8490.
8497.
8503.
8510.
8516.
8522.
8529.
8535.
8541.
8548.
8552.
8560.
8566.
8572.
8580.
8584.
8591.
8598.
8604.
8611.
8616.
8621.
8628.
8635.
8641.
8646.
8653.
8659.
8664.
8671.
8677.
8682.
8689.
8695.
8700.
8705.
8711.
8717.
8723.
8729.
8735.
8740.
8745.
8751.
8757.
8762.
8767.
8774.
8779.
8784.
8790.
8795.
8802.
8806.
8811.
8817.
8823.
8829.
8834.
8840.
8845.
8850.
8854.
8861.
8865.
8871.
8876.
8881.
8888.
8892.
8897.
8901.
8906.
8912.
8916.
8922.
8927.
8932.
8936.
8941.
8945.
8951.
8955.
8961.
8965.
8968.
8973.
8978.
8982.
8987.
8992.
8996.
9001.
9007.
9011.
9016.
9020.
9025.
9029.
9033.
9038.
9044.
9048.
9052.
9056.
9060.
9065.
9069.
9073.
9077.
9083.
9085.
9090.
9096.
9101.
9104.
9109.
9113.
9116.
9122.
9125.
9130.
9134.
9139.
9142.
9146.
9149.
9153.
9159.
9162.
9165.
9169.
9172.
9177.
9180.
9185.
9188.
9192.
9195.
9200.
9203.
9206.
9209.
9213.
9218.
9220.
9224.
9228.
9232.
9236.
9238.
9242.
9246.
9250.
9252.
9256.
9261.
9264.
9265.
9269.
9274.
9276.
9279.
9282.
9285.
9288.
9291.
9295.
9298.
9301.
9304.
9306.
9311.
9314.
9315.
9318.
9322.
9324.
9328.
9331.
9335.
9338.
9339.
9342.
9346.
9348.
9352.
9357.
9359.
9361.
9365.
9367.
9371.
9375.
9377.
9381.
9384.
9387.
9390.
9393.
9396.
9400.
9402.
9406.
9409.
9412.
9415.
9418.
9420.
9424.
9427.
9431.
9433.
9436.
9439.
9441.
9446.
9450.
9453.
9457.
9460.
9464.
9466.
9470.
9474.
9476.
9480.
9484.
9487.
9490.
9494.
9497.
9498.
9502.
9505.
9508.
9512.
9514.
9518.
9521.
9524.
9527.
9529.
9532.
9535.
9537.
9541.
9544.
9546.
9549.
9552.
9555.
9557.
9559.
9562.
9565.
9566.
9570.
9572.
9573.
9576.
9579.
9580.
9582.
9585.
9587.
9588.
9590.
9592.
9595.
9596.
9598.
9599.
9600.
9603.
9604.
9606.
9607.
9609.
9611.
9612.
9613.
9614.
9616.
9618.
9617.
9619.
9620.
9622.
9623.
9622.
9624.
9626.
9626.
9626.
9627.
9629.
9629.
9630.
9630.
9630.
9630.
9630.
9632.
9633.
9632.
9632.
9632.
9632.
9633.
9632.
9633.
9633.
9633.
9632.
9632.
9633.
9631.
9631.
9631.
9632.
9630.
9629.
9629.
9628.
9627.
9626.
9626.
9626.
9624.
9623.
9624.
9622.
9619.
9619.
9618.
9617.
9616.
9614.
9613.
9611.
9611.
9608.
9607.
9606.
9605.
9602.
9600.
9599.
9597.
9595.
9595.
9593.
9590.
9587.
9587.
9583.
9582.
9579.
9579.
9575.
9574.
9571.
9568.
9567.
9564.
9560.
9560.
9558.
9555.
9551.
9549.
9546.
9542.
9539.
9537.
9532.
9530.
9526.
9523.
9520.
9517.
9513.
9509.
9504.
9502.
9498.
9493.
9489.
9485.
9481.
9477.
9472.
9467.
9462.
9457.
9452.
9445.
9441.
9436.
9431.
9425.
9418.
9415.
9408.
9402.
9395.
9390.
9384.
9377.
9370.
9364.
9357.
9350.
9343.
9336.
9331.
9323.
9316.
9308.
9302.
9293.
9286.
9278.
9270.
9263.
9255.
9247.
9239.
9232.
9223.
9214.
9207.
9199.
9189.
9181.
9174.
9165.
9155.
9149.
9139.
9131.
9122.
9114.
9104.
9095.
9088.
9079.
9069.
9061.
9052.
9043.
9034.
9024.
9015.
9004.
8995.
8986.
8977.
8968.
8959.
8950.
8940.
8929.
8920.
8911.
8901.
8891.
8882.
8872.
8862.
8852.
8844.
8833.
8823.
8813.
8803.
8794.
8784.
8775.
8765.
8754.
8745.
8735.
8726.
8717.
8706.
8697.
8687.
8678.
8669.
8659.
8650.
8641.
8632.
8622.
8613.
8604.
8595.
8585.
8576.
8568.
8558.
8549.
8541.
8532.
8522.
8513.
8505.
8495.
8487.
8478.
8469.
8461.
8451.
8442.
8434.
8425.
8416.
8408.
8402.
8392.
8383.
8375.
8368.
8359.
8350.
8341.
8334.
8325.
8317.
8309.
8300.
8294.
8285.
8278.
8270.
8261.
8255.
8247.
8238.
8231.
8223.
8217.
8208.
8201.
8194.
8185.
8179.
8172.
8164.
8157.
8150.
8142.
8136.
8128.
8121.
8113.
8106.
8100.
8091.
8085.
8078.
8072.
8065.
8059.
8052.
8045.
8039.
8033.
8026.
8020.
8014.
8007.
7999.
7993.
7989.
7982.
7975.
7969.
7962.
7957.
7951.
7945.
7940.
7936.
7929.
7925.
7920.
7914.
7909.
7903.
7897.
7893.
7888.
7884.
7879.
7874.
7868.
7865.
7861.
7855.
7851.
7847.
7843.
7839.
7833.
7830.
7827.
7822.
7817.
7813.
7811.
7808.
7804.
7800.
7794.
7791.
7789.
7785.
7783.
7779.
7776.
7770.
7768.
7764.
7762.
7758.
7754.
7752.
7749.
7747.
7745.
7741.
7737.
7734.
7732.
7729.
7726.
7724.
7721.
7717.
7714.
7710.
7709.
7705.
7703.
7701.
7697.
7694.
7690.
7688.
7685.
7683.
7680.
7676.
7674.
7670.
7667.
7663.
7660.
7659.
7656.
7652.
7650.
7646.
7644.
7642.
7637.
7636.
7632.
7628.
7626.
7623.
7618.
7615.
7613.
7611.
7608.
7605.
7602.
7601.
7595.
7592.
7590.
7588.
7585.
7582.
7580.
7575.
7571.
7569.
7567.
7565.
7560.
7557.
7554.
7551.
7548.
7545.
7543.
7539.
7535.
7533.
7530.
7526.
7523.
7522.
7520.
7514.
7510.
7507.
7505.
7501.
7498.
7496.
7493.
7489.
7483.
7481.
7479.
7474.
7472.
7469.
7465.
7461.
7458.
7456.
7453.
7448.
7445.
7442.
7438.
7434.
7431.
7428.
7423.
7421.
7418.
7415.
7410.
7407.
7403.
7401.
7398.
7394.
7393.
7388.
7385.
7380.
7377.
7376.
7371.
7369.
7363.
7362.
7359.
7356.
7353.
7351.
7347.
7343.
7341.
7339.
7335.
7332.
7330.
7327.
7325.
7324.
7320.
7318.
7315.
7312.
7310.
7308.
7305.
7303.
7301.
7298.
7298.
7296.
7293.
7290.
7289.
7287.
7285.
7282.
7282.
7278.
7277.
7274.
7273.
7271.
7270.
7268.
7266.
7264.
7263.
7262.
7260.
7259.
7258.
7257.
7255.
7255.
7254.
7253.
7250.
7250.
7248.
7247.
7246.
7245.
7244.
7244.
7243.
7243.
7242.
7242.
7242.
7241.
7241.
7241.
7241.
7241.
7241.
7241.
7241.
7242.
7242.
7242.
7243.
7243.
7243.
7244.
7245.
7244.
7246.