8237.
8237.
8234.
8233.
8232.
8232.
8231.
8229.
8229.
8228.
8227.
8226.
8225.
8223.
8221.
8220.
8219.
8218.
8216.
8215.
8214.
8213.
8212.
8211.
8208.
8207.
8206.
8206.
8205.
8204.
8203.
8201.
8201.
8200.
8198.
8197.
8197.
8193.
8193.
8193.
8192.
8190.
8189.
8188.
8187.
8186.
8184.
8182.
8183.
8182.
8180.
8179.
8179.
8178.
8177.
8176.
8175.
8175.
8175.
8173.
8172.
8171.
8171.
8170.
8171.
8171.
8170.
8169.
8169.
8167.
8169.
8169.
8169.
8169.
8168.
8167.
8167.
8167.
8167.
8169.
8169.
8170.
8171.
8171.
8173.
8173.
8172.
8173.
8173.
8176.
8177.
8177.
8179.
8180.
8181.
8183.
8185.
8186.
8188.
8189.
8192.
8195.
8197.
8199.
8201.
8203.
8206.
8210.
8211.
8215.
8218.
8221.
8225.
8228.
8232.
8235.
8239.
8243.
8246.
8252.
8256.
8260.
8265.
8268.
8274.
8277.
8283.
8289.
8294.
8299.
8304.
8309.
8314.
8320.
8327.
8333.
8339.
8344.
8351.
8357.
8364.
8370.
8377.
8383.
8391.
8400.
8408.
8414.
8422.
8429.
8438.
8445.
8452.
8460.
8468.
8477.
8485.
8494.
8501.
8508.
8517.
8526.
8534.
8543.
8552.
8560.
8570.
8579.
8589.
8598.
8608.
8617.
8627.
8637.
8647.
8657.
8667.
8677.
8685.
8695.
8704.
8715.
8724.
8734.
8743.
8753.
8761.
8770.
8780.
8790.
8799.
8807.
8818.
8826.
8834.
8843.
8852.
8861.
8870.
8879.
8887.
8896.
8903.
8912.
8919.
8927.
8935.
8944.
8951.
8958.
8965.
8973.
8979.
8986.
8993.
8998.
9006.
9011.
9016.
9022.
9027.
9034.
9040.
9044.
9049.
9054.
9059.
9061.
9064.
9069.
9073.
9074.
9079.
9082.
9085.
9088.
9090.
9093.
9093.
9095.
9097.
9099.
9100.
9100.
9102.
9103.
9102.
9103.
9103.
9102.
9102.
9101.
9100.
9098.
9097.
9094.
9093.
9091.
9088.
9087.
9083.
9082.
9077.
9074.
9070.
9066.
9064.
9057.
9053.
9049.
9044.
9039.
9033.
9028.
9022.
9014.
9008.
9002.
8995.
8986.
8979.
8971.
8963.
8954.
8945.
8936.
8926.
8916.
8906.
8896.
8884.
8872.
8861.
8850.
8839.
8826.
8814.
8802.
8789.
8774.
8762.
8748.
8732.
8718.
8705.
8690.
8674.
8660.
8645.
8629.
8614.
8598.
8583.
8566.
8551.
8533.
8515.
8499.
8481.
8463.
8446.
8428.
8410.
8391.
8373.
8354.
8337.
8317.
8298.
8277.
8257.
8237.
8218.
8198.
8176.
8157.
8137.
8114.
8096.
8073.
8053.
8030.
8009.
7988.
7967.
7945.
7923.
7900.
7879.
7857.
7837.
7815.
7793.
7773.
7751.
7731.
7709.
7688.
7670.
7649.
7630.
7611.
7591.
7571.
7552.
7536.
7517.
7499.
7483.
7466.
7449.
7433.
7418.
7402.
7387.
7374.
7359.
7345.
7333.
7321.
7309.
7296.
7286.
7276.
7267.
7258.
7249.
7241.
7234.
7226.
7220.
7214.
7208.
7204.
7201.
7197.
7191.
7191.
7190.
7185.
7185.
7184.
7184.
7184.
7184.
7186.
7187.
7188.
7190.
7194.
7197.
7200.
7204.
7207.
7211.
7215.
7222.
7228.
7233.
7240.
7246.
7253.
7260.
7267.
7276.
7285.
7293.
7302.
7311.
7321.
7330.
7341.
7351.
7362.
7373.
7382.
7397.
7411.
7423.
7433.
7449.
7464.
7475.
7488.
7504.
7520.
7533.
7546.
7564.
7579.
7595.
7613.
7628.
7645.
7662.
7679.
7698.
7715.
7733.
7751.
7770.
7789.
7807.
7825.
7845.
7864.
7884.
7904.
7925.
7944.
7964.
7985.
8004.
8026.
8047.
8069.
8089.
8110.
8131.
8152.
8174.
8194.
8216.
8237.
8257.
8279.
8300.
8321.
8343.
8363.
8385.
8406.
8426.
8446.
8468.
8489.
8509.
8530.
8550.
8571.
8589.
8610.
8630.
8650.
8669.
8690.
8709.
8728.
8745.
8764.
8782.
8801.
8818.
8834.
8852.
8869.
8884.
8899.
8916.
8931.
8944.
8958.
8973.
8985.
9001.
9015.
9026.
9040.
9051.
9061.
9071.
9082.
9092.
9102.
9111.
9120.
9130.
9137.
9145.
9151.
9159.
9165.
9171.
9176.
9183.
9188.
9192.
9195.
9200.
9203.
9207.
9208.
9212.
9214.
9216.
9215.
9217.
9219.
9218.
9217.
9216.
9216.
9214.
9211.
9209.
9207.
9205.
9202.
9200.
9196.
9191.
9186.
9182.
9178.
9173.
9166.
9160.
9153.
9149.
9142.
9135.
9129.
9120.
9112.
9105.
9096.
9085.
9077.
9068.
9058.
9047.
9037.
9026.
9013.
9002.
8991.
8978.
8964.
8954.
8940.
8927.
8913.
8899.
8884.
8870.
8856.
8841.
8825.
8810.
8794.
8779.
8761.
8745.
8729.
8710.
8693.
8676.
8658.
8641.
8622.
8604.
8586.
8567.
8548.
8529.
8509.
8492.
8471.
8451.
8432.
8411.
8389.
8371.
8350.
8330.
8309.
8288.
8267.
8245.
8225.
8203.
8182.
8160.
8139.
8119.
8096.
8075.
8054.
8030.
8010.
7989.
7967.
7945.
7924.
7904.
7882.
7861.
7838.
7820.
7798.
7778.
7757.
7737.
7716.
7697.
7678.
7658.
7639.
7621.
7602.
7583.
7565.
7546.
7528.
7511.
7493.
7476.
7460.
7443.
7425.
7410.
7394.
7377.
7362.
7346.
7333.
7320.
7304.
7290.
7277.
7264.
7252.
7239.
7230.
7217.
7205.
7196.
7186.
7177.
7168.
7160.
7153.
7146.
7139.
7133.
7129.
7123.
7119.
7116.
7113.
7109.
7106.
7106.
7104.
7102.
7102.
7103.
7104.
7104.
7105.
7107.
7109.
7112.
7115.
7117.
7121.
7124.
7129.
7135.
7141.
7146.
7152.
7159.
7166.
7173.
7181.
7189.
7197.
7206.
7215.
7224.
7234.
7243.
7251.
7265.
7276.
7286.
7294.
7308.
7323.
7332.
7344.
7355.
7373.
7384.
7397.
7410.
7428.
7440.
7454.
7470.
7488.
7500.
7516.
7532.
7550.
7566.
7582.
7598.
7616.
7632.
7648.
7666.
7682.
7701.
7719.
7736.
7754.
7772.
7792.
7809.
7827.
7846.
7865.
7883.
7902.
7920.
7938.
7957.
7975.
7995.
8013.
8033.
8053.
8070.
8089.
8108.
8127.
8144.
8164.
8183.
8203.
8220.
8239.
8259.
8278.
8296.
8316.
8334.
8353.
8371.
8392.
8412.
8429.
8447.
8466.
8485.
8501.
8520.
8537.
8555.
8572.
8590.
8606.
8623.
8640.
8655.
8671.
8686.
8702.
8718.
8730.
8745.
8761.
8775.
8785.
8800.
8816.
8828.
8838.
8852.
8865.
8876.
8889.
8900.
8912.
8921.
8929.
8940.
8951.
8961.
8970.
8978.
8987.
8995.
9002.
9009.
9016.
9022.
9027.
9033.
9038.
9043.
9046.
9051.
9053.
9057.
9060.
9063.
9065.
9066.
9068.
9069.
9069.
9069.
9069.
9069.
9068.
9066.
9065.
9063.
9062.
9059.
9056.
9054.
9052.
9049.
9045.
9041.
9037.
9032.
9027.
9024.
9019.
9013.
9008.
9004.
8997.
8991.
8982.
8975.
8969.
8961.
8953.
8944.
8936.
8928.
8918.
8909.
8900.
8890.
8879.
8867.
8857.
8846.
8834.
8823.
8811.
8798.
8784.
8770.
8757.
8744.
8730.
8714.
8700.
8685.
8669.
8654.
8639.
8623.
8606.
8590.
8572.
8555.
8538.
8522.
8503.
8485.
8466.
8448.
8429.
8410.
8390.
8371.
8352.
8333.
8311.
8292.
8271.
8250.
8231.
8208.
8187.
8166.
8144.
8122.
8102.
8081.
8058.
8037.
8016.
7992.
7969.
7949.
7927.
7904.
7881.
7859.
7837.
7815.
7794.
7773.
7751.
7730.
7710.
7689.
7670.
7650.
7630.
7610.
7592.
7574.
7555.
7539.
7522.
7504.
7487.
7471.
7455.
7440.
7423.
7409.
7394.
7378.
7364.
7349.
7336.
7322.
7308.
7296.
7283.
7270.
7258.
7246.
7233.
7223.
7212.
7202.
7192.
7182.
7174.
7167.
7160.
7153.
7146.
7141.
7137.
7133.
7129.
7125.
7124.
7123.
7121.
7120.
7121.
7121.
7123.
7125.
7127.
7130.
7133.
7137.
7142.
7147.
7152.
7158.
7164.
7171.
7177.
7184.
7192.
7201.
7209.
7219.
7230.
7239.
7250.
7260.
7275.
7284.
7294.
7310.
7323.
7338.
7349.
7363.
7379.
7395.
7406.
7423.
7440.
7453.
7469.
7484.
7500.
7517.
7533.
7549.
7565.
7583.
7600.
7616.
7633.
7650.
7669.
7686.
7704.
7722.
7740.
7757.
7775.
7792.
7809.
7826.
7844.
7862.
7881.
7898.
7914.
7934.
7951.
7968.
7986.
8003.
8022.
8038.
8055.
8073.
8091.
8109.
8126.
8143.
8160.
8177.
8194.
8210.
8227.
8242.
8260.
8276.
8291.
8306.
8325.
8340.
8353.
8368.
8385.
8401.
8415.
8430.
8448.
8461.
8475.
8491.
8507.
8520.
8533.
8549.
8562.
8576.
8590.
8605.
8621.
8634.
8643.
8657.
8671.
8685.
8695.
8707.
8723.
8733.
8744.
8753.
8769.
8779.
8789.
8800.
8811.
8822.
8832.
8841.
8852.
8860.
8868.
8877.
8885.
8894.
8902.
8909.
8918.
8925.
8931.
8937.
8943.
8949.
8954.
8959.
8965.
8970.
8974.
8979.
8982.
8986.
8989.
8991.
8994.
8996.
8998.
9001.
9002.
9003.
9005.
9006.
9006.
9006.
9006.
9005.
9006.
9004.
9003.
9002.
9000.
8998.
8996.
8995.
8993.
8989.
8987.
8982.
8981.
8975.
8971.
8968.
8965.
8960.
8955.
8951.
8944.
8939.
8933.
8927.
8920.
8913.
8906.
8898.
8891.
8882.
8875.
8866.
8857.
8848.
8839.
8830.
8820.
8810.
8799.
8789.
8778.
8767.
8756.
8744.
8731.
8720.
8707.
8694.
8682.
8669.
8655.
8641.
8627.
8612.
8599.
8584.
8570.
8554.
8539.
8523.
8506.
8490.
8474.
8458.
8442.
8424.
8408.
8392.
8374.
8355.
8339.
8322.
8304.
8285.
8268.
8249.
8231.
8211.
8193.
8175.
8155.
8138.
8117.
8098.
8080.
8063.
8044.
8025.
8007.
7989.
7972.
7955.
7937.
7919.
7903.
7888.
7871.
7854.
7839.
7823.
7808.
7794.
7780.
7765.
7749.
7736.
7722.
7708.
7695.
7682.
7668.
7655.
7643.
7630.
7616.
7605.
7594.
7582.
7570.
7559.
7549.
7538.
7528.
7519.
7510.
7501.
7493.
7486.
7479.
7472.
7466.
7460.
7454.
7449.
7444.
7440.
7436.
7432.
7429.
7425.
7422.
7422.
7419.
7417.
7417.
7416.
7416.
7417.
7416.
7417.
7417.
7419.
7421.
7424.
7424.
7428.
7432.
7435.
7438.
7443.
7447.
7451.
7456.
7462.
7468.
7472.
7479.
7486.
7494.
7501.
7508.
7516.
7525.
7533.
7540.
7549.
7558.
7568.
7578.
7588.
7598.
7608.
7617.
7628.
7644.
7652.
7662.
7676.
7689.
7702.
7711.
7725.
7741.
7751.
7763.
7779.
7795.
7806.
7820.
7835.
7849.
7864.
7880.
7894.
7909.
7925.
7941.
7958.
7974.
7989.
8006.
8024.
8039.
8056.
8074.
8090.
8108.
8124.
8142.
8158.
8176.
8194.
8211.
8228.
8246.
8264.
8281.
8299.
8316.
8335.
8353.
8372.
8389.
8406.
8425.
8442.
8461.
8478.
8496.
8515.
8531.
8549.
8565.
8584.
8601.
8619.
8635.
8652.
8668.
8686.
8702.
8718.
8734.
8750.
8765.
8780.
8794.
8809.
8822.
8837.
8851.
8867.
8876.
8889.
8903.
8915.
8924.
8933.
8947.
8958.
8966.
8976.
8984.
8993.
9000.
9008.
9015.
9021.
9027.
9031.
9038.
9042.
9048.
9051.
9054.
9058.
9060.
9063.
9064.
9067.
9068.
9067.
9069.
9068.
9068.
9068.
9065.
9064.
9063.
9061.
9058.
9056.
9054.
9051.
9047.
9044.
9039.
9036.
9030.
9025.
9020.
9014.
9009.
9003.
8996.
8990.
8983.
8976.
8968.
8960.
8953.
8945.
8936.
8929.
8919.
8909.
8900.
8889.
8880.
8870.
8859.
8848.
8836.
8824.
8812.
8801.
8789.
8776.
8764.
8750.
8738.
8724.
8709.
8695.
8680.
8666.
8651.
8636.
8619.
8603.
8587.
8571.
8553.
8536.
8520.
8502.
8483.
8466.
8447.
8428.
8410.
8391.
8371.
8353.
8333.
8314.
8294.
8274.
8255.
8233.
8212.
8193.
8173.
8151.
8131.
8110.
8089.
8067.
8047.
8025.
8003.
7981.
7962.
7941.
7920.
7897.
7876.
7855.
7834.
7812.
7791.
7770.
7750.
7729.
7710.
7689.
7670.
7651.
7632.
7614.
7597.
7580.
7563.
7549.
7534.
7520.
7505.
7492.
7479.
7467.
7456.
7443.
7434.
7422.
7412.
7404.
7395.
7386.
7378.
7369.
7362.
7355.
7348.
7343.
7338.
7331.
7327.
7323.
7317.
7313.
7310.
7306.
7304.
7302.
7299.
7299.
7297.
7296.
7296.
7296.
7296.
7296.
7297.
7298.
7299.
7301.
7304.
7305.
7309.
7312.
7317.
7320.
7324.
7328.
7333.
7338.
7342.
7348.
7353.
7359.
7366.
7371.
7378.
7385.
7391.
7398.
7407.
7414.
7423.
7431.
7439.
7447.
7456.
7464.
7473.
7482.
7493.
7501.
7510.
7522.
7532.
7543.
7553.
7564.
7577.
7586.
7596.
7608.
7624.
7633.
7644.
7659.
7672.
7685.
7695.
7709.
7725.
7737.
7750.
7765.
7781.
7793.
7806.
7819.
7836.
7851.
7861.
7877.
7892.
7907.
7921.
7939.
7954.
7967.
7982.
7996.
8012.
8027.
8043.
8058.
8074.
8089.
8105.
8121.
8139.
8153.
8168.
8184.
8199.
8215.
8231.
8245.
8262.
8278.
8294.
8310.
8324.
8340.
8357.
8372.
8387.
8403.
8419.
8434.
8452.
8467.
8482.
8495.
8512.
8528.
8540.
8557.
8572.
8586.
8601.
8616.
8633.
8647.
8658.
8673.
8688.
8702.
8714.
8728.
8745.
8757.
8770.
8782.
8796.
8807.
8818.
8828.
8844.
8855.
8864.
8875.
8887.
8898.
8907.
8915.
8927.
8937.
8945.
8956.
8964.
8971.
8980.
8987.
8995.
9003.
9009.
9017.
9024.
9028.
9035.
9040.
9046.
9050.
9055.
9058.
9063.
9065.
9069.
9072.
9076.
9078.
9079.
9082.
9083.
9084.
9085.
9086.
9087.
9085.
9086.
9085.
9084.
9083.
9082.
9082.
9077.
9075.
9074.
9069.
9066.
9063.
9060.
9055.
9051.
9046.
9043.
9037.
9032.
9026.
9020.
9015.
9008.
9002.
8995.
8987.
8980.
8972.
8966.
8957.
8948.
8940.
8931.
8921.
8912.
8904.
8892.
8881.
8871.
8861.
8849.
8836.
8826.
8814.
8802.
8790.
8778.
8764.
8751.
8738.
8724.
8709.
8695.
8682.
8666.
8651.
8636.
8620.
8605.
8589.
8573.
8556.
8540.
8523.
8505.
8489.
8470.
8454.
8435.
8417.
8399.
8380.
8361.
8343.
8323.
8303.
8284.
8265.
8245.
8226.
8205.
8185.
8166.
8146.
8125.
8106.
8086.
8065.
8045.
8025.
8007.
7987.
7968.
7949.
7929.
7910.
7890.
7873.
7855.
7836.
7819.
7800.
7784.
7768.
7750.
7733.
7717.
7701.
7685.
7669.
7653.
7638.
7623.
7608.
7592.
7580.
7565.
7551.
7537.
7525.
7511.
7497.
7485.
7474.
7461.
7451.
7440.
7430.
7418.
7408.
7399.
7390.
7382.
7375.
7368.
7361.
7356.
7349.
7343.
7341.
7338.
7334.
7330.
7328.
7327.
7326.
7325.
7324.
7324.
7326.
7327.
7330.
7331.
7333.
7336.
7339.
7342.
7346.
7350.
7352.
7357.
7362.
7367.
7372.
7378.
7383.
7390.
7395.
7403.
7410.
7416.
7424.
7431.
7440.
7448.
7456.
7463.
7473.
7482.
7491.
7501.
7510.
7521.
7531.
7540.
7552.
7563.
7572.
7581.
7595.
7608.
7618.
7630.
7642.
7655.
7666.
7677.
7691.
7705.
7715.
7728.
7742.
7757.
7769.
7782.
7794.
7810.
7824.
7837.
7853.
7868.
7880.
7894.
7906.
7925.
7940.
7952.
7967.
7983.
7999.
8013.
8028.
8042.
8058.
8073.
8089.
8108.
8120.
8137.
8152.
8166.
8183.
8199.
8214.
8229.
8246.
8261.
8277.
8292.
8309.
8323.
8338.
8353.
8371.
8385.
8401.
8416.
8432.
8448.
8463.
8479.
8496.
8507.
8523.
8541.
8555.
8566.
8582.
8599.
8613.
8624.
8638.
8655.
8667.
8677.
8692.
8708.
8720.
8729.
8743.
8755.
8769.
8782.
8791.
8805.
8817.
8827.
8838.
8849.
8858.
8868.
8879.
8889.
8899.
8907.
8915.
8923.
8932.
8939.
8948.
8956.
8961.
8968.
8973.
8981.
8987.
8992.
8998.
9004.
9010.
9013.
9018.
9022.
9026.
9030.
9035.
9037.
9040.
9045.
9046.
9049.
9052.
9053.
9055.
9056.
9059.
9059.
9060.
9062.
9062.
9062.
9061.
9060.
9060.
9060.
9058.
9059.
9058.
9055.
9052.
9050.
9048.
9046.
9042.
9041.
9037.
9035.
9031.
9028.
9024.
9021.
9015.
9011.
9006.
9000.
8996.
8991.
8986.
8980.
8974.
8967.
8960.
8955.
8949.
8942.
8934.
8927.
8918.
8912.
8903.
8894.
8885.
8875.
8867.
8856.
8847.
8838.
8827.
8816.
8807.
8795.
8784.
8771.
8760.
8747.
8735.
8722.
8709.
8697.
8682.
8669.
8655.
8641.
8627.
8613.
8597.
8582.
8567.
8552.
8536.
8519.
8503.
8486.
8470.
8453.
8436.
8419.
8401.
8384.
8366.
8348.
8329.
8312.
8293.
8275.
8255.
8237.
8217.
8199.
8180.
8161.
8142.
8124.
8102.
8083.
8062.
8042.
8020.
8002.
7982.
7961.
7940.
7921.
7903.
7880.
7861.
7843.
7821.
7801.
7782.
7764.
7744.
7726.
7709.
7690.
7673.
7656.
7639.
7623.
7607.
7590.
7575.
7559.
7547.
7531.
7517.
7503.
7492.
7478.
7465.
7453.
7442.
7428.
7417.
7405.
7394.
7383.
7373.
7362.
7352.
7343.
7333.
7322.
7314.
7305.
7296.
7288.
7279.
7272.
7266.
7258.
7250.
7243.
7238.
7233.
7228.
7222.
7216.
7212.
7209.
7205.
7202.
7199.
7198.
7195.
7194.
7193.
7193.
7191.
7191.
7191.
7192.
7192.
7192.
7194.
7196.
7197.
7200.
7202.
7205.
7207.
7209.
7213.
7216.
7221.
7224.
7228.
7234.
7237.
7241.
7247.
7253.
7258.
7264.
7270.
7275.
7282.
7289.
7295.
7303.
7310.
7318.
7325.
7333.
7342.
7352.
7359.
7367.
7377.
7386.
7396.
7406.
7416.
7427.
7438.
7447.
7459.
7471.
7483.
7494.
7504.
7515.
7532.
7542.
7554.
7568.
7585.
7595.
7609.
7623.
7638.
7653.
7666.
7681.
7697.
7713.
7726.
7743.
7759.
7776.
7792.
7808.
7824.
7841.
7858.
7875.
7892.
7909.
7927.
7944.
7961.
7981.
7999.
8017.
8035.
8054.
8073.
8090.
8110.
8128.
8148.
8167.
8186.
8206.
8225.
8245.
8265.
8285.
8306.
8323.
8343.
8364.
8385.
8405.
8423.
8444.
8465.
8484.
8503.
8523.
8543.
8563.
8581.
8601.
8620.
8639.
8659.
8678.
8696.
8716.
8733.
8752.
8771.
8788.
8805.
8823.
8841.
8858.
8875.
8891.
8908.
8922.
8938.
8955.
8967.
8983.
9000.
9014.
9028.
9039.
9057.
9068.
9079.
9093.
9105.
9122.
9131.
9141.
9155.
9167.
9176.
9186.
9199.
9208.
9216.
9227.
9234.
9243.
9252.
9259.
9268.
9276.
9282.
9288.
9296.
9302.
9306.
9311.
9317.
9321.
9327.
9331.
9335.
9338.
9342.
9345.
9347.
9351.
9354.
9356.
9358.
9359.
9362.
9362.
9364.
9366.
9366.
9366.
9367.
9366.
9366.
9367.
9365.
9364.
9364.
9363.
9362.
9361.
9357.
9355.
9355.
9353.
9349.
9345.
9342.
9339.
9334.
9329.
9327.
9323.
9319.
9313.
9308.
9301.
9295.
9289.
9284.
9277.
9269.
9262.
9254.
9246.
9238.
9230.
9221.
9212.
9203.
9193.
9183.
9174.
9163.
9152.
9141.
9130.
9118.
9106.
9095.
9082.
9071.
9058.
9045.
9032.
9019.
9005.
8991.
8977.
8962.
8948.
8933.
8918.
8903.
8887.
8872.
8857.
8840.
8826.
8810.
8792.
8776.
8759.
8741.
8724.
8707.
8689.
8672.
8654.
8636.
8618.
8599.
8581.
8562.
8544.
8525.
8506.
8488.
8469.
8449.
8430.
8409.
8390.
8370.
8350.
8332.
8312.
8291.
8271.
8251.
8231.
8212.
8191.
8168.
8149.
8128.
8110.
8088.
8069.
8049.
8028.
8008.
7988.
7968.
7948.
7928.
7909.
7890.
7870.
7852.
7834.
7815.
7794.
7775.
7758.
7740.
7722.
7705.
7686.
7669.
7651.
7634.
7617.
7600.
7584.
7566.
7550.
7536.
7520.
7503.
7487.
7472.
7459.
7443.
7429.
7414.
7400.
7387.
7374.
7362.
7348.
7336.
7323.
7312.
7300.
7290.
7278.
7268.
7258.
7247.
7237.
7228.
7220.
7212.
7201.
7194.
7186.
7179.
7172.
7166.
7159.
7153.
7147.
7143.
7138.
7133.
7126.
7123.
7120.
7117.
7116.
7112.
7108.
7106.
7105.
7104.
7104.
7103.
7103.
7104.
7104.
7106.
7106.
7109.
7110.
7113.
7114.
7119.
7122.
7124.
7129.
7135.
7140.
7144.
7150.
7155.
7162.
7169.
7175.
7184.
7191.
7199.
7207.
7216.
7225.
7234.
7243.
7254.
7266.
7276.
7286.
7298.
7311.
7322.
7333.
7350.
7360.
7374.
7386.
7402.
7417.
7432.
7447.
7464.
7480.
7495.
7512.
7530.
7547.
7566.
7582.
7602.
7620.
7640.
7659.
7679.
7700.
7721.
7740.
7762.
7783.
7806.
7828.
7850.
7873.
7896.
7918.
7939.
7964.
7987.
8010.
8034.
8058.
8081.
8105.
8129.
8153.
8178.
8202.
8227.
8251.
8276.
8299.
8325.
8350.
8376.
8399.
8424.
8448.
8473.
8498.
8521.
8545.
8570.
8593.
8616.
8640.
8664.
8687.
8707.
8732.
8753.
8774.
8796.
8817.
8838.
8856.
8877.
8897.
8917.
8937.
8955.
8974.
8993.
9010.
9029.
9045.
9061.
9078.
9094.
9110.
9125.
9140.
9155.
9171.
9180.
9192.
9206.
9220.
9228.
9240.
9252.
9262.
9272.
9280.
9290.
9298.
9305.
9312.
9320.
9326.
9331.
9337.
9342.
9347.
9350.
9354.
9358.
9361.
9364.
9366.
9368.
9369.
9370.
9371.
9371.
9371.
9371.
9369.
9369.
9368.
9366.
9364.
9362.
9359.
9355.
9352.
9347.
9343.
9340.
9334.
9330.
9325.
9318.
9313.
9308.
9301.
9294.
9286.
9278.
9270.
9262.
9254.
9245.
9237.
9227.
9217.
9207.
9198.
9186.
9176.
9166.
9153.
9140.
9129.
9117.
9104.
9090.
9078.
9064.
9051.
9036.
9022.
9007.
8993.
8978.
8962.
8948.
8931.
8915.
8899.
8881.
8865.
8848.
8830.
8813.
8796.
8776.
8758.
8740.
8721.
8702.
8685.
8666.
8645.
8627.
8607.
8587.
8567.
8545.
8526.
8505.
8485.
8464.
8443.
8423.
8403.
8381.
8361.
8339.
8318.
8297.
8277.
8255.
8233.
8211.
8190.
8170.
8148.
8127.
8107.
8084.
8062.
8041.
8020.
8000.
7979.
7958.
7936.
7916.
7896.
7876.
7856.
7835.
7815.
7797.
7777.
7759.
7740.
7722.
7704.
7687.
7670.
7651.
7634.
7619.
7603.
7586.
7571.
7557.
7540.
7525.
7511.
7497.
7482.
7468.
7454.
7441.
7429.
7416.
7402.
7389.
7378.
7366.
7356.
7345.
7334.
7324.
7316.
7307.
7298.
7291.
7284.
7276.
7269.
7264.
7259.
7255.
7250.
7245.
7242.
7239.
7236.
7234.
7233.
7232.
7231.
7229.
7229.
7229.
7230.
7232.
7233.
7234.
7235.
7238.
7240.
7242.
7247.
7251.
7253.
7257.
7261.
7266.
7271.
7277.
7282.
7287.
7293.
7298.
7306.
7314.
7322.
7328.
7335.
7343.
7352.
7360.
7369.
7378.
7387.
7395.
7405.
7413.
7424.
7436.
7445.
7456.
7467.
7478.
7488.
7498.
7510.
7524.
7533.
7544.
7559.
7572.
7582.
7596.
7607.
7625.
7636.
7649.
7663.
7681.
7692.
7706.
7722.
7735.
7751.
7766.
7782.
7798.
7814.
7830.
7845.
7862.
7878.
7896.
7911.
7927.
7944.
7962.
7978.
7995.
8013.
8030.
8046.
8063.
8080.
8097.
8115.
8133.
8151.
8167.
8184.
8202.
8219.
8237.
8253.
8272.
8289.
8306.
8321.
8339.
8356.
8374.
8390.
8405.
8423.
8440.
8456.
8470.
8488.
8505.
8521.
8537.
8553.
8568.
8584.
8599.
8615.
8629.
8642.
8658.
8673.
8688.
8701.
8719.
8730.
8741.
8756.
8771.
8783.
8794.
8805.
8821.
8832.
8843.
8853.
8865.
8876.
8886.
8898.
8907.
8917.
8928.
8936.
8944.
8954.
8961.
8969.
8976.
8986.
8992.
8999.
9006.
9012.
9018.
9024.
9030.
9034.
9040.
9044.
9049.
9052.
9056.
9059.
9064.
9065.
9068.
9072.
9073.
9075.
9077.
9079.
9079.
9080.
9081.
9081.
9082.
9082.
9081.
9078.
9078.
9077.
9076.
9075.
9073.
9070.
9067.
9066.
9062.
9058.
9054.
9051.
9047.
9043.
9038.
9034.
9029.
9024.
9019.
9012.
9006.
9000.
8995.
8988.
8981.
8975.
8966.
8959.
8952.
8943.
8934.
8926.
8918.
8909.
8900.
8890.
8880.
8871.
8859.
8848.
8838.
8827.
8815.
8804.
8792.
8780.
8767.
8755.
8742.
8729.
8715.
8702.
8689.
8674.
8661.
8648.
8633.
8616.
8602.
8588.
8572.
8557.
8541.
8525.
8509.
8494.
8478.
8462.
8445.
8430.
8412.
8397.
8380.
8363.
8346.
8330.
8312.
8294.
8278.
8262.
8243.
8227.
8210.
8193.
8175.
8157.
8141.
8124.
8107.
8089.
8071.
8054.
8036.
8019.
8002.
7985.
7969.
7951.
7933.
7917.
7901.
7883.
7868.
7853.
7837.
7821.
7804.
7790.
7774.
7759.
7745.
7730.
7716.
7703.
7687.
7675.
7662.
7650.
7636.
7624.
7612.
7600.
7587.
7576.
7566.
7554.
7543.
7531.
7520.
7510.
7499.
7489.
7480.
7470.
7461.
7453.
7443.
7436.
7427.
7420.
7413.
7406.
7399.
7393.
7387.
7382.
7378.
7374.
7371.
7367.
7363.
7362.
7361.
7357.
7354.
7353.
7352.
7352.
7352.
7350.
7351.
7350.
7351.
7352.
7353.
7353.
7356.
7357.
7359.
7359.
7364.
7367.
7369.
7372.
7375.
7380.
7384.
7386.
7391.
7397.
7403.
7407.
7412.
7418.
7425.
7430.
7437.
7445.
7452.
7459.
7467.
7474.
7482.
7491.
7501.
7509.
7518.
7527.
7535.
7545.
7556.
7565.
7574.
7586.
7597.
7606.
7618.
7629.
7642.
7653.
7663.
7675.
7690.
7702.
7711.
7727.
7741.
7755.
7765.
7781.
7797.
7808.
7821.
7838.
7853.
7867.
7880.
7894.
7912.
7926.
7939.
7953.
7972.
7984.
8000.
8014.
8029.
8045.
8060.
8074.
8093.
8107.
8121.
8136.
8150.
8167.
8181.
8197.
8212.
8229.
8244.
8259.
8274.
8291.
8305.
8319.
8335.
8351.
8367.
8382.
8399.
8412.
8426.
8440.
8454.
8468.
8482.
8495.
8513.
8525.
8537.
8549.
8564.
8580.
8591.
8602.
8615.
8627.
8638.
8649.
8663.
8676.
8686.
8697.
8707.
8719.
8730.
8740.
8750.
8760.
8769.
8779.
8788.
8797.
8806.
8815.
8823.
8830.
8836.
8844.
8851.
8857.
8863.
8870.
8876.
8881.
8886.
8890.
8896.
8899.
8904.
8907.
8911.
8914.
8918.
8921.
8924.
8925.
8926.
8928.
8931.
8931.
8933.
8933.
8934.
8934.
8934.
8934.
8934.
8933.
8932.
8932.
8930.
8928.
8926.
8924.
8923.
8922.
8918.
8916.
8912.
8909.
8906.
8901.
8899.
8896.
8892.
8888.
8883.
8878.
8875.
8870.
8864.
8859.
8853.
8848.
8844.
8837.
8830.
8824.
8819.
8811.
8805.
8797.
8790.
8782.
8773.
8767.
8759.
8749.
8741.
8733.
8723.
8713.
8704.
8695.
8685.
8675.
8665.
8654.
8644.
8632.
8621.
8611.
8600.
8588.
8576.
8565.
8553.
8541.
8528.
8516.
8504.
8492.
8478.
8465.
8453.
8440.
8426.
8412.
8399.
8385.
8371.
8357.
8344.
8328.
8313.
8299.
8285.
8269.
8254.
8241.
8226.
8210.
8194.
8180.
8165.
8148.
8132.
8118.
8103.
8087.
8072.
8056.
8041.
8025.
8010.
7995.
7980.
7966.
7950.
7934.
7919.
7905.
7889.
7875.
7861.
7846.
7832.
7818.
7805.
7789.
7776.
7763.
7750.
7736.
7722.
7708.
7696.
7682.
7670.
7658.
7646.
7634.
7621.
7608.
7599.
7586.
7575.
7564.
7554.
7543.
7532.
7523.
7514.
7504.
7496.
7488.
7480.
7472.
7465.
7458.
7450.
7443.
7439.
7433.
7426.
7420.
7416.
7413.
7408.
7403.
7400.
7398.
7396.
7394.
7391.
7389.
7389.
7386.
7386.
7386.
7386.
7385.
7385.
7387.
7388.
7389.
7392.
7394.
7396.
7398.
7402.
7404.
7408.
7412.
7417.
7422.
7425.
7431.
7435.
7441.
7446.
7452.
7459.
7467.
7472.
7478.
7484.
7492.
7498.
7506.
7514.
7522.
7531.
7541.
7549.
7557.
7566.
7576.
7586.
7595.
7606.
7616.
7625.
7636.
7647.
7659.
7667.
7679.
7692.
7703.
7712.
7725.
7741.
7752.
7760.
7776.
7789.
7801.
7812.
7826.
7844.
7854.
7866.
7881.
7896.
7910.
7923.
7940.
7955.
7970.
7983.
7997.
8013.
8027.
8043.
8058.
8073.
8089.
8102.
8119.
8137.
8153.
8167.
8183.
8201.
8216.
8230.
8246.
8263.
8280.
8294.
8311.
8326.
8343.
8360.
8376.
8391.
8407.
8424.
8440.
8457.
8473.
8489.
8505.
8521.
8537.
8554.
8570.
8585.
8600.
8616.
8629.
8645.
8661.
8673.
8689.
8706.
8719.
8730.
8744.
8758.
8773.
8783.
8794.
8809.
8822.
8833.
8843.
8856.
8866.
8878.
8888.
8898.
8908.
8917.
8926.
8935.
8943.
8951.
8961.
8967.
8975.
8981.
8990.
8995.
9002.
9007.
9013.
9018.
9023.
9027.
9033.
9036.
9039.
9042.
9046.
9048.
9051.
9051.
9054.
9056.
9057.
9057.
9059.
9058.
9058.
9058.
9058.
9057.
9055.
9054.
9053.
9050.
9048.
9045.
9043.
9040.
9036.
9033.
9029.
9026.
9022.
9017.
9011.
9006.
9002.
8996.
8991.
8984.
8979.
8972.
8965.
8959.
8952.
8944.
8936.
8929.
8922.
8913.
8905.
8895.
8886.
8877.
8867.
8857.
8847.
8837.
8827.
8817.
8806.
8794.
8783.
8771.
8759.
8748.
8735.
8723.
8709.
8698.
8684.
8671.
8657.
8643.
8630.
8616.
8600.
8586.
8572.
8557.
8543.
8526.
8511.
8496.
8481.
8464.
8447.
8433.
8417.
8401.
8385.
8368.
8352.
8335.
8319.
8303.
8287.
8269.
8253.
8235.
8219.
8203.
8186.
8171.
8153.
8136.
8119.
8103.
8087.
8070.
8054.
8036.
8019.
8002.
7986.
7970.
7953.
7937.
7921.
7905.
7888.
7871.
7854.
7838.
7821.
7806.
7790.
7774.
7760.
7742.
7728.
7712.
7698.
7683.
7668.
7654.
7640.
7625.
7610.
7597.
7584.
7571.
7558.
7544.
7531.
7520.
7507.
7498.
7486.
7473.
7464.
7455.
7444.
7434.
7424.
7415.
7406.
7397.
7389.
7382.
7373.
7365.
7357.
7350.
7345.
7338.
7332.
7326.
7321.
7317.
7313.
7308.
7305.
7301.
7299.
7294.
7293.
7292.
7291.
7291.
7290.
7291.
7292.
7292.
7293.
7296.
7298.
7301.
7303.
7307.
7312.
7315.
7319.
7325.
7330.
7333.
7339.
7346.
7351.
7358.
7364.
7371.
7380.
7387.
7393.
7401.
7410.
7419.
7426.
7436.
7446.
7456.
7463.
7472.
7482.
7494.
7503.
7513.
7524.
7536.
7547.
7556.
7571.
7582.
7592.
7604.
7617.
7631.
7642.
7651.
7666.
7681.
7692.
7702.
7717.
7731.
7746.
7756.
7771.
7788.
7800.
7810.
7826.
7841.
7855.
7867.
7882.
7897.
7910.
7922.
7936.
7951.
7967.
7978.
7994.
8010.
8024.
8035.
8051.
8067.
8081.
8091.
8107.
8124.
8137.
8148.
8165.
8181.
8193.
8204.
8220.
8237.
8250.
8262.
8274.
8292.
8305.
8315.
8330.
8346.
8357.
8369.
8384.
8399.
8410.
8420.
8435.
8450.
8461.
8471.
8485.
8501.
8512.
8525.
8536.
8551.
8561.
8574.
8586.
8598.
8610.
8620.
8632.
8643.
8654.
8665.
8676.
8687.
8696.
8703.
8715.
8726.
8735.
8744.
8754.
8764.
8772.
8781.
8789.
8796.
8804.
8812.
8817.
8824.
8832.
8839.
8845.
8850.
8857.
8861.
8867.
8873.
8877.
8882.
8886.
8892.
8894.
8897.
8902.
8904.
8908.
8909.
8913.
8917.
8920.
8922.
8924.
8927.
8928.
8930.
8933.
8935.
8935.
8936.
8936.
8937.
8939.
8940.
8940.
8941.
8941.
8940.
8940.
8941.
8941.
8941.
8939.
8939.
8938.
8937.
8936.
8936.
8935.
8932.
8931.
8929.
8929.
8924.
8922.
8921.
8919.
8916.
8913.
8910.
8908.
8904.
8902.
8898.
8895.
8892.
8887.
8883.
8879.
8877.
8872.
8866.
8862.
8860.
8854.
8849.
8844.
8840.
8834.
8830.
8824.
8819.
8813.
8809.
8802.
8795.
8790.
8784.
8777.
8770.
8764.
8756.
8750.
8741.
8734.
8725.
8718.
8710.
8702.
8694.
8683.
8675.
8666.
8657.
8646.
8638.
8628.
8617.
8607.
8597.
8586.
8578.
8566.
8555.
8544.
8531.
8520.
8507.
8496.
8484.
8471.
8457.
8444.
8431.
8418.
8404.
8389.
8376.
8362.
8347.
8332.
8317.
8302.
8288.
8271.
8256.
8241.
8226.
8209.
8193.
8176.
8159.
8144.
8127.
8109.
8091.
8076.
8058.
8041.
8024.
8007.
7990.
7972.
7954.
7937.
7919.
7902.
7884.
7868.
7850.
7832.
7815.
7798.
7780.
7764.
7747.
7731.
7714.
7699.
7682.
7667.
7652.
7637.
7623.
7608.
7592.
7579.
7564.
7551.
7538.
7526.
7512.
7499.
7488.
7475.
7464.
7452.
7442.
7430.
7419.
7409.
7399.
7388.
7380.
7370.
7360.
7352.
7344.
7337.
7328.
7321.
7315.
7306.
7301.
7294.
7289.
7281.
7277.
7271.
7267.
7263.
7258.
7254.
7251.
7248.
7246.
7246.
7242.
7242.
7240.
7241.
7241.
7241.
7241.
7243.
7243.
7246.
7248.
7249.
7252.
7255.
7259.
7262.
7264.
7270.
7273.
7278.
7283.
7290.
7295.
7300.
7307.
7313.
7320.
7326.
7334.
7340.
7347.
7355.
7363.
7370.
7379.
7388.
7398.
7407.
7417.
7426.
7438.
7448.
7461.
7472.
7481.
7493.
7504.
7515.
7525.
7540.
7554.
7567.
7576.
7591.
7606.
7617.
7631.
7645.
7661.
7674.
7686.
7702.
7718.
7730.
7744.
7759.
7776.
7792.
7804.
7821.
7837.
7853.
7864.
7880.
7895.
7910.
7927.
7943.
7959.
7975.
7992.
8008.
8022.
8039.
8056.
8074.
8089.
8105.
8121.
8137.
8154.
8171.
8187.
8202.
8218.
8235.
8251.
8268.
8283.
8300.
8315.
8329.
8346.
8362.
8377.
8392.
8406.
8422.
8435.
8451.
8468.
8483.
8494.
8508.
8524.
8537.
8548.
8562.
8578.
8590.
8603.
8614.
8630.
8640.
8649.
8663.
8678.
8688.
8700.
8711.
8723.
8732.
8744.
8752.
8765.
8775.
8785.
8794.
8805.
8813.
8822.
8830.
8840.
8848.
8854.
8863.
8870.
8877.
8883.
8889.
8896.
8901.
8907.
8911.
8917.
8922.
8926.
8931.
8934.
8937.
8940.
8942.
8946.
8948.
8950.
8952.
8955.
8955.
8957.
8958.
8957.
8959.
8958.
8959.
8959.
8958.
8957.
8956.
8954.
8953.
8950.
8950.
8947.
8944.
8942.
8939.
8937.
8935.
8930.
8927.
8924.
8919.
8915.
8910.
8907.
8902.
8897.
8891.
8886.
8881.
8875.
8869.
8864.
8857.
8850.
8844.
8836.
8830.
8820.
8813.
8806.
8798.
8788.
8781.
8773.
8763.
8753.
8745.
8735.
8725.
8715.
8704.
8695.
8682.
8672.
8662.
8649.
8638.
8625.
8614.
8602.
8589.
8577.
8563.
8550.
8537.
8524.
8511.
8496.
8484.
8469.
8456.
8442.
8427.
8413.
8399.
8384.
8371.
8354.
8341.
8327.
8311.
8296.
8282.
8266.
8252.
8238.
8222.
8208.
8193.
8179.
8163.
8149.
8134.
8120.
8105.
8090.
8077.
8062.
8048.
8034.
8021.
8006.
7992.
7978.
7964.
7950.
7936.
7923.
7909.
7896.
7884.
7870.
7856.
7843.
7831.
7818.
7804.
7792.
7780.
7768.
7755.
7744.
7733.
7720.
7709.
7699.
7690.
7680.
7670.
7660.
7650.
7642.
7633.
7624.
7616.
7609.
7601.
7593.
7586.
7580.
7572.
7567.
7560.
7554.
7550.
7543.
7538.
7532.
7528.
7523.
7518.
7515.
7510.
7506.
7503.
7500.
7496.
7493.
7491.
7488.
7484.
7480.
7478.
7476.
7474.
7472.
7470.
7469.
7467.
7466.
7464.
7464.
7463.
7462.
7462.
7462.
7461.
7461.
7461.
7462.
7462.
7463.
7465.
7464.
7466.
7468.
7469.
7471.
7472.
7475.
7477.
7480.
7484.
7486.
7490.
7494.
7497.
7500.
7505.
7510.
7514.
7519.
7524.
7529.
7534.
7539.
7545.
7552.
7557.
7564.
7570.
7577.
7584.
7589.
7596.
7604.
7611.
7618.
7627.
7634.
7644.
7652.
7660.
7669.
7678.
7686.
7696.
7705.
7714.
7724.
7733.
7743.
7753.
7763.
7772.
7784.
7793.
7801.
7815.
7827.
7839.
7848.
7858.
7870.
7882.
7892.
7901.
7916.
7927.
7937.
7949.
7961.
7972.
7983.
7994.
8007.
8018.
8028.
8043.
8056.
8067.
8077.
8091.
8105.
8118.
8127.
8143.
8156.
8170.
8179.
8193.
8209.
8222.
8232.
8245.
8260.
8273.
8283.
8297.
8311.
8323.
8334.
8345.
8360.
8371.
8380.
8394.
8407.
8417.
8427.
8439.
8453.
8466.
8474.
8485.
8499.
8511.
8519.
8529.
8544.
8554.
8564.
8574.
8585.
8597.
8607.
8617.
8626.
8635.
8645.
8654.
8663.
8671.
8680.
8690.
8697.
8705.
8713.
8721.
8727.
8734.
8740.
8748.
8755.
8761.
8766.
8773.
8779.
8783.
8789.
8794.
8799.
8805.
8810.
8814.
8819.
8821.
8826.
8830.
8835.
8838.
8841.
8844.
8848.
8850.
8853.
8855.
8858.
8861.
8863.
8866.
8869.
8869.
8871.
8872.
8875.
8876.
8877.
8878.
8879.
8880.
8880.
8881.
8882.
8883.
8883.
8883.
8882.
8883.
8883.
8881.
8880.
8879.
8879.
8878.
8878.
8877.
8873.
8871.
8870.
8869.
8866.
8864.
8862.
8860.
8856.
8854.
8852.
8848.
8843.
8840.
8839.
8834.
8830.
8826.
8822.
8818.
8812.
8809.
8805.
8801.
8796.
8791.
8785.
8779.
8773.
8768.
8761.
8755.
8748.
8743.
8734.
8728.
8721.
8714.
8708.
8699.
8691.
8683.
8674.
8665.
8656.
8648.
8639.
8630.
8620.
8611.
8601.
8590.
8580.
8570.
8559.
8549.
8536.
8526.
8514.
8503.
8492.
8480.
8469.
8455.
8442.
8430.
8417.
8405.
8391.
8377.
8364.
8351.
8337.
8324.
8309.
8295.
8280.
8266.
8253.
8235.
8222.
8207.
8192.
8176.
8161.
8144.
8129.
8112.
8097.
8080.
8065.
8047.
8031.
8016.
8000.
7983.
7966.
7949.
7934.
7918.
7901.
7885.
7869.
7851.
7835.
7819.
7803.
7787.
7770.
7754.
7738.
7722.
7705.
7689.
7673.
7657.
7641.
7625.
7609.
7593.
7577.
7562.
7545.
7529.
7514.
7499.
7483.
7467.
7451.
7437.
7422.
7407.
7394.
7381.
7367.
7354.
7342.
7332.
7320.
7309.
7299.
7291.
7280.
7272.
7264.
7257.
7249.
7244.
7237.
7232.
7227.
7221.
7217.
7214.
7209.
7207.
7203.
7200.
7197.
7195.
7193.
7191.
7189.
7190.
7188.
7187.
7187.
7187.
7187.
7187.
7189.
7189.
7191.
7192.
7193.
7194.
7197.
7199.
7202.
7205.
7206.
7210.
7213.
7217.
7220.
7224.
7228.
7231.
7234.
7239.
7244.
7250.
7254.
7260.
7266.
7271.
7276.
7281.
7289.
7295.
7302.
7309.
7316.
7323.
7332.
7338.
7346.
7353.
7363.
7372.
7379.
7387.
7398.
7407.
7415.
7425.
7434.
7444.
7454.
7463.
7473.
7485.
7495.
7505.
7515.
7525.
7536.
7546.
7557.
7569.
7579.
7590.
7600.
7613.
7624.
7636.
7647.
7658.
7670.
7680.
7690.
7704.
7718.
7728.
7738.
7751.
7767.
7778.
7787.
7802.
7816.
7826.
7837.
7849.
7866.
7876.
7888.
7900.
7915.
7927.
7936.
7952.
7965.
7977.
7987.
8000.
8014.
8026.
8035.
8049.
8062.
8074.
8083.
8097.
8111.
8123.
8134.
8145.
8158.
8170.
8182.
8192.
8207.
8218.
8228.
8241.
8255.
8265.
8275.
8288.
8301.
8312.
8322.
8333.
8346.
8357.
8366.
8377.
8388.
8398.
8407.
8417.
8427.
8437.
8445.
8455.
8464.
8472.
8480.
8489.
8496.
8504.
8512.
8519.
8526.
8534.
8540.
8546.
8553.
8559.
8565.
8572.
8576.
8582.
8587.
8591.
8595.
8598.
8603.
8607.
8610.
8613.
8616.
8618.
8619.
8622.
8624.
8626.
8627.
8627.
8628.
8629.
8628.
8627.
8628.
8627.
8626.
8624.
8623.
8621.
8618.
8617.
8616.
8612.
8608.
8607.
8602.
8598.
8595.
8591.
8586.
8583.
8578.
8572.
8567.
8562.
8556.
8551.
8547.
8540.
8533.
8528.
8522.
8513.
8506.
8500.
8492.
8484.
8477.
8468.
8458.
8451.
8442.
8433.
8423.
8412.
8403.
8393.
8383.
8372.
8362.
8350.
8339.
8328.
8317.
8305.
8293.
8282.
8269.
8256.
8245.
8232.
8220.
8207.
8194.
8181.
8168.
8155.
8143.
8130.
8117.
8103.
8089.
8076.
8064.
8050.
8037.
8024.
8010.
7996.
7981.
7969.
7955.
7942.
7927.
7913.
7900.
7887.
7873.
7859.
7845.
7832.
7818.
7803.
7791.
7776.
7763.
7748.
7734.
7722.
7707.
7693.
7680.
7668.
7654.
7641.
7630.
7617.
7605.
7591.
7581.
7569.
7558.
7547.
7536.
7526.
7516.
7507.
7498.
7488.
7480.
7470.
7463.
7456.
7448.
7441.
7435.
7427.
7421.
7415.
7413.
7406.
7401.
7397.
7394.
7392.
7388.
7385.
7382.
7381.
7380.
7380.
7377.
7377.
7376.
7377.
7377.
7379.
7381.
7383.
7385.
7386.
7390.
7394.
7395.
7400.
7403.
7406.
7411.
7414.
7420.
7426.
7430.
7436.
7441.
7447.
7453.
7460.
7465.
7472.
7478.
7486.
7492.
7500.
7508.
7517.
7525.
7532.
7541.
7550.
7558.
7567.
7577.
7586.
7595.
7606.
7615.
7624.
7634.
7645.
7655.
7668.
7677.
7688.
7699.
7710.
7721.
7733.
7745.
7759.
7768.
7780.
7792.
7805.
7815.
7827.
7844.
7855.
7867.
7880.
7897.
7909.
7921.
7936.
7952.
7965.
7977.
7991.
8009.
8022.
8036.
8049.
8064.
8080.
8094.
8109.
8124.
8140.
8154.
8170.
8187.
8202.
8215.
8230.
8245.
8261.
8275.
8291.
8305.
8321.
8336.
8350.
8364.
8378.
8392.
8407.
8424.
8439.
8452.
8466.
8482.
8497.
8508.
8524.
8536.
8552.
8562.
8577.
8591.
8607.
8617.
8630.
8646.
8658.
8668.
8682.
8695.
8706.
8719.
8730.
8741.
8753.
8762.
8774.
8784.
8793.
8803.
8813.
8823.
8830.
8840.
8849.
8857.
8865.
8873.
8881.
8889.
8896.
8903.
8909.
8916.
8922.
8928.
8935.
8940.
8944.
8950.
8954.
8959.
8962.
8967.
8970.
8974.
8976.
8981.
8982.
8986.
8989.
8990.
8991.
8992.
8994.
8995.
8996.
8995.
8996.
8995.
8995.
8995.
8993.
8992.
8990.
8989.
8986.
8982.
8981.
8979.
8976.
8970.
8967.
8964.
8960.
8954.
8950.
8946.
8940.
8935.
8929.
8923.
8917.
8911.
8904.
8897.
8890.
8882.
8875.
8867.
8858.
8850.
8841.
8834.
8823.
8814.
8805.
8795.
8784.
8774.
8764.
8754.
8742.
8730.
8719.
8707.
8694.
8681.
8669.
8656.
8644.
8630.
8615.
8602.
8586.
8572.
8559.
8543.
8528.
8513.
8497.
8481.
8465.
8449.
8432.
8416.
8399.
8381.
8364.
8347.
8328.
8311.
8293.
8274.
8257.
8238.
8219.
8201.
8183.
8164.
8144.
8126.
8106.
8086.
8067.
8047.
8029.
8010.
7989.
7969.
7948.
7928.
7908.
7889.
7867.
7848.
7828.
7808.
7789.
7767.
7749.
7728.
7707.
7688.
7669.
7649.
7628.
7611.
7589.
7570.
7551.
7531.
7513.
7496.
7477.
7459.
7442.
7426.
7410.
7394.
7377.
7361.
7346.
7332.
7319.
7304.
7291.
7279.
7266.
7254.
7243.
7234.
7223.
7211.
7204.
7193.
7183.
7175.
7168.
7159.
7153.
7148.
7141.
7138.
7132.
7128.
7123.
7121.
7117.
7116.
7114.
7112.
7112.
7114.
7114.
7114.
7116.
7117.
7119.
7122.
7126.
7128.
7132.
7136.
7141.
7145.
7151.
7155.
7162.
7168.
7173.
7179.
7187.
7195.
7203.
7209.
7216.
7225.
7234.
7243.
7254.
7262.
7272.
7281.
7292.
7302.
7312.
7322.
7336.
7348.
7361.
7369.
7383.
7399.
7411.
7422.
7439.
7454.
7465.
7479.
7494.
7512.
7524.
7539.
7556.
7572.
7587.
7604.
7620.
7636.
7653.
7671.
7688.
7705.
7722.
7739.
7756.
7774.
7791.
7810.
7825.
7844.
7862.
7879.
7896.
7914.
7932.
7951.
7968.
7986.
8005.
8026.
8044.
8062.
8080.
8099.
8118.
8136.
8156.
8175.
8193.
8212.
8231.
8250.
8268.
8286.
8304.
8322.
8340.
8357.
8375.
8392.
8409.
8425.
8442.
8459.
8475.
8492.
8507.
8524.
8540.
8555.
8570.
8584.
8599.
8617.
8629.
8642.
8655.
8671.
8685.
8694.
8706.
8720.
8734.
8742.
8755.
8768.
8778.
8791.
8800.
8811.
8820.
8831.
8840.
8849.
8858.
8865.
8873.
8882.
8891.
8898.
8905.
8911.
8918.
8924.
8930.
8935.
8940.
8945.
8950.
8954.
8959.
8962.