8276.
8275.
8275.
8275.
8274.
8275.
8275.
8274.
8274.
8274.
8274.
8274.
8273.
8272.
8274.
8273.
8273.
8273.
8271.
8271.
8272.
8271.
8271.
8271.
8270.
8271.
8270.
8271.
8270.
8270.
8270.
8270.
8268.
8268.
8268.
8268.
8267.
8268.
8268.
8266.
8266.
8267.
8266.
8265.
8265.
8264.
8263.
8264.
8263.
8262.
8261.
8261.
8262.
8261.
8260.
8259.
8259.
8260.
8259.
8258.
8258.
8257.
8258.
8256.
8255.
8256.
8256.
8255.
8253.
8252.
8253.
8253.
8252.
8252.
8252.
8251.
8249.
8250.
8251.
8249.
8248.
8249.
8248.
8248.
8246.
8246.
8247.
8247.
8245.
8246.
8246.
8245.
8245.
8244.
8244.
8246.
8245.
8244.
8245.
8243.
8243.
8243.
8244.
8244.
8243.
8243.
8245.
8243.
8242.
8242.
8243.
8243.
8244.
8242.
8244.
8243.
8243.
8244.
8243.
8243.
8244.
8242.
8244.
8244.
8244.
8244.
8244.
8244.
8244.
8244.
8244.
8244.
8244.
8245.
8246.
8245.
8246.
8246.
8246.
8245.
8246.
8246.
8247.
8247.
8246.
8247.
8247.
8247.
8247.
8248.
8249.
8248.
8248.
8248.
8248.
8250.
8248.
8249.
8249.
8249.
8250.
8249.
8251.
8251.
8251.
8251.
8251.
8251.
8252.
8251.
8251.
8251.
8251.
8253.
8252.
8252.
8253.
8253.
8254.
8253.
8254.
8253.
8254.
8253.
8255.
8253.
8255.
8255.
8254.
8255.
8255.
8255.
8255.
8255.
8255.
8254.
8255.
8255.
8255.
8257.
8256.
8256.
8256.
8257.
8257.
8256.
8258.
8257.
8255.
8256.
8258.
8257.
8257.
8256.
8257.
8257.
8258.
8258.
8259.
8258.
8257.
8260.
8259.
8260.
8260.
8260.
8261.
8262.
8261.
8265.
8265.
8266.
8266.
8268.
8269.
8268.
8271.
8271.
8274.
8274.
8275.
8277.
8280.
8281.
8284.
8285.
8288.
8292.
8293.
8294.
8296.
8301.
8304.
8306.
8310.
8314.
8318.
8319.
8323.
8327.
8330.
8335.
8339.
8343.
8347.
8352.
8356.
8361.
8365.
8370.
8374.
8379.
8384.
8390.
8395.
8402.
8408.
8413.
8419.
8426.
8431.
8437.
8445.
8453.
8458.
8465.
8473.
8481.
8488.
8495.
8502.
8510.
8516.
8524.
8530.
8540.
8547.
8555.
8562.
8570.
8577.
8584.
8592.
8600.
8609.
8618.
8627.
8634.
8643.
8651.
8658.
8669.
8676.
8684.
8694.
8702.
8710.
8719.
8729.
8738.
8745.
8754.
8763.
8771.
8780.
8788.
8796.
8806.
8813.
8822.
8830.
8839.
8847.
8854.
8862.
8871.
8878.
8887.
8894.
8901.
8908.
8916.
8923.
8930.
8936.
8943.
8950.
8956.
8962.
8969.
8975.
8981.
8986.
8992.
8998.
9003.
9008.
9012.
9017.
9021.
9026.
9029.
9034.
9036.
9040.
9043.
9046.
9049.
9052.
9053.
9056.
9059.
9060.
9062.
9062.
9063.
9063.
9065.
9065.
9067.
9067.
9066.
9066.
9065.
9065.
9065.
9065.
9062.
9062.
9061.
9060.
9057.
9055.
9053.
9051.
9050.
9046.
9043.
9040.
9036.
9032.
9030.
9027.
9023.
9019.
9016.
9011.
9004.
9002.
8997.
8992.
8988.
8982.
8976.
8970.
8964.
8958.
8952.
8946.
8938.
8933.
8924.
8917.
8909.
8902.
8894.
8885.
8877.
8869.
8859.
8850.
8841.
8831.
8822.
8813.
8804.
8794.
8784.
8773.
8763.
8751.
8741.
8731.
8718.
8707.
8695.
8683.
8673.
8661.
8648.
8636.
8624.
8611.
8599.
8588.
8575.
8562.
8550.
8536.
8522.
8512.
8497.
8484.
8471.
8458.
8445.
8433.
8419.
8404.
8392.
8379.
8366.
8352.
8339.
8325.
8311.
8296.
8284.
8271.
8256.
8243.
8229.
8215.
8202.
8188.
8173.
8159.
8145.
8132.
8118.
8102.
8088.
8075.
8061.
8047.
8033.
8020.
8005.
7991.
7976.
7963.
7949.
7936.
7921.
7908.
7895.
7880.
7868.
7854.
7840.
7826.
7812.
7798.
7786.
7772.
7760.
7746.
7733.
7720.
7706.
7694.
7681.
7666.
7656.
7643.
7630.
7618.
7605.
7592.
7580.
7567.
7557.
7545.
7531.
7520.
7510.
7497.
7485.
7473.
7463.
7453.
7442.
7431.
7421.
7410.
7400.
7389.
7379.
7369.
7361.
7351.
7340.
7331.
7323.
7315.
7306.
7297.
7289.
7282.
7273.
7266.
7259.
7253.
7246.
7240.
7233.
7227.
7221.
7215.
7211.
7205.
7201.
7195.
7191.
7187.
7185.
7179.
7176.
7174.
7173.
7171.
7169.
7167.
7166.
7166.
7165.
7164.
7165.
7166.
7166.
7167.
7169.
7171.
7173.
7175.
7179.
7181.
7184.
7187.
7193.
7197.
7200.
7206.
7210.
7216.
7221.
7228.
7234.
7241.
7246.
7253.
7260.
7267.
7275.
7284.
7291.
7299.
7307.
7317.
7327.
7334.
7344.
7353.
7363.
7372.
7383.
7393.
7404.
7414.
7424.
7436.
7448.
7460.
7467.
7481.
7494.
7504.
7515.
7528.
7543.
7553.
7564.
7576.
7592.
7604.
7615.
7629.
7644.
7658.
7667.
7681.
7696.
7707.
7720.
7734.
7750.
7762.
7775.
7790.
7805.
7817.
7829.
7843.
7859.
7874.
7884.
7899.
7915.
7928.
7941.
7954.
7972.
7983.
7997.
8009.
8027.
8040.
8053.
8067.
8084.
8094.
8108.
8123.
8138.
8150.
8160.
8174.
8191.
8202.
8214.
8228.
8244.
8255.
8263.
8278.
8293.
8304.
8316.
8326.
8340.
8352.
8362.
8373.
8386.
8397.
8406.
8418.
8432.
8441.
8453.
8464.
8474.
8484.
8494.
8503.
8514.
8523.
8533.
8544.
8552.
8562.
8570.
8581.
8589.
8598.
8607.
8614.
8623.
8631.
8639.
8649.
8657.
8665.
8671.
8678.
8687.
8695.
8702.
8709.
8717.
8724.
8730.
8737.
8744.
8752.
8758.
8765.
8772.
8779.
8786.
8792.
8798.
8804.
8809.
8817.
8823.
8829.
8834.
8840.
8845.
8851.
8857.
8861.
8868.
8873.
8878.
8883.
8890.
8896.
8900.
8905.
8910.
8915.
8922.
8925.
8931.
8937.
8942.
8945.
8950.
8957.
8961.
8966.
8970.
8976.
8981.
8985.
8990.
8995.
9000.
9002.
9007.
9012.
9016.
9020.
9025.
9029.
9034.
9037.
9041.
9044.
9048.
9051.
9054.
9059.
9063.
9065.
9069.
9072.
9073.
9077.
9080.
9081.
9084.
9087.
9089.
9092.
9095.
9098.
9098.
9099.
9100.
9105.
9105.
9106.
9109.
9110.
9111.
9111.
9112.
9113.
9113.
9113.
9113.
9115.
9115.
9113.
9114.
9112.
9112.
9112.
9111.
9110.
9110.
9110.
9107.
9105.
9103.
9100.
9100.
9097.
9095.
9091.
9088.
9086.
9083.
9080.
9078.
9075.
9070.
9065.
9063.
9057.
9054.
9049.
9045.
9040.
9033.
9029.
9024.
9017.
9014.
9006.
8999.
8993.
8985.
8979.
8971.
8965.
8957.
8949.
8941.
8933.
8924.
8917.
8905.
8896.
8887.
8877.
8867.
8856.
8846.
8836.
8824.
8813.
8802.
8790.
8780.
8768.
8757.
8745.
8731.
8719.
8706.
8694.
8679.
8666.
8653.
8640.
8627.
8612.
8596.
8583.
8569.
8555.
8540.
8525.
8510.
8496.
8481.
8466.
8449.
8434.
8419.
8405.
8387.
8372.
8357.
8340.
8324.
8309.
8294.
8278.
8262.
8246.
8230.
8213.
8200.
8183.
8167.
8153.
8136.
8119.
8105.
8089.
8072.
8056.
8040.
8026.
8008.
7993.
7977.
7961.
7944.
7929.
7914.
7897.
7881.
7866.
7851.
7836.
7821.
7806.
7790.
7775.
7761.
7746.
7733.
7717.
7703.
7690.
7676.
7663.
7650.
7636.
7624.
7611.
7599.
7587.
7574.
7561.
7549.
7538.
7527.
7516.
7504.
7494.
7484.
7473.
7462.
7451.
7443.
7432.
7423.
7414.
7404.
7394.
7385.
7377.
7368.
7358.
7352.
7344.
7337.
7327.
7319.
7313.
7306.
7298.
7291.
7285.
7278.
7270.
7265.
7258.
7253.
7246.
7241.
7237.
7231.
7225.
7221.
7216.
7213.
7209.
7205.
7200.
7197.
7192.
7189.
7185.
7183.
7180.
7179.
7177.
7175.
7171.
7169.
7168.
7167.
7166.
7164.
7164.
7164.
7164.
7163.
7163.
7164.
7165.
7165.
7167.
7168.
7169.
7171.
7173.
7175.
7177.
7180.
7183.
7184.
7188.
7192.
7196.
7200.
7204.
7208.
7213.
7218.
7223.
7228.
7234.
7239.
7244.
7252.
7258.
7264.
7272.
7278.
7286.
7292.
7300.
7308.
7316.
7326.
7334.
7342.
7352.
7360.
7369.
7379.
7389.
7400.
7409.
7419.
7429.
7440.
7451.
7461.
7471.
7483.
7493.
7502.
7516.
7528.
7539.
7550.
7563.
7574.
7588.
7596.
7611.
7623.
7635.
7645.
7660.
7672.
7682.
7695.
7707.
7723.
7733.
7746.
7757.
7774.
7787.
7797.
7814.
7827.
7840.
7851.
7867.
7881.
7893.
7906.
7920.
7936.
7947.
7961.
7973.
7990.
8002.
8015.
8028.
8044.
8056.
8068.
8083.
8098.
8112.
8121.
8137.
8151.
8163.
8173.
8186.
8202.
8216.
8224.
8238.
8252.
8266.
8276.
8287.
8302.
8314.
8323.
8337.
8350.
8361.
8371.
8385.
8398.
8410.
8420.
8431.
8445.
8456.
8465.
8475.
8489.
8502.
8511.
8523.
8533.
8544.
8555.
8565.
8576.
8587.
8597.
8606.
8618.
8627.
8639.
8649.
8658.
8669.
8678.
8686.
8695.
8704.
8714.
8723.
8731.
8741.
8749.
8758.
8767.
8775.
8782.
8791.
8800.
8808.
8816.
8824.
8831.
8840.
8849.
8856.
8865.
8871.
8879.
8886.
8894.
8902.
8907.
8913.
8921.
8929.
8934.
8941.
8945.
8952.
8958.
8964.
8969.
8974.
8980.
8985.
8991.
8996.
9000.
9006.
9010.
9014.
9019.
9022.
9026.
9030.
9036.
9039.
9043.
9046.
9049.
9053.
9056.
9059.
9063.
9064.
9067.
9070.
9071.
9074.
9075.
9076.
9079.
9080.
9082.
9082.
9084.
9084.
9083.
9084.
9085.
9086.
9085.
9084.
9084.
9084.
9084.
9082.
9080.
9079.
9078.
9076.
9074.
9072.
9070.
9068.
9065.
9063.
9060.
9056.
9054.
9052.
9048.
9044.
9040.
9035.
9032.
9026.
9021.
9018.
9014.
9008.
9002.
8996.
8989.
8985.
8977.
8970.
8964.
8957.
8950.
8943.
8936.
8927.
8918.
8910.
8901.
8891.
8883.
8874.
8864.
8853.
8844.
8833.
8823.
8812.
8801.
8790.
8779.
8767.
8754.
8742.
8730.
8717.
8705.
8692.
8680.
8666.
8652.
8640.
8626.
8612.
8597.
8584.
8570.
8557.
8542.
8527.
8513.
8498.
8482.
8467.
8454.
8439.
8423.
8408.
8392.
8378.
8362.
8346.
8331.
8317.
8301.
8285.
8270.
8255.
8239.
8224.
8209.
8193.
8179.
8164.
8147.
8132.
8118.
8104.
8089.
8075.
8059.
8044.
8029.
8015.
8000.
7986.
7972.
7957.
7941.
7928.
7915.
7901.
7886.
7872.
7856.
7842.
7829.
7815.
7801.
7788.
7774.
7761.
7749.
7735.
7722.
7709.
7697.
7684.
7672.
7659.
7647.
7637.
7625.
7614.
7602.
7591.
7580.
7569.
7561.
7550.
7540.
7531.
7521.
7511.
7501.
7492.
7483.
7474.
7466.
7458.
7450.
7441.
7433.
7425.
7417.
7409.
7401.
7393.
7387.
7379.
7372.
7365.
7358.
7350.
7344.
7339.
7333.
7326.
7321.
7314.
7310.
7303.
7298.
7293.
7287.
7282.
7277.
7273.
7270.
7265.
7260.
7255.
7251.
7247.
7245.
7241.
7236.
7234.
7229.
7224.
7221.
7218.
7215.
7213.
7210.
7207.
7204.
7201.
7199.
7196.
7194.
7191.
7190.
7188.
7186.
7183.
7182.
7182.
7178.
7177.
7175.
7174.
7172.
7170.
7169.
7168.
7166.
7165.
7164.
7163.
7162.
7161.
7161.
7160.
7158.
7156.
7155.
7154.
7153.
7151.
7152.
7150.
7149.
7148.
7148.
7146.
7146.
7146.
7144.
7144.
7141.
7142.
7141.
7142.
7141.
7142.
7143.
7142.
7140.
7141.
7142.
7143.
7145.
7144.
7146.
7147.
7149.
7150.
7154.
7155.
7156.
7160.
7162.
7165.
7168.
7172.
7176.
7180.
7185.
7187.
7194.
7199.
7203.
7210.
7215.
7221.
7227.
7232.
7239.
7247.
7255.
7261.
7268.
7277.
7286.
7294.
7302.
7311.
7322.
7331.
7341.
7351.
7360.
7372.
7382.
7392.
7401.
7415.
7428.
7440.
7450.
7464.
7475.
7489.
7498.
7513.
7528.
7538.
7552.
7564.
7582.
7593.
7608.
7623.
7639.
7651.
7666.
7679.
7697.
7711.
7726.
7741.
7758.
7774.
7789.
7804.
7821.
7836.
7852.
7868.
7883.
7901.
7918.
7935.
7949.
7966.
7983.
8000.
8016.
8032.
8050.
8066.
8083.
8098.
8116.
8134.
8149.
8166.
8182.
8198.
8216.
8232.
8247.
8262.
8277.
8294.
8311.
8325.
8340.
8356.
8372.
8386.
8404.
8418.
8431.
8443.
8462.
8475.
8487.
8503.
8519.
8532.
8544.
8558.
8575.
8586.
8597.
8613.
8628.
8640.
8652.
8664.
8677.
8691.
8701.
8716.
8730.
8740.
8749.
8762.
8775.
8786.
8797.
8808.
8819.
8829.
8838.
8848.
8859.
8868.
8877.
8886.
8895.
8904.
8912.
8920.
8928.
8936.
8945.
8952.
8958.
8965.
8973.
8979.
8986.
8992.
9000.
9006.
9012.
9016.
9021.
9026.
9032.
9036.
9041.
9045.
9049.
9052.
9056.
9060.
9061.
9066.
9070.
9072.
9074.
9076.
9078.
9082.
9083.
9085.
9086.
9086.
9089.
9088.
9090.
9091.
9089.
9091.
9090.
9090.
9089.
9089.
9087.
9086.
9085.
9084.
9082.
9081.
9078.
9076.
9074.
9070.
9067.
9065.
9061.
9059.
9053.
9048.
9045.
9042.
9037.
9033.
9028.
9024.
9020.
9015.
9010.
9004.
8998.
8994.
8988.
8982.
8975.
8969.
8963.
8957.
8951.
8943.
8937.
8930.
8922.
8914.
8906.
8899.
8892.
8883.
8875.
8866.
8858.
8848.
8838.
8830.
8821.
8811.
8800.
8790.
8781.
8770.
8759.
8750.
8738.
8726.
8715.
8707.
8694.
8682.
8672.
8660.
8648.
8636.
8624.
8612.
8601.
8587.
8576.
8564.
8552.
8539.
8524.
8513.
8500.
8488.
8473.
8460.
8447.
8434.
8420.
8407.
8393.
8379.
8366.
8352.
8337.
8322.
8307.
8293.
8280.
8264.
8249.
8235.
8220.
8206.
8191.
8177.
8161.
8146.
8131.
8116.
8102.
8086.
8070.
8056.
8040.
8024.
8009.
7995.
7980.
7965.
7949.
7933.
7919.
7904.
7889.
7873.
7858.
7843.
7827.
7813.
7798.
7782.
7766.
7753.
7738.
7724.
7707.
7693.
7678.
7664.
7649.
7635.
7622.
7608.
7593.
7580.
7566.
7552.
7538.
7525.
7513.
7499.
7487.
7474.
7462.
7449.
7437.
7426.
7414.
7404.
7392.
7382.
7372.
7361.
7351.
7340.
7331.
7321.
7312.
7302.
7294.
7286.
7278.
7270.
7263.
7255.
7248.
7240.
7235.
7228.
7223.
7217.
7211.
7206.
7201.
7196.
7191.
7188.
7184.
7181.
7181.
7176.
7173.
7171.
7169.
7167.
7165.
7165.
7165.
7164.
7163.
7165.
7164.
7166.
7166.
7167.
7168.
7170.
7173.
7175.
7176.
7179.
7182.
7186.
7188.
7193.
7197.
7200.
7204.
7208.
7212.
7217.
7222.
7228.
7233.
7239.
7245.
7251.
7256.
7263.
7270.
7277.
7284.
7292.
7299.
7306.
7314.
7322.
7329.
7338.
7346.
7354.
7363.
7371.
7380.
7390.
7398.
7407.
7417.
7427.
7436.
7446.
7456.
7466.
7476.
7485.
7492.
7506.
7517.
7527.
7539.
7549.
7560.
7570.
7580.
7589.
7606.
7616.
7626.
7637.
7649.
7660.
7669.
7683.
7695.
7707.
7719.
7729.
7742.
7752.
7761.
7776.
7788.
7801.
7809.
7823.
7834.
7848.
7856.
7867.
7882.
7891.
7902.
7913.
7928.
7940.
7950.
7961.
7975.
7985.
7994.
8009.
8020.
8032.
8042.
8054.
8066.
8078.
8088.
8098.
8110.
8120.
8131.
8142.
8152.
8163.
8173.
8184.
8193.
8203.
8212.
8222.
8232.
8242.
8252.
8259.
8268.
8277.
8287.
8296.
8305.
8314.
8323.
8333.
8341.
8350.
8358.
8367.
8376.
8383.
8392.
8401.
8409.
8415.
8423.
8432.
8440.
8448.
8453.
8461.
8469.
8475.
8483.
8491.
8498.
8505.
8511.
8519.
8526.
8532.
8540.
8545.
8553.
8559.
8567.
8573.
8580.
8586.
8593.
8600.
8606.
8611.
8619.
8625.
8631.
8636.
8644.
8649.
8656.
8662.
8669.
8675.
8682.
8687.
8693.
8701.
8705.
8712.
8717.
8725.
8731.
8735.
8741.
8749.
8754.
8760.
8765.
8771.
8778.
8783.
8789.
8795.
8801.
8806.
8810.
8817.
8822.
8828.
8832.
8838.
8844.
8849.
8853.
8858.
8864.
8867.
8872.
8877.
8883.
8887.
8892.
8896.
8901.
8906.
8909.
8913.
8917.
8922.
8926.
8930.
8934.
8936.
8940.
8945.
8949.
8951.
8955.
8957.
8960.
8962.
8965.
8967.
8970.
8972.
8974.
8977.
8978.
8980.
8982.
8983.
8983.
8986.
8987.
8987.
8988.
8989.
8989.
8989.
8990.
8989.
8989.
8989.
8988.
8988.
8988.
8987.
8984.
8983.
8982.
8981.
8977.
8976.
8973.
8972.
8969.
8967.
8966.
8963.
8960.
8957.
8954.
8951.
8948.
8945.
8942.
8938.
8935.
8930.
8925.
8921.
8915.
8911.
8908.
8903.
8898.
8892.
8887.
8881.
8875.
8868.
8863.
8857.
8851.
8843.
8836.
8829.
8823.
8817.
8808.
8800.
8792.
8785.
8776.
8768.
8760.
8751.
8743.
8734.
8726.
8716.
8706.
8698.
8688.
8678.
8668.
8659.
8650.
8640.
8630.
8620.
8609.
8599.
8588.
8578.
8568.
8557.
8546.
8536.
8525.
8514.
8503.
8491.
8480.
8469.
8457.
8446.
8435.
8423.
8412.
8400.
8389.
8376.
8365.
8353.
8342.
8331.
8319.
8305.
8293.
8283.
8271.
8259.
8247.
8233.
8223.
8211.
8198.
8187.
8174.
8163.
8151.
8138.
8126.
8115.
8103.
8090.
8079.
8066.
8053.
8041.
8028.
8017.
8004.
7992.
7979.
7968.
7956.
7942.
7930.
7918.
7906.
7893.
7881.
7870.
7857.
7846.
7833.
7821.
7808.
7795.
7784.
7772.
7760.
7749.
7736.
7725.
7713.
7701.
7691.
7681.
7669.
7657.
7645.
7634.
7622.
7613.
7601.
7589.
7580.
7568.
7557.
7547.
7536.
7526.
7516.
7506.
7497.
7486.
7476.
7468.
7458.
7448.
7438.
7428.
7419.
7410.
7401.
7393.
7383.
7375.
7367.
7357.
7349.
7340.
7333.
7326.
7318.
7308.
7302.
7294.
7287.
7280.
7273.
7266.
7260.
7254.
7247.
7241.
7234.
7229.
7223.
7216.
7211.
7206.
7202.
7197.
7192.
7188.
7183.
7179.
7174.
7171.
7167.
7164.
7159.
7155.
7152.
7150.
7147.
7143.
7141.
7140.
7136.
7134.
7133.
7131.
7128.
7128.
7125.
7125.
7123.
7122.
7121.
7120.
7120.
7120.
7117.
7119.
7118.
7117.
7118.
7117.
7117.
7117.
7117.
7118.
7119.
7120.
7120.
7120.
7123.
7124.
7125.
7126.
7127.
7128.
7129.
7132.
7135.
7136.
7140.
7142.
7144.
7145.
7148.
7152.
7155.
7158.
7161.
7163.
7167.
7172.
7174.
7177.
7183.
7187.
7191.
7196.
7200.
7204.
7208.
7214.
7219.
7225.
7231.
7236.
7243.
7248.
7254.
7262.
7268.
7275.
7282.
7289.
7296.
7303.
7311.
7319.
7327.
7335.
7344.
7352.
7360.
7369.
7378.
7388.
7398.
7408.
7416.
7426.
7436.
7447.
7457.
7469.
7479.
7490.
7498.
7511.
7523.
7535.
7546.
7557.
7571.
7582.
7592.
7606.
7620.
7633.
7645.
7657.
7671.
7684.
7694.
7710.
7724.
7738.
7749.
7765.
7779.
7793.
7804.
7821.
7837.
7849.
7861.
7875.
7889.
7904.
7917.
7932.
7949.
7962.
7975.
7990.
8005.
8019.
8031.
8045.
8063.
8074.
8089.
8104.
8118.
8134.
8144.
8159.
8176.
8189.
8202.
8215.
8230.
8244.
8256.
8271.
8286.
8301.
8311.
8325.
8339.
8354.
8363.
8377.
8392.
8403.
8413.
8428.
8440.
8452.
8460.
8474.
8487.
8497.
8507.
8519.
8528.
8541.
8549.
8557.
8568.
8578.
8586.
8595.
8603.
8612.
8620.
8629.
8636.
8643.
8650.
8657.
8666.
8672.
8679.
8685.
8691.
8697.
8703.
8708.
8714.
8720.
8724.
8730.
8736.
8740.
8744.
8748.
8752.
8755.
8759.
8762.
8766.
8767.
8771.
8773.
8776.
8779.
8779.
8781.
8783.
8786.
8787.
8788.
8790.
8791.
8792.
8792.
8794.
8793.
8792.
8794.
8793.
8793.
8792.
8793.
8793.
8791.
8790.
8789.
8788.
8787.
8786.
8786.
8784.
8782.
8781.
8780.
8778.
8776.
8775.
8773.
8771.
8770.
8768.
8767.
8764.
8762.
8761.
8761.
8759.
8757.
8755.
8753.
8751.
8751.
8748.
8746.
8745.
8741.
8740.
8738.
8736.
8734.
8732.
8731.
8729.
8728.
8725.
8724.
8720.
8719.
8716.
8716.
8713.
8710.
8706.
8706.
8702.
8700.
8699.
8697.
8693.
8691.
8689.
8685.
8682.
8679.
8676.
8672.
8668.
8666.
8663.
8658.
8655.
8650.
8646.
8642.
8638.
8632.
8628.
8623.
8617.
8613.
8606.
8602.
8596.
8589.
8584.
8578.
8572.
8564.
8557.
8551.
8542.
8536.
8528.
8521.
8513.
8506.
8497.
8489.
8481.
8472.
8463.
8455.
8446.
8436.
8425.
8415.
8407.
8397.
8386.
8377.
8368.
8356.
8348.
8337.
8326.
8315.
8304.
8293.
8282.
8271.
8261.
8250.
8238.
8228.
8216.
8204.
8194.
8182.
8171.
8160.
8148.
8136.
8125.
8114.
8101.
8090.
8079.
8066.
8056.
8041.
8029.
8017.
8006.
7993.
7981.
7968.
7956.
7943.
7932.
7919.
7906.
7894.
7883.
7869.
7856.
7843.
7832.
7819.
7807.
7793.
7782.
7769.
7757.
7744.
7731.
7720.
7708.
7694.
7682.
7671.
7659.
7646.
7635.
7624.
7613.
7601.
7589.
7577.
7567.
7557.
7544.
7534.
7525.
7514.
7504.
7495.
7486.
7475.
7465.
7456.
7448.
7438.
7430.
7423.
7413.
7405.
7397.
7390.
7382.
7374.
7368.
7361.
7353.
7348.
7339.
7336.
7330.
7324.
7319.
7312.
7306.
7302.
7298.
7295.
7290.
7287.
7284.
7279.
7275.
7274.
7270.
7267.
7265.
7262.
7260.
7257.
7255.
7255.
7252.
7252.
7251.
7249.
7248.
7249.
7250.
7249.
7248.
7248.
7248.
7249.
7250.
7251.
7252.
7254.
7255.
7255.
7256.
7258.
7260.
7263.
7264.
7266.
7269.
7272.
7273.
7275.
7278.
7282.
7284.
7288.
7290.
7293.
7298.
7301.
7305.
7309.
7312.
7315.
7321.
7325.
7328.
7334.
7340.
7343.
7349.
7354.
7357.
7362.
7368.
7375.
7379.
7385.
7392.
7396.
7401.
7407.
7413.
7420.
7425.
7432.
7440.
7444.
7452.
7458.
7465.
7470.
7476.
7484.
7490.
7497.
7504.
7510.
7519.
7526.
7532.
7540.
7548.
7554.
7562.
7569.
7578.
7586.
7594.
7600.
7608.
7618.
7624.
7633.
7640.
7650.
7658.
7666.
7674.
7684.
7690.
7700.
7707.
7717.
7726.
7733.
7742.
7750.
7759.
7769.
7778.
7788.
7797.
7805.
7815.
7823.
7832.
7843.
7852.
7860.
7870.
7881.
7890.
7899.
7910.
7920.
7929.
7939.
7949.
7960.
7970.
7979.
7990.
7999.
8011.
8020.
8029.
8039.
8050.
8060.
8072.
8081.
8091.
8100.
8111.
8121.
8132.
8143.
8152.
8162.
8174.
8183.
8193.
8202.
8213.
8223.
8233.
8243.
8254.
8263.
8273.
8284.
8293.
8302.
8312.
8322.
8332.
8341.
8351.
8362.
8372.
8382.
8391.
8402.
8410.
8420.
8429.
8438.
8448.
8458.
8467.
8478.
8486.
8497.
8506.
8515.
8526.
8536.
8544.
8555.
8563.
8573.
8582.
8591.
8600.
8611.
8619.
8629.
8637.
8646.
8656.
8665.
8675.
8684.
8693.
8702.
8711.
8719.
8728.
8737.
8746.
8753.
8761.
8768.
8778.
8786.
8793.
8802.
8810.
8818.
8824.
8833.
8841.
8848.
8855.
8863.
8871.
8878.
8885.
8893.
8901.
8907.
8914.
8921.
8927.
8935.
8940.
8946.
8952.
8958.
8965.
8970.
8976.
8981.
8986.
8989.
8995.
9000.
9005.
9009.
9013.
9018.
9021.
9025.
9028.
9032.
9035.
9037.
9041.
9043.
9045.
9048.
9049.
9053.
9053.
9055.
9057.
9058.
9059.
9061.
9061.
9061.
9062.
9062.
9061.
9060.
9060.
9059.
9058.
9057.
9057.
9055.
9055.
9052.
9051.
9049.
9046.
9043.
9041.
9040.
9037.
9033.
9029.
9026.
9024.
9020.
9015.
9013.
9007.
9004.
9000.
8995.
8990.
8985.
8979.
8974.
8968.
8963.
8958.
8952.
8945.
8937.
8931.
8925.
8917.
8910.
8903.
8894.
8887.
8879.
8871.
8861.
8853.
8844.
8835.
8826.
8818.
8808.
8799.
8790.
8780.
8770.
8759.
8749.
8740.
8730.
8720.
8711.
8701.
8690.
8679.
8669.
8659.
8648.
8638.
8626.
8615.
8606.
8595.
8583.
8572.
8561.
8550.
8539.
8527.
8516.
8505.
8494.
8481.
8469.
8458.
8446.
8435.
8423.
8410.
8399.
8387.
8375.
8362.
8350.
8338.
8325.
8314.
8302.
8289.
8278.
8265.
8254.
8241.
8229.
8218.
8206.
8195.
8183.
8172.
8159.
8146.
8136.
8125.
8113.
8101.
8091.
8080.
8068.
8057.
8045.
8034.
8023.
8012.
8001.
7991.
7979.
7969.
7957.
7945.
7935.
7925.
7913.
7903.
7893.
7882.
7871.
7859.
7850.
7840.
7829.
7820.
7809.
7799.
7789.
7779.
7769.
7759.
7750.
7740.
7730.
7722.
7712.
7703.
7694.
7686.
7676.
7667.
7657.
7649.
7640.
7632.
7624.
7614.
7607.
7598.
7590.
7582.
7573.
7565.
7558.
7550.
7542.
7534.
7527.
7520.
7510.
7504.
7498.
7490.
7483.
7475.
7469.
7463.
7456.
7448.
7442.
7436.
7430.
7423.
7418.
7412.
7406.
7400.
7394.
7390.
7384.
7379.
7373.
7368.
7364.
7359.
7355.
7351.
7346.
7340.
7338.
7334.
7330.
7326.
7322.
7320.
7317.
7312.
7309.
7305.
7302.
7299.
7297.
7293.
7291.
7291.
7287.
7284.
7281.
7281.
7278.
7275.
7274.
7273.
7272.
7271.
7269.
7268.
7267.
7267.
7266.
7266.
7267.
7266.
7266.
7266.
7267.
7268.
7268.
7268.
7269.
7271.
7274.
7275.
7276.
7278.
7280.
7283.
7284.
7286.
7289.
7289.
7292.
7296.
7298.
7301.
7304.
7306.
7310.
7313.
7317.
7321.
7324.
7326.
7331.
7336.
7341.
7345.
7349.
7352.
7356.
7363.
7368.
7374.
7378.
7383.
7389.
7395.
7401.
7406.
7412.
7419.
7425.
7430.
7438.
7443.
7449.
7456.
7462.
7469.
7477.
7484.
7491.
7498.
7505.
7513.
7521.
7528.
7535.
7544.
7550.
7558.
7567.
7574.
7582.
7590.
7599.
7607.
7614.
7623.
7632.
7640.
7649.
7657.
7666.
7675.
7685.
7694.
7703.
7712.
7721.
7731.
7741.
7751.
7760.
7769.
7779.
7790.
7800.
7810.
7821.
7831.
7841.
7851.
7862.
7871.
7880.
7893.
7903.
7912.
7923.
7937.
7947.
7959.
7970.
7981.
7991.
8001.
8014.
8026.
8037.
8048.
8059.
8071.
8082.
8092.
8105.
8115.
8128.
8138.
8148.
8159.
8171.
8180.
8190.
8206.
8215.
8223.
8237.
8249.
8260.
8268.
8280.
8293.
8305.
8316.
8328.
8338.
8349.
8359.
8372.
8382.
8391.
8403.
8413.
8425.
8435.
8445.
8455.
8467.
8477.
8486.
8497.
8507.
8517.
8526.
8536.
8547.
8555.
8566.
8577.
8586.
8595.
8605.
8615.
8624.
8633.
8642.
8652.
8662.
8670.
8679.
8688.
8697.
8704.
8715.
8724.
8732.
8740.
8747.
8756.
8763.
8772.
8780.
8789.
8797.
8803.
8810.
8819.
8825.
8834.
8839.
8846.
8853.
8861.
8866.
8872.
8878.
8884.
8890.
8896.
8903.
8907.
8912.
8919.
8925.
8930.
8935.
8939.
8943.
8949.
8954.
8957.
8961.
8965.
8969.
8972.
8975.
8979.
8982.
8985.
8987.
8990.
8993.
8994.
8997.
9000.
9001.
9002.
9004.
9005.
9006.
9007.
9009.
9008.
9007.
9008.
9009.
9009.
9007.
9008.
9008.
9007.
9006.
9005.
9004.
9001.
8999.
8998.
8997.
8996.
8994.
8991.
8988.
8986.
8983.
8982.
8978.
8975.
8971.
8967.
8965.
8961.
8959.
8955.
8949.
8947.
8940.
8936.
8932.
8927.
8922.
8917.
8911.
8906.
8898.
8893.
8887.
8881.
8875.
8867.
8860.
8853.
8847.
8840.
8832.
8823.
8815.
8807.
8798.
8789.
8779.
8772.
8763.
8753.
8744.
8734.
8726.
8714.
8705.
8695.
8685.
8674.
8663.
8653.
8643.
8631.
8621.
8611.
8601.
8588.
8577.
8567.
8556.
8545.
8533.
8523.
8511.
8501.
8489.
8478.
8467.
8455.
8442.
8432.
8421.
8409.
8397.
8387.
8375.
8362.
8350.
8338.
8326.
8313.
8302.
8288.
8277.
8265.
8254.
8242.
8229.
8217.
8205.
8193.
8182.
8169.
8158.
8146.
8136.
8125.
8114.
8102.
8092.
8081.
8071.
8061.
8051.
8041.
8031.
8022.
8013.
8003.
7993.
7985.
7977.
7968.
7959.
7950.
7943.
7937.
7926.
7918.
7910.
7903.
7894.
7888.
7880.
7873.
7864.
7858.
7851.
7843.
7835.
7828.
7821.
7814.
7808.
7802.
7796.
7788.
7782.
7775.
7767.
7761.
7754.
7747.
7740.
7734.
7729.
7721.
7715.
7707.
7702.
7696.
7690.
7684.
7678.
7671.
7665.
7658.
7652.
7646.
7639.
7633.
7626.
7621.
7615.
7609.
7603.
7596.
7590.
7584.
7579.
7573.
7567.
7562.
7555.
7550.
7544.
7538.
7534.
7528.
7523.
7518.
7513.
7507.
7501.
7498.
7491.
7485.
7481.
7477.
7472.
7469.
7463.
7459.
7454.
7450.
7446.
7441.
7437.
7433.
7429.
7425.
7421.
7417.
7413.
7410.
7406.
7402.
7399.
7395.
7390.
7385.
7382.
7379.
7376.
7372.
7370.
7367.
7364.
7362.
7358.
7354.
7352.
7348.
7345.
7342.
7341.
7336.
7335.
7332.
7329.
7328.
7324.
7321.
7319.
7319.
7317.
7315.
7314.
7312.
7312.
7310.
7308.
7307.
7307.
7306.
7306.
7305.
7306.
7306.
7307.
7307.
7306.
7307.
7308.
7311.
7312.
7312.
7314.
7315.
7318.
7321.
7322.
7325.
7328.
7332.
7334.
7337.
7341.
7345.
7348.
7353.
7357.
7361.
7365.
7370.
7374.
7379.
7383.
7388.
7395.
7400.
7407.
7412.
7418.
7423.
7429.
7436.
7443.
7450.
7455.
7462.
7470.
7478.
7486.
7493.
7500.
7507.
7516.
7524.
7531.
7539.
7548.
7556.
7565.
7573.
7582.
7589.
7600.
7608.
7617.
7626.
7635.
7645.
7654.
7662.
7671.
7681.
7691.
7700.
7710.
7720.
7730.
7740.
7749.
7759.
7769.
7779.
7789.
7800.
7811.
7821.
7830.
7840.
7848.
7861.
7873.
7884.
7892.
7903.
7916.
7927.
7938.
7949.
7961.
7971.
7979.
7993.
8004.
8014.
8026.
8036.
8049.
8058.
8067.
8079.
8090.
8099.
8108.
8119.
8130.
8142.
8152.
8163.
8173.
8183.
8194.
8206.
8216.
8227.
8236.
8247.
8257.
8267.
8277.
8289.
8298.
8309.
8319.
8329.
8339.
8349.
8358.
8369.
8379.
8388.
8397.
8407.
8416.
8424.
8435.
8444.
8453.
8461.
8471.
8479.
8490.
8498.
8506.
8514.
8523.
8531.
8540.
8547.
8556.
8563.
8572.
8579.
8588.
8594.
8603.
8610.
8618.
8626.
8634.
8641.
8649.
8656.
8662.
8669.
8677.
8685.
8692.
8700.
8706.
8712.
8719.
8727.
8733.
8739.
8744.
8751.
8757.
8762.
8768.
8774.
8778.
8785.
8790.
8796.
8801.
8805.
8810.
8815.
8820.
8825.
8828.
8833.
8839.
8843.
8848.
8853.
8856.
8860.
8865.
8869.
8873.
8876.
8881.
8884.
8887.
8891.
8894.
8899.
8903.
8906.
8908.
8911.
8915.
8918.
8920.
8922.
8924.
8929.
8929.
8932.
8935.
8936.
8938.
8941.
8942.
8944.
8947.
8949.
8950.
8950.
8952.
8953.
8954.
8955.
8956.
8958.
8958.
8958.
8960.
8961.
8960.
8962.
8961.
8961.
8960.
8961.
8961.
8960.
8961.
8960.
8960.
8959.
8958.
8958.
8958.
8958.
8956.
8955.
8954.
8954.
8954.
8951.
8950.
8949.
8948.
8946.
8945.
8944.
8942.
8940.
8939.
8938.
8935.
8935.
8933.
8930.
8928.
8926.
8924.
8921.
8919.
8915.
8914.
8914.
8910.
8907.
8904.
8901.
8899.
8896.
8891.
8888.
8885.
8883.
8879.
8875.
8872.
8867.
8864.
8861.
8856.
8851.
8847.
8843.
8840.
8834.
8829.
8824.
8819.
8813.
8807.
8802.
8795.
8790.
8784.
8778.
8771.
8764.
8758.
8751.
8744.
8735.
8729.
8722.
8714.
8705.
8697.
8688.
8680.
8672.
8664.
8653.
8644.
8635.
8626.
8617.
8608.
8597.
8589.
8577.
8567.
8558.
8548.
8538.
8527.
8518.
8507.
8496.
8486.
8474.
8465.
8454.
8443.
8432.
8422.
8409.
8399.
8387.
8376.
8366.
8354.
8343.
8331.
8320.
8309.
8296.
8285.
8274.
8261.
8249.
8238.
8226.
8213.
8201.
8189.
8178.
8165.
8154.
8141.
8130.
8118.
8107.
8096.
8084.
8073.
8062.
8051.
8041.
8030.
8021.
8009.
7998.
7989.
7978.
7968.
7959.
7948.
7938.
7929.
7920.
7909.
7900.
7890.
7881.
7872.
7863.
7853.
7843.
7835.
7827.
7818.
7808.
7800.
7791.
7782.
7774.
7765.
7757.
7748.
7741.
7734.
7725.
7717.
7709.
7702.
7695.
7686.
7679.
7673.
7667.
7659.
7653.
7647.
7640.
7635.
7629.
7623.
7617.
7613.
7605.
7601.
7597.
7592.
7586.
7583.
7576.
7570.
7566.
7562.
7559.
7554.
7550.
7546.
7543.
7539.
7533.
7530.
7527.
7523.
7520.
7515.
7511.
7508.
7505.
7502.
7500.
7496.
7494.
7489.
7487.
7482.
7480.
7477.
7475.
7472.
7470.
7467.
7465.
7462.
7460.
7457.
7456.
7451.
7451.
7448.
7446.
7445.
7443.
7440.
7440.
7438.
7438.
7436.
7434.
7433.
7432.
7431.
7429.
7430.
7429.
7429.
7427.
7427.
7427.
7427.
7427.
7427.
7427.
7426.
7427.
7427.
7428.
7429.
7429.
7430.
7432.
7433.
7434.
7436.
7438.
7439.
7441.
7442.
7444.
7447.
7450.
7452.
7456.
7457.
7461.
7464.
7468.
7470.
7473.
7477.
7482.
7486.
7490.
7493.
7498.
7503.
7508.
7513.
7518.
7524.
7528.
7533.
7540.
7546.
7552.
7558.
7564.
7570.
7576.
7583.
7590.
7597.
7604.
7611.
7618.
7627.
7634.
7643.
7650.
7657.
7666.
7674.
7683.
7691.
7700.
7709.
7718.
7727.
7737.
7745.
7755.
7765.
7774.
7785.
7794.
7804.
7814.
7822.
7833.
7846.
7856.
7864.
7877.
7888.
7899.
7910.
7921.
7933.
7944.
7954.
7964.
7978.
7988.
7998.
8009.
8025.
8037.
8048.
8058.
8073.
8084.
8093.
8108.
8121.
8135.
8145.
8157.
8172.
8182.
8194.
8205.
8221.
8232.
8240.
8255.
8269.
8279.
8290.
8304.
8318.
8330.
8338.
8351.
8364.
8376.
8385.
8399.
8412.
8424.
8435.
8446.
8458.
8469.
8478.
8492.
8504.
8516.
8525.
8535.
8547.
8557.
8567.
8577.
8588.
8598.
8607.
8617.
8628.
8636.
8646.
8654.
8662.
8671.
8680.
8690.
8698.
8705.
8714.
8722.
8730.
8737.
8745.
8752.
8759.
8767.
8773.
8780.
8787.
8793.
8798.
8806.
8812.
8816.
8822.
8827.
8833.
8837.
8842.
8847.
8851.
8856.
8860.
8865.
8868.
8873.
8877.
8880.
8884.
8887.
8890.
8894.
8898.
8901.
8904.
8906.
8910.
8912.
8915.
8916.
8919.
8922.
8924.
8926.
8928.
8929.
8931.
8933.
8934.
8936.
8938.
8939.
8941.
8941.
8943.
8944.
8946.
8946.
8948.
8948.
8948.
8950.
8949.
8951.
8951.
8952.
8952.
8952.
8952.
8953.
8952.
8952.
8952.
8953.
8952.
8951.
8951.
8951.
8950.
8950.
8949.
8948.
8947.
8946.
8945.
8944.
8943.
8941.
8941.
8940.
8939.
8937.
8936.
8935.
8933.
8932.
8931.
8929.
8926.
8925.
8924.
8922.
8919.
8918.
8917.
8914.
8911.
8910.
8908.
8906.
8902.
8901.
8899.
8895.
8892.
8889.
8886.
8884.
8879.
8878.
8874.
8870.
8868.
8863.
8860.
8854.
8849.
8845.
8842.
8837.
8831.
8827.
8821.
8816.
8811.
8804.
8799.
8793.
8785.
8779.
8773.
8766.
8759.
8753.
8744.
8737.
8730.
8722.
8714.
8704.
8697.
8686.
8678.
8668.
8661.
8653.
8643.
8633.
8623.
8613.
8602.
8591.
8582.
8572.
8560.
8551.
8540.
8528.
8516.
8505.
8493.
8482.
8470.
8458.
8447.
8434.
8422.
8410.
8398.
8385.
8373.
8359.
8346.
8334.
8321.
8307.
8294.
8281.
8268.
8254.
8241.
8228.
8214.
8200.
8186.
8173.
8161.
8145.
8130.
8117.
8103.
8091.
8076.
8062.
8047.
8033.
8019.
8004.
7992.
7977.
7963.
7949.
7935.
7920.
7908.
7893.
7879.
7865.
7851.
7838.
7823.
7810.
7797.
7783.
7769.
7756.
7743.
7730.
7717.
7704.
7691.
7679.
7666.
7653.
7641.
7629.
7616.
7605.
7591.
7580.
7570.
7557.
7546.
7535.
7525.
7513.
7501.
7492.
7481.
7471.
7461.
7452.
7442.
7432.
7424.
7415.
7406.
7398.
7389.
7381.
7374.
7366.
7359.
7351.
7343.
7337.
7331.
7324.
7318.
7313.
7307.
7303.
7297.
7293.
7288.
7284.
7279.
7275.
7270.
7268.
7265.
7261.
7259.
7259.
7254.
7252.
7250.
7248.
7248.
7245.
7244.
7243.
7242.
7241.
7241.
7242.
7242.
7242.
7243.
7242.
7244.
7245.
7245.
7245.
7247.
7250.
7251.
7252.
7255.
7256.
7258.
7260.
7263.
7266.
7268.
7270.
7272.
7276.
7279.
7281.
7286.
7290.
7293.
7295.
7298.
7303.
7309.
7313.
7315.
7319.
7325.
7330.
7334.
7338.
7342.
7347.
7352.
7355.
7361.
7366.
7372.
7377.
7382.
7389.
7394.
7401.
7407.
7412.
7419.
7425.
7430.
7439.
7446.
7452.
7458.
7466.
7474.
7480.
7488.
7496.
7504.
7511.
7518.
7527.
7536.
7545.
7553.
7561.
7571.
7579.
7589.
7598.
7607.
7618.
7625.
7636.
7646.
7656.
7666.
7675.
7687.
7697.
7707.
7718.
7730.
7740.
7752.
7762.
7774.
7786.
7796.
7808.
7820.
7833.
7841.
7853.
7869.
7880.
7890.
7905.
7919.
7931.
7941.
7957.
7970.
7983.
7993.
8009.
8024.
8035.
8047.
8062.
8077.
8088.
8100.
8114.
8130.
8141.
8154.
8168.
8184.
8196.
8207.
8221.
8237.
8250.
8261.
8275.
8291.
8302.
8315.
8327.
8343.
8355.
8365.
8380.
8395.
8408.
8418.
8433.
8448.
8461.
8471.
8485.
8500.
8512.
8521.
8536.
8551.
8562.
8575.
8585.
8598.
8610.
8622.
8633.
8645.
8656.
8666.
8675.
8688.
8700.
8710.
8719.
8730.
8739.
8750.
8760.
8768.
8778.
8788.
8796.
8807.
8814.
8823.
8832.
8841.
8849.
8857.
8865.
8873.
8881.
8889.
8895.
8904.
8911.
8918.
8923.
8930.
8936.
8943.
8949.
8954.
8959.
8964.
8970.
8974.
8980.
8984.
8988.
8991.
8995.
8999.
9003.
9006.
9009.
9011.
9015.
9018.
9020.
9021.
9023.
9024.
9025.
9027.
9028.
9029.
9029.
9030.
9030.
9030.
9030.
9029.
9029.
9028.
9027.
9026.
9025.
9024.
9023.
9021.
9019.
9017.
9015.
9013.
9011.
9007.
9005.
9002.
8998.
8996.
8994.
8989.
8986.
8983.
8979.
8976.
8973.
8968.
8964.
8959.
8955.
8951.
8947.
8941.
8937.
8932.
8928.
8921.
8916.
8911.
8906.
8901.
8893.
8888.
8881.
8874.
8868.
8861.
8854.
8848.
8841.
8833.
8825.
8818.
8811.
8803.
8795.
8787.
8779.
8771.
8762.
8753.
8744.
8736.
8726.
8717.
8708.
8699.
8687.
8677.
8670.
8659.
8648.
8639.
8630.
8619.
8608.
8597.
8587.
8577.
8566.
8555.
8545.
8534.
8523.
8511.
8499.
8488.
8476.
8466.
8454.
8443.
8432.
8418.
8406.
8396.
8383.
8372.
8360.
8347.
8335.
8322.
8310.
8298.
8286.
8272.
8260.
8247.
8236.
8223.
8209.
8197.
8185.
8172.
8160.
8146.
8134.
8121.
8107.
8096.
8083.
8068.
8056.
8044.
8031.
8020.
8007.
7994.
7981.
7969.
7956.
7943.
7931.
7919.
7905.
7893.
7881.
7868.
7858.
7847.
7833.
7821.
7809.
7797.
7784.
7773.
7763.
7750.
7739.
7727.
7716.
7704.
7693.
7681.
7671.
7659.
7648.
7637.
7626.
7614.
7604.
7592.
7582.
7572.
7561.
7551.
7540.
7531.
7521.
7510.
7500.
7491.
7482.
7472.
7464.
7455.
7445.
7436.
7428.
7418.
7410.
7401.
7393.
7384.
7376.
7368.
7360.
7353.
7344.
7338.
7330.
7323.
7316.
7309.
7302.
7295.
7288.
7281.
7275.
7268.
7263.
7257.
7250.
7243.
7238.
7234.
7228.
7223.
7217.
7212.
7206.
7201.
7197.
7193.
7187.
7183.
7180.
7174.
7170.
7168.
7164.
7159.
7156.
7153.
7150.
7147.
7144.
7141.
7137.
7136.
7134.
7131.
7130.
7126.
7125.
7124.
7122.
7120.
7120.
7120.
7119.
7117.
7117.
7117.
7117.
7117.
7117.
7118.
7117.
7118.
7119.
7121.
7121.
7122.
7124.
7127.
7127.
7130.
7132.
7135.
7137.
7139.
7142.
7145.
7148.
7151.
7155.
7159.
7161.
7165.
7168.
7173.
7177.
7182.
7186.
7190.
7195.
7200.
7206.
7210.
7215.
7222.
7226.
7232.
7238.
7245.
7250.
7257.
7264.
7270.
7277.
7284.
7293.
7300.
7306.
7313.
7322.
7330.
7339.
7346.
7354.
7363.
7372.
7381.
7389.
7398.
7407.
7415.
7424.
7434.
7443.
7452.
7463.
7472.
7482.
7490.
7500.
7507.
7520.
7532.
7541.
7552.
7562.
7573.
7583.
7594.
7605.
7616.
7626.
7636.
7650.
7661.
7673.
7684.
7696.
7708.
7720.
7731.
7744.
7756.
7766.
7776.
7791.
7804.
7815.
7824.
7839.
7853.
7865.
7874.
7889.
7902.
7916.
7925.
7936.
7951.
7962.
7974.
7985.
8001.
8011.
8023.
8034.
8050.
8061.
8072.
8084.
8099.
8110.
8119.
8134.
8146.
8159.
8167.
8179.
8194.
8206.
8216.
8226.
8241.
8254.
8264.
8275.
8288.
8297.
8306.
8320.
8332.
8345.
8354.
8365.
8377.
8387.
8399.
8409.
8421.
8430.
8441.
8451.
8464.
8473.
8483.
8493.
8504.
8515.
8525.
8534.
8545.
8554.
8565.
8573.
8583.
8592.
8601.
8611.
8620.
8629.
8639.
8649.
8658.
8666.
8676.
8685.
8694.
8701.
8709.
8718.
8728.
8736.
8744.
8752.
8760.
8767.
8775.
8783.
8790.
8798.
8806.
8812.
8820.
8827.
8833.
8840.
8847.
8853.
8860.
8866.
8872.
8878.
8883.
8889.
8894.
8899.
8905.
8911.
8916.
8921.
8926.
8932.
8935.
8939.
8942.
8946.
8951.
8954.
8958.
8962.
8966.
8968.
8971.
8974.
8976.
8981.
8982.
8984.
8986.
8988.
8989.
8991.
8993.
8995.
8995.
8997.
8998.
8998.
8999.
8999.
8999.
9001.
9000.
9000.
8999.
8998.
8998.
8996.
8996.
8997.
8995.
8994.
8991.
8989.
8987.
8986.
8985.
8981.
8979.
8977.
8974.
8971.
8968.
8965.
8963.
8960.
8955.
8954.
8948.
8944.
8942.
8938.
8933.
8928.
8924.
8918.
8911.
8907.
8902.
8896.
8891.
8886.
8879.
8872.
8866.
8858.
8851.
8844.
8838.
8829.
8822.
8815.
8807.
8798.
8788.
8780.
8771.
8762.
8752.
8744.
8734.
8723.
8714.
8704.
8693.
8684.
8672.
8661.
8650.
8639.
8628.
8616.
8604.
8592.
8580.
8568.
8556.
8545.
8533.
8520.
8506.
8495.
8481.
8468.
8457.
8443.
8431.
8417.
8405.
8392.
8378.
8366.
8351.
8338.
8324.
8312.
8298.
8285.
8272.
8258.
8244.
8231.
8218.
8203.
8190.
8177.
8164.
8151.
8138.
8125.
8113.
8098.
8085.
8073.
8060.
8047.
8035.
8022.
8010.
7997.
7985.
7972.
7961.
7949.
7935.
7925.
7912.
7900.
7889.
7877.
7864.
7851.
7841.
7828.
7817.
7805.
7793.
7781.
7770.
7759.
7747.
7737.
7726.
7715.
7704.
7694.
7682.
7672.
7661.
7651.
7641.
7630.
7620.
7610.
7600.
7589.
7580.
7570.
7561.
7552.
7542.
7533.
7523.
7514.
7505.
7496.
7487.
7479.
7470.
7462.
7455.
7446.
7437.
7430.
7422.
7414.
7406.
7398.
7391.
7385.
7377.
7370.
7362.
7356.
7349.
7342.
7337.
7331.
7324.
7319.
7312.
7307.
7300.
7295.
7291.
7285.
7280.
7276.
7270.
7266.
7262.
7255.
7251.
7249.
7244.
7240.
7236.
7234.
7228.
7226.
7221.
7218.
7217.
7212.
7209.
7208.
7205.
7202.
7199.
7196.
7194.
7192.
7190.
7188.
7185.
7185.
7183.
7181.
7180.
7179.
7177.
7176.
7176.
7174.
7174.
7173.
7173.
7173.
7171.
7172.
7173.
7173.
7173.
7174.
7175.
7176.
7175.
7177.
7178.
7180.
7182.
7183.
7185.
7187.
7189.
7191.
7193.
7196.
7199.
7201.
7204.
7207.
7211.
7214.
7217.
7221.
7224.
7229.
7232.
7238.
7241.
7246.
7251.
7256.
7261.
7266.
7271.
7278.
7284.
7288.
7294.
7302.
7307.
7314.
7321.
7325.
7332.
7339.
7345.