8020.
8020.
8020.
8021.
8021.
8020.
8019.
8020.
8021.
8021.
8021.
8021.
8021.
8021.
8020.
8020.
8020.
8021.
8021.
8021.
8021.
8020.
8021.
8022.
8022.
8022.
8021.
8021.
8021.
8022.
8021.
8022.
8022.
8022.
8022.
8022.
8023.
8022.
8023.
8021.
8022.
8022.
8022.
8023.
8024.
8024.
8023.
8024.
8024.
8022.
8022.
8023.
8024.
8022.
8023.
8023.
8023.
8024.
8023.
8024.
8024.
8023.
8024.
8023.
8025.
8025.
8024.
8024.
8024.
8023.
8024.
8022.
8025.
8023.
8021.
8022.
8023.
8022.
8022.
8022.
8024.
8022.
8023.
8025.
8025.
8025.
8025.
8026.
8026.
8026.
8024.
8025.
8026.
8026.
8026.
8027.
8026.
8026.
8025.
8025.
8027.
8025.
8025.
8026.
8026.
8026.
8026.
8025.
8025.
8025.
8025.
8025.
8025.
8024.
8023.
8025.
8026.
8025.
8025.
8024.
8026.
8025.
8025.
8025.
8025.
8026.
8026.
8025.
8025.
8026.
8025.
8026.
8026.
8026.
8025.
8025.
8025.
8025.
8024.
8025.
8025.
8025.
8025.
8025.
8023.
8024.
8024.
8023.
8025.
8024.
8023.
8024.
8022.
8022.
8022.
8022.
8022.
8021.
8021.
8021.
8021.
8021.
8022.
8020.
8021.
8021.
8022.
8023.
8025.
8025.
8025.
8025.
8026.
8024.
8024.
8024.
8023.
8022.
8021.
8022.
8024.
8023.
8022.
8023.
8023.
8023.
8023.
8024.
8023.
8023.
8022.
8023.
8023.
8022.
8022.
8023.
8023.
8023.
8022.
8023.
8024.
8024.
8025.
8024.
8024.
8024.
8024.
8024.
8025.
8024.
8025.
8025.
8024.
8024.
8025.
8025.
8025.
8024.
8023.
8025.
8026.
8023.
8025.
8025.
8026.
8026.
8025.
8025.
8025.
8026.
8026.
8026.
8027.
8026.
8026.
8025.
8025.
8025.
8024.
8024.
8025.
8025.
8023.
8024.
8025.
8024.
8025.
8026.
8025.
8025.
8025.
8025.
8026.
8027.
8025.
8026.
8027.
8026.
8026.
8027.
8026.
8026.
8026.
8027.
8028.
8027.
8027.
8026.
8027.
8027.
8027.
8025.
8027.
8027.
8026.
8026.
8026.
8026.
8026.
8027.
8028.
8026.
8027.
8028.
8028.
8029.
8029.
8029.
8031.
8031.
8031.
8031.
8031.
8030.
8031.
8032.
8032.
8033.
8033.
8033.
8034.
8033.
8034.
8033.
8033.
8034.
8034.
8035.
8035.
8035.
8036.
8036.
8036.
8036.
8035.
8035.
8037.
8037.
8037.
8036.
8037.
8037.
8038.
8037.
8038.
8040.
8040.
8038.
8041.
8040.
8040.
8041.
8042.
8042.
8040.
8041.
8042.
8042.
8044.
8041.
8043.
8043.
8044.
8043.
8045.
8046.
8046.
8045.
8046.
8046.
8048.
8047.
8047.
8047.
8047.
8048.
8048.
8049.
8050.
8049.
8049.
8048.
8049.
8048.
8051.
8049.
8048.
8047.
8048.
8048.
8050.
8048.
8049.
8047.
8047.
8049.
8049.
8046.
8047.
8046.
8047.
8046.
8045.
8045.
8046.
8045.
8044.
8043.
8043.
8044.
8043.
8041.
8042.
8042.
8042.
8042.
8044.
8042.
8042.
8043.
8043.
8042.
8041.
8039.
8038.
8037.
8038.
8037.
8036.
8035.
8036.
8035.
8036.
8035.
8035.
8035.
8036.
8035.
8036.
8035.
8037.
8037.
8035.
8037.
8036.
8036.
8035.
8037.
8037.
8036.
8038.
8038.
8038.
8037.
8037.
8038.
8039.
8039.
8040.
8040.
8040.
8039.
8039.
8040.
8041.
8041.
8040.
8041.
8041.
8040.
8041.
8040.
8040.
8040.
8041.
8041.
8041.
8041.
8039.
8039.
8041.
8041.
8041.
8040.
8040.
8040.
8037.
8038.
8039.
8038.
8037.
8035.
8037.
8035.
8035.
8036.
8035.
8034.
8034.
8034.
8033.
8033.
8032.
8031.
8031.
8030.
8027.
8025.
8022.
8019.
8018.
8015.
8012.
8008.
8004.
8001.
7999.
7997.
7994.
7993.
7991.
7991.
7988.
7989.
7991.
7990.
7991.
7993.
7996.
7997.
7999.
8000.
8002.
8004.
8005.
8006.
8007.
8007.
8007.
8008.
8010.
8010.
8013.
8014.
8015.
8015.
8016.
8017.
8019.
8019.
8019.
8021.
8021.
8022.
8021.
8021.
8024.
8023.
8024.
8025.
8026.
8024.
8026.
8025.
8026.
8026.
8026.
8026.
8028.
8028.
8027.
8027.
8028.
8027.
8028.
8028.
8029.
8028.
8029.
8028.
8029.
8029.
8029.
8029.
8031.
8030.
8030.
8031.
8030.
8030.
8030.
8030.
8031.
8031.
8031.
8029.
8029.
8028.
8028.
8028.
8028.
8028.
8027.
8029.
8031.
8032.
8033.
8034.
8034.
8033.
8033.
8032.
8033.
8033.
8032.
8032.
8033.
8032.
8032.
8032.
8034.
8034.
8034.
8034.
8035.
8035.
8036.
8035.
8035.
8036.
8038.
8039.
8039.
8037.
8038.
8039.
8041.
8039.
8039.
8039.
8040.
8041.
8040.
8040.
8042.
8041.
8041.
8041.
8041.
8041.
8043.
8042.
8043.
8042.
8043.
8042.
8042.
8042.
8043.
8042.
8043.
8041.
8042.
8042.
8042.
8042.
8042.
8043.
8043.
8042.
8042.
8043.
8044.
8044.
8043.
8043.
8043.
8043.
8043.
8044.
8044.
8044.
8043.
8043.
8043.
8043.
8043.
8042.
8043.
8043.
8043.
8043.
8043.
8042.
8041.
8040.
8040.
8037.
8035.
8034.
8035.
8033.
8032.
8033.
8031.
8031.
8033.
8034.
8035.
8034.
8032.
8034.
8035.
8036.
8035.
8036.
8037.
8036.
8035.
8036.
8036.
8038.
8035.
8035.
8037.
8037.
8038.
8038.
8038.
8038.
8037.
8037.
8039.
8037.
8037.
8037.
8039.
8038.
8037.
8038.
8039.
8038.
8038.
8037.
8038.
8039.
8038.
8037.
8038.
8037.
8036.
8037.
8038.
8038.
8037.
8037.
8038.
8039.
8037.
8038.
8038.
8037.
8036.
8037.
8038.
8037.
8036.
8036.
8037.
8035.
8036.
8036.
8036.
8036.
8036.
8035.
8035.
8035.
8034.
8034.
8036.
8034.
8034.
8034.
8034.
8033.
8033.
8032.
8032.
8033.
8033.
8033.
8031.
8031.
8031.
8032.
8032.
8029.
8029.
8030.
8029.
8029.
8027.
8030.
8030.
8029.
8030.
8029.
8029.
8027.
8029.
8028.
8028.
8027.
8027.
8026.
8026.
8026.
8025.
8024.
8027.
8024.
8023.
8024.
8025.
8022.
8022.
8022.
8023.
8022.
8021.
8020.
8021.
8020.
8020.
8019.
8019.
8018.
8019.
8018.
8020.
8018.
8017.
8016.
8015.
8015.
8015.
8014.
8015.
8015.
8012.
8013.
8014.
8013.
8013.
8014.
8013.
8013.
8014.
8013.
8014.
8014.
8014.
8014.
8015.
8015.
8014.
8014.
8015.
8014.
8014.
8015.
8015.
8016.
8015.
8016.
8017.
8017.
8014.
8014.
8015.
8015.
8015.
8016.
8015.
8015.
8016.
8016.
8017.
8017.
8016.
8017.
8017.
8016.
8015.
8015.
8016.
8017.
8016.
8016.
8015.
8016.
8016.
8015.
8017.
8014.
8015.
8015.
8016.
8015.
8015.
8013.
8014.
8014.
8014.
8014.
8015.
8015.
8014.
8013.
8014.
8013.
8013.
8013.
8014.
8013.
8013.
8012.
8012.
8010.
8009.
8009.
8011.
8010.
8009.
8010.
8011.
8012.
8011.
8011.
8012.
8012.
8011.
8011.
8012.
8010.
8010.
8011.
8011.
8010.
8010.
8011.
8010.
8010.
8011.
8011.
8009.
8009.
8010.
8009.
8010.
8009.
8008.
8008.
8009.
8010.
8009.
8009.
8010.
8010.
8008.
8008.
8009.
8008.
8009.
8009.
8010.
8009.
8009.
8009.
8008.
8009.
8009.
8009.
8009.
8008.
8008.
8008.
8010.
8009.
8009.
8008.
8007.
8007.
8007.
8007.
8007.
8006.
8007.
8008.
8008.
8007.
8007.
8006.
8006.
8006.
8005.
8005.
8005.
8005.
8004.
8006.
8004.
8005.
8004.
8004.
8003.
8003.
8003.
8003.
8005.
8004.
8002.
8003.
8003.
8001.
8000.
8003.
8004.
8005.
8007.
8009.
8010.
8011.
8010.
8010.
8010.
8008.
8007.
8008.
8009.
8006.
8006.
8007.
8007.
8007.
8006.
8006.
8005.
8004.
8005.
8006.
8005.
8004.
8004.
8005.
8006.
8005.
8005.
8004.
8005.
8005.
8006.
8005.
8005.
8004.
8005.
8005.
8005.
8005.
8006.
8006.
8007.
8006.
8008.
8008.
8007.
8006.
8007.
8006.
8007.
8007.
8007.
8008.
8007.
8008.
8008.
8008.
8008.
8007.
8007.
8008.
8008.
8007.
8007.
8007.
8008.
8008.
8008.
8009.
8009.
8008.
8007.
8007.
8008.
8007.
8007.
8008.
8009.
8007.
8007.
8008.
8008.
8008.
8007.
8007.
8008.
8008.
8009.
8010.
8009.
8008.
8009.
8008.
8009.
8008.
8009.
8010.
8010.
8009.
8009.
8009.
8011.
8009.
8010.
8011.
8012.
8012.
8013.
8014.
8015.
8014.
8014.
8014.
8016.
8016.
8017.
8018.
8017.
8017.
8018.
8019.
8019.
8019.
8018.
8018.
8019.
8018.
8018.
8018.
8018.
8019.
8019.
8019.
8018.
8018.
8017.
8018.
8018.
8019.
8019.
8018.
8019.
8020.
8019.
8019.
8020.
8020.
8019.
8020.
8020.
8021.
8020.
8020.
8020.
8020.
8020.
8020.
8020.
8021.
8021.
8020.
8019.
8020.
8020.
8019.
8020.
8021.
8020.
8021.
8021.
8021.
8020.
8020.
8022.
8020.
8021.
8020.
8021.
8020.
8019.
8019.
8020.
8020.
8019.
8019.
8020.
8019.
8019.
8019.
8019.
8018.
8017.
8017.
8019.
8019.
8019.
8016.
8018.
8017.
8015.
8016.
8014.
8015.
8014.
8013.
8013.
8013.
8013.
8013.
8015.
8016.
8016.
8018.
8019.
8019.
8019.
8017.
8019.
8017.
8017.
8017.
8019.
8016.
8016.
8016.
8017.
8015.
8015.
8015.
8014.
8016.
8017.
8015.
8016.
8015.
8015.
8016.
8018.
8016.
8017.
8017.
8018.
8017.
8017.
8017.
8017.
8017.
8018.
8017.
8017.
8016.
8017.
8018.
8018.
8018.
8019.
8018.
8019.
8018.
8019.
8019.
8019.
8018.
8019.
8019.
8021.
8019.
8018.
8018.
8021.
8019.
8018.
8019.
8020.
8021.
8020.
8019.
8021.
8019.
8021.
8020.
8021.
8020.
8020.
8020.
8021.
8021.
8021.
8021.
8022.
8021.
8021.
8021.
8022.
8021.
8021.
8022.
8022.
8021.
8023.
8024.
8022.
8022.
8021.
8021.
8022.
8022.
8022.
8021.
8021.
8021.
8019.
8020.
8021.
8021.
8022.
8022.
8023.
8022.
8023.
8024.
8023.
8024.
8024.
8023.
8022.
8022.
8023.
8024.
8023.
8023.
8024.
8024.
8023.
8023.
8025.
8023.
8024.
8024.
8022.
8024.
8024.
8024.
8021.
8024.
8025.
8024.
8022.
8024.
8024.
8024.
8024.
8023.
8025.
8024.
8023.
8024.
8025.
8024.
8024.
8025.
8024.
8024.
8023.
8025.
8026.
8023.
8022.
8023.
8025.
8023.
8024.
8025.
8025.
8024.
8023.
8024.
8025.
8023.
8023.
8024.
8024.
8024.
8022.
8023.
8022.
8023.
8023.
8023.
8022.
8022.
8022.
8021.
8021.
8021.
8021.
8020.
8021.
8021.
8021.
8020.
8020.
8019.
8020.
8019.
8018.
8018.
8018.
8018.
8018.
8017.
8017.
8017.
8017.
8016.
8015.
8016.
8016.
8016.
8015.
8017.
8019.
8019.
8019.
8018.
8017.
8018.
8017.
8016.
8016.
8016.
8015.
8014.
8015.
8014.
8015.
8015.
8015.
8015.
8014.
8015.
8015.
8014.
8013.
8014.
8014.
8014.
8013.
8013.
8014.
8014.
8013.
8013.
8014.
8014.
8015.
8015.
8014.
8014.
8014.
8015.
8015.
8014.
8014.
8015.
8016.
8015.
8015.
8014.
8016.
8014.
8015.
8015.
8017.
8016.
8017.
8017.
8017.
8015.
8016.
8015.
8017.
8017.
8018.
8017.
8017.
8016.
8015.
8015.
8017.
8016.
8016.
8016.
8017.
8017.
8018.
8016.
8017.
8016.
8016.
8016.
8016.
8015.
8015.
8016.
8016.
8016.
8016.
8015.
8016.
8015.
8015.
8013.
8015.
8014.
8013.
8013.
8013.
8012.
8014.
8013.
8014.
8013.
8013.
8014.
8016.
8016.
8016.
8016.
8017.
8017.
8017.
8016.
8015.
8016.
8017.
8017.
8018.
8017.
8017.
8017.
8018.
8018.
8017.
8016.
8017.
8017.
8017.
8017.
8018.
8018.
8018.
8017.
8017.
8015.
8016.
8018.
8019.
8019.
8017.
8018.
8019.
8019.
8018.
8018.
8018.
8018.
8018.
8016.
8018.
8018.
8018.
8018.
8019.
8018.
8018.
8017.
8017.
8017.
8019.
8018.
8019.
8018.
8018.
8020.
8018.
8018.
8018.
8018.
8019.
8018.
8018.
8016.
8017.
8017.
8017.
8017.
8016.
8018.
8016.
8017.
8017.
8017.
8017.
8016.
8017.
8015.
8016.
8017.
8015.
8013.
8014.
8015.
8016.
8014.
8014.
8013.
8015.
8015.
8017.
8018.
8021.
8021.
8020.
8019.
8020.
8019.
8018.
8017.
8019.
8018.
8018.
8017.
8018.
8018.
8018.
8018.
8019.
8017.
8017.
8017.
8017.
8018.
8016.
8018.
8020.
8018.
8018.
8019.
8018.
8018.
8020.
8020.
8020.
8019.
8018.
8019.
8020.
8019.
8019.
8020.
8022.
8022.
8021.
8020.
8020.
8020.
8021.
8021.
8022.
8021.
8021.
8022.
8023.
8022.
8021.
8022.
8023.
8021.
8022.
8023.
8023.
8022.
8023.
8023.
8023.
8022.
8022.
8021.
8024.
8025.
8024.
8024.
8024.
8023.
8023.
8025.
8025.
8023.
8024.
8024.
8025.
8024.
8023.
8024.
8024.
8024.
8024.
8023.
8023.
8021.
8021.
8021.
8021.
8021.
8022.
8022.
8021.
8022.
8022.
8023.
8025.
8024.
8024.
8024.
8022.
8023.
8023.
8023.
8024.
8023.
8021.
8021.
8023.
8022.
8023.
8023.
8022.
8022.
8021.
8021.
8023.
8022.
8022.
8022.
8023.
8022.
8022.
8023.
8023.
8022.
8023.
8023.
8022.
8021.
8023.
8023.
8022.
8022.
8023.
8023.
8023.
8022.
8022.
8023.
8023.
8022.
8022.
8022.
8022.
8021.
8021.
8021.
8022.
8020.
8021.
8021.
8022.
8021.
8021.
8022.
8022.
8020.
8021.
8020.
8021.
8020.
8020.
8020.
8021.
8020.
8019.
8020.
8019.
8019.
8019.
8018.
8019.
8019.
8019.
8016.
8017.
8018.
8017.
8016.
8017.
8017.
8016.
8015.
8015.
8014.
8014.
8014.
8015.
8014.
8013.
8012.
8013.
8013.
8013.
8015.
8015.
8015.
8015.
8017.
8017.
8016.
8015.
8015.
8015.
8015.
8015.
8014.
8016.
8013.
8014.
8013.
8015.
8016.
8014.
8015.
8015.
8015.
8015.
8015.
8015.
8016.
8017.
8016.
8017.
8017.
8016.
8016.
8017.
8018.
8017.
8017.
8019.
8019.
8018.
8019.
8019.
8019.
8020.
8020.
8021.
8019.
8020.
8020.
8021.
8021.
8021.
8021.
8022.
8020.
8022.
8021.
8023.
8021.
8021.
8022.
8024.
8023.
8022.
8023.
8022.
8024.
8023.
8022.
8024.
8023.
8023.
8023.
8024.
8024.
8024.
8025.
8024.
8024.
8023.
8024.
8025.
8024.
8026.
8026.
8025.
8026.
8025.
8025.
8025.
8026.
8026.
8026.
8026.
8024.
8024.
8022.
8022.
8021.
8021.
8020.
8020.
8018.
8017.
8018.
8020.
8019.
8020.
8021.
8021.
8021.
8021.
8022.
8021.
8021.
8021.
8021.
8021.
8021.
8021.
8021.
8022.
8021.
8022.
8022.
8022.
8021.
8020.
8021.
8023.
8021.
8022.
8021.
8022.
8022.
8022.
8022.
8022.
8023.
8022.
8022.
8021.
8022.
8022.
8022.
8022.
8022.
8022.
8022.
8022.
8022.
8022.
8023.
8021.
8021.
8021.
8020.
8021.
8022.
8022.
8021.
8022.
8022.
8021.
8022.
8022.
8020.
8019.
8020.
8021.
8020.
8021.
8019.
8021.
8020.
8019.
8020.
8019.
8019.
8019.
8019.
8019.
8018.
8018.
8018.
8018.
8017.
8018.
8017.
8016.
8014.
8014.
8014.
8015.
8014.
8014.
8013.
8015.
8014.
8013.
8015.
8016.
8015.
8015.
8015.
8015.
8013.
8013.
8013.
8014.
8013.
8013.
8012.
8012.
8011.
8011.
8011.
8011.
8011.
8011.
8012.
8011.
8011.
8012.
8011.
8012.
8012.
8012.
8012.
8014.
8012.
8012.
8013.
8013.
8012.
8012.
8012.
8013.
8012.
8013.
8014.
8014.
8014.
8013.
8014.
8014.
8013.
8015.
8014.
8016.
8014.
8014.
8014.
8015.
8015.
8014.
8014.
8014.
8015.
8015.
8014.
8014.
8016.
8015.
8014.
8016.
8016.
8015.
8016.
8016.
8015.
8015.
8016.
8017.
8017.
8016.
8016.
8017.
8016.
8016.
8017.
8016.
8017.
8017.
8017.
8019.
8017.
8017.
8016.
8018.
8018.
8017.
8016.
8017.
8017.
8015.
8014.
8016.
8014.
8015.
8014.
8017.
8014.
8015.
8017.
8016.
8016.
8017.
8017.
8017.
8018.
8018.
8018.
8018.
8017.
8017.
8017.
8018.
8017.
8016.
8016.
8018.
8016.
8016.
8017.
8016.
8015.
8015.
8016.
8017.
8015.
8015.
8017.
8016.
8015.
8016.
8015.
8016.
8015.
8015.
8014.
8016.
8015.
8015.
8015.
8015.
8015.
8017.
8015.
8015.
8014.
8014.
8013.
8015.
8014.
8013.
8014.
8015.
8012.
8014.
8014.
8015.
8014.
8013.
8014.
8014.
8014.
8013.
8014.
8014.
8011.
8013.
8012.
8013.
8013.
8012.
8014.
8013.
8011.
8011.
8013.
8014.
8013.
8012.
8011.
8011.
8010.
8008.
8010.
8008.
8008.
8008.
8007.
8008.
8007.
8008.
8008.
8007.
8006.
8006.
8005.
8003.
8004.
8004.
8004.
8003.
8004.
8003.
8004.
8005.
8006.
8007.
8008.
8009.
8009.
8009.
8010.
8011.
8009.
8009.
8008.
8010.
8009.
8008.
8007.
8007.
8007.
8007.
8009.
8010.
8008.
8008.
8008.
8009.
8008.
8008.
8009.
8010.
8009.
8010.
8010.
8009.
8010.
8009.
8009.
8010.
8009.
8010.
8009.
8010.
8011.
8009.
8011.
8011.
8010.
8010.
8011.
8011.
8012.
8012.
8010.
8012.
8012.
8013.
8012.
8013.
8011.
8011.
8012.
8012.
8013.
8013.
8014.
8015.
8014.
8013.
8014.
8015.
8014.
8014.
8015.
8016.
8015.
8014.
8016.
8015.
8015.
8015.
8015.
8016.
8016.
8016.
8016.
8016.
8016.
8016.
8017.
8018.
8016.
8016.
8015.
8016.
8015.
8016.
8016.
8016.
8015.
8015.
8015.
8017.
8014.
8015.
8017.
8019.
8019.
8017.
8018.
8018.
8020.
8019.
8019.
8019.
8019.
8019.
8020.
8019.
8019.
8018.
8018.
8019.
8019.
8019.
8019.
8021.
8020.
8019.
8018.
8019.
8019.
8019.
8017.
8019.
8020.
8019.
8020.
8020.
8018.
8019.
8018.
8020.
8020.
8019.
8018.
8019.
8019.
8018.
8019.
8019.
8018.
8020.
8019.
8019.
8019.
8018.
8020.
8022.
8020.
8018.
8019.
8019.
8019.
8020.
8020.
8020.
8019.
8018.
8019.
8019.
8018.
8017.
8018.
8020.
8017.
8017.
8017.
8017.
8017.
8017.
8016.
8016.
8015.
8014.
8015.
8015.
8015.
8013.
8014.
8016.
8016.
8017.
8019.
8021.
8022.
8020.
8020.
8020.
8021.
8019.
8019.