7490.
7486.
7482.
7479.
7474.
7471.
7467.
7463.
7459.
7454.
7450.
7446.
7442.
7439.
7434.
7429.
7425.
7421.
7416.
7413.
7409.
7404.
7400.
7396.
7391.
7388.
7384.
7381.
7378.
7378.
7382.
7386.
7395.
7406.
7418.
7432.
7445.
7456.
7466.
7475.
7485.
7494.
7502.
7507.
7512.
7513.
7515.
7516.
7515.
7515.
7514.
7514.
7511.
7511.
7512.
7511.
7511.
7510.
7510.
7510.
7510.
7509.
7509.
7509.
7508.
7507.
7507.
7506.
7506.
7504.
7504.
7504.
7503.
7504.
7503.
7502.
7502.
7502.
7502.
7502.
7501.
7501.
7501.
7501.
7501.
7500.
7500.
7500.
7500.
7498.
7499.
7498.
7498.
7499.
7498.
7498.
7498.
7497.
7496.
7497.
7497.
7496.
7495.
7495.
7494.
7494.
7492.
7493.
7491.
7489.
7490.
7489.
7488.
7486.
7485.
7485.
7483.
7483.
7479.
7478.
7478.
7476.
7473.
7473.
7469.
7469.
7466.
7464.
7462.
7459.
7457.
7454.
7451.
7449.
7447.
7443.
7440.
7438.
7433.
7431.
7428.
7426.
7426.
7428.
7433.
7441.
7452.
7464.
7475.
7488.
7499.
7510.
7517.
7525.
7530.
7535.
7538.
7539.
7538.
7538.
7537.
7536.
7535.
7533.
7533.
7531.
7532.
7530.
7531.
7530.
7530.
7528.
7528.
7527.
7527.
7527.
7527.
7527.
7525.
7525.
7524.
7524.
7523.
7522.
7522.
7523.
7523.
7523.
7522.
7522.
7522.
7522.
7522.
7522.
7522.
7522.
7523.
7523.
7523.
7523.
7524.
7525.
7525.
7525.
7525.
7526.
7526.
7527.
7528.
7528.
7530.
7530.
7530.
7532.
7534.
7533.
7535.
7536.
7537.
7539.
7540.
7541.
7543.
7543.
7545.
7547.
7548.
7550.
7551.
7553.
7556.
7557.
7558.
7560.
7562.
7562.
7561.
7556.
7551.
7544.
7537.
7532.
7531.
7532.
7534.
7536.
7537.
7539.
7540.
7542.
7542.
7543.
7544.
7545.
7545.
7546.
7546.
7547.
7547.
7548.
7548.
7548.
7548.
7549.
7549.
7549.
7550.
7550.
7551.
7551.
7551.
7551.
7552.
7551.
7551.
7550.
7550.
7550.
7550.
7549.
7549.
7548.
7549.
7547.
7546.
7546.
7546.
7546.
7544.
7544.
7542.
7540.
7540.
7539.
7538.
7536.
7534.
7533.
7531.
7529.
7528.
7526.
7523.
7521.
7519.
7516.
7514.
7511.
7509.
7507.
7504.
7501.
7498.
7494.
7491.
7488.
7484.
7482.
7478.
7476.
7472.
7468.
7464.
7461.
7457.
7453.
7449.
7444.
7440.
7437.
7433.
7427.
7424.
7420.
7415.
7411.
7407.
7403.
7400.
7397.
7394.
7392.
7396.
7402.
7410.
7420.
7433.
7444.
7456.
7465.
7474.
7480.
7488.
7496.
7504.
7511.
7515.
7517.
7521.
7522.
7520.
7521.
7519.
7519.
7519.
7517.
7518.
7517.
7517.
7516.
7516.
7515.
7515.
7514.
7514.
7514.
7513.
7512.
7512.
7511.
7511.
7510.
7510.
7510.
7509.
7509.
7508.
7508.
7506.
7506.
7505.
7506.
7506.
7506.
7505.
7505.
7505.
7505.
7506.
7505.
7504.
7503.
7504.
7504.
7504.
7504.
7504.
7504.
7504.
7503.
7503.
7503.
7503.
7503.
7503.
7502.
7503.
7503.
7502.
7502.
7502.
7502.
7502.
7502.
7501.
7502.
7502.
7501.
7502.
7501.
7500.
7501.
7500.
7501.
7500.
7502.
7499.
7499.
7499.
7498.
7499.
7499.
7498.
7498.
7496.
7496.
7496.
7495.
7494.
7493.
7492.
7492.
7490.
7488.
7487.
7485.
7482.
7482.
7481.
7477.
7476.
7473.
7472.
7471.
7469.
7466.
7464.
7460.
7457.
7455.
7451.
7448.
7445.
7442.
7440.
7436.
7433.
7430.
7429.
7428.
7431.
7439.
7446.
7457.
7469.
7479.
7489.
7496.
7501.
7508.
7514.
7519.
7523.
7525.
7526.
7525.
7526.
7526.
7523.
7523.
7522.
7521.
7521.
7519.
7518.
7518.
7518.
7517.
7517.
7515.
7516.
7514.
7513.
7512.
7512.
7510.
7509.
7508.
7508.
7507.
7507.
7507.
7507.
7507.
7506.
7505.
7504.
7504.
7503.
7502.
7501.
7502.
7500.
7499.
7499.
7499.
7498.
7497.
7495.
7495.
7494.
7493.
7492.
7491.
7489.
7487.
7485.
7485.
7483.
7480.
7480.
7477.
7475.
7472.
7471.
7468.
7466.
7464.
7463.
7463.
7467.
7472.
7480.
7489.
7499.
7509.
7518.
7524.
7529.
7535.
7539.
7544.
7547.
7549.
7550.
7550.
7548.
7548.
7548.
7547.
7546.
7546.
7545.
7545.
7544.
7543.
7542.
7541.
7540.
7540.
7539.
7538.
7537.
7535.
7535.
7534.
7532.
7531.
7531.
7530.
7528.
7527.
7527.
7525.
7524.
7524.
7524.
7522.
7521.
7519.
7517.
7517.
7516.
7514.
7512.
7513.
7511.
7508.
7507.
7505.
7503.
7501.
7500.
7499.
7496.
7493.
7491.
7490.
7486.
7485.
7482.
7480.
7476.
7474.
7470.
7468.
7464.
7461.
7457.
7453.
7450.
7447.
7442.
7438.
7434.
7431.
7427.
7423.
7419.
7417.
7417.
7422.
7430.
7439.
7448.
7460.
7471.
7483.
7495.
7505.
7517.
7526.
7532.
7539.
7546.
7549.
7549.
7551.
7550.
7549.
7548.
7547.
7546.
7545.
7545.
7544.
7543.
7542.
7542.
7542.
7542.
7541.
7539.
7540.
7539.
7538.
7539.
7538.
7538.
7536.
7537.
7537.
7537.
7536.
7536.
7536.
7536.
7537.
7537.
7535.
7536.
7536.
7536.
7536.
7536.
7536.
7535.
7536.
7535.
7536.
7536.
7537.
7536.
7536.
7537.
7536.
7536.
7536.
7535.
7536.
7535.
7536.
7536.
7536.
7537.
7537.
7536.
7536.
7537.
7537.
7538.
7538.
7537.
7538.
7538.
7539.
7540.
7540.
7540.
7541.
7542.
7542.
7542.
7544.
7543.
7545.
7545.
7547.
7548.
7547.
7546.
7543.
7538.
7532.
7528.
7521.
7517.
7515.
7515.
7515.
7516.
7517.
7518.
7519.
7518.
7519.
7519.
7519.
7519.
7518.
7518.
7519.
7518.
7518.
7518.
7518.
7517.
7516.
7516.
7515.
7513.
7513.
7512.
7512.
7510.
7510.
7509.
7509.
7508.
7506.
7506.
7504.
7502.
7500.
7498.
7498.
7496.
7494.
7492.
7490.
7488.
7484.
7483.
7480.
7478.
7475.
7472.
7470.
7467.
7465.
7462.
7457.
7454.
7450.
7448.
7445.
7441.
7437.
7435.
7431.
7427.
7423.
7419.
7415.
7413.
7412.
7412.
7416.
7423.
7432.
7444.
7456.
7468.
7479.
7490.
7498.
7505.
7511.
7516.
7521.
7523.
7525.
7525.
7524.
7523.
7523.
7523.
7523.
7521.
7520.
7520.
7520.
7519.
7519.
7518.
7517.
7515.
7516.
7515.
7515.
7514.
7512.
7512.
7511.
7510.
7509.
7510.
7509.
7508.
7507.
7506.
7505.
7505.
7503.
7503.
7502.
7502.
7501.
7499.
7498.
7498.
7497.
7496.
7494.
7493.
7491.
7490.
7489.
7487.
7486.
7485.
7482.
7481.
7478.
7477.
7475.
7473.
7471.
7469.
7465.
7462.
7460.
7458.
7455.
7452.
7449.
7445.
7442.
7439.
7435.
7432.
7430.
7426.
7426.
7427.
7435.
7442.
7453.
7465.
7476.
7488.
7497.
7506.
7514.
7522.
7528.
7534.
7538.
7541.
7543.
7543.
7543.
7543.
7542.
7540.
7540.
7540.
7541.
7539.
7539.
7538.
7537.
7538.
7538.
7538.
7538.
7536.
7537.
7536.
7537.
7536.
7537.
7537.
7537.
7537.
7536.
7537.
7538.
7538.
7538.
7539.
7539.
7540.
7541.
7541.
7542.
7542.
7542.
7544.
7545.
7547.
7548.
7548.
7550.
7550.
7553.
7553.
7556.
7558.
7559.
7560.
7562.
7564.
7567.
7568.
7569.
7571.
7575.
7575.
7578.
7577.
7577.
7575.
7571.
7565.
7560.
7556.
7554.
7552.
7551.
7553.
7554.
7557.
7560.
7560.
7562.
7562.
7563.
7565.
7567.
7568.
7568.
7568.
7569.
7569.
7570.
7569.
7570.
7571.
7572.
7572.
7573.
7574.
7574.
7574.
7574.
7574.
7573.
7574.
7573.
7574.
7574.
7573.
7574.
7572.
7572.
7571.
7572.
7572.
7571.
7570.
7569.
7569.
7569.
7566.
7566.
7566.
7564.
7563.
7562.
7561.
7560.
7558.
7557.
7555.
7553.
7551.
7550.
7548.
7546.
7544.
7542.
7540.
7538.
7535.
7533.
7531.
7528.
7526.
7524.
7520.
7517.
7514.
7511.
7509.
7505.
7502.
7498.
7495.
7492.
7487.
7483.
7481.
7477.
7472.
7469.
7464.
7461.
7456.
7452.
7448.
7444.
7440.
7436.
7433.
7428.
7424.
7420.
7415.
7412.
7409.
7404.
7400.
7397.
7394.
7394.
7397.
7404.
7414.
7425.
7439.
7451.
7464.
7474.
7484.
7492.
7499.
7504.
7510.
7513.
7516.
7518.
7517.
7516.
7515.
7515.
7514.
7513.
7513.
7511.
7511.
7512.
7512.
7510.
7510.
7510.
7509.
7508.
7507.
7507.
7508.
7507.
7507.
7506.
7505.
7505.
7504.
7503.
7504.
7503.
7503.
7501.
7501.
7502.
7502.
7501.
7501.
7500.
7500.
7499.
7498.
7498.
7498.
7499.
7498.
7497.
7497.
7497.
7497.
7496.
7496.
7495.
7493.
7493.
7493.
7492.
7491.
7490.
7489.
7488.
7487.
7486.
7484.
7483.
7481.
7480.
7479.
7477.
7476.
7474.
7472.
7469.
7467.
7466.
7463.
7461.
7460.
7457.
7453.
7451.
7448.
7446.
7444.
7442.
7441.
7443.
7448.
7456.
7466.
7477.
7487.
7497.
7505.
7513.
7522.
7528.
7533.
7536.
7538.
7540.
7540.
7539.
7539.
7537.
7537.
7537.
7536.
7535.
7535.
7535.
7534.
7534.
7533.
7534.
7533.
7534.
7532.
7533.
7532.
7533.
7532.
7531.
7531.
7531.
7531.
7530.
7530.
7530.
7530.
7530.
7530.
7530.
7531.
7530.
7531.
7530.
7531.
7530.
7531.
7530.
7531.
7530.
7530.
7532.
7531.
7530.
7531.
7531.
7530.
7530.
7529.
7531.
7530.
7530.
7531.
7531.
7529.
7530.
7531.
7531.
7529.
7529.
7529.
7530.
7529.
7529.
7529.
7529.
7528.
7528.
7528.
7526.
7527.
7526.
7526.
7527.
7525.
7525.
7525.
7524.
7524.
7523.
7523.
7520.
7520.
7520.
7520.
7518.
7516.
7515.
7514.
7514.
7511.
7511.
7509.
7507.
7505.
7503.
7502.
7500.
7498.
7495.
7492.
7491.
7488.
7486.
7483.
7479.
7477.
7472.
7470.
7467.
7464.
7459.
7456.
7452.
7448.
7445.
7440.
7437.
7433.
7429.
7425.
7420.
7417.
7414.
7413.
7415.
7420.
7428.
7437.
7448.
7461.
7472.
7482.
7490.
7498.
7505.
7511.
7516.
7522.
7525.
7525.
7526.
7526.
7525.
7525.
7524.
7523.
7522.
7521.
7522.
7520.
7520.
7519.
7520.
7520.
7518.
7518.
7517.
7517.
7517.
7515.
7515.
7515.
7514.
7514.
7514.
7513.
7514.
7513.
7514.
7513.
7513.
7513.
7513.
7514.
7513.
7514.
7513.
7513.
7513.
7514.
7514.
7514.
7515.
7515.
7516.
7515.
7516.
7517.
7517.
7518.
7518.
7519.
7520.
7520.
7519.
7520.
7520.
7521.
7521.
7522.
7523.
7522.
7522.
7523.
7524.
7524.
7525.
7525.
7525.
7526.
7526.
7526.
7526.
7527.
7527.
7526.
7528.
7527.
7528.
7529.
7528.
7529.
7528.
7528.
7529.
7528.
7529.
7530.
7530.
7528.
7528.
7528.
7528.
7527.
7528.
7527.
7526.
7527.
7526.
7525.
7525.
7525.
7523.
7523.
7523.
7522.
7521.
7520.
7519.
7519.
7518.
7517.
7517.
7515.
7514.
7512.
7511.
7510.
7509.
7507.
7505.
7503.
7502.
7500.
7497.
7496.
7494.
7492.
7490.
7487.
7484.
7482.
7479.
7477.
7474.
7470.
7468.
7464.
7462.
7459.
7456.
7452.
7449.
7446.
7444.
7443.
7446.
7451.
7457.
7467.
7476.
7483.
7491.
7498.
7502.
7507.
7510.
7513.
7516.
7519.
7520.
7520.
7521.
7521.
7520.
7519.
7518.
7518.
7518.
7517.
7517.
7517.
7515.
7514.
7513.
7512.
7513.
7513.
7511.
7510.
7508.
7509.
7509.
7508.
7507.
7507.
7505.
7505.
7505.
7504.
7503.
7503.
7503.
7502.
7502.
7501.
7501.
7500.
7498.
7498.
7497.
7496.
7495.
7496.
7494.
7493.
7492.
7492.
7492.
7490.
7488.
7487.
7486.
7486.
7485.
7484.
7482.
7480.
7480.
7478.
7479.
7480.
7486.
7494.
7501.
7509.
7518.
7526.
7535.
7540.
7545.
7549.
7550.
7553.
7554.
7555.
7555.
7554.
7555.
7555.
7555.
7555.
7555.
7554.
7556.
7555.
7556.
7556.
7556.
7556.
7556.
7557.
7557.
7557.
7557.
7557.
7557.
7558.
7558.
7558.
7558.
7559.
7559.
7560.
7559.
7560.
7560.
7562.
7562.
7562.
7563.
7564.
7564.
7565.
7567.
7567.
7567.
7568.
7568.
7569.
7570.
7571.
7573.
7573.
7574.
7575.
7577.
7578.
7579.
7581.
7582.
7584.
7586.
7586.
7588.
7588.
7587.
7584.
7579.
7572.
7565.
7558.
7552.
7549.
7547.
7547.
7546.
7547.
7548.
7549.
7551.
7552.
7553.
7553.
7553.
7553.
7553.
7553.
7554.
7554.
7553.
7554.
7554.
7553.
7552.
7551.
7551.
7551.
7552.
7550.
7550.
7549.
7547.
7547.
7545.
7544.
7543.
7541.
7540.
7539.
7537.
7535.
7534.
7532.
7530.
7528.
7526.
7525.
7522.
7519.
7516.
7514.
7512.
7510.
7506.
7504.
7500.
7498.
7495.
7492.
7489.
7485.
7482.
7478.
7475.
7472.
7467.
7464.
7460.
7455.
7452.
7449.
7445.
7441.
7437.
7433.
7430.
7426.
7421.
7416.
7412.
7408.
7405.
7402.
7398.
7395.
7394.
7396.
7401.
7409.
7420.
7433.
7446.
7459.
7471.
7481.
7489.
7496.
7503.
7509.
7512.
7514.
7516.
7517.
7516.
7515.
7513.
7514.
7513.
7513.
7512.
7512.
7511.
7510.
7509.
7509.
7509.
7509.
7508.
7508.
7508.
7507.
7508.
7507.
7506.
7506.
7506.
7505.
7505.
7504.
7504.
7503.
7504.
7504.
7503.
7502.
7502.
7502.
7503.
7503.
7503.
7501.
7501.
7501.
7501.
7501.
7502.
7501.
7501.
7499.
7499.
7500.
7500.
7499.
7499.
7498.
7498.
7497.
7497.
7496.
7496.
7495.
7493.
7492.
7491.
7491.
7490.
7489.
7486.
7484.
7483.
7482.
7480.
7478.
7477.
7474.
7472.
7470.
7467.
7465.
7462.
7459.
7456.
7454.
7451.
7448.
7444.
7441.
7438.
7434.
7430.
7427.
7423.
7419.
7416.
7413.
7410.
7408.
7409.
7413.
7420.
7429.
7439.
7451.
7461.
7471.
7478.
7484.
7491.
7497.
7504.
7511.
7518.
7524.
7528.
7531.
7532.
7532.
7531.
7531.
7529.
7529.
7529.
7529.
7528.
7529.
7529.
7528.
7528.
7528.
7529.
7529.
7529.
7530.
7529.
7531.
7530.
7531.
7532.
7531.
7533.
7533.
7534.
7535.
7535.
7535.
7536.
7538.
7539.
7540.
7541.
7543.
7544.
7545.
7547.
7549.
7551.
7553.
7555.
7556.
7557.
7560.
7561.
7563.
7566.
7567.
7569.
7571.
7574.
7575.
7576.
7575.
7573.
7568.
7562.
7554.
7547.
7541.
7538.
7535.
7536.
7538.
7540.
7543.
7546.
7547.
7548.
7548.
7549.
7550.
7552.
7552.
7552.
7552.
7552.
7553.
7553.
7553.
7553.
7554.
7553.
7553.
7554.
7553.
7554.
7553.
7553.
7553.
7553.
7553.
7551.
7550.
7550.
7550.
7550.
7549.
7548.
7547.
7546.
7544.
7543.
7542.
7541.
7540.
7539.
7538.
7537.
7535.
7532.
7531.
7529.
7527.
7526.
7523.
7521.
7519.
7517.
7515.
7511.
7510.
7507.
7503.
7501.
7498.
7495.
7492.
7488.
7486.
7482.
7479.
7475.
7472.
7469.
7465.
7462.
7457.
7453.
7451.
7446.
7442.
7439.
7436.
7432.
7429.
7425.
7421.
7418.
7415.
7414.
7416.
7421.
7429.
7440.
7452.
7462.
7472.
7481.
7487.
7492.
7497.
7503.
7507.
7510.
7513.
7514.
7511.
7510.
7510.
7508.
7508.
7507.
7507.
7506.
7506.
7506.
7505.
7505.
7504.
7503.
7503.
7503.
7501.
7500.
7500.
7500.
7498.
7498.
7498.
7498.
7497.
7497.
7496.
7496.
7494.
7494.
7493.
7493.
7493.
7493.
7492.
7491.
7488.
7489.
7489.
7487.
7488.
7486.
7486.
7486.
7484.
7484.
7483.
7483.
7481.
7481.
7478.
7479.
7477.
7475.
7474.
7473.
7471.
7469.
7468.
7467.
7466.
7463.
7460.
7459.
7457.
7455.
7453.
7451.
7452.
7455.
7460.
7468.
7476.
7485.
7494.
7503.
7512.
7521.
7528.
7534.
7541.
7545.
7547.
7548.
7549.
7549.
7548.
7548.
7547.
7548.
7547.
7547.
7547.
7549.
7547.
7548.
7549.
7548.
7548.
7549.
7549.
7549.
7549.
7549.
7550.
7549.
7549.
7551.
7551.
7551.
7552.
7554.
7555.
7556.
7557.
7559.
7559.
7561.
7562.
7563.
7565.
7567.
7568.
7569.
7570.
7573.
7576.
7576.
7579.
7580.
7581.
7580.
7576.
7572.
7565.
7558.
7552.
7548.
7545.
7545.
7546.
7548.
7550.
7552.
7555.
7556.
7557.
7557.
7558.
7560.
7561.
7561.
7562.
7563.
7563.
7564.
7564.
7565.
7566.
7566.
7565.
7568.
7568.
7567.
7569.
7569.
7568.
7569.
7568.
7569.
7569.
7569.
7569.
7569.
7568.
7568.
7568.
7568.
7567.
7567.
7566.
7567.
7565.
7564.
7564.
7563.
7562.
7559.
7558.
7558.
7556.
7556.
7555.
7552.
7551.
7548.
7546.
7545.
7544.
7541.
7539.
7536.
7535.
7533.
7530.
7527.
7525.
7521.
7520.
7517.
7513.
7510.
7506.
7502.
7500.
7497.
7493.
7490.
7485.
7482.
7479.
7475.
7470.
7466.
7463.
7459.
7455.
7451.
7447.
7443.
7439.
7436.
7433.
7428.
7425.
7421.
7417.
7413.
7411.
7410.
7412.
7417.
7426.
7438.
7451.
7464.
7475.
7485.
7494.
7501.
7508.
7514.
7519.
7523.
7523.
7525.
7523.
7522.
7521.
7520.
7519.
7519.
7518.
7517.
7517.
7516.
7516.
7515.
7515.
7515.
7513.
7512.
7512.
7512.
7511.
7513.
7511.
7510.
7509.
7509.
7509.
7507.
7507.
7507.
7507.
7506.
7506.
7505.
7506.
7504.
7504.
7505.
7503.
7502.
7502.
7503.
7502.
7502.
7503.
7502.
7500.
7500.
7501.
7502.
7500.
7500.
7499.
7499.
7498.
7499.
7498.
7498.
7497.
7497.
7496.
7496.
7496.
7495.
7495.
7492.
7492.
7491.
7489.
7489.
7487.
7485.
7484.
7482.
7481.
7479.
7477.
7476.
7475.
7473.
7471.
7468.
7466.
7463.
7461.
7459.
7456.
7455.
7451.
7448.
7446.
7442.
7438.
7437.
7435.
7435.
7435.
7439.
7446.
7455.
7465.
7475.
7487.
7498.
7506.
7512.
7517.
7521.
7523.
7524.
7526.
7526.
7525.
7524.
7522.
7521.
7522.
7521.
7519.
7519.
7519.
7519.
7518.
7518.
7517.
7518.
7518.
7517.
7516.
7513.
7514.
7514.
7515.
7513.
7513.
7512.
7511.
7512.
7513.
7512.
7512.
7512.
7512.
7511.
7513.
7513.
7513.
7513.
7514.
7515.
7515.
7516.
7517.
7517.
7518.
7519.
7520.
7520.
7521.
7523.
7525.
7526.
7527.
7528.
7529.
7532.
7532.
7533.
7535.
7536.
7537.
7540.
7543.
7545.
7545.
7544.
7542.
7538.
7533.
7528.
7522.
7520.
7519.
7520.
7522.
7524.
7526.
7528.
7529.
7530.
7531.
7532.
7533.
7534.
7534.
7535.
7537.
7537.
7538.
7539.
7541.
7541.
7541.
7542.
7542.
7544.
7543.
7545.
7546.
7546.
7547.
7548.
7549.
7550.
7550.
7550.
7550.
7551.
7551.
7552.
7554.
7554.
7555.
7556.
7556.
7557.
7557.
7559.
7558.
7559.
7560.
7560.
7562.
7562.
7563.
7564.
7565.
7565.
7565.
7566.
7568.
7568.
7568.
7571.
7571.
7572.
7574.
7574.
7575.
7576.
7577.
7578.
7581.
7581.
7581.
7583.
7584.
7586.
7586.
7586.
7584.
7582.
7577.
7572.
7567.
7562.
7559.
7556.
7554.
7555.
7555.
7556.
7557.
7556.
7557.
7557.
7557.
7557.
7557.
7556.
7556.
7556.
7555.
7554.
7555.
7553.
7552.
7552.
7550.
7550.
7549.
7548.
7547.
7546.
7544.
7542.
7541.
7541.
7539.
7537.
7535.
7533.
7530.
7528.
7527.
7525.
7523.
7521.
7518.
7515.
7513.
7510.
7508.
7505.
7502.
7500.
7496.
7493.
7491.
7487.
7485.
7481.
7477.
7474.
7470.
7467.
7462.
7459.
7456.
7453.
7449.
7446.
7442.
7438.
7433.
7431.
7428.
7424.
7419.
7417.
7416.
7417.
7422.
7429.
7436.
7446.
7457.
7469.
7480.
7491.
7499.
7506.
7513.
7518.
7524.
7526.
7528.
7528.
7527.
7526.
7526.
7526.
7526.
7525.
7525.
7524.
7524.
7522.
7522.
7521.
7521.
7520.
7521.
7521.
7520.
7520.
7519.
7518.
7518.
7517.
7517.
7517.
7516.
7516.
7517.
7516.
7514.
7515.
7515.
7515.
7514.
7514.
7515.
7515.
7515.
7515.
7516.
7517.
7516.
7517.
7517.
7517.
7518.
7518.
7518.
7519.
7521.
7521.
7522.
7524.
7524.
7525.
7528.
7528.
7529.
7530.
7532.
7532.
7533.
7531.
7526.
7521.
7515.
7508.
7504.
7500.
7499.
7499.
7501.
7503.
7504.
7505.
7507.
7506.
7508.
7508.
7508.
7509.
7508.
7509.
7510.
7510.
7509.
7510.
7510.
7511.
7510.
7509.
7509.
7510.
7509.
7509.
7509.
7510.
7509.
7508.
7507.
7507.
7506.
7505.
7505.
7505.
7503.
7503.
7502.
7501.
7501.
7500.
7499.
7498.
7497.
7496.
7494.
7492.
7492.
7491.
7490.
7488.
7485.
7484.
7483.
7480.
7479.
7477.
7475.
7472.
7469.
7468.
7465.
7463.
7460.
7458.
7454.
7453.
7449.
7447.
7444.
7441.
7438.
7435.
7431.
7429.
7426.
7425.
7424.
7427.
7433.
7441.
7451.
7463.
7470.
7477.
7482.
7486.
7488.
7491.
7493.
7497.
7498.
7499.
7499.
7501.
7500.
7499.
7498.
7498.
7497.
7497.
7496.
7496.
7496.
7494.
7494.
7493.
7493.
7491.
7490.
7490.
7489.
7488.
7486.
7486.
7486.
7484.
7482.
7482.
7481.
7482.
7480.
7479.
7478.
7476.
7476.
7476.
7474.
7472.
7472.
7470.
7470.
7469.
7468.
7466.
7464.
7463.
7462.
7461.
7459.
7458.
7455.
7454.
7451.
7451.
7448.
7445.
7444.
7441.
7438.
7437.
7434.
7431.
7430.
7429.
7431.
7433.
7440.
7448.
7456.
7464.
7474.
7485.
7493.
7498.
7503.
7507.
7511.
7514.
7515.
7518.
7517.
7517.
7516.
7517.
7516.
7515.
7515.
7514.
7514.
7515.
7515.
7515.
7514.
7514.
7515.
7514.
7515.
7514.
7513.
7513.
7514.
7513.
7515.
7514.
7514.
7515.
7516.
7516.
7517.
7518.
7518.
7519.
7519.
7519.
7521.
7521.
7523.
7525.
7526.
7526.
7527.
7528.
7530.
7533.
7535.
7534.
7537.
7537.
7539.
7541.
7543.
7544.
7548.
7549.
7552.
7553.
7554.
7555.
7554.
7552.
7546.
7540.
7534.
7528.
7524.
7522.
7524.
7524.
7527.
7529.
7530.
7533.
7534.
7534.
7535.
7535.
7535.
7537.
7537.
7537.
7537.
7538.
7538.
7538.
7537.
7538.
7537.
7537.
7537.
7537.
7537.
7536.
7536.
7537.
7535.
7536.
7536.
7535.
7535.
7533.
7532.
7532.
7531.
7532.
7529.
7528.
7527.
7527.
7526.
7524.
7524.
7522.
7520.
7519.
7517.
7517.
7515.
7512.
7511.
7509.
7506.
7504.
7503.
7500.
7498.
7497.
7494.
7491.
7487.
7485.
7483.
7481.
7477.
7474.
7470.
7468.
7464.
7462.
7458.
7456.
7452.
7449.
7445.
7441.
7439.
7435.
7431.
7429.
7426.
7426.
7428.
7433.
7440.
7451.
7463.
7474.
7486.
7495.
7503.
7510.
7515.
7519.
7523.
7525.
7526.
7527.
7525.
7524.
7523.
7523.
7522.
7521.
7520.
7520.
7519.
7519.
7518.
7517.
7517.
7517.
7515.
7514.
7514.
7515.
7513.
7513.
7512.
7511.
7511.
7511.
7509.
7510.
7509.
7509.
7508.
7507.
7507.
7506.
7507.
7507.
7507.
7507.
7506.
7505.
7505.
7504.
7505.
7505.
7504.
7504.
7502.
7501.
7503.
7502.
7503.
7501.
7501.
7500.
7501.
7499.
7499.
7499.
7498.
7498.
7497.
7497.
7498.
7496.
7494.
7493.
7493.
7492.
7490.
7489.
7488.
7488.
7486.
7485.
7483.
7482.
7481.
7478.
7478.
7476.
7474.
7470.
7469.
7467.
7466.
7464.
7462.
7460.
7458.
7455.
7451.
7449.
7446.
7444.
7441.
7440.
7440.
7444.
7449.
7457.
7466.
7474.
7483.
7492.
7498.
7503.
7508.
7511.
7514.
7516.
7518.
7519.
7519.
7520.
7521.
7519.
7518.
7518.
7517.
7516.
7516.
7517.
7515.
7516.
7517.
7516.
7515.
7515.
7515.
7514.
7515.
7515.
7514.
7515.
7515.
7515.
7515.
7515.
7515.
7516.
7515.
7516.
7518.
7517.
7519.
7520.
7519.
7520.
7521.
7521.
7523.
7523.
7523.
7524.
7526.
7527.
7528.
7529.
7530.
7532.
7533.
7535.
7536.
7537.
7539.
7540.
7542.
7544.
7546.
7547.
7548.
7550.
7552.
7554.
7556.
7558.
7559.
7560.
7559.
7558.
7554.
7550.
7543.
7539.
7535.
7535.
7537.
7538.
7541.
7542.
7545.
7546.
7548.
7548.
7549.
7550.
7551.
7552.
7553.
7553.
7553.
7554.
7554.
7555.
7555.
7556.
7556.
7556.
7556.
7558.
7558.
7558.
7558.
7558.
7558.
7558.
7558.
7558.
7558.
7558.
7559.
7558.
7558.
7558.
7557.
7557.
7557.
7556.
7555.
7555.
7555.
7554.
7554.
7552.
7552.
7551.
7551.
7549.
7548.
7546.
7546.
7545.
7542.
7541.
7540.
7538.
7537.
7536.
7533.
7532.
7530.
7528.
7526.
7524.
7522.
7520.
7516.
7514.
7512.
7509.
7507.
7504.
7501.
7498.
7495.
7492.
7489.
7487.
7484.
7480.
7477.
7474.
7470.
7466.
7464.
7460.
7456.
7453.
7450.
7447.
7443.
7441.
7438.
7435.
7432.
7433.
7437.
7443.
7451.
7459.
7469.
7480.
7489.
7497.
7503.
7508.
7513.
7519.
7522.
7522.
7524.
7524.
7524.
7523.
7524.
7522.
7523.
7522.
7521.
7522.
7520.
7521.
7521.
7520.
7521.
7519.
7519.
7520.
7518.
7519.
7518.
7517.
7517.
7517.
7516.
7517.
7516.
7515.
7516.
7515.
7515.
7516.
7514.
7515.
7514.
7515.
7514.
7514.
7515.
7514.
7515.
7514.
7515.
7515.
7515.
7514.
7515.
7516.
7516.
7517.
7517.
7517.
7517.
7518.
7518.
7519.
7519.
7520.
7521.
7521.
7522.
7523.
7524.
7524.
7524.
7525.
7525.
7526.
7528.
7529.
7530.
7531.
7532.
7533.
7534.
7536.
7537.
7538.
7540.
7541.
7543.
7544.
7546.
7547.
7549.
7549.
7548.
7545.
7541.
7538.
7535.
7533.
7532.
7532.
7534.
7535.
7536.
7538.
7539.
7540.
7540.
7541.
7543.
7543.
7544.
7545.
7546.
7546.
7547.
7547.
7548.
7550.
7550.
7551.
7552.
7552.
7553.
7553.
7554.
7555.
7555.
7555.
7556.
7557.
7557.
7557.
7557.
7557.
7558.
7558.
7559.
7558.
7559.
7559.
7560.
7559.
7560.
7560.
7561.
7561.
7560.
7560.
7561.
7561.
7561.
7561.
7560.
7561.
7560.
7562.
7561.
7562.
7560.
7560.
7561.
7561.
7560.
7561.
7560.
7560.
7559.
7559.
7559.
7558.
7557.
7559.
7558.
7557.
7557.
7556.
7556.
7556.
7556.
7554.
7553.
7553.
7553.
7552.
7551.
7551.
7550.
7548.
7548.
7547.
7546.
7544.
7543.
7542.
7541.
7539.
7537.
7536.
7535.
7534.
7532.
7531.
7528.
7527.
7525.
7524.
7521.
7519.
7517.
7515.
7511.
7510.
7507.
7505.
7501.
7498.
7496.
7494.
7491.
7488.
7485.
7482.
7478.
7475.
7472.
7469.
7465.
7463.
7459.
7456.
7452.
7449.
7446.
7442.
7440.
7437.
7437.
7438.
7444.
7452.
7460.
7470.
7479.
7490.
7498.
7506.
7512.
7518.
7522.
7524.
7525.
7526.
7526.
7525.
7524.
7524.
7523.
7523.
7522.
7522.
7521.
7521.
7521.
7521.
7521.
7520.
7520.
7520.
7519.
7519.
7518.
7517.
7518.
7517.
7516.
7516.
7517.
7516.
7515.
7515.
7515.
7515.
7514.
7514.
7514.
7514.
7514.
7513.
7513.
7512.
7512.
7512.
7512.
7512.
7512.
7512.
7512.
7512.
7511.
7511.
7511.
7511.
7511.
7510.
7509.
7510.
7510.
7508.
7508.
7508.
7507.
7509.
7509.
7508.
7507.
7505.
7506.
7505.
7503.
7503.
7502.
7501.
7500.
7499.
7498.
7498.
7497.
7495.
7494.
7492.
7490.
7488.
7487.
7485.
7483.
7480.
7478.
7477.
7474.
7472.
7470.
7467.
7464.
7462.
7459.
7455.
7451.
7449.
7445.
7443.
7439.
7437.
7434.
7432.
7435.
7440.
7448.
7457.
7467.
7476.
7482.
7489.
7496.
7500.
7505.
7508.
7511.
7512.
7513.
7512.
7512.
7512.
7510.
7511.
7509.
7509.
7508.
7509.
7507.
7507.
7507.
7508.
7507.
7507.
7506.
7505.
7505.
7506.
7504.
7504.
7504.
7504.
7504.
7503.
7503.
7503.
7503.
7502.
7503.
7502.
7503.
7504.
7503.
7503.
7503.
7503.
7503.
7504.
7503.
7503.
7504.
7504.
7504.
7505.
7503.
7504.
7505.
7505.
7504.
7504.
7504.
7506.
7505.
7506.
7507.
7507.
7508.
7507.
7507.
7509.
7509.
7510.
7511.
7512.
7511.
7512.
7514.
7514.
7514.
7514.
7514.
7517.
7517.
7518.
7519.
7520.
7520.
7522.
7523.
7525.
7526.
7527.
7529.
7529.
7530.
7532.
7533.
7534.
7536.
7537.
7536.
7533.
7529.
7527.
7523.
7520.
7520.
7519.
7521.
7523.
7523.
7525.
7526.
7526.
7526.
7527.
7527.
7527.
7528.
7527.
7528.
7528.
7527.
7528.
7528.
7528.
7528.
7527.
7528.
7528.
7527.
7527.
7526.
7526.
7526.
7526.
7525.
7524.
7524.
7523.
7522.
7522.
7521.
7520.
7520.
7519.
7517.
7516.
7515.
7515.
7513.
7512.
7509.
7508.
7507.
7507.
7504.
7503.
7500.
7499.
7498.
7496.
7494.
7492.
7491.
7489.
7485.
7484.
7481.
7477.
7475.
7473.
7469.
7468.
7466.
7462.
7460.
7456.
7453.
7449.
7446.
7443.
7440.
7438.
7435.
7431.
7428.
7426.
7425.
7426.
7430.
7436.
7444.
7453.
7463.
7471.
7477.
7483.
7489.
7493.
7496.
7500.
7501.
7502.
7503.
7502.
7502.
7502.
7500.
7499.
7500.
7499.
7499.
7499.
7498.
7498.
7497.
7496.
7496.
7495.
7495.
7495.
7493.
7493.
7493.
7492.
7491.
7491.
7491.
7491.
7490.
7490.
7488.
7488.
7489.
7489.
7489.
7488.
7488.
7488.
7488.
7489.
7488.
7488.
7488.
7488.
7489.
7489.
7489.
7490.
7489.
7490.
7491.
7491.
7492.
7493.
7493.
7493.
7494.
7494.
7496.
7496.
7497.
7499.
7499.
7501.
7501.
7503.
7504.
7505.
7507.
7508.
7509.
7510.
7512.
7515.
7516.
7518.
7520.
7522.
7524.
7525.
7525.
7525.
7523.
7519.
7515.
7509.
7505.
7503.
7502.
7502.
7503.
7506.
7509.
7509.
7510.
7512.
7513.
7514.
7514.
7515.
7517.
7517.
7516.
7517.
7518.
7518.
7519.
7519.
7518.
7520.
7520.
7521.
7521.
7521.
7522.
7521.
7521.
7520.
7521.
7522.
7522.
7521.
7521.
7521.
7520.
7519.
7519.
7519.
7520.
7519.
7519.
7518.
7518.
7517.
7517.
7516.
7515.
7515.
7515.
7515.
7513.
7513.
7511.
7511.
7510.
7509.
7509.
7506.
7505.
7505.
7502.
7501.
7500.
7499.
7498.
7496.
7494.
7492.
7491.
7490.
7487.
7485.
7483.
7481.
7480.
7476.
7474.
7472.
7469.
7467.
7464.
7462.
7458.
7455.
7453.
7449.
7447.
7443.
7441.
7437.
7435.
7432.
7428.
7426.
7422.
7419.
7418.
7417.
7420.
7426.
7433.
7442.
7451.
7460.
7470.
7476.
7484.
7489.
7494.
7498.
7501.
7503.
7504.
7505.
7503.
7503.
7502.
7502.
7502.
7500.
7501.
7501.
7501.
7500.
7500.
7500.
7498.
7498.
7498.
7498.
7498.
7498.
7498.
7497.
7497.
7496.
7497.
7497.
7496.
7496.
7497.
7497.
7496.
7497.
7496.
7497.
7496.
7497.
7497.
7498.
7498.
7498.
7497.
7499.
7498.
7498.
7499.
7500.
7501.
7501.
7501.
7502.
7503.
7503.
7506.
7506.
7506.
7507.
7508.
7509.
7510.
7511.
7512.
7514.
7516.
7517.
7517.
7518.
7519.
7522.
7524.
7524.
7526.
7528.
7531.
7532.
7533.
7536.
7537.
7539.
7540.
7543.
7546.
7548.
7550.
7553.
7553.
7554.
7553.
7551.
7547.
7544.
7542.
7540.
7540.
7540.
7541.
7544.
7546.
7548.
7549.
7550.
7551.
7553.
7553.
7554.
7555.
7555.
7556.
7557.
7558.
7559.
7559.
7560.
7559.
7560.
7561.
7561.
7561.
7562.
7561.
7561.
7562.
7563.
7562.
7562.
7562.
7561.
7561.
7562.
7561.
7561.
7561.
7561.
7559.
7559.
7558.
7558.
7557.
7555.
7556.
7554.
7553.
7553.
7551.
7550.
7549.
7547.
7544.
7544.
7542.
7541.
7539.
7536.
7536.
7534.
7531.
7528.
7527.
7525.
7524.
7520.
7518.
7515.
7514.
7510.
7506.
7505.
7501.
7498.
7496.
7492.
7490.
7486.
7483.
7480.
7476.
7473.
7470.
7467.
7465.
7464.
7463.
7465.
7469.
7475.
7482.
7489.
7498.
7505.
7512.
7518.
7522.
7525.
7531.
7534.
7538.
7539.
7539.
7539.
7538.
7538.
7536.
7536.
7535.
7535.
7535.
7534.
7534.
7533.
7533.
7532.
7532.
7531.
7531.
7531.
7531.
7529.
7530.
7529.
7530.
7528.
7528.
7528.
7528.
7527.
7527.
7526.
7527.
7526.
7525.
7526.
7525.
7524.
7523.
7522.
7522.
7524.
7522.
7521.
7522.
7520.
7520.
7521.
7519.
7519.
7518.
7517.
7517.
7515.
7515.
7515.
7515.
7513.
7513.
7512.
7512.
7509.
7509.
7508.
7507.
7505.
7504.
7502.
7501.
7499.
7498.
7497.
7496.
7494.
7492.
7490.
7488.
7487.
7483.
7482.
7478.
7477.
7475.
7471.
7469.
7467.
7463.
7460.
7457.
7456.
7452.
7449.
7445.
7442.
7440.
7437.
7434.
7430.
7429.
7431.
7436.
7443.
7451.
7460.
7469.
7479.
7485.
7490.
7495.
7497.
7501.
7504.
7504.
7503.
7503.
7502.
7503.
7502.
7500.
7500.
7500.
7499.
7499.
7498.
7498.
7498.
7498.
7496.
7497.
7496.
7495.
7494.
7495.
7494.
7494.
7493.
7492.
7492.
7492.
7491.
7490.
7491.
7491.
7491.
7490.
7489.
7490.
7491.
7491.
7491.
7491.
7491.
7491.
7491.
7492.
7492.
7492.
7492.
7492.
7492.
7492.
7492.
7492.
7492.
7492.
7493.
7494.
7495.
7494.
7494.
7496.
7497.
7497.
7497.
7498.
7498.
7499.
7500.
7501.
7501.
7502.
7504.
7505.
7506.
7507.
7508.
7510.
7511.
7512.
7514.
7514.
7515.
7517.
7519.
7522.
7522.
7524.
7525.
7526.
7527.
7526.
7524.
7523.
7520.
7520.
7520.
7522.
7522.
7525.
7526.
7527.
7528.
7530.
7531.
7533.
7534.
7535.
7536.
7537.
7539.
7540.
7539.
7541.
7542.
7544.
7544.
7546.
7546.
7547.
7549.
7550.
7551.
7552.
7552.
7554.
7555.
7555.
7557.
7558.
7559.
7559.
7559.
7562.
7562.
7562.
7563.
7562.
7564.
7564.
7565.
7565.
7566.
7566.
7566.
7567.
7567.
7567.
7567.
7568.
7568.
7568.
7568.
7569.
7568.
7568.
7568.
7568.
7567.
7566.
7566.
7566.
7566.
7565.
7565.
7564.
7563.
7563.
7562.
7562.
7561.
7559.
7557.
7558.
7556.
7555.
7554.
7552.
7551.
7549.
7547.
7547.
7544.
7542.
7540.
7539.
7536.
7534.
7532.
7529.
7528.
7524.
7522.
7520.
7518.
7514.
7512.
7508.
7506.
7503.
7499.
7497.
7494.
7491.
7488.
7484.
7481.
7477.
7474.
7470.
7467.
7463.
7460.
7458.
7454.
7452.
7451.
7452.
7455.
7460.
7468.
7478.
7488.
7496.
7504.
7509.
7514.
7520.
7524.
7528.
7530.
7534.
7535.
7537.
7538.
7537.
7536.
7535.
7533.
7533.
7533.
7533.
7534.
7532.
7532.
7532.
7532.
7531.
7531.
7530.
7530.
7529.
7528.
7529.
7528.
7528.
7528.
7528.
7527.
7527.
7527.
7526.
7526.
7526.
7526.
7524.
7525.
7525.
7525.
7525.
7526.
7525.
7525.
7525.
7525.
7525.
7525.
7525.
7525.
7524.
7524.
7525.
7524.
7524.
7525.
7524.
7526.
7524.
7525.
7525.
7525.
7526.
7525.
7525.
7526.
7525.
7526.
7524.
7524.
7525.
7525.
7525.
7525.
7524.
7526.
7526.
7527.
7526.
7526.
7526.
7527.
7525.
7526.
7526.
7527.
7525.
7526.
7525.
7526.
7526.
7526.
7527.
7526.
7526.
7527.
7528.
7529.
7528.
7528.
7529.
7529.
7530.
7532.
7532.
7532.
7533.
7533.
7535.
7536.
7537.
7538.
7539.
7537.
7537.
7534.
7531.
7526.
7520.
7516.
7512.
7510.
7509.
7508.
7511.
7511.
7512.
7512.
7512.
7512.
7511.
7512.
7512.
7512.
7510.
7511.
7511.
7510.
7509.
7509.
7508.
7507.
7506.
7506.
7504.
7504.
7504.
7504.
7501.
7500.
7499.
7498.
7497.
7497.
7494.
7494.
7493.
7490.
7487.
7486.
7484.
7482.
7481.
7478.
7476.
7474.
7471.
7469.
7468.
7464.
7462.
7460.
7456.
7454.
7452.
7449.
7446.
7444.
7441.
7441.
7445.
7451.
7461.
7470.
7479.
7489.
7498.
7506.
7512.
7518.
7522.
7527.
7530.
7534.
7534.
7536.
7538.
7536.
7535.
7535.
7534.
7535.
7535.
7535.
7535.
7535.
7535.
7534.
7534.
7535.
7535.
7534.
7533.
7533.
7532.
7532.
7532.
7533.
7532.
7533.
7532.
7532.
7532.
7532.
7532.
7532.
7533.
7533.
7533.
7532.
7533.
7534.
7534.
7534.
7534.
7534.
7534.
7535.
7536.
7536.
7537.
7537.
7538.
7538.
7539.
7539.
7539.
7541.
7542.
7542.
7544.
7545.
7546.
7546.
7548.
7549.
7550.
7551.
7552.
7553.
7555.
7556.
7557.
7560.
7562.
7562.
7563.
7563.
7560.
7557.
7552.
7549.
7546.
7544.
7543.
7544.
7545.
7546.
7547.
7548.
7549.
7550.
7551.
7551.
7551.
7553.
7554.
7553.
7552.
7553.
7553.
7553.
7552.
7553.
7553.
7553.
7554.
7553.
7553.
7553.
7553.
7552.
7552.
7552.
7551.
7550.
7551.
7549.
7548.
7547.
7547.
7546.
7545.
7543.
7542.
7540.
7540.
7539.
7536.
7534.
7533.
7532.
7530.
7528.
7527.
7524.
7522.
7520.
7517.
7515.
7512.
7511.
7509.
7505.
7502.
7500.
7497.
7494.
7491.
7488.
7485.
7482.
7478.
7476.
7472.
7469.
7467.
7464.
7461.
7457.
7454.
7450.
7446.
7443.
7439.
7435.
7431.
7429.
7424.
7422.
7419.
7419.
7420.
7423.
7431.
7440.
7451.
7462.
7472.
7482.
7487.
7492.
7497.
7500.
7503.
7507.
7507.
7509.
7507.
7505.
7505.
7504.
7503.
7503.
7502.
7502.
7502.
7501.
7501.
7500.
7499.
7498.
7499.
7499.
7498.
7498.
7498.
7497.
7496.
7496.
7495.
7494.
7494.
7494.
7493.
7493.
7493.
7492.
7492.
7493.
7492.
7492.
7491.
7491.
7491.
7490.
7490.
7490.
7490.
7489.
7489.
7491.
7490.
7489.
7489.
7488.
7488.
7488.
7488.
7489.
7487.
7487.
7486.
7488.
7486.
7486.
7487.
7486.
7484.
7484.
7485.
7484.
7484.
7482.
7482.
7481.
7482.
7480.
7479.
7478.
7477.
7476.
7477.
7475.
7473.
7473.
7473.
7471.
7470.
7469.
7468.
7466.
7465.
7463.
7462.
7461.
7460.
7458.
7456.
7454.
7451.
7449.
7449.
7447.
7444.
7442.
7440.
7438.
7436.
7433.
7432.
7432.
7435.
7439.
7445.
7452.
7460.
7469.
7474.
7479.
7482.
7486.
7491.
7494.
7498.
7499.
7502.
7502.
7501.
7503.
7503.
7502.
7503.
7501.
7501.
7501.
7501.
7501.
7502.
7503.
7503.
7502.
7502.
7503.
7502.
7503.
7503.
7503.
7504.
7504.
7504.
7504.
7503.
7504.
7506.
7507.
7506.
7508.
7509.
7509.
7510.
7510.
7511.
7512.
7512.
7515.
7516.
7518.
7519.
7520.
7522.
7522.
7524.
7525.
7527.
7529.
7531.
7533.
7535.
7535.
7537.
7540.
7543.
7543.
7546.
7549.
7551.
7550.
7550.
7549.
7546.
7543.
7540.
7540.
7540.
7541.
7543.
7546.
7548.
7550.
7552.
7552.
7554.
7555.
7555.
7557.
7558.
7560.
7560.
7561.
7564.
7563.
7563.
7565.
7567.
7567.
7568.
7568.
7569.
7570.
7571.
7571.
7571.
7572.
7572.
7572.
7574.
7572.
7573.
7573.
7573.
7574.
7574.
7574.
7574.
7574.
7573.
7573.
7573.
7573.
7573.
7572.
7571.
7571.
7570.
7570.
7569.
7568.
7567.
7565.
7565.
7564.
7563.
7561.
7560.
7559.
7558.
7556.
7556.
7554.
7551.
7550.
7548.
7545.
7543.
7541.
7539.
7537.
7535.
7533.
7529.
7527.
7525.
7522.
7519.
7517.
7515.
7511.
7508.
7506.
7503.
7499.
7496.
7493.
7490.
7486.
7483.
7479.
7476.
7473.
7469.
7468.
7463.
7460.
7457.
7453.
7450.
7447.
7443.
7441.
7442.
7444.
7448.
7456.
7466.
7476.
7487.
7497.
7505.
7514.
7518.
7523.
7525.
7530.
7531.
7534.
7533.
7532.
7531.
7531.
7530.
7529.
7528.
7527.
7527.
7526.
7525.
7525.
7525.
7524.
7524.
7524.
7523.
7523.
7524.
7522.
7521.
7520.
7520.
7521.
7520.
7519.
7519.
7518.
7518.
7517.
7517.
7518.
7517.
7517.
7517.
7517.
7517.
7517.
7517.
7517.
7516.
7517.
7516.
7516.
7516.
7516.
7516.
7517.
7516.
7516.
7517.
7517.
7517.
7517.
7516.
7516.
7517.
7517.
7517.
7518.
7518.
7519.
7518.
7520.
7520.
7520.
7521.
7521.
7523.
7522.
7523.
7524.
7524.
7525.
7525.
7526.
7527.
7528.
7528.
7529.
7529.
7531.
7533.
7534.
7535.
7536.
7536.
7539.
7539.
7540.
7542.
7544.
7545.
7546.
7548.
7551.
7550.
7550.
7548.
7544.
7541.
7537.
7535.
7532.
7531.
7531.
7533.
7532.
7535.
7536.
7536.
7537.
7537.
7538.
7539.
7538.
7539.
7539.
7539.
7539.
7538.
7537.
7537.
7537.
7537.
7536.
7536.
7536.
7535.
7535.
7535.
7534.
7533.
7533.
7532.
7531.
7530.
7530.
7530.
7528.
7527.
7526.
7524.
7524.
7523.
7522.
7520.
7520.
7517.
7516.
7515.
7512.
7510.
7509.
7507.
7506.
7504.
7501.
7500.
7498.
7496.
7492.
7490.
7488.
7486.
7483.
7479.
7477.
7474.
7471.
7469.
7466.
7464.
7461.
7458.
7454.
7452.
7449.
7445.
7442.
7439.
7437.
7433.
7430.
7427.
7424.
7423.
7425.
7430.
7436.
7444.
7455.
7466.
7475.
7481.
7487.
7493.
7498.
7504.
7510.
7517.
7520.
7522.
7523.
7522.
7525.
7523.
7524.
7523.
7524.
7522.
7522.
7523.
7522.
7524.
7524.
7523.
7523.
7522.
7524.
7524.
7523.
7522.
7524.
7524.
7523.
7524.
7525.
7524.
7524.
7524.
7525.
7526.
7526.
7527.
7527.
7528.
7529.
7529.
7530.
7531.
7531.
7532.
7532.
7534.
7535.
7535.
7536.
7538.
7539.
7539.
7541.
7542.
7543.
7545.
7547.
7547.
7549.
7550.
7552.
7553.
7556.
7556.
7559.
7560.
7562.
7563.
7565.
7565.
7564.
7562.
7560.
7556.
7552.
7548.
7547.
7548.
7550.
7551.
7552.
7553.
7554.
7556.
7556.
7557.
7558.
7558.
7558.
7559.
7559.
7559.
7560.
7560.
7560.
7560.
7560.
7560.
7560.
7560.
7560.
7560.
7558.
7560.
7559.
7558.
7558.
7557.
7557.
7557.
7556.
7556.
7554.
7554.
7553.
7553.
7551.
7549.
7548.
7547.
7545.
7544.
7544.
7542.
7541.
7539.
7536.
7536.
7534.
7531.
7529.
7528.
7525.
7523.
7521.
7519.
7515.
7514.
7511.
7508.
7505.
7502.
7499.
7497.
7494.
7492.
7489.
7486.
7483.
7480.
7477.
7474.
7471.
7467.
7464.
7462.
7458.
7454.
7451.
7448.
7445.
7441.
7440.
7437.
7439.
7443.
7449.
7458.
7467.
7475.
7484.
7491.
7498.
7503.
7508.
7512.
7516.
7518.
7519.
7520.
7520.
7519.
7518.
7517.
7518.
7517.
7516.
7515.
7515.
7514.
7514.
7514.
7513.
7513.
7513.
7513.
7512.
7511.
7511.
7511.
7510.
7510.
7509.
7510.
7509.
7509.
7508.
7508.
7508.
7509.
7508.
7507.
7507.
7507.
7507.
7507.
7506.
7507.
7506.
7507.
7505.
7506.
7507.
7506.
7507.
7507.
7507.
7507.
7507.
7507.
7507.
7507.
7506.
7508.
7508.
7508.
7508.
7509.
7508.
7508.
7508.
7509.
7509.
7510.
7511.
7511.
7510.
7510.
7511.
7512.
7511.
7512.
7512.
7513.
7513.
7513.
7513.
7514.
7515.
7514.
7516.
7516.
7516.
7517.
7519.
7518.
7520.
7521.
7521.
7522.
7523.
7524.
7524.
7526.
7526.
7527.
7528.
7529.
7531.
7532.
7533.
7534.
7536.
7537.
7539.
7538.
7540.
7542.
7543.
7543.
7543.
7540.
7537.
7533.
7531.
7529.
7529.
7529.
7529.
7530.
7530.
7529.
7532.
7533.
7533.
7533.
7533.
7533.
7533.
7532.
7532.
7533.
7532.
7532.
7531.
7531.
7530.