8247.
8247.
8246.
8247.
8246.
8246.
8247.
8246.
8245.
8247.
8246.
8246.
8246.
8247.
8246.
8245.
8245.
8244.
8245.
8245.
8244.
8244.
8245.
8245.
8244.
8244.
8244.
8245.
8243.
8244.
8244.
8244.
8242.
8243.
8243.
8242.
8241.
8240.
8240.
8240.
8239.
8239.
8240.
8239.
8238.
8239.
8237.
8238.
8235.
8236.
8235.
8235.
8234.
8233.
8233.
8233.
8232.
8232.
8232.
8231.
8230.
8231.
8229.
8229.
8229.
8229.
8228.
8228.
8226.
8227.
8227.
8226.
8227.
8228.
8230.
8231.
8230.
8232.
8232.
8232.
8233.
8233.
8234.
8235.
8234.
8235.
8236.
8235.
8235.
8235.
8236.
8235.
8235.
8237.
8235.
8236.
8234.
8234.
8234.
8236.
8235.
8234.
8235.
8235.
8234.
8235.
8235.
8235.
8235.
8235.
8235.
8235.
8234.
8236.
8236.
8235.
8234.
8237.
8236.
8237.
8236.
8235.
8237.
8236.
8236.
8238.
8238.
8237.
8237.
8238.
8238.
8238.
8237.
8238.
8239.
8240.
8238.
8238.
8238.
8238.
8240.
8240.
8240.
8240.
8240.
8241.
8241.
8242.
8241.
8243.
8242.
8241.
8241.
8242.
8243.
8243.
8242.
8243.
8242.
8244.
8243.
8243.
8244.
8243.
8244.
8244.
8244.
8244.
8243.
8245.
8244.
8244.
8244.
8246.
8246.
8246.
8246.
8247.
8248.
8247.
8249.
8248.
8248.
8248.
8247.
8248.
8249.
8249.
8249.
8249.
8250.
8250.
8249.
8249.
8249.
8249.
8248.
8249.
8250.
8250.
8249.
8248.
8250.
8249.
8249.
8248.
8248.
8248.
8248.
8248.
8248.
8247.
8246.
8246.
8248.
8247.
8246.
8246.
8245.
8245.
8244.
8244.
8244.
8243.
8242.
8243.
8244.
8244.
8242.
8243.
8241.
8241.
8240.
8240.
8240.
8240.
8239.
8238.
8238.
8237.
8235.
8235.
8235.
8235.
8234.
8234.
8233.
8232.
8233.
8232.
8233.
8233.
8232.
8231.
8229.
8230.
8229.
8228.
8227.
8228.
8228.
8226.
8227.
8227.
8227.
8227.
8225.
8227.
8228.
8230.
8231.
8231.
8231.
8233.
8231.
8232.
8231.
8233.
8232.
8232.
8232.
8231.
8231.
8232.
8231.
8232.
8232.
8231.
8231.
8233.
8234.
8233.
8233.
8234.
8236.
8235.
8234.
8237.
8236.
8236.
8235.
8236.
8236.
8236.
8237.
8239.
8239.
8238.
8237.
8238.
8240.
8239.
8239.
8240.
8239.
8239.
8239.
8241.
8241.
8241.
8241.
8242.
8242.
8243.
8243.
8243.
8243.
8243.
8243.
8246.
8246.
8246.
8244.
8245.
8246.
8245.
8246.
8248.
8247.
8247.
8248.
8248.
8249.
8250.
8250.
8250.
8251.
8252.
8252.
8253.
8252.
8253.
8253.
8254.
8255.
8254.
8255.
8254.
8255.
8256.
8255.
8256.
8257.
8257.
8256.
8257.
8258.
8256.
8257.
8257.
8257.
8257.
8258.
8257.
8258.
8259.
8260.
8259.
8259.
8259.
8258.
8259.
8260.
8260.
8260.
8259.
8260.
8261.
8259.
8262.
8262.
8262.
8261.
8261.
8261.
8263.
8262.
8262.
8261.
8261.
8260.
8258.
8258.
8259.
8257.
8258.
8257.
8256.
8256.
8258.
8258.
8257.
8257.
8259.
8260.
8260.
8259.
8260.
8261.
8261.
8261.
8260.
8261.
8261.
8260.
8260.
8260.
8261.
8260.
8260.
8261.
8261.
8261.
8262.
8261.
8261.
8262.
8261.
8262.
8263.
8261.
8262.
8262.
8263.
8260.
8260.
8261.
8261.
8261.
8260.
8260.
8260.
8258.
8258.
8258.
8258.
8257.
8257.
8257.
8257.
8257.
8256.
8254.
8255.
8253.
8253.
8253.
8252.
8251.
8251.
8248.
8247.
8247.
8247.
8246.
8245.
8243.
8244.
8242.
8241.
8240.
8240.
8239.
8237.
8236.
8235.
8231.
8230.
8226.
8225.
8222.
8219.
8215.
8212.
8209.
8205.
8201.
8197.
8192.
8190.
8188.
8186.
8184.
8182.
8182.
8182.
8182.
8183.
8184.
8185.
8188.
8190.
8190.
8192.
8194.
8195.
8196.
8198.
8199.
8200.
8202.
8203.
8204.
8205.
8207.
8209.
8210.
8213.
8214.
8216.
8218.
8219.
8220.
8222.
8222.
8224.
8226.
8226.
8227.
8228.
8229.
8230.
8231.
8232.
8234.
8235.
8236.
8236.
8237.
8238.
8239.
8242.
8242.
8243.
8244.
8244.
8246.
8246.
8247.
8249.
8250.
8251.
8252.
8251.
8253.
8254.
8254.
8255.
8255.
8258.
8257.
8259.
8258.
8259.
8261.
8260.
8261.
8262.
8262.
8262.
8263.
8264.
8263.
8264.
8264.
8265.
8265.
8265.
8264.
8264.
8264.
8264.
8264.
8264.
8266.
8266.
8267.
8268.
8266.
8267.
8267.
8269.
8270.
8270.
8270.
8270.
8271.
8271.
8273.
8273.
8273.
8273.
8273.
8273.
8275.
8274.
8273.
8274.
8273.
8273.
8273.
8275.
8275.
8274.
8273.
8274.
8274.
8274.
8273.
8275.
8274.
8274.
8273.
8273.
8272.
8272.
8271.
8271.
8271.
8270.
8270.
8269.
8269.
8268.
8268.
8268.
8268.
8267.
8266.
8265.
8266.
8265.
8263.
8263.
8264.
8264.
8263.
8264.
8262.
8262.
8261.
8261.
8260.
8259.
8259.
8258.
8259.
8257.
8257.
8257.
8256.
8255.
8253.
8254.
8254.
8253.
8252.
8252.
8251.
8253.
8253.
8253.
8253.
8251.
8251.
8252.
8252.
8252.
8253.
8252.
8252.
8252.
8251.
8252.
8253.
8253.
8253.
8254.
8253.
8253.
8253.
8254.
8255.
8254.
8253.
8254.
8255.
8255.
8254.
8254.
8256.
8255.
8254.
8255.
8254.
8255.
8255.
8256.
8256.
8256.
8257.
8256.
8256.
8255.
8256.
8257.
8255.
8256.
8255.
8256.
8255.
8255.
8255.
8256.
8256.
8256.
8255.
8257.
8257.
8256.
8256.
8256.
8256.
8257.
8256.
8254.
8256.
8254.
8255.
8254.
8254.
8253.
8254.
8254.
8254.
8256.
8254.
8254.
8254.
8255.
8254.
8254.
8253.
8252.
8251.
8253.
8252.
8252.
8251.
8252.
8253.
8252.
8252.
8252.
8251.
8251.
8250.
8251.
8252.
8251.
8252.
8251.
8250.
8250.
8249.
8252.
8251.
8251.
8251.
8251.
8251.
8250.
8250.
8251.
8251.
8251.
8249.
8250.
8250.
8250.
8250.
8249.
8250.
8250.
8249.
8249.
8250.
8250.
8251.
8251.
8251.
8251.
8250.
8252.
8252.
8252.
8249.
8249.
8249.
8249.
8247.
8248.
8247.
8247.
8245.
8248.
8246.
8246.
8247.
8248.
8247.
8248.
8248.
8250.
8250.
8251.
8250.
8249.
8250.
8250.
8249.
8251.
8251.
8251.
8251.
8251.
8252.
8250.
8251.
8251.
8250.
8250.
8250.
8251.
8250.
8251.
8250.
8249.
8250.
8249.
8248.
8248.
8248.
8248.
8246.
8247.
8248.
8248.
8245.
8246.
8245.
8245.
8245.
8245.
8244.
8244.
8243.
8243.
8243.
8242.
8242.
8241.
8240.
8240.
8239.
8238.
8238.
8237.
8237.
8237.
8236.
8236.
8235.
8234.
8233.
8233.
8232.
8232.
8231.
8231.
8229.
8231.
8230.
8228.
8227.
8228.
8230.
8230.
8231.
8231.
8231.
8233.
8233.
8233.
8234.
8234.
8234.
8233.
8234.
8235.
8234.
8234.
8233.
8233.
8233.
8232.
8233.
8234.
8233.
8234.
8232.
8232.
8232.
8232.
8232.
8232.
8231.
8232.
8232.
8232.
8232.
8232.
8232.
8231.
8231.
8232.
8231.
8232.
8231.
8231.
8231.
8232.
8232.
8232.
8232.
8232.
8231.
8231.
8230.
8231.
8231.
8230.
8231.
8231.
8231.
8231.
8232.
8231.
8231.
8231.
8232.
8232.
8231.
8232.
8232.
8232.
8231.
8231.
8232.
8233.
8233.
8232.
8231.
8233.
8232.
8232.
8233.
8233.
8232.
8233.
8233.
8234.
8234.
8233.
8233.
8234.
8233.
8234.
8234.
8234.
8235.
8235.
8235.
8235.
8235.
8235.
8235.
8235.
8237.
8238.
8238.
8241.
8240.
8241.
8242.
8241.
8241.
8242.
8242.
8242.
8241.
8242.
8242.
8242.
8242.
8243.
8243.
8243.
8243.
8244.
8243.
8243.
8242.
8243.
8243.
8243.
8242.
8243.
8241.
8242.
8241.
8242.
8242.
8242.
8241.
8241.
8241.
8242.
8241.
8242.
8242.
8240.
8238.
8240.
8240.
8241.
8239.
8240.
8240.
8238.
8239.
8238.
8238.
8238.
8237.
8237.
8236.
8236.
8234.
8236.
8236.
8235.
8234.
8235.
8233.
8233.
8232.
8234.
8233.
8232.
8231.
8231.
8231.
8230.
8230.
8230.
8229.
8228.
8227.
8227.
8227.
8227.
8225.
8225.
8225.
8224.
8223.
8224.
8221.
8222.
8221.
8221.
8220.
8219.
8219.
8219.
8218.
8218.
8217.
8218.
8216.
8217.
8218.
8219.
8220.
8222.
8223.
8225.
8227.
8227.
8227.
8229.
8231.
8230.
8231.
8231.
8232.
8232.
8232.
8232.
8232.
8233.
8232.
8232.
8233.
8232.
8231.
8231.
8232.
8233.
8232.
8233.
8234.
8232.
8232.
8233.
8234.
8233.
8233.
8233.
8233.
8234.
8234.
8233.
8234.
8234.
8233.
8235.
8235.
8234.
8234.
8234.
8235.
8236.
8236.
8234.
8235.
8235.
8236.
8236.
8237.
8237.
8237.
8237.
8237.
8237.
8238.
8238.
8237.
8239.
8238.
8239.
8238.
8238.
8238.
8238.
8237.
8238.
8239.
8239.
8240.
8239.
8239.
8241.
8242.
8241.
8239.
8242.
8241.
8242.
8242.
8241.
8241.
8242.
8242.
8243.
8244.
8244.
8244.
8245.
8245.
8246.
8245.
8245.
8245.
8246.
8247.
8248.
8247.
8250.
8247.
8249.
8250.
8250.
8249.
8250.
8250.
8252.
8251.
8252.
8253.
8251.
8252.
8253.
8252.
8253.
8253.
8252.
8252.
8254.
8252.
8254.
8253.
8253.
8253.
8252.
8253.
8252.
8252.
8253.
8252.
8252.
8252.
8252.
8252.
8252.
8251.
8251.
8251.
8249.
8250.
8251.
8250.
8250.
8249.
8250.
8250.
8249.
8249.
8248.
8249.
8250.
8248.
8249.
8247.
8246.
8245.
8245.
8245.
8244.
8244.
8244.
8242.
8243.
8242.
8243.
8242.
8241.
8239.
8241.
8241.
8240.
8239.
8239.
8238.
8239.
8238.
8238.
8236.
8235.
8235.
8236.
8235.
8234.
8233.
8234.
8233.
8233.
8233.
8231.
8233.
8232.
8230.
8231.
8230.
8228.
8229.
8232.
8232.
8233.
8234.
8235.
8236.
8236.
8236.
8237.
8238.
8237.
8237.
8237.
8237.
8237.
8237.
8236.
8236.
8236.
8237.
8236.
8236.
8237.
8236.
8236.
8235.
8236.
8236.
8236.
8238.
8237.
8236.
8237.
8236.
8237.
8236.
8238.
8238.
8237.
8236.
8237.
8237.
8236.
8236.
8237.
8236.
8236.
8237.
8238.
8237.
8236.
8236.
8237.
8236.
8236.
8238.
8239.
8237.
8238.
8238.
8237.
8237.
8237.
8238.
8239.
8238.
8239.
8238.
8239.
8239.
8239.
8238.
8240.
8240.
8239.
8239.
8238.
8239.
8241.
8237.
8239.
8239.
8240.
8240.
8240.
8240.
8241.
8241.
8241.
8241.
8240.
8241.
8241.
8242.
8242.
8241.
8242.
8242.
8241.
8243.
8243.
8243.
8244.
8244.
8244.
8244.
8246.
8244.
8245.
8245.
8246.
8247.
8246.
8246.
8245.
8245.
8246.
8247.
8247.
8246.
8246.
8247.
8247.
8247.
8247.
8247.
8247.
8248.
8248.
8248.
8248.
8248.
8248.
8248.
8248.
8247.
8249.
8247.
8248.
8248.
8247.
8248.
8248.
8248.
8247.
8246.
8247.
8245.
8246.
8247.
8246.
8245.
8244.
8245.
8245.
8243.
8244.
8245.
8245.
8243.
8243.
8242.
8241.
8241.
8242.
8242.
8241.
8241.
8240.
8241.
8240.
8239.
8238.
8238.
8238.
8237.
8237.
8238.
8236.
8235.
8236.
8234.
8234.
8233.
8233.
8234.
8233.
8232.
8231.
8231.
8232.
8229.
8230.
8230.
8228.
8226.
8228.
8227.
8228.
8227.
8226.
8224.
8223.
8223.
8224.
8225.
8226.
8226.
8226.
8227.
8228.
8228.
8228.
8229.
8228.
8228.
8229.
8229.
8229.
8228.
8230.
8230.
8230.
8229.
8230.
8231.
8230.
8228.
8230.
8232.
8231.
8229.
8230.
8232.
8232.
8231.
8230.
8232.
8231.
8230.
8231.
8231.
8232.
8231.
8232.
8232.
8231.
8232.
8232.
8232.
8233.
8232.
8232.
8232.
8232.
8232.
8232.
8232.
8232.
8232.
8233.
8234.
8234.
8234.
8234.
8234.
8235.
8234.
8235.
8237.
8236.
8235.
8236.
8237.
8236.
8235.
8238.
8238.
8236.
8236.
8238.
8237.
8237.
8237.
8238.
8238.
8238.
8240.
8240.
8239.
8239.
8239.
8240.
8240.
8240.
8241.
8241.
8242.
8242.
8242.
8241.
8242.
8243.
8243.
8243.
8243.
8245.
8245.
8245.
8245.
8246.
8246.
8246.
8247.
8248.
8248.
8248.
8249.
8248.
8248.
8249.
8249.
8249.
8248.
8250.
8250.
8251.
8251.
8252.
8253.
8251.
8252.
8252.
8251.
8251.
8252.
8253.
8252.
8252.
8252.
8252.
8251.
8252.
8252.
8252.
8252.
8252.
8250.
8251.
8252.
8250.
8250.
8251.
8249.
8250.
8249.
8250.
8250.
8248.
8247.
8248.
8247.
8247.
8247.
8247.
8247.
8245.
8246.
8247.
8245.
8244.
8244.
8243.
8244.
8244.
8242.
8242.
8241.
8241.
8241.
8241.
8240.
8240.
8240.
8241.
8240.
8238.
8237.
8237.
8236.
8236.
8235.
8236.
8234.
8234.
8234.
8232.
8232.
8232.
8232.
8233.
8233.
8232.
8235.
8235.
8235.
8237.
8235.
8237.
8238.
8236.
8237.
8237.
8238.
8238.
8238.
8237.
8237.
8238.
8237.
8237.
8238.
8238.
8237.
8237.
8239.
8238.
8236.
8235.
8237.
8239.
8237.
8237.
8237.
8238.
8236.
8237.
8237.
8237.
8237.
8237.
8237.
8238.
8237.
8238.
8238.
8237.
8237.
8238.
8238.
8237.
8239.
8238.
8239.
8239.
8239.
8240.
8239.
8240.
8239.
8239.
8240.
8241.
8240.
8240.
8241.
8240.
8239.
8241.
8240.
8240.
8239.
8241.
8241.
8241.
8240.
8240.
8242.
8243.
8241.
8243.
8244.
8244.
8243.
8243.
8244.
8245.
8244.
8245.
8244.
8246.
8245.
8246.
8246.
8247.
8246.
8247.
8248.
8249.
8249.
8249.
8250.
8249.
8249.
8250.
8250.
8251.
8250.
8252.
8251.
8251.
8251.
8251.
8252.
8250.
8251.
8252.
8252.
8253.
8252.
8252.
8252.
8252.
8252.
8253.
8253.
8255.
8254.
8255.
8254.
8254.
8254.
8257.
8257.
8256.
8256.
8256.
8255.
8255.
8255.
8256.
8255.
8255.
8255.
8256.
8254.
8255.
8255.
8256.
8255.
8255.
8254.
8255.
8254.
8253.
8253.
8254.
8254.
8254.
8254.
8252.
8253.
8252.
8252.
8252.
8251.
8252.
8251.
8251.
8251.
8250.
8249.
8249.
8249.
8250.
8248.
8247.
8247.
8246.
8246.
8247.
8246.
8245.
8245.
8245.
8244.
8243.
8244.
8243.
8243.
8243.
8241.
8242.
8240.
8240.
8240.
8238.
8238.
8238.
8238.
8236.
8236.
8236.
8234.
8234.
8234.
8233.
8232.
8232.
8232.
8233.
8234.
8235.
8236.
8236.
8235.
8236.
8236.
8237.
8235.
8236.
8237.
8238.
8239.
8238.
8238.
8237.
8236.
8236.
8237.
8237.
8237.
8237.
8237.
8236.
8235.
8237.
8237.
8237.
8236.
8238.
8237.
8236.
8237.
8237.
8237.
8237.
8237.
8237.
8237.
8239.
8237.
8239.
8238.
8238.
8236.
8238.
8240.
8239.
8238.
8239.
8238.
8238.
8238.
8238.
8239.
8239.
8237.
8240.
8239.
8240.
8238.
8240.
8240.
8240.
8240.
8242.
8240.
8240.
8239.
8240.
8240.
8240.
8240.
8241.
8242.
8241.
8242.
8240.
8242.
8242.
8242.
8243.
8241.
8242.
8242.
8244.
8244.
8243.
8243.
8244.
8245.
8246.
8244.
8244.
8245.
8244.
8244.
8245.
8246.
8247.
8246.
8246.
8246.
8246.
8245.
8245.
8247.
8246.
8245.
8245.
8246.
8247.
8246.
8246.
8246.
8247.
8246.
8247.
8245.
8246.
8247.
8247.
8247.
8247.
8247.
8247.
8248.
8246.
8246.
8246.
8246.
8246.
8245.
8244.
8244.
8244.
8244.
8243.
8244.
8243.
8243.
8242.
8243.
8243.
8242.
8241.
8241.
8240.
8240.
8241.
8241.
8240.
8239.
8238.
8238.
8238.
8237.
8237.
8238.
8237.
8237.
8236.
8236.
8235.
8234.
8235.
8234.
8235.
8234.
8232.
8232.
8233.
8232.
8232.
8230.
8229.
8229.
8229.
8227.
8227.
8227.
8226.
8226.
8226.
8225.
8224.
8225.
8225.
8224.
8223.
8223.
8221.
8219.
8220.
8219.
8219.
8218.
8218.
8221.
8220.
8222.
8224.
8224.
8224.
8226.
8225.
8226.
8225.
8227.
8227.
8226.
8226.
8225.
8226.
8227.
8226.
8224.
8225.
8224.
8225.
8226.
8225.
8226.
8224.
8225.
8226.
8225.
8225.
8225.
8226.
8227.
8225.
8226.
8226.
8225.
8225.
8225.
8226.
8225.
8226.
8225.
8226.
8225.
8226.
8227.
8225.
8226.
8227.
8226.
8227.
8227.
8227.
8226.
8227.
8228.
8226.
8228.
8229.
8228.
8228.
8227.
8227.
8227.
8229.
8227.
8228.
8227.
8228.
8230.
8229.
8229.
8230.
8230.
8231.
8231.
8231.
8230.
8232.
8231.
8231.
8231.
8232.
8232.
8233.
8232.
8233.
8233.
8233.
8234.
8234.
8234.
8235.
8235.
8235.
8235.
8236.
8235.
8235.
8236.
8237.
8236.
8236.
8237.
8238.
8236.
8237.
8238.
8238.
8237.
8239.
8240.
8240.
8239.
8239.
8241.
8241.
8242.
8243.
8244.
8244.
8244.
8244.
8245.
8245.
8243.
8244.
8246.
8245.
8244.
8245.
8245.
8243.
8244.
8244.
8245.
8244.
8245.
8244.
8244.
8244.
8243.
8244.
8243.
8244.
8242.
8243.
8244.
8243.
8241.
8241.
8242.
8242.
8242.
8242.
8243.
8242.
8240.
8240.
8240.
8241.
8239.
8239.
8240.
8241.
8238.
8237.
8238.
8238.
8238.
8237.
8237.
8237.
8235.
8236.
8235.
8235.
8233.
8235.
8233.
8233.
8232.
8232.
8232.
8232.
8231.
8232.
8231.
8231.
8229.
8229.
8228.
8228.
8227.
8228.
8228.
8227.
8226.
8227.
8227.
8226.
8225.
8225.
8224.
8223.
8223.
8223.
8223.
8224.
8225.
8226.
8227.
8228.
8228.
8231.
8231.
8231.
8231.
8231.
8231.
8232.
8231.
8232.
8231.
8232.
8231.
8232.
8232.
8231.
8232.
8232.
8231.
8232.
8232.
8233.
8232.
8231.
8231.
8231.
8233.
8232.
8231.
8232.
8232.
8232.
8232.
8232.
8232.
8232.
8232.
8231.
8232.
8233.
8233.
8232.
8232.
8232.
8233.
8234.
8234.
8233.
8233.
8233.
8234.
8234.
8232.
8234.
8234.
8234.
8235.
8235.
8236.
8235.
8234.
8235.
8238.
8236.
8237.
8238.
8236.
8236.
8237.
8237.
8238.
8237.
8237.
8238.
8238.
8237.
8238.
8239.
8238.
8239.
8240.
8240.
8239.
8239.
8240.
8239.
8240.
8241.
8240.
8241.
8241.
8242.
8242.
8242.
8243.
8243.
8243.
8243.
8243.
8244.