7815.
7815.
7814.
7814.
7812.
7814.
7811.
7811.
7810.
7809.
7809.
7809.
7810.
7809.
7808.
7808.
7808.
7809.
7807.
7809.
7809.
7809.
7811.
7812.
7816.
7817.
7817.
7817.
7817.
7820.
7820.
7822.
7821.
7822.
7822.
7824.
7825.
7826.
7824.
7826.
7827.
7825.
7826.
7826.
7825.
7824.
7823.
7824.
7822.
7824.
7824.
7823.
7823.
7824.
7823.
7824.
7825.
7823.
7824.
7823.
7824.
7825.
7823.
7824.
7825.
7825.
7823.
7824.
7825.
7824.
7825.
7825.
7824.
7823.
7823.
7824.
7823.
7823.
7824.
7824.
7824.
7824.
7824.
7824.
7824.
7824.
7823.
7823.
7824.
7824.
7823.
7825.
7824.
7824.
7824.
7825.
7825.
7824.
7824.
7825.
7826.
7825.
7827.
7828.
7827.
7827.
7827.
7827.
7825.
7825.
7825.
7826.
7824.
7823.
7824.
7824.
7825.
7824.
7823.
7824.
7825.
7824.
7824.
7825.
7825.
7824.
7823.
7824.
7824.
7823.
7825.
7824.
7825.
7823.
7824.
7824.
7824.
7824.
7824.
7824.
7823.
7824.
7824.
7826.
7826.
7826.
7824.
7825.
7825.
7824.
7824.
7824.
7825.
7825.
7825.
7826.
7826.
7826.
7824.
7823.
7825.
7825.
7824.
7825.
7823.
7825.
7825.
7823.
7824.
7823.
7823.
7824.
7824.
7823.
7822.
7823.
7822.
7823.
7823.
7824.
7823.
7823.
7821.
7822.
7823.
7823.
7821.
7822.
7821.
7820.
7819.
7821.
7820.
7819.
7818.
7818.
7819.
7817.
7818.
7817.
7816.
7815.
7815.
7816.
7816.
7816.
7814.
7812.
7813.
7813.
7813.
7812.
7812.
7811.
7810.
7810.
7810.
7808.
7807.
7807.
7806.
7806.
7806.
7806.
7805.
7805.
7803.
7802.
7801.
7801.
7801.
7802.
7800.
7802.
7803.
7803.
7806.
7809.
7810.
7813.
7812.
7813.
7813.
7816.
7816.
7817.
7815.
7817.
7819.
7820.
7821.
7821.
7822.
7821.
7821.
7821.
7820.
7820.
7820.
7821.
7820.
7820.
7818.
7820.
7818.
7819.
7819.
7820.
7820.
7821.
7819.
7820.
7820.
7820.
7820.
7820.
7819.
7820.
7821.
7821.
7820.
7819.
7819.
7820.
7820.
7820.
7821.
7820.
7821.
7821.
7821.
7822.
7822.
7821.
7821.
7823.
7821.
7822.
7821.
7822.
7823.
7822.
7822.
7822.
7821.
7822.
7823.
7823.
7823.
7822.
7822.
7822.
7823.
7822.
7821.
7822.
7822.
7823.
7821.
7822.
7823.
7823.
7823.
7823.
7824.
7823.
7823.
7822.
7823.
7823.
7823.
7824.
7825.
7825.
7825.
7825.
7826.
7826.
7828.
7830.
7830.
7830.
7830.
7831.
7829.
7829.
7829.
7829.
7829.
7828.
7827.
7828.
7828.
7828.
7827.
7828.
7829.
7828.
7828.
7828.
7829.
7829.
7828.
7828.
7830.
7830.
7829.
7829.
7830.
7829.
7829.
7829.
7831.
7829.
7830.
7831.
7831.
7829.
7831.
7830.
7831.
7831.
7829.
7829.
7829.
7830.
7830.
7831.
7830.
7830.
7829.
7830.
7830.
7830.
7829.
7829.
7829.
7829.
7827.
7830.
7830.
7828.
7828.
7829.
7828.
7827.
7827.
7825.
7826.
7826.
7826.
7826.
7825.
7825.
7825.
7825.
7825.
7823.
7822.
7823.
7823.
7823.
7820.
7822.
7821.
7821.
7820.
7820.
7820.
7819.
7818.
7818.
7818.
7818.
7816.
7814.
7816.
7815.
7814.
7814.
7812.
7812.
7810.
7812.
7810.
7810.
7808.
7809.
7810.
7810.
7810.
7813.
7813.
7815.
7814.
7814.
7815.
7815.
7816.
7817.
7818.
7819.
7819.
7820.
7821.
7821.
7821.
7820.
7820.
7818.
7818.
7817.
7819.
7818.
7818.
7818.
7818.
7818.
7818.
7819.
7819.
7818.
7816.
7818.
7820.
7818.
7817.
7817.
7817.
7818.
7817.
7818.
7818.
7818.
7817.
7818.
7818.
7818.
7818.
7817.
7819.
7818.
7816.
7818.
7817.
7819.
7817.
7816.
7816.
7815.
7815.
7816.
7815.
7814.
7814.
7816.
7816.
7816.
7814.
7815.
7814.
7814.
7814.
7814.
7812.
7812.
7811.
7811.
7812.
7812.
7810.
7810.
7811.
7811.
7809.
7810.
7809.
7808.
7808.
7808.
7807.
7808.
7806.
7806.
7807.
7806.
7806.
7805.
7804.
7805.
7804.
7804.
7804.
7802.
7801.
7803.
7801.
7801.
7800.
7799.
7798.
7799.
7798.
7798.
7798.
7798.
7797.
7796.
7795.
7791.
7793.
7793.
7794.
7792.
7792.
7792.
7793.
7793.
7795.
7798.
7800.
7803.
7804.
7807.
7807.
7809.
7810.
7811.
7813.
7813.
7814.
7815.
7816.
7817.
7817.
7818.
7819.
7820.
7821.
7821.
7820.
7821.
7818.
7818.
7818.
7818.
7818.
7818.
7817.
7816.
7818.
7818.
7818.
7816.
7817.
7815.
7816.
7817.
7816.
7817.
7816.
7817.
7817.
7818.
7817.
7816.
7817.
7816.
7819.
7817.
7817.
7818.
7817.
7818.
7817.
7820.
7819.
7817.
7817.
7819.
7818.
7819.
7819.
7818.
7817.
7818.
7817.
7817.
7819.
7819.
7818.
7818.
7818.
7818.
7817.
7818.
7818.
7820.
7818.
7819.
7818.
7819.
7819.
7819.
7819.
7820.
7819.
7819.
7820.
7819.
7819.
7821.
7821.
7821.
7820.
7821.
7821.
7822.
7821.
7820.
7821.
7822.
7822.
7823.
7823.
7823.
7822.
7823.
7823.
7823.
7822.
7823.
7824.
7824.
7824.
7826.
7827.
7829.
7829.
7831.
7831.
7833.
7832.
7835.
7835.
7834.
7833.
7833.
7834.
7834.
7834.
7834.
7834.
7833.
7833.
7834.
7835.
7834.
7834.
7835.
7834.
7835.
7835.
7835.
7836.
7835.
7834.
7834.
7834.
7833.
7833.
7833.
7834.
7832.
7833.
7834.
7834.
7833.
7832.
7833.
7833.
7835.
7834.
7835.
7834.
7836.
7837.
7837.
7838.
7839.
7838.
7840.
7838.
7838.
7838.
7838.
7837.
7836.
7836.
7837.
7836.
7837.
7836.
7836.
7836.
7837.
7837.
7836.
7836.
7835.
7836.
7837.
7836.
7836.
7836.
7836.
7836.
7837.
7835.
7836.
7835.
7836.
7836.
7836.
7836.
7837.
7836.
7836.
7836.
7836.
7835.
7837.
7837.
7837.
7835.
7837.
7837.
7838.
7837.
7837.
7837.
7838.
7838.
7836.
7836.
7836.
7838.
7839.
7837.
7838.
7836.
7837.
7836.
7835.
7837.
7838.
7837.
7838.
7837.
7837.
7836.
7836.
7835.
7835.
7835.
7837.
7835.
7835.
7835.
7835.
7832.
7833.
7832.
7832.
7832.
7833.
7832.
7831.
7831.
7831.
7830.
7829.
7830.
7830.
7829.
7829.
7828.
7828.
7827.
7827.
7825.
7826.
7826.
7826.
7825.
7825.
7823.
7824.
7823.
7823.
7823.
7822.
7822.
7822.
7821.
7820.
7821.
7820.
7820.
7818.
7817.
7817.
7817.
7817.
7816.
7816.
7817.
7816.
7817.
7819.
7819.
7822.
7822.
7824.
7825.
7825.
7826.
7826.
7828.
7828.
7827.
7829.
7830.
7831.
7832.
7832.
7831.
7830.
7831.
7830.
7830.
7829.
7830.
7829.
7828.
7829.
7828.
7829.
7828.
7829.
7827.
7828.
7828.
7828.
7828.
7829.
7827.
7828.
7829.
7829.
7829.
7829.
7828.
7828.
7828.
7828.
7827.
7828.
7829.
7827.
7826.
7826.
7827.
7826.
7826.
7827.
7827.
7827.
7828.
7828.
7827.
7827.
7827.
7829.
7827.
7827.
7826.
7825.
7827.
7827.
7826.
7828.
7827.
7827.
7826.
7827.
7828.
7827.
7826.
7827.
7827.
7826.
7825.
7826.
7826.
7825.
7825.
7827.
7826.
7825.
7825.
7826.
7827.
7827.
7826.
7826.
7826.
7824.
7825.
7825.
7827.
7825.
7824.
7824.
7825.
7825.
7824.
7823.
7824.
7823.
7823.
7824.
7822.
7822.
7821.
7822.
7821.
7821.
7821.
7820.
7820.
7820.
7818.
7819.
7818.
7819.
7818.
7819.
7817.
7817.
7813.
7816.
7816.
7815.
7813.
7813.
7813.
7813.
7811.
7810.
7810.
7809.
7810.
7810.
7810.
7809.
7808.
7807.
7807.
7805.
7805.
7805.
7804.
7804.
7802.
7802.
7802.
7801.
7800.
7801.
7803.
7803.
7805.
7806.
7808.
7809.
7810.
7811.
7810.
7811.
7811.
7813.
7814.
7816.
7816.
7815.
7817.
7817.
7815.
7814.
7812.
7814.
7812.
7812.
7813.
7812.
7811.
7812.
7811.
7811.
7810.
7811.
7810.
7810.
7811.
7810.
7809.
7810.
7810.
7811.
7810.
7811.
7810.
7811.
7811.
7812.
7810.
7809.
7811.
7811.
7809.
7810.
7810.
7811.
7810.
7810.
7812.
7811.
7811.
7812.
7812.
7812.
7811.
7813.
7812.
7812.
7812.
7812.
7813.
7813.
7813.
7812.
7813.
7814.
7812.
7814.
7814.
7816.
7814.
7814.
7815.
7813.
7814.
7814.
7815.
7815.
7814.
7815.
7815.
7814.
7814.
7814.
7815.
7815.
7815.
7814.
7813.
7813.
7812.
7814.
7814.
7813.
7811.
7813.
7814.
7812.
7812.
7811.
7811.
7812.
7811.
7811.
7812.
7811.
7811.
7811.
7809.
7810.
7809.
7809.
7810.
7810.
7809.
7810.
7810.
7811.
7808.
7809.
7810.
7810.
7808.
7809.
7808.
7808.
7807.
7808.
7809.
7809.
7808.
7808.
7807.
7807.
7806.
7807.
7808.
7808.
7806.
7808.
7807.
7806.
7805.
7806.
7806.
7805.
7806.
7808.
7808.
7807.
7804.
7806.
7805.
7805.
7804.
7805.
7806.
7805.
7803.
7804.
7805.
7806.
7804.
7803.
7804.
7805.
7804.
7802.
7802.
7803.
7802.
7802.
7803.
7803.
7801.
7802.
7802.
7802.
7801.
7801.
7801.
7801.
7801.
7801.
7801.
7799.
7800.
7800.
7799.
7799.
7799.
7799.
7799.
7799.
7798.
7798.
7798.
7798.
7799.
7799.
7797.
7797.
7797.
7796.
7797.
7798.
7797.
7796.
7796.
7795.
7794.
7794.
7793.
7794.
7794.
7794.
7794.
7793.
7792.
7793.
7792.
7792.
7791.
7793.
7791.
7792.
7791.
7792.
7791.
7792.
7790.
7790.
7790.
7788.
7789.
7788.
7788.
7789.
7788.
7788.
7789.
7788.
7788.
7788.
7788.
7790.
7790.
7791.
7793.
7795.
7797.
7798.
7799.
7800.
7801.
7803.
7803.
7805.
7806.
7808.
7809.
7810.
7809.
7808.
7808.
7808.
7808.
7807.
7807.
7807.
7807.
7807.
7808.
7808.
7808.
7809.
7809.
7809.
7806.
7809.
7809.
7807.
7808.
7809.
7809.
7809.
7807.
7809.
7807.
7808.
7808.
7808.
7808.
7809.
7808.
7808.
7808.
7808.
7808.
7809.
7810.
7807.
7808.
7807.
7807.
7807.
7807.
7807.
7807.
7806.
7808.
7808.
7806.
7807.
7806.
7807.
7808.
7806.
7806.
7806.
7806.
7806.
7805.
7806.
7806.
7806.
7806.
7808.
7807.
7805.
7806.
7807.
7807.
7806.
7805.
7805.
7806.
7806.
7805.
7804.
7805.
7804.
7803.
7804.
7805.
7803.
7804.
7804.
7803.
7804.
7802.
7802.
7801.
7801.
7800.
7799.
7800.
7799.
7798.
7799.
7798.
7797.
7797.
7799.
7798.
7795.
7795.
7794.
7795.
7794.
7793.
7793.
7792.
7792.
7792.
7790.
7789.
7790.
7788.
7788.
7788.
7786.
7786.
7786.
7786.
7786.
7785.
7785.
7783.
7785.
7787.
7789.
7791.
7793.
7796.
7797.
7799.
7799.
7801.
7802.
7805.
7805.
7806.
7806.
7807.
7809.
7807.
7808.
7809.
7807.
7806.
7807.
7808.
7807.
7806.
7807.
7805.
7806.
7804.
7805.
7804.
7804.
7805.
7805.
7803.
7804.
7802.
7805.
7804.
7805.
7805.
7805.
7804.
7802.
7804.
7805.
7804.
7805.
7803.
7804.
7805.
7805.
7804.
7804.
7804.
7803.
7802.
7802.
7802.
7804.
7803.
7803.
7801.
7804.
7804.
7803.
7804.
7802.
7802.
7802.
7803.
7802.
7802.
7802.
7802.
7802.
7803.
7801.
7803.
7801.
7801.
7802.
7803.
7802.
7802.
7801.
7800.
7799.
7799.
7800.
7800.
7801.
7801.
7800.
7800.
7801.
7801.
7801.
7802.
7802.
7801.
7800.
7802.
7800.
7801.
7801.
7799.
7800.
7799.
7801.
7801.
7800.
7800.
7800.
7799.
7801.
7799.
7800.
7798.
7799.
7799.
7799.
7798.
7798.
7797.
7796.
7798.
7798.
7794.
7795.
7795.
7795.
7793.
7794.
7794.
7793.
7793.
7792.
7792.
7792.
7791.
7791.
7791.
7789.
7789.
7789.
7789.
7788.
7787.
7788.
7787.
7786.
7785.
7785.
7785.
7784.
7784.
7783.
7783.
7782.
7780.
7780.
7779.
7779.
7777.
7778.
7778.
7777.
7775.
7774.
7774.
7773.
7773.
7774.
7774.
7773.
7772.
7772.
7772.
7773.
7774.
7777.
7780.
7782.
7783.
7785.
7787.
7789.
7789.
7789.
7790.
7790.
7791.
7792.
7793.
7793.
7793.
7794.
7795.
7794.
7794.
7794.
7794.
7795.
7795.
7793.
7794.
7794.
7795.
7794.
7793.
7793.
7795.
7794.
7795.
7795.
7794.
7795.
7796.
7794.
7795.
7795.
7795.
7795.
7795.
7796.
7796.
7794.
7795.
7795.
7795.
7794.
7794.
7795.
7795.
7794.
7795.
7794.
7794.
7794.
7794.
7794.
7795.
7795.
7794.
7794.
7795.
7794.
7794.
7794.
7794.
7793.
7793.
7793.
7792.
7792.
7791.
7792.
7792.
7792.
7792.
7791.
7790.
7791.
7790.
7790.
7790.
7791.
7789.
7789.
7788.
7789.
7787.
7788.
7787.
7788.
7787.
7786.
7785.
7785.
7785.
7784.
7785.
7785.
7784.
7783.
7782.
7782.
7782.
7781.
7780.
7781.
7779.
7779.
7779.
7779.
7777.
7777.
7776.
7776.
7775.
7776.
7775.
7773.
7772.
7772.
7772.
7771.
7771.
7770.
7770.
7769.
7768.
7768.
7768.
7767.
7767.
7767.
7765.
7765.
7765.
7765.
7767.
7768.
7769.
7773.
7776.
7777.
7779.
7782.
7784.
7784.
7785.
7786.
7787.
7788.
7787.
7790.
7791.
7791.
7791.
7792.
7793.
7793.
7791.
7791.
7790.
7791.
7791.
7791.
7790.
7790.
7790.
7790.
7791.
7789.
7788.
7789.
7789.
7789.
7789.
7791.
7790.
7790.
7789.
7789.
7788.
7789.
7789.
7789.
7789.
7788.
7788.
7789.
7789.
7789.
7789.
7790.
7790.
7789.
7789.
7790.
7789.
7790.
7789.
7790.
7789.
7790.
7789.
7791.
7790.
7789.
7790.
7789.
7790.
7790.
7788.
7789.
7789.
7789.
7791.
7791.
7789.
7790.
7789.
7789.
7789.
7790.
7788.
7790.
7789.
7790.
7790.
7791.
7794.
7794.
7797.
7798.
7799.
7799.
7798.
7798.
7798.
7797.
7795.
7795.
7795.
7795.
7794.
7794.
7794.
7793.
7794.
7793.
7794.
7793.
7792.
7793.
7794.
7794.
7793.
7792.
7792.
7791.
7791.
7792.
7791.
7791.
7790.
7791.
7791.
7790.
7791.
7791.
7790.
7791.
7789.
7789.
7790.
7788.
7789.
7788.
7787.
7789.
7787.
7787.
7787.
7787.
7787.
7786.
7785.
7785.
7784.
7785.
7785.
7783.
7783.
7782.
7781.
7781.
7781.
7781.
7780.
7778.
7778.
7779.
7778.
7776.
7775.
7776.
7774.
7774.
7772.
7773.
7774.
7771.
7771.
7771.
7770.
7770.
7770.
7769.
7767.
7767.
7766.
7764.
7765.
7764.
7763.
7763.
7762.
7761.
7760.
7761.
7759.
7758.
7757.
7757.
7757.
7755.
7755.
7755.
7755.
7754.
7754.
7753.
7753.
7752.
7751.
7751.
7751.
7750.
7749.
7749.
7749.
7749.
7748.
7748.
7749.
7748.
7748.
7747.
7746.
7746.
7745.
7747.
7747.
7746.
7747.
7751.
7753.
7755.
7758.
7761.
7763.
7763.
7764.
7766.
7768.
7768.
7770.
7773.
7775.
7775.
7777.
7778.
7778.
7777.
7779.
7779.
7779.
7780.
7780.
7781.
7780.
7781.
7782.
7781.
7781.
7782.
7782.
7783.
7784.
7783.
7783.
7784.
7783.
7785.
7786.
7786.
7787.
7787.
7787.
7788.
7788.
7788.
7789.
7789.
7790.
7790.
7789.
7791.
7792.
7792.
7792.
7792.
7793.
7793.
7793.
7793.
7795.
7793.
7795.
7794.
7795.
7795.
7796.
7796.
7796.
7797.
7797.
7798.
7799.
7799.
7798.
7798.
7798.
7798.
7799.
7798.
7800.
7800.
7799.
7798.
7797.
7799.
7797.
7798.
7798.
7798.
7797.
7799.
7798.
7798.
7798.
7798.
7796.
7797.
7796.
7795.
7796.
7795.
7794.
7795.
7793.
7794.
7793.
7793.
7793.
7792.
7792.
7792.
7793.
7793.
7790.
7790.
7791.
7791.
7790.
7790.
7788.
7786.
7786.
7787.
7786.
7786.
7784.
7786.
7786.
7785.
7784.
7784.
7784.
7783.
7783.
7784.
7783.
7782.
7781.
7779.
7780.
7780.
7780.
7780.
7778.
7779.
7777.
7778.
7777.
7777.
7777.
7777.
7775.
7774.
7775.
7773.
7773.
7773.
7772.
7774.
7774.
7775.
7778.
7780.
7782.
7784.
7787.
7788.
7789.
7790.
7791.
7793.
7793.
7795.
7795.
7797.
7798.
7799.
7799.
7801.
7802.
7801.
7802.
7803.
7801.
7801.
7800.
7802.
7802.
7802.
7802.
7803.
7801.
7802.
7802.
7803.
7803.
7802.
7802.
7803.
7804.
7804.
7804.
7805.
7805.
7805.
7805.
7807.
7806.
7806.
7805.
7806.
7806.
7806.
7806.
7806.
7807.
7807.
7806.
7807.
7808.
7807.
7807.
7808.
7807.
7808.
7807.
7808.
7808.
7809.
7808.
7809.
7809.
7808.
7808.
7809.
7808.
7807.
7807.
7807.
7808.
7807.
7806.
7806.
7807.
7809.
7807.
7806.
7806.
7806.
7806.
7806.
7805.
7805.
7804.
7803.
7805.
7805.
7804.
7804.
7804.
7803.
7802.
7802.
7801.
7803.
7801.
7801.
7801.
7801.
7800.
7800.
7799.
7798.
7798.
7797.
7797.
7797.
7796.
7795.
7796.
7796.
7795.
7796.
7793.
7792.
7792.
7792.
7792.
7790.
7790.
7791.
7790.
7789.
7788.
7788.
7789.
7788.
7788.
7787.
7786.
7786.
7786.
7786.
7785.
7781.
7783.
7783.
7783.
7783.
7784.
7786.
7788.
7791.
7793.
7794.
7795.
7797.
7797.
7799.
7800.
7802.
7804.
7804.
7805.
7806.
7808.
7806.
7808.
7806.
7807.
7805.
7807.
7806.
7804.
7806.
7804.
7805.
7804.
7806.
7805.
7804.
7805.
7806.
7805.
7807.
7807.
7806.
7808.
7809.
7807.
7807.
7808.
7807.
7807.
7807.
7807.
7808.
7808.
7808.
7808.
7808.
7810.
7811.
7808.
7810.
7809.
7809.
7809.
7809.
7809.
7809.
7811.
7811.
7809.
7812.
7811.
7811.
7810.
7809.
7810.
7811.
7811.
7812.
7811.
7812.
7813.
7814.
7814.
7815.
7816.
7817.
7817.
7814.
7814.
7814.
7815.
7815.
7814.
7815.
7814.
7815.
7814.
7815.
7816.
7816.
7814.
7814.
7815.
7816.
7813.
7815.
7816.
7816.
7817.
7816.
7815.
7817.
7817.
7817.
7817.
7818.
7817.
7817.
7818.
7818.
7817.
7817.
7818.
7819.
7818.
7818.
7819.
7818.
7817.
7820.
7820.
7818.
7818.
7818.
7819.
7818.
7818.
7818.
7818.
7817.
7817.
7818.
7818.
7818.
7817.
7817.