6551.
6552.
6552.
6552.
6551.
6552.
6552.
6552.
6552.
6551.
6551.
6552.
6552.
6551.
6551.
6552.
6552.
6552.
6552.
6551.
6552.
6552.
6552.
6551.
6552.
6551.
6552.
6551.
6552.
6551.
6552.
6551.
6552.
6552.
6552.
6553.
6552.
6551.
6552.
6551.
6551.
6551.
6552.
6551.
6552.
6551.
6552.
6552.
6552.
6551.
6552.
6551.
6552.
6553.
6551.
6551.
6552.
6551.
6552.
6552.
6552.
6552.
6552.
6553.
6551.
6552.
6552.
6552.
6552.
6552.
6552.
6552.
6552.
6552.
6552.
6552.
6552.
6552.
6552.
6552.
6552.
6552.
6552.
6552.
6552.
6552.
6551.
6552.
6551.
6552.
6551.
6552.
6552.
6553.
6552.
6552.
6551.
6552.
6552.
6552.
6551.
6552.
6551.
6552.
6551.
6552.
6551.
6552.
6552.
6552.
6551.
6552.
6552.
6552.
6553.
6552.
6551.
6552.
6551.
6552.
6552.
6552.
6552.
6552.
6551.
6552.
6551.
6552.
6551.
6552.
6551.
6552.
6552.
6552.
6552.
6552.
6552.
6551.
6552.
6552.
6552.
6551.
6551.
6552.
6551.
6552.
6552.
6552.
6552.
6551.
6551.
6551.
6552.
6552.
6552.
6552.
6552.
6552.
6552.
6551.
6552.
6552.
6552.
6552.
6552.
6552.
6552.
6552.
6552.
6552.
6552.
6552.
6551.
6552.
6552.
6552.
6552.
6552.
6551.
6551.
6552.
6551.
6552.
6551.
6552.
6551.
6551.
6551.
6551.
6551.
6552.
6552.
6552.
6551.
6552.
6551.
6552.
6552.
6552.
6551.
6551.
6551.
6551.
6551.
6552.
6552.
6552.
6552.
6552.
6552.
6552.
6552.
6552.
6552.
6551.
6551.
6551.
6552.
6551.
6552.
6552.
6552.
6551.
6552.
6552.
6552.
6551.
6552.
6552.
6551.
6552.
6552.
6552.
6552.
6552.
6552.
6551.
6552.
6552.
6552.
6552.
6551.
6551.
6552.
6552.
6551.
6552.
6552.
6552.
6551.
6551.
6552.
6551.
6552.
6551.
6552.
6553.
6551.
6551.
6552.
6552.
6551.
6551.
6552.
6551.
6552.
6552.
6552.
6552.
6551.
6551.
6552.
6552.
6551.
6552.
6552.
6551.
6552.
6552.
6553.
6552.
6551.
6552.
6551.
6552.
6551.
6551.
6551.
6552.
6552.
6551.
6552.
6552.
6551.
6551.
6551.
6551.
6551.
6551.
6552.
6551.
6551.
6552.
6551.
6552.
6551.
6552.
6552.
6552.
6552.
6552.
6552.
6552.
6551.
6551.
6551.
6552.
6553.
6551.
6552.
6552.
6552.
6551.
6552.
6552.
6552.
6552.
6552.
6552.
6552.
6552.
6553.
6553.
6553.
6552.
6552.
6553.
6554.
6553.
6553.
6553.
6554.
6554.
6554.
6554.
6555.
6555.
6556.
6555.
6556.
6556.
6557.
6557.
6558.
6558.
6559.
6559.
6559.
6560.
6561.
6561.
6562.
6562.
6564.
6564.
6565.
6565.
6567.
6568.
6569.
6570.
6572.
6572.
6574.
6574.
6576.
6577.
6579.
6580.
6581.
6582.
6584.
6586.
6588.
6589.
6591.
6592.
6594.
6596.
6598.
6600.
6602.
6604.
6607.
6608.
6610.
6613.
6615.
6619.
6621.
6623.
6625.
6629.
6631.
6633.
6636.
6640.
6643.
6645.
6648.
6651.
6654.
6657.
6660.
6664.
6667.
6670.
6673.
6677.
6681.
6684.
6688.
6692.
6695.
6698.
6702.
6706.
6711.
6713.
6718.
6722.
6726.
6730.
6734.
6738.
6742.
6747.
6751.
6756.
6760.
6764.
6769.
6773.
6778.
6782.
6787.
6792.
6796.
6800.
6805.
6810.
6815.
6819.
6823.
6829.
6834.
6838.
6843.
6849.
6854.
6858.
6863.
6869.
6874.
6877.
6882.
6888.
6892.
6898.
6903.
6908.
6912.
6918.
6922.
6928.
6933.
6938.
6942.
6948.
6952.
6958.
6962.
6968.
6973.
6978.
6982.
6988.
6993.
6998.
7003.
7008.
7013.
7019.
7022.
7027.
7032.
7037.
7043.
7047.
7052.
7057.
7062.
7066.
7071.
7076.
7081.
7085.
7090.
7095.
7099.
7104.
7109.
7113.
7117.
7122.
7126.
7131.
7135.
7139.
7145.
7148.
7152.
7157.
7161.
7166.
7169.
7173.
7177.
7182.
7184.
7188.
7193.
7197.
7200.
7204.
7208.
7212.
7215.
7219.
7223.
7227.
7230.
7233.
7237.
7241.
7244.
7248.
7251.
7254.
7256.
7260.
7264.
7266.
7269.
7272.
7276.
7279.
7281.
7284.
7288.
7290.
7292.
7295.
7298.
7301.
7303.
7305.
7308.
7310.
7312.
7315.
7318.
7321.
7322.
7324.
7327.
7329.
7330.
7333.
7335.
7338.
7339.
7341.
7344.
7345.
7347.
7349.
7351.
7353.
7354.
7356.
7357.
7359.
7360.
7362.
7363.
7365.
7366.
7368.
7369.
7370.
7371.
7373.
7374.
7375.
7376.
7378.
7378.
7379.
7380.
7381.
7382.
7383.
7384.
7384.
7385.
7386.
7386.
7388.
7388.
7389.
7389.
7390.
7391.
7392.
7392.
7393.
7393.
7393.
7394.
7393.
7394.
7394.
7395.
7396.
7396.
7395.
7396.
7395.
7396.
7396.
7396.
7396.
7397.
7396.
7397.
7397.
7398.
7398.
7398.
7398.
7398.
7398.
7398.
7399.
7398.
7397.
7398.
7398.
7398.
7398.
7398.
7398.
7398.
7397.
7399.
7399.
7398.
7398.
7398.
7398.
7398.
7398.
7398.
7399.
7398.
7398.
7398.
7399.
7398.
7398.
7399.
7398.
7399.
7398.
7397.
7398.
7399.
7398.
7398.
7398.
7398.
7397.
7398.
7398.
7398.
7398.
7397.
7398.
7398.
7398.
7397.
7398.
7398.
7398.
7397.
7398.
7398.
7398.
7398.
7398.
7398.
7397.
7398.
7398.
7397.
7398.
7398.
7398.
7397.
7399.
7398.
7398.
7398.
7398.
7399.
7398.
7398.
7398.
7399.
7398.
7398.
7398.
7399.
7398.
7398.
7398.
7398.
7399.
7399.
7398.
7398.
7399.
7399.
7398.
7398.
7399.
7399.
7398.
7398.
7399.
7399.
7397.
7398.
7398.
7398.
7398.
7398.
7398.
7398.
7398.
7398.
7398.
7398.
7398.
7398.
7399.
7398.
7397.
7398.
7398.
7398.
7397.
7398.
7398.
7398.
7399.
7398.
7397.
7398.
7398.
7398.
7398.
7398.
7398.
7398.
7399.
7398.
7397.
7398.
7398.
7398.
7398.
7398.
7398.
7399.
7399.
7398.
7398.
7398.
7398.
7399.
7399.
7398.
7398.
7399.
7399.
7398.
7398.
7399.
7398.
7399.
7399.
7398.
7398.
7399.
7399.
7397.
7398.
7398.
7398.
7397.
7398.
7399.
7398.
7398.
7398.
7397.
7398.
7398.
7398.
7399.
7398.
7399.
7398.
7398.
7398.
7398.
7399.
7399.
7398.
7399.
7398.
7398.
7399.
7399.
7399.
7399.
7399.
7399.
7399.
7398.
7399.
7398.
7399.
7399.
7399.
7399.
7400.
7401.
7399.
7399.
7400.
7400.
7399.
7399.
7400.
7400.
7400.
7400.
7400.
7400.
7401.
7400.
7400.
7400.
7400.
7400.
7399.
7400.
7399.
7400.
7400.
7400.
7400.
7401.
7400.
7401.
7401.
7400.
7401.
7401.
7401.
7401.
7401.
7401.
7400.
7401.
7402.
7401.
7401.
7401.
7402.
7402.
7401.
7402.
7402.
7402.
7402.
7402.
7402.
7402.
7401.
7402.
7402.
7402.
7402.
7403.
7403.
7402.
7401.
7403.
7402.
7402.
7403.
7402.
7402.
7403.
7402.
7403.
7403.
7403.
7402.
7403.
7403.
7403.
7403.
7403.
7403.
7404.
7403.
7403.
7403.
7403.
7403.
7402.
7403.
7402.
7403.
7402.
7403.
7403.
7403.
7402.
7403.
7403.
7403.
7403.
7403.
7402.
7402.
7403.
7402.
7402.
7402.
7402.
7402.
7402.
7402.
7402.
7402.
7402.
7401.
7402.
7401.
7400.
7401.
7401.
7400.
7401.
7400.
7400.
7399.
7400.
7398.
7398.
7398.
7398.
7396.
7396.
7397.
7397.
7395.
7394.
7395.
7394.
7392.
7392.
7391.
7392.
7390.
7389.
7389.
7388.
7387.
7387.
7386.
7384.
7383.
7383.
7381.
7380.
7379.
7378.
7376.
7375.
7373.
7372.
7370.
7368.
7366.
7365.
7362.
7360.
7357.
7356.
7353.
7351.
7348.
7346.
7342.
7339.
7335.
7332.
7329.
7324.
7321.
7317.
7313.
7308.
7304.
7300.
7295.
7290.
7286.
7280.
7276.
7269.
7264.
7259.
7254.
7248.
7242.
7236.
7230.
7224.
7216.
7210.
7203.
7196.
7189.
7182.
7176.
7169.
7161.
7154.
7148.
7140.
7132.
7126.
7118.
7111.
7103.
7094.
7087.
7079.
7072.
7064.
7057.
7048.
7041.
7034.
7026.
7019.
7010.
7003.
6996.
6987.
6980.
6973.
6965.
6957.
6950.
6943.
6937.
6929.
6923.
6916.
6910.
6902.
6895.
6889.
6883.
6876.
6870.
6864.
6858.
6852.
6845.
6840.
6834.
6828.
6822.
6818.
6812.
6807.
6801.
6796.
6791.
6786.
6781.
6776.
6771.
6766.
6761.
6757.
6754.
6749.
6744.
6740.
6736.
6733.
6730.
6726.
6722.
6719.
6715.
6712.
6708.
6705.
6703.
6699.
6697.
6694.
6691.
6689.
6686.
6684.
6681.
6679.
6677.
6674.
6673.
6671.
6668.
6666.
6664.
6661.
6660.
6658.
6656.
6655.
6652.
6651.
6649.
6648.
6646.
6643.
6643.
6641.
6639.
6637.
6637.
6635.
6634.
6632.
6631.
6630.
6629.
6626.
6625.
6624.
6624.
6623.
6622.
6620.
6619.
6618.
6617.
6616.
6615.
6614.
6613.
6612.
6611.
6610.
6610.
6609.
6608.
6608.
6607.
6607.
6605.
6604.
6604.
6604.
6603.
6602.
6601.
6601.
6600.
6599.
6599.
6599.
6598.
6598.
6597.
6596.
6597.
6596.
6594.
6594.
6594.
6593.
6593.
6592.
6592.
6592.
6592.
6592.
6591.
6591.
6589.
6589.
6590.
6589.
6588.
6588.
6588.
6588.
6587.
6587.
6586.
6586.
6586.
6586.
6585.
6585.
6584.
6585.
6585.
6584.
6583.
6583.
6583.
6583.
6582.
6582.
6582.
6581.
6581.
6581.
6581.
6580.
6581.
6580.
6580.
6580.
6580.
6579.
6579.
6579.
6580.
6578.
6578.
6578.
6578.
6579.
6579.
6578.
6578.
6577.
6577.
6577.
6577.
6577.
6577.
6578.
6578.
6578.
6578.
6577.
6577.
6577.
6577.
6577.
6577.
6578.
6577.
6577.
6577.
6578.
6577.
6577.
6577.
6577.
6577.
6578.
6577.
6578.
6578.
6577.
6578.
6578.
6577.
6578.
6577.
6577.
6577.
6578.
6577.
6578.
6577.
6578.
6577.
6578.
6578.
6578.
6577.
6578.
6577.
6578.
6577.
6578.
6577.
6578.
6577.
6578.
6577.
6576.
6577.
6577.
6578.
6577.
6578.
6577.
6578.
6578.
6578.
6578.
6578.
6577.
6578.
6577.
6578.
6578.
6577.
6578.
6577.
6578.
6578.
6578.
6577.
6577.
6578.
6578.
6577.
6577.
6578.
6578.
6577.
6577.
6578.
6577.
6578.
6578.
6578.
6578.
6577.
6578.
6577.
6577.
6578.
6578.
6577.
6578.
6577.
6578.
6577.
6577.
6577.
6577.
6577.
6577.
6578.
6578.
6578.
6578.
6577.
6578.
6578.
6577.
6577.
6578.
6577.
6578.
6578.
6576.
6577.
6578.
6578.
6577.
6577.
6577.
6577.
6577.
6577.
6577.
6577.
6577.
6577.
6578.
6578.
6577.
6578.
6578.
6578.
6577.
6578.
6577.
6577.
6578.
6577.
6577.
6578.
6578.
6578.
6577.
6578.
6578.
6578.
6578.
6578.
6578.
6577.
6578.
6578.
6577.
6578.
6577.
6578.
6577.
6578.
6579.
6579.
6578.
6578.
6579.
6578.
6579.
6578.
6578.
6578.
6578.
6577.
6577.
6578.
6577.
6578.
6578.
6578.
6578.
6578.
6578.
6577.
6578.
6578.
6577.
6578.
6578.
6578.
6577.
6578.
6578.
6578.
6579.
6578.
6578.
6578.
6578.
6579.
6578.
6577.
6578.
6578.
6578.
6577.
6578.
6578.
6578.
6578.
6578.
6578.
6578.
6578.
6578.
6577.
6577.
6578.
6578.
6578.
6578.
6577.
6578.
6578.
6578.
6579.
6578.
6578.
6578.
6577.
6578.
6577.
6577.
6577.
6578.
6577.
6578.
6577.
6578.
6579.
6577.
6577.
6577.
6578.
6577.
6577.
6578.
6577.
6578.
6578.
6577.
6577.
6578.
6578.
6578.
6578.
6578.
6577.
6578.
6578.
6577.
6578.
6578.
6578.
6577.
6578.
6578.
6578.
6578.
6578.
6579.
6578.
6578.
6578.
6577.
6577.
6576.
6577.
6578.
6577.
6577.
6577.
6577.
6577.
6577.
6577.
6576.
6576.
6575.
6576.
6576.
6576.
6577.
6576.
6576.
6576.
6577.
6576.
6575.
6576.
6576.
6575.
6575.
6575.
6575.
6576.
6576.
6575.
6576.
6575.
6576.
6575.
6575.
6576.
6576.
6575.
6575.
6576.
6575.
6575.
6575.
6575.
6575.
6576.
6576.
6576.
6576.
6576.
6576.
6576.
6576.
6576.
6576.
6577.
6577.
6577.
6577.
6577.
6578.
6578.
6578.
6579.
6579.
6579.
6580.
6580.
6582.
6582.
6583.
6583.
6584.
6585.
6586.
6586.
6588.
6588.
6590.
6591.
6593.
6593.
6595.
6596.
6598.
6600.
6602.
6603.
6605.
6607.
6609.
6611.
6613.
6616.
6618.
6620.
6622.
6626.
6628.
6630.
6633.
6638.
6640.
6643.
6646.
6649.
6653.
6656.
6662.
6666.
6669.
6674.
6678.
6682.
6687.
6692.
6697.
6702.
6708.
6713.
6719.
6725.
6731.
6737.
6743.
6750.
6756.
6764.
6770.
6777.
6784.
6792.
6799.
6807.
6814.
6823.
6831.
6839.
6847.
6856.
6865.
6874.
6882.
6891.
6900.
6910.
6918.
6928.
6937.
6946.
6956.
6965.
6975.
6985.
6994.
7004.
7014.
7024.
7033.
7042.
7052.
7062.
7071.
7081.
7090.
7100.
7109.
7119.
7128.
7137.
7146.
7155.
7164.
7174.
7181.
7191.
7200.
7208.
7217.
7225.
7234.
7241.
7249.
7257.
7265.
7272.
7280.
7287.
7295.
7301.
7309.
7316.
7322.
7329.
7335.
7342.
7347.
7353.
7360.
7365.
7371.
7376.
7381.
7387.
7392.
7397.
7401.
7406.
7410.
7415.
7419.
7424.
7427.
7432.
7435.
7439.
7443.
7447.
7451.
7454.
7457.
7461.
7465.
7468.
7470.
7472.
7476.
7478.
7480.
7483.
7485.
7488.
7490.
7492.
7495.
7497.
7498.
7500.
7503.
7504.
7506.
7507.
7509.
7510.
7512.
7512.
7515.
7515.
7517.
7517.
7519.
7520.
7522.
7523.
7523.
7524.
7525.
7525.
7527.
7527.
7527.
7527.
7528.
7528.
7529.
7529.
7529.
7529.
7530.
7530.
7530.
7530.
7530.
7530.
7530.
7530.
7530.
7530.
7530.
7530.
7530.
7530.
7529.
7530.
7530.
7530.
7529.
7530.
7530.
7530.
7530.
7530.
7530.
7530.
7529.
7530.
7530.
7530.
7529.
7530.
7529.
7530.
7530.
7529.
7530.
7529.
7529.
7529.
7530.
7529.
7529.
7530.
7529.
7529.
7528.
7529.
7530.
7529.
7528.
7529.
7530.
7528.
7528.
7529.
7528.
7528.
7529.
7528.
7528.
7528.
7528.
7528.
7527.
7527.
7528.
7526.
7526.
7526.
7526.
7525.
7525.
7526.
7525.
7525.
7524.
7525.
7524.
7525.
7524.
7523.
7523.
7523.
7523.
7523.
7523.
7523.
7522.
7523.
7522.
7521.
7522.
7522.
7521.
7520.
7521.
7521.
7521.
7521.
7520.
7520.
7520.
7519.
7520.
7519.
7520.
7519.
7520.
7520.
7519.
7519.
7520.
7520.
7519.
7518.
7520.
7519.
7519.
7519.
7519.
7518.
7519.
7519.
7518.
7518.
7519.
7518.
7518.
7518.
7519.
7519.
7517.
7517.
7518.
7518.
7517.
7517.
7517.
7517.
7517.
7517.
7518.
7517.
7517.
7517.
7518.
7517.
7517.
7517.
7518.
7517.
7518.
7517.
7518.
7517.
7517.
7518.
7518.
7518.
7518.
7518.
7517.
7518.
7518.
7518.
7518.
7518.
7518.
7518.
7518.
7518.
7518.
7517.
7517.
7518.
7517.
7518.
7519.
7517.
7517.
7517.
7517.
7517.
7518.
7517.
7517.
7517.
7517.
7517.
7518.
7516.
7517.
7517.
7518.
7516.
7517.
7517.
7517.
7517.
7517.
7517.
7517.
7518.
7517.
7517.
7517.
7517.
7517.
7517.
7517.
7518.
7518.
7517.
7517.
7518.
7517.
7517.
7517.
7517.
7517.
7518.
7518.
7517.
7517.
7516.
7517.
7517.
7517.
7517.
7517.
7518.
7517.
7517.
7518.
7517.
7517.
7517.
7518.
7517.
7517.
7517.
7517.
7517.
7517.
7517.
7518.
7518.
7517.
7517.
7517.
7517.
7517.
7517.
7517.
7517.
7517.
7517.
7517.
7517.
7517.
7518.
7517.
7518.
7516.
7517.
7517.
7516.
7517.
7517.
7517.
7516.
7517.
7516.
7517.
7517.
7516.
7516.
7517.
7516.
7516.
7516.
7517.
7516.
7515.
7516.
7516.
7515.
7516.
7516.
7515.
7516.
7516.
7515.
7515.
7515.
7515.
7514.
7514.
7514.
7514.
7514.
7515.
7514.
7513.
7513.
7513.
7513.
7513.
7513.
7513.
7512.
7512.
7512.
7512.
7512.
7512.
7511.
7511.
7511.
7511.
7510.
7511.
7509.
7510.
7510.
7510.
7509.
7509.
7509.
7509.
7508.
7509.
7508.
7508.
7508.
7508.
7507.
7507.
7506.
7507.
7507.
7507.
7505.
7506.
7505.
7506.
7505.
7506.
7506.
7505.
7504.
7505.
7505.
7504.
7504.
7504.
7503.
7504.
7504.
7502.
7502.
7503.
7502.
7503.
7502.
7502.
7502.
7501.
7501.
7501.
7501.
7500.
7500.
7501.
7501.
7500.
7499.
7499.
7499.
7499.
7499.
7497.
7498.
7498.
7498.
7497.
7497.
7496.
7496.
7496.
7496.
7494.
7495.
7495.
7494.
7493.
7493.
7493.
7493.
7492.
7492.
7491.
7490.
7490.
7489.
7489.
7489.
7488.
7488.
7487.
7486.
7485.
7485.
7484.
7483.
7482.
7481.
7480.
7479.
7479.
7478.
7478.
7476.
7476.
7474.
7473.
7471.
7471.
7469.
7468.
7467.
7467.
7466.
7464.
7462.
7460.
7459.
7458.
7456.
7455.
7453.
7451.
7449.
7448.
7446.
7444.
7441.
7439.
7438.
7435.
7433.
7431.
7429.
7426.
7424.
7421.
7418.
7416.
7413.
7410.
7407.
7404.
7401.
7398.
7395.
7392.
7388.
7384.
7380.
7378.
7373.
7370.
7366.
7362.
7359.
7353.
7350.
7344.
7340.
7336.
7331.
7326.
7321.
7316.
7311.
7306.
7302.
7296.
7291.
7286.
7281.
7274.
7269.
7263.
7257.
7251.
7245.
7239.
7233.
7227.
7220.
7214.
7206.
7200.
7193.
7186.
7179.
7173.
7166.
7159.
7152.
7145.
7138.
7131.
7123.
7117.
7109.
7102.
7095.
7088.
7081.
7073.
7065.
7058.
7051.
7044.
7037.
7030.
7022.
7015.
7008.
7001.
6994.
6987.
6980.
6973.
6967.
6959.
6953.
6945.
6939.
6932.
6925.
6918.
6912.
6905.
6899.
6893.
6887.
6880.
6874.
6868.
6862.
6856.
6851.
6844.
6839.
6834.
6828.
6823.
6818.
6812.
6806.
6802.
6797.
6792.
6787.
6782.
6777.
6773.
6768.
6763.
6759.
6755.
6751.
6746.
6742.
6739.
6735.
6731.
6727.
6724.
6719.
6716.
6713.
6710.
6706.
6704.
6700.
6697.
6694.
6691.
6688.
6686.
6683.
6681.
6678.
6677.
6674.
6672.
6670.
6668.