6552.
6552.
6551.
6551.
6552.
6552.
6551.
6551.
6552.
6552.
6551.
6552.
6551.
6551.
6551.
6551.
6551.
6552.
6552.
6552.
6552.
6552.
6551.
6552.
6551.
6552.
6552.
6552.
6552.
6552.
6552.
6552.
6552.
6552.
6552.
6552.
6552.
6552.
6552.
6552.
6552.
6552.
6551.
6552.
6551.
6552.
6552.
6552.
6552.
6552.
6551.
6552.
6552.
6552.
6551.
6552.
6552.
6552.
6551.
6552.
6552.
6552.
6552.
6552.
6552.
6552.
6552.
6552.
6552.
6552.
6552.
6551.
6552.
6551.
6552.
6552.
6552.
6551.
6552.
6552.
6552.
6552.
6552.
6552.
6552.
6552.
6552.
6553.
6552.
6552.
6552.
6552.
6552.
6552.
6551.
6551.
6552.
6552.
6552.
6552.
6552.
6552.
6552.
6553.
6553.
6553.
6553.
6554.
6553.
6553.
6553.
6554.
6554.
6554.
6554.
6554.
6554.
6555.
6555.
6556.
6555.
6556.
6555.
6555.
6556.
6556.
6556.
6556.
6557.
6557.
6558.
6557.
6557.
6558.
6558.
6558.
6559.
6559.
6559.
6560.
6559.
6560.
6559.
6561.
6561.
6561.
6562.
6562.
6563.
6563.
6564.
6564.
6564.
6565.
6565.
6565.
6567.
6566.
6567.
6567.
6568.
6568.
6569.
6569.
6570.
6570.
6571.
6571.
6572.
6572.
6572.
6573.
6573.
6573.
6573.
6574.
6574.
6575.
6575.
6575.
6576.
6577.
6577.
6577.
6578.
6578.
6579.
6579.
6579.
6581.
6581.
6580.
6581.
6582.
6582.
6582.
6583.
6583.
6583.
6584.
6584.
6586.
6585.
6586.
6586.
6586.
6587.
6587.
6588.
6588.
6589.
6589.
6589.
6590.
6590.
6591.
6591.
6591.
6592.
6592.
6593.
6593.
6594.
6595.
6595.
6595.
6596.
6596.
6597.
6597.
6597.
6599.
6598.
6598.
6599.
6599.
6600.
6600.
6601.
6601.
6603.
6602.
6602.
6603.
6603.
6603.
6604.
6605.
6605.
6605.
6606.
6606.
6607.
6607.
6608.
6608.
6609.
6609.
6610.
6610.
6611.
6611.
6612.
6612.
6613.
6613.
6613.
6614.
6615.
6615.
6615.
6616.
6616.
6616.
6616.
6617.
6618.
6618.
6619.
6619.
6620.
6620.
6620.
6621.
6621.
6622.
6622.
6623.
6623.
6624.
6625.
6625.
6625.
6626.
6626.
6627.
6627.
6627.
6627.
6628.
6628.
6629.
6629.
6630.
6630.
6631.
6631.
6632.
6633.
6633.
6634.
6634.
6634.
6635.
6635.
6636.
6637.
6637.
6637.
6638.
6638.
6638.
6639.
6640.
6640.
6641.
6641.
6642.
6642.
6642.
6643.
6644.
6644.
6644.
6645.
6645.
6646.
6646.
6647.
6647.
6648.
6647.
6648.
6648.
6650.
6650.
6651.
6651.
6652.
6652.
6653.
6653.
6654.
6655.
6655.
6655.
6657.
6657.
6657.
6658.
6658.
6659.
6660.
6661.
6660.
6662.
6661.
6662.
6663.
6664.
6663.
6665.
6665.
6666.
6666.
6666.
6668.
6667.
6668.
6669.
6669.
6670.
6670.
6670.
6671.
6671.
6672.
6673.
6673.
6673.
6674.
6674.
6675.
6676.
6677.
6677.
6677.
6677.
6678.
6678.
6678.
6679.
6680.
6680.
6681.
6681.
6682.
6682.
6682.
6683.
6683.
6684.
6684.
6685.
6685.
6686.
6686.
6687.
6688.
6688.
6689.
6689.
6689.
6690.
6690.
6691.
6691.
6692.
6692.
6693.
6692.
6694.
6694.
6694.
6695.
6695.
6696.
6697.
6697.
6698.
6698.
6698.
6699.
6699.
6699.
6700.
6700.
6701.
6701.
6701.
6702.
6703.
6702.
6704.
6704.
6705.
6705.
6706.
6706.
6706.
6706.
6706.
6706.
6707.
6707.
6708.
6708.
6709.
6709.
6710.
6710.
6710.
6710.
6712.
6712.
6712.
6712.
6713.
6713.
6714.
6714.
6714.
6714.
6715.
6715.
6715.
6716.
6717.
6717.
6717.
6718.
6717.
6719.
6719.
6719.
6720.
6720.
6721.
6721.
6722.
6722.
6722.
6723.
6723.
6724.
6724.
6725.
6726.
6726.
6727.
6726.
6727.
6728.
6728.
6728.
6729.
6729.
6730.
6730.
6731.
6731.
6731.
6732.
6732.
6733.
6734.
6733.
6735.
6735.
6735.
6736.
6736.
6737.
6737.
6737.
6738.
6739.
6739.
6739.
6741.
6741.
6741.
6742.
6743.
6743.
6744.
6743.
6745.
6745.
6746.
6747.
6747.
6747.
6748.
6749.
6749.
6750.
6749.
6750.
6752.
6752.
6753.
6753.
6753.
6754.
6754.
6755.
6756.
6756.
6757.
6757.
6758.
6759.
6759.
6760.
6761.
6761.
6762.
6762.
6763.
6764.
6764.
6765.
6766.
6766.
6767.
6768.
6768.
6768.
6769.
6769.
6770.
6771.
6772.
6772.
6773.
6774.
6774.
6776.
6777.
6777.
6777.
6778.
6778.
6780.
6780.
6781.
6781.
6783.
6782.
6784.
6784.
6785.
6786.
6787.
6788.
6788.
6788.
6789.
6790.
6791.
6791.
6792.
6792.
6794.
6794.
6795.
6796.
6796.
6797.
6798.
6798.
6799.
6800.
6801.
6802.
6802.
6803.
6803.
6804.
6805.
6806.
6806.
6807.
6808.
6809.
6810.
6810.
6811.
6811.
6812.
6813.
6814.
6815.
6815.
6816.
6816.
6817.
6818.
6818.
6820.
6820.
6821.
6822.
6822.
6823.
6824.
6824.
6825.
6826.
6828.
6828.
6829.
6830.
6830.
6832.
6832.
6833.
6834.
6835.
6836.
6836.
6836.
6838.
6838.
6839.
6840.
6841.
6841.
6843.
6843.
6844.
6844.
6846.
6846.
6848.
6848.
6849.
6850.
6851.
6851.
6852.
6853.
6853.
6854.
6855.
6855.
6857.
6858.
6858.
6859.
6861.
6861.
6862.
6862.
6864.
6864.
6865.
6865.
6867.
6868.
6868.
6869.
6869.
6871.
6871.
6872.
6873.
6874.
6875.
6876.
6876.
6877.
6878.
6879.
6879.
6880.
6881.
6882.
6882.
6884.
6884.
6885.
6886.
6887.
6888.
6888.
6890.
6890.
6891.
6891.
6892.
6893.
6893.
6894.
6896.
6896.
6897.
6898.
6898.
6899.
6899.
6901.
6901.
6902.
6903.
6904.
6904.
6905.
6905.
6907.
6907.
6908.
6909.
6910.
6910.
6911.
6911.
6912.
6912.
6914.
6914.
6915.
6915.
6916.
6916.
6918.
6918.
6919.
6919.
6921.
6921.
6921.
6922.
6923.
6923.
6924.
6925.
6925.
6926.
6926.
6927.
6927.
6928.
6929.
6930.
6930.
6931.
6931.
6932.
6932.
6933.
6933.
6934.
6935.
6936.
6936.
6937.
6937.
6938.
6938.
6940.
6939.
6941.
6941.
6942.
6942.
6943.
6944.
6944.
6944.
6945.
6946.
6947.
6947.
6949.
6949.
6949.
6950.
6951.
6951.
6952.
6953.
6954.
6954.
6955.
6956.
6957.
6957.
6958.
6958.
6959.
6960.
6960.
6961.
6962.
6963.
6964.
6964.
6965.
6966.
6967.
6967.
6967.
6968.
6970.
6970.
6970.
6971.
6971.
6973.
6973.
6974.
6975.
6975.
6976.
6977.
6977.
6977.
6978.
6979.
6979.
6980.
6981.
6981.
6981.
6982.
6982.
6984.
6984.
6985.
6985.
6986.
6986.
6987.
6988.
6989.
6989.
6990.
6990.
6991.
6991.
6992.
6992.
6994.
6994.
6994.
6994.
6996.
6996.
6997.
6997.
6998.
6998.
6999.
6999.
6999.
7000.
7001.
7001.
7002.
7002.
7003.
7004.
7005.
7004.
7006.
7006.
7006.
7007.
7007.
7008.
7008.
7009.
7009.
7010.
7010.
7011.
7011.
7012.
7012.
7013.
7012.
7013.
7013.
7015.
7014.
7015.
7015.
7016.
7016.
7018.
7018.
7018.
7018.
7019.
7019.
7020.
7021.
7021.
7021.
7022.
7022.
7023.
7023.
7024.
7024.
7024.
7025.
7026.
7026.
7027.
7026.
7027.
7027.
7028.
7029.
7029.
7029.
7029.
7030.
7030.
7030.
7031.
7032.
7032.
7032.
7034.
7034.
7034.
7035.
7035.
7036.
7036.
7037.
7037.
7038.
7038.
7039.
7039.
7040.
7040.
7041.
7041.
7042.
7042.
7043.
7044.
7044.
7045.
7044.
7045.
7046.
7046.
7046.
7046.
7047.
7048.
7049.
7049.
7050.
7050.
7051.
7051.
7052.
7052.
7053.
7053.
7053.
7053.
7054.
7055.
7056.
7056.
7057.
7057.
7058.
7058.
7059.
7059.
7060.
7060.
7061.
7061.
7062.
7062.
7064.
7064.
7065.
7064.
7065.
7066.
7067.
7066.
7067.
7068.
7068.
7069.
7069.
7071.
7070.
7072.
7072.
7073.
7073.
7074.
7074.
7075.
7075.
7077.
7076.
7077.
7078.
7078.
7078.
7080.
7080.
7081.
7082.
7083.
7083.
7083.
7084.
7085.
7086.
7086.
7087.
7088.
7088.
7089.
7089.
7090.
7090.
7091.
7091.
7092.
7093.
7094.
7094.
7095.
7096.
7097.
7098.
7098.
7099.
7100.
7100.
7101.
7102.
7102.
7103.
7104.
7105.
7106.
7107.
7108.
7108.
7109.
7110.
7111.
7112.
7113.
7114.
7115.
7116.
7116.
7117.
7117.
7119.
7119.
7120.
7121.
7122.
7123.
7123.
7125.
7125.
7127.
7126.
7127.
7128.
7129.
7130.
7131.
7132.
7133.
7134.
7134.
7136.
7136.
7137.
7138.
7139.
7139.
7141.
7141.
7142.
7142.
7144.
7145.
7146.
7146.
7148.
7148.
7150.
7150.
7151.
7152.
7153.
7154.
7155.
7155.
7157.
7157.
7158.
7159.
7160.
7161.
7162.
7162.
7164.
7164.
7165.
7166.
7167.
7168.
7169.
7170.
7172.
7172.
7173.
7173.
7174.
7175.
7176.
7177.
7178.
7178.
7179.
7180.
7181.
7182.
7183.
7184.
7185.
7186.
7186.
7187.
7188.
7189.
7190.
7191.
7191.
7193.
7193.
7195.
7195.
7196.
7196.
7198.
7198.
7200.
7200.
7201.
7202.
7203.
7204.
7205.
7205.
7207.
7207.
7208.
7209.
7210.
7210.
7212.
7212.
7213.
7213.
7215.
7215.
7217.
7218.
7219.
7219.
7220.
7221.
7221.
7223.
7223.
7224.
7225.
7225.
7226.
7227.
7228.
7229.
7229.
7230.
7231.
7232.
7232.
7233.
7234.
7235.
7235.
7236.
7236.
7237.
7238.
7239.
7239.
7241.
7240.
7242.
7242.
7243.
7244.
7244.
7245.
7246.
7247.
7247.
7248.
7248.
7248.
7250.
7250.
7251.
7251.
7252.
7252.
7254.
7254.
7255.
7256.
7256.
7256.
7257.
7257.
7259.
7258.
7260.
7261.
7261.
7261.
7263.
7263.
7264.
7264.
7264.
7265.
7266.
7266.
7266.
7267.
7267.
7269.
7268.
7270.
7270.
7270.
7271.
7272.
7273.
7273.
7274.
7275.
7274.
7275.
7275.
7277.
7276.
7278.
7277.
7279.
7279.
7280.
7281.
7281.
7281.
7282.
7282.
7284.
7284.
7284.
7284.
7286.
7286.
7287.
7287.
7288.
7288.
7289.
7289.
7290.
7290.
7291.
7291.
7293.
7293.
7293.
7293.
7294.
7295.
7295.
7296.
7297.
7297.
7298.
7298.
7299.
7300.
7300.
7301.
7301.
7302.
7302.
7303.
7303.
7304.
7305.
7305.
7306.
7307.
7306.
7308.
7308.
7308.
7309.
7310.
7310.
7311.
7311.
7312.
7312.
7313.
7313.
7314.
7314.
7315.
7315.
7316.
7316.
7317.
7318.
7318.
7319.
7319.
7320.
7320.
7321.
7322.
7322.
7322.
7322.
7323.
7323.
7324.
7324.
7324.
7325.
7326.
7325.
7327.
7327.
7327.
7327.
7328.
7328.
7329.
7329.
7331.
7331.
7332.
7332.
7333.
7333.
7333.
7333.
7335.
7335.
7335.
7336.
7336.
7337.
7337.
7338.
7338.
7339.
7340.
7340.
7341.
7341.
7341.
7342.
7343.
7343.
7344.
7344.
7345.
7346.
7347.
7347.
7347.
7348.
7349.
7349.
7350.
7350.
7351.
7350.
7351.
7352.
7352.
7353.
7353.
7354.
7354.
7355.
7355.
7355.
7355.
7357.
7356.
7358.
7358.
7359.
7359.
7360.
7361.
7361.
7361.
7361.
7362.
7363.
7363.
7364.
7364.
7365.
7366.
7365.
7365.
7367.
7367.
7367.
7367.
7369.
7368.
7369.
7369.
7370.
7369.
7371.
7370.
7371.
7371.
7372.
7372.
7373.
7373.
7373.
7374.
7373.
7375.
7374.
7376.
7376.
7376.
7377.
7377.
7377.
7377.
7378.
7378.
7378.
7379.
7378.
7380.
7380.
7380.
7381.
7381.
7381.
7381.
7381.
7382.
7382.
7382.
7382.
7383.
7383.
7384.
7384.
7385.
7386.
7386.
7386.
7386.
7387.
7387.
7388.
7388.
7388.
7389.
7389.
7389.
7390.
7390.
7391.
7391.
7391.
7392.
7392.
7393.
7394.
7393.
7394.
7394.
7394.
7395.
7395.
7396.
7396.
7396.
7397.
7396.
7397.
7397.
7398.
7398.
7399.
7399.
7399.
7400.
7401.
7400.
7401.
7401.
7401.
7402.
7402.
7403.
7403.
7403.
7403.
7403.
7403.
7403.
7404.
7404.
7404.
7404.
7405.
7405.
7406.
7406.
7406.
7406.
7406.
7407.
7407.
7407.
7407.
7407.
7408.
7408.
7408.
7408.
7409.
7409.
7409.
7409.
7410.
7410.
7410.
7410.
7410.
7410.
7410.
7411.
7410.
7412.
7412.
7412.
7412.
7412.
7413.
7413.
7413.
7414.
7415.
7414.
7415.
7415.
7415.
7416.
7416.
7416.
7417.
7417.
7417.
7418.
7418.
7419.
7419.
7419.
7420.
7420.
7420.
7421.
7421.
7421.
7422.
7423.
7423.
7423.
7423.
7424.
7425.
7425.
7425.
7425.
7426.
7426.
7427.
7427.
7427.
7428.
7428.
7429.
7429.
7431.
7431.
7431.
7432.
7432.
7432.
7433.
7433.
7434.
7435.
7435.
7435.
7437.
7437.
7437.
7438.
7439.
7440.
7440.
7441.
7441.
7442.
7442.
7443.
7443.
7444.
7445.
7446.
7446.
7447.
7448.
7448.
7448.
7450.
7451.
7451.
7451.
7452.
7452.
7454.
7455.
7455.
7456.
7456.
7456.
7457.
7458.
7458.
7458.
7459.
7459.
7460.
7461.
7461.
7461.
7463.
7463.
7463.
7464.
7464.
7464.
7465.
7466.
7466.
7466.
7467.
7467.
7468.
7468.
7468.
7469.
7469.
7469.
7469.
7470.
7470.
7471.
7471.
7471.
7472.
7472.
7471.
7472.
7472.
7473.
7472.
7473.
7473.
7474.
7473.
7475.
7475.
7474.
7475.
7475.
7476.
7475.
7474.
7476.
7476.
7475.
7475.
7475.
7475.
7475.
7476.
7475.
7476.
7475.
7476.
7475.
7475.
7476.
7475.
7476.
7477.
7475.
7475.
7475.
7476.
7475.
7475.
7476.
7476.
7475.
7475.
7476.
7476.
7476.
7475.
7476.
7476.
7475.
7475.
7476.
7476.
7475.
7475.
7475.
7475.
7475.
7475.
7476.
7476.
7475.
7475.
7475.
7475.
7475.
7475.
7476.
7475.
7475.
7475.
7475.
7475.
7476.
7475.
7475.
7476.
7476.
7475.
7474.
7475.
7475.
7474.
7474.
7474.
7474.
7473.
7473.
7472.
7473.
7471.
7471.
7471.
7470.
7469.
7469.
7469.
7469.
7468.
7467.
7466.
7467.
7464.
7464.
7463.
7464.
7462.
7462.
7460.
7459.
7459.
7458.
7457.
7456.
7455.
7454.
7453.
7453.
7451.
7450.
7449.
7449.
7448.
7446.
7445.
7445.
7444.
7443.
7442.
7441.
7440.
7439.
7438.
7437.
7436.
7435.
7435.
7433.
7432.
7431.
7430.
7429.
7428.
7427.
7426.
7424.
7423.
7423.
7422.
7421.
7419.
7418.
7418.
7416.
7416.
7415.
7414.
7412.
7412.
7410.
7410.
7408.
7408.
7405.
7405.
7404.
7403.
7402.
7401.
7399.
7399.
7397.
7397.
7396.
7394.
7392.
7392.
7391.
7390.
7388.
7387.
7385.
7384.
7383.
7383.
7381.
7380.
7379.
7379.
7377.
7376.
7375.
7373.
7372.
7371.
7370.
7369.
7368.
7366.
7365.
7364.
7363.
7361.
7360.
7359.
7358.
7356.
7355.
7354.
7353.
7352.
7351.
7349.
7349.
7347.
7346.
7345.
7344.
7342.
7341.
7340.
7340.
7339.
7337.
7336.
7335.
7334.
7333.
7332.
7331.
7329.
7328.
7327.
7327.
7325.
7325.
7323.
7322.
7321.
7320.
7318.
7318.
7316.
7316.
7315.
7314.
7312.
7311.
7311.
7311.
7308.
7307.
7306.
7306.
7304.
7303.
7303.
7301.
7300.
7299.
7299.
7298.
7297.
7296.
7295.
7294.
7294.
7294.
7293.
7292.
7292.
7290.
7288.
7288.
7287.
7287.
7286.
7286.
7286.
7284.
7283.
7283.
7283.
7281.
7280.
7280.
7280.
7278.
7278.
7278.
7277.
7275.
7275.
7274.
7274.
7273.
7272.
7272.
7271.
7271.
7270.
7269.
7268.
7267.
7267.
7266.
7266.
7264.
7264.
7264.
7264.
7263.
7262.
7262.
7261.
7260.
7259.
7259.
7258.
7257.
7256.
7256.
7255.
7255.
7254.
7254.
7252.
7252.
7251.
7251.
7250.
7250.
7248.
7248.
7247.
7246.
7246.
7246.
7245.
7245.
7244.
7243.
7242.
7243.
7240.
7240.
7239.
7240.
7239.
7238.
7236.
7236.
7236.
7235.
7235.
7234.
7233.
7233.
7232.
7232.
7231.
7230.
7229.
7229.
7228.
7227.
7227.
7227.
7226.
7225.
7225.
7225.
7223.
7223.
7221.
7221.
7221.
7220.
7219.
7218.
7218.
7217.
7217.
7216.
7215.
7214.
7214.
7213.
7212.
7211.
7211.
7210.
7210.
7210.
7208.
7207.
7207.
7205.
7205.
7205.
7204.
7203.
7202.
7202.
7202.
7200.
7200.
7198.
7198.
7197.
7198.
7196.
7196.
7194.
7194.
7193.
7193.
7192.
7191.
7190.
7189.
7189.
7189.
7187.
7186.
7186.
7186.
7184.
7183.
7183.
7182.
7181.
7181.
7180.
7179.
7178.
7178.
7177.
7176.
7175.
7174.
7174.
7172.
7173.
7171.
7170.
7170.
7169.
7169.
7167.
7166.
7166.
7166.
7165.
7163.
7162.
7162.
7162.
7160.
7160.
7158.
7157.
7157.
7157.
7155.
7154.
7153.
7152.
7152.
7152.
7151.
7149.
7148.
7148.
7146.
7146.
7145.
7145.
7143.
7142.
7142.
7142.
7140.
7140.
7138.
7139.
7138.
7137.
7136.
7134.
7133.
7132.
7132.
7132.
7130.
7129.
7128.
7128.
7127.
7126.
7126.
7125.
7124.
7124.
7123.
7122.
7121.
7119.
7119.
7118.
7117.
7117.
7116.
7116.
7115.
7114.
7113.
7111.
7111.
7111.
7109.
7108.
7107.
7106.
7106.
7104.
7103.
7103.
7101.
7100.
7099.
7099.
7099.
7098.
7096.
7094.
7093.
7093.
7092.
7091.
7091.
7089.
7089.
7087.
7086.
7086.
7085.
7085.
7084.
7082.
7082.
7081.
7081.
7079.
7079.
7078.
7077.
7076.
7076.
7074.
7073.
7072.
7071.
7071.
7070.
7069.
7068.
7067.
7067.
7066.
7065.
7064.
7063.
7062.
7061.
7061.
7060.
7059.
7058.
7057.
7057.
7057.
7056.
7055.
7053.
7052.
7052.
7052.
7051.
7050.
7049.
7048.
7047.
7048.
7046.
7045.
7044.
7044.
7043.
7043.
7042.
7040.
7039.
7038.
7038.
7038.
7035.
7035.
7034.
7035.
7033.
7033.
7031.
7030.
7030.
7030.
7029.
7027.
7026.
7026.
7025.
7024.
7023.
7023.
7022.
7021.
7020.
7019.
7018.
7017.
7016.
7015.
7014.
7013.
7012.
7011.
7011.
7010.
7009.
7008.
7007.
7006.
7006.
7005.
7004.
7002.
7002.
7002.
7000.
7000.
6999.
6998.
6997.
6995.
6995.
6994.
6994.
6992.
6991.
6991.
6991.
6989.
6989.
6987.
6988.