6551.
6550.
6551.
6551.
6551.
6551.
6551.
6551.
6551.
6552.
6550.
6551.
6551.
6551.
6551.
6551.
6551.
6551.
6550.
6551.
6551.
6551.
6550.
6551.
6551.
6551.
6551.
6551.
6551.
6551.
6550.
6551.
6551.
6551.
6551.
6551.
6550.
6551.
6551.
6551.
6551.
6551.
6550.
6551.
6550.
6551.
6551.
6551.
6550.
6551.
6551.
6551.
6551.
6551.
6550.
6551.
6551.
6551.
6551.
6551.
6550.
6551.
6550.
6551.
6551.
6550.
6550.
6551.
6550.
6551.
6552.
6551.
6552.
6550.
6550.
6551.
6550.
6551.
6550.
6551.
6550.
6551.
6551.
6551.
6551.
6551.
6551.
6552.
6551.
6551.
6551.
6551.
6551.
6550.
6550.
6550.
6551.
6550.
6551.
6550.
6551.
6550.
6550.
6550.
6551.
6550.
6550.
6551.
6551.
6551.
6550.
6551.
6551.
6550.
6551.
6551.
6551.
6551.
6550.
6551.
6551.
6552.
6551.
6551.
6551.
6550.
6551.
6551.
6551.
6552.
6550.
6551.
6551.
6551.
6551.
6551.
6551.
6552.
6550.
6550.
6551.
6551.
6551.
6551.
6551.
6551.
6551.
6551.
6551.
6551.
6550.
6551.
6550.
6551.
6550.
6551.
6550.
6550.
6550.
6551.
6550.
6551.
6550.
6551.
6551.
6551.
6551.
6551.
6551.
6551.
6551.
6551.
6550.
6551.
6550.
6551.
6551.
6550.
6551.
6551.
6550.
6551.
6551.
6551.
6550.
6550.
6551.
6551.
6550.
6551.
6552.
6550.
6550.
6551.
6551.
6550.
6550.
6551.
6551.
6551.
6551.
6550.
6550.
6551.
6551.
6551.
6551.
6550.
6550.
6550.
6550.
6551.
6551.
6551.
6551.
6550.
6550.
6550.
6551.
6550.
6550.
6550.
6551.
6550.
6551.
6551.
6551.
6550.
6551.
6551.
6551.
6551.
6551.
6550.
6551.
6552.
6551.
6550.
6551.
6550.
6551.
6550.
6551.
6551.
6551.
6550.
6551.
6550.
6551.
6551.
6551.
6550.
6550.
6550.
6551.
6550.
6551.
6551.
6551.
6550.
6551.
6551.
6551.
6550.
6550.
6550.
6551.
6551.
6551.
6550.
6550.
6550.
6551.
6551.
6550.
6551.
6551.
6550.
6550.
6551.
6550.
6551.
6550.
6551.
6550.
6551.
6550.
6551.
6551.
6550.
6551.
6551.
6551.
6551.
6551.
6550.
6551.
6550.
6551.
6551.
6551.
6550.
6551.
6551.
6551.
6551.
6550.
6551.
6551.
6551.
6550.
6551.
6552.
6550.
6550.
6551.
6550.
6550.
6550.
6551.
6551.
6551.
6551.
6551.
6551.
6551.
6551.
6552.
6552.
6550.
6551.
6551.
6551.
6551.
6551.
6552.
6552.
6551.
6551.
6551.
6551.
6552.
6551.
6552.
6551.
6551.
6551.
6551.
6551.
6551.
6551.
6551.
6551.
6552.
6552.
6551.
6551.
6552.
6552.
6552.
6552.
6551.
6552.
6551.
6552.
6551.
6552.
6552.
6553.
6553.
6553.
6553.
6553.
6553.
6553.
6553.
6554.
6553.
6554.
6554.
6555.
6554.
6555.
6555.
6555.
6555.
6556.
6556.
6557.
6558.
6557.
6558.
6558.
6558.
6558.
6558.
6559.
6559.
6559.
6559.
6560.
6560.
6561.
6562.
6561.
6562.
6562.
6563.
6563.
6564.
6563.
6564.
6564.
6565.
6565.
6566.
6566.
6567.
6568.
6568.
6568.
6569.
6569.
6570.
6571.
6571.
6572.
6571.
6572.
6573.
6573.
6574.
6573.
6575.
6575.
6576.
6577.
6578.
6578.
6579.
6579.
6580.
6580.
6581.
6581.
6582.
6582.
6583.
6583.
6584.
6584.
6585.
6585.
6587.
6587.
6588.
6588.
6589.
6589.
6589.
6590.
6590.
6591.
6592.
6592.
6593.
6593.
6594.
6594.
6596.
6595.
6597.
6597.
6598.
6598.
6599.
6599.
6601.
6601.
6601.
6602.
6602.
6603.
6603.
6604.
6604.
6605.
6606.
6607.
6608.
6608.
6609.
6609.
6610.
6611.
6611.
6612.
6612.
6613.
6613.
6614.
6615.
6616.
6616.
6617.
6618.
6618.
6618.
6619.
6619.
6621.
6621.
6622.
6623.
6624.
6624.
6625.
6625.
6626.
6627.
6628.
6628.
6629.
6630.
6631.
6631.
6632.
6633.
6633.
6634.
6635.
6636.
6637.
6637.
6639.
6639.
6640.
6641.
6642.
6643.
6644.
6644.
6645.
6646.
6646.
6647.
6648.
6649.
6650.
6651.
6652.
6653.
6653.
6655.
6655.
6657.
6658.
6659.
6659.
6661.
6661.
6663.
6663.
6665.
6666.
6667.
6667.
6669.
6670.
6672.
6672.
6674.
6675.
6676.
6676.
6677.
6678.
6680.
6680.
6682.
6682.
6684.
6684.
6686.
6687.
6688.
6689.
6691.
6692.
6693.
6694.
6695.
6696.
6698.
6699.
6700.
6700.
6702.
6703.
6705.
6706.
6707.
6708.
6710.
6710.
6712.
6713.
6713.
6715.
6717.
6717.
6719.
6720.
6721.
6723.
6724.
6726.
6726.
6727.
6729.
6730.
6732.
6733.
6734.
6735.
6736.
6737.
6739.
6741.
6741.
6742.
6743.
6745.
6746.
6748.
6748.
6750.
6752.
6753.
6755.
6756.
6756.
6758.
6759.
6761.
6762.
6764.
6765.
6766.
6767.
6769.
6769.
6771.
6772.
6773.
6774.
6776.
6776.
6778.
6780.
6781.
6782.
6784.
6784.
6786.
6787.
6789.
6790.
6791.
6793.
6793.
6795.
6796.
6797.
6798.
6799.
6801.
6802.
6803.
6805.
6806.
6807.
6808.
6809.
6810.
6812.
6813.
6814.
6815.
6817.
6817.
6819.
6820.
6821.
6822.
6823.
6824.
6826.
6827.
6828.
6829.
6831.
6832.
6833.
6834.
6835.
6836.
6838.
6839.
6840.
6841.
6842.
6842.
6844.
6845.
6847.
6847.
6849.
6850.
6852.
6852.
6853.
6854.
6856.
6856.
6857.
6859.
6861.
6861.
6863.
6864.
6865.
6866.
6867.
6869.
6870.
6871.
6872.
6873.
6875.
6876.
6877.
6878.
6881.
6881.
6883.
6883.
6884.
6886.
6887.
6888.
6889.
6890.
6892.
6893.
6893.
6895.
6896.
6898.
6898.
6899.
6901.
6902.
6904.
6904.
6906.
6907.
6908.
6910.
6911.
6912.
6912.
6914.
6915.
6916.
6918.
6919.
6920.
6922.
6922.
6924.
6925.
6926.
6928.
6929.
6930.
6932.
6932.
6934.
6934.
6936.
6937.
6939.
6939.
6941.
6942.
6943.
6944.
6946.
6947.
6948.
6949.
6951.
6951.
6953.
6953.
6955.
6957.
6958.
6959.
6960.
6960.
6962.
6964.
6965.
6966.
6967.
6968.
6969.
6970.
6971.
6972.
6974.
6975.
6976.
6977.
6978.
6981.
6981.
6982.
6984.
6985.
6985.
6987.
6988.
6989.
6990.
6992.
6992.
6994.
6995.
6997.
6997.
6999.
6999.
7001.
7001.
7003.
7004.
7005.
7006.
7008.
7008.
7010.
7010.
7012.
7012.
7013.
7016.
7017.
7017.
7018.
7020.
7022.
7022.
7024.
7024.
7026.
7027.
7028.
7028.
7030.
7031.
7032.
7033.
7034.
7035.
7037.
7038.
7039.
7040.
7042.
7043.
7043.
7045.
7046.
7047.
7048.
7049.
7051.
7052.
7054.
7054.
7055.
7057.
7058.
7059.
7060.
7061.
7062.
7064.
7064.
7066.
7067.
7069.
7069.
7071.
7073.
7073.
7074.
7076.
7077.
7078.
7080.
7081.
7082.
7084.
7084.
7086.
7087.
7088.
7088.
7090.
7092.
7093.
7094.
7095.
7097.
7099.
7099.
7101.
7102.
7104.
7105.
7106.
7107.
7109.
7110.
7112.
7113.
7115.
7115.
7117.
7118.
7119.
7121.
7122.
7124.
7125.
7126.
7128.
7129.
7130.
7131.
7133.
7135.
7135.
7137.
7138.
7140.
7141.
7143.
7144.
7146.
7146.
7147.
7149.
7151.
7151.
7153.
7154.
7156.
7157.
7159.
7160.
7162.
7162.
7164.
7165.
7167.
7168.
7170.
7170.
7173.
7173.
7175.
7176.
7178.
7178.
7180.
7181.
7183.
7183.
7185.
7187.
7189.
7189.
7191.
7192.
7194.
7194.
7196.
7197.
7198.
7199.
7201.
7202.
7204.
7204.
7206.
7207.
7209.
7210.
7212.
7212.
7214.
7215.
7216.
7217.
7219.
7220.
7221.
7223.
7223.
7225.
7226.
7227.
7228.
7229.
7230.
7233.
7233.
7234.
7235.
7237.
7238.
7239.
7240.
7242.
7242.
7244.
7246.
7246.
7247.
7249.
7249.
7251.
7252.
7253.
7254.
7256.
7256.
7257.
7258.
7260.
7260.
7261.
7263.
7264.
7264.
7266.
7266.
7268.
7268.
7270.
7270.
7272.
7272.
7274.
7274.
7276.
7277.
7278.
7279.
7281.
7281.
7282.
7283.
7285.
7285.
7286.
7287.
7288.
7290.
7290.
7291.
7292.
7293.
7294.
7295.
7297.
7297.
7299.
7299.
7300.
7301.
7302.
7303.
7303.
7305.
7305.
7307.
7307.
7309.
7309.
7311.
7312.
7313.
7313.
7315.
7315.
7316.
7316.
7318.
7319.
7320.
7321.
7322.
7322.
7324.
7324.
7326.
7327.
7328.
7328.
7330.
7330.
7331.
7332.
7333.
7334.
7335.
7335.
7337.
7337.
7338.
7339.
7340.
7341.
7341.
7342.
7343.
7344.
7344.
7346.
7346.
7348.
7348.
7349.
7350.
7351.
7351.
7352.
7353.
7353.
7355.
7355.
7357.
7357.
7358.
7358.
7359.
7360.
7360.
7361.
7362.
7363.
7363.
7364.
7365.
7366.
7367.
7367.
7368.
7369.
7369.
7370.
7370.
7372.
7372.
7373.
7374.
7374.
7375.
7376.
7376.
7377.
7378.
7379.
7379.
7380.
7381.
7381.
7382.
7383.
7383.
7383.
7384.
7385.
7386.
7386.
7386.
7388.
7388.
7389.
7389.
7390.
7391.
7390.
7391.
7392.
7393.
7393.
7393.
7394.
7394.
7395.
7395.
7397.
7397.
7397.
7398.
7399.
7399.
7400.
7400.
7400.
7401.
7401.
7402.
7402.
7404.
7404.
7404.
7404.
7406.
7405.
7406.
7406.
7407.
7407.
7408.
7408.
7409.
7409.
7410.
7410.
7411.
7411.
7412.
7412.
7413.
7414.
7413.
7414.
7415.
7414.
7415.
7416.
7416.
7415.
7416.
7416.
7418.
7417.
7418.
7418.
7419.
7419.
7419.
7419.
7419.
7420.
7421.
7421.
7421.
7421.
7422.
7422.
7423.
7423.
7423.
7423.
7424.
7423.
7424.
7424.
7424.
7425.
7425.
7425.
7425.
7425.
7425.
7426.
7425.
7426.
7427.
7427.
7427.
7427.
7427.
7428.
7427.
7428.
7427.
7429.
7429.
7429.
7430.
7428.
7429.
7430.
7431.
7430.
7430.
7430.
7430.
7431.
7431.
7432.
7432.
7432.
7433.
7433.
7432.
7433.
7433.
7433.
7433.
7433.
7434.
7434.
7434.
7435.
7435.
7435.
7435.
7436.
7436.
7436.
7436.
7437.
7437.
7437.
7437.
7437.
7437.
7437.
7438.
7438.
7438.
7438.
7438.
7439.
7439.
7439.
7439.
7440.
7439.
7439.
7439.
7439.
7439.
7440.
7439.
7439.
7440.
7440.
7440.
7439.
7440.
7439.
7440.
7440.
7440.
7439.
7440.
7440.
7440.
7440.
7440.
7440.
7440.
7440.
7440.
7440.
7440.
7440.
7440.
7441.
7440.
7440.
7440.
7440.
7440.
7440.
7440.
7440.
7440.
7440.
7440.
7440.
7440.
7440.
7440.
7440.
7440.
7440.
7441.
7440.
7440.
7440.
7440.
7440.
7440.
7440.
7440.
7440.
7440.
7440.
7440.
7440.
7440.
7440.
7441.
7440.
7440.
7440.
7441.
7440.
7439.
7440.
7440.
7440.
7440.
7440.
7440.
7440.
7440.
7440.
7441.
7440.
7440.
7440.
7440.
7440.
7441.
7440.
7440.
7440.
7440.
7440.
7440.
7440.
7440.
7440.
7440.
7440.
7440.
7440.
7440.
7440.
7440.
7439.
7440.
7440.
7440.
7440.
7440.
7440.
7440.
7440.
7440.
7439.
7440.
7439.
7440.
7439.
7440.
7439.
7440.
7440.
7440.
7440.
7440.
7440.
7440.
7440.
7440.
7440.
7440.
7439.
7440.
7440.
7440.
7439.
7440.
7440.
7440.
7439.
7440.
7440.
7440.
7440.
7440.
7440.
7440.
7439.
7440.
7439.
7440.
7439.
7440.
7440.
7440.
7439.
7440.
7439.
7440.
7440.
7439.
7439.
7440.
7440.
7438.
7439.
7439.
7439.
7439.
7439.
7438.
7439.
7439.
7439.
7439.
7439.
7437.
7438.
7438.
7438.
7438.
7437.
7437.
7438.
7438.
7437.
7437.
7437.
7436.
7437.
7436.
7436.
7435.
7436.
7435.
7435.
7435.
7435.
7434.
7435.
7435.
7434.
7433.
7434.
7434.
7433.
7432.
7432.
7433.
7432.
7431.
7431.
7431.
7431.
7432.
7430.
7430.
7430.
7430.
7428.
7429.
7429.
7429.
7429.
7428.
7428.
7427.
7427.
7427.
7426.
7426.
7426.
7426.
7424.
7424.
7424.
7424.
7423.
7423.
7423.
7422.
7421.
7421.
7420.
7421.
7421.
7420.
7420.
7419.
7418.
7418.
7418.
7417.
7417.
7417.
7417.
7416.
7415.
7414.
7414.
7414.
7414.
7413.
7412.
7412.
7413.
7412.
7411.
7410.
7410.
7410.
7410.
7408.
7408.
7408.
7408.
7407.
7407.
7405.
7405.
7405.
7406.
7404.
7404.
7402.
7402.
7403.
7402.
7401.
7401.
7400.
7399.
7399.
7398.
7398.
7397.
7396.
7396.
7396.
7395.
7393.
7394.
7394.
7392.
7392.
7392.
7391.
7390.
7389.
7389.
7388.
7387.
7387.
7386.
7386.
7386.
7385.
7384.
7384.
7382.
7381.
7381.
7381.
7380.
7379.
7379.
7378.
7377.
7376.
7376.
7375.
7374.
7374.
7372.
7372.
7371.
7371.
7369.
7369.
7368.
7368.
7367.
7367.
7364.
7364.
7364.
7363.
7362.
7362.
7361.
7360.
7359.
7359.
7357.
7357.
7355.
7354.
7354.
7353.
7352.
7352.
7351.
7350.
7349.
7348.
7348.
7347.
7345.
7344.
7344.
7343.
7341.
7341.
7340.
7339.
7339.
7338.
7337.
7337.
7336.
7334.
7334.
7332.
7332.
7331.
7330.
7329.
7329.
7327.
7326.
7325.
7325.
7323.
7322.
7321.
7321.
7319.
7318.
7317.
7317.
7315.
7314.
7313.
7312.
7311.
7311.
7309.
7309.
7308.
7307.
7305.
7305.
7303.
7303.
7302.
7301.
7299.
7299.
7298.
7297.
7295.
7294.
7293.
7294.
7292.
7291.
7290.
7290.
7287.
7286.
7286.
7284.
7282.
7282.
7281.
7280.
7279.
7278.
7277.
7275.
7275.
7274.
7273.
7272.
7271.
7270.
7269.
7267.
7267.
7266.
7264.
7262.
7262.
7261.
7260.
7257.
7257.
7255.
7255.
7253.
7252.
7251.
7251.
7249.
7248.
7246.
7246.
7244.
7243.
7242.
7241.
7239.
7238.
7237.
7237.
7235.
7234.
7233.
7233.
7231.
7229.
7227.
7226.
7225.
7224.
7223.
7222.
7220.
7220.
7218.
7217.
7215.
7214.
7213.
7211.
7210.
7208.
7207.
7206.
7205.
7205.
7203.
7202.
7200.
7199.
7198.
7197.
7195.
7194.
7192.
7190.
7190.
7189.
7187.
7186.
7185.
7182.
7182.
7181.
7178.
7177.
7177.
7175.
7173.
7172.
7171.
7169.
7168.
7167.
7165.
7163.
7163.
7161.
7159.
7157.
7157.
7156.
7154.
7152.
7151.
7149.
7148.
7146.
7144.
7143.
7143.
7141.
7139.
7138.
7136.
7134.
7132.
7131.
7129.
7128.
7126.
7125.
7123.
7122.
7121.
7119.
7117.
7117.
7115.
7114.
7112.
7110.
7108.
7107.
7105.
7104.
7102.
7101.
7099.
7099.
7097.
7094.
7093.
7092.
7089.
7089.
7088.
7086.
7084.
7083.
7082.
7080.
7078.
7077.
7075.
7074.
7071.
7071.
7069.
7067.
7065.
7065.
7063.
7062.
7060.
7059.
7058.
7056.
7055.
7053.
7052.
7050.
7049.
7048.
7046.
7044.
7043.
7042.
7040.
7039.
7037.
7037.
7035.
7033.
7032.
7030.
7029.
7028.
7026.
7025.
7024.
7023.
7021.
7019.
7018.
7017.
7015.
7013.
7012.
7012.
7010.
7008.
7007.
7005.
7004.
7003.
7001.
6999.
6999.
6997.
6996.
6994.
6994.
6992.
6990.
6989.
6988.
6986.
6985.
6983.
6982.
6980.
6980.
6979.
6977.
6975.
6974.
6973.
6971.
6970.
6970.
6968.
6966.
6965.
6963.
6962.
6962.
6960.
6958.
6957.
6956.
6955.
6952.
6951.
6950.
6949.
6947.
6946.
6944.
6943.
6943.
6940.
6939.
6938.
6937.
6935.
6934.
6932.
6930.
6930.
6929.
6927.
6926.
6924.
6923.
6922.
6919.
6919.
6917.
6916.
6915.
6913.
6912.
6911.
6910.
6907.
6906.
6905.
6904.
6902.
6900.
6900.
6898.
6897.
6895.
6893.
6893.
6891.
6889.
6888.
6887.
6885.
6883.
6883.
6882.
6881.
6879.
6877.
6875.
6874.
6873.
6871.
6870.
6869.
6867.
6866.
6864.
6863.
6862.
6861.
6859.
6858.
6856.
6854.
6853.
6852.
6851.
6849.
6848.
6845.
6845.
6844.
6842.
6840.
6839.
6838.
6837.
6835.
6834.
6832.
6831.
6829.
6828.
6826.
6825.
6824.
6822.
6821.
6820.
6817.
6817.
6815.
6814.
6812.
6810.
6809.
6809.
6807.
6805.
6804.
6802.
6801.
6800.
6798.
6797.
6795.
6794.
6792.
6791.
6789.
6788.
6787.
6785.
6784.
6782.
6781.
6780.
6778.
6776.
6775.
6774.
6772.
6771.
6769.
6767.
6766.
6765.
6763.
6761.
6761.
6759.
6757.
6755.
6755.
6753.
6751.
6749.
6749.
6747.
6745.
6744.
6742.
6740.
6739.
6737.
6736.
6734.
6734.
6733.
6730.
6728.
6728.
6727.
6725.
6722.
6722.
6721.
6719.
6718.
6716.
6714.
6713.
6712.
6710.
6709.
6708.
6706.
6704.
6703.
6702.
6700.
6699.
6698.
6696.
6695.
6694.
6692.
6690.
6689.
6688.
6686.
6684.
6683.
6682.
6680.
6679.
6678.
6676.
6676.
6674.
6673.
6671.
6671.
6669.
6667.
6665.
6664.
6662.
6662.
6661.
6659.
6657.
6657.
6655.
6655.
6653.
6652.
6651.
6649.
6647.
6647.
6645.
6644.
6643.
6642.
6640.
6640.
6638.
6637.
6635.
6635.
6633.
6633.
6631.
6629.
6628.
6628.
6626.
6624.
6624.
6623.
6622.
6620.
6619.
6618.
6618.
6616.
6615.
6615.
6613.
6612.
6611.
6610.
6609.
6608.
6607.
6606.
6605.
6604.
6603.
6601.
6601.
6600.
6600.
6598.
6599.
6598.
6596.
6595.
6595.
6594.
6592.
6591.
6591.
6589.
6589.
6587.
6587.
6586.
6585.
6585.
6585.
6583.
6582.
6582.
6582.
6581.
6580.
6579.
6579.
6577.
6577.
6575.
6575.
6573.
6573.
6573.
6573.
6572.
6570.
6570.
6569.
6568.
6567.
6567.
6566.
6566.
6565.
6563.
6563.
6563.
6562.
6562.
6561.
6561.
6559.
6559.
6558.
6558.
6557.
6556.
6555.
6555.
6554.
6553.
6553.
6552.
6552.
6552.
6550.
6551.
6549.
6550.
6548.
6548.
6549.
6549.
6549.
6549.
6548.
6548.
6548.
6548.
6548.
6549.
6549.
6549.
6549.
6548.
6549.
6548.
6549.
6548.
6549.
6549.
6550.
6549.
6549.
6549.
6549.
6549.
6548.
6548.
6548.
6549.
6548.
6549.
6550.
6549.
6549.
6548.
6549.
6549.
6549.
6549.
6549.
6548.
6549.
6549.
6549.
6548.
6549.
6549.
6549.
6549.
6549.
6549.
6550.
6548.
6548.
6549.
6549.
6549.
6550.
6549.
6548.
6549.
6549.
6548.
6549.
6549.
6550.
6549.
6549.