6552.
6552.
6552.
6552.
6552.
6552.
6552.
6552.
6553.
6552.
6552.
6552.
6552.
6553.
6553.
6552.
6552.
6552.
6553.
6552.
6552.
6552.
6552.
6552.
6552.
6552.
6552.
6552.
6552.
6552.
6552.
6552.
6553.
6552.
6552.
6552.
6552.
6552.
6552.
6552.
6552.
6552.
6552.
6552.
6553.
6552.
6552.
6552.
6552.
6552.
6552.
6552.
6552.
6553.
6552.
6552.
6552.
6552.
6552.
6552.
6552.
6553.
6552.
6552.
6552.
6552.
6552.
6552.
6552.
6552.
6552.
6552.
6552.
6552.
6552.
6553.
6552.
6551.
6552.
6553.
6552.
6553.
6552.
6552.
6552.
6552.
6552.
6552.
6552.
6552.
6552.
6552.
6552.
6553.
6552.
6552.
6552.
6552.
6552.
6552.
6552.
6552.
6552.
6552.
6552.
6552.
6552.
6553.
6552.
6552.
6552.
6552.
6552.
6552.
6553.
6553.
6552.
6552.
6553.
6552.
6553.
6553.
6552.
6552.
6552.
6552.
6552.
6552.
6552.
6553.
6553.
6553.
6551.
6552.
6552.
6552.
6552.
6553.
6553.
6552.
6553.
6553.
6552.
6552.
6552.
6553.
6552.
6552.
6552.
6552.
6552.
6552.
6552.
6552.
6553.
6552.
6552.
6552.
6552.
6552.
6552.
6553.
6553.
6552.
6552.
6552.
6552.
6552.
6552.
6552.
6552.
6552.
6552.
6553.
6552.
6552.
6553.
6552.
6552.
6552.
6552.
6553.
6552.
6553.
6553.
6553.
6552.
6553.
6553.
6552.
6553.
6553.
6553.
6553.
6553.
6554.
6554.
6555.
6554.
6554.
6554.
6555.
6555.
6554.
6555.
6555.
6555.
6555.
6556.
6555.
6556.
6556.
6557.
6557.
6557.
6557.
6558.
6558.
6558.
6558.
6559.
6559.
6559.
6559.
6559.
6559.
6559.
6559.
6560.
6560.
6561.
6561.
6560.
6561.
6561.
6561.
6561.
6562.
6562.
6562.
6563.
6563.
6563.
6563.
6563.
6564.
6564.
6564.
6564.
6564.
6565.
6565.
6565.
6565.
6565.
6566.
6565.
6566.
6565.
6566.
6566.
6566.
6567.
6567.
6566.
6567.
6566.
6567.
6567.
6568.
6568.
6567.
6568.
6568.
6568.
6568.
6568.
6568.
6569.
6569.
6568.
6569.
6569.
6569.
6569.
6570.
6570.
6569.
6570.
6569.
6569.
6570.
6570.
6570.
6570.
6570.
6570.
6571.
6571.
6571.
6572.
6571.
6571.
6572.
6572.
6572.
6571.
6572.
6572.
6573.
6573.
6573.
6573.
6573.
6574.
6574.
6574.
6574.
6574.
6575.
6575.
6574.
6575.
6575.
6576.
6576.
6576.
6576.
6577.
6577.
6577.
6577.
6578.
6578.
6578.
6578.
6579.
6578.
6580.
6579.
6580.
6580.
6580.
6581.
6581.
6582.
6582.
6582.
6582.
6583.
6582.
6582.
6583.
6583.
6583.
6583.
6584.
6584.
6585.
6586.
6585.
6585.
6586.
6586.
6586.
6586.
6587.
6587.
6588.
6587.
6588.
6588.
6589.
6589.
6589.
6590.
6590.
6590.
6590.
6591.
6591.
6591.
6591.
6592.
6592.
6593.
6593.
6593.
6593.
6594.
6594.
6595.
6594.
6595.
6595.
6596.
6596.
6597.
6596.
6598.
6598.
6598.
6598.
6599.
6598.
6599.
6599.
6600.
6600.
6601.
6601.
6602.
6602.
6602.
6602.
6603.
6603.
6604.
6604.
6605.
6605.
6606.
6606.
6607.
6607.
6608.
6607.
6608.
6609.
6610.
6610.
6610.
6611.
6611.
6611.
6612.
6612.
6614.
6614.
6614.
6615.
6615.
6615.
6617.
6616.
6617.
6617.
6618.
6619.
6618.
6619.
6619.
6620.
6620.
6621.
6621.
6622.
6621.
6622.
6623.
6623.
6624.
6624.
6624.
6625.
6625.
6626.
6626.
6627.
6626.
6627.
6628.
6628.
6628.
6629.
6629.
6629.
6630.
6630.
6631.
6631.
6631.
6631.
6631.
6632.
6632.
6632.
6632.
6633.
6633.
6634.
6634.
6635.
6635.
6635.
6635.
6636.
6636.
6636.
6636.
6636.
6636.
6637.
6637.
6638.
6639.
6637.
6638.
6639.
6639.
6640.
6640.
6639.
6640.
6639.
6640.
6640.
6641.
6641.
6641.
6642.
6642.
6642.
6642.
6641.
6643.
6642.
6643.
6644.
6644.
6643.
6644.
6644.
6645.
6645.
6645.
6645.
6645.
6646.
6646.
6646.
6646.
6645.
6646.
6646.
6647.
6646.
6647.
6647.
6647.
6648.
6647.
6647.
6648.
6649.
6648.
6648.
6649.
6649.
6649.
6650.
6649.
6649.
6650.
6650.
6651.
6651.
6651.
6652.
6652.
6652.
6653.
6653.
6653.
6653.
6653.
6654.
6654.
6654.
6655.
6655.
6655.
6655.
6656.
6656.
6657.
6656.
6656.
6657.
6657.
6658.
6657.
6658.
6658.
6659.
6658.
6660.
6660.
6660.
6660.
6661.
6661.
6661.
6661.
6662.
6662.
6663.
6664.
6664.
6664.
6664.
6664.
6665.
6665.
6666.
6666.
6666.
6668.
6667.
6667.
6668.
6668.
6669.
6670.
6670.
6670.
6671.
6671.
6672.
6672.
6672.
6673.
6674.
6674.
6673.
6674.
6675.
6675.
6675.
6676.
6676.
6677.
6678.
6678.
6678.
6680.
6680.
6680.
6680.
6681.
6682.
6682.
6682.
6683.
6682.
6684.
6684.
6685.
6685.
6686.
6686.
6687.
6687.
6688.
6688.
6689.
6690.
6690.
6690.
6691.
6692.
6692.
6693.
6693.
6694.
6694.
6694.
6695.
6695.
6696.
6696.
6697.
6698.
6698.
6699.
6699.
6699.
6700.
6700.
6701.
6700.
6702.
6702.
6703.
6703.
6704.
6704.
6705.
6705.
6706.
6706.
6706.
6706.
6707.
6707.
6707.
6708.
6709.
6708.
6710.
6710.
6710.
6710.
6711.
6711.
6712.
6712.
6712.
6712.
6713.
6713.
6714.
6714.
6715.
6715.
6715.
6716.
6716.
6716.
6717.
6716.
6716.
6717.
6718.
6718.
6718.
6719.
6719.
6719.
6719.
6719.
6719.
6720.
6720.
6721.
6722.
6720.
6721.
6721.
6721.
6722.
6722.
6722.
6723.
6722.
6722.
6723.
6724.
6723.
6723.
6724.
6724.
6724.
6724.
6725.
6725.
6725.
6725.
6725.
6725.
6726.
6727.
6727.
6727.
6726.
6727.
6727.
6727.
6728.
6728.
6728.
6729.
6728.
6729.
6729.
6730.
6729.
6730.
6730.
6731.
6731.
6731.
6732.
6732.
6732.
6733.
6733.
6733.
6733.
6734.
6735.
6734.
6734.
6735.
6735.
6735.
6736.
6735.
6736.
6737.
6737.
6736.
6737.
6737.
6737.
6738.
6738.
6738.
6738.
6739.
6739.
6740.
6740.
6740.
6741.
6741.
6742.
6741.
6741.
6743.
6743.
6742.
6743.
6743.
6743.
6743.
6744.
6744.
6745.
6745.
6745.
6746.
6746.
6747.
6747.
6748.
6748.
6747.
6748.
6748.
6749.
6750.
6750.
6751.
6751.
6751.
6751.
6752.
6752.
6752.
6753.
6753.
6754.
6754.
6755.
6756.
6755.
6755.
6756.
6757.
6757.
6757.
6758.
6758.
6759.
6759.
6760.
6760.
6760.
6761.
6761.
6761.
6762.
6762.
6763.
6763.
6763.
6764.
6765.
6765.
6765.
6765.
6767.
6767.
6766.
6767.
6767.
6768.
6768.
6768.
6769.
6770.
6769.
6770.
6771.
6771.
6772.
6772.
6771.
6772.
6772.
6773.
6772.
6774.
6773.
6774.
6774.
6775.
6776.
6776.
6775.
6777.
6777.
6777.
6777.
6778.
6779.
6779.
6778.
6779.
6780.
6780.
6780.
6781.
6782.
6781.
6781.
6782.
6782.
6782.
6782.
6783.
6783.
6783.
6783.
6784.
6784.
6785.
6785.
6785.
6786.
6785.
6786.
6787.
6787.
6787.
6787.
6788.
6787.
6789.
6788.
6789.
6789.
6789.
6789.
6790.
6790.
6790.
6790.
6790.
6790.
6791.
6791.
6791.
6792.
6791.
6792.
6792.
6793.
6793.
6793.
6793.
6794.
6794.
6794.
6795.
6795.
6794.
6795.
6796.
6796.
6797.
6796.
6796.
6797.
6797.
6798.
6798.
6798.
6798.
6799.
6800.
6800.
6800.
6800.
6800.
6801.
6802.
6801.
6801.
6802.
6802.
6802.
6802.
6804.
6803.
6804.
6805.
6804.
6805.
6806.
6806.
6805.
6807.
6806.
6807.
6807.
6807.
6808.
6808.
6809.
6809.
6809.
6809.
6809.
6810.
6810.
6811.
6811.
6811.
6811.
6812.
6812.
6813.
6813.
6813.
6814.
6814.
6814.
6814.
6814.
6815.
6815.
6816.
6816.
6816.
6816.
6817.
6817.
6817.
6818.
6818.
6818.
6819.
6818.
6819.
6820.
6820.
6820.
6820.
6820.
6821.
6821.
6822.
6822.
6822.
6822.
6823.
6823.
6823.
6823.
6824.
6823.
6825.
6824.
6825.
6825.
6825.
6826.
6826.
6826.
6826.
6827.
6828.
6827.
6827.
6828.
6829.
6829.
6829.
6829.
6830.
6829.
6831.
6831.
6831.
6831.
6831.
6832.
6832.
6832.
6832.
6833.
6833.
6834.
6834.
6834.
6834.
6835.
6835.
6836.
6836.
6836.
6837.
6836.
6836.
6838.
6838.
6838.
6838.
6838.
6838.
6839.
6839.
6839.
6840.
6840.
6840.
6841.
6841.
6841.
6842.
6842.
6842.
6843.
6843.
6843.
6843.
6844.
6844.
6845.
6845.
6844.
6845.
6846.
6846.
6846.
6846.
6847.
6847.
6847.
6848.
6848.
6848.
6848.
6849.
6850.
6850.
6851.
6850.
6851.
6852.
6851.
6852.
6853.
6853.
6852.
6853.
6853.
6854.
6854.
6854.
6855.
6855.
6855.
6856.
6856.
6856.
6856.
6857.
6857.
6857.
6858.
6859.
6859.
6859.
6859.
6860.
6860.
6861.
6861.
6861.
6862.
6862.
6862.
6863.
6863.
6863.
6864.
6864.
6864.
6865.
6865.
6866.
6866.
6865.
6867.
6867.
6868.
6867.
6868.
6869.
6869.
6869.
6870.
6871.
6870.
6871.
6871.
6872.
6872.
6872.
6872.
6873.
6873.
6874.
6874.
6875.
6875.
6875.
6875.
6876.
6876.
6877.
6877.
6877.
6878.
6878.
6879.
6879.
6879.
6880.
6880.
6880.
6881.
6881.
6882.
6882.
6882.
6883.
6882.
6882.
6883.
6883.
6884.
6884.
6884.
6885.
6886.
6886.
6886.
6886.
6888.
6887.
6887.
6888.
6888.
6889.
6890.
6890.
6890.
6891.
6891.
6891.
6891.
6892.
6892.
6892.
6893.
6893.
6894.
6894.
6895.
6895.
6896.
6896.
6896.
6897.
6897.
6897.
6897.
6898.
6897.
6899.
6899.
6900.
6899.
6900.
6901.
6901.
6901.
6902.
6902.
6903.
6902.
6903.
6903.
6904.
6904.
6905.
6905.
6905.
6906.
6905.
6906.
6907.
6908.
6907.
6907.
6908.
6909.
6909.
6910.
6909.
6909.
6910.
6911.
6910.
6911.
6911.
6912.
6911.
6912.
6912.
6912.
6912.
6913.
6913.
6913.
6915.
6915.
6915.
6915.
6916.
6916.
6916.
6916.
6916.
6917.
6918.
6918.
6919.
6918.
6919.
6919.
6920.
6920.
6920.
6920.
6921.
6921.
6922.
6922.
6922.
6923.
6923.
6924.
6923.
6924.
6924.
6924.
6926.
6925.
6926.
6926.
6926.
6927.
6927.
6928.
6929.
6928.
6929.
6929.
6929.
6930.
6930.
6931.
6931.
6932.
6932.
6932.
6932.
6933.
6934.
6934.
6934.
6935.
6936.
6936.
6936.
6936.
6936.
6937.
6938.
6938.
6939.
6939.
6939.
6940.
6940.
6941.
6941.
6941.
6941.
6942.
6942.
6943.
6943.
6943.
6944.
6944.
6945.
6944.
6946.
6945.
6946.
6946.
6947.
6947.
6948.
6948.
6949.
6949.
6949.
6950.
6951.
6951.
6952.
6952.
6953.
6953.
6953.
6954.
6955.
6954.
6955.
6955.
6956.
6956.
6957.
6958.
6958.
6958.
6959.
6959.
6960.
6960.
6961.
6961.
6963.
6963.
6963.
6963.
6965.
6965.
6966.
6967.
6966.
6966.
6967.
6967.
6968.
6969.
6970.
6970.
6970.
6970.
6972.
6971.
6973.
6973.
6973.
6974.
6974.
6975.
6975.
6976.
6976.
6977.
6977.
6978.
6978.
6979.
6979.
6980.
6981.
6981.
6981.
6982.
6982.
6983.
6983.
6984.
6984.
6985.
6985.
6987.
6987.
6987.
6987.
6988.
6988.
6989.
6990.
6990.
6990.
6991.
6991.
6992.
6992.
6993.
6994.
6994.
6994.
6995.
6995.
6996.
6996.
6997.
6997.
6998.
6998.
6999.
6999.
6999.
6999.
7001.
7001.
7001.
7002.
7002.
7003.
7003.
7003.
7005.
7005.
7004.
7005.
7005.
7007.
7007.
7007.
7007.
7008.
7008.
7009.
7009.
7010.
7011.
7010.
7011.
7011.
7011.
7012.
7012.
7013.
7013.
7014.
7014.
7015.
7014.
7016.
7015.
7016.
7016.
7017.
7018.
7017.
7018.
7018.
7018.
7018.
7019.
7019.
7020.
7020.
7021.
7021.
7021.
7022.
7021.
7022.
7022.
7023.
7022.
7023.
7023.
7024.
7024.
7024.
7024.
7025.
7025.
7025.
7025.
7026.
7026.
7026.
7027.
7026.
7027.
7027.
7028.
7028.
7028.
7028.
7029.
7029.
7029.
7029.
7030.
7030.
7030.
7031.
7031.
7031.
7031.
7032.
7031.
7033.
7032.
7033.
7033.
7034.
7034.
7035.
7034.
7034.
7035.
7035.
7035.
7036.
7036.
7038.
7036.
7037.
7037.
7037.
7038.
7038.
7038.
7038.
7039.
7039.
7040.
7040.
7040.
7041.
7040.
7041.
7041.
7042.
7042.
7042.
7042.
7043.
7043.
7044.
7044.
7044.
7044.
7045.
7044.
7045.
7044.
7046.
7046.
7046.
7046.
7047.
7047.
7048.
7047.
7048.
7048.
7049.
7048.
7050.
7049.
7051.
7050.
7051.
7051.
7052.
7051.
7052.
7052.
7053.
7053.
7054.
7054.
7054.
7054.
7055.
7056.
7056.
7056.
7057.
7057.
7057.
7057.
7058.
7058.
7058.
7058.
7059.
7059.
7060.
7060.
7061.
7060.
7061.
7061.
7062.
7062.
7063.
7063.
7063.
7063.
7064.
7065.
7065.
7065.
7066.
7066.
7067.
7067.
7067.
7067.
7067.
7068.
7069.
7069.
7069.
7070.
7070.
7071.
7071.
7071.
7071.
7072.
7072.
7073.
7072.
7074.
7075.
7074.
7075.
7075.
7076.
7076.
7076.
7077.
7078.
7078.
7079.
7079.
7080.
7080.
7080.
7080.
7081.
7081.
7082.
7082.
7083.
7083.
7083.
7084.
7084.
7085.
7085.
7086.
7086.
7086.
7086.
7087.
7088.
7088.
7089.
7089.
7089.
7090.
7090.
7091.
7091.
7091.
7092.
7092.
7093.
7093.
7093.
7094.
7094.
7094.
7095.
7095.
7096.
7096.
7097.
7097.
7098.
7097.
7098.
7099.
7099.
7099.
7100.
7100.
7100.
7102.
7101.
7102.
7103.
7103.
7103.
7104.
7104.
7104.
7105.
7105.
7106.
7106.
7107.
7106.
7107.
7107.
7108.
7108.
7109.
7109.
7109.
7110.
7111.
7111.
7111.
7111.
7112.
7112.
7112.
7113.
7113.
7113.
7114.
7114.
7115.
7115.
7116.
7116.
7117.
7117.
7117.
7118.
7118.
7118.
7118.
7119.
7119.
7120.
7119.
7121.
7120.
7121.
7121.
7122.
7122.
7123.
7123.
7123.
7124.
7124.
7125.
7125.
7126.
7125.
7127.
7127.
7127.
7127.
7128.
7128.
7129.
7128.
7128.
7130.
7130.
7131.
7130.
7131.
7131.
7132.
7131.
7132.
7132.
7133.
7133.
7133.
7134.
7135.
7135.
7135.
7135.
7136.
7136.
7137.
7137.
7137.
7138.
7138.
7138.
7138.
7139.
7139.
7139.
7140.
7140.
7141.
7141.
7141.
7141.
7141.
7142.
7142.
7143.
7143.
7144.
7144.
7144.
7145.
7145.
7146.
7146.
7146.
7147.
7147.
7147.
7147.
7148.
7147.
7149.
7148.
7149.
7148.
7150.
7150.
7150.
7150.
7151.
7151.
7152.
7151.
7152.
7152.
7153.
7152.
7153.
7153.
7154.
7154.
7155.
7154.
7155.
7155.
7156.
7156.
7156.
7156.
7157.
7158.
7157.
7157.
7158.
7158.
7159.
7159.
7159.
7159.
7159.
7159.
7161.
7160.
7161.
7161.
7161.
7162.
7162.
7162.
7162.
7163.
7163.
7164.
7163.
7164.
7164.
7165.
7164.
7166.
7166.
7165.
7166.
7167.
7167.
7167.
7167.
7168.
7168.
7167.
7168.
7169.
7170.
7169.
7169.
7171.
7170.
7171.
7172.
7172.
7172.
7172.
7173.
7173.
7174.
7174.
7174.
7174.
7175.
7174.
7175.
7175.
7175.
7176.
7176.
7177.
7177.
7178.
7178.
7178.
7179.
7179.
7180.
7179.
7180.
7180.
7181.
7181.
7182.
7181.
7182.
7182.
7183.
7184.
7184.
7184.
7184.
7185.
7185.
7186.
7187.
7186.
7187.
7187.
7188.
7189.
7188.
7190.
7189.
7190.
7190.
7192.
7191.
7191.
7192.
7192.
7193.
7193.
7194.
7194.
7194.
7195.
7195.
7195.
7196.
7196.
7197.
7197.
7198.
7198.
7198.
7198.
7199.
7199.
7201.
7201.
7201.
7201.
7201.
7202.
7202.
7202.
7203.
7203.
7204.
7204.
7205.
7205.
7206.
7205.
7205.
7206.
7206.
7207.
7206.
7207.
7208.
7208.
7208.
7209.
7209.
7209.
7209.
7210.
7211.
7211.
7211.
7212.
7211.
7212.
7212.
7213.
7212.
7213.
7213.
7214.
7214.
7214.
7215.
7215.
7215.
7216.
7215.
7216.
7216.
7217.
7217.
7217.
7217.
7218.
7217.
7218.
7218.
7219.
7219.
7220.
7219.
7220.
7221.
7220.
7220.
7221.
7221.
7222.
7222.
7222.
7222.
7223.
7223.
7223.
7224.
7224.
7224.
7224.
7224.
7224.
7225.
7225.
7225.
7225.
7226.
7227.
7226.
7227.
7227.
7228.
7228.
7227.
7228.
7228.
7228.
7229.
7229.
7230.
7230.
7229.
7230.
7230.
7231.
7231.
7231.
7231.
7232.
7232.
7233.
7233.
7233.
7233.
7234.
7234.
7234.
7234.
7234.
7234.
7235.
7235.
7236.
7235.
7236.
7236.
7237.
7236.
7237.
7237.
7238.
7238.
7239.
7239.
7239.
7240.
7240.
7240.
7241.
7241.
7242.
7242.
7242.
7242.
7242.
7243.
7243.
7243.
7244.
7244.
7245.
7245.
7245.
7246.
7246.
7246.
7246.
7247.
7247.
7248.
7247.
7248.
7248.
7249.
7248.
7249.
7249.
7249.
7250.
7250.
7251.
7251.
7250.
7252.
7252.
7252.
7253.
7252.
7252.
7253.
7254.
7253.
7254.
7254.
7255.
7254.
7254.
7255.
7254.
7255.
7255.
7255.
7255.
7256.
7257.
7256.
7256.
7257.
7258.
7257.
7257.
7257.
7257.
7258.
7258.
7258.
7258.
7259.
7259.
7258.
7259.
7259.
7259.
7260.
7260.
7259.
7260.
7261.
7261.
7260.
7260.
7260.
7261.
7260.
7261.
7262.
7262.
7261.
7261.
7262.
7262.
7262.
7262.
7262.
7262.
7263.
7263.
7262.
7263.
7262.
7263.
7263.
7264.
7264.
7264.
7264.
7264.
7264.
7265.
7265.
7265.
7265.
7265.
7265.
7266.
7266.
7266.
7266.
7266.
7266.
7267.
7267.
7267.
7267.
7267.
7268.
7268.
7268.
7268.
7268.
7269.
7269.
7269.
7269.
7269.
7269.
7269.
7269.
7270.
7269.
7270.
7270.
7270.
7270.
7270.
7270.
7271.
7271.
7271.
7271.
7271.
7271.
7272.
7272.
7272.
7272.
7272.
7273.
7272.
7273.
7273.
7273.
7273.
7273.
7273.
7274.
7274.
7273.
7274.
7274.
7275.
7274.
7275.
7274.
7275.
7275.
7275.
7275.
7275.
7275.
7276.
7276.
7276.
7276.
7277.
7276.
7276.
7276.
7277.