6554.
6554.
6554.
6553.
6554.
6554.
6553.
6554.
6554.
6554.
6554.
6554.
6553.
6554.
6554.
6554.
6554.
6554.
6554.
6554.
6555.
6554.
6554.
6554.
6555.
6554.
6554.
6554.
6555.
6554.
6554.
6554.
6555.
6554.
6553.
6554.
6554.
6554.
6554.
6554.
6555.
6554.
6554.
6554.
6555.
6554.
6554.
6554.
6555.
6554.
6553.
6554.
6554.
6554.
6554.
6554.
6554.
6554.
6555.
6554.
6554.
6554.
6554.
6555.
6555.
6554.
6554.
6554.
6554.
6555.
6555.
6555.
6555.
6555.
6555.
6555.
6555.
6556.
6556.
6557.
6557.
6556.
6557.
6557.
6558.
6557.
6558.
6557.
6558.
6558.
6558.
6558.
6559.
6559.
6559.
6559.
6560.
6561.
6560.
6560.
6561.
6560.
6561.
6562.
6562.
6562.
6563.
6563.
6564.
6565.
6564.
6565.
6566.
6566.
6566.
6566.
6567.
6567.
6568.
6568.
6569.
6569.
6570.
6570.
6571.
6571.
6572.
6572.
6573.
6574.
6574.
6574.
6575.
6575.
6576.
6576.
6577.
6577.
6578.
6579.
6580.
6580.
6581.
6582.
6583.
6584.
6584.
6585.
6586.
6587.
6587.
6589.
6589.
6590.
6591.
6593.
6593.
6594.
6596.
6596.
6597.
6599.
6600.
6601.
6603.
6604.
6605.
6607.
6608.
6610.
6611.
6613.
6614.
6616.
6617.
6620.
6621.
6622.
6624.
6626.
6627.
6629.
6631.
6633.
6636.
6638.
6639.
6642.
6643.
6645.
6648.
6650.
6652.
6654.
6657.
6659.
6661.
6664.
6666.
6668.
6671.
6673.
6676.
6678.
6681.
6683.
6686.
6689.
6691.
6694.
6697.
6700.
6703.
6705.
6707.
6711.
6714.
6717.
6719.
6723.
6725.
6728.
6731.
6735.
6737.
6740.
6743.
6747.
6750.
6754.
6756.
6760.
6763.
6766.
6769.
6773.
6776.
6779.
6782.
6786.
6789.
6793.
6795.
6799.
6802.
6806.
6809.
6813.
6816.
6819.
6822.
6826.
6829.
6833.
6836.
6840.
6843.
6846.
6849.
6853.
6856.
6859.
6863.
6867.
6870.
6874.
6876.
6881.
6884.
6887.
6891.
6895.
6898.
6902.
6904.
6909.
6913.
6916.
6919.
6923.
6927.
6931.
6934.
6938.
6942.
6945.
6948.
6953.
6956.
6960.
6963.
6967.
6971.
6974.
6977.
6981.
6986.
6989.
6992.
6996.
7000.
7003.
7006.
7010.
7015.
7017.
7020.
7025.
7029.
7031.
7034.
7039.
7042.
7045.
7048.
7052.
7057.
7059.
7062.
7065.
7070.
7072.
7076.
7079.
7083.
7086.
7089.
7092.
7096.
7099.
7102.
7105.
7109.
7111.
7115.
7118.
7122.
7124.
7128.
7131.
7135.
7136.
7140.
7143.
7147.
7149.
7152.
7155.
7160.
7162.
7165.
7168.
7172.
7174.
7177.
7180.
7184.
7186.
7189.
7192.
7196.
7198.
7201.
7204.
7208.
7210.
7213.
7216.
7219.
7222.
7225.
7228.
7231.
7234.
7236.
7238.
7242.
7245.
7247.
7251.
7254.
7256.
7259.
7262.
7264.
7268.
7270.
7273.
7276.
7279.
7281.
7284.
7287.
7290.
7292.
7295.
7297.
7299.
7302.
7305.
7308.
7309.
7312.
7315.
7317.
7320.
7321.
7324.
7327.
7329.
7331.
7334.
7336.
7338.
7341.
7343.
7346.
7348.
7350.
7352.
7354.
7356.
7358.
7361.
7363.
7365.
7368.
7370.
7372.
7373.
7376.
7377.
7379.
7381.
7383.
7385.
7387.
7388.
7391.
7393.
7394.
7396.
7398.
7399.
7402.
7403.
7405.
7406.
7408.
7410.
7411.
7413.
7415.
7416.
7418.
7420.
7421.
7422.
7423.
7425.
7427.
7429.
7429.
7431.
7432.
7434.
7435.
7436.
7437.
7439.
7440.
7441.
7442.
7444.
7445.
7446.
7447.
7449.
7449.
7451.
7452.
7453.
7453.
7456.
7456.
7457.
7458.
7459.
7460.
7461.
7462.
7464.
7465.
7466.
7467.
7468.
7468.
7469.
7469.
7471.
7471.
7472.
7473.
7474.
7474.
7475.
7476.
7477.
7478.
7477.
7479.
7479.
7480.
7479.
7481.
7482.
7482.
7482.
7483.
7483.
7484.
7485.
7485.
7486.
7486.
7486.
7486.
7486.
7487.
7488.
7488.
7488.
7489.
7490.
7488.
7489.
7490.
7490.
7490.
7490.
7491.
7491.
7490.
7491.
7491.
7491.
7491.
7492.
7491.
7491.
7492.
7493.
7492.
7492.
7493.
7493.
7492.
7492.
7492.
7493.
7493.
7492.
7493.
7493.
7493.
7493.
7492.
7493.
7494.
7493.
7492.
7493.
7493.
7493.
7493.
7493.
7493.
7493.
7493.
7493.
7493.
7493.
7493.
7493.
7494.
7493.
7493.
7493.
7494.
7493.
7493.
7493.
7494.
7493.
7493.
7493.
7493.
7493.
7494.
7493.
7493.
7494.
7494.
7493.
7493.
7494.
7494.
7494.
7494.
7493.
7493.
7494.
7493.
7494.
7494.
7493.
7494.
7494.
7495.
7493.
7494.
7494.
7493.
7494.
7493.
7494.
7494.
7494.
7494.
7494.
7494.
7493.
7494.
7494.
7494.
7494.
7494.
7493.
7493.
7494.
7494.
7494.
7494.
7493.
7494.
7493.
7494.
7494.
7494.
7493.
7494.
7494.
7493.
7493.
7493.
7494.
7493.
7492.
7493.
7494.
7493.
7492.
7492.
7492.
7493.
7491.
7491.
7490.
7491.
7489.
7488.
7487.
7488.
7487.
7485.
7486.
7484.
7484.
7482.
7482.
7480.
7480.
7478.
7478.
7476.
7474.
7473.
7472.
7470.
7469.
7467.
7465.
7464.
7462.
7461.
7459.
7457.
7455.
7453.
7451.
7449.
7447.
7444.
7441.
7440.
7437.
7435.
7433.
7430.
7428.
7424.
7422.
7419.
7417.
7414.
7412.
7409.
7406.
7403.
7400.
7397.
7393.
7390.
7387.
7384.
7380.
7376.
7373.
7370.
7365.
7361.
7358.
7354.
7350.
7346.
7343.
7338.
7334.
7329.
7325.
7321.
7317.
7313.
7308.
7304.
7299.
7295.
7290.
7286.
7281.
7277.
7272.
7268.
7262.
7258.
7254.
7248.
7243.
7238.
7234.
7229.
7223.
7218.
7214.
7210.
7205.
7199.
7195.
7190.
7185.
7179.
7175.
7169.
7165.
7159.
7154.
7149.
7144.
7139.
7134.
7128.
7124.
7118.
7114.
7109.
7104.
7099.
7095.
7089.
7085.
7080.
7076.
7071.
7066.
7061.
7057.
7053.
7048.
7043.
7039.
7035.
7031.
7027.
7023.
7019.
7015.
7011.
7007.
7002.
6999.
6995.
6991.
6987.
6983.
6979.
6976.
6972.
6969.
6965.
6962.
6958.
6955.
6951.
6948.
6945.
6942.
6939.
6936.
6932.
6929.
6925.
6923.
6919.
6917.
6913.
6911.
6908.
6905.
6903.
6901.
6898.
6895.
6893.
6890.
6887.
6885.
6883.
6881.
6879.
6876.
6874.
6872.
6869.
6867.
6865.
6863.
6861.
6859.
6856.
6854.
6853.
6851.
6848.
6846.
6845.
6842.
6841.
6838.
6836.
6834.
6832.
6830.
6828.
6826.
6825.
6823.
6821.
6819.
6816.
6815.
6814.
6812.
6810.
6808.
6807.
6804.
6802.
6801.
6800.
6798.
6796.
6794.
6792.
6791.
6790.
6788.
6786.
6785.
6783.
6781.
6779.
6778.
6777.
6775.
6773.
6772.
6771.
6769.
6767.
6765.
6764.
6762.
6760.
6759.
6757.
6755.
6754.
6752.
6751.
6749.
6747.
6745.
6743.
6742.
6740.
6738.
6736.
6735.
6733.
6733.
6730.
6728.
6727.
6726.
6723.
6721.
6720.
6719.
6717.
6715.
6714.
6713.
6711.
6709.
6708.
6706.
6706.
6703.
6703.
6701.
6699.
6698.
6697.
6694.
6694.
6692.
6692.
6690.
6689.
6687.
6686.
6684.
6683.
6681.
6681.
6680.
6678.
6677.
6676.
6675.
6673.
6671.
6672.
6670.
6668.
6667.
6667.
6665.
6663.
6662.
6661.
6660.
6658.
6657.
6657.
6655.
6653.
6652.
6651.
6650.
6649.
6647.
6647.
6645.
6645.
6644.
6643.
6642.
6641.
6640.
6640.
6639.
6638.
6637.
6636.
6635.
6634.
6634.
6632.
6632.
6631.
6630.
6629.
6628.
6628.
6628.
6626.
6627.
6626.
6625.
6623.
6622.
6622.
6621.
6619.
6619.
6618.
6618.
6616.
6615.
6614.
6614.
6612.
6611.
6611.
6611.
6610.
6608.
6606.
6606.
6606.
6605.
6603.
6603.
6601.
6601.
6600.
6600.
6599.
6597.
6596.
6595.
6595.
6594.
6592.
6592.
6592.
6591.
6590.
6589.
6589.
6588.
6588.
6587.
6586.
6585.
6585.
6584.
6584.
6583.
6583.
6582.
6581.
6580.
6580.
6579.
6579.
6578.
6578.
6576.
6575.
6575.
6574.
6573.
6573.
6572.
6572.
6570.
6570.
6569.
6570.
6569.
6567.
6567.
6566.
6565.
6565.
6564.
6563.
6562.
6562.
6561.
6560.
6559.
6559.
6559.
6559.
6558.
6557.
6556.
6556.
6555.
6555.
6555.
6554.
6554.
6554.
6554.
6555.
6554.
6555.
6555.
6555.
6554.
6554.
6555.
6555.
6555.
6555.
6554.
6555.
6555.
6555.
6554.
6554.
6554.
6555.
6555.
6554.
6554.
6555.
6555.
6554.
6554.
6555.
6554.
6555.
6555.
6555.
6555.
6554.
6554.
6555.
6555.
6554.
6555.
6555.
6554.
6554.
6555.
6554.
6554.
6555.
6555.
6555.
6555.
6554.
6555.
6555.
6555.
6555.
6555.
6555.
6555.
6555.
6555.
6555.
6556.
6556.
6556.
6556.
6557.
6557.
6557.
6558.
6558.
6558.
6559.
6559.
6559.
6560.
6560.
6561.
6562.
6562.
6564.
6564.
6566.
6566.
6567.
6568.
6569.
6570.
6571.
6572.
6573.
6574.
6576.
6577.
6579.
6580.
6582.
6583.
6585.
6587.
6588.
6589.
6592.
6593.
6596.
6597.
6599.
6602.
6604.
6605.
6607.
6610.
6612.
6614.
6616.
6619.
6621.
6624.
6626.
6629.
6631.
6634.
6637.
6639.
6642.
6645.
6647.
6650.
6653.
6656.
6659.
6662.
6665.
6668.
6670.
6674.
6677.
6680.
6683.
6686.
6690.
6692.
6696.
6699.
6703.
6706.
6708.
6711.
6715.
6718.
6721.
6724.
6729.
6732.
6735.
6737.
6742.
6744.
6748.
6751.
6756.
6759.
6762.
6765.
6769.
6773.
6777.
6780.
6784.
6787.
6791.
6794.
6798.
6802.
6806.
6809.
6814.
6817.
6821.
6824.
6828.
6832.
6836.
6839.
6843.
6848.
6852.
6855.
6860.
6863.
6867.
6870.
6875.
6879.
6882.
6886.
6890.
6894.
6897.
6901.
6905.
6909.
6913.
6917.
6920.
6925.
6928.
6932.
6936.
6940.
6943.
6947.
6951.
6956.
6959.
6962.
6966.
6970.
6974.
6978.
6982.
6987.
6990.
6994.
6998.
7002.
7005.
7009.
7013.
7017.
7021.
7025.
7029.
7034.
7036.
7040.
7045.
7050.
7052.
7057.
7060.
7065.
7068.
7072.
7076.
7080.
7084.
7088.
7093.
7097.
7100.
7103.
7108.
7112.
7115.
7119.
7123.
7128.
7130.
7135.
7139.
7143.
7146.
7150.
7154.
7159.
7162.
7166.
7170.
7174.
7177.
7180.
7185.
7188.
7192.
7195.
7199.
7203.
7206.
7210.
7214.
7217.
7221.
7224.
7228.
7232.
7235.
7238.
7242.
7246.
7250.
7252.
7256.
7260.
7263.
7266.
7270.
7274.
7277.
7280.
7284.
7287.
7291.
7293.
7296.
7300.
7303.
7306.
7310.
7313.
7316.
7319.
7322.
7325.
7328.
7330.
7334.
7336.
7340.
7342.
7345.
7348.
7350.
7352.
7355.
7358.
7361.
7363.
7366.
7368.
7370.
7372.
7376.
7378.
7380.
7382.
7384.
7387.
7389.
7391.
7393.
7395.
7398.
7399.
7401.
7404.
7405.
7407.
7409.
7410.
7413.
7414.
7416.
7418.
7420.
7421.
7423.
7424.
7426.
7428.
7429.
7431.
7432.
7433.
7435.
7436.
7438.
7439.
7440.
7441.
7443.
7443.
7445.
7446.
7447.
7448.
7450.
7450.
7452.
7452.
7454.
7454.
7456.
7456.
7457.
7458.
7459.
7460.
7461.
7461.
7463.
7463.
7464.
7465.
7465.
7466.
7467.
7467.
7468.
7468.
7469.
7470.
7469.
7470.
7471.
7471.
7472.
7472.
7473.
7473.
7474.
7474.
7475.
7475.
7475.
7475.
7476.
7477.
7477.
7478.
7477.
7478.
7477.
7479.
7478.
7479.
7479.
7480.
7481.
7480.
7480.
7481.
7482.
7481.
7480.
7481.
7481.
7482.
7481.
7482.
7482.
7482.
7483.
7482.
7482.
7482.
7482.
7483.
7483.
7483.
7484.
7484.
7484.
7484.
7484.
7484.
7484.
7484.
7485.
7484.
7484.
7485.
7485.
7485.
7485.
7485.
7485.
7485.
7486.
7486.
7485.
7486.
7486.
7486.
7486.
7486.
7486.
7487.
7487.
7487.
7487.
7487.
7487.
7487.
7488.
7487.
7488.
7487.
7488.
7489.
7488.
7489.
7488.
7489.
7488.
7488.
7489.
7489.
7489.
7489.
7489.
7490.
7489.
7489.
7490.
7490.
7490.
7490.
7490.
7490.
7490.
7491.
7491.
7490.
7491.
7491.
7491.
7492.
7491.
7491.
7491.
7491.
7492.
7492.
7492.
7493.
7492.
7492.
7493.
7493.
7492.
7492.
7493.
7493.
7492.
7492.
7493.
7493.
7493.
7493.
7492.
7492.
7493.
7493.
7492.
7493.
7492.
7492.
7493.
7493.
7493.
7493.
7492.
7493.
7492.
7493.
7493.
7493.
7492.
7492.
7492.
7493.
7493.
7493.
7493.
7492.
7492.
7492.
7492.
7493.
7492.
7492.
7493.
7492.
7491.
7492.
7493.
7491.
7491.
7491.
7491.
7491.
7490.
7490.
7489.
7489.
7490.
7488.
7489.
7487.
7487.
7485.
7485.
7484.
7484.
7483.
7482.
7480.
7480.
7479.
7478.
7476.
7475.
7474.
7473.
7472.
7470.
7469.
7467.
7465.
7464.
7462.
7460.
7458.
7457.
7455.
7453.
7451.
7449.
7447.
7445.
7442.
7440.
7438.
7436.
7434.
7431.
7429.
7426.
7424.
7422.
7418.
7416.
7414.
7411.
7408.
7406.
7403.
7401.
7397.
7395.
7391.
7389.
7386.
7383.
7379.
7376.
7373.
7370.
7366.
7364.
7360.
7357.
7354.
7350.
7346.
7343.
7339.
7335.
7331.
7327.
7323.
7319.
7316.
7312.
7308.
7303.
7300.
7295.
7292.
7288.
7283.
7279.
7275.
7271.
7266.
7263.
7258.
7254.
7249.
7245.
7240.
7236.
7232.
7227.
7223.
7218.
7214.
7210.
7205.
7201.
7196.
7192.
7187.
7183.
7178.
7174.
7170.
7166.
7161.
7157.
7152.
7148.
7143.
7138.
7133.
7129.
7124.
7119.
7115.
7110.
7105.
7100.
7096.
7091.
7087.
7082.
7076.
7071.
7066.
7061.
7057.
7052.
7047.
7042.
7037.
7031.
7027.
7022.
7017.
7012.
7008.
7003.
6999.
6993.
6989.
6983.
6980.
6974.
6971.
6966.
6961.
6958.
6953.
6949.
6944.
6941.
6937.
6932.
6928.
6924.
6921.
6916.
6912.
6909.
6905.
6900.
6897.
6893.
6889.
6886.
6882.
6878.
6874.
6870.
6866.
6862.
6859.
6855.
6851.
6848.
6844.
6841.
6837.
6833.
6830.
6827.
6823.
6819.
6816.
6813.
6810.
6806.
6803.
6800.
6798.
6794.
6792.
6789.
6787.
6783.
6780.
6779.
6776.
6773.
6771.
6768.
6767.
6764.
6762.
6759.
6757.
6755.
6753.
6751.
6750.
6747.
6745.
6743.
6741.
6738.
6736.
6735.
6733.
6731.
6729.
6727.
6725.
6723.
6721.
6719.
6717.
6715.
6714.
6712.
6710.
6708.
6707.
6706.
6704.
6703.
6701.
6699.
6698.
6697.
6696.
6694.
6692.
6692.
6691.
6689.
6688.
6686.
6686.
6684.
6683.
6683.
6682.
6682.
6680.
6679.
6679.
6678.
6677.
6676.
6675.
6674.
6674.
6673.
6672.
6671.
6670.
6669.
6669.
6668.
6667.
6665.
6666.
6663.
6664.
6662.
6661.
6659.
6659.
6658.
6656.
6654.
6655.
6653.
6651.
6650.
6649.
6647.
6646.
6644.
6643.
6641.
6641.
6639.
6637.
6636.
6634.
6633.
6632.
6630.
6628.
6627.
6626.
6624.
6623.
6621.
6621.
6619.
6618.
6617.
6616.
6614.
6613.
6612.
6611.
6609.
6608.
6607.
6606.
6605.
6604.
6603.
6601.
6601.
6599.
6598.
6597.
6596.
6595.
6595.
6593.
6592.
6591.
6591.
6590.
6588.
6586.
6586.
6585.
6584.
6583.
6582.
6581.
6581.
6579.
6579.
6578.
6578.
6576.
6575.
6573.
6573.
6572.
6571.
6570.
6569.
6568.
6568.
6567.
6566.
6564.
6563.
6563.
6561.
6561.
6560.
6559.
6559.
6558.
6557.
6556.
6555.
6555.
6554.
6553.
6552.
6553.
6552.
6552.
6552.
6551.
6553.
6553.
6552.
6551.
6551.
6550.
6551.
6551.
6551.
6552.
6551.
6551.
6551.
6551.
6551.
6551.
6551.
6551.
6552.
6552.
6551.
6551.
6551.
6551.
6551.
6551.
6551.
6551.
6551.
6551.
6551.
6551.
6551.
6551.
6552.
6552.
6551.
6552.
6551.
6551.
6551.
6551.
6551.
6551.
6551.
6551.
6551.
6551.
6551.
6551.
6550.
6551.
6551.
6551.
6552.
6551.
6551.
6551.
6550.
6551.
6551.
6551.
6551.
6551.
6552.
6551.
6552.
6551.
6552.
6551.
6551.
6552.
6551.
6551.
6552.
6551.
6551.
6551.
6552.
6551.
6551.
6551.
6551.
6551.
6551.
6552.
6551.
6551.
6551.
6552.
6552.
6551.
6552.
6551.
6551.
6551.
6551.
6552.
6551.
6552.
6551.
6553.
6551.
6552.
6552.
6552.
6551.
6552.
6552.
6552.
6552.
6551.
6552.
6552.
6552.
6551.
6552.
6553.
6552.
6551.
6552.
6552.
6552.
6552.
6552.
6553.
6552.
6552.
6552.
6552.
6553.
6553.
6552.
6553.
6552.
6553.
6552.
6552.
6552.
6552.
6552.
6553.
6552.
6552.
6553.
6552.
6553.
6552.
6553.
6554.
6552.
6552.
6553.
6553.
6553.
6552.
6553.
6553.
6554.
6554.
6553.
6554.
6554.
6555.
6555.
6555.
6555.
6556.
6556.
6557.
6557.
6558.
6558.
6559.
6559.
6561.
6561.
6562.
6563.
6564.
6565.
6566.
6567.
6568.
6569.
6570.
6571.
6573.
6574.
6575.
6576.
6578.
6579.
6581.
6582.
6584.
6585.
6588.
6589.
6590.
6592.
6594.
6595.
6597.
6599.
6601.
6603.
6605.
6608.
6609.
6611.
6613.
6617.
6618.
6620.
6622.
6626.
6628.
6629.
6632.
6635.
6637.
6639.
6642.
6645.
6647.
6649.
6652.
6656.
6658.
6661.
6663.
6666.
6669.
6671.
6674.
6678.
6680.
6682.
6685.
6689.
6692.
6694.
6697.
6700.
6704.
6706.
6709.
6712.
6715.
6718.
6722.
6725.
6728.
6731.
6734.
6736.
6740.
6742.
6746.
6749.
6753.
6755.
6759.
6762.
6766.
6768.
6772.
6775.
6779.
6782.
6785.
6788.
6792.
6794.
6798.
6801.
6805.
6808.
6812.
6815.
6819.
6821.
6825.
6828.
6832.
6834.
6838.
6842.
6846.
6848.
6852.
6856.
6858.
6862.
6866.
6869.
6873.
6876.
6879.
6883.
6887.
6889.
6893.
6897.
6901.
6903.
6907.
6911.
6915.
6917.
6920.
6925.
6928.
6931.
6935.
6938.
6942.
6945.
6948.
6952.
6955.
6959.
6962.
6966.
6969.
6972.
6975.
6979.
6983.
6985.
6988.
6992.
6996.
6999.
7002.
7006.
7009.
7013.
7016.
7020.
7023.
7027.
7029.
7033.
7037.
7040.
7043.
7048.