6554.
6552.
6553.
6553.
6553.
6553.
6554.
6553.
6553.
6553.
6553.
6553.
6553.
6553.
6553.
6553.
6553.
6554.
6553.
6553.
6554.
6552.
6553.
6552.
6553.
6553.
6553.
6553.
6553.
6553.
6553.
6553.
6553.
6553.
6553.
6554.
6553.
6553.
6553.
6553.
6553.
6553.
6553.
6552.
6553.
6553.
6553.
6554.
6553.
6553.
6553.
6553.
6553.
6553.
6553.
6553.
6553.
6553.
6553.
6553.
6553.
6553.
6553.
6553.
6553.
6554.
6553.
6553.
6553.
6553.
6554.
6553.
6553.
6554.
6553.
6553.
6553.
6553.
6553.
6553.
6553.
6553.
6554.
6554.
6552.
6553.
6554.
6554.
6553.
6553.
6553.
6553.
6553.
6553.
6553.
6554.
6554.
6553.
6553.
6554.
6554.
6554.
6554.
6554.
6554.
6554.
6554.
6553.
6553.
6553.
6555.
6554.
6554.
6554.
6554.
6554.
6554.
6555.
6554.
6555.
6556.
6555.
6556.
6556.
6557.
6557.
6556.
6557.
6558.
6557.
6557.
6558.
6558.
6559.
6559.
6559.
6559.
6560.
6560.
6560.
6560.
6562.
6562.
6562.
6562.
6564.
6564.
6564.
6564.
6565.
6566.
6566.
6567.
6567.
6568.
6569.
6570.
6571.
6571.
6572.
6572.
6573.
6573.
6575.
6574.
6575.
6576.
6577.
6578.
6578.
6579.
6580.
6581.
6582.
6582.
6582.
6584.
6584.
6585.
6585.
6587.
6587.
6588.
6589.
6590.
6590.
6591.
6592.
6593.
6593.
6595.
6595.
6597.
6598.
6598.
6598.
6600.
6601.
6602.
6603.
6604.
6605.
6606.
6607.
6609.
6609.
6610.
6611.
6612.
6613.
6614.
6615.
6617.
6617.
6619.
6620.
6621.
6621.
6623.
6624.
6625.
6627.
6627.
6629.
6630.
6632.
6633.
6634.
6635.
6637.
6638.
6639.
6640.
6642.
6642.
6644.
6645.
6646.
6647.
6649.
6650.
6651.
6653.
6655.
6656.
6657.
6658.
6660.
6661.
6663.
6664.
6666.
6666.
6669.
6669.
6670.
6672.
6674.
6675.
6677.
6678.
6680.
6681.
6682.
6684.
6686.
6687.
6688.
6690.
6692.
6693.
6695.
6696.
6698.
6699.
6701.
6703.
6705.
6706.
6707.
6709.
6710.
6713.
6714.
6716.
6718.
6719.
6721.
6723.
6724.
6726.
6728.
6730.
6731.
6733.
6735.
6737.
6739.
6740.
6742.
6744.
6746.
6748.
6749.
6751.
6753.
6755.
6757.
6759.
6761.
6763.
6765.
6766.
6769.
6770.
6772.
6775.
6776.
6778.
6781.
6783.
6784.
6786.
6788.
6791.
6792.
6794.
6795.
6797.
6801.
6802.
6804.
6806.
6808.
6810.
6811.
6814.
6816.
6818.
6819.
6821.
6824.
6826.
6827.
6830.
6831.
6833.
6836.
6838.
6840.
6842.
6843.
6845.
6849.
6850.
6852.
6854.
6855.
6858.
6859.
6862.
6865.
6867.
6869.
6870.
6873.
6875.
6877.
6879.
6881.
6883.
6885.
6887.
6889.
6892.
6894.
6896.
6898.
6900.
6902.
6904.
6906.
6908.
6910.
6912.
6913.
6916.
6918.
6920.
6922.
6924.
6926.
6929.
6931.
6933.
6935.
6936.
6939.
6940.
6942.
6944.
6946.
6948.
6950.
6952.
6954.
6956.
6958.
6960.
6962.
6964.
6966.
6968.
6970.
6971.
6973.
6976.
6978.
6979.
6981.
6983.
6986.
6987.
6989.
6991.
6993.
6994.
6996.
6999.
7000.
7002.
7004.
7005.
7007.
7009.
7011.
7013.
7015.
7016.
7018.
7019.
7022.
7023.
7025.
7026.
7028.
7030.
7032.
7034.
7035.
7037.
7038.
7039.
7041.
7043.
7044.
7046.
7048.
7050.
7051.
7053.
7054.
7056.
7057.
7059.
7060.
7061.
7062.
7064.
7065.
7067.
7068.
7070.
7071.
7072.
7073.
7075.
7076.
7078.
7079.
7080.
7081.
7083.
7084.
7086.
7087.
7088.
7088.
7090.
7091.
7093.
7094.
7095.
7096.
7098.
7099.
7100.
7101.
7103.
7104.
7105.
7106.
7107.
7108.
7109.
7112.
7113.
7114.
7115.
7116.
7117.
7118.
7119.
7121.
7122.
7122.
7124.
7125.
7126.
7127.
7129.
7130.
7131.
7133.
7133.
7135.
7136.
7137.
7138.
7140.
7140.
7142.
7142.
7144.
7145.
7146.
7147.
7149.
7149.
7151.
7152.
7153.
7154.
7156.
7157.
7158.
7159.
7160.
7161.
7162.
7164.
7164.
7166.
7167.
7168.
7170.
7170.
7172.
7173.
7174.
7175.
7176.
7177.
7178.
7179.
7180.
7182.
7183.
7184.
7185.
7187.
7188.
7189.
7190.
7191.
7192.
7193.
7195.
7196.
7197.
7198.
7199.
7201.
7201.
7203.
7203.
7205.
7206.
7207.
7208.
7210.
7210.
7212.
7212.
7214.
7215.
7217.
7218.
7220.
7220.
7222.
7222.
7224.
7225.
7226.
7227.
7229.
7229.
7231.
7232.
7234.
7234.
7236.
7237.
7238.
7239.
7241.
7241.
7243.
7244.
7245.
7247.
7248.
7249.
7250.
7251.
7253.
7254.
7255.
7256.
7258.
7258.
7260.
7261.
7262.
7263.
7264.
7265.
7267.
7268.
7268.
7270.
7271.
7272.
7273.
7275.
7276.
7277.
7278.
7279.
7280.
7281.
7283.
7284.
7285.
7285.
7286.
7288.
7289.
7290.
7290.
7291.
7292.
7293.
7293.
7295.
7296.
7297.
7297.
7298.
7299.
7300.
7301.
7302.
7302.
7303.
7304.
7305.
7305.
7306.
7306.
7307.
7308.
7309.
7309.
7311.
7311.
7312.
7312.
7313.
7314.
7315.
7315.
7316.
7317.
7317.
7318.
7318.
7319.
7319.
7320.
7321.
7321.
7322.
7323.
7323.
7324.
7325.
7325.
7326.
7326.
7327.
7327.
7328.
7329.
7329.
7330.
7330.
7332.
7331.
7333.
7333.
7334.
7334.
7335.
7335.
7336.
7336.
7338.
7338.
7339.
7339.
7341.
7341.
7342.
7341.
7343.
7343.
7344.
7345.
7346.
7346.
7347.
7348.
7348.
7348.
7350.
7350.
7351.
7351.
7352.
7352.
7354.
7354.
7355.
7355.
7357.
7357.
7357.
7358.
7360.
7359.
7361.
7361.
7361.
7362.
7363.
7363.
7364.
7364.
7366.
7366.
7366.
7368.
7368.
7369.
7369.
7370.
7370.
7371.
7372.
7372.
7373.
7374.
7374.
7376.
7376.
7376.
7377.
7378.
7378.
7379.
7379.
7381.
7381.
7382.
7382.
7383.
7383.
7384.
7385.
7386.
7387.
7387.
7387.
7388.
7388.
7390.
7390.
7391.
7392.
7393.
7393.
7395.
7395.
7396.
7396.
7397.
7398.
7398.
7398.
7400.
7400.
7402.
7402.
7402.
7403.
7404.
7404.
7405.
7406.
7406.
7407.
7407.
7409.
7409.
7410.
7410.
7411.
7411.
7412.
7413.
7414.
7414.
7415.
7415.
7416.
7417.
7418.
7419.
7419.
7419.
7420.
7421.
7421.
7422.
7422.
7422.
7423.
7423.
7424.
7424.
7425.
7425.
7427.
7427.
7428.
7428.
7429.
7429.
7430.
7430.
7431.
7431.
7432.
7432.
7433.
7433.
7433.
7433.
7434.
7435.
7435.
7435.
7436.
7436.
7437.
7437.
7437.
7437.
7438.
7439.
7438.
7439.
7440.
7440.
7440.
7440.
7441.
7441.
7442.
7441.
7442.
7442.
7443.
7443.
7444.
7444.
7444.
7444.
7444.
7445.
7445.
7445.
7445.
7445.
7446.
7446.
7447.
7446.
7447.
7446.
7446.
7447.
7447.
7447.
7448.
7448.
7447.
7448.
7448.
7448.
7448.
7449.
7450.
7449.
7450.
7449.
7449.
7450.
7450.
7450.
7450.
7449.
7450.
7450.
7450.
7451.
7450.
7451.
7451.
7451.
7451.
7451.
7451.
7452.
7452.
7451.
7452.
7452.
7452.
7453.
7453.
7452.
7453.
7453.
7453.
7453.
7454.
7454.
7454.
7453.
7454.
7454.
7454.
7455.
7454.
7455.
7454.
7454.
7455.
7456.
7455.
7455.
7456.
7456.
7456.
7456.
7456.
7456.
7456.
7456.
7457.
7457.
7457.
7457.
7457.
7458.
7457.
7457.
7458.
7459.
7458.
7457.
7458.
7458.
7459.
7459.
7458.
7459.
7458.
7458.
7459.
7459.
7458.
7458.
7459.
7459.
7458.
7459.
7459.
7459.
7459.
7459.
7459.
7459.
7458.
7458.
7458.
7459.
7458.
7459.
7458.
7459.
7459.
7459.
7459.
7459.
7458.
7459.
7459.
7459.
7458.
7459.
7459.
7459.
7458.
7459.
7458.
7459.
7459.
7459.
7459.
7458.
7458.
7458.
7459.
7459.
7458.
7458.
7459.
7458.
7458.
7458.
7459.
7458.
7459.
7458.
7458.
7458.
7458.
7458.
7458.
7457.
7457.
7457.
7457.
7455.
7455.
7456.
7454.
7455.
7454.
7453.
7452.
7452.
7451.
7450.
7450.
7449.
7448.
7448.
7447.
7446.
7446.
7445.
7444.
7444.
7442.
7441.
7440.
7440.
7439.
7438.
7437.
7436.
7435.
7434.
7433.
7432.
7430.
7430.
7428.
7427.
7426.
7424.
7423.
7422.
7420.
7420.
7417.
7417.
7415.
7415.
7414.
7412.
7410.
7409.
7408.
7407.
7405.
7404.
7403.
7402.
7400.
7400.
7398.
7396.
7394.
7394.
7392.
7390.
7388.
7388.
7386.
7385.
7383.
7382.
7381.
7379.
7378.
7377.
7375.
7373.
7372.
7371.
7370.
7369.
7367.
7366.
7365.
7363.
7362.
7360.
7359.
7358.
7357.
7355.
7354.
7353.
7352.
7351.
7350.
7347.
7347.
7345.
7345.
7344.
7342.
7341.
7341.
7339.
7338.
7336.
7336.
7335.
7333.
7331.
7331.
7328.
7328.
7327.
7326.
7324.
7323.
7322.
7322.
7321.
7320.
7318.
7317.
7316.
7315.
7313.
7312.
7310.
7310.
7309.
7308.
7305.
7305.
7304.
7303.
7302.
7300.
7300.
7299.
7297.
7296.
7295.
7294.
7293.
7292.
7292.
7291.
7289.
7288.
7288.
7286.
7286.
7284.
7283.
7282.
7281.
7280.
7279.
7278.
7279.
7277.
7276.
7274.
7274.
7273.
7273.
7271.
7271.
7268.
7267.
7267.
7268.
7265.
7265.
7264.
7263.
7263.
7262.
7261.
7261.
7259.
7259.
7257.
7257.
7255.
7254.
7253.
7253.
7251.
7251.
7250.
7250.
7248.
7247.
7247.
7246.
7245.
7244.
7243.
7242.
7241.
7240.
7239.
7239.
7237.
7236.
7236.
7236.
7234.
7233.
7232.
7232.
7231.
7229.
7229.
7227.
7227.
7225.
7225.
7223.
7222.
7221.
7220.
7220.
7220.
7218.
7217.
7215.
7215.
7213.
7212.
7212.
7210.
7209.
7210.
7208.
7207.
7206.
7205.
7204.
7203.
7201.
7201.
7199.
7198.
7197.
7197.
7196.
7195.
7194.
7192.
7192.
7190.
7188.
7187.
7187.
7186.
7185.
7183.
7181.
7180.
7180.
7179.
7178.
7177.
7176.
7174.
7173.
7172.
7171.
7170.
7169.
7168.
7167.
7165.
7165.
7164.
7163.
7161.
7161.
7160.
7158.
7157.
7157.
7155.
7154.
7153.
7152.
7151.
7150.
7148.
7147.
7146.
7145.
7144.
7144.
7141.
7140.
7140.
7140.
7138.
7137.
7136.
7136.
7135.
7133.
7132.
7132.
7130.
7129.
7128.
7127.
7126.
7126.
7124.
7125.
7123.
7122.
7120.
7120.
7118.
7117.
7117.
7117.
7115.
7113.
7113.
7112.
7112.
7111.
7109.
7108.
7107.
7106.
7106.
7105.
7104.
7102.
7101.
7099.
7099.
7098.
7098.
7097.
7096.
7094.
7094.
7093.
7092.
7091.
7090.
7089.
7088.
7087.
7087.
7085.
7086.
7084.
7082.
7081.
7082.
7080.
7080.
7077.
7076.
7076.
7076.
7074.
7073.
7072.
7072.
7071.
7069.
7068.
7067.
7067.
7065.
7065.
7064.
7063.
7062.
7061.
7060.
7059.
7059.
7057.
7056.
7055.
7055.
7054.
7053.
7052.
7051.
7050.
7049.
7048.
7047.
7046.
7045.
7044.
7043.
7042.
7041.
7041.
7040.
7038.
7038.
7036.
7035.
7035.
7033.
7033.
7031.
7032.
7030.
7029.
7028.
7027.
7025.
7026.
7024.
7022.
7022.
7021.
7019.
7018.
7017.
7017.
7015.
7013.
7012.
7012.
7010.
7008.
7007.
7007.
7005.
7004.
7002.
7002.
7000.
6999.
6998.
6997.
6995.
6995.
6993.
6991.
6990.
6989.
6989.
6987.
6986.
6984.
6984.
6983.
6981.
6979.
6979.
6978.
6977.
6976.
6974.
6972.
6972.
6970.
6970.
6969.
6967.
6966.
6964.
6962.
6962.
6960.
6959.
6958.
6956.
6955.
6954.
6953.
6951.
6949.
6948.
6946.
6945.
6943.
6943.
6942.
6940.
6938.
6938.
6936.
6934.
6933.
6931.
6929.
6929.
6927.
6926.
6924.
6924.
6921.
6920.
6918.
6917.
6916.
6915.
6914.
6911.
6910.
6910.
6908.
6906.
6905.
6904.
6902.
6900.
6899.
6898.
6897.
6895.
6894.
6893.
6890.
6889.
6888.
6887.
6885.
6883.
6883.
6882.
6881.
6879.
6877.
6875.
6874.
6873.
6871.
6870.
6868.
6867.
6866.
6864.
6863.
6861.
6860.
6858.
6856.
6854.
6854.
6853.
6851.
6849.
6848.
6847.
6845.
6844.
6842.
6840.
6838.
6837.
6836.
6835.
6833.
6831.
6830.
6828.
6827.
6826.
6824.
6823.
6822.
6820.
6818.
6817.
6817.
6815.
6813.
6812.
6810.
6809.
6807.
6807.
6805.
6804.
6802.
6802.
6800.
6799.
6797.
6796.
6794.
6794.
6792.
6792.
6790.
6789.
6788.
6787.
6784.
6784.
6781.
6781.
6779.
6779.
6776.
6777.
6775.
6773.
6772.
6771.
6769.
6768.
6767.
6766.
6764.
6763.
6762.
6760.
6759.
6758.
6756.
6755.
6753.
6753.
6751.
6749.
6748.
6747.
6746.
6745.
6744.
6742.
6741.
6740.
6739.
6738.
6736.
6735.
6733.
6732.
6731.
6730.
6730.
6728.
6726.
6725.
6725.
6723.
6722.
6721.
6720.
6718.
6717.
6716.
6715.
6714.
6713.
6711.
6710.
6708.
6708.
6706.
6706.
6705.
6704.
6702.
6701.
6700.
6699.
6697.
6696.
6695.
6694.
6692.
6692.
6690.
6689.
6689.
6687.
6687.
6686.
6685.
6683.
6682.
6681.
6680.
6679.
6677.
6677.
6677.
6675.
6675.
6674.
6672.
6672.
6671.
6670.
6669.
6669.
6668.
6666.
6666.
6665.
6663.
6662.
6662.
6660.
6660.
6659.
6659.
6657.
6656.
6656.
6656.
6654.
6654.
6652.
6652.
6650.
6651.
6648.
6648.
6647.
6648.
6646.
6646.
6645.
6644.
6642.
6642.
6641.
6641.
6640.
6638.
6636.
6636.
6635.
6635.
6633.
6633.
6631.
6631.
6630.
6631.
6629.
6628.
6627.
6626.
6625.
6624.
6623.
6622.
6621.
6620.
6620.
6620.
6619.
6617.
6616.
6616.
6615.
6614.
6613.
6612.
6612.
6611.
6610.
6609.
6608.
6608.
6607.
6606.
6606.
6604.
6604.
6603.
6602.
6601.
6602.
6599.
6599.
6599.
6598.
6596.
6596.
6595.
6595.
6593.
6593.
6593.
6592.
6590.
6590.
6589.
6589.
6588.
6588.
6586.
6586.
6585.
6585.
6584.
6583.
6582.
6581.
6581.
6581.
6580.
6579.
6578.
6577.
6577.
6576.
6575.
6574.
6573.
6573.
6573.
6572.
6571.
6570.
6569.
6569.
6567.
6568.
6567.
6566.
6565.
6564.
6564.
6563.
6563.
6561.
6560.
6560.
6560.
6559.
6558.
6557.
6557.
6556.
6556.
6555.
6555.
6553.
6554.
6553.
6553.
6553.
6554.
6554.
6554.
6553.
6553.
6552.
6553.
6552.
6552.
6553.
6553.
6554.
6554.
6553.
6553.
6553.
6552.
6552.
6553.
6552.
6553.
6552.
6553.
6552.
6552.
6552.
6553.
6552.
6553.
6553.
6553.
6554.
6553.
6552.
6553.
6552.
6553.
6553.
6553.
6552.
6553.
6553.
6553.
6553.
6553.
6553.
6553.
6552.
6553.
6552.
6553.
6553.
6552.
6552.
6553.
6553.
6552.
6552.
6553.
6554.
6552.
6552.
6553.
6552.
6553.
6553.
6553.
6553.
6553.
6553.
6553.
6553.
6553.
6553.
6553.
6553.
6554.
6554.
6553.
6553.
6553.
6553.
6553.
6553.
6553.
6553.
6553.
6554.
6554.
6554.
6553.
6554.
6554.
6554.
6555.
6555.
6554.
6555.
6554.
6555.
6555.
6556.
6556.
6557.
6557.
6557.
6557.
6559.
6559.
6559.
6559.
6560.
6561.
6561.
6562.
6563.
6563.
6564.
6565.
6566.
6566.
6567.
6568.
6569.
6569.
6571.
6571.
6572.
6573.
6574.
6575.
6575.
6576.
6578.
6578.
6580.
6580.
6582.
6582.
6583.
6584.
6586.
6587.
6588.
6588.
6589.
6590.
6591.
6592.
6593.
6594.
6595.
6597.
6597.
6599.
6600.
6601.
6602.
6603.
6604.
6605.
6607.
6608.
6609.
6611.
6612.
6613.
6613.
6615.
6616.
6617.
6618.
6620.
6621.
6623.
6623.
6625.
6626.
6628.
6629.
6630.
6631.
6633.
6634.
6635.
6636.
6639.
6639.
6641.
6642.
6644.
6644.
6646.
6647.
6649.
6650.
6652.
6653.
6655.
6656.
6658.
6659.
6661.
6662.
6664.
6665.
6667.
6668.
6670.
6671.
6673.
6675.
6676.
6677.
6679.
6681.
6683.
6685.
6686.
6688.
6689.
6692.
6693.
6695.
6696.
6699.
6700.
6701.
6703.
6706.
6706.
6708.
6710.
6711.
6714.
6715.
6717.
6719.
6721.
6722.
6724.
6727.
6728.
6730.
6731.
6733.
6735.
6736.
6738.
6741.
6742.
6743.
6746.
6748.
6750.
6752.
6753.
6756.
6757.
6758.
6761.
6763.
6764.
6765.
6768.
6770.
6771.
6773.
6775.
6777.
6778.
6780.
6782.
6784.
6786.
6788.
6789.
6791.
6793.
6795.
6796.
6798.
6800.
6802.
6803.
6805.
6808.
6809.
6811.
6813.
6815.
6816.
6818.
6820.
6822.
6823.
6825.
6827.
6829.
6830.
6832.
6834.
6836.
6838.
6840.
6841.
6843.
6844.
6845.
6848.
6849.
6851.
6853.
6854.
6856.
6857.
6859.
6861.
6863.
6863.
6865.
6866.
6869.
6870.
6872.
6873.
6875.
6876.
6878.
6879.
6881.
6882.
6884.
6884.
6886.
6888.
6890.
6891.
6893.
6894.
6895.
6896.
6898.
6899.
6901.
6902.
6904.
6904.
6906.
6908.
6909.
6911.
6911.
6912.
6914.
6915.
6917.
6918.
6920.
6921.
6922.
6923.
6924.
6926.
6927.
6928.
6929.
6931.
6932.
6934.
6935.
6936.
6937.
6938.
6939.
6941.
6941.
6943.
6943.
6945.
6946.
6948.
6948.
6949.
6951.
6952.
6953.
6955.
6955.
6957.
6958.
6959.
6960.
6961.
6962.
6964.
6965.
6966.
6967.
6969.
6969.
6970.
6972.
6973.
6974.
6975.
6976.
6978.
6979.
6980.
6981.
6983.
6983.
6985.
6986.
6988.
6988.
6990.
6991.
6992.
6993.
6994.
6996.
6997.
6998.
6999.
7000.
7001.
7002.
7003.
7005.
7006.
7007.
7008.
7009.
7010.
7012.
7014.
7014.
7015.
7017.
7018.
7019.
7020.
7022.
7023.
7024.
7025.
7026.
7027.
7029.
7029.
7031.
7031.
7033.
7034.
7035.
7036.
7038.
7039.
7040.
7041.
7042.
7043.
7044.
7045.
7047.
7047.
7049.
7050.
7052.
7052.
7053.
7055.
7055.
7057.
7058.
7058.
7060.
7061.
7062.
7064.
7065.
7065.
7066.
7067.
7069.
7070.
7071.
7072.
7074.
7074.
7075.
7076.
7078.
7078.
7080.
7082.
7083.
7084.
7085.
7086.
7088.
7088.
7089.
7091.
7092.
7093.
7095.
7096.
7096.
7098.