6549.
6549.
6550.
6550.
6549.
6549.
6550.
6550.
6549.
6549.
6550.
6551.
6549.
6549.
6549.
6549.
6549.
6549.
6549.
6549.
6549.
6550.
6549.
6550.
6550.
6550.
6549.
6549.
6549.
6550.
6549.
6549.
6549.
6550.
6549.
6550.
6550.
6550.
6550.
6549.
6549.
6550.
6549.
6549.
6549.
6550.
6550.
6550.
6550.
6550.
6550.
6549.
6549.
6550.
6549.
6549.
6549.
6550.
6550.
6550.
6549.
6550.
6549.
6550.
6549.
6550.
6549.
6550.
6550.
6550.
6550.
6549.
6549.
6550.
6549.
6549.
6549.
6550.
6549.
6550.
6549.
6550.
6550.
6549.
6550.
6550.
6550.
6550.
6550.
6550.
6550.
6549.
6549.
6549.
6549.
6549.
6550.
6549.
6550.
6550.
6550.
6549.
6549.
6549.
6549.
6550.
6549.
6549.
6550.
6550.
6550.
6550.
6549.
6549.
6550.
6550.
6549.
6549.
6549.
6549.
6549.
6549.
6549.
6549.
6549.
6549.
6550.
6549.
6549.
6549.
6550.
6549.
6549.
6549.
6549.
6549.
6550.
6549.
6550.
6549.
6550.
6550.
6550.
6550.
6550.
6550.
6549.
6549.
6550.
6550.
6550.
6550.
6551.
6550.
6549.
6550.
6550.
6550.
6550.
6549.
6549.
6550.
6550.
6549.
6549.
6550.
6550.
6550.
6550.
6550.
6549.
6550.
6549.
6550.
6549.
6549.
6550.
6550.
6550.
6549.
6549.
6550.
6549.
6550.
6549.
6550.
6551.
6549.
6549.
6550.
6551.
6549.
6549.
6550.
6549.
6549.
6549.
6550.
6550.
6549.
6549.
6550.
6550.
6550.
6549.
6550.
6549.
6549.
6549.
6550.
6549.
6550.
6550.
6550.
6550.
6549.
6549.
6550.
6550.
6550.
6550.
6549.
6550.
6550.
6550.
6549.
6550.
6550.
6550.
6549.
6550.
6550.
6550.
6550.
6550.
6549.
6550.
6550.
6550.
6550.
6550.
6550.
6550.
6550.
6549.
6549.
6550.
6550.
6550.
6549.
6550.
6550.
6550.
6550.
6550.
6550.
6549.
6550.
6550.
6549.
6550.
6550.
6550.
6550.
6550.
6551.
6549.
6549.
6550.
6550.
6549.
6549.
6550.
6550.
6549.
6549.
6550.
6550.
6550.
6550.
6550.
6550.
6549.
6550.
6549.
6550.
6549.
6549.
6550.
6550.
6550.
6550.
6550.
6550.
6549.
6550.
6549.
6550.
6549.
6550.
6549.
6550.
6549.
6550.
6550.
6550.
6550.
6550.
6551.
6550.
6551.
6550.
6550.
6551.
6551.
6550.
6551.
6551.
6550.
6551.
6551.
6552.
6552.
6550.
6551.
6552.
6551.
6552.
6552.
6552.
6552.
6553.
6553.
6553.
6553.
6554.
6554.
6555.
6555.
6554.
6555.
6556.
6556.
6556.
6556.
6557.
6558.
6557.
6558.
6558.
6559.
6559.
6560.
6561.
6562.
6562.
6563.
6563.
6564.
6564.
6566.
6567.
6568.
6568.
6570.
6570.
6572.
6572.
6573.
6574.
6576.
6577.
6578.
6579.
6580.
6582.
6584.
6585.
6586.
6587.
6589.
6590.
6591.
6593.
6595.
6596.
6598.
6600.
6602.
6603.
6605.
6607.
6608.
6611.
6613.
6614.
6617.
6618.
6620.
6622.
6624.
6626.
6628.
6631.
6633.
6635.
6637.
6640.
6642.
6644.
6647.
6649.
6651.
6654.
6656.
6659.
6662.
6664.
6666.
6669.
6672.
6675.
6677.
6680.
6683.
6686.
6688.
6691.
6694.
6697.
6700.
6702.
6706.
6708.
6711.
6714.
6718.
6720.
6723.
6726.
6730.
6733.
6735.
6738.
6742.
6744.
6748.
6751.
6755.
6757.
6761.
6763.
6767.
6770.
6773.
6776.
6780.
6783.
6786.
6789.
6793.
6796.
6799.
6801.
6806.
6809.
6812.
6815.
6819.
6822.
6825.
6827.
6831.
6835.
6838.
6840.
6844.
6847.
6851.
6853.
6856.
6860.
6863.
6866.
6869.
6873.
6876.
6879.
6882.
6886.
6888.
6891.
6895.
6899.
6902.
6905.
6908.
6912.
6914.
6917.
6921.
6925.
6927.
6931.
6933.
6937.
6940.
6942.
6946.
6950.
6952.
6955.
6958.
6962.
6965.
6968.
6971.
6975.
6977.
6980.
6983.
6987.
6990.
6993.
6996.
7000.
7002.
7005.
7008.
7012.
7015.
7018.
7021.
7025.
7027.
7030.
7032.
7036.
7038.
7041.
7043.
7047.
7050.
7053.
7056.
7059.
7061.
7065.
7068.
7070.
7072.
7076.
7079.
7082.
7084.
7087.
7090.
7093.
7096.
7098.
7101.
7104.
7106.
7109.
7112.
7115.
7117.
7120.
7123.
7125.
7128.
7130.
7133.
7136.
7138.
7140.
7143.
7146.
7147.
7149.
7153.
7155.
7157.
7159.
7163.
7165.
7167.
7169.
7172.
7174.
7176.
7178.
7181.
7184.
7185.
7187.
7190.
7193.
7194.
7196.
7199.
7201.
7203.
7205.
7208.
7210.
7211.
7214.
7216.
7218.
7220.
7222.
7224.
7226.
7228.
7230.
7233.
7234.
7236.
7238.
7240.
7242.
7243.
7245.
7248.
7250.
7251.
7253.
7254.
7256.
7258.
7260.
7261.
7263.
7264.
7266.
7268.
7269.
7272.
7273.
7275.
7276.
7278.
7279.
7281.
7283.
7284.
7285.
7287.
7288.
7291.
7292.
7293.
7295.
7297.
7298.
7300.
7301.
7302.
7303.
7305.
7306.
7308.
7309.
7311.
7312.
7314.
7314.
7316.
7317.
7319.
7320.
7322.
7322.
7324.
7324.
7326.
7327.
7329.
7330.
7331.
7332.
7334.
7335.
7336.
7337.
7338.
7340.
7340.
7341.
7343.
7343.
7345.
7346.
7347.
7348.
7349.
7350.
7350.
7351.
7352.
7353.
7355.
7355.
7356.
7357.
7358.
7359.
7360.
7361.
7361.
7363.
7363.
7364.
7364.
7366.
7366.
7368.
7368.
7369.
7370.
7370.
7371.
7372.
7373.
7373.
7374.
7374.
7375.
7376.
7376.
7377.
7377.
7379.
7378.
7380.
7381.
7381.
7381.
7382.
7382.
7383.
7383.
7383.
7384.
7385.
7386.
7385.
7386.
7387.
7387.
7388.
7388.
7389.
7389.
7388.
7390.
7389.
7389.
7390.
7390.
7391.
7391.
7391.
7392.
7392.
7392.
7393.
7393.
7394.
7394.
7394.
7395.
7395.
7395.
7397.
7397.
7396.
7398.
7397.
7398.
7398.
7398.
7399.
7399.
7400.
7400.
7400.
7400.
7401.
7400.
7401.
7401.
7402.
7401.
7402.
7401.
7401.
7402.
7402.
7402.
7403.
7402.
7402.
7403.
7403.
7403.
7403.
7403.
7404.
7404.
7404.
7404.
7404.
7404.
7404.
7405.
7405.
7405.
7405.
7405.
7405.
7404.
7405.
7405.
7405.
7405.
7405.
7405.
7405.
7405.
7405.
7405.
7405.
7404.
7405.
7405.
7405.
7404.
7405.
7405.
7406.
7405.
7405.
7406.
7405.
7405.
7405.
7406.
7405.
7406.
7405.
7404.
7406.
7406.
7405.
7404.
7405.
7406.
7404.
7404.
7405.
7406.
7405.
7404.
7405.
7404.
7405.
7405.
7405.
7405.
7405.
7405.
7405.
7405.
7405.
7405.
7405.
7405.
7406.
7405.
7405.
7405.
7405.
7405.
7405.
7405.
7404.
7405.
7405.
7404.
7405.
7405.
7405.
7405.
7404.
7405.
7405.
7405.
7404.
7405.
7405.
7405.
7405.
7405.
7405.
7404.
7405.
7405.
7405.
7405.
7405.
7405.
7405.
7405.
7404.
7405.
7404.
7405.
7404.
7405.
7404.
7405.
7405.
7405.
7406.
7404.
7404.
7405.
7405.
7405.
7405.
7404.
7404.
7405.
7405.
7405.
7405.
7405.
7404.
7405.
7405.
7405.
7405.
7404.
7404.
7405.
7405.
7404.
7405.
7405.
7405.
7404.
7405.
7405.
7405.
7404.
7404.
7405.
7405.
7404.
7404.
7404.
7404.
7404.
7404.
7404.
7404.
7404.
7404.
7404.
7403.
7402.
7403.
7403.
7402.
7402.
7401.
7401.
7401.
7401.
7401.
7400.
7400.
7400.
7399.
7399.
7398.
7398.
7398.
7397.
7398.
7396.
7396.
7396.
7394.
7394.
7394.
7394.
7393.
7393.
7392.
7392.
7390.
7389.
7390.
7389.
7387.
7387.
7387.
7386.
7385.
7384.
7383.
7383.
7382.
7381.
7380.
7379.
7379.
7378.
7376.
7375.
7374.
7373.
7373.
7372.
7371.
7370.
7369.
7367.
7367.
7365.
7364.
7363.
7362.
7360.
7359.
7357.
7357.
7356.
7354.
7352.
7352.
7350.
7349.
7347.
7346.
7345.
7343.
7342.
7340.
7339.
7337.
7335.
7334.
7333.
7331.
7329.
7327.
7325.
7324.
7322.
7321.
7319.
7318.
7316.
7315.
7313.
7310.
7308.
7307.
7305.
7303.
7301.
7299.
7297.
7295.
7293.
7291.
7289.
7287.
7285.
7282.
7280.
7277.
7275.
7273.
7271.
7269.
7266.
7264.
7262.
7260.
7256.
7254.
7251.
7249.
7246.
7244.
7241.
7238.
7235.
7234.
7231.
7229.
7225.
7223.
7220.
7217.
7214.
7212.
7208.
7206.
7203.
7201.
7197.
7195.
7191.
7189.
7185.
7183.
7179.
7177.
7174.
7171.
7168.
7165.
7162.
7159.
7155.
7152.
7149.
7146.
7143.
7140.
7137.
7134.
7130.
7127.
7123.
7121.
7117.
7114.
7111.
7107.
7104.
7101.
7097.
7093.
7091.
7087.
7084.
7081.
7077.
7073.
7070.
7067.
7064.
7060.
7058.
7054.
7051.
7047.
7044.
7040.
7037.
7034.
7031.
7027.
7024.
7020.
7017.
7013.
7009.
7006.
7004.
7000.
6997.
6993.
6989.
6986.
6983.
6979.
6975.
6972.
6969.
6966.
6962.
6959.
6955.
6951.
6948.
6945.
6942.
6939.
6936.
6932.
6928.
6926.
6922.
6919.
6915.
6912.
6909.
6906.
6902.
6899.
6896.
6893.
6890.
6887.
6884.
6881.
6877.
6875.
6871.
6868.
6865.
6862.
6860.
6857.
6853.
6851.
6848.
6846.
6842.
6839.
6835.
6833.
6829.
6826.
6823.
6820.
6817.
6815.
6811.
6808.
6806.
6803.
6800.
6798.
6794.
6792.
6789.
6787.
6783.
6781.
6777.
6774.
6772.
6769.
6767.
6765.
6762.
6759.
6757.
6754.
6752.
6750.
6746.
6744.
6742.
6738.
6737.
6734.
6732.
6729.
6727.
6725.
6722.
6720.
6718.
6715.
6713.
6711.
6709.
6706.
6705.
6702.
6700.
6698.
6695.
6694.
6692.
6690.
6688.
6686.
6684.
6682.
6680.
6678.
6676.
6674.
6672.
6672.
6669.
6667.
6665.
6664.
6662.
6660.
6658.
6656.
6655.
6653.
6651.
6650.
6648.
6647.
6646.
6644.
6643.
6641.
6639.
6638.
6636.
6635.
6633.
6632.
6630.
6629.
6628.
6627.
6626.
6624.
6623.
6622.
6620.
6619.
6618.
6617.
6616.
6615.
6613.
6612.
6612.
6611.
6608.
6607.
6607.
6606.
6604.
6603.
6603.
6601.
6601.
6599.
6599.
6597.
6597.
6595.
6594.
6594.
6594.
6592.
6591.
6591.
6590.
6589.
6589.
6588.
6588.
6586.
6586.
6585.
6584.
6584.
6584.
6582.
6582.
6581.
6581.
6581.
6580.
6579.
6579.
6579.
6578.
6577.
6577.
6578.
6577.
6575.
6575.
6575.
6575.
6575.
6575.
6574.
6573.
6573.
6572.
6572.
6572.
6572.
6571.
6571.
6571.
6571.
6570.
6569.
6569.
6569.
6568.
6569.
6567.
6568.
6567.
6567.
6567.
6567.
6565.
6565.
6565.
6566.
6565.
6565.
6565.
6565.
6563.
6564.
6563.
6563.
6562.
6562.
6563.
6562.
6561.
6561.
6562.
6561.
6561.
6561.
6559.
6560.
6559.
6559.
6559.
6559.
6559.
6559.
6558.
6558.
6557.
6558.
6558.
6557.
6557.
6557.
6556.
6557.
6556.
6556.
6556.
6556.
6556.
6555.
6555.
6554.
6555.
6554.
6554.
6554.
6555.
6553.
6553.
6553.
6554.
6553.
6554.
6552.
6552.
6552.
6553.
6551.
6552.
6552.
6552.
6552.
6551.
6552.
6551.
6551.
6551.
6551.
6551.
6551.
6552.
6551.
6551.
6551.
6551.
6551.
6551.
6551.
6551.
6550.
6550.
6550.
6551.
6550.
6551.
6551.
6550.
6551.
6551.
6550.
6551.
6550.
6550.
6551.
6551.
6551.
6551.
6550.
6551.
6551.
6551.
6550.
6551.
6550.
6551.
6551.
6551.
6551.
6551.
6551.
6551.
6551.
6551.
6551.
6551.
6551.
6551.
6551.
6551.
6550.
6550.
6550.
6551.
6551.
6551.
6552.
6550.
6550.
6551.
6550.
6551.
6550.
6551.
6550.
6551.
6551.
6551.
6551.
6551.
6552.
6551.
6551.
6551.
6551.
6551.
6551.
6551.
6552.
6551.
6552.
6551.
6552.
6551.
6552.
6552.
6553.
6553.
6552.
6552.
6553.
6553.
6553.
6553.
6554.
6553.
6554.
6554.
6554.
6555.
6554.
6554.
6555.
6555.
6556.
6556.
6557.
6556.
6557.
6557.
6558.
6558.
6559.
6558.
6559.
6559.
6560.
6560.
6561.
6561.
6561.
6561.
6562.
6562.
6564.
6564.
6565.
6565.
6566.
6566.
6567.
6568.
6568.
6569.
6570.
6570.
6572.
6572.
6573.
6574.
6574.
6576.
6576.
6577.
6578.
6579.
6580.
6581.
6582.
6583.
6584.
6585.
6586.
6587.
6589.
6590.
6592.
6591.
6593.
6593.
6595.
6598.
6598.
6600.
6601.
6603.
6604.
6606.
6607.
6609.
6611.
6612.
6614.
6616.
6618.
6620.
6621.
6623.
6625.
6627.
6629.
6631.
6633.
6635.
6637.
6640.
6642.
6643.
6647.
6649.
6651.
6653.
6656.
6658.
6661.
6663.
6666.
6669.
6671.
6673.
6677.
6680.
6682.
6685.
6688.
6691.
6693.
6696.
6699.
6703.
6705.
6708.
6711.
6715.
6718.
6720.
6724.
6727.
6730.
6733.
6736.
6740.
6743.
6746.
6750.
6754.
6758.
6761.
6764.
6767.
6771.
6774.
6778.
6782.
6785.
6788.
6793.
6796.
6800.
6803.
6807.
6811.
6814.
6818.
6821.
6825.
6829.
6833.
6836.
6840.
6845.
6849.
6851.
6855.
6859.
6863.
6866.
6871.
6875.
6879.
6882.
6886.
6890.
6894.
6898.
6902.
6906.
6910.
6912.
6917.
6922.
6925.
6928.
6933.
6937.
6940.
6944.
6948.
6952.
6956.
6960.
6964.
6967.
6971.
6973.
6978.
6983.
6985.
6990.
6993.
6998.
7001.
7004.
7009.
7013.
7016.
7019.
7024.
7027.
7030.
7034.
7038.
7042.
7045.
7048.
7051.
7056.
7058.
7062.
7065.
7069.
7072.
7075.
7079.
7083.
7086.
7089.
7092.
7097.
7099.
7103.
7106.
7110.
7112.
7116.
7119.
7123.
7125.
7128.
7132.
7136.
7138.
7141.
7144.
7148.
7150.
7153.
7156.
7160.
7162.
7165.
7168.
7172.
7174.
7177.
7179.
7183.
7185.
7188.
7191.
7194.
7196.
7199.
7202.
7205.
7207.
7210.
7212.
7216.
7218.
7220.
7223.
7225.
7228.
7230.
7233.
7235.
7237.
7239.
7242.
7245.
7247.
7249.
7251.
7254.
7256.
7257.
7260.
7263.
7264.
7266.
7269.
7271.
7273.
7275.
7277.
7280.
7281.
7283.
7286.
7288.
7289.
7291.
7293.
7295.
7296.
7299.
7300.
7302.
7304.
7306.
7308.
7310.
7311.
7313.
7315.
7317.
7318.
7320.
7322.
7324.
7324.
7326.
7328.
7330.
7331.
7333.
7334.
7335.
7338.
7339.
7340.
7342.
7343.
7345.
7346.
7347.
7348.
7350.
7352.
7353.
7354.
7355.
7357.
7358.
7359.
7360.
7362.
7363.
7364.
7365.
7367.
7367.
7368.
7369.
7371.
7372.
7373.
7373.
7375.
7376.
7377.
7377.
7379.
7380.
7381.
7381.
7382.
7382.
7384.
7384.
7386.
7386.
7387.
7388.
7389.
7390.
7391.
7391.
7393.
7394.
7394.
7395.
7395.
7396.
7396.
7397.
7398.
7399.
7399.
7399.
7400.
7401.
7401.
7402.
7402.
7403.
7403.
7404.
7405.
7405.
7405.
7406.
7407.
7408.
7408.
7408.
7408.
7409.
7409.
7410.
7410.
7411.
7411.
7412.
7412.
7413.
7413.
7413.
7415.
7415.
7414.
7415.
7415.
7416.
7417.
7417.
7417.
7418.
7417.
7419.
7419.
7419.
7419.
7420.
7420.
7420.
7421.
7420.
7420.
7421.
7421.
7422.
7422.
7422.
7422.
7422.
7422.
7423.
7424.
7423.
7423.
7424.
7424.
7425.
7424.
7425.
7425.
7424.
7425.
7426.
7425.
7426.
7426.
7426.
7427.
7427.
7427.
7426.
7427.
7427.
7428.
7428.
7428.
7427.
7428.
7428.
7429.
7428.
7429.
7429.
7430.
7430.
7430.
7430.
7429.
7429.
7430.
7430.
7430.
7430.
7430.
7431.
7430.
7431.
7430.
7430.
7430.
7430.
7431.
7431.
7431.
7431.
7432.
7432.
7431.
7432.
7431.
7431.
7432.
7431.
7431.
7432.
7432.
7432.
7431.
7431.
7432.
7432.
7431.
7432.
7432.
7432.
7431.
7432.
7432.
7432.
7431.
7432.
7432.
7432.
7431.
7432.
7432.
7431.
7432.
7432.
7431.
7431.
7432.
7432.
7432.
7432.
7431.
7432.
7432.
7432.
7431.
7432.
7431.
7432.
7431.
7432.
7432.
7431.
7432.
7431.
7431.
7432.
7432.
7431.
7431.
7432.
7431.
7432.
7432.
7431.
7433.
7431.
7431.
7432.
7432.
7432.
7432.
7432.
7432.
7431.
7431.
7431.
7431.
7432.
7432.
7431.
7431.
7431.
7431.
7432.
7432.
7431.
7431.
7431.
7432.
7431.
7432.
7432.
7431.
7432.
7432.
7431.
7432.
7432.
7432.
7431.
7431.
7432.
7432.
7431.
7432.
7432.
7431.
7431.
7432.
7432.
7431.
7432.
7431.
7432.
7431.
7430.
7431.
7431.
7430.
7430.
7430.
7431.
7429.
7429.
7429.
7429.
7428.
7429.
7427.
7427.
7427.
7428.
7427.
7426.
7427.
7426.
7425.
7425.
7425.
7425.
7423.
7423.
7423.
7423.
7421.
7421.
7421.
7421.
7420.
7420.
7418.
7417.
7417.
7417.
7416.
7416.
7414.
7414.
7414.
7413.
7412.
7411.
7410.
7410.
7409.
7408.
7407.
7406.
7406.
7405.
7404.
7403.
7402.
7400.
7400.
7398.
7398.
7396.
7395.
7393.
7392.
7391.
7391.
7390.
7389.
7388.
7386.
7384.
7384.
7382.
7381.
7379.
7379.
7377.
7375.
7374.
7372.
7370.
7369.
7367.
7367.
7365.
7362.
7360.
7359.
7357.
7355.
7353.
7352.
7350.
7348.
7347.
7345.
7343.
7341.
7338.
7336.
7334.
7332.
7330.
7327.
7325.
7324.
7321.
7319.
7317.
7314.
7311.
7310.
7307.
7305.
7302.
7298.
7297.
7294.
7292.
7289.
7287.
7284.
7281.
7279.
7276.
7274.
7271.
7267.
7264.
7262.
7259.
7256.
7253.
7250.
7247.
7244.
7240.
7238.
7234.
7231.
7228.
7225.
7221.
7218.
7215.
7211.
7208.
7205.
7202.
7198.
7194.
7191.
7187.
7185.
7181.
7177.
7174.
7170.
7167.
7163.
7159.
7155.
7152.
7147.
7144.
7141.
7137.
7133.
7129.
7125.
7121.
7117.
7114.
7110.
7106.
7102.
7098.
7094.
7090.
7086.
7082.
7077.
7074.
7070.
7065.
7061.
7058.
7053.
7049.
7045.
7040.
7036.
7032.
7028.
7024.
7020.
7016.
7012.
7007.
7004.
6999.
6995.
6991.
6987.
6983.
6979.
6974.
6970.
6967.
6962.
6958.
6954.
6950.
6945.
6941.
6937.
6933.
6929.
6925.
6921.
6917.
6913.
6908.
6905.
6900.
6896.
6892.
6888.
6884.
6881.
6877.
6872.
6868.
6865.
6861.
6856.
6853.
6849.
6845.
6842.
6838.
6833.
6829.