727.
730.
735.
738.
742.
748.
749.
754.
756.
756.
756.
756.
756.
758.
758.
758.
757.
758.
760.
761.
762.
761.
763.
765.
766.
767.
769.
771.
772.
773.
775.
777.
777.
782.
783.
787.
789.
790.
793.
798.
800.
804.
805.
809.
814.
818.
821.
823.
829.
835.
839.
843.
847.
852.
857.
864.
868.
871.
877.
885.
889.
896.
900.
907.
912.
916.
924.
928.
934.
941.
944.
949.
954.
954.
958.
958.
956.
954.
953.
953.
953.
954.
958.
959.
963.
964.
964.
966.
965.
966.
969.
969.
970.
970.
971.
970.
969.
971.
970.
971.
970.
968.
968.
968.
966.
966.
965.
965.
962.
961.
961.
959.
957.
956.
955.
953.
951.
949.
948.
945.
945.
942.
940.
939.
934.
933.
932.
930.
928.
923.
922.
920.
916.
913.
910.
908.
904.
902.
898.
896.
893.
890.
886.
882.
879.
876.
873.
871.
869.
863.
860.
857.
854.
849.
847.
843.
838.
835.
832.
829.
825.
821.
815.
815.
809.
805.
800.
797.
792.
790.
785.
781.
776.
773.
769.
763.
759.
754.
751.
748.
749.
750.
753.
758.
763.
769.
773.
778.
783.
787.
793.
797.
800.
800.
803.
803.
804.
805.
805.
806.
807.
806.
808.
809.
810.
812.
814.
815.
817.
815.
820.
822.
823.
824.
827.
828.
830.
832.
834.
837.
840.
840.
843.
845.
847.
849.
849.
852.
852.
856.
857.
859.
861.
861.
862.
864.
865.
865.
866.
866.
864.
865.
865.
864.
863.
861.
860.
859.
856.
853.
849.
848.
842.
839.
833.
829.
825.
818.
813.
808.
802.
795.
789.
781.
775.
765.
758.
748.
736.
720.
698.
673.
648.
621.
594.
568.
543.
519.
496.
474.
457.
442.
426.
412.
399.
388.
375.
364.
349.
337.
325.
314.
302.
291.
280.
270.
259.
248.
239.
230.
220.
209.
201.
193.
185.
178.
171.
164.
159.
154.
147.
144.
140.
137.
134.
131.
130.
131.
131.
130.
130.
132.
133.
136.
138.
141.
144.
150.
156.
161.
169.
175.
185.
193.
202.
212.
222.
235.
247.
262.
278.
293.
307.
326.
341.
360.
379.
399.
419.
441.
460.
484.
507.
530.
555.
581.
607.
634.
659.
686.
714.
741.
771.
800.
828.
856.
887.
915.
943.
969.
996.
1023.
1049.
1074.
1097.
1123.
1146.
1168.
1190.
1213.
1234.
1254.
1273.
1293.
1311.
1331.
1348.
1367.
1383.
1399.
1417.
1432.
1448.
1464.
1479.
1495.
1508.
1524.
1538.
1552.
1564.
1579.
1591.
1605.
1617.
1631.
1647.
1657.
1671.
1681.
1694.
1707.
1719.
1730.
1741.
1753.
1764.
1774.
1784.
1794.
1805.
1815.
1825.
1834.
1842.
1852.
1859.
1869.
1876.
1884.
1891.
1899.
1906.
1912.
1917.
1923.
1930.
1935.
1940.
1947.
1951.
1955.
1958.
1961.
1963.
1967.
1969.
1971.
1972.
1973.
1974.
1973.
1972.
1971.
1969.
1969.
1966.
1964.
1959.
1956.
1951.
1945.
1939.
1931.
1923.
1915.
1905.
1896.
1885.
1872.
1859.
1849.
1835.
1820.
1806.
1790.
1774.
1759.
1740.
1722.
1704.
1687.
1668.
1649.
1629.
1610.
1590.
1570.
1550.
1529.
1508.
1487.
1466.
1446.
1426.
1408.
1388.
1369.
1351.
1334.
1315.
1298.
1282.
1265.
1248.
1234.
1219.
1203.
1189.
1172.
1158.
1145.
1130.
1118.
1103.
1090.
1078.
1066.
1053.
1041.
1031.
1020.
1009.
1000.
991.
980.
972.
963.
954.
946.
937.
928.
920.
909.
898.
889.
877.
859.
837.
813.
787.
761.
734.
705.
676.
648.
623.
601.
580.
564.
550.
540.
530.
521.
514.
508.
504.
501.
499.
498.
499.
499.
501.
504.
505.
508.
510.
515.
521.
524.
529.
533.
541.
547.
553.
562.
570.
579.
590.
601.
612.
623.
635.
649.
660.
673.
688.
702.
717.
732.
747.
764.
781.
799.
818.
836.
856.
876.
897.
918.
940.
963.
988.
1013.
1036.
1062.
1088.
1114.
1140.
1169.
1197.
1224.
1252.
1279.
1309.
1336.
1363.
1389.
1416.
1443.
1469.
1493.
1517.
1542.
1563.
1585.
1606.
1625.
1644.
1660.
1677.
1694.
1708.
1724.
1737.
1749.
1760.
1771.
1780.
1789.
1798.
1806.
1813.
1819.
1824.
1829.
1835.
1838.
1841.
1843.
1846.
1847.
1848.
1848.
1849.
1848.
1845.
1843.
1840.
1837.
1831.
1827.
1821.
1816.
1808.
1800.
1792.
1782.
1771.
1761.
1750.
1736.
1724.
1710.
1697.
1681.
1665.
1649.
1631.
1614.
1596.
1577.
1558.
1540.
1520.
1498.
1478.
1457.
1437.
1413.
1393.
1371.
1350.
1330.
1307.
1287.
1266.
1245.
1226.
1208.
1188.
1169.
1149.
1133.
1116.
1099.
1083.
1068.
1052.
1039.
1024.
1011.
995.
983.
969.
957.
945.
933.
919.
907.
894.
882.
871.
858.
848.
837.
826.
816.
805.
797.
787.
778.
768.
759.
748.
739.
730.
721.
711.
703.
693.
686.
677.
669.
662.
653.
647.
641.
634.
627.
621.
615.
611.
605.
600.
596.
594.
590.
588.
588.
587.
588.
587.
589.
593.
594.
596.
600.
604.
608.
614.
621.
630.
636.
646.
656.
668.
679.
693.
707.
721.
737.
753.
771.
789.
807.
827.
848.
869.
891.
913.
937.
962.
985.
1010.
1035.
1060.
1085.
1110.
1135.
1160.
1185.
1208.
1234.
1257.
1280.
1303.
1323.
1344.
1365.
1384.
1404.
1423.
1440.
1456.
1475.
1489.
1504.
1520.
1536.
1550.
1565.
1579.
1592.
1608.
1621.
1636.
1649.
1663.
1676.
1689.
1703.
1716.
1729.
1742.
1755.
1768.
1782.
1794.
1808.
1820.
1833.
1846.
1857.
1870.
1884.
1897.
1908.
1918.
1929.
1941.
1951.
1962.
1972.
1981.
1991.
2000.
2009.
2019.
2027.
2035.
2043.
2052.
2059.
2065.
2072.
2077.
2084.
2090.
2095.
2096.
2103.
2107.
2110.
2113.
2117.
2119.
2120.
2121.
2122.
2121.
2121.
2123.
2122.
2121.
2119.
2118.
2117.
2112.
2109.
2107.
2101.
2098.
2093.
2088.
2082.
2075.
2068.
2060.
2052.
2043.
2033.
2022.
2013.
1999.
1987.
1976.
1961.
1947.
1933.
1917.
1901.
1885.
1866.
1849.
1832.
1812.
1793.
1773.
1752.
1730.
1710.
1688.
1665.
1643.
1620.
1600.
1576.
1553.
1530.
1508.
1485.
1462.
1440.
1420.
1398.
1378.
1356.
1337.
1317.
1299.
1283.
1265.
1249.
1232.
1217.
1202.
1186.
1170.
1157.
1143.
1128.
1114.
1096.
1081.
1067.
1052.
1040.
1026.
1012.
998.
984.
970.
957.
943.
930.
915.
901.
886.
869.
851.
832.
806.
778.
748.
714.
676.
639.
600.
562.
524.
485.
447.
410.
375.
344.
315.
290.
267.
248.
229.
211.
197.
183.
168.
156.
144.
135.
128.
119.
113.
108.
101.
97.
94.
92.
90.
89.
90.
93.
94.
98.
100.
106.
108.
114.
120.
125.
132.
141.
147.
156.
165.
173.
183.
194.
205.
215.
228.
241.
252.
265.
280.
295.
307.
325.
341.
355.
370.
388.
406.
421.
440.
458.
477.
495.
515.
536.
557.
578.
600.
620.
645.
667.
690.
715.
740.
764.
790.
815.
842.
868.
894.
922.
950.
979.
1005.
1033.
1062.
1089.
1116.
1145.
1171.
1196.
1224.
1250.
1274.
1300.
1323.
1345.
1367.
1388.
1409.
1426.
1446.
1462.
1479.
1493.
1507.
1520.
1533.
1543.
1553.
1563.
1571.
1580.
1587.
1594.
1598.
1601.
1607.
1610.
1612.
1612.
1613.
1614.
1613.
1612.
1611.
1608.
1604.
1599.
1593.
1586.
1580.
1574.
1563.
1556.
1547.
1536.
1524.
1513.
1501.
1487.
1472.
1458.
1441.
1425.
1407.
1389.
1370.
1349.
1329.
1310.
1288.
1266.
1243.
1219.
1196.
1174.
1146.
1125.
1101.
1079.
1055.
1032.
1010.
988.
967.
948.
929.
909.
893.
877.
860.
844.
827.
812.
797.
783.
769.
757.
743.
729.
717.
705.
691.
676.
662.
649.
638.
626.
614.
601.
590.
578.
567.
553.
540.
528.
516.
505.
493.
484.
471.
461.
450.
440.
430.
419.
408.
397.
387.
377.
367.
358.
347.
338.
331.
323.
315.
306.
298.
291.
281.
273.
262.
249.
237.
225.
210.
200.
191.
186.
182.
177.
173.
171.
170.
170.
169.
170.
173.
177.
178.
181.
186.
190.
194.
198.
203.
208.
215.
220.
227.
233.
241.
248.
255.
264.
272.
279.
289.
300.
309.
318.
330.
340.
350.
363.
374.
387.
400.
412.
426.
441.
455.
470.
484.
501.
516.
533.
547.
564.
580.
598.
617.
635.
654.
673.
693.
713.
734.
754.
776.
799.
821.
845.
868.
891.
915.
940.
966.
992.
1018.
1042.
1068.
1095.
1120.
1147.
1173.
1198.
1225.
1251.
1275.
1300.
1322.
1345.
1368.
1391.
1413.
1433.
1452.
1470.
1490.
1508.
1523.
1539.
1553.
1566.
1580.
1593.
1603.
1612.
1623.
1630.
1637.
1646.
1653.
1660.
1664.
1669.
1674.
1678.
1680.
1682.
1683.
1686.
1685.
1684.
1684.
1683.
1681.
1680.
1675.
1673.
1669.
1662.
1657.
1651.
1643.
1635.
1627.
1618.
1609.
1598.
1586.
1575.
1564.
1551.
1538.
1524.
1508.
1493.
1478.
1462.
1444.
1427.
1409.
1391.
1373.
1351.
1331.
1311.
1291.
1271.
1248.
1229.
1206.
1186.
1165.
1141.
1122.
1100.
1080.
1059.
1039.
1019.
1002.
982.
965.
949.
932.
916.
899.
884.
868.
854.
840.
826.
813.
797.
783.
770.
757.
742.
728.
716.
702.
687.
674.
661.
647.
632.
618.
605.
591.
578.
564.
552.
538.
525.
513.
500.
487.
471.
459.
447.
431.
418.
402.
387.
371.
356.
341.
325.
306.
286.
262.
237.
212.
181.
151.
121.
91.
62.
31.
4.
-21.
-47.
-70.
-94.
-115.
-132.
-149.
-163.
-178.
-192.
-203.
-216.
-227.
-236.
-245.
-252.
-258.
-264.
-268.
-273.
-275.
-280.
-283.
-284.
-286.
-288.
-290.
-289.
-289.
-287.
-287.
-285.
-283.
-281.
-277.
-273.
-271.
-265.
-259.
-256.
-250.
-245.
-238.
-234.
-226.
-219.
-210.
-202.
-195.
-186.
-177.
-167.
-157.
-146.
-135.
-123.
-111.
-100.
-87.
-73.
-61.
-46.
-32.
-17.
0.
15.
33.
52.
70.
88.
109.
129.
150.
172.
196.
218.
244.
268.
294.
321.
350.
379.
407.
436.
468.
502.
533.
568.
603.
638.
674.
710.
747.
784.
821.
858.
896.
934.
971.
1008.
1045.
1080.
1117.
1151.
1185.
1217.
1248.
1278.
1309.
1337.
1361.
1386.
1411.
1432.
1453.
1472.
1493.
1508.
1522.
1536.
1547.
1558.
1569.
1577.
1584.
1590.
1598.
1601.
1603.
1607.
1608.
1607.
1606.
1604.
1600.
1599.
1593.
1588.
1580.
1574.
1566.
1557.
1546.
1536.
1525.
1513.
1499.
1486.
1470.
1455.
1440.
1423.
1406.
1388.
1368.
1351.
1329.
1309.
1287.
1268.
1246.
1225.
1203.
1181.
1159.
1136.
1113.
1090.
1069.
1046.
1024.
1003.
982.
962.
942.
923.
905.
886.
869.
852.
834.
818.
803.
787.
772.
756.
741.
726.
712.
697.
683.
668.
655.
638.
624.
610.
593.
578.
562.
544.
527.
510.
491.
473.
457.
440.
419.
402.
383.
365.
345.
329.
309.
290.
270.
250.
229.
205.
182.
157.
131.
106.
80.
55.
31.
3.
-25.
-51.
-77.
-105.
-130.
-154.
-179.
-204.
-226.
-248.
-271.
-293.
-314.
-334.
-352.
-370.
-383.
-398.
-410.
-419.
-428.
-436.
-440.
-446.
-449.
-454.
-454.
-454.
-452.
-449.
-447.
-442.
-437.
-434.
-429.
-422.
-414.
-406.
-396.
-387.
-377.
-367.
-357.
-346.
-335.
-325.
-314.
-300.
-287.
-276.
-261.
-247.
-231.
-216.
-200.
-184.
-169.
-151.
-134.
-115.
-98.
-80.
-62.
-41.
-21.
-2.
18.
39.
62.
84.
106.
128.
152.
175.
199.
224.
248.
275.
299.
325.
350.
379.
406.
432.
457.
482.
506.
531.
555.
578.
600.
621.
641.
661.
681.
699.
715.
730.
744.
757.
769.
779.
789.
797.
806.
811.
817.
821.
822.
826.
827.
827.
826.
824.
822.
820.
813.
809.
805.
799.
792.
783.
776.
765.
755.
748.
735.
723.
710.
697.
682.
667.
652.
638.
622.
606.
587.
570.
553.
534.
516.
496.
476.
457.
438.
419.
399.
380.
360.
343.
324.
305.
286.
269.
250.
235.
219.
203.
187.
170.
155.
141.
125.
109.
95.
80.
65.
50.
37.
23.
7.
-8.
-22.
-37.
-51.
-65.
-79.
-91.
-103.
-115.
-129.
-142.
-152.
-164.
-175.
-186.
-195.
-206.
-214.
-222.
-230.
-240.
-247.
-255.
-261.
-266.
-273.
-281.
-290.
-299.
-312.
-326.
-343.
-360.
-380.
-397.
-415.
-433.
-450.
-466.
-478.
-489.
-497.
-503.
-507.
-509.
-510.
-512.
-513.
-514.
-511.
-511.
-510.
-506.
-505.
-500.
-496.
-492.
-487.
-482.
-476.
-468.
-461.
-454.
-446.
-437.
-427.
-419.
-409.
-400.
-388.
-377.
-366.
-353.
-342.
-329.
-314.
-298.
-285.
-270.
-254.
-238.
-222.
-203.
-185.
-166.
-147.
-128.
-108.
-86.
-65.
-42.
-18.
8.
32.
55.
81.
109.
137.
165.
193.
225.
255.
283.
315.
349.
380.
415.
448.
482.
518.
554.
590.
627.
661.
697.
732.
769.
805.
841.
875.
909.
943.
977.
1010.
1043.
1076.
1106.
1136.
1165.
1194.
1220.
1247.
1273.
1297.
1320.
1342.
1363.
1382.
1398.
1415.
1430.
1444.
1455.
1465.
1475.
1483.
1488.
1494.
1497.
1499.
1500.
1499.
1497.
1493.
1488.
1482.
1473.
1465.
1452.
1441.
1431.
1417.
1401.
1385.
1373.
1355.
1338.
1322.
1304.
1287.
1269.
1250.
1231.
1213.
1196.
1177.
1158.
1137.
1115.
1093.
1067.
1043.
1022.
998.
974.
950.
927.
903.
879.
852.
826.
799.
773.
747.
725.
698.
673.
649.
625.
602.
578.
553.
532.
507.
483.
458.
435.
412.
390.
371.
352.
334.
316.
299.
285.
274.
264.
254.
248.
242.
237.
231.
229.
226.
226.
228.
229.
230.
232.
235.
238.
243.
250.
255.
261.
269.
277.
287.
295.
306.
316.
328.
340.
353.
365.
380.
394.
412.
430.
446.
465.
484.
504.
524.
548.
571.
594.
619.
645.
672.
699.
726.
754.
783.
812.
841.
871.
900.
931.
961.
991.
1020.
1051.
1078.
1108.
1137.
1165.
1192.
1219.
1245.
1270.
1295.
1320.
1343.
1365.
1388.
1409.
1430.
1450.
1470.
1489.
1508.
1524.
1542.
1558.
1575.
1591.
1606.
1620.
1635.
1648.
1660.
1673.
1683.
1695.
1706.
1718.
1727.
1737.
1746.
1755.
1764.
1770.
1778.
1784.
1790.
1794.
1798.
1804.
1807.
1809.
1812.
1813.
1814.
1815.
1815.
1813.
1811.
1810.
1806.
1802.
1798.
1793.
1786.
1779.
1771.
1763.
1754.
1745.
1733.
1723.
1710.
1696.
1682.
1670.
1656.
1639.
1625.
1608.
1589.
1573.
1554.
1535.
1516.
1494.
1474.
1455.
1434.
1411.
1389.
1366.
1344.
1322.
1300.
1276.
1254.
1232.
1209.
1186.
1165.
1143.
1123.
1103.
1084.
1064.
1046.
1028.
1009.
992.
975.
958.
943.
926.
909.
894.
880.
863.
847.
834.
819.
805.
790.
775.
759.
745.
732.
716.
703.
686.
672.
661.
645.
632.
617.
603.
590.
578.
567.
555.
543.
532.
521.
508.
495.
485.
475.
465.
455.
445.
433.
424.
414.
404.
395.
386.
379.
371.
363.
356.
350.
344.
338.
335.
331.
328.
327.
323.
324.
324.
323.
325.
327.
331.
334.
340.
346.
351.
357.
366.
375.
383.
394.
406.
418.
432.
445.
462.
475.
493.
509.
528.
548.
568.
588.
609.
631.
656.
679.
706.
732.
759.
788.
816.
844.
874.
904.
930.
961.
993.
1023.
1053.
1083.
1113.
1142.
1170.
1198.
1226.
1252.
1278.
1303.
1327.
1351.
1375.
1397.
1419.
1442.
1462.
1484.
1506.
1526.
1546.
1566.
1584.
1604.
1623.
1641.
1659.
1678.
1697.
1715.
1733.
1752.
1770.
1787.
1804.
1822.
1838.
1856.
1874.
1890.
1907.
1923.
1939.
1956.
1970.
1986.
2000.
2015.
2030.
2043.
2054.
2068.
2079.
2090.
2100.
2109.
2118.
2126.
2133.
2140.
2148.
2154.
2159.
2162.
2166.
2170.
2172.
2173.
2174.
2175.
2176.
2176.
2174.
2173.
2170.
2168.
2165.
2161.
2156.
2151.
2146.
2140.
2131.
2125.
2117.
2108.
2100.
2089.
2079.
2067.
2057.
2044.
2031.
2017.
2003.
1989.
1974.
1957.
1940.
1922.
1905.
1887.
1867.
1847.
1828.
1808.
1788.
1767.
1747.
1723.
1701.
1680.
1657.
1632.
1607.
1584.
1562.
1538.
1513.
1491.
1466.
1444.
1421.
1397.
1375.
1353.
1332.
1312.
1292.
1272.
1252.
1234.
1216.
1196.
1179.
1160.
1142.
1124.
1106.
1091.
1074.
1056.
1038.
1021.
1003.
986.
969.
953.
936.
919.
904.
886.
870.
851.
830.
806.
782.
752.
719.
683.
645.
608.
570.
531.
491.
451.
412.
372.
334.
298.
263.
227.
192.
158.
127.
96.
69.
44.
19.
-2.
-22.
-40.
-54.
-71.
-85.
-97.
-109.
-120.
-129.
-138.
-143.
-150.
-155.
-159.
-162.
-166.
-168.
-169.
-169.
-169.
-166.
-165.
-166.
-161.
-156.
-154.
-148.
-143.
-136.
-130.
-123.
-115.
-105.
-97.
-86.
-75.
-65.
-53.
-43.
-29.
-15.
-3.
10.
26.
41.
55.
73.
90.
107.
125.
143.
163.
184.
204.
226.
249.
271.
296.
319.
344.
371.
395.
420.
448.
476.
504.
533.
562.
591.
619.
648.
678.
708.
735.
765.
795.
823.
853.
882.
911.
939.
967.
994.
1021.
1046.
1073.
1096.
1122.
1147.
1170.
1194.
1216.
1235.
1256.
1276.
1292.
1310.
1326.
1342.
1354.
1368.
1381.
1391.
1401.
1413.
1421.
1428.
1436.
1441.
1447.
1449.
1452.
1455.
1456.
1456.
1456.
1456.
1454.
1452.
1446.
1442.
1438.
1431.
1425.
1417.
1408.
1400.
1391.
1380.
1370.
1359.
1348.
1336.
1323.
1308.
1293.
1279.
1263.
1248.
1231.
1214.
1196.
1180.
1160.
1143.
1122.
1103.
1082.
1062.
1043.
1023.
1003.
983.
962.
941.
920.
900.
880.
862.
842.
823.
804.
786.
767.
748.
732.
714.
699.
681.
666.
649.
634.
617.
601.
585.
570.
555.
540.
524.
509.
496.
482.
468.
455.
441.
429.
416.
403.
390.
377.
364.
351.
339.
326.
314.
301.
289.
278.
265.
252.
241.
227.
215.
204.
193.
181.
170.
159.
147.
137.
128.
119.
109.
102.
94.
87.
82.
75.
70.
65.
62.
60.
58.
55.
53.
52.
52.
53.
55.
59.
60.
63.
67.
72.
75.
77.
84.
89.
95.
100.
105.
108.
111.
112.
114.
118.
122.
126.
132.
139.
146.
154.
162.
171.
180.
189.
202.
212.
223.
233.
245.
258.
272.
286.
301.
316.
330.
343.
358.
374.
389.
403.
419.
435.
453.
471.
489.
509.
527.
545.
563.
584.
606.
627.
650.
673.
695.
717.
739.
762.
785.
807.
830.
854.
877.
902.
925.
949.
973.
997.
1020.
1044.
1066.
1088.
1108.
1130.
1152.
1174.
1196.
1216.
1238.
1260.
1281.
1301.
1322.
1341.
1361.
1380.
1399.
1417.
1434.
1452.
1469.
1483.
1497.
1512.
1526.
1537.
1551.
1562.
1571.
1581.
1588.
1596.
1603.
1607.
1612.
1616.
1618.
1620.
1620.
1622.
1622.
1619.
1617.
1614.
1611.
1607.
1601.
1594.
1586.
1579.
1571.
1562.
1554.
1543.
1532.
1520.
1509.
1497.
1481.
1468.
1453.
1438.
1422.
1406.
1389.
1372.
1354.
1334.
1316.
1298.
1278.
1259.
1240.
1218.
1198.
1176.
1156.
1135.
1115.
1095.
1074.
1054.
1034.
1015.
996.
979.
960.
942.
926.
909.
894.
879.
864.
848.
833.
820.
803.
788.
773.
758.
745.
730.
716.
702.
688.
674.
659.
645.
631.
617.
603.
589.
576.
563.
551.
538.
526.
513.
501.
489.
476.
464.
449.
437.
423.
410.
396.
377.
358.
337.
314.
287.
261.
235.
209.
183.
157.
132.
107.
83.
64.
46.
33.
22.
14.
8.
1.
-2.
-4.
-6.
-5.
-6.
-6.
-6.
-3.
-1.
4.
7.
12.
16.
21.
28.
35.
44.
50.
59.
67.
76.
86.
98.
109.
120.
133.
144.
160.
173.
188.
203.
221.
236.
253.
271.
291.
309.
331.
350.
374.
396.
419.
442.
467.
492.
518.
547.
574.
601.
630.
660.
690.
721.
751.
783.
816.
847.
879.
913.
945.
977.
1010.
1041.
1074.
1102.
1134.
1165.
1194.
1225.
1254.
1282.
1310.
1336.
1362.
1387.
1413.
1436.
1458.
1482.
1503.
1524.
1544.
1563.
1583.
1605.
1626.
1648.
1670.
1693.
1717.
1739.
1761.
1781.
1804.
1823.
1840.
1857.
1870.
1885.
1895.
1903.
1910.
1911.
1913.
1913.
1910.
1907.
1904.
1898.
1893.
1885.
1876.
1866.
1854.
1845.
1831.
1819.
1805.
1791.
1777.
1760.
1745.
1728.
1711.
1692.
1675.
1654.
1636.
1615.
1595.
1574.
1552.
1531.
1508.
1485.
1461.
1439.
1417.
1393.
1369.
1345.
1321.
1297.
1271.
1250.
1226.
1204.
1182.
1161.
1141.
1122.
1103.
1082.
1063.
1046.
1028.
1010.
994.
978.
962.
946.
931.
918.
903.
887.
874.
859.
846.
833.
819.
806.
792.
778.
766.
753.
741.
727.
716.
703.
689.
678.
666.
657.
644.
634.
624.
613.
603.
593.
583.
574.
564.
555.
546.
537.
526.
512.
495.
476.
455.
431.
410.
387.
364.
344.
325.
311.
299.
290.
286.
280.
275.
273.
270.
270.
267.
268.
267.
265.
266.
268.
268.
271.
273.
277.
278.
283.
286.
291.
295.
302.
306.
313.
320.
327.
333.
341.
349.
357.
365.
375.
384.
394.
404.
413.
423.
435.
447.
457.
469.
482.
495.
510.
525.
537.
553.
568.
582.
599.
616.
632.
650.
669.
689.
707.
727.
748.
769.
790.
811.
833.
856.
880.
903.
927.
952.
976.
1000.
1025.
1050.
1073.
1099.
1123.
1149.
1172.
1195.
1219.
1243.
1266.
1289.
1311.
1332.
1353.
1373.
1391.
1409.
1427.
1445.
1461.
1478.
1490.
1503.
1516.
1529.
1541.
1552.
1562.
1571.
1581.
1590.
1596.
1604.
1609.
1616.
1621.
1625.
1630.
1634.
1637.
1638.
1639.
1640.
1641.
1640.
1640.
1637.
1636.
1634.
1631.
1627.
1622.
1617.
1609.
1605.
1595.
1588.
1580.
1571.
1561.
1549.
1537.
1524.
1512.
1498.
1485.
1471.
1455.
1438.
1422.
1405.
1386.
1368.
1350.
1330.
1309.
1287.
1265.
1245.
1221.
1199.
1175.
1152.
1127.
1106.
1082.
1061.
1038.
1018.
997.
976.
957.
939.
922.
905.
888.
873.
858.
843.
829.
814.
801.
788.
773.
763.
750.
736.
724.
711.
700.
688.
676.
663.
652.
639.
626.
612.
599.
587.
575.
562.
550.
537.
525.
511.
497.
486.
474.
463.
449.
436.
424.
413.
399.
388.
376.
361.
346.
326.
304.
279.
252.
222.
196.
167.
139.
112.
87.
64.
44.
26.
10.
-4.
-16.
-26.
-36.
-47.
-56.
-63.
-71.
-77.
-83.
-88.
-92.
-96.
-100.
-104.
-105.
-104.
-107.
-109.
-108.
-107.
-105.
-103.
-102.
-99.
-95.
-91.
-85.
-81.
-76.
-70.
-62.
-56.
-49.
-41.
-34.
-25.
-17.
-7.
3.
15.
26.
36.
49.
63.
74.
87.
100.
115.
129.
144.
160.
175.
189.
208.
224.
242.
260.
278.
298.
318.
339.
358.
381.
402.
423.
446.
470.
491.
515.
541.
567.
595.
621.
649.
676.
704.
733.
760.
791.
820.
848.
877.
906.
935.
963.
992.
1022.
1049.
1075.
1100.
1127.
1151.
1176.
1200.
1223.
1244.
1263.
1284.
1300.
1319.
1333.
1349.
1363.
1375.
1387.
1397.
1406.
1416.
1422.
1430.
1435.
1440.
1442.
1444.
1445.
1445.
1444.
1442.
1439.
1435.
1429.
1424.
1416.
1407.
1397.
1389.
1378.
1365.
1353.
1339.
1325.
1309.
1293.
1276.
1260.
1241.
1221.
1202.
1182.
1163.
1140.
1119.
1095.
1074.
1051.
1027.
1004.
980.
958.
934.
910.
889.
866.
845.
826.
805.
785.
767.
749.
732.
715.
697.
681.
666.
652.
637.
623.
611.
598.
584.
573.
561.
549.
539.
528.
518.
508.
501.
492.
482.
475.
470.
460.
454.
448.
442.
438.
434.
428.
426.
424.
421.
420.
418.
417.
418.
420.
422.
424.
428.
430.
434.
438.
445.
451.
457.
462.
471.
477.
487.
497.
507.
517.
529.
541.
554.
566.
581.
595.
611.
627.
644.
662.
679.
696.
716.
735.
756.
776.
798.
819.
841.
863.
887.
908.
931.
954.
977.
998.
1022.
1045.
1066.
1087.
1107.
1128.
1146.
1164.
1185.
1202.
1218.
1236.
1251.
1265.
1280.
1294.
1308.
1321.
1333.
1347.
1360.
1371.
1382.
1392.
1403.
1413.
1424.
1432.
1444.
1452.
1461.
1470.
1479.
1486.
1494.
1502.
1510.
1518.
1524.
1533.
1538.
1546.
1551.
1559.
1564.
1571.
1577.
1582.
1588.
1593.
1597.
1601.
1606.
1611.
1614.
1616.
1622.
1624.
1626.
1626.
1628.
1627.
1627.
1627.
1627.
1624.
1620.
1617.
1613.
1608.
1602.
1596.
1587.
1579.
1570.
1560.
1549.
1538.
1528.
1515.
1503.
1490.
1475.
1458.
1444.
1429.
1412.
1394.
1375.
1357.
1337.
1319.
1299.
1280.
1259.
1238.
1217.
1195.
1175.
1155.
1132.
1110.
1090.
1071.
1051.
1032.
1013.
996.
977.
961.
944.
928.
913.
898.
883.
870.
855.
839.
826.
813.
798.
783.
770.
758.
746.
732.
719.
706.
693.
679.
665.
649.
634.
618.
601.
586.
569.
552.
537.
517.
500.
481.
463.
445.
425.
407.
390.
370.
352.
333.
313.
291.
268.
245.
219.
194.
169.
144.
118.
92.
64.
38.
11.
-14.
-40.
-65.
-92.
-117.
-142.
-168.
-192.
-216.
-240.
-262.
-284.
-307.
-329.
-349.
-370.
-391.
-412.
-430.
-449.
-467.
-485.
-505.
-521.
-540.
-558.
-571.
-586.
-602.
-616.
-629.
-641.
-651.
-661.
-672.
-679.
-686.
-693.
-700.
-706.
-709.
-714.
-717.
-720.
-722.
-725.
-726.
-728.
-728.
-726.
-725.
-725.
-723.
-720.
-717.
-712.
-711.
-704.
-699.
-694.
-686.
-678.
-671.
-661.
-653.
-642.
-631.
-619.
-608.
-595.
-581.
-567.
-554.
-537.
-521.
-506.
-489.
-471.
-451.
-433.
-413.
-390.
-370.
-346.
-322.
-297.
-272.
-246.
-219.
-191.
-162.
-132.
-101.
-69.
-35.
1.
35.
70.
105.
142.
180.
219.
257.
296.
336.
376.
418.
459.
500.
542.
582.
624.
667.
709.
748.
790.
830.
868.
906.
942.
979.
1016.
1049.
1084.
1116.
1150.
1178.
1207.
1234.
1260.
1284.
1309.
1329.
1349.
1367.
1384.
1400.
1411.
1422.
1431.
1439.
1443.
1448.
1451.
1452.
1452.
1447.
1441.
1435.
1427.
1418.
1408.
1397.
1383.
1369.
1355.
1339.
1322.
1302.
1283.
1262.
1239.
1215.
1186.
1159.
1130.
1103.
1076.
1050.
1025.
998.
969.
939.
911.
880.
852.
821.
790.
760.
729.
697.
667.
638.
608.
579.
551.
520.
492.
465.
436.
407.
379.
352.
324.
298.
273.
248.
221.
194.
171.
148.
125.
104.
85.
67.
50.
36.
26.
15.
5.
-5.
-13.
-21.
-28.
-37.
-43.
-49.
-54.
-58.
-60.
-65.
-68.
-71.
-73.
-76.
-76.
-77.
-78.
-78.
-75.
-74.
-72.
-69.
-63.
-60.
-55.
-49.
-43.
-35.
-27.
-18.
-9.
1.
11.
23.
36.
48.
61.
74.
90.
106.
124.
143.
162.
180.
200.
220.
242.
267.
289.
314.
339.
365.
393.
420.
449.
480.
509.
537.
571.
603.
633.
668.
703.
734.
767.
801.
836.
869.
902.
937.
969.
1003.
1035.
1066.
1097.
1127.
1158.
1189.
1219.
1247.
1275.
1302.
1328.
1355.
1381.
1406.
1430.
1454.
1476.
1500.
1522.
1545.
1567.
1589.
1610.
1630.
1651.
1673.
1693.
1713.
1734.
1754.
1772.
1790.
1810.
1829.
1848.
1864.
1881.
1899.
1917.
1932.
1947.
1963.
1979.
1994.
2009.
2022.
2033.
2044.
2054.
2064.
2073.
2080.
2089.
2096.
2101.
2107.
2110.
2114.
2117.
2119.
2120.
2120.
2122.
2122.
2120.
2120.
2117.
2116.
2113.
2109.
2105.
2100.
2095.
2090.
2084.
2078.
2068.
2061.
2051.
2042.
2030.
2020.
2009.
1997.
1985.
1971.
1957.
1940.
1926.
1910.
1893.
1877.
1860.
1842.
1824.
1804.
1784.
1765.
1744.
1723.
1702.
1681.
1659.
1634.
1611.
1589.
1566.
1540.
1518.
1493.
1469.
1445.
1421.
1399.
1377.
1354.
1332.
1310.
1288.
1266.
1246.
1225.
1204.
1185.
1165.
1145.
1126.
1108.
1089.
1070.
1052.
1033.
1016.
998.
981.
964.
949.
931.
913.
897.
880.
864.
849.
833.
820.
803.
789.
774.
761.
748.
731.
716.
701.
688.
673.
659.
644.
627.
609.
588.
565.
536.
508.
475.
439.
405.
369.
333.
297.
261.
224.
187.
153.
120.
87.
58.
29.
4.
-20.
-41.
-59.
-77.
-91.
-104.
-116.
-126.
-136.
-145.
-152.
-160.
-165.
-169.
-173.
-176.
-178.
-179.
-180.
-180.
-178.
-177.
-174.
-171.
-168.
-164.
-158.
-155.
-147.
-141.
-133.
-127.
-117.
-107.
-99.
-90.
-80.
-67.
-56.
-44.
-30.
-16.
-1.
13.
29.
44.
63.
81.
100.
118.
140.
162.
183.
205.
228.
255.
280.
306.
333.
363.
391.
422.
453.
484.
517.
549.
584.
618.
652.
687.
723.
758.
794.
831.
865.
901.
936.
973.
1006.
1041.
1076.
1110.
1143.
1175.
1206.
1239.
1269.
1299.
1328.
1356.
1386.
1412.
1440.
1465.
1490.
1515.
1538.
1560.
1581.
1602.
1621.
1640.
1658.
1675.
1691.
1705.
1720.
1733.
1745.
1756.
1767.
1778.
1787.
1795.
1802.
1808.
1814.
1819.
1823.
1827.
1832.
1834.
1837.
1838.
1839.
1839.
1838.
1837.
1836.
1833.
1830.
1825.
1820.
1815.
1809.
1803.
1797.
1787.
1778.
1768.
1759.
1748.
1738.
1725.
1713.
1699.
1683.
1668.
1654.
1637.
1621.
1602.
1585.
1565.
1544.
1525.
1504.
1482.
1461.
1439.
1415.
1391.
1367.
1344.
1319.
1295.
1270.
1244.
1221.
1196.
1172.
1148.
1125.
1102.
1078.
1056.
1036.
1015.
996.
976.
957.
938.
921.
902.
885.
868.
852.
835.
822.
807.
792.
778.
764.
750.
736.
723.
710.
697.
685.
672.
660.
648.
636.
625.
614.
603.
591.
581.
570.
560.
549.
539.
529.
519.
510.
499.
491.
482.
474.
466.
455.
446.
439.
431.
424.
419.
412.
406.
400.
394.
392.
387.
384.
381.
380.
379.
379.
378.
378.
377.
379.
384.
385.
388.
392.
398.
402.
409.
417.
424.
432.
442.
452.
462.
473.
485.
500.
513.
527.
542.
558.
576.
594.
611.
632.
651.
673.
695.
719.
743.
767.
793.
819.
844.
868.
896.
923.
952.
979.
1004.
1033.
1060.
1089.
1116.
1143.
1168.
1193.
1219.
1246.
1271.
1293.
1316.
1339.
1363.
1385.
1408.
1428.
1449.
1470.
1490.
1511.
1531.
1551.
1569.
1590.
1609.
1629.
1647.
1666.
1685.
1703.
1721.
1739.
1756.
1772.
1788.
1804.
1818.
1833.
1847.
1861.
1873.
1887.
1899.
1909.
1920.
1931.
1941.
1950.
1960.
1968.
1976.
1982.
1989.
1996.
2003.
2008.
2012.
2017.
2022.
2025.
2027.
2030.
2031.
2032.
2034.
2035.
2036.
2035.
2035.
2030.
2028.
2028.
2024.
2020.
2017.
2010.
2005.
2000.
1993.
1987.
1978.
1970.
1960.
1950.
1941.
1928.
1917.
1906.
1894.
1880.
1866.
1851.
1836.
1821.
1805.
1788.
1771.
1754.
1736.
1717.
1698.
1679.
1659.
1637.
1616.
1595.
1574.
1554.
1529.
1507.
1487.
1464.
1443.
1419.
1398.
1375.
1353.
1333.
1312.
1291.
1271.
1251.
1232.
1214.
1195.
1176.
1159.
1142.
1126.
1110.
1093.
1077.
1062.
1047.
1029.
1015.
1000.
985.
970.
956.
939.
924.
909.
896.
881.
867.
852.
836.
821.
807.
793.
780.
767.
753.
742.
729.
715.
703.
692.
678.
666.
653.
640.
629.
616.
605.
590.
579.
567.
554.
541.
529.
516.
503.
489.
477.
462.
447.
432.
416.
399.
382.
363.
343.
323.
305.
286.
268.
248.
233.
217.
202.
187.
173.
161.
149.
136.
126.
115.
105.
96.
86.
77.
71.
65.
58.
53.
47.
43.
40.
35.
32.
31.
29.
27.
27.
28.
31.
30.
31.
36.
39.
41.
45.
48.
53.
58.
64.
72.
79.
85.
93.
102.
112.
121.
129.
141.
152.
162.
175.
187.
200.
214.
228.
243.
258.
274.
292.
308.
327.
344.
364.
383.
403.
424.
446.
469.
491.
516.
541.
566.
591.
619.
646.
675.
704.
734.
764.
792.
824.
854.
884.
916.
947.
977.
1008.
1039.
1068.
1100.
1127.
1156.
1185.
1213.
1243.
1268.
1296.
1321.
1346.
1371.
1396.
1418.
1440.
1463.
1480.
1499.
1517.
1534.
1552.
1568.
1583.
1598.
1612.
1625.
1638.
1648.
1660.
1670.
1680.
1687.
1697.
1705.
1711.
1715.
1723.
1727.
1731.
1736.
1740.
1740.
1741.
1741.
1742.
1740.
1738.
1735.
1730.
1726.
1722.
1713.
1705.
1696.
1686.
1676.
1663.
1650.
1638.
1623.
1609.
1591.
1574.
1556.
1533.
1507.
1491.
1476.
1455.
1434.
1410.
1387.
1364.
1340.
1316.
1292.
1269.
1245.
1220.
1196.
1172.
1149.
1126.
1102.
1080.
1058.
1037.
1017.
996.
974.
954.
933.
913.
900.
870.
842.
831.
820.
800.
782.
764.
746.
729.
712.
696.
680.
664.
650.
634.
618.
604.
588.
574.
558.
543.
529.
515.
501.
486.
470.
457.
441.
428.
416.
402.
388.
376.
362.
350.
337.
326.
314.
305.
295.
286.
277.
268.
262.
256.
251.
246.
241.
237.
234.
228.
219.
206.
194.
178.
161.
146.
132.
117.
104.
96.
91.
88.
89.
91.
93.
98.
103.
108.
115.
124.
130.
140.
149.
159.
169.
180.
189.
202.
214.
225.
237.
250.
264.
278.
291.
308.
324.
340.
356.
372.
388.
406.
424.
443.
462.
481.
501.
520.
543.
562.
583.
606.
628.
651.
673.
696.
721.
747.
771.
796.
823.
848.
874.
900.
926.
952.
978.
1004.
1030.
1056.
1084.
1108.
1134.
1158.
1182.
1205.
1229.
1252.
1275.
1294.
1315.
1335.
1354.
1373.
1391.
1407.
1422.
1437.
1450.
1462.
1474.
1485.
1494.
1505.
1511.
1522.
1527.
1531.
1538.
1543.
1548.
1550.
1551.
1551.
1554.
1552.
1551.
1549.
1546.
1542.
1538.
1533.
1528.
1522.
1515.
1508.
1498.
1490.
1479.
1469.
1458.
1446.
1434.
1421.
1408.
1393.
1379.
1363.
1349.
1332.
1315.
1298.
1279.
1261.
1243.
1224.
1206.
1184.
1163.
1144.
1125.
1105.
1083.
1063.
1041.
1021.
1002.
983.
963.
943.
924.
906.
887.
869.
853.
836.
822.
806.
791.
776.
763.
749.
735.
722.
709.
696.
682.
670.
656.
644.
633.
620.
608.
595.
582.
571.
558.
545.
535.
524.
513.
501.
488.
476.
467.
456.
443.
432.
423.
412.
401.
391.
383.
372.
362.
355.
346.
338.
329.
322.
315.
305.
298.
291.
284.
276.
266.
254.
238.
220.
197.
175.
152.
125.
102.
81.
58.
41.
25.
13.
2.
-8.
-17.
-25.
-31.
-40.
-47.
-53.
-59.
-64.
-68.
-73.
-75.
-80.
-82.
-85.
-87.
-87.
-87.
-87.
-88.
-87.
-85.
-82.
-80.
-77.
-73.
-69.
-65.
-60.
-55.
-50.
-42.
-34.
-28.
-19.
-14.
-4.
5.
15.
23.
34.
46.
56.
67.
80.
92.
105.
118.
132.
146.
160.
175.
190.
204.
221.
237.
254.
270.
286.
304.
320.
339.
358.
376.
395.
415.
436.
456.
478.
498.
521.
545.
568.
590.
614.
639.
663.
687.
713.
738.
765.
789.
813.
839.
867.
892.
917.
944.
969.
993.
1017.
1042.
1067.
1088.
1111.
1133.
1155.
1174.
1196.
1214.
1232.
1251.
1267.
1284.
1299.
1315.
1328.
1339.
1351.
1364.
1373.
1383.
1390.
1398.
1404.
1411.
1416.
1419.
1425.
1428.
1430.
1429.
1431.
1430.
1429.
1428.
1423.
1422.
1418.
1413.
1408.
1404.
1397.
1391.
1384.
1375.
1364.
1356.
1346.
1336.
1325.
1313.
1298.
1287.
1274.
1258.
1245.
1230.
1214.
1198.
1180.
1162.
1146.
1127.
1111.
1092.
1071.
1052.
1032.
1012.
991.
970.
950.
928.
907.
886.
865.
846.
825.
802.
784.
765.
747.
727.
712.
693.
676.
659.
641.
625.
609.
594.
578.
565.
550.
536.
524.
509.
495.
483.
469.
457.
445.
433.
423.
411.
400.
390.
379.
369.
359.
350.
341.
334.
326.
316.
309.
299.
291.
284.
276.
267.
261.
254.
247.
238.
231.
226.
219.
212.
204.
198.
189.
183.
176.
167.
162.
155.
148.
141.
131.
119.
104.
84.
64.
39.
15.
-10.
-37.
-61.
-86.
-112.
-133.
-152.
-170.
-184.
-199.
-209.
-220.
-229.
-238.
-248.
-270.
-269.
-285.
-285.
-281.
-287.
-291.
-295.
-298.
-301.
-303.
-304.
-306.
-306.
-304.
-303.
-303.
-301.
-298.
-294.
-292.
-286.
-283.
-277.
-270.
-265.
-258.
-252.
-242.
-233.
-226.
-214.
-203.
-193.
-181.
-170.
-158.
-146.
-134.
-120.
-105.
-90.
-75.
-59.
-45.
-28.
-9.
8.
27.
46.
67.
86.
107.
127.
151.
173.
196.
218.
242.
267.
291.
317.
342.
367.
393.
418.
441.
469.
493.
518.
543.
568.
593.
619.
644.
670.
697.
722.
748.
776.
802.
829.
856.
879.
906.
927.
950.
973.
991.
1009.
1028.
1044.
1060.
1078.
1095.
1112.
1130.
1148.
1165.
1184.
1203.
1226.
1239.
1256.
1271.
1286.
1302.
1317.
1330.
1342.
1351.
1360.
1370.
1377.
1384.
1391.
1395.
1397.
1401.
1404.
1403.
1405.
1404.
1402.
1401.
1399.
1394.
1390.
1387.
1380.
1373.
1366.
1357.
1349.
1341.
1331.
1319.
1307.
1294.
1281.
1267.
1252.
1237.
1221.
1205.
1188.
1170.
1153.
1132.
1112.
1093.
1073.
1052.
1031.
1010.
986.
964.
940.
919.
895.
870.
848.
824.
802.
781.
758.
735.
715.
693.
674.
654.
637.
620.
603.
586.
571.
557.
544.
530.
517.
504.
492.
483.
472.
460.
450.
441.
433.
424.
415.
407.
401.
391.
384.
377.
370.
363.
357.
350.
344.
338.
333.
328.
323.
318.
314.
310.
306.
303.
299.
296.
291.
285.
277.
267.
254.
240.
223.
208.
193.
180.
166.
154.
148.
145.
144.
147.
148.
150.
154.
158.
164.
168.
174.
180.
186.
194.
200.
208.
215.
224.
233.
243.
252.
263.
272.
282.
294.
306.
319.
334.
347.
362.
378.
393.
408.
424.
440.
459.
476.
496.
516.
535.
555.
577.
599.
620.
640.
663.
686.
708.
730.
753.
775.
797.
819.
843.
862.
884.
904.
925.
944.
962.
981.
1001.
1020.
1037.
1054.
1070.
1088.
1104.
1118.
1135.
1150.
1163.
1176.
1190.
1202.
1214.
1226.
1236.
1247.
1257.
1267.
1275.
1285.
1292.
1301.
1308.
1316.
1323.
1326.
1333.
1336.
1340.
1345.
1349.
1351.
1352.
1354.
1355.
1355.
1355.
1354.
1353.
1351.
1347.
1346.
1343.
1338.
1334.
1328.
1324.
1317.
1309.
1305.
1297.
1288.
1279.
1270.
1260.
1250.
1239.
1225.
1214.
1201.
1189.
1175.
1162.
1146.
1133.
1118.
1101.
1085.
1068.
1052.
1033.
1015.
997.
978.
959.
939.
921.
901.
881.
862.
842.
823.
803.
785.
767.
748.
730.
711.
696.
679.
663.
647.
633.
618.
604.
589.
577.
561.
550.
538.
526.
511.
501.
489.
478.
466.
454.
443.
434.
422.
412.
402.
393.
382.
373.
364.
354.
346.
337.
327.
319.
310.
301.
293.
284.
278.
269.
262.
253.
245.
238.
229.
222.
215.
209.
201.
195.
190.
180.
176.
170.
166.
160.
156.
150.
147.
145.
140.
135.
131.
127.
124.
119.
113.
102.