532.
532.
534.
532.
533.
535.
534.
534.
535.
536.
537.
537.
537.
539.
540.
539.
541.
541.
543.
545.
546.
547.
549.
552.
552.
554.
557.
557.
561.
562.
564.
567.
568.
571.
574.
576.
579.
582.
585.
587.
588.
592.
596.
599.
601.
604.
609.
612.
615.
618.
624.
627.
629.
633.
638.
641.
645.
649.
654.
657.
660.
664.
669.
672.
675.
680.
685.
686.
689.
695.
698.
701.
703.
707.
712.
714.
717.
720.
725.
727.
729.
732.
736.
738.
741.
743.
745.
747.
749.
750.
752.
755.
758.
760.
760.
760.
761.
764.
765.
766.
767.
767.
767.
769.
770.
768.
768.
768.
768.
770.
770.
770.
770.
769.
770.
769.
769.
768.
766.
764.
767.
766.
766.
765.
763.
764.
765.
762.
761.
761.
760.
758.
757.
756.
756.
754.
753.
752.
750.
749.
748.
747.
746.
744.
742.
742.
740.
739.
738.
734.
733.
733.
733.
729.
727.
726.
724.
723.
722.
718.
718.
716.
715.
707.
695.
704.
708.
706.
704.
701.
699.
696.
695.
691.
689.
687.
684.
682.
680.
677.
675.
673.
668.
667.
664.
662.
658.
654.
652.
650.
645.
643.
639.
637.
634.
629.
626.
622.
619.
615.
611.
608.
604.
599.
596.
592.
588.
584.
580.
575.
572.
568.
566.
565.
567.
570.
575.
581.
588.
591.
598.
603.
608.
611.
616.
618.
620.
622.
623.
623.
622.
621.
622.
621.
620.
618.
618.
617.
618.
616.
616.
616.
618.
617.
616.
619.
618.
617.
615.
617.
617.
618.
617.
620.
621.
619.
620.
621.
622.
621.
623.
623.
625.
626.
626.
627.
628.
630.
631.
633.
636.
636.
638.
641.
643.
643.
646.
647.
648.
651.
655.
656.
661.
663.
666.
667.
672.
674.
676.
679.
685.
686.
691.
693.
698.
701.
705.
708.
713.
716.
720.
724.
730.
734.
739.
743.
748.
751.
754.
757.
764.
768.
772.
776.
782.
786.
790.
793.
798.
803.
807.
813.
816.
820.
823.
828.
832.
836.
839.
842.
846.
851.
853.
857.
859.
862.
865.
867.
868.
872.
875.
877.
878.
881.
881.
883.
885.
886.
887.
889.
891.
891.
892.
893.
892.
893.
894.
895.
895.
895.
897.
897.
896.
897.
897.
896.
896.
897.
899.
898.
899.
898.
899.
899.
899.
897.
898.
897.
896.
898.
899.
898.
898.
896.
897.
896.
896.
895.
898.
898.
898.
897.
897.
896.
898.
899.
898.
900.
901.
898.
899.
899.
900.
902.
902.
902.
902.
903.
904.
904.
903.
904.
903.
905.
907.
906.
907.
908.
909.
909.
912.
915.
916.
918.
918.
921.
923.
926.
926.
928.
930.
932.
935.
939.
941.
944.
946.
949.
951.
954.
958.
961.
965.
970.
975.
977.
982.
988.
992.
998.
1003.
1008.
1013.
1019.
1025.
1032.
1038.
1044.
1050.
1060.
1067.
1075.
1082.
1091.
1099.
1109.
1117.
1126.
1135.
1147.
1156.
1165.
1175.
1186.
1198.
1208.
1219.
1230.
1241.
1254.
1265.
1276.
1289.
1299.
1311.
1322.
1334.
1344.
1356.
1367.
1379.
1389.
1400.
1409.
1418.
1426.
1437.
1445.
1453.
1461.
1470.
1477.
1486.
1490.
1498.
1504.
1510.
1514.
1518.
1523.
1530.
1533.
1536.
1539.
1543.
1547.
1547.
1551.
1554.
1556.
1558.
1559.
1559.
1562.
1561.
1563.
1563.
1563.
1564.
1565.
1564.
1564.
1564.
1564.
1563.
1562.
1561.
1560.
1561.
1558.
1557.
1555.
1554.
1551.
1551.
1549.
1548.
1545.
1545.
1542.
1540.
1536.
1536.
1535.
1532.
1528.
1528.
1526.
1530.
1536.
1543.
1551.
1562.
1574.
1588.
1600.
1613.
1628.
1642.
1657.
1673.
1688.
1703.
1718.
1735.
1752.
1768.
1780.
1792.
1802.
1810.
1818.
1824.
1830.
1835.
1838.
1843.
1847.
1850.
1853.
1856.
1857.
1861.
1863.
1864.
1864.
1867.
1868.
1869.
1868.
1868.
1869.
1870.
1868.
1867.
1866.
1864.
1863.
1862.
1859.
1857.
1855.
1851.
1849.
1844.
1840.
1837.
1831.
1828.
1823.
1816.
1811.
1804.
1798.
1791.
1785.
1778.
1771.
1765.
1756.
1747.
1740.
1732.
1723.
1714.
1705.
1698.
1687.
1676.
1665.
1656.
1646.
1635.
1623.
1611.
1601.
1588.
1577.
1565.
1554.
1541.
1529.
1517.
1504.
1491.
1479.
1466.
1453.
1440.
1427.
1414.
1403.
1389.
1377.
1364.
1351.
1340.
1328.
1317.
1304.
1294.
1282.
1271.
1260.
1248.
1237.
1227.
1219.
1209.
1198.
1189.
1181.
1171.
1162.
1153.
1145.
1135.
1128.
1120.
1111.
1103.
1095.
1089.
1080.
1072.
1065.
1058.
1050.
1045.
1038.
1030.
1024.
1017.
1010.
1005.
997.
990.
984.
979.
973.
967.
960.
956.
950.
945.
940.
935.
929.
924.
919.
914.
910.
905.
900.
895.
892.
887.
882.
879.
874.
869.
863.
857.
849.
835.
819.
801.
781.
761.
742.
722.
700.
678.
659.
639.
626.
611.
599.
589.
578.
567.
559.
548.
538.
529.
519.
509.
500.
491.
483.
472.
463.
454.
445.
434.
427.
418.
410.
402.
394.
386.
378.
371.
363.
355.
348.
341.
334.
328.
322.
315.
309.
305.
298.
292.
286.
281.
274.
269.
266.
262.
255.
250.
246.
243.
239.
234.
228.
222.
213.
201.
189.
171.
154.
137.
119.
104.
 89.
 75.
 64.
 52.
 44.
 34.
 25.
 18.
 10.
  1.
 -8.
-15.
-25.
-33.
-43.
-51.
-61.
-70.
-79.
-88.
-98.
-106.
-116.
-126.
-134.
-144.
-154.
-164.
-175.
-185.
-193.
-204.
-214.
-224.
-233.
-245.
-254.
-264.
-273.
-285.
-294.
-305.
-315.
-326.
-335.
-344.
-355.
-365.
-374.
-383.
-392.
-403.
-413.
-422.
-429.
-438.
-447.
-453.
-461.
-469.
-477.
-483.
-491.
-498.
-504.
-512.
-518.
-526.
-532.
-537.
-543.
-549.
-555.
-561.
-566.
-570.
-574.
-579.
-586.
-590.
-595.
-599.
-603.
-608.
-612.
-616.
-620.
-623.
-628.
-631.
-634.
-639.
-641.
-644.
-647.
-650.
-652.
-654.
-657.
-660.
-662.
-663.
-663.
-664.
-668.
-669.
-671.
-672.
-671.
-672.
-673.
-675.
-678.
-677.
-677.
-678.
-679.
-679.
-680.
-681.
-682.
-683.
-683.
-685.
-687.
-689.
-690.
-691.
-693.
-697.
-698.
-700.
-702.
-704.
-706.
-708.
-709.
-711.
-712.
-712.
-715.
-717.
-720.
-723.
-727.
-731.
-736.
-743.
-748.
-755.
-761.
-764.
-770.
-774.
-776.
-779.
-781.
-784.
-786.
-788.
-791.
-792.
-794.
-796.
-798.
-801.
-801.
-802.
-804.
-804.
-803.
-800.
-800.
-799.
-798.
-796.
-794.
-793.
-789.
-787.
-785.
-783.
-781.
-779.
-775.
-773.
-769.
-766.
-763.
-760.
-758.
-754.
-753.
-749.
-747.
-744.
-742.
-740.
-736.
-734.
-732.
-729.
-726.
-723.
-719.
-715.
-713.
-710.
-707.
-703.
-700.
-695.
-691.
-689.
-683.
-679.
-674.
-671.
-666.
-661.
-656.
-652.
-646.
-640.
-635.
-627.
-622.
-616.
-610.
-604.
-596.
-590.
-581.
-574.
-567.
-558.
-551.
-543.
-536.
-528.
-518.
-509.
-502.
-493.
-484.
-473.
-464.
-453.
-443.
-433.
-423.
-412.
-401.
-388.
-376.
-365.
-352.
-340.
-328.
-316.
-302.
-288.
-275.
-259.
-246.
-230.
-215.
-201.
-185.
-169.
-153.
-136.
-119.
-102.
-84.
-65.
-46.
-27.
 -8.
 13.
 34.
 54.
 75.
 96.
116.
138.
159.
182.
205.
227.
251.
273.
296.
320.
344.
368.
391.
414.
438.
466.
490.
514.
541.
563.
590.
615.
637.
661.
686.
710.
734.
758.
780.
804.
826.
848.
871.
893.
914.
932.
953.
972.
990.
1009.
1028.
1045.
1060.
1076.
1095.
1110.
1123.
1139.
1152.
1165.
1180.
1190.
1203.
1214.
1225.
1237.
1247.
1256.
1266.
1276.
1284.
1294.
1301.
1310.
1316.
1325.
1331.
1339.
1345.
1352.
1359.
1365.
1370.
1377.
1380.
1388.
1392.
1398.
1402.
1407.
1411.
1417.
1419.
1422.
1427.
1430.
1434.
1437.
1443.
1446.
1447.
1452.
1456.
1459.
1461.
1464.
1466.
1469.
1473.
1474.
1476.
1480.
1482.
1485.
1488.
1491.
1492.
1494.
1495.
1497.
1499.
1503.
1503.
1506.
1506.
1509.
1509.
1511.
1512.
1514.
1515.
1517.
1518.
1519.
1519.
1519.
1522.
1523.
1523.
1524.
1525.
1527.
1529.
1529.
1532.
1535.
1540.
1549.
1561.
1574.
1591.
1611.
1631.
1653.
1674.
1697.
1720.
1744.
1767.
1791.
1812.
1836.
1856.
1879.
1899.
1919.
1936.
1953.
1968.
1982.
1995.
2005.
2016.
2026.
2034.
2042.
2049.
2056.
2061.
2067.
2074.
2078.
2082.
2085.
2089.
2091.
2094.
2094.
2097.
2099.
2098.
2098.
2098.
2099.
2098.
2096.
2094.
2093.
2089.
2088.
2084.
2081.
2076.
2074.
2071.
2065.
2061.
2057.
2051.
2046.
2043.
2037.
2031.
2028.
2022.
2016.
2009.
2005.
1997.
1993.
1985.
1979.
1973.
1967.
1958.
1953.
1946.
1939.
1932.
1925.
1917.
1911.
1903.
1895.
1886.
1879.
1870.
1862.
1852.
1845.
1837.
1828.
1817.
1808.
1800.
1790.
1779.
1771.
1763.
1756.
1754.
1754.
1756.
1758.
1761.
1763.
1766.
1769.
1773.
1776.
1780.
1784.
1785.
1786.
1785.
1783.
1782.
1780.
1777.
1778.
1775.
1776.
1778.
1777.
1777.
1779.
1778.
1778.
1776.
1775.
1773.
1771.
1769.
1766.
1764.
1761.
1755.
1753.
1751.
1749.
1743.
1739.
1732.
1726.
1720.
1714.
1708.
1701.
1694.
1685.
1681.
1673.
1664.
1657.
1650.
1643.
1635.
1627.
1619.
1611.
1602.
1593.
1584.
1576.
1567.
1557.
1547.
1539.
1528.
1519.
1509.
1499.
1490.
1480.
1470.
1460.
1449.
1439.
1429.
1419.
1409.
1399.
1390.
1380.
1368.
1358.
1349.
1340.
1331.
1321.
1311.
1301.
1292.
1282.
1273.
1264.
1255.
1246.
1238.
1227.
1219.
1209.
1201.
1192.
1183.
1174.
1167.
1159.
1149.
1141.
1134.
1127.
1117.
1110.
1102.
1096.
1086.
1075.
1062.
1045.
1026.
1002.
978.
953.
929.
902.
877.
852.
828.
808.
789.
773.
759.
745.
734.
720.
709.
698.
686.
675.
664.
653.
644.
633.
623.
611.
600.
589.
585.
569.
559.
550.
541.
532.
522.
514.
504.
497.
488.
481.
474.
465.
460.
454.
447.
440.
434.
427.
419.
414.
408.
404.
398.
392.
386.
382.
377.
371.
367.
362.
356.
350.
342.
331.
315.
299.
281.
260.
238.
214.
193.
172.
149.
128.
109.
 92.
 75.
 60.
 47.
 34.
 21.
  9.
 -4.
-18.
-32.
-44.
-58.
-71.
-85.
-99.
-112.
-124.
-138.
-152.
-164.
-177.
-191.
-205.
-217.
-230.
-243.
-255.
-267.
-278.
-290.
-302.
-312.
-323.
-332.
-343.
-352.
-361.
-371.
-379.
-386.
-394.
-401.
-409.
-414.
-418.
-425.
-432.
-437.
-442.
-446.
-451.
-455.
-457.
-461.
-463.
-466.
-468.
-474.
-474.
-476.
-476.
-478.
-480.
-482.
-482.
-483.
-484.
-482.
-485.
-484.
-484.
-483.
-483.
-482.
-481.
-480.
-480.
-480.
-478.
-477.
-475.
-473.
-469.
-467.
-465.
-462.
-460.
-456.
-453.
-451.
-446.
-442.
-439.
-433.
-431.
-428.
-428.
-431.
-438.
-445.
-454.
-461.
-469.
-476.
-484.
-491.
-498.
-502.
-505.
-508.
-509.
-510.
-510.
-511.
-512.
-511.
-512.
-512.
-512.
-511.
-508.
-509.
-508.
-506.
-504.
-504.
-502.
-500.
-496.
-495.
-493.
-492.
-492.
-492.
-491.
-490.
-489.
-489.
-487.
-485.
-481.
-478.
-474.
-469.
-463.
-459.
-457.
-453.
-449.
-446.
-443.
-441.
-439.
-437.
-434.
-432.
-426.
-422.
-415.
-411.
-404.
-397.
-390.
-383.
-375.
-367.
-360.
-354.
-345.
-340.
-333.
-326.
-319.
-312.
-303.
-295.
-287.
-280.
-271.
-263.
-255.
-246.
-237.
-228.
-218.
-210.
-202.
-191.
-181.
-171.
-161.
-150.
-139.
-128.
-117.
-105.
-95.
-84.
-72.
-58.
-46.
-33.
-21.
 -6.
  9.
 21.
 34.
 50.
 66.
 79.
 95.
110.
127.
142.
159.
178.
195.
212.
232.
249.
269.
287.
307.
327.
347.
367.
389.
411.
435.
457.
478.
502.
526.
547.
572.
596.
620.
644.
670.
694.
718.
745.
771.
796.
821.
848.
872.
896.
923.
946.
971.
994.
1019.
1041.
1065.
1088.
1111.
1131.
1153.
1174.
1195.
1215.
1234.
1253.
1269.
1288.
1305.
1321.
1335.
1350.
1365.
1378.
1392.
1404.
1415.
1427.
1437.
1448.
1456.
1466.
1475.
1484.
1492.
1500.
1507.
1513.
1520.
1525.
1530.
1535.
1539.
1544.
1549.
1554.
1558.
1560.
1565.
1568.
1571.
1573.
1578.
1579.
1582.
1585.
1588.
1588.
1588.
1589.
1592.
1592.
1596.
1596.
1598.
1597.
1599.
1601.
1601.
1602.
1602.
1603.
1604.
1606.
1605.
1604.
1606.
1606.
1607.
1606.
1608.
1606.
1606.
1604.
1606.
1606.
1606.
1607.
1607.
1606.
1607.
1606.
1608.
1607.
1606.
1607.
1607.
1605.
1605.
1605.
1606.
1606.
1604.
1605.
1605.
1604.
1604.
1605.
1603.
1603.
1603.
1602.
1601.
1600.
1602.
1601.
1600.
1599.
1599.
1600.
1599.
1597.
1597.
1598.
1599.
1603.
1611.
1620.
1632.
1646.
1662.
1679.
1699.
1718.
1738.
1756.
1777.
1797.
1817.
1837.
1856.
1874.
1890.
1907.
1921.
1936.
1949.
1961.
1971.
1983.
1990.
1998.
2003.
2009.
2014.
2019.
2022.
2027.
2031.
2034.
2038.
2040.
2043.
2044.
2046.
2045.
2048.
2049.
2047.
2047.
2048.
2045.
2045.
2042.
2041.
2038.
2036.
2034.
2031.
2028.
2025.
2021.
2018.
2014.
2010.
2007.
2002.
1996.
1990.
1986.
1981.
1975.
1970.
1963.
1958.
1952.
1946.
1938.
1932.
1925.
1918.
1912.
1906.
1897.
1893.
1884.
1876.
1868.
1862.
1853.
1846.
1839.
1830.
1823.
1815.
1806.
1798.
1790.
1781.
1773.
1764.
1754.
1746.
1737.
1727.
1718.
1708.
1699.
1690.
1680.
1670.
1658.
1648.
1637.
1626.
1615.
1604.
1592.
1581.
1574.
1568.
1567.
1567.
1569.
1570.
1575.
1579.
1585.
1588.
1595.
1598.
1602.
1603.
1603.
1606.
1604.
1605.
1604.
1604.
1605.
1603.
1601.
1601.
1599.
1598.
1596.
1596.
1596.
1595.
1595.
1593.
1592.
1589.
1586.
1584.
1582.
1580.
1578.
1573.
1568.
1563.
1556.
1548.
1542.
1536.
1529.
1521.
1513.
1503.
1495.
1486.
1477.
1469.
1462.
1452.
1443.
1434.
1424.
1417.
1407.
1397.
1388.
1377.
1368.
1357.
1348.
1338.
1327.
1316.
1306.
1296.
1285.
1277.
1266.
1255.
1245.
1235.
1225.
1215.
1204.
1194.
1184.
1173.
1164.
1154.
1144.
1135.
1124.
1115.
1106.
1096.
1088.
1077.
1066.
1058.
1049.
1039.
1029.
1020.
1010.
1001.
991.
981.
972.
963.
954.
944.
935.
927.
918.
910.
900.
891.
882.
875.
867.
859.
848.
840.
832.
822.
808.
794.
775.
752.
726.
701.
674.
644.
613.
585.
556.
527.
497.
467.
439.
410.
385.
362.
341.
322.
303.
286.
270.
254.
237.
222.
208.
192.
179.
164.
152.
138.
124.
111.
100.
 87.
 75.
 64.
 53.
 43.
 30.
 20.
  9.
  1.
-10.
-20.
-29.
-37.
-45.
-54.
-62.
-70.
-78.
-85.
-91.
-98.
-106.
-112.
-119.
-125.
-131.
-137.
-141.
-148.
-153.
-157.
-161.
-167.
-171.
-175.
-180.
-183.
-187.
-193.
-195.
-200.
-203.
-208.
-212.
-215.
-218.
-223.
-228.
-234.
-245.
-261.
-276.
-294.
-313.
-330.
-348.
-368.
-388.
-408.
-427.
-447.
-466.
-484.
-500.
-516.
-530.
-542.
-553.
-563.
-575.
-584.
-594.
-603.
-613.
-622.
-631.
-638.
-646.
-658.
-665.
-673.
-681.
-688.
-696.
-703.
-711.
-718.
-724.
-731.
-738.
-744.
-752.
-758.
-765.
-770.
-775.
-779.
-787.
-792.
-798.
-801.
-807.
-812.
-815.
-819.
-822.
-826.
-830.
-835.
-837.
-841.
-844.
-846.
-848.
-852.
-853.
-857.
-858.
-859.
-861.
-862.
-864.
-864.
-864.
-866.
-866.
-865.
-866.
-866.
-866.
-868.
-867.
-866.
-864.
-863.
-861.
-861.
-860.
-857.
-855.
-854.
-853.
-849.
-848.
-844.
-843.
-839.
-836.
-832.
-829.
-826.
-822.
-819.
-813.
-809.
-803.
-799.
-796.
-790.
-783.
-778.
-772.
-765.
-760.
-753.
-745.
-737.
-730.
-721.
-714.
-706.
-696.
-686.
-676.
-666.
-656.
-646.
-633.
-622.
-610.
-599.
-589.
-577.
-567.
-561.
-556.
-554.
-553.
-556.
-559.
-558.
-558.
-557.
-555.
-551.
-548.
-545.
-541.
-539.
-533.
-528.
-520.
-514.
-509.
-505.
-500.
-495.
-486.
-479.
-469.
-460.
-451.
-444.
-436.
-427.
-418.
-409.
-400.
-392.
-382.
-371.
-359.
-347.
-336.
-325.
-315.
-303.
-291.
-279.
-269.
-257.
-243.
-229.
-213.
-198.
-184.
-168.
-150.
-132.
-114.
-96.
-75.
-55.
-35.
-14.
  7.
 27.
 49.
 67.
 86.
106.
124.
141.
161.
179.
199.
216.
233.
252.
270.
288.
304.
322.
340.
359.
375.
392.
410.
428.
445.
461.
479.
496.
512.
529.
546.
562.
578.
593.
610.
625.
641.
656.
671.
686.
702.
717.
730.
743.
757.
771.
784.
798.
808.
822.
834.
847.
858.
869.
882.
893.
903.
914.
924.
934.
944.
953.
962.
971.
981.
990.
999.
1008.
1016.
1024.
1032.
1040.
1045.
1054.
1062.
1069.
1076.
1082.
1091.
1096.
1105.
1109.
1115.
1122.
1128.
1134.
1139.
1146.
1150.
1156.
1160.
1167.
1172.
1178.
1182.
1187.
1192.
1196.
1201.
1206.
1209.
1214.
1219.
1224.
1225.
1231.
1235.
1240.
1242.
1248.
1251.
1256.
1259.
1263.
1267.
1269.
1273.
1275.
1281.
1284.
1287.
1291.
1293.
1297.
1299.
1303.
1305.
1309.
1312.
1315.
1317.
1321.
1324.
1327.
1329.
1332.
1333.
1336.
1338.
1342.
1341.
1343.
1346.
1347.
1349.
1351.
1352.
1355.
1358.
1358.
1358.
1361.
1363.
1363.
1363.
1366.
1367.
1366.
1368.
1369.
1369.
1370.
1371.
1372.
1372.
1372.
1372.
1373.
1372.
1373.
1373.
1373.
1371.
1372.
1372.
1373.
1372.
1373.
1379.
1388.
1397.
1409.
1423.
1437.
1453.
1471.
1488.
1509.
1528.
1548.
1567.
1588.
1609.
1631.
1650.
1670.
1686.
1703.
1715.
1727.
1737.
1748.
1756.
1762.
1772.
1778.
1786.
1791.
1798.
1804.
1808.
1813.
1819.
1824.
1829.
1832.
1837.
1839.
1843.
1845.
1847.
1851.
1852.
1852.
1854.
1854.
1856.
1855.
1855.
1855.
1853.
1853.
1851.
1852.
1849.
1847.
1846.
1842.
1840.
1837.
1835.
1832.
1828.
1826.
1821.
1817.
1814.
1810.
1806.
1801.
1797.
1792.
1787.
1783.
1777.
1773.
1767.
1762.
1757.
1751.
1745.
1738.
1733.
1729.
1722.
1714.
1709.
1701.
1694.
1686.
1680.
1671.
1663.
1655.
1646.
1637.
1627.
1617.
1607.
1597.
1586.
1574.
1562.
1551.
1537.
1524.
1510.
1498.
1485.
1469.
1455.
1441.
1429.
1415.
1403.
1391.
1381.
1376.
1371.
1367.
1366.
1367.
1366.
1365.
1366.
1364.
1364.
1363.
1362.
1361.
1358.
1356.
1355.
1357.
1355.
1355.
1352.
1351.
1350.
1349.
1347.
1345.
1343.
1338.
1333.
1328.
1323.
1319.
1311.
1305.
1298.
1291.
1285.
1278.
1270.
1262.
1252.
1244.
1231.
1220.
1211.
1198.
1187.
1174.
1161.
1148.
1135.
1120.
1106.
1090.
1074.
1058.
1042.
1025.
1010.
998.
982.
971.
959.
946.
932.
921.
907.
896.
883.
870.
858.
846.
834.
822.
810.
799.
786.
774.
763.
750.
738.
726.
713.
703.
691.
681.
667.
657.
644.
634.
622.
605.
589.
570.
547.
521.
495.
466.
433.
403.
371.
340.
305.
273.
240.
209.
177.
146.
116.
 86.
 59.
 33.
  9.
-13.
-33.
-53.
-72.
-89.
-105.
-121.
-136.
-151.
-166.
-179.
-194.
-207.
-221.
-233.
-246.
-256.
-269.
-279.
-291.
-301.
-312.
-321.
-331.
-339.
-348.
-355.
-363.
-370.
-379.
-386.
-392.
-399.
-405.
-411.
-417.
-421.
-429.
-431.
-437.
-441.
-447.
-449.
-454.
-457.
-460.
-464.
-467.
-469.
-472.
-476.
-481.
-490.
-502.
-513.
-530.
-543.
-559.
-574.
-589.
-602.
-615.
-626.
-640.
-647.
-656.
-661.
-669.
-677.
-681.
-688.
-696.
-702.
-708.
-718.
-725.
-731.
-737.
-745.
-752.
-759.
-767.
-772.
-780.
-785.
-793.
-800.
-807.
-814.
-820.
-826.
-834.
-841.
-848.
-854.
-859.
-866.
-872.
-878.
-885.
-891.
-896.
-903.
-909.
-915.
-919.
-925.
-931.
-937.
-942.
-946.
-951.
-957.
-960.
-965.
-969.
-974.
-978.
-981.
-984.
-987.
-990.
-994.
-997.
-1001.
-1003.
-1004.
-1007.
-1009.
-1011.
-1012.
-1014.
-1016.
-1017.
-1018.
-1019.
-1021.
-1022.
-1023.
-1024.
-1025.
-1026.
-1026.
-1025.
-1027.
-1028.
-1028.
-1030.
-1031.
-1031.
-1030.
-1032.
-1033.
-1032.
-1031.
-1032.
-1032.
-1030.
-1029.
-1028.
-1027.
-1026.
-1025.
-1023.
-1021.
-1017.
-1015.
-1013.
-1009.
-1005.
-1000.
-996.
-991.
-985.
-979.
-975.
-970.
-963.
-955.
-950.
-944.
-937.
-931.
-924.
-918.
-913.
-904.
-897.
-889.
-881.
-872.
-862.
-855.
-845.
-838.
-831.
-822.
-814.
-806.
-797.
-789.
-780.
-774.
-767.
-760.
-752.
-741.
-731.
-721.
-712.
-701.
-692.
-679.
-668.
-656.
-647.
-637.
-624.
-613.
-600.
-588.
-575.
-562.
-547.
-536.
-522.
-506.
-491.
-476.
-461.
-444.
-428.
-410.
-393.
-374.
-356.
-338.
-317.
-297.
-276.
-255.
-234.
-212.
-189.
-167.
-142.
-119.
-96.
-72.
-46.
-20.
  6.
 31.
 58.
 84.
108.
136.
163.
191.
216.
243.
270.
297.
323.
350.
375.
402.
427.
452.
477.
502.
526.
550.
573.
596.
617.
638.
658.
680.
699.
719.
738.
755.
774.
792.
809.
824.
841.
859.
874.
888.
903.
917.
929.
943.
956.
969.
982.
995.
1006.
1017.
1029.
1039.
1050.
1063.
1071.
1083.
1093.
1103.
1113.
1121.
1130.
1140.
1148.
1157.
1164.
1172.
1180.
1189.
1197.
1204.
1211.
1220.
1226.
1233.
1240.
1249.
1253.
1258.
1266.
1272.
1278.
1282.
1288.
1295.
1300.
1305.
1311.
1317.
1321.
1327.
1331.
1338.
1340.
1345.
1349.
1354.
1358.
1363.
1368.
1372.
1375.
1380.
1385.
1388.
1392.
1395.
1401.
1403.
1407.
1410.
1412.
1417.
1419.
1421.
1424.
1426.
1431.
1434.
1436.
1438.
1440.
1441.
1445.
1448.
1450.
1451.
1456.
1457.
1458.
1459.
1463.
1465.
1468.
1469.
1473.
1475.
1477.
1477.
1481.
1482.
1483.
1487.
1487.
1489.
1490.
1491.
1494.
1494.
1497.
1498.
1500.
1501.
1502.
1504.
1505.
1506.
1507.
1509.
1511.
1511.
1512.
1513.
1514.
1515.
1516.
1517.
1518.
1519.
1520.
1520.
1520.
1521.
1523.
1523.
1523.
1523.
1524.
1525.
1525.
1525.
1524.
1524.
1524.
1524.
1522.
1524.
1522.
1525.
1523.
1523.
1523.
1520.
1520.
1519.
1518.
1519.
1518.
1517.
1516.
1515.
1514.
1512.
1511.
1510.
1509.
1506.
1505.
1504.
1501.
1499.
1495.
1493.
1491.
1487.
1482.
1478.
1475.
1468.
1462.
1457.
1450.
1446.
1440.
1435.
1430.
1425.
1419.
1415.
1412.
1406.
1400.
1396.
1390.
1386.
1383.
1381.
1380.
1378.
1380.
1385.
1387.
1391.
1395.
1401.
1407.
1412.
1419.
1428.
1435.
1444.
1454.
1462.
1473.
1482.
1494.
1504.
1515.
1527.
1535.
1547.
1557.
1566.
1577.
1584.
1592.
1603.
1612.
1621.
1628.
1634.
1643.
1648.
1655.
1660.
1667.
1670.
1675.
1679.
1681.
1682.
1684.
1685.
1687.
1688.
1687.
1688.
1687.
1686.
1684.
1683.
1682.
1679.
1675.
1672.
1668.
1665.
1661.
1656.
1652.
1648.
1643.
1637.
1633.
1627.
1620.
1614.
1608.
1600.
1594.
1586.
1577.
1569.
1561.
1552.
1543.
1534.
1525.
1514.
1502.
1493.
1483.
1470.
1460.
1448.
1438.
1426.
1412.
1401.
1387.
1377.
1365.
1354.
1341.
1328.
1315.
1303.
1290.
1279.
1267.
1257.
1244.
1233.
1223.
1211.
1201.
1189.
1179.
1170.
1158.
1149.
1138.
1127.
1118.
1111.
1100.
1091.
1082.
1073.
1064.
1055.
1046.
1039.
1031.
1023.
1015.
1007.
1000.
991.
984.
977.
970.
964.
956.
950.
943.
937.
930.
924.
919.
914.
907.
900.
892.
883.
867.
849.
830.
806.
781.
756.
729.
704.
680.
654.
628.
604.
585.
566.
551.
537.
523.
513.
500.
487.
476.
465.
455.
444.
434.
422.
413.
403.
392.
381.
371.
362.
353.
344.
333.
326.
317.
310.
302.
293.
286.
279.
272.
265.
257.
252.
245.
237.
231.
225.
219.
212.
205.
198.
193.
187.
182.
178.
171.
166.
161.
157.
150.
145.
140.
135.
129.
125.
120.
116.
111.
106.
101.
 96.
 90.
 85.
 79.
 75.
 67.
 56.
 44.
 28.
  9.
-10.
-33.
-53.
-78.
-99.
-122.
-145.
-168.
-192.
-216.
-240.
-262.
-283.
-304.
-322.
-340.
-357.
-372.
-389.
-405.
-416.
-430.
-445.
-458.
-470.
-484.
-496.
-507.
-520.
-533.
-545.
-554.
-565.
-577.
-586.
-595.
-604.
-614.
-623.
-631.
-640.
-648.
-654.
-661.
-668.
-676.
-681.
-686.
-692.
-699.
-702.
-707.
-711.
-716.
-719.
-722.
-724.
-728.
-730.
-731.
-733.
-738.
-740.
-740.
-743.
-744.
-745.
-745.
-745.
-746.
-747.
-746.
-745.
-746.
-746.
-746.
-745.
-745.
-743.
-742.
-740.
-740.
-738.
-736.
-733.
-734.
-731.
-729.
-726.
-725.
-721.
-719.
-716.
-713.
-710.
-706.
-702.
-698.
-695.
-691.
-686.
-682.
-677.
-673.
-668.
-662.
-658.
-654.
-647.
-641.
-635.
-628.
-623.
-617.
-610.
-602.
-596.
-589.
-582.
-573.
-566.
-558.
-548.
-540.
-530.
-520.
-511.
-502.
-490.
-480.
-469.
-458.
-446.
-434.
-421.
-408.
-395.
-382.
-368.
-352.
-337.
-321.
-305.
-288.
-272.
-252.
-234.
-213.
-196.
-175.
-157.
-135.
-115.
-94.
-75.
-54.
-35.
-15.
  2.
 17.
 29.
 37.
 42.
 46.
 50.
 55.
 61.
 67.
 73.
 80.
 87.
 95.
102.
108.
113.
115.
119.
124.
129.
135.
139.
143.
145.
149.
154.
157.
166.
172.
178.
183.
189.
196.
205.
213.
221.
231.
238.
243.
251.
257.
264.
273.
281.
292.
301.
310.
320.
326.
337.
349.
362.
376.
387.
400.
414.
429.
445.
460.
473.
489.
506.
523.
538.
555.
572.
587.
604.
621.
640.
657.
675.
693.
712.
730.
749.
768.
787.
807.
825.
845.
867.
887.
908.
930.
950.
973.
994.
1016.
1039.
1060.
1082.
1105.
1127.
1148.
1171.
1193.
1216.
1238.
1259.
1280.
1303.
1327.
1347.
1368.
1388.
1408.
1428.
1447.
1467.
1485.
1504.
1520.
1537.
1553.
1569.
1583.
1598.
1612.
1627.
1639.
1652.
1661.
1673.
1683.
1695.
1704.
1713.
1724.
1730.
1736.
1743.
1748.
1755.
1762.
1768.
1772.
1777.
1782.
1785.
1788.
1792.
1796.
1798.
1801.
1804.
1805.
1808.
1809.
1813.
1813.
1813.
1813.
1815.
1814.
1816.
1817.
1816.
1817.
1815.
1815.
1814.
1814.
1813.
1812.
1811.
1811.
1810.
1809.
1807.
1804.
1803.
1801.
1799.
1796.
1795.
1793.
1790.
1788.
1785.
1783.
1780.
1777.
1775.
1773.
1769.
1766.
1763.
1762.
1759.
1755.
1752.
1748.
1746.
1742.
1738.
1733.
1728.
1725.
1723.
1720.
1715.
1713.
1715.
1717.
1725.
1734.
1746.
1760.
1775.
1790.
1808.
1824.
1843.
1862.
1880.
1900.
1917.
1936.
1955.
1972.
1988.
2005.
2021.
2035.
2048.
2059.
2072.
2080.
2088.
2095.
2100.
2105.
2108.
2110.
2115.
2115.
2116.
2118.
2119.
2120.
2120.
2122.
2123.
2123.
2123.
2123.
2121.
2121.
2120.
2118.
2117.
2115.
2114.
2112.
2111.
2107.
2106.
2104.
2099.
2096.
2094.
2089.
2086.
2081.
2078.
2074.
2070.
2065.
2060.
2056.
2050.
2046.
2041.
2037.
2031.
2026.
2022.
2015.
2010.
2004.
2000.
1995.
1988.
1982.
1975.
1968.
1964.
1956.
1950.
1944.
1937.
1930.
1924.
1917.
1910.
1903.
1898.
1889.
1882.
1875.
1867.
1858.
1852.
1845.
1841.
1841.
1842.
1848.
1855.
1861.
1871.
1882.
1895.
1908.
1918.
1930.
1941.
1952.
1963.
1972.
1979.
1987.
1991.
1996.
1997.
1997.
1995.
1991.
1986.
1980.
1974.
1967.
1960.
1954.
1949.
1943.
1938.
1934.
1927.
1925.
1922.
1917.
1916.
1915.
1913.
1912.
1909.
1906.
1902.
1899.
1895.
1890.
1885.
1881.
1877.
1872.
1865.
1859.
1853.
1844.
1837.
1828.
1819.
1809.
1797.
1787.
1776.
1764.
1753.
1743.
1733.
1720.
1708.
1698.
1687.
1675.
1666.
1654.
1643.
1631.
1621.
1608.
1597.
1586.
1575.
1564.
1552.
1542.
1531.
1520.
1510.
1498.
1488.
1476.
1467.
1456.
1444.
1435.
1425.
1414.
1403.
1392.
1382.
1369.
1360.
1350.
1339.
1329.
1318.
1308.
1296.
1286.
1275.
1267.
1257.
1247.
1237.
1226.
1216.
1207.
1198.
1187.
1179.
1170.
1160.
1150.
1141.
1132.
1123.
1114.
1105.
1097.
1087.
1077.
1069.
1060.
1052.
1042.
1034.
1026.
1017.
1007.
999.
989.
979.
972.
964.
954.
943.
930.
912.
890.
866.
838.
810.
779.
747.
715.
685.
650.
616.
583.
551.
517.
487.
456.
427.
399.
376.
354.
334.
317.
298.
281.
266.
249.
235.
219.
205.
190.
176.
162.
149.
137.
125.
110.
 97.
 85.
 74.
 61.
 50.
 40.
 28.
 18.
  8.
 -1.
 -9.
-18.
-28.
-35.
-44.
-50.
-56.
-65.
-72.
-77.
-85.
-90.
-95.
-98.
-104.
-108.
-114.
-117.
-123.
-126.
-128.
-133.
-135.
-139.
-140.
-143.
-143.
-144.
-145.
-149.
-148.
-149.
-151.
-153.
-156.
-162.
-172.
-185.
-199.
-213.
-227.
-241.
-254.
-266.
-277.
-290.
-297.
-303.
-308.
-313.
-318.
-323.
-326.
-330.
-336.
-340.
-345.
-349.
-355.
-359.
-362.
-367.
-371.
-375.
-378.
-382.
-387.
-391.
-393.
-396.
-399.
-404.
-406.
-409.
-411.
-415.
-417.
-420.
-421.
-424.
-426.
-429.
-430.
-433.
-435.
-436.
-437.
-440.
-441.
-443.
-443.
-444.
-445.
-446.
-448.
-448.
-448.
-450.
-449.
-449.
-452.
-452.
-451.
-452.
-453.
-452.
-452.
-451.
-452.
-451.
-450.
-450.
-447.
-448.
-447.
-445.
-445.
-443.
-442.
-441.
-440.
-438.
-436.
-433.
-431.
-428.
-426.
-425.
-421.
-418.
-414.
-411.
-408.
-403.
-398.
-394.
-391.
-386.
-382.
-378.
-373.
-367.
-361.
-356.
-352.
-345.
-341.
-335.
-328.
-323.
-315.
-308.
-303.
-294.
-286.
-278.
-269.
-261.
-250.
-242.
-231.
-222.
-211.
-199.
-183.
-167.
-151.
-133.
-116.
-101.
-84.
-65.
-48.
-29.
-11.
 12.
 31.
 53.
 75.
 98.
121.
145.
169.
193.
217.
244.
271.
296.
323.
350.
378.
405.
433.
459.
487.
514.
543.
573.
601.
629.
658.
685.
711.
735.
760.
786.
811.
835.
860.
884.
907.
930.
953.
974.
993.
1015.
1031.
1048.
1065.
1083.
1096.
1110.
1124.
1138.
1151.
1164.
1175.
1188.
1199.
1210.
1218.
1229.
1238.
1248.
1256.
1265.
1273.
1280.
1286.
1294.
1300.
1306.
1311.
1317.
1325.
1329.
1335.
1340.
1346.
1350.
1355.
1359.
1362.
1366.
1369.
1373.
1376.
1381.
1384.
1388.
1392.
1395.
1397.
1399.
1404.
1407.
1409.
1412.
1415.
1416.
1419.
1421.
1425.
1426.
1431.
1430.
1434.
1436.
1439.
1441.
1444.
1445.
1448.
1450.
1452.
1454.
1456.
1459.
1461.
1463.
1463.
1465.
1465.
1468.
1468.
1471.
1472.
1472.
1473.
1474.
1475.
1477.
1478.
1479.
1480.
1482.
1486.
1490.
1498.
1504.
1510.
1520.
1529.
1537.
1546.
1557.
1567.
1578.
1587.
1598.
1611.
1623.
1637.
1650.
1665.
1678.
1693.
1704.
1717.
1728.
1740.
1753.
1767.
1782.
1793.
1805.
1817.
1830.
1843.
1857.
1870.
1883.
1896.
1909.
1923.
1936.
1951.
1964.
1978.
1992.
2003.
2016.
2030.
2044.
2056.
2069.
2078.
2089.
2101.
2110.
2119.
2128.
2134.
2139.
2144.
2146.
2148.
2148.
2149.
2148.
2149.
2148.
2147.
2146.
2144.
2141.
2138.
2136.
2133.
2130.
2126.
2122.
2117.
2113.
2106.
2101.
2096.
2093.
2086.
2081.
2075.
2068.
2060.
2054.
2046.
2041.
2033.
2026.
2020.
2011.
2003.
1995.
1988.
1982.
1972.
1964.
1956.
1949.
1940.
1933.
1924.
1916.
1907.
1897.
1890.
1883.
1872.
1865.
1856.
1847.
1837.
1828.
1819.
1810.
1801.
1790.
1779.
1770.
1760.
1750.
1739.
1729.
1718.
1706.
1695.
1685.
1673.
1660.
1650.
1637.
1626.
1612.
1601.
1590.
1578.
1565.
1552.
1540.
1526.
1513.
1500.
1487.
1473.
1461.
1448.
1435.
1422.
1407.
1393.
1381.
1368.
1355.
1341.
1328.
1315.
1302.
1289.
1278.
1265.
1252.
1241.
1229.
1218.
1207.
1196.
1185.
1174.
1162.
1151.
1141.
1131.
1120.
1109.
1099.
1089.
1078.
1067.
1060.
1049.
1038.
1028.
1019.
1009.
999.
987.
978.
969.
959.
950.
940.
930.
922.
913.
903.
893.
883.
875.
866.
856.
846.
838.
829.
819.
811.
800.
792.
783.
774.
765.
755.
746.
738.
729.
722.
712.
701.
691.
683.
673.
664.
656.
647.
637.
628.
619.
609.
601.
590.
583.
572.
562.
554.
547.
538.
530.
520.
512.
504.
495.
487.
478.
470.
463.
455.
445.
437.
427.
421.
412.
404.
395.
387.
377.
369.
362.
355.
347.
339.
331.
323.
316.
309.
301.
295.
287.
281.
273.
268.
261.
253.
248.
241.
234.
227.
216.
205.
189.
171.
149.
128.
108.
 87.
 65.
 43.
 23.
  5.
-14.
-32.
-48.
-63.
-77.
-90.
-103.
-118.
-131.
-145.
-158.
-173.
-186.
-199.
-214.
-227.
-241.
-255.
-269.
-282.
-295.
-309.
-322.
-335.
-347.
-363.
-374.
-386.
-398.
-410.
-421.
-432.
-442.
-452.
-462.
-473.
-482.
-490.
-501.
-508.
-516.
-526.
-533.
-540.
-547.
-555.
-562.
-567.
-573.
-579.
-583.
-587.
-592.
-598.
-602.
-607.
-610.
-613.
-616.
-619.
-623.
-625.
-627.
-629.
-630.
-633.
-634.
-635.
-635.
-637.
-638.
-637.
-638.
-639.
-638.
-637.
-637.
-635.
-634.
-635.
-634.
-633.
-632.
-630.
-627.
-624.
-622.
-619.
-615.
-613.
-611.
-608.
-602.
-599.
-594.
-589.
-585.
-579.
-574.
-568.
-564.
-557.
-551.
-545.
-539.
-532.
-525.
-517.
-511.
-504.
-495.
-486.
-478.
-468.
-460.
-449.
-440.
-431.
-420.
-412.
-398.
-386.
-375.
-366.
-354.
-342.
-329.
-317.
-303.
-290.
-276.
-262.
-246.
-232.
-216.
-201.
-185.
-169.
-151.
-136.
-119.
-100.
-81.
-63.
-44.
-25.
 -5.
 14.
 35.
 54.
 73.
 94.
115.
133.
152.
171.
191.
210.
226.
237.
245.
246.
245.
243.
239.
234.
233.
233.
232.
234.
234.
231.
230.
228.
226.
224.
224.
224.
225.
224.
224.
224.
226.
227.
233.
239.
243.
247.
250.
255.
259.
266.
272.
279.
285.
290.
295.
301.
308.
315.
325.
335.
347.
359.
370.
380.
392.
401.
410.
420.
431.
442.
453.
464.
475.
487.
498.
510.
519.
532.
543.
556.
568.
579.
592.
606.
618.
630.
644.
657.
670.
684.
700.
713.
729.
744.
759.
774.
789.
806.
823.
838.
856.
874.
892.
910.
929.
948.
968.
986.
1007.
1027.
1048.
1069.
1091.
1112.
1135.
1159.
1182.
1204.
1228.
1252.
1275.
1298.
1320.
1347.
1369.
1393.
1417.
1439.
1462.
1486.
1507.
1528.
1549.
1570.
1589.
1608.
1628.
1645.
1662.
1681.
1696.
1711.
1725.
1740.
1753.
1765.
1778.
1789.
1800.
1811.
1822.
1831.
1838.
1847.
1853.
1860.
1867.
1872.
1878.
1883.
1890.
1893.
1896.
1900.
1903.
1907.
1909.
1913.
1914.
1916.
1918.
1919.
1921.
1924.
1925.
1925.
1926.
1926.
1927.
1928.
1929.
1928.
1930.
1928.
1928.
1930.
1929.
1929.
1928.
1927.
1927.
1926.
1924.
1924.
1924.
1924.
1922.
1921.
1919.
1918.
1919.
1915.
1914.
1913.
1911.
1910.
1910.
1906.
1905.
1904.
1901.
1899.
1897.
1894.
1894.
1890.
1888.
1885.
1882.
1880.
1876.
1874.
1869.
1869.
1866.
1864.
1859.
1857.
1853.
1852.
1847.
1845.
1842.
1838.
1835.
1830.
1828.
1823.
1821.
1816.
1813.
1807.
1803.
1798.
1796.
1794.
1795.
1802.
1808.
1818.
1827.
1838.
1851.
1865.
1878.
1894.
1908.
1924.
1939.
1953.
1970.
1986.
2002.
2016.
2032.
2049.
2063.
2074.
2082.
2091.
2097.
2103.
2108.
2111.
2117.
2120.
2122.
2126.
2127.
2132.
2134.
2138.
2139.
2141.
2142.
2144.
2145.
2146.
2147.
2149.
2149.
2149.
2150.
2151.
2150.
2150.
2150.
2147.
2147.
2145.
2143.
2141.
2139.
2136.
2134.
2131.
2127.
2122.
2118.
2114.
2109.
2105.
2099.
2094.
2087.
2081.
2075.
2067.
2060.
2054.
2048.
2040.
2031.
2024.
2014.
2006.
1997.
1987.
1978.
1968.
1958.
1950.
1940.
1930.
1918.
1905.
1895.
1884.
1874.
1860.
1848.
1836.
1823.
1809.
1798.
1784.
1772.
1757.
1743.
1728.
1715.
1699.
1685.
1669.
1655.
1639.
1623.
1607.
1590.
1576.
1558.
1541.
1524.
1508.
1491.
1475.
1456.
1439.
1424.
1406.
1390.
1375.
1359.
1344.
1328.
1314.
1298.
1285.
1270.
1255.
1241.
1229.
1216.
1202.
1190.
1177.
1166.
1154.
1142.
1130.
1120.
1109.
1098.
1088.
1078.
1066.
1057.
1047.
1037.
1026.
1016.
1007.
998.
989.
979.
969.
960.
950.
941.
932.
923.
915.
905.
897.
887.
879.
870.
861.
851.
844.
835.
825.
815.
807.
799.
789.
781.
773.
763.
754.
747.
738.
729.
720.
713.
704.
697.
689.
680.
673.
666.
657.
651.
644.
635.
627.
620.
614.
605.
599.
592.
585.
577.
569.
564.
556.
548.
542.
535.
528.
522.
514.
506.
498.
492.
485.
477.
469.
465.
456.
449.
442.
436.
428.
421.
413.
408.
399.
391.
384.
376.
369.
362.
353.
345.
338.
331.
321.
312.
304.
295.
287.
277.
268.
258.
247.
238.
229.
219.
204.
190.
177.
158.
139.
120.
100.
 77.
 56.
 35.
 15.
 -5.
-26.
-47.
-66.
-88.
-108.
-130.
-150.
-169.
-188.
-206.
-223.
-240.
-257.
-276.
-292.
-309.
-325.
-339.
-356.
-373.
-391.
-408.
-423.
-439.
-453.
-467.
-481.
-493.
-505.
-518.
-529.
-540.
-549.
-560.
-569.
-579.
-590.
-601.
-609.
-616.
-624.
-632.
-639.
-647.
-656.
-662.
-669.
-676.
-683.
-690.
-696.
-701.
-706.
-712.
-717.
-722.
-727.
-732.
-736.
-739.
-745.
-749.
-752.
-756.
-759.
-762.
-766.
-769.
-771.
-774.
-776.
-779.
-780.
-782.
-785.
-785.
-784.
-786.
-788.
-787.
-788.
-789.
-789.
-790.
-789.
-788.
-788.
-788.
-788.
-787.
-786.
-785.
-783.
-782.
-781.
-779.
-776.
-775.
-774.
-771.
-768.
-767.
-763.
-760.
-760.
-758.
-754.
-752.
-748.
-743.
-740.
-736.
-731.
-728.
-723.
-719.
-716.
-712.
-706.
-701.
-695.
-689.
-684.
-676.
-671.
-664.
-658.
-651.
-645.
-636.
-628.
-619.
-611.
-602.
-592.
-583.
-573.
-562.
-551.
-540.
-528.
-516.
-505.
-490.
-477.
-462.
-446.
-429.
-415.
-398.
-381.
-364.
-346.
-327.
-306.
-286.
-264.
-244.
-221.
-198.
-176.
-151.
-125.
-100.
-71.
-44.
-14.
 13.
 42.
 72.
102.
131.
162.
194.
225.
258.
288.
322.
353.
387.
418.
448.
481.
512.
545.
575.
604.
635.
663.
691.
718.
746.
774.
799.
825.
852.
877.
900.
924.
948.
971.
994.
1015.
1038.
1058.
1077.
1098.
1119.
1138.
1158.
1176.
1195.
1213.
1228.
1244.
1254.
1262.
1267.
1269.
1274.
1275.
1279.
1281.
1285.
1290.
1295.
1300.
1305.
1309.
1313.
1316.
1322.
1328.
1335.
1343.
1352.
1360.
1369.
1376.
1381.
1384.
1387.
1392.
1396.
1400.
1405.
1410.
1414.
1420.
1425.
1428.
1431.
1437.
1443.
1449.
1456.
1461.
1466.
1470.
1476.
1481.
1488.
1494.
1502.
1509.
1516.
1523.
1531.
1539.
1549.
1558.
1568.
1578.
1587.
1598.
1608.
1616.
1627.
1637.
1648.
1658.
1668.
1677.
1686.
1695.
1702.
1712.
1719.
1725.
1732.
1738.
1743.
1748.
1753.
1759.
1763.
1768.
1771.
1777.
1780.
1785.
1788.
1792.
1793.
1796.
1798.
1800.
1803.
1804.
1807.
1806.
1808.
1809.
1811.
1811.
1811.
1813.
1812.
1813.
1813.
1811.
1812.
1813.
1812.
1811.
1811.
1809.
1809.
1807.
1806.
1804.
1804.
1803.
1800.
1798.
1797.
1796.
1793.
1792.
1789.
1786.
1785.
1782.
1780.
1777.
1776.
1772.
1770.
1767.
1764.
1763.
1760.
1757.
1754.
1750.
1749.
1745.
1742.
1739.
1737.
1733.
1730.
1727.
1724.
1721.
1717.
1714.
1711.
1706.
1703.
1700.
1697.
1693.
1693.
1693.
1699.
1703.
1711.
1721.
1731.
1741.
1753.
1764.
1775.
1786.
1799.
1811.
1821.
1830.
1841.
1846.
1853.
1857.
1860.
1862.
1866.
1869.
1873.
1875.
1878.
1880.
1885.
1889.
1892.
1894.
1897.
1901.
1903.
1906.