760.
763.
768.
771.
775.
778.
781.
786.
789.
792.
795.
799.
802.
807.
811.
814.
818.
821.
824.
828.
832.
835.
836.
841.
845.
847.
850.
852.
857.
860.
862.
864.
866.
869.
872.
873.
875.
877.
877.
880.
882.
881.
884.
884.
884.
884.
886.
885.
887.
886.
888.
888.
888.
888.
887.
888.
889.
887.
886.
885.
887.
885.
885.
884.
885.
883.
882.
881.
880.
878.
877.
877.
877.
874.
873.
871.
871.
870.
867.
866.
864.
863.
862.
860.
858.
857.
856.
854.
851.
850.
847.
845.
844.
842.
839.
838.
835.
835.
832.
829.
828.
826.
823.
821.
819.
816.
814.
812.
808.
807.
803.
801.
799.
796.
794.
792.
788.
785.
782.
779.
776.
774.
771.
768.
764.
760.
756.
751.
747.
745.
741.
735.
732.
729.
724.
717.
712.
709.
704.
696.
690.
685.
679.
674.
669.
663.
656.
649.
642.
637.
631.
624.
618.
612.
604.
596.
589.
583.
576.
570.
563.
555.
549.
540.
532.
525.
519.
512.
504.
496.
488.
483.
476.
469.
463.
457.
450.
445.
437.
431.
426.
420.
414.
409.
405.
399.
393.
388.
383.
377.
371.
369.
364.
358.
352.
348.
343.
338.
335.
328.
324.
318.
316.
307.
303.
298.
294.
286.
281.
276.
272.
265.
259.
253.
248.
243.
237.
231.
226.
221.
213.
208.
202.
198.
189.
182.
171.
155.
138.
118.
97.
75.
53.
28.
4.
-20.
-44.
-68.
-92.
-113.
-134.
-152.
-169.
-184.
-198.
-212.
-226.
-240.
-253.
-266.
-278.
-290.
-301.
-315.
-326.
-338.
-348.
-359.
-372.
-381.
-391.
-402.
-412.
-422.
-431.
-441.
-452.
-459.
-467.
-476.
-484.
-492.
-499.
-506.
-512.
-520.
-525.
-531.
-536.
-540.
-546.
-551.
-554.
-559.
-562.
-566.
-569.
-572.
-576.
-578.
-583.
-585.
-587.
-590.
-592.
-593.
-595.
-598.
-599.
-600.
-600.
-602.
-603.
-605.
-607.
-607.
-606.
-607.
-608.
-607.
-606.
-608.
-607.
-610.
-611.
-615.
-622.
-632.
-646.
-658.
-670.
-681.
-695.
-705.
-717.
-729.
-737.
-744.
-753.
-758.
-762.
-767.
-771.
-773.
-779.
-783.
-787.
-792.
-796.
-800.
-804.
-809.
-811.
-815.
-819.
-823.
-825.
-828.
-833.
-836.
-838.
-840.
-840.
-842.
-844.
-847.
-849.
-849.
-851.
-853.
-853.
-854.
-853.
-855.
-855.
-855.
-857.
-856.
-855.
-855.
-855.
-854.
-852.
-851.
-850.
-846.
-844.
-841.
-840.
-835.
-831.
-828.
-824.
-820.
-814.
-810.
-802.
-797.
-790.
-782.
-775.
-769.
-759.
-751.
-742.
-734.
-723.
-712.
-700.
-688.
-674.
-661.
-647.
-631.
-613.
-594.
-576.
-557.
-538.
-520.
-504.
-483.
-463.
-442.
-420.
-397.
-373.
-349.
-329.
-306.
-285.
-263.
-239.
-217.
-192.
-169.
-144.
-119.
-92.
-65.
-40.
-13.
15.
43.
74.
108.
138.
169.
201.
231.
263.
298.
334.
365.
399.
435.
471.
504.
538.
572.
605.
639.
672.
706.
739.
770.
802.
834.
866.
896.
925.
955.
984.
1012.
1042.
1068.
1094.
1120.
1147.
1171.
1195.
1220.
1241.
1264.
1285.
1305.
1326.
1346.
1367.
1386.
1403.
1421.
1437.
1454.
1471.
1487.
1503.
1518.
1532.
1548.
1562.
1576.
1590.
1604.
1616.
1628.
1641.
1652.
1666.
1679.
1694.
1709.
1726.
1743.
1762.
1781.
1802.
1821.
1840.
1860.
1880.
1901.
1919.
1937.
1956.
1973.
1990.
2008.
2024.
2040.
2055.
2069.
2084.
2098.
2112.
2124.
2139.
2151.
2165.
2176.
2187.
2197.
2207.
2217.
2224.
2233.
2239.
2247.
2254.
2260.
2267.
2272.
2277.
2283.
2286.
2289.
2295.
2297.
2300.
2304.
2307.
2310.
2313.
2316.
2321.
2325.
2328.
2333.
2335.
2337.
2340.
2345.
2348.
2350.
2354.
2358.
2359.
2362.
2367.
2368.
2370.
2371.
2372.
2373.
2375.
2373.
2374.
2373.
2372.
2370.
2370.
2370.
2370.
2369.
2369.
2367.
2364.
2363.
2362.
2361.
2359.
2359.
2356.
2352.
2347.
2341.
2333.
2327.
2319.
2311.
2302.
2295.
2285.
2274.
2264.
2253.
2243.
2231.
2220.
2209.
2196.
2186.
2172.
2160.
2147.
2134.
2120.
2107.
2094.
2079.
2066.
2049.
2033.
2017.
2003.
1986.
1969.
1952.
1934.
1916.
1898.
1879.
1861.
1843.
1823.
1805.
1785.
1766.
1746.
1726.
1706.
1688.
1669.
1648.
1628.
1607.
1587.
1567.
1546.
1528.
1509.
1490.
1471.
1453.
1435.
1417.
1400.
1383.
1366.
1351.
1335.
1320.
1304.
1291.
1276.
1264.
1249.
1235.
1223.
1209.
1196.
1185.
1172.
1161.
1150.
1138.
1125.
1114.
1102.
1091.
1081.
1070.
1059.
1047.
1037.
1026.
1015.
1004.
994.
982.
973.
962.
951.
940.
929.
918.
909.
899.
888.
875.
863.
854.
841.
828.
817.
806.
791.
776.
758.
737.
714.
688.
659.
626.
596.
564.
532.
496.
462.
429.
392.
357.
325.
290.
259.
228.
199.
171.
147.
122.
98.
76.
55.
35.
14.
-6.
-25.
-46.
-64.
-82.
-100.
-118.
-136.
-153.
-169.
-185.
-201.
-217.
-229.
-246.
-258.
-271.
-284.
-298.
-309.
-322.
-333.
-345.
-355.
-364.
-377.
-385.
-394.
-404.
-413.
-422.
-429.
-437.
-446.
-454.
-463.
-473.
-478.
-486.
-493.
-501.
-507.
-512.
-517.
-523.
-530.
-534.
-538.
-545.
-549.
-554.
-557.
-562.
-566.
-569.
-575.
-581.
-586.
-593.
-606.
-620.
-634.
-651.
-668.
-688.
-705.
-724.
-743.
-762.
-780.
-798.
-815.
-831.
-846.
-858.
-870.
-881.
-891.
-903.
-912.
-921.
-931.
-941.
-950.
-958.
-965.
-976.
-985.
-993.
-1000.
-1007.
-1013.
-1020.
-1026.
-1033.
-1038.
-1043.
-1049.
-1053.
-1057.
-1061.
-1065.
-1070.
-1072.
-1074.
-1077.
-1080.
-1081.
-1083.
-1085.
-1086.
-1088.
-1088.
-1086.
-1087.
-1086.
-1085.
-1082.
-1080.
-1079.
-1075.
-1069.
-1064.
-1059.
-1054.
-1046.
-1041.
-1033.
-1023.
-1012.
-999.
-985.
-970.
-954.
-939.
-923.
-907.
-889.
-872.
-855.
-839.
-823.
-807.
-791.
-774.
-757.
-740.
-722.
-702.
-681.
-662.
-642.
-620.
-598.
-575.
-550.
-526.
-504.
-481.
-459.
-435.
-411.
-388.
-362.
-337.
-311.
-286.
-260.
-236.
-209.
-181.
-154.
-126.
-97.
-70.
-42.
-15.
14.
43.
72.
100.
128.
160.
190.
221.
249.
280.
309.
340.
371.
402.
431.
462.
493.
523.
554.
583.
612.
643.
672.
701.
730.
758.
786.
813.
842.
870.
897.
924.
952.
977.
1002.
1027.
1052.
1075.
1099.
1124.
1148.
1172.
1195.
1216.
1237.
1259.
1281.
1302.
1320.
1341.
1361.
1380.
1398.
1418.
1437.
1456.
1474.
1491.
1509.
1526.
1543.
1558.
1575.
1591.
1607.
1623.
1639.
1653.
1669.
1683.
1698.
1714.
1731.
1747.
1764.
1783.
1801.
1820.
1837.
1855.
1872.
1888.
1905.
1921.
1937.
1954.
1968.
1983.
1997.
2009.
2024.
2036.
2050.
2061.
2073.
2086.
2097.
2107.
2119.
2130.
2140.
2152.
2162.
2173.
2184.
2193.
2203.
2215.
2225.
2236.
2245.
2253.
2263.
2270.
2277.
2286.
2293.
2300.
2304.
2309.
2314.
2318.
2322.
2322.
2326.
2326.
2325.
2323.
2322.
2319.
2317.
2314.
2310.
2304.
2300.
2296.
2291.
2285.
2279.
2273.
2266.
2258.
2253.
2245.
2239.
2230.
2223.
2216.
2207.
2199.
2193.
2183.
2175.
2165.
2157.
2148.
2139.
2131.
2123.
2113.
2104.
2094.
2084.
2074.
2063.
2052.
2042.
2031.
2020.
2009.
1995.
1983.
1971.
1959.
1948.
1936.
1930.
1923.
1919.
1916.
1914.
1915.
1915.
1917.
1918.
1915.
1911.
1907.
1904.
1899.
1896.
1889.
1885.
1877.
1872.
1865.
1859.
1856.
1851.
1847.
1843.
1838.
1833.
1827.
1819.
1810.
1801.
1793.
1786.
1776.
1766.
1758.
1745.
1733.
1722.
1709.
1697.
1682.
1667.
1652.
1637.
1620.
1603.
1584.
1566.
1547.
1527.
1509.
1489.
1469.
1448.
1427.
1406.
1384.
1364.
1344.
1324.
1303.
1286.
1266.
1247.
1227.
1210.
1191.
1174.
1156.
1137.
1120.
1101.
1085.
1066.
1050.
1032.
1015.
999.
981.
964.
947.
931.
915.
897.
880.
864.
848.
831.
816.
800.
784.
768.
751.
733.
713.
695.
672.
649.
622.
593.
560.
529.
496.
461.
425.
389.
354.
319.
283.
250.
215.
183.
153.
123.
96.
68.
42.
20.
-5.
-27.
-50.
-70.
-93.
-115.
-138.
-162.
-187.
-210.
-235.
-261.
-286.
-309.
-335.
-359.
-383.
-407.
-431.
-453.
-474.
-495.
-518.
-540.
-559.
-576.
-594.
-610.
-625.
-639.
-654.
-665.
-677.
-688.
-697.
-707.
-714.
-723.
-731.
-737.
-743.
-749.
-756.
-761.
-764.
-768.
-773.
-777.
-781.
-785.
-788.
-790.
-795.
-795.
-798.
-801.
-800.
-801.
-802.
-804.
-804.
-803.
-804.
-803.
-802.
-803.
-803.
-801.
-800.
-798.
-795.
-793.
-792.
-787.
-786.
-783.
-780.
-777.
-774.
-770.
-766.
-762.
-757.
-751.
-747.
-743.
-738.
-734.
-728.
-722.
-716.
-710.
-705.
-699.
-693.
-686.
-678.
-671.
-665.
-656.
-649.
-641.
-634.
-623.
-613.
-604.
-594.
-585.
-576.
-564.
-552.
-540.
-529.
-517.
-504.
-492.
-478.
-464.
-449.
-435.
-419.
-402.
-385.
-368.
-350.
-332.
-312.
-296.
-276.
-255.
-235.
-212.
-190.
-167.
-142.
-118.
-90.
-65.
-36.
-9.
21.
50.
80.
112.
143.
173.
207.
242.
277.
312.
347.
382.
419.
455.
491.
526.
564.
600.
635.
672.
709.
746.
780.
817.
851.
887.
921.
955.
990.
1024.
1056.
1088.
1121.
1153.
1185.
1214.
1245.
1275.
1302.
1328.
1355.
1382.
1405.
1428.
1449.
1470.
1490.
1509.
1528.
1547.
1565.
1583.
1602.
1621.
1639.
1656.
1676.
1695.
1712.
1731.
1748.
1763.
1779.
1795.
1811.
1828.
1845.
1861.
1878.
1894.
1911.
1928.
1945.
1960.
1975.
1990.
2004.
2019.
2033.
2045.
2059.
2072.
2084.
2096.
2107.
2119.
2131.
2140.
2151.
2160.
2172.
2183.
2192.
2201.
2210.
2218.
2227.
2234.
2242.
2249.
2256.
2263.
2269.
2275.
2281.
2287.
2292.
2299.
2305.
2309.
2313.
2319.
2323.
2328.
2332.
2338.
2342.
2347.
2351.
2354.
2357.
2360.
2359.
2361.
2364.
2365.
2365.
2365.
2367.
2368.
2368.
2369.
2369.
2370.
2367.
2365.
2364.
2362.
2359.
2358.
2357.
2356.
2354.
2351.
2347.
2345.
2341.
2336.
2331.
2328.
2324.
2319.
2314.
2306.
2299.
2292.
2285.
2277.
2268.
2259.
2250.
2240.
2232.
2223.
2213.
2203.
2192.
2182.
2171.
2158.
2145.
2132.
2118.
2105.
2091.
2078.
2062.
2046.
2029.
2015.
2001.
1986.
1969.
1953.
1937.
1922.
1906.
1889.
1874.
1859.
1842.
1826.
1811.
1793.
1777.
1761.
1744.
1729.
1711.
1695.
1680.
1663.
1648.
1632.
1616.
1600.
1583.
1568.
1555.
1540.
1524.
1510.
1495.
1482.
1466.
1454.
1441.
1427.
1414.
1401.
1388.
1376.
1362.
1351.
1339.
1327.
1316.
1304.
1293.
1281.
1271.
1260.
1249.
1239.
1229.
1218.
1208.
1198.
1190.
1180.
1170.
1162.
1153.
1143.
1133.
1124.
1113.
1102.
1087.
1067.
1044.
1018.
990.
963.
932.
902.
869.
838.
805.
771.
739.
707.
674.
642.
610.
583.
556.
531.
509.
486.
465.
447.
426.
407.
390.
371.
352.
334.
318.
297.
278.
260.
241.
223.
205.
187.
169.
152.
134.
119.
105.
89.
75.
60.
46.
35.
21.
10.
-3.
-13.
-24.
-35.
-46.
-56.
-67.
-77.
-87.
-97.
-108.
-117.
-125.
-136.
-144.
-155.
-163.
-171.
-181.
-189.
-197.
-205.
-213.
-221.
-230.
-237.
-246.
-253.
-262.
-269.
-281.
-292.
-310.
-327.
-345.
-368.
-391.
-414.
-435.
-459.
-484.
-506.
-529.
-550.
-573.
-590.
-608.
-623.
-637.
-650.
-662.
-674.
-683.
-695.
-706.
-715.
-724.
-735.
-745.
-753.
-763.
-770.
-778.
-785.
-794.
-800.
-807.
-814.
-824.
-830.
-836.
-842.
-848.
-854.
-860.
-866.
-871.
-875.
-880.
-884.
-888.
-893.
-894.
-899.
-903.
-906.
-906.
-910.
-911.
-912.
-914.
-916.
-916.
-916.
-918.
-918.
-918.
-918.
-919.
-917.
-917.
-917.
-915.
-914.
-912.
-912.
-910.
-908.
-906.
-903.
-902.
-899.
-896.
-894.
-891.
-887.
-884.
-880.
-874.
-868.
-863.
-859.
-853.
-846.
-841.
-833.
-826.
-818.
-809.
-801.
-794.
-785.
-778.
-768.
-756.
-748.
-737.
-728.
-716.
-706.
-694.
-684.
-669.
-658.
-646.
-631.
-620.
-607.
-594.
-583.
-569.
-553.
-537.
-522.
-504.
-489.
-474.
-460.
-445.
-430.
-415.
-400.
-385.
-370.
-357.
-343.
-331.
-318.
-303.
-287.
-270.
-253.
-239.
-222.
-206.
-189.
-170.
-152.
-132.
-113.
-93.
-73.
-54.
-33.
-12.
9.
31.
54.
75.
99.
122.
146.
170.
193.
218.
243.
267.
293.
318.
341.
369.
394.
419.
447.
473.
498.
524.
551.
578.
603.
628.
653.
679.
704.
728.
754.
778.
802.
827.
851.
874.
897.
919.
942.
962.
986.
1006.
1028.
1047.
1068.
1086.
1107.
1125.
1143.
1160.
1180.
1196.
1214.
1231.
1247.
1262.
1278.
1293.
1308.
1323.
1337.
1349.
1366.
1379.
1393.
1406.
1418.
1432.
1444.
1453.
1465.
1478.
1487.
1498.
1508.
1520.
1529.
1539.
1548.
1557.
1567.
1574.
1583.
1592.
1599.
1606.
1614.
1621.
1627.
1635.
1641.
1649.
1653.
1661.
1666.
1671.
1677.
1682.
1688.
1690.
1697.
1699.
1703.
1706.
1710.
1712.
1716.
1719.
1719.
1723.
1725.
1726.
1728.
1729.
1729.
1731.
1732.
1734.
1735.
1734.
1734.
1733.
1733.
1735.
1732.
1732.
1731.
1729.
1727.
1726.
1725.
1722.
1720.
1716.
1716.
1712.
1709.
1707.
1703.
1700.
1696.
1691.
1687.
1683.
1677.
1673.
1667.
1664.
1656.
1651.
1644.
1637.
1631.
1623.
1617.
1608.
1600.
1590.
1580.
1569.
1558.
1546.
1535.
1522.
1510.
1496.
1481.
1466.
1455.
1439.
1426.
1412.
1401.
1390.
1383.
1377.
1376.
1374.
1371.
1372.
1370.
1370.
1369.
1366.
1363.
1360.
1358.
1355.
1351.
1349.
1345.
1342.
1337.
1333.
1326.
1320.
1314.
1310.
1305.
1300.
1293.
1287.
1278.
1271.
1264.
1255.
1249.
1239.
1232.
1224.
1217.
1210.
1202.
1193.
1182.
1174.
1161.
1151.
1140.
1128.
1115.
1102.
1088.
1075.
1059.
1045.
1029.
1016.
999.
983.
971.
955.
942.
929.
915.
902.
889.
875.
862.
849.
836.
822.
810.
798.
785.
774.
762.
750.
736.
726.
714.
702.
690.
678.
668.
655.
644.
634.
621.
610.
598.
587.
577.
566.
554.
543.
532.
520.
506.
493.
479.
463.
445.
425.
402.
378.
352.
325.
298.
269.
240.
212.
185.
160.
134.
108.
84.
61.
40.
19.
-1.
-21.
-38.
-53.
-68.
-84.
-96.
-110.
-122.
-133.
-144.
-156.
-166.
-179.
-192.
-202.
-213.
-222.
-233.
-242.
-252.
-261.
-269.
-278.
-285.
-293.
-301.
-307.
-314.
-322.
-329.
-337.
-343.
-348.
-354.
-361.
-364.
-371.
-374.
-381.
-384.
-389.
-393.
-397.
-401.
-404.
-406.
-410.
-412.
-416.
-418.
-420.
-421.
-424.
-426.
-427.
-427.
-428.
-430.
-431.
-431.
-431.
-431.
-430.
-431.
-432.
-431.
-429.
-430.
-429.
-428.
-427.
-427.
-426.
-424.
-421.
-421.
-417.
-416.
-413.
-413.
-408.
-405.
-402.
-399.
-397.
-393.
-391.
-387.
-384.
-384.
-384.
-389.
-395.
-401.
-407.
-413.
-417.
-421.
-423.
-427.
-428.
-428.
-427.
-425.
-423.
-421.
-420.
-419.
-418.
-416.
-415.
-412.
-411.
-409.
-408.
-405.
-403.
-401.
-398.
-395.
-393.
-391.
-388.
-386.
-382.
-379.
-375.
-372.
-367.
-364.
-360.
-355.
-350.
-346.
-341.
-337.
-331.
-327.
-322.
-314.
-309.
-303.
-297.
-290.
-281.
-277.
-270.
-261.
-254.
-245.
-235.
-225.
-218.
-209.
-199.
-187.
-178.
-167.
-155.
-144.
-131.
-117.
-104.
-89.
-76.
-61.
-45.
-28.
-12.
6.
24.
41.
61.
80.
102.
123.
145.
166.
190.
214.
240.
264.
292.
318.
346.
374.
402.
433.
463.
495.
526.
558.
591.
623.
657.
689.
720.
752.
778.
803.
821.
835.
845.
855.
864.
872.
880.
889.
899.
909.
917.
924.
929.
935.
941.
948.
954.
961.
964.
968.
975.
981.
989.
998.
1005.
1013.
1017.
1025.
1032.
1040.
1050.
1059.
1066.
1074.
1083.
1092.
1103.
1112.
1123.
1134.
1145.
1156.
1171.
1184.
1199.
1215.
1230.
1246.
1264.
1280.
1299.
1317.
1335.
1353.
1373.
1392.
1411.
1429.
1448.
1470.
1487.
1508.
1528.
1547.
1566.
1586.
1605.
1622.
1640.
1655.
1671.
1685.
1699.
1711.
1723.
1734.
1743.
1754.
1764.
1773.
1781.
1789.
1798.
1805.
1810.
1817.
1823.
1827.
1831.
1835.
1837.
1840.
1843.
1844.
1846.
1849.
1850.
1850.
1850.
1853.
1851.
1849.
1849.
1847.
1844.
1843.
1841.
1840.
1837.
1834.
1831.
1828.
1824.
1823.
1820.
1815.
1810.
1807.
1802.
1799.
1795.
1789.
1785.
1781.
1775.
1769.
1764.
1760.
1753.
1749.
1741.
1737.
1731.
1725.
1719.
1713.
1707.
1706.
1708.
1712.
1720.
1730.
1741.
1754.
1768.
1785.
1800.
1815.
1828.
1844.
1859.
1872.
1886.
1900.
1910.
1921.
1930.
1935.
1938.
1939.
1941.
1940.
1938.
1936.
1935.
1932.
1929.
1927.
1924.
1923.
1919.
1914.
1910.
1906.
1902.
1897.
1891.
1886.
1880.
1874.
1867.
1860.
1852.
1845.
1836.
1828.
1820.
1809.
1798.
1790.
1778.
1768.
1757.
1747.
1734.
1721.
1707.
1695.
1681.
1669.
1656.
1642.
1628.
1614.
1598.
1582.
1568.
1552.
1536.
1520.
1505.
1490.
1475.
1457.
1442.
1428.
1410.
1395.
1380.
1364.
1349.
1335.
1319.
1305.
1290.
1276.
1261.
1248.
1233.
1219.
1205.
1192.
1179.
1166.
1151.
1140.
1126.
1114.
1101.
1089.
1076.
1064.
1050.
1038.
1026.
1014.
1002.
990.
977.
966.
955.
942.
928.
917.
904.
890.
875.
855.
835.
807.
779.
748.
716.
683.
650.
616.
584.
550.
517.
485.
453.
421.
390.
363.
337.
314.
292.
272.
257.
238.
223.
209.
194.
180.
166.
152.
140.
126.
113.
101.
90.
80.
68.
55.
46.
35.
26.
15.
6.
-2.
-12.
-20.
-29.
-37.
-45.
-52.
-60.
-65.
-72.
-79.
-84.
-90.
-97.
-101.
-106.
-111.
-117.
-121.
-126.
-132.
-136.
-140.
-145.
-149.
-152.
-155.
-158.
-161.
-164.
-166.
-170.
-170.
-174.
-175.
-176.
-177.
-178.
-181.
-180.
-183.
-187.
-194.
-205.
-217.
-230.
-243.
-257.
-269.
-282.
-294.
-304.
-312.
-320.
-325.
-330.
-331.
-337.
-339.
-344.
-347.
-350.
-354.
-358.
-362.
-365.
-368.
-372.
-375.
-377.
-379.
-382.
-385.
-388.
-390.
-393.
-395.
-398.
-399.
-400.
-403.
-404.
-406.
-407.
-410.
-410.
-411.
-411.
-412.
-413.
-412.
-413.
-412.
-412.
-413.
-411.
-412.
-410.
-409.
-407.
-406.
-404.
-402.
-399.
-395.
-392.
-389.
-387.
-382.
-378.
-373.
-368.
-362.
-356.
-352.
-343.
-337.
-330.
-322.
-313.
-305.
-297.
-288.
-278.
-270.
-261.
-252.
-243.
-234.
-225.
-214.
-202.
-192.
-181.
-170.
-158.
-146.
-134.
-120.
-106.
-96.
-83.
-69.
-54.
-41.
-24.
-7.
9.
26.
41.
54.
70.
86.
102.
121.
141.
160.
179.
197.
217.
238.
258.
280.
302.
325.
348.
373.
396.
422.
447.
474.
500.
527.
553.
581.
609.
638.
667.
696.
725.
756.
786.
815.
845.
875.
904.
934.
964.
995.
1024.
1053.
1083.
1112.
1142.
1168.
1196.
1223.
1251.
1278.
1303.
1329.
1353.
1379.
1401.
1425.
1447.
1468.
1490.
1511.
1531.
1550.
1567.
1587.
1603.
1621.
1637.
1654.
1667.
1682.
1698.
1712.
1726.
1737.
1749.
1761.
1773.
1783.
1795.
1804.
1815.
1823.
1835.
1843.
1851.
1860.
1867.
1875.
1880.
1887.
1893.
1899.
1903.
1909.
1913.
1916.
1921.
1925.
1928.
1932.
1935.
1937.
1939.
1942.
1944.
1946.
1947.
1946.
1947.
1948.
1947.
1948.
1948.
1948.
1948.
1946.
1943.
1943.
1941.
1940.
1937.
1935.
1932.
1929.
1926.
1924.
1920.
1916.
1914.
1909.
1905.
1899.
1895.
1890.
1886.
1879.
1875.
1868.
1863.
1856.
1852.
1849.
1848.
1850.
1854.
1862.
1874.
1883.
1897.
1909.
1922.
1935.
1947.
1960.
1971.
1984.
1995.
2005.
2015.
2021.
2027.
2030.
2031.
2031.
2030.
2027.
2024.
2021.
2018.
2014.
2010.
2006.
2001.
1998.
1993.
1988.
1982.
1976.
1971.
1964.
1958.
1952.
1947.
1939.
1932.
1925.
1917.
1910.
1900.
1894.
1885.
1874.
1865.
1857.
1847.
1836.
1825.
1818.
1807.
1795.
1784.
1772.
1760.
1747.
1734.
1721.
1708.
1695.
1681.
1667.
1654.
1637.
1623.
1608.
1593.
1577.
1561.
1547.
1529.
1513.
1497.
1479.
1462.
1444.
1429.
1412.
1395.
1379.
1364.
1348.
1332.
1317.
1301.
1285.
1271.
1256.
1243.
1229.
1214.
1201.
1188.
1176.
1163.
1151.
1139.
1128.
1115.
1104.
1092.
1081.
1070.
1058.
1046.
1034.
1023.
1013.
1001.
990.
979.
968.
955.
945.
935.
923.
913.
902.
891.
879.
868.
859.
847.
836.
825.
815.
804.
793.
782.
771.
758.
745.
727.
708.
684.
659.
630.
599.
568.
536.
504.
473.
442.
409.
376.
344.
314.
286.
262.
236.
215.
194.
175.
157.
140.
124.
105.
89.
73.
58.
43.
27.
11.
-2.
-16.
-30.
-43.
-55.
-67.
-81.
-93.
-104.
-115.
-126.
-134.
-145.
-153.
-163.
-171.
-180.
-188.
-196.
-203.
-209.
-216.
-222.
-228.
-233.
-238.
-243.
-247.
-253.
-260.
-267.
-277.
-290.
-304.
-321.
-338.
-356.
-374.
-393.
-411.
-430.
-448.
-465.
-483.
-497.
-512.
-524.
-537.
-549.
-557.
-569.
-580.
-590.
-599.
-610.
-621.
-633.
-641.
-652.
-663.
-673.
-683.
-692.
-703.
-713.
-723.
-732.
-742.
-753.
-763.
-771.
-779.
-788.
-798.
-806.
-814.
-821.
-830.
-839.
-846.
-853.
-858.
-866.
-871.
-879.
-883.
-889.
-892.
-897.
-902.
-907.
-909.
-912.
-916.
-918.
-921.
-923.
-924.
-925.
-927.
-929.
-929.
-929.
-930.
-929.
-930.
-928.
-928.
-928.
-926.
-925.
-922.
-920.
-918.
-916.
-914.
-911.
-908.
-904.
-899.
-896.
-892.
-886.
-881.
-876.
-872.
-866.
-860.
-855.
-848.
-840.
-834.
-825.
-819.
-810.
-802.
-794.
-784.
-774.
-765.
-756.
-746.
-737.
-724.
-714.
-704.
-692.
-680.
-668.
-654.
-642.
-627.
-614.
-598.
-583.
-568.
-550.
-535.
-517.
-500.
-482.
-465.
-443.
-423.
-402.
-381.
-359.
-338.
-314.
-291.
-266.
-241.
-213.
-187.
-159.
-131.
-103.
-70.
-39.
-7.
25.
57.
93.
129.
165.
200.
237.
274.
311.
348.
387.
424.
464.
503.
542.
578.
617.
657.
695.
731.
768.
806.
841.
875.
909.
943.
977.
1009.
1042.
1072.
1102.
1132.
1162.
1188.
1216.
1244.
1270.
1295.
1321.
1345.
1369.
1391.
1415.
1437.
1460.
1483.
1503.
1525.
1545.
1564.
1584.
1603.
1623.
1643.
1661.
1683.
1701.
1721.
1739.
1758.
1776.
1795.
1812.
1829.
1847.
1862.
1880.
1897.
1912.
1930.
1944.
1961.
1974.
1986.
2001.
2014.
2026.
2036.
2048.
2057.
2066.
2075.
2082.
2090.
2097.
2104.
2111.
2117.
2123.
2129.
2135.
2139.
2145.
2150.
2156.
2159.
2163.
2166.
2171.
2177.
2179.
2182.
2185.
2188.
2189.
2193.
2193.
2193.
2193.
2192.
2192.
2189.
2186.
2180.
2174.
2167.
2162.
2153.
2144.
2137.
2129.
2119.
2110.
2100.
2090.
2081.
2072.
2059.
2051.
2039.
2027.
2017.
2004.
1992.
1982.
1971.
1959.
1950.
1940.
1933.
1930.
1927.
1925.
1923.
1921.
1921.
1921.
1918.
1916.
1912.
1909.
1903.
1899.
1890.
1881.
1872.
1860.
1847.
1833.
1818.
1803.
1788.
1773.
1758.
1743.
1729.
1714.
1701.
1689.
1676.
1664.
1654.
1641.
1631.
1619.
1611.
1601.
1591.
1582.
1572.
1562.
1553.
1542.
1533.
1523.
1511.
1499.
1488.
1476.
1463.
1451.
1438.
1428.
1417.
1405.
1395.
1382.
1369.
1357.
1345.
1332.
1318.
1303.
1291.
1277.
1265.
1252.
1237.
1225.
1213.
1198.
1183.
1170.
1157.
1141.
1127.
1112.
1098.
1083.
1068.
1052.
1036.
1022.
1005.
989.
973.
957.
939.
922.
904.
889.
871.
855.
835.
818.
799.
778.
758.
739.
720.
701.
681.
664.
647.
628.
610.
592.
573.
554.
534.
515.
496.
478.
459.
439.
419.
400.
383.
363.
345.
326.
305.
287.
267.
248.
227.
208.
189.
172.
154.
136.
119.
102.
82.
64.
46.
28.
10.
-8.
-25.
-43.
-62.
-79.
-97.
-116.
-132.
-152.
-168.
-186.
-202.
-220.
-236.
-254.
-271.
-288.
-302.
-319.
-337.
-355.
-371.
-388.
-405.
-418.
-435.
-450.
-465.
-480.
-492.
-509.
-522.
-537.
-550.
-563.
-573.
-586.
-596.
-608.
-619.
-629.
-638.
-648.
-657.
-665.
-672.
-678.
-685.
-689.
-694.
-699.
-704.
-709.
-712.
-716.
-720.
-722.
-723.
-726.
-730.
-729.
-730.
-730.
-730.
-731.
-731.
-731.
-730.
-729.
-729.
-727.
-726.
-723.
-719.
-717.
-713.
-710.
-706.
-701.
-698.
-691.
-688.
-684.
-679.
-672.
-665.
-660.
-655.
-648.
-641.
-633.
-626.
-617.
-610.
-600.
-592.
-583.
-574.
-564.
-553.
-543.
-533.
-522.
-512.
-500.
-487.
-475.
-462.
-450.
-436.
-422.
-407.
-394.
-379.
-363.
-348.
-332.
-316.
-301.
-284.
-268.
-251.
-236.
-221.
-207.
-198.
-186.
-177.
-170.
-161.
-152.
-140.
-129.
-116.
-105.
-98.
-89.
-78.
-66.
-55.
-43.
-33.
-21.
-9.
1.
15.
28.
44.
58.
72.
86.
102.
118.
134.
149.
168.
187.
206.
225.
245.
266.
287.
307.
328.
350.
372.
395.
416.
441.
464.
487.
511.
535.
558.
585.
609.
633.
658.
684.
708.
733.
759.
784.
809.
836.
861.
885.
910.
936.
960.
984.
1007.
1030.
1052.
1075.
1097.
1119.
1140.
1160.
1180.
1200.
1218.
1238.
1255.
1273.
1289.
1306.
1321.
1335.
1349.
1364.
1378.
1390.
1403.
1414.
1425.
1437.
1447.
1457.
1465.
1475.
1485.
1491.
1500.
1505.
1511.
1518.
1523.
1529.
1536.
1540.
1545.
1549.
1555.
1558.
1562.
1565.
1567.
1570.
1574.
1576.
1579.
1580.
1582.
1585.
1586.
1588.
1587.
1591.
1591.
1590.
1591.
1591.
1592.
1590.
1591.
1591.
1591.
1591.
1589.
1588.
1586.
1585.
1584.
1583.
1581.
1579.
1577.
1576.
1573.
1570.
1569.
1566.
1563.
1560.
1558.
1556.
1552.
1549.
1547.
1543.
1539.
1537.
1533.
1529.
1526.
1523.
1518.
1514.
1510.
1507.
1503.
1498.
1494.
1489.
1485.
1482.
1479.
1478.
1481.
1487.
1493.
1504.
1513.
1524.
1535.
1547.
1557.
1567.
1576.
1585.
1590.
1593.
1593.
1593.
1594.
1593.
1590.
1587.
1584.
1582.
1580.
1578.
1575.
1571.
1569.
1566.
1562.
1559.
1556.
1549.
1545.
1541.
1535.
1530.
1523.
1517.
1512.
1506.
1498.
1491.
1484.
1477.
1468.
1459.
1451.
1442.
1432.
1422.
1412.
1399.
1390.
1379.
1367.
1356.
1343.
1331.
1320.
1308.
1294.
1280.
1268.
1255.
1239.
1226.
1213.
1198.
1184.
1171.
1157.
1144.
1129.
1115.
1101.
1088.
1073.
1060.
1046.
1035.
1021.
1008.
996.
983.
969.
957.
945.
932.
920.
908.
897.
884.
873.
861.
848.
837.
824.
811.
799.
788.
777.
764.
754.
742.
730.
720.
709.
697.
686.
676.
665.
654.
644.
633.
623.
614.
603.
593.
586.
574.
565.
554.
542.
527.
510.
489.
464.
439.
412.
386.
359.
332.
305.
279.
253.
228.
204.
183.
165.
149.
134.
119.
108.
93.
81.
67.
55.
43.
31.
20.
7.
-2.
-14.
-25.
-37.
-47.
-57.
-67.
-77.
-86.
-97.
-106.
-115.
-124.
-132.
-140.
-149.
-156.
-164.
-171.
-176.
-183.
-190.
-196.
-200.
-206.
-211.
-215.
-219.
-225.
-228.
-232.
-235.
-238.
-242.
-243.
-246.
-247.
-250.
-251.
-252.
-253.
-255.
-254.
-256.
-255.
-256.
-255.
-253.
-252.
-253.
-251.
-251.
-248.
-247.
-244.
-244.
-240.
-236.
-235.
-234.
-234.
-237.
-243.
-251.
-256.
-266.
-271.
-279.
-284.
-289.
-291.
-292.
-291.
-292.
-291.
-289.
-289.
-288.
-287.
-286.
-284.
-283.
-280.
-280.
-278.
-279.
-277.
-277.
-273.
-273.
-272.
-269.
-267.
-264.
-264.
-261.
-259.
-256.
-255.
-252.
-249.
-246.
-244.
-240.
-236.
-232.
-229.
-225.
-221.
-217.
-212.
-207.
-203.
-198.
-193.
-189.
-183.
-178.
-171.
-167.
-159.
-153.
-147.
-139.
-133.
-125.
-117.
-111.
-102.
-93.
-84.
-77.
-66.
-57.
-46.
-36.
-25.
-14.
-2.
10.
23.
35.
50.
63.
79.
92.
108.
123.
138.
155.
173.
192.
210.
229.
247.
268.
290.
312.
336.
357.
380.
405.
430.
456.
482.
508.
535.
563.
591.
618.
650.
678.
709.
739.
769.
801.
831.
862.
895.
925.
957.
989.
1020.
1052.
1083.
1114.
1145.
1176.
1205.
1237.
1266.
1294.
1324.
1351.
1378.
1405.
1432.
1459.
1483.
1508.
1532.
1555.
1577.
1602.
1623.
1645.
1664.
1684.
1703.
1721.
1735.
1744.
1754.
1761.
1769.
1776.
1784.
1793.
1805.
1815.
1825.
1833.
1842.
1850.
1857.
1865.
1871.
1877.
1884.
1891.
1898.
1904.
1911.
1915.
1921.
1926.
1933.
1937.
1943.
1948.
1953.
1959.
1963.
1969.
1974.
1978.
1982.
1987.
1992.
1996.
2002.
2007.
2011.
2014.
2017.
2021.
2021.
2023.
2023.
2021.
2020.
2019.
2017.
2015.
2013.
2009.
2005.
2002.
1998.
1994.
1990.
1985.
1981.
1976.
1969.
1963.
1956.
1949.
1942.
1936.
1929.
1920.
1912.
1904.
1894.
1884.
1874.
1866.
1855.
1846.
1835.
1823.
1813.
1802.
1791.
1779.
1768.
1756.
1743.
1732.
1720.
1707.
1694.
1682.
1669.
1656.
1643.
1630.
1615.
1603.
1589.
1575.
1560.
1544.
1530.
1517.
1500.
1487.
1472.
1456.
1442.
1426.
1412.
1396.
1382.
1368.
1360.
1352.
1350.
1348.
1351.
1350.
1350.
1349.
1345.
1341.
1335.
1327.
1319.
1311.
1299.
1291.
1280.
1270.
1260.
1250.
1237.
1226.
1216.
1205.
1192.
1181.
1169.
1158.
1147.
1137.
1125.
1114.
1103.
1092.
1079.
1068.
1057.
1045.
1033.
1021.
1010.
999.
986.
976.
964.
952.
940.
928.
917.
904.
892.
879.
869.
856.
844.
832.
821.
807.
795.
783.
772.
758.
746.
735.
724.
711.
700.
688.
677.
666.
655.
644.
633.
622.
609.
595.
586.
574.
562.
548.
531.
513.
490.
466.
439.
413.
386.
355.
328.
301.
276.
249.
225.
201.
180.
158.
137.
118.
100.
80.
62.
45.
27.
9.
-7.
-24.
-41.
-60.
-80.
-98.
-120.
-140.
-161.
-182.
-204.
-226.
-248.
-272.
-292.
-313.
-334.
-354.
-375.
-395.
-413.
-432.
-450.
-467.
-485.
-500.
-516.
-529.
-543.
-557.
-569.
-584.
-593.
-603.
-611.
-621.
-629.
-637.
-645.
-651.
-658.
-665.
-670.
-676.
-681.
-685.
-690.
-694.
-698.
-701.
-703.
-705.
-708.
-709.
-710.
-712.
-714.
-713.
-717.
-717.
-715.
-715.
-714.
-714.
-713.
-715.
-712.
-713.
-710.
-708.
-705.
-703.
-701.
-698.
-695.
-693.
-689.
-685.
-679.
-678.
-673.
-668.
-665.
-659.
-654.
-648.
-641.
-636.
-629.
-623.
-616.
-607.
-602.
-593.
-585.
-577.
-568.
-560.
-550.
-539.
-528.
-518.
-508.
-496.
-484.
-471.
-459.
-444.
-431.
-417.
-403.
-388.
-372.
-354.
-339.
-321.
-303.
-284.
-263.
-245.
-223.
-203.
-181.
-160.
-137.
-113.
-89.
-64.
-39.
-13.
12.
40.
66.
93.
121.
144.
160.
172.
177.
179.
180.
180.
181.
185.
192.
200.
210.
224.
239.
251.
267.
280.
292.
305.
319.
334.
348.
362.
377.
394.
407.
421.
436.
452.
466.
481.
497.
512.
528.
546.
561.
576.
593.
609.
625.
643.
661.
677.
694.
711.
729.
747.
765.
784.
800.
821.
840.
859.
879.
899.
919.
939.
960.
982.
1003.
1024.
1043.
1066.
1087.
1108.
1129.
1150.
1174.
1195.
1218.
1239.
1261.
1283.
1304.
1325.
1344.
1368.
1388.
1408.
1427.
1446.
1466.
1484.
1503.
1521.
1537.
1554.
1571.
1586.
1601.
1618.
1630.
1643.
1655.
1668.
1679.
1692.
1702.
1710.
1719.
1729.
1737.
1744.
1750.
1756.
1760.
1765.
1770.
1774.
1779.
1782.
1786.
1788.
1790.
1792.
1793.
1793.
1794.
1794.
1794.
1794.
1794.
1793.
1791.
1791.
1790.
1787.
1785.
1781.
1780.
1776.
1774.
1769.
1766.
1761.
1758.
1752.
1747.
1741.
1736.
1729.
1725.
1719.
1713.
1707.
1700.
1693.
1687.
1679.
1672.
1664.
1658.
1649.
1643.
1635.
1628.
1619.
1610.
1603.
1595.
1586.
1578.
1569.
1562.
1552.
1544.
1537.
1527.
1518.
1509.
1501.
1492.
1482.
1474.
1465.
1456.
1446.
1437.
1429.
1420.
1409.
1403.
1393.
1384.
1374.
1365.
1356.
1347.
1338.
1331.
1326.
1322.
1321.
1323.
1323.
1326.
1326.
1326.
1325.
1325.
1321.
1316.
1310.
1303.
1295.
1289.
1279.
1270.
1263.
1253.
1244.
1234.
1225.
1217.
1210.
1203.
1194.
1188.
1182.
1177.
1172.
1169.
1166.
1164.
1161.
1159.
1157.
1156.
1153.
1148.
1147.
1145.
1142.
1138.
1133.
1130.
1124.
1117.
1112.
1103.
1096.
1087.
1077.
1069.
1059.
1051.
1040.
1029.
1018.
1005.
990.
977.
961.
947.
931.
917.
903.
889.
873.
859.
844.
828.
813.
799.
784.
770.
755.
740.
725.
710.
695.
680.
664.
651.
636.
621.
607.
592.
577.
562.
550.
534.
519.
506.
490.
476.
460.
449.
434.
420.
406.
392.
377.
365.
350.
335.
323.
309.
294.
281.
268.
254.
237.
220.
202.
180.
158.
135.
108.
80.
52.
22.
-8.
-37.
-65.
-94.
-121.
-148.
-175.
-199.
-221.
-242.
-261.
-280.
-296.
-311.
-326.
-339.
-353.
-364.
-377.
-389.
-401.
-413.
-423.
-432.
-442.
-452.
-460.
-468.
-477.
-485.
-493.
-500.
-507.
-514.
-519.
-524.
-531.
-534.
-539.
-544.
-548.
-551.
-553.
-555.
-557.
-559.
-561.
-561.
-563.
-562.
-562.
-562.
-562.
-562.
-561.
-561.
-557.
-559.
-556.
-552.
-550.
-548.
-546.
-544.
-540.
-537.
-534.
-532.
-527.
-524.
-520.
-516.
-511.
-507.
-502.
-496.
-492.
-485.
-479.
-475.
-469.
-461.
-455.
-449.
-443.
-435.
-428.
-420.
-413.
-405.
-397.
-388.
-381.
-372.
-362.
-354.
-343.
-334.
-324.
-313.
-303.
-293.
-282.
-271.
-259.
-247.
-235.
-223.
-210.
-199.
-186.
-172.
-157.
-145.
-130.
-116.
-102.
-87.
-72.
-56.
-41.
-24.
-8.
8.
24.
41.
56.
75.
91.
111.
129.
147.
165.
184.
200.
218.
236.
247.
259.
261.
259.
256.
251.
250.
247.
247.
250.
253.
253.
257.
261.
267.
273.
281.
291.
304.
314.
324.
335.
346.
357.
369.
382.
394.
407.
420.
434.
449.
463.
479.
494.
510.
526.
542.
559.
577.
597.
615.
633.
653.
673.
693.
714.
735.
757.
779.
802.
826.
851.
876.
901.
927.
953.
980.
1005.
1034.
1061.
1088.
1118.
1146.
1176.
1204.
1235.
1265.
1293.
1323.
1351.
1382.
1409.
1439.
1468.
1496.
1525.
1553.
1579.
1605.
1632.
1656.
1678.
1697.
1715.
1729.
1739.
1748.
1755.
1763.
1770.
1780.
1786.
1795.
1803.
1811.
1819.
1827.
1836.
1844.
1853.
1861.
1870.
1877.
1887.
1895.
1906.
1913.
1922.
1931.
1941.
1951.
1959.
1967.
1977.
1987.
1995.
2004.
2012.
2019.
2027.
2033.
2039.
2046.
2053.
2060.
2066.
2072.
2078.
2085.
2090.
2097.
2104.
2110.
2115.
2120.
2125.
2131.
2136.
2140.
2145.
2151.
2156.
2161.
2166.
2172.
2175.
2179.
2184.
2185.
2188.
2189.
2191.
2191.
2190.
2188.
2187.
2184.
2182.
2178.
2174.
2171.
2168.
2163.
2157.
2153.
2148.
2142.
2135.
2129.
2121.
2114.
2106.
2100.
2094.
2085.
2077.
2068.
2060.
2053.
2045.
2037.
2029.
2017.
2009.
2000.
1990.
1982.
1974.
1965.
1954.
1945.
1935.
1924.
1913.
1905.
1893.
1884.
1872.
1863.
1849.
1841.
1829.
1819.
1807.
1797.
1785.
1773.
1761.
1749.
1737.
1723.
1712.
1700.
1688.
1676.
1662.
1651.
1639.
1625.
1612.
1599.
1587.
1575.
1558.
1546.
1532.
1519.
1505.
1493.
1478.
1466.
1451.
1438.
1425.
1409.
1397.
1383.
1370.
1357.
1343.
1329.
1318.
1304.
1289.
1275.
1261.
1246.
1232.
1218.
1206.
1190.
1174.
1159.
1144.
1127.
1112.
1096.
1079.
1064.
1049.
1034.
1018.
1001.
986.
970.
955.
940.
928.
913.
900.
888.
875.
865.
856.
847.
840.
833.
826.
818.
810.
803.
793.
784.
774.
762.
751.
737.
724.
711.
698.
685.
669.
657.
644.
629.
616.
604.
591.
578.
567.
556.
542.
528.
516.
501.
487.
470.
453.
435.
416.
396.
377.
358.
338.
318.
297.
276.
257.
236.
218.
197.
177.
155.
133.
110.
87.
64.
42.
18.
-4.
-29.
-53.
-75.
-98.
-121.
-144.
-167.
-189.
-212.
-234.
-255.
-276.
-296.
-318.
-336.
-357.
-375.
-394.
-412.
-429.
-445.
-461.
-477.
-490.
-502.
-514.
-525.
-535.
-543.
-553.
-561.
-567.
-575.
-582.
-588.
-593.
-600.
-605.
-610.
-615.
-618.
-622.
-625.
-628.
-630.
-634.
-636.
-638.
-639.
-640.
-639.
-640.
-641.
-639.
-639.
-639.
-638.
-635.
-634.
-631.
-628.
-625.
-621.
-616.
-614.
-610.
-606.
-602.
-596.
-590.
-583.
-577.
-574.
-568.
-559.
-551.
-545.
-536.
-529.
-520.
-513.
-503.
-494.
-485.
-474.
-465.
-457.
-444.
-434.
-423.
-412.
-400.
-388.
-373.
-361.
-348.
-335.
-320.
-305.
-292.
-275.
-261.
-245.
-227.
-210.
-193.
-174.
-155.
-135.
-115.
-96.
-74.
-55.
-33.
-10.
13.
36.
59.
85.
107.
128.
148.
164.
178.
188.
199.
208.
217.
230.
238.
247.
256.
264.
275.
286.
298.
309.
320.
331.
344.
357.
374.
390.
408.
425.
442.
459.
476.
496.
513.
532.
552.
573.
594.
614.
635.
656.
676.
696.
716.
736.
756.
779.
799.
821.
844.
866.
889.
914.
937.
960.
984.
1009.
1033.
1058.
1083.
1111.
1136.
1161.
1187.
1212.
1237.
1260.
1283.
1308.
1330.
1354.
1375.
1397.
1418.
1439.
1459.
1479.
1499.
1517.
1536.
1554.
1571.
1588.
1603.
1619.
1634.
1649.
1661.
1673.
1686.
1697.
1708.
1719.
1727.
1737.
1746.
1755.
1762.
1768.
1775.
1782.
1786.
1791.
1796.
1801.
1802.
1805.
1809.
1812.
1814.
1815.
1815.
1817.
1817.
1817.
1816.
1816.
1816.
1813.
1812.
1811.
1809.
1807.
1805.
1801.
1799.
1795.
1790.
1786.
1783.
1778.
1774.
1768.
1762.
1757.
1750.
1745.
1740.
1731.
1726.
1719.
1710.
1704.
1696.
1689.
1680.
1671.
1665.
1656.
1648.
1640.
1629.
1620.
1609.
1599.
1590.
1580.
1571.
1560.
1549.
1540.
1527.
1517.
1506.
1494.
1483.
1473.
1466.
1461.
1460.
1462.
1465.
1470.
1477.
1484.
1489.
1495.
1500.
1505.
1507.
1509.
1509.
1509.
1509.
1505.
1500.
1495.
1489.
1486.
1480.
1476.
1472.
1467.
1464.
1458.
1453.
1447.
1443.
1438.
1433.
1425.
1420.
1414.
1409.
1403.
1396.
1388.
1383.
1376.
1369.
1362.
1355.
1346.
1338.
1328.
1324.
1314.
1305.
1296.
1286.
1279.
1268.
1258.
1249.
1238.
1226.
1216.
1206.
1196.
1183.
1173.
1161.
1150.
1138.
1126.
1114.
1104.
1091.
1078.
1064.
1053.
1040.
1028.
1016.
1005.
989.
978.
964.
950.
936.
923.
909.
895.
880.
868.
851.
837.
822.
807.
793.
775.
764.
749.
732.
718.
702.
688.
672.
658.
643.
628.
615.
602.
587.
573.
558.
545.
530.
516.
501.
487.
472.
455.
438.
422.
400.
381.
355.
330.
305.
279.
250.
220.
191.
161.
132.
100.
71.
42.
15.
-13.
-42.
-69.
-99.
-125.
-151.
-178.
-203.
-229.
-254.
-280.
-301.
-326.
-351.
-370.
-394.
-415.
-437.
-459.
-479.
-499.
-517.
-536.
-557.
-574.
-596.
-616.
-635.
-652.
-670.
-686.
-703.
-721.
-738.
-752.
-768.
-782.
-794.
-807.
-818.
-831.
-842.
-851.
-861.
-870.
-882.
-893.
-900.
-910.
-918.
-925.
-932.
-939.
-946.
-950.
-954.
-958.
-962.
-966.
-967.
-969.
-972.
-973.
-972.
-971.
-972.
-970.
-970.
-968.
-966.
-964.
-962.
-958.
-955.
-952.
-949.
-944.
-940.
-936.
-931.
-926.
-920.
-915.
-910.
-902.
-897.
-889.
-883.
-875.
-868.
-860.
-852.
-845.
-836.
-828.
-818.
-808.
-798.
-789.
-778.
-768.
-758.
-747.
-735.
-722.
-713.
-699.
-686.