473.
473.
474.
475.
476.
477.
476.
476.
476.
477.
477.
477.
477.
476.
475.
477.
477.
474.
475.
474.
474.
473.
470.
469.
467.
466.
463.
463.
460.
459.
456.
454.
453.
449.
447.
445.
443.
440.
436.
434.
432.
428.
426.
422.
420.
417.
414.
410.
407.
404.
400.
397.
394.
391.
387.
385.
380.
378.
373.
370.
367.
363.
360.
357.
353.
347.
345.
341.
337.
333.
330.
326.
324.
325.
330.
334.
340.
348.
354.
361.
367.
372.
377.
381.
383.
383.
382.
382.
382.
382.
382.
381.
383.
382.
382.
382.
381.
381.
381.
382.
383.
382.
382.
383.
383.
382.
383.
385.
385.
386.
385.
388.
389.
390.
391.
392.
392.
393.
394.
396.
397.
398.
400.
403.
404.
405.
406.
409.
413.
413.
414.
418.
421.
422.
426.
431.
435.
437.
440.
443.
447.
450.
452.
456.
463.
466.
470.
474.
478.
481.
486.
492.
496.
499.
503.
508.
511.
514.
515.
515.
513.
508.
504.
502.
500.
499.
500.
503.
505.
507.
508.
509.
509.
509.
510.
510.
511.
512.
510.
511.
511.
510.
510.
509.
508.
506.
506.
505.
502.
501.
500.
497.
496.
494.
492.
489.
488.
486.
483.
480.
477.
475.
471.
468.
464.
463.
458.
457.
453.
449.
445.
443.
438.
436.
431.
427.
423.
419.
416.
412.
406.
404.
399.
394.
390.
384.
380.
376.
372.
367.
362.
358.
353.
349.
344.
338.
333.
328.
323.
317.
314.
308.
303.
297.
293.
288.
283.
277.
271.
268.
261.
255.
249.
244.
238.
233.
228.
222.
217.
212.
208.
205.
204.
206.
209.
213.
219.
225.
227.
231.
233.
234.
233.
232.
229.
228.
225.
224.
225.
221.
221.
219.
218.
217.
214.
214.
212.
211.
211.
210.
208.
207.
208.
207.
206.
205.
204.
204.
203.
203.
205.
204.
206.
206.
206.
207.
207.
207.
208.
210.
212.
211.
212.
213.
215.
216.
220.
220.
221.
222.
224.
225.
227.
228.
226.
222.
215.
205.
196.
190.
185.
181.
177.
176.
174.
171.
171.
170.
169.
169.
168.
166.
165.
162.
159.
158.
156.
152.
149.
145.
143.
140.
138.
133.
131.
126.
122.
117.
112.
109.
103.
99.
95.
89.
83.
78.
73.
68.
63.
55.
51.
46.
41.
33.
28.
22.
15.
10.
4.
-3.
-10.
-14.
-20.
-27.
-35.
-40.
-47.
-55.
-61.
-67.
-73.
-80.
-85.
-93.
-99.
-105.
-111.
-117.
-124.
-130.
-136.
-142.
-148.
-152.
-160.
-164.
-169.
-175.
-181.
-185.
-190.
-197.
-200.
-205.
-209.
-215.
-220.
-224.
-228.
-233.
-237.
-241.
-246.
-248.
-252.
-256.
-260.
-264.
-268.
-270.
-274.
-278.
-281.
-285.
-288.
-290.
-294.
-297.
-300.
-302.
-306.
-308.
-310.
-315.
-316.
-320.
-321.
-324.
-326.
-329.
-330.
-333.
-333.
-337.
-336.
-341.
-342.
-345.
-344.
-347.
-348.
-349.
-350.
-352.
-352.
-352.
-354.
-355.
-355.
-356.
-356.
-357.
-358.
-357.
-358.
-359.
-359.
-360.
-359.
-359.
-360.
-360.
-358.
-358.
-357.
-358.
-355.
-356.
-354.
-353.
-353.
-353.
-349.
-349.
-347.
-346.
-344.
-342.
-341.
-339.
-336.
-335.
-333.
-329.
-327.
-325.
-325.
-322.
-319.
-316.
-315.
-315.
-317.
-320.
-320.
-325.
-328.
-329.
-329.
-328.
-329.
-329.
-327.
-327.
-328.
-327.
-328.
-329.
-330.
-330.
-331.
-335.
-335.
-336.
-338.
-340.
-344.
-347.
-347.
-350.
-352.
-356.
-358.
-362.
-364.
-369.
-371.
-374.
-377.
-381.
-385.
-388.
-391.
-395.
-398.
-403.
-406.
-409.
-413.
-417.
-421.
-427.
-431.
-434.
-438.
-441.
-445.
-450.
-456.
-460.
-465.
-466.
-471.
-475.
-479.
-485.
-486.
-492.
-496.
-500.
-503.
-507.
-510.
-512.
-509.
-504.
-497.
-488.
-478.
-468.
-461.
-454.
-448.
-444.
-439.
-435.
-431.
-429.
-426.
-428.
-426.
-426.
-425.
-425.
-423.
-423.
-420.
-419.
-417.
-417.
-415.
-414.
-413.
-412.
-409.
-409.
-406.
-405.
-403.
-400.
-398.
-396.
-394.
-391.
-389.
-387.
-385.
-382.
-379.
-377.
-375.
-372.
-369.
-366.
-364.
-359.
-355.
-353.
-347.
-344.
-339.
-335.
-330.
-326.
-320.
-316.
-311.
-306.
-299.
-296.
-289.
-282.
-275.
-268.
-261.
-254.
-245.
-238.
-232.
-222.
-215.
-205.
-198.
-188.
-179.
-170.
-160.
-150.
-140.
-131.
-120.
-109.
-99.
-88.
-79.
-67.
-56.
-46.
-36.
-30.
-27.
-26.
-30.
-32.
-32.
-33.
-30.
-29.
-23.
-19.
-12.
-6.
-1.
3.
7.
8.
13.
16.
21.
25.
26.
30.
32.
36.
40.
42.
43.
45.
46.
49.
50.
53.
54.
55.
55.
57.
58.
59.
59.
59.
61.
59.
61.
59.
61.
61.
62.
62.
61.
61.
62.
61.
63.
61.
64.
64.
66.
70.
76.
84.
92.
102.
111.
115.
123.
129.
136.
142.
149.
154.
160.
162.
165.
169.
172.
175.
178.
180.
185.
188.
191.
195.
198.
200.
205.
208.
211.
214.
217.
222.
225.
229.
233.
237.
242.
244.
250.
252.
257.
262.
268.
272.
276.
280.
285.
291.
298.
302.
305.
312.
319.
324.
331.
336.
343.
349.
358.
364.
372.
378.
385.
392.
400.
409.
417.
426.
435.
443.
451.
461.
470.
478.
488.
498.
506.
517.
527.
538.
546.
557.
567.
578.
589.
596.
603.
608.
607.
603.
600.
597.
595.
594.
597.
597.
602.
606.
610.
613.
615.
619.
622.
623.
627.
630.
632.
634.
636.
637.
638.
641.
642.
643.
645.
645.
647.
649.
649.
650.
651.
653.
654.
654.
655.
655.
656.
657.
658.
656.
657.
657.
659.
657.
659.
658.
658.
657.
657.
657.
657.
655.
656.
654.
653.
655.
655.
651.
652.
651.
649.
648.
647.
646.
645.
643.
642.
642.
641.
639.
639.
635.
634.
633.
631.
630.
629.
625.
624.
622.
619.
619.
620.
620.
624.
627.
631.
637.
642.
647.
650.
654.
660.
661.
665.
668.
670.
670.
671.
674.
676.
678.
680.
682.
684.
685.
686.
691.
694.
696.
699.
702.
707.
708.
712.
716.
719.
723.
727.
733.
737.
742.
747.
752.
758.
763.
769.
775.
781.
788.
795.
803.
809.
816.
825.
833.
841.
849.
856.
864.
874.
884.
891.
899.
911.
920.
930.
937.
947.
956.
965.
975.
984.
997.
1005.
1012.
1022.
1031.
1041.
1050.
1058.
1066.
1074.
1083.
1091.
1099.
1106.
1112.
1120.
1127.
1131.
1136.
1144.
1149.
1155.
1160.
1165.
1169.
1173.
1176.
1182.
1183.
1186.
1188.
1191.
1194.
1194.
1197.
1199.
1200.
1201.
1201.
1202.
1203.
1206.
1206.
1206.
1205.
1207.
1207.
1208.
1208.
1208.
1208.
1209.
1208.
1209.
1208.
1208.
1207.
1208.
1209.
1207.
1206.
1206.
1207.
1205.
1206.
1206.
1205.
1205.
1205.
1204.
1204.
1203.
1203.
1202.
1202.
1202.
1200.
1200.
1200.
1199.
1200.
1197.
1197.
1195.
1195.
1194.
1192.
1193.
1191.
1190.
1189.
1188.
1187.
1185.
1185.
1184.
1184.
1182.
1179.
1177.
1177.
1175.
1173.
1172.
1170.
1169.
1168.
1165.
1165.
1161.
1161.
1159.
1156.
1153.
1152.
1149.
1147.
1146.
1141.
1140.
1137.
1136.
1133.
1131.
1126.
1126.
1125.
1125.
1128.
1132.
1138.
1141.
1146.
1154.
1159.
1163.
1167.
1173.
1174.
1178.
1180.
1183.
1185.
1186.
1189.
1192.
1193.
1198.
1201.
1203.
1207.
1211.
1215.
1219.
1224.
1229.
1233.
1238.
1243.
1250.
1256.
1261.
1266.
1274.
1280.
1286.
1293.
1302.
1308.
1315.
1323.
1332.
1340.
1346.
1356.
1366.
1374.
1383.
1391.
1401.
1410.
1419.
1428.
1439.
1446.
1458.
1467.
1477.
1485.
1492.
1502.
1511.
1520.
1528.
1533.
1542.
1548.
1553.
1560.
1566.
1570.
1574.
1577.
1581.
1584.
1586.
1588.
1590.
1592.
1591.
1592.
1593.
1593.
1591.
1592.
1589.
1589.
1588.
1586.
1584.
1582.
1581.
1578.
1576.
1574.
1572.
1570.
1568.
1565.
1563.
1560.
1557.
1555.
1552.
1549.
1546.
1542.
1539.
1538.
1534.
1531.
1527.
1524.
1521.
1516.
1512.
1509.
1506.
1503.
1499.
1494.
1490.
1488.
1484.
1480.
1475.
1473.
1467.
1464.
1460.
1455.
1451.
1447.
1440.
1438.
1432.
1427.
1424.
1417.
1412.
1406.
1402.
1398.
1391.
1384.
1379.
1374.
1369.
1361.
1355.
1351.
1348.
1346.
1344.
1347.
1350.
1353.
1356.
1358.
1362.
1366.
1367.
1367.
1366.
1367.
1366.
1365.
1364.
1364.
1362.
1361.
1360.
1360.
1358.
1358.
1356.
1355.
1354.
1355.
1353.
1354.
1354.
1355.
1352.
1353.
1352.
1352.
1352.
1352.
1352.
1352.
1351.
1353.
1354.
1354.
1352.
1354.
1356.
1355.
1355.
1357.
1359.
1358.
1358.
1361.
1362.
1363.
1364.
1367.
1369.
1370.
1371.
1373.
1375.
1376.
1380.
1380.
1383.
1385.
1386.
1387.
1392.
1393.
1395.
1399.
1401.
1402.
1405.
1407.
1411.
1413.
1415.
1416.
1420.
1421.
1424.
1428.
1430.
1431.
1430.
1428.
1423.
1415.
1406.
1400.
1393.
1388.
1383.
1381.
1379.
1377.
1377.
1370.
1368.
1364.
1361.
1357.
1353.
1347.
1343.
1337.
1332.
1325.
1319.
1315.
1309.
1301.
1294.
1287.
1281.
1272.
1265.
1258.
1249.
1241.
1234.
1226.
1216.
1208.
1199.
1191.
1183.
1171.
1163.
1154.
1146.
1135.
1126.
1115.
1108.
1097.
1089.
1076.
1068.
1058.
1048.
1038.
1026.
1017.
1005.
995.
986.
976.
967.
956.
946.
934.
924.
912.
903.
893.
882.
873.
864.
854.
845.
834.
825.
815.
809.
799.
789.
782.
773.
767.
762.
762.
763.
767.
771.
776.
779.
782.
785.
788.
787.
786.
784.
781.
778.
775.
773.
769.
766.
764.
761.
757.
755.
753.
750.
747.
745.
741.
740.
737.
734.
730.
726.
725.
722.
718.
716.
714.
711.
706.
703.
700.
697.
694.
692.
689.
686.
682.
677.
674.
671.
669.
666.
662.
658.
653.
650.
645.
641.
637.
635.
630.
625.
621.
617.
613.
609.
604.
598.
594.
590.
584.
579.
573.
568.
562.
557.
550.
544.
538.
532.
525.
519.
512.
506.
500.
492.
486.
479.
473.
466.
458.
452.
444.
436.
428.
421.
414.
406.
397.
392.
385.
382.
381.
384.
388.
394.
400.
408.
415.
423.
429.
435.
439.
441.
443.
443.
441.
441.
438.
437.
435.
435.
433.
433.
431.
430.
428.
427.
425.
424.
424.
423.
421.
421.
421.
420.
419.
419.
416.
416.
415.
415.
414.
413.
412.
411.
411.
409.
410.
407.
406.
405.
405.
404.
404.
402.
400.
399.
399.
394.
395.
393.
393.
391.
390.
391.
388.
385.
384.
383.
380.
379.
379.
377.
373.
372.
371.
367.
364.
363.
362.
358.
356.
353.
351.
348.
344.
341.
337.
334.
330.
326.
322.
318.
313.
309.
306.
301.
297.
291.
286.
281.
275.
270.
266.
260.
254.
249.
242.
236.
229.
225.
218.
210.
204.
197.
193.
191.
190.
192.
198.
205.
211.
217.
221.
224.
226.
228.
229.
229.
229.
229.
227.
224.
222.
222.
219.
218.
216.
214.
214.
213.
211.
209.
209.
207.
205.
205.
203.
201.
200.
197.
196.
196.
194.
193.
192.
190.
189.
188.
186.
185.
184.
183.
180.
179.
178.
177.
175.
174.
173.
171.
170.
169.
166.
166.
166.
166.
164.
163.
163.
163.
161.
161.
161.
161.
161.
160.
160.
160.
160.
161.
162.
162.
161.
162.
163.
160.
156.
151.
142.
135.
127.
123.
119.
117.
115.
114.
111.
109.
108.
105.
104.
102.
100.
97.
94.
92.
89.
85.
82.
79.
76.
73.
68.
65.
60.
55.
50.
45.
41.
36.
30.
26.
21.
14.
10.
3.
-3.
-9.
-15.
-21.
-28.
-32.
-39.
-44.
-52.
-59.
-66.
-73.
-81.
-85.
-92.
-99.
-105.
-113.
-120.
-128.
-134.
-142.
-149.
-155.
-162.
-170.
-176.
-181.
-189.
-197.
-203.
-210.
-216.
-221.
-229.
-233.
-238.
-245.
-250.
-255.
-262.
-268.
-273.
-278.
-283.
-288.
-292.
-295.
-296.
-291.
-289.
-283.
-276.
-272.
-269.
-265.
-265.
-265.
-265.
-267.
-268.
-270.
-270.
-271.
-272.
-272.
-273.
-274.
-273.
-274.
-275.
-275.
-275.
-274.
-274.
-276.
-276.
-275.
-274.
-273.
-273.
-273.
-272.
-273.
-271.
-270.
-269.
-267.
-267.
-266.
-262.
-261.
-260.
-257.
-256.
-254.
-251.
-247.
-246.
-244.
-242.
-238.
-236.
-234.
-231.
-228.
-225.
-223.
-222.
-224.
-228.
-233.
-239.
-244.
-248.
-253.
-253.
-253.
-251.
-251.
-251.
-251.
-250.
-254.
-252.
-252.
-255.
-255.
-256.
-257.
-260.
-260.
-261.
-266.
-269.
-272.
-274.
-277.
-279.
-283.
-286.
-287.
-292.
-296.
-300.
-304.
-307.
-312.
-316.
-321.
-325.
-328.
-334.
-337.
-342.
-346.
-351.
-355.
-362.
-366.
-372.
-378.
-381.
-387.
-391.
-397.
-402.
-408.
-412.
-416.
-424.
-428.
-433.
-438.
-443.
-449.
-454.
-459.
-464.
-468.
-474.
-477.
-480.
-479.
-477.
-472.
-465.
-458.
-451.
-446.
-446.
-444.
-443.
-444.
-446.
-446.
-446.
-447.
-447.
-448.
-448.
-449.
-448.
-451.
-449.
-449.
-448.
-448.
-448.
-451.
-449.
-449.
-448.
-448.
-447.
-448.
-446.
-445.
-445.
-445.
-445.
-442.
-442.
-440.
-439.
-437.
-434.
-436.
-433.
-431.
-429.
-426.
-425.
-423.
-419.
-417.
-414.
-411.
-410.
-407.
-404.
-399.
-397.
-393.
-389.
-384.
-381.
-377.
-374.
-368.
-364.
-361.
-359.
-358.
-359.
-361.
-366.
-370.
-371.
-370.
-370.
-367.
-365.
-362.
-360.
-355.
-353.
-352.
-350.
-349.
-347.
-345.
-343.
-342.
-340.
-337.
-337.
-336.
-335.
-333.
-331.
-329.
-330.
-328.
-327.
-325.
-325.
-324.
-322.
-322.
-321.
-321.
-320.
-320.
-320.
-318.
-319.
-318.
-319.
-318.
-319.
-318.
-318.
-317.
-318.
-317.
-319.
-318.
-319.
-318.
-320.
-321.
-321.
-322.
-320.
-322.
-323.
-325.
-325.
-327.
-328.
-329.
-329.
-328.
-326.
-322.
-315.
-308.
-297.
-285.
-275.
-265.
-255.
-247.
-239.
-235.
-227.
-222.
-216.
-212.
-208.
-206.
-201.
-199.
-196.
-190.
-188.
-184.
-182.
-178.
-175.
-170.
-167.
-164.
-160.
-157.
-151.
-148.
-145.
-141.
-135.
-131.
-128.
-122.
-119.
-112.
-109.
-105.
-101.
-94.
-89.
-84.
-78.
-74.
-67.
-62.
-56.
-51.
-45.
-38.
-31.
-23.
-18.
-10.
-4.
4.
12.
19.
29.
37.
45.
53.
63.
71.
81.
93.
102.
112.
123.
133.
145.
155.
164.
179.
189.
199.
210.
220.
232.
242.
250.
257.
259.
257.
257.
255.
257.
258.
262.
265.
271.
278.
284.
287.
293.
294.
302.
305.
310.
315.
318.
322.
324.
328.
331.
333.
335.
338.
340.
343.
345.
345.
348.
350.
351.
352.
354.
353.
354.
355.
357.
357.
357.
357.
358.
358.
356.
357.
357.
357.
356.
357.
356.
353.
353.
353.
352.
351.
349.
348.
346.
345.
342.
341.
340.
340.
336.
335.
333.
331.
330.
327.
322.
322.
320.
317.
315.
312.
311.
311.
314.
315.
321.
326.
333.
337.
341.
345.
349.
351.
355.
358.
360.
362.
364.
364.
366.
368.
368.
370.
371.
372.
372.
375.
376.
377.
379.
380.
384.
384.
385.
388.
390.
391.
394.
396.
399.
400.
403.
407.
408.
411.
416.
419.
422.
426.
429.
434.
438.
444.
449.
455.
460.
465.
471.
478.
483.
491.
497.
505.
511.
519.
528.
537.
544.
552.
560.
568.
578.
586.
596.
604.
612.
621.
628.
632.
634.
630.
630.
630.
630.
631.
636.
640.
645.
650.
653.
658.
662.
666.
669.
674.
676.
680.
684.
688.
689.
693.
695.
698.
700.
704.
708.
709.
711.
714.
714.
716.
718.
721.
722.
723.
726.
727.
727.
728.
729.
730.
732.
733.
734.
734.
735.
735.
735.
736.
737.
738.
738.
737.
740.
740.
741.
741.
742.
742.
742.
742.
742.
743.
742.
742.
742.
743.
742.
742.
742.
739.
739.
740.
740.
740.
738.
736.
738.
737.
736.
735.
737.
741.
743.
749.
755.
761.
767.
774.
780.
787.
793.
796.
802.
807.
811.
815.
819.
824.
828.
833.
838.
844.
847.
853.
859.
867.
871.
877.
883.
890.
897.
902.
911.
918.
924.
933.
941.
950.
957.
966.
976.
983.
994.
1004.
1013.
1023.
1033.
1043.
1053.
1062.
1074.
1083.
1094.
1105.
1116.
1128.
1138.
1148.
1159.
1171.
1181.
1192.
1201.
1211.
1222.
1231.
1243.
1251.
1259.
1269.
1277.
1285.
1293.
1300.
1307.
1314.
1321.
1326.
1330.
1336.
1341.
1344.
1348.
1354.
1355.
1359.
1360.
1363.
1365.
1367.
1368.
1371.
1371.
1373.
1372.
1374.
1372.
1374.
1376.
1375.
1376.
1375.
1374.
1375.
1374.
1374.
1374.
1373.
1374.
1374.
1373.
1372.
1371.
1372.
1371.
1370.
1369.
1369.
1369.
1367.
1366.
1366.
1366.
1364.
1364.
1363.
1362.
1361.
1360.
1358.
1358.
1357.
1356.
1354.
1353.
1354.
1352.
1349.
1348.
1347.
1345.
1344.
1343.
1341.
1339.
1337.
1337.
1334.
1331.
1331.
1330.
1328.
1325.
1324.
1320.
1317.
1315.
1313.
1310.
1307.
1305.
1304.
1301.
1298.
1296.
1294.
1289.
1288.
1286.
1283.
1279.
1277.
1271.
1270.
1266.
1262.
1259.
1256.
1252.
1249.
1244.
1241.
1236.
1234.
1229.
1228.
1224.
1224.
1224.
1229.
1228.
1231.
1233.
1236.
1238.
1240.
1240.
1242.
1243.
1244.
1244.
1243.
1241.
1239.
1239.
1237.
1236.
1232.
1237.
1236.
1236.
1237.
1238.
1241.
1243.
1245.
1250.
1253.
1258.
1261.
1267.
1271.
1277.
1282.
1286.
1292.
1297.
1300.
1303.
1308.
1311.
1315.
1321.
1325.
1327.
1330.
1336.
1340.
1346.
1349.
1354.
1358.
1360.
1366.
1370.
1375.
1381.
1386.
1392.
1399.
1404.
1411.
1415.
1422.
1428.
1435.
1439.
1446.
1452.
1459.
1464.
1470.
1476.
1481.
1489.
1495.
1501.
1507.
1513.
1521.
1525.
1531.
1536.
1543.
1547.
1554.
1560.
1564.
1567.
1572.
1576.
1581.
1585.
1586.
1588.
1591.
1596.
1598.
1600.
1601.
1603.
1604.
1606.
1605.
1605.
1605.
1607.
1605.
1604.
1603.
1602.
1600.
1599.
1597.
1595.
1593.
1591.
1588.
1586.
1582.
1579.
1575.
1572.
1569.
1567.
1562.
1559.
1555.
1550.
1547.
1543.
1538.
1534.
1531.
1525.
1520.
1517.
1512.
1507.
1503.
1497.
1493.
1487.
1483.
1477.
1471.
1467.
1461.
1454.
1450.
1444.
1439.
1433.
1426.
1419.
1415.
1408.
1402.
1395.
1389.
1382.
1377.
1369.
1363.
1355.
1351.
1342.
1335.
1328.
1320.
1313.
1308.
1300.
1294.
1285.
1277.
1270.
1261.
1254.
1249.
1244.
1241.
1239.
1241.
1244.
1249.
1253.
1257.
1258.
1260.
1261.
1262.
1262.
1259.
1258.
1255.
1253.
1251.
1247.
1245.
1242.
1239.
1237.
1235.
1232.
1228.
1227.
1226.
1222.
1220.
1217.
1215.
1212.
1210.
1208.
1206.
1204.
1200.
1198.
1197.
1195.
1193.
1190.
1188.
1185.
1183.
1181.
1178.
1176.
1174.
1170.
1170.
1166.
1163.
1161.
1160.
1156.
1153.
1150.
1150.
1146.
1141.
1139.
1136.
1133.
1130.
1127.
1124.
1119.
1118.
1113.
1111.
1105.
1101.
1097.
1093.
1088.
1083.
1079.
1076.
1070.
1065.
1059.
1056.
1049.
1045.
1038.
1033.
1026.
1020.
1015.
1009.
1001.
995.
988.
981.
974.
968.
959.
952.
944.
936.
926.
919.
910.
900.
891.
884.
875.
866.
856.
847.
840.
830.
820.
811.
802.
794.
789.
783.
784.
787.
791.
794.
801.
806.
811.
814.
816.
817.
816.
814.
814.
811.
807.
804.
803.
800.
797.
795.
792.
790.
786.
786.
783.
779.
778.
774.
771.
769.
767.
765.
763.
759.
758.
756.
754.
751.
748.
749.
746.
745.
741.
739.
739.
736.
735.
734.
731.
730.
729.
727.
726.
723.
721.
721.
719.
720.
718.
718.
717.
716.
714.
715.
715.
715.
714.
713.
715.
715.
715.
716.
716.
716.
714.
712.
709.
702.
692.
685.
678.
673.
671.
668.
667.
665.
662.
662.
660.
659.
654.
653.
652.
648.
645.
643.
638.
636.
633.
629.
626.
623.
616.
613.
608.
605.
599.
594.
590.
584.
576.
572.
566.
559.
552.
546.
539.
534.
527.
519.
512.
505.
497.
490.
482.
474.
466.
458.
450.
443.
434.
426.
417.
410.
401.
392.
385.
376.
367.
358.
352.
345.
334.
326.
319.
310.
304.
297.
289.
283.
275.
267.
261.
254.
246.
241.
234.
229.
223.
216.
211.
206.
203.
200.
201.
203.
206.
210.
214.
217.
216.
216.
214.
212.
207.
205.
204.
201.
200.
198.
196.
193.
192.
190.
188.
186.
184.
182.
182.
179.
179.
177.
177.
175.
175.
172.
172.
170.
170.
170.
170.
169.
170.
169.
167.
169.
167.
168.
169.
170.
170.
171.
171.
170.
170.
172.
173.
174.
174.
176.
177.
176.
175.
175.
172.
165.
159.
151.
143.
138.
133.
131.
130.
127.
123.
121.
119.
117.
114.
112.
109.
106.
101.
99.
95.
91.
86.
81.
76.
73.
66.
60.
55.
49.
43.
37.
30.
23.
17.
9.
2.
-4.
-11.
-19.
-26.
-34.
-43.
-51.
-59.
-68.
-76.
-86.
-94.
-101.
-109.
-119.
-128.
-136.
-144.
-154.
-161.
-170.
-178.
-186.
-194.
-201.
-209.
-218.
-224.
-231.
-239.
-246.
-252.
-259.
-264.
-271.
-277.
-282.
-287.
-293.
-297.
-303.
-308.
-312.
-316.
-321.
-324.
-327.
-331.
-334.
-338.
-342.
-346.
-350.
-349.
-355.
-357.
-359.
-361.
-363.
-364.
-367.
-368.
-370.
-370.
-372.
-373.
-374.
-374.
-375.
-374.
-375.
-375.
-374.
-374.
-374.
-373.
-373.
-372.
-372.
-370.
-370.
-369.
-368.
-368.
-366.
-365.
-363.
-362.
-359.
-358.
-355.
-355.
-354.
-354.
-356.
-358.
-361.
-366.
-368.
-370.
-369.
-370.
-369.
-369.
-368.
-367.
-368.
-370.
-368.
-369.
-372.
-371.
-372.
-375.
-377.
-378.
-380.
-383.
-385.
-389.
-389.
-393.
-398.
-400.
-402.
-407.
-410.
-413.
-417.
-421.
-426.
-429.
-434.
-438.
-443.
-446.
-452.
-456.
-462.
-466.
-472.
-475.
-481.
-486.
-493.
-497.
-503.
-508.
-514.
-519.
-525.
-529.
-535.
-542.
-547.
-552.
-558.
-564.
-570.
-577.
-583.
-589.
-593.
-600.
-605.
-612.
-617.
-624.
-631.
-639.
-644.
-650.
-656.
-660.
-666.
-673.
-680.
-686.
-691.
-698.
-701.
-709.
-714.
-720.
-726.
-730.
-736.
-740.
-744.
-749.
-752.
-751.
-750.
-748.
-743.
-738.
-731.
-725.
-719.
-715.
-710.
-705.
-701.
-699.
-696.
-693.
-689.
-686.
-684.
-684.
-682.
-680.
-678.
-676.
-675.
-674.
-672.
-668.
-666.
-665.
-661.
-659.
-657.
-654.
-651.
-649.
-645.
-642.
-639.
-635.
-631.
-629.
-626.
-622.
-618.
-615.
-610.
-605.
-602.
-597.
-593.
-589.
-584.
-580.
-577.
-570.
-564.
-558.
-553.
-548.
-542.
-535.
-530.
-523.
-516.
-510.
-501.
-496.
-489.
-484.
-480.
-478.
-476.
-477.
-478.
-476.
-475.
-469.
-464.
-458.
-452.
-446.
-438.
-434.
-428.
-423.
-417.
-412.
-406.
-402.
-396.
-391.
-386.
-382.
-376.
-370.
-365.
-363.
-357.
-352.
-347.
-343.
-337.
-332.
-330.
-324.
-320.
-315.
-311.
-306.
-301.
-296.
-293.
-289.
-284.
-280.
-275.
-270.
-267.
-262.
-257.
-253.
-248.
-244.
-239.
-236.
-233.
-228.
-223.
-219.
-216.
-212.
-207.
-204.
-200.
-197.
-194.
-191.
-188.
-183.
-181.
-177.
-175.
-170.
-166.
-165.
-161.
-160.
-156.
-155.
-152.
-151.
-147.
-146.
-143.
-141.
-141.
-138.
-137.
-134.
-133.
-132.
-130.
-129.
-127.
-127.
-126.
-124.
-124.
-123.
-123.
-123.
-122.
-123.
-120.
-121.
-120.
-119.
-119.
-117.
-119.
-117.
-115.
-110.
-103.
-94.
-85.
-77.
-66.
-58.
-50.
-44.
-37.
-33.
-27.
-23.
-17.
-16.
-12.
-8.
-4.
-1.
4.
7.
13.
16.
21.
25.
31.
35.
38.
44.
48.
55.
59.
63.
69.
75.
79.
87.
93.
98.
105.
110.
117.
123.
129.
136.
145.
152.
159.
167.
176.
183.
193.
201.
209.
218.
227.
237.
248.
258.
268.
279.
290.
302.
315.
324.
336.
350.
362.
376.
387.
402.
412.
423.
430.
434.
436.
437.
438.
441.
445.
449.
453.
459.
466.
472.
479.
485.
489.
496.
502.
507.
512.
517.
523.
527.
532.
537.
543.
546.
551.
555.
560.
562.
566.
571.
574.
577.
580.
584.
586.
590.
592.
596.
598.
600.
603.
605.
607.
608.
612.
615.
615.
616.
617.
619.
622.
623.
624.
624.
627.
627.
629.
631.
631.
630.
631.
632.
634.
633.
633.
633.
635.
634.
635.
633.
633.
633.
632.
632.
632.
630.
631.
630.
628.
626.
628.
627.
626.
624.
622.
621.
621.
620.
619.
618.
616.
615.
614.
613.
612.
609.
607.
607.
604.
602.
601.
598.
596.
595.
592.
591.
591.
586.
584.
583.
581.
579.
577.
579.
582.
586.
590.
597.
602.
606.
613.
619.
623.
627.
630.
634.
636.
638.
641.
644.
646.
648.
651.
654.
658.
661.
664.
668.
671.
675.
679.
684.
688.
693.
699.
705.
709.
713.
719.
727.
732.
739.
746.
755.
761.
769.
775.
785.
793.
803.
811.
821.
832.
842.
854.
862.
873.
883.
896.
906.
918.
929.
940.
952.
964.
976.
988.
1000.
1011.
1023.
1036.
1047.
1058.
1070.
1079.
1089.
1099.
1108.
1118.
1127.
1136.
1143.
1150.
1156.
1163.
1168.
1174.
1178.
1181.
1185.
1188.
1191.
1194.
1195.
1198.
1198.
1200.
1203.
1202.
1206.
1206.
1206.
1206.
1206.
1208.
1207.
1207.
1207.
1207.
1207.
1207.
1207.
1207.
1207.
1207.
1207.
1206.
1203.
1204.
1203.
1202.
1200.
1200.
1198.
1198.
1197.
1195.
1194.
1192.
1193.
1192.
1191.
1188.
1187.
1185.
1185.
1185.
1182.
1180.
1178.
1177.
1175.
1174.
1174.
1170.
1168.
1165.
1164.
1163.
1161.
1158.
1158.
1155.
1155.
1155.
1157.
1163.
1168.
1174.
1179.
1185.
1192.
1198.
1203.
1209.
1215.
1220.
1222.
1228.
1230.
1234.
1239.
1242.
1245.
1249.
1255.
1259.
1262.
1268.
1272.
1277.
1282.
1288.
1292.
1299.
1304.
1309.
1315.
1321.
1327.
1333.
1342.
1348.
1355.
1362.
1368.
1375.
1383.
1389.
1396.
1404.
1411.
1418.
1424.
1431.
1440.
1447.
1454.
1462.
1470.
1476.
1483.
1490.
1497.
1503.
1511.
1518.
1524.
1530.
1537.
1542.
1550.
1554.
1557.
1563.
1569.
1573.
1575.
1580.
1583.
1585.
1589.
1591.
1593.
1594.
1597.
1597.
1597.
1597.
1598.
1599.
1598.
1597.
1598.
1597.
1595.
1594.
1593.
1590.
1588.
1587.
1585.
1582.
1580.
1577.
1576.
1572.
1570.
1566.
1565.
1560.
1557.
1553.
1550.
1546.
1543.
1539.
1537.
1533.
1528.
1523.
1520.
1515.
1511.
1507.
1504.
1499.
1494.
1490.
1486.
1482.
1477.
1472.
1467.
1462.
1458.
1452.
1447.
1442.
1435.
1430.
1426.
1421.
1415.
1410.
1404.
1398.
1392.
1387.
1380.
1374.
1367.
1361.
1355.
1348.
1341.
1334.
1328.
1320.
1313.
1306.
1298.
1291.
1284.
1277.
1270.
1262.
1254.
1247.
1239.
1232.
1224.
1216.
1207.
1199.
1193.
1189.
1185.
1182.
1184.
1187.
1190.
1192.
1194.
1193.
1193.
1195.
1195.
1193.
1195.
1194.
1190.
1186.
1184.
1181.
1177.
1173.
1170.
1169.
1164.
1162.
1158.
1155.
1153.
1149.
1145.
1143.
1139.
1137.
1132.
1129.
1125.
1123.
1119.
1117.
1113.
1108.
1105.
1101.
1098.
1095.
1091.
1087.
1082.
1079.
1076.
1071.
1068.
1063.
1058.
1054.
1049.
1045.
1040.
1036.
1031.
1026.
1020.
1015.
1010.
1005.
998.
992.
986.
981.
974.
969.
963.
957.
951.
943.
938.
931.
924.
917.
910.
903.
895.
888.
882.
873.
864.
858.
851.
842.
835.
828.
819.
811.
803.
796.
788.
779.
770.
760.
753.
745.
737.
729.
719.
711.
703.
695.
687.
678.
671.
662.
655.
646.
639.
630.
623.
614.
608.
599.
593.
585.
577.
571.
566.
563.
562.
563.
565.
568.
570.
570.
571.
573.
570.
569.
568.
565.
562.
558.
555.
553.
550.
546.
544.
542.
540.
537.
534.
532.
530.
527.
527.
523.
521.
518.
517.
515.
512.
512.
509.
508.
506.
503.
504.
502.
501.
499.
498.
498.
496.
498.
498.
496.
494.
496.
496.
495.
494.
496.
495.
496.
496.
497.
497.
497.
494.
489.
485.
479.
470.
463.
457.
452.
448.
445.
442.
440.
437.
434.
432.
430.
428.
424.
420.
417.
413.
410.
408.
403.
399.
394.
389.
385.
379.
375.
370.
364.
360.
352.
347.
340.
335.
329.
321.
317.
308.
301.
295.
288.
280.
272.
264.
257.
249.
241.
233.
226.
217.
208.
199.
193.
185.
175.
166.
158.
150.
141.
132.
122.
115.
108.
98.
90.
83.
75.
68.
58.
50.
43.
36.
29.
22.
15.
8.
3.
-4.
-11.
-16.
-21.
-27.
-32.
-38.
-42.
-47.
-51.
-56.
-59.
-64.
-68.
-72.
-74.
-78.
-81.
-84.
-86.
-89.
-93.
-95.
-98.
-100.
-101.
-103.
-105.
-108.
-109.
-110.
-110.
-111.
-112.
-114.
-113.
-115.
-115.
-116.
-114.
-115.
-115.
-113.
-114.
-114.
-113.
-115.
-112.
-113.
-114.
-113.
-112.
-111.
-111.
-111.
-111.
-111.
-115.
-119.
-124.
-133.
-140.
-145.
-150.
-155.
-159.
-163.
-167.
-169.
-173.
-175.
-178.
-182.
-187.
-189.
-193.
-197.
-202.
-206.
-210.
-215.
-220.
-226.
-232.
-237.
-243.
-247.
-255.
-260.
-268.
-274.
-280.
-287.
-294.
-302.
-308.
-315.
-323.
-329.
-336.
-345.
-351.
-359.
-365.
-373.
-380.
-389.
-395.
-403.
-410.
-418.
-425.
-434.
-441.
-447.
-452.
-462.
-467.
-475.
-481.
-488.
-495.
-501.
-506.
-512.
-519.
-524.
-529.
-534.
-540.
-546.
-549.
-554.
-559.
-563.
-567.
-570.
-575.
-578.
-582.
-585.
-588.
-591.
-595.
-597.
-600.
-603.
-607.
-608.
-609.
-611.
-614.
-616.
-617.
-619.
-620.
-623.
-624.
-626.
-627.
-628.
-627.
-630.
-630.
-630.
-631.
-631.
-632.
-632.
-633.
-634.
-635.
-634.
-633.
-634.
-633.
-633.
-634.
-635.
-634.
-632.
-631.
-632.
-632.
-630.
-629.
-631.
-629.
-628.
-627.
-627.
-625.
-625.
-622.
-622.
-620.
-618.
-616.
-615.
-614.
-612.
-608.
-608.
-605.
-604.
-601.
-598.
-596.
-594.
-591.
-589.
-585.
-582.
-578.
-577.
-574.
-572.
-568.
-564.
-563.
-562.
-561.
-561.
-562.
-563.
-563.
-562.
-560.
-558.
-555.
-554.
-552.
-550.
-549.
-547.
-546.
-545.
-544.
-544.
-543.
-543.
-543.
-543.
-543.
-544.
-545.
-545.
-547.
-547.
-547.
-549.
-550.
-551.
-552.
-553.
-556.
-557.
-558.
-560.
-562.
-564.
-568.
-568.
-570.
-572.
-575.
-578.
-579.
-581.
-584.
-588.
-588.
-591.
-594.
-598.
-601.
-604.
-607.
-608.
-612.
-615.
-618.
-624.
-629.
-634.
-638.
-644.
-649.
-655.
-658.
-665.
-667.
-672.
-671.
-668.
-663.
-657.
-647.
-638.
-628.
-620.
-612.
-606.
-597.
-589.
-579.
-571.
-563.
-556.
-550.
-545.
-539.
-533.
-525.
-518.
-513.
-506.
-498.
-495.
-489.
-484.
-480.
-476.
-472.
-469.
-464.
-460.
-454.
-451.
-447.
-442.
-437.
-432.
-427.
-421.
-418.
-411.
-404.
-399.
-393.
-387.
-379.
-373.
-367.
-360.
-353.
-345.
-336.
-329.
-320.
-311.
-302.
-294.
-284.
-276.
-265.
-255.
-244.
-235.
-223.
-212.
-200.
-189.
-177.
-164.
-153.
-141.
-127.
-114.
-99.
-85.
-73.
-58.
-42.
-28.
-14.
-1.
12.
24.
31.
33.
34.
33.
33.
33.
35.
39.
45.
53.
61.
69.
74.
78.
84.
90.
95.
102.
107.
111.
114.
121.
124.
128.
133.
137.
141.
144.
147.
150.
154.
158.
161.
165.
167.
170.
172.
176.
180.
181.
183.
186.
189.
190.
192.
195.
196.
198.
198.
199.
202.
203.
204.
206.
207.
207.
209.
210.
211.
211.
214.
214.
215.
217.
217.
217.
219.
220.
220.
220.
220.
219.
222.
222.
223.
223.
225.
228.
234.
238.
245.
253.
261.
268.
275.
282.
289.
295.
300.
307.
312.
316.
319.
327.
330.
336.
341.
345.
352.
357.
364.
369.
376.
382.
387.
396.
403.
410.
418.
426.
434.
442.
451.
461.
469.
479.
490.
499.
509.
521.
531.
543.
556.
568.
581.
593.
607.
621.
633.
648.
662.
675.
690.
707.
720.
736.
750.
766.
779.
797.
812.
827.
844.
859.
875.
890.
904.
920.
934.
947.
962.
975.
987.
993.
997.
996.
995.
994.
994.
997.
1002.
1005.
1006.
1009.
1013.
1018.
1024.
1029.
1034.
1038.
1042.
1046.
1049.
1054.
1058.
1062.
1067.
1071.
1076.
1080.
1082.
1085.
1089.
1092.
1096.
1100.
1103.
1107.
1109.
1113.
1117.
1120.
1124.
1126.
1130.
1133.
1137.
1140.
1143.
1145.
1149.
1151.
1153.
1156.
1158.
1160.
1162.
1164.
1165.
1168.
1169.
1171.
1174.
1174.
1177.
1177.
1180.
1180.
1180.
1182.
1184.
1184.
1186.
1187.
1190.
1190.
1190.
1192.
1194.
1196.
1196.
1196.
1198.
1199.
1201.
1202.
1203.
1204.
1205.
1208.
1208.
1208.
1211.
1212.
1213.
1214.
1216.
1216.
1217.
1220.
1221.
1224.
1226.
1227.
1228.
1230.
1234.
1235.
1237.
1240.
1243.
1244.
1248.
1251.
1254.
1257.
1260.
1263.
1266.
1272.
1276.
1279.
1284.
1289.
1293.
1297.
1303.
1310.
1316.
1322.
1328.
1337.
1344.
1351.
1359.
1367.
1376.
1385.
1394.
1404.
1413.
1426.
1435.
1445.
1456.
1468.
1480.
1492.
1504.
1516.
1528.
1542.
1556.
1569.
1580.
1593.
1607.
1620.
1633.
1645.
1657.
1669.
1683.
1694.
1707.
1718.
1730.
1739.
1749.
1759.
1767.
1775.
1783.
1789.
1797.
1803.
1809.
1813.
1816.
1820.
1824.
1828.
1828.
1830.
1832.
1833.
1833.
1834.
1835.
1835.
1835.
1835.
1835.
1833.
1832.
1833.
1832.
1831.
1830.
1830.
1829.
1827.
1827.
1826.
1826.
1824.
1822.
1822.
1821.
1818.
1817.
1815.
1815.
1812.
1811.
1809.
1807.
1806.
1805.
1803.
1804.
1800.
1799.
1797.
1797.
1795.
1793.
1791.
1792.
1788.
1788.
1785.
1786.
1783.
1783.
1780.
1780.
1778.
1777.
1775.
1775.
1772.
1770.
1769.
1768.
1766.
1764.
1765.
1761.
1760.
1757.
1756.
1755.
1754.
1752.
1750.
1748.
1748.
1746.
1744.
1742.
1742.
1738.
1738.
1736.
1735.
1733.
1732.
1730.
1727.
1723.
1722.
1721.
1720.
1719.
1717.
1716.
1713.
1712.
1707.
1706.
1704.
1703.
1701.
1700.
1697.
1696.
1693.
1691.
1689.
1686.
1684.
1684.
1682.
1680.
1676.
1674.
1671.
1670.
1668.
1666.
1662.
1661.
1659.
1658.
1653.
1650.
1647.
1645.
1643.
1640.
1637.
1635.
1634.
1629.
1626.
1624.
1621.
1617.
1615.
1613.
1609.
1604.
1602.
1599.
1595.
1591.
1586.
1583.
1579.
1576.
1571.
1567.
1562.
1558.
1554.
1550.
1544.
1539.
1535.
1531.
1526.
1521.
1515.
1508.
1503.
1497.
1489.
1483.
1478.
1471.
1465.
1459.
1452.
1446.
1439.
1434.
1425.
1418.
1413.
1406.
1403.
1403.
1404.
1411.
1416.
1424.
1429.
1438.
1445.
1451.
1458.
1464.
1470.
1475.
1482.
1488.
1491.
1494.
1497.
1499.
1500.
1500.
1502.
1503.
1504.
1506.
1506.
1506.
1507.
1508.
1510.
1512.
1513.
1516.
1516.
1519.
1519.
1523.
1525.
1525.
1527.
1529.
1532.
1536.
1535.
1539.
1540.
1542.
1544.
1547.
1549.
1552.
1555.
1556.
1558.
1560.
1563.
1565.
1567.
1569.
1571.
1574.
1575.
1576.
1578.
1580.
1581.
1583.
1584.
1584.
1585.
1585.
1585.
1584.
1585.
1586.
1585.
1583.
1584.
1583.
1579.
1577.
1575.
1574.
1570.
1568.
1567.
1562.
1558.
1553.
1549.
1546.
1540.
1534.
1528.
1524.
1516.
1511.
1503.
1496.
1489.
1483.
1474.
1467.
1459.
1450.
1441.
1433.
1423.
1414.
1404.
1394.
1383.
1374.
1366.
1355.
1343.
1333.
1322.
1311.
1301.
1290.
1278.
1267.
1255.
1245.
1233.
1221.
1211.
1199.
1188.
1175.
1163.
1153.
1140.
1129.
1118.
1105.
1094.
1082.
1071.
1060.
1049.
1036.
1025.
1015.
1004.
993.
985.
974.
965.
955.
946.
935.
928.
919.
911.
903.
895.
888.
881.
872.
865.
859.
852.
845.
839.
833.
826.
820.
815.
810.
804.
799.
794.
790.
786.
781.
776.
772.
768.
764.
761.
758.
754.
751.
748.
745.
741.
738.
737.
734.
733.
730.
729.
726.
725.
724.
723.
722.
720.
717.
716.
719.
717.
715.
710.
707.
699.
690.
679.
665.
656.
649.
641.
634.
628.
623.
618.
613.
609.
604.
600.
594.
590.
586.
580.
575.
571.
565.
558.
551.
546.
539.
534.
526.
518.
511.
504.
496.
488.
481.
473.
466.
455.
446.
438.
429.
420.
411.
402.
391.
380.
371.
362.
352.
341.
331.
322.
309.
300.
289.
280.
268.
257.
247.
239.
225.
217.
204.
195.
186.
174.
165.
154.
145.
135.
125.
118.
109.
99.
91.
82.
75.
66.
58.
50.
43.
36.
29.
21.
14.
7.
2.
-3.
-12.
-19.
-24.
-29.
-35.
-39.
-45.
-49.
-56.
-60.
-64.
-69.
-74.
-79.
-82.
-88.
-92.
-95.
-98.
-102.
-107.
-111.
-113.
-115.
-120.
-123.
-125.
-131.
-134.
-137.
-138.
-141.
-144.
-145.
-148.
-151.
-152.
-154.
-155.
-158.
-158.
-160.
-162.
-164.
-166.
-166.
-168.
-167.
-168.
-170.
-170.
-171.
-172.
-172.
-174.
-173.
-173.
-174.
-174.
-173.
-173.
-175.
-174.
-172.
-173.
-175.
-175.
-176.
-179.
-184.
-187.
-190.
-193.
-193.
-194.
-194.
-195.
-196.
-200.
-201.
-203.
-206.
-208.
-210.
-212.
-217.
-218.
-222.
-225.
-230.
-232.
-237.
-242.
-246.
-251.
-255.
-261.
-265.
-270.
-276.
-282.
-288.
-294.
-302.
-307.
-314.
-320.
-328.
-336.
-344.
-349.
-356.
-365.
-374.
-383.
-391.
-401.
-410.
-420.
-430.
-440.
-453.
-463.
-474.
-485.
-497.
-506.
-516.
-526.
-536.
-545.
-553.
-564.
-573.
-584.
-591.
-600.
-610.
-617.
-623.
-631.
-638.
-643.
-649.
-654.
-659.
-665.
-669.
-674.
-678.
-682.
-686.
-691.
-695.
-698.
-699.
-704.
-707.
-711.
-713.
-716.
-720.
-722.
-724.
-727.
-729.
-732.
-732.
-735.
-737.
-737.
-739.
-740.
-740.
-742.
-742.
-743.
-743.
-744.
-743.
-744.
-744.
-744.
-744.
-743.
-743.
-744.
-743.
-742.
-741.
-740.
-738.
-737.
-735.
-733.
-733.
-731.
-729.
-727.
-725.
-723.
-720.
-718.
-716.
-714.
-712.
-710.
-706.
-703.
-701.
-697.
-694.
-691.
-688.
-686.
-682.
-679.
-676.
-673.
-668.
-665.
-665.
-665.
-666.
-669.
-672.
-674.
-675.
-676.
-675.
-674.
-672.
-672.
-671.
-671.
-671.
-673.
-672.
-674.
-674.
-677.
-677.
-680.
-681.
-683.
-684.
-687.
-689.
-691.
-694.
-697.
-699.
-701.
-704.
-707.
-710.
-712.
-717.
-719.
-723.
-726.
-730.
-733.
-736.
-741.
-745.
-749.
-755.
-758.
-764.
-766.
-770.
-774.
-779.
-785.
-788.
-793.
-798.
-802.
-808.
-810.
-815.
-820.
-825.
-831.
-834.
-837.
-842.
-845.
-850.
-855.
-859.
-863.
-867.
-870.
-874.
-877.
-880.
-883.
-886.
-889.
-892.
-894.
-897.
-898.
-901.
-904.
-906.
-907.
-909.
-910.
-912.
-913.
-914.
-916.
-916.
-918.
-919.
-920.
-921.
-919.
-920.
-921.
-922.
-921.
-920.
-921.
-921.
-921.
-919.
-918.
-918.
-917.
-916.
-917.
-914.
-915.
-913.
-911.
-909.
-908.
-907.
-905.
-904.
-903.
-901.
-899.
-898.