528.
527.
524.
521.
518.
515.
513.
511.
508.
506.
502.
498.
495.
495.
490.
486.
484.
482.
477.
474.
473.
469.
464.
462.
457.
454.
451.
447.
444.
441.
437.
434.
431.
427.
422.
419.
419.
420.
420.
424.
430.
434.
438.
442.
446.
449.
454.
458.
462.
464.
465.
465.
465.
464.
465.
462.
464.
462.
464.
463.
464.
462.
462.
461.
462.
461.
462.
461.
461.
461.
460.
461.
460.
461.
463.
463.
461.
463.
461.
463.
462.
463.
464.
463.
464.
466.
465.
465.
467.
468.
469.
469.
469.
471.
471.
472.
474.
475.
476.
479.
479.
482.
483.
483.
485.
487.
489.
491.
493.
496.
498.
498.
503.
508.
509.
512.
513.
517.
519.
523.
527.
532.
533.
538.
539.
540.
542.
539.
536.
532.
532.
529.
528.
528.
529.
531.
531.
535.
536.
539.
540.
542.
542.
544.
546.
547.
548.
550.
551.
554.
553.
555.
555.
556.
557.
558.
558.
558.
558.
559.
560.
560.
560.
561.
560.
560.
560.
559.
558.
557.
559.
558.
558.
556.
556.
555.
555.
554.
554.
550.
550.
549.
550.
548.
546.
544.
541.
541.
538.
536.
535.
532.
531.
528.
526.
523.
521.
518.
516.
512.
510.
508.
504.
501.
497.
494.
492.
488.
484.
481.
477.
473.
469.
466.
463.
459.
455.
450.
444.
441.
437.
434.
428.
425.
420.
416.
411.
408.
402.
397.
394.
388.
384.
380.
375.
369.
368.
367.
368.
371.
374.
380.
384.
389.
392.
394.
397.
398.
401.
402.
403.
401.
399.
398.
398.
395.
393.
391.
391.
389.
389.
386.
384.
385.
383.
380.
380.
379.
379.
377.
376.
374.
372.
370.
370.
370.
369.
366.
365.
365.
365.
363.
363.
362.
361.
361.
359.
358.
358.
356.
356.
356.
355.
356.
354.
353.
353.
354.
353.
354.
353.
354.
354.
355.
354.
356.
355.
357.
356.
357.
360.
360.
360.
362.
363.
365.
366.
367.
368.
370.
371.
372.
369.
366.
358.
353.
347.
342.
338.
337.
335.
333.
334.
334.
333.
333.
333.
331.
331.
331.
330.
329.
327.
327.
325.
324.
323.
320.
319.
316.
315.
313.
310.
307.
305.
303.
300.
296.
292.
290.
284.
281.
278.
275.
270.
266.
262.
259.
253.
250.
245.
242.
235.
230.
225.
222.
214.
210.
203.
198.
193.
186.
182.
175.
170.
162.
154.
150.
144.
136.
131.
125.
118.
112.
106.
100.
95.
88.
83.
76.
72.
65.
59.
54.
50.
44.
38.
34.
31.
25.
20.
17.
12.
7.
6.
2.
-2.
-6.
-9.
-12.
-14.
-18.
-19.
-23.
-24.
-27.
-29.
-31.
-33.
-35.
-37.
-39.
-38.
-39.
-40.
-40.
-41.
-41.
-42.
-42.
-41.
-41.
-41.
-41.
-41.
-40.
-39.
-37.
-37.
-38.
-37.
-34.
-33.
-31.
-29.
-27.
-25.
-24.
-23.
-21.
-17.
-16.
-15.
-16.
-20.
-24.
-31.
-37.
-43.
-47.
-49.
-49.
-49.
-50.
-49.
-48.
-48.
-46.
-48.
-48.
-49.
-49.
-51.
-51.
-53.
-51.
-53.
-53.
-55.
-57.
-58.
-58.
-61.
-61.
-64.
-65.
-68.
-68.
-71.
-73.
-75.
-78.
-82.
-84.
-86.
-89.
-93.
-96.
-99.
-104.
-106.
-111.
-115.
-119.
-124.
-127.
-131.
-135.
-140.
-143.
-148.
-154.
-159.
-163.
-168.
-173.
-179.
-183.
-187.
-192.
-200.
-206.
-208.
-215.
-222.
-225.
-231.
-237.
-242.
-247.
-254.
-259.
-263.
-270.
-275.
-280.
-285.
-291.
-296.
-301.
-306.
-311.
-315.
-320.
-329.
-334.
-337.
-341.
-346.
-351.
-355.
-360.
-363.
-369.
-372.
-376.
-381.
-386.
-390.
-392.
-395.
-399.
-405.
-405.
-404.
-401.
-398.
-392.
-385.
-376.
-369.
-362.
-356.
-351.
-347.
-345.
-342.
-340.
-339.
-339.
-339.
-337.
-338.
-337.
-336.
-336.
-333.
-333.
-331.
-330.
-329.
-326.
-324.
-322.
-321.
-320.
-317.
-316.
-313.
-310.
-308.
-304.
-302.
-299.
-297.
-293.
-289.
-285.
-281.
-276.
-273.
-270.
-266.
-261.
-255.
-252.
-245.
-240.
-234.
-227.
-220.
-213.
-207.
-200.
-193.
-184.
-176.
-168.
-159.
-150.
-140.
-129.
-119.
-108.
-98.
-88.
-76.
-65.
-53.
-40.
-27.
-15.
-2.
11.
24.
37.
51.
65.
80.
94.
108.
123.
140.
153.
168.
182.
196.
213.
227.
241.
256.
270.
284.
298.
312.
324.
338.
352.
365.
377.
389.
402.
411.
421.
434.
445.
453.
463.
472.
481.
489.
499.
506.
515.
522.
529.
535.
541.
547.
554.
560.
567.
571.
577.
582.
587.
591.
597.
601.
605.
610.
613.
617.
621.
624.
629.
631.
634.
638.
641.
643.
646.
648.
649.
652.
654.
657.
659.
660.
664.
665.
667.
670.
672.
673.
675.
677.
679.
680.
684.
685.
688.
687.
690.
692.
693.
696.
697.
697.
699.
700.
701.
703.
702.
705.
705.
706.
708.
708.
708.
709.
710.
711.
713.
712.
714.
714.
715.
715.
716.
716.
717.
719.
719.
719.
720.
720.
719.
721.
721.
722.
723.
723.
722.
722.
722.
723.
723.
723.
723.
722.
724.
724.
725.
723.
722.
724.
724.
724.
725.
726.
726.
725.
727.
728.
727.
727.
728.
729.
728.
729.
728.
729.
730.
730.
731.
731.
733.
732.
732.
732.
731.
733.
734.
733.
733.
734.
735.
735.
737.
737.
739.
738.
739.
741.
743.
744.
744.
746.
746.
749.
750.
751.
754.
755.
756.
757.
758.
760.
762.
764.
767.
767.
769.
772.
773.
776.
777.
780.
783.
785.
787.
789.
793.
796.
799.
801.
806.
810.
813.
816.
820.
824.
828.
833.
837.
842.
848.
852.
857.
864.
870.
875.
881.
890.
896.
903.
910.
918.
926.
934.
943.
952.
962.
969.
981.
991.
1002.
1010.
1021.
1033.
1046.
1055.
1068.
1078.
1092.
1103.
1116.
1127.
1138.
1150.
1160.
1173.
1185.
1194.
1204.
1215.
1225.
1235.
1244.
1253.
1260.
1268.
1275.
1282.
1288.
1294.
1299.
1306.
1311.
1314.
1318.
1323.
1325.
1329.
1332.
1333.
1337.
1338.
1339.
1341.
1342.
1342.
1344.
1346.
1346.
1346.
1347.
1347.
1348.
1348.
1348.
1349.
1348.
1347.
1347.
1347.
1345.
1345.
1343.
1341.
1339.
1339.
1334.
1333.
1329.
1323.
1322.
1321.
1318.
1315.
1313.
1311.
1311.
1312.
1312.
1313.
1314.
1317.
1323.
1330.
1337.
1346.
1357.
1368.
1380.
1391.
1403.
1413.
1425.
1435.
1443.
1453.
1463.
1470.
1476.
1485.
1491.
1499.
1504.
1512.
1518.
1523.
1530.
1537.
1543.
1549.
1554.
1561.
1566.
1570.
1576.
1581.
1588.
1594.
1599.
1602.
1609.
1615.
1619.
1625.
1631.
1636.
1641.
1647.
1650.
1654.
1659.
1665.
1669.
1674.
1677.
1681.
1686.
1688.
1692.
1694.
1697.
1702.
1705.
1707.
1709.
1713.
1715.
1717.
1720.
1721.
1723.
1724.
1724.
1725.
1728.
1727.
1728.
1728.
1728.
1727.
1728.
1725.
1726.
1722.
1722.
1720.
1719.
1716.
1715.
1713.
1709.
1706.
1704.
1701.
1696.
1694.
1691.
1687.
1681.
1678.
1673.
1669.
1663.
1658.
1653.
1648.
1643.
1639.
1632.
1627.
1621.
1614.
1609.
1602.
1597.
1591.
1585.
1577.
1571.
1565.
1558.
1551.
1545.
1537.
1531.
1524.
1518.
1511.
1503.
1494.
1486.
1479.
1472.
1464.
1455.
1446.
1438.
1429.
1418.
1410.
1401.
1391.
1381.
1370.
1361.
1350.
1341.
1330.
1321.
1311.
1301.
1292.
1284.
1275.
1269.
1265.
1263.
1262.
1262.
1264.
1267.
1272.
1279.
1281.
1287.
1296.
1301.
1306.
1311.
1316.
1319.
1321.
1323.
1324.
1326.
1325.
1327.
1326.
1327.
1327.
1324.
1324.
1324.
1320.
1319.
1318.
1316.
1314.
1313.
1312.
1310.
1309.
1309.
1307.
1307.
1307.
1305.
1304.
1304.
1303.
1304.
1304.
1302.
1301.
1299.
1299.
1300.
1300.
1299.
1299.
1299.
1297.
1297.
1297.
1298.
1297.
1297.
1297.
1299.
1296.
1297.
1297.
1295.
1296.
1297.
1298.
1298.
1297.
1298.
1297.
1294.
1280.
1292.
1298.
1298.
1299.
1299.
1298.
1297.
1298.
1299.
1299.
1299.
1299.
1300.
1299.
1299.
1298.
1299.
1299.
1298.
1299.
1300.
1300.
1299.
1299.
1300.
1299.
1300.
1299.
1300.
1299.
1298.
1297.
1299.
1298.
1298.
1297.
1297.
1297.
1296.
1295.
1295.
1295.
1294.
1292.
1292.
1292.
1289.
1288.
1288.
1287.
1285.
1284.
1284.
1282.
1281.
1278.
1277.
1275.
1274.
1273.
1270.
1269.
1266.
1265.
1265.
1263.
1261.
1259.
1257.
1255.
1252.
1250.
1248.
1247.
1243.
1242.
1240.
1240.
1238.
1235.
1234.
1232.
1229.
1228.
1227.
1225.
1222.
1220.
1219.
1219.
1215.
1214.
1212.
1207.
1200.
1192.
1180.
1168.
1156.
1143.
1131.
1120.
1113.
1104.
1097.
1091.
1087.
1081.
1076.
1073.
1068.
1063.
1059.
1053.
1047.
1042.
1037.
1034.
1028.
1023.
1016.
1011.
1006.
1000.
994.
990.
983.
978.
971.
966.
960.
954.
947.
941.
934.
927.
922.
916.
909.
901.
895.
889.
883.
876.
869.
864.
856.
850.
842.
835.
828.
821.
816.
810.
803.
795.
789.
782.
775.
768.
761.
755.
748.
741.
733.
727.
722.
713.
709.
702.
694.
689.
683.
676.
669.
663.
656.
651.
645.
637.
631.
624.
616.
611.
605.
598.
591.
586.
579.
572.
566.
561.
555.
548.
543.
539.
539.
538.
543.
549.
555.
562.
568.
574.
577.
581.
585.
588.
589.
590.
590.
589.
587.
585.
584.
582.
578.
576.
575.
575.
572.
570.
567.
567.
564.
563.
562.
558.
557.
555.
554.
551.
548.
547.
544.
542.
538.
537.
535.
531.
528.
525.
523.
519.
516.
514.
510.
506.
502.
500.
495.
491.
488.
484.
479.
475.
471.
466.
463.
457.
453.
448.
442.
436.
430.
425.
420.
414.
407.
401.
395.
387.
381.
376.
369.
361.
352.
347.
340.
331.
324.
316.
310.
300.
291.
284.
277.
270.
263.
252.
245.
239.
232.
224.
216.
209.
201.
193.
188.
179.
175.
167.
160.
154.
148.
143.
138.
131.
126.
121.
115.
111.
107.
104.
100.
94.
89.
85.
81.
78.
76.
71.
68.
66.
62.
57.
56.
53.
50.
48.
45.
43.
39.
38.
37.
34.
31.
30.
28.
26.
25.
22.
22.
20.
20.
18.
17.
17.
16.
16.
13.
14.
13.
13.
12.
12.
11.
11.
11.
11.
9.
3.
-1.
-9.
-18.
-26.
-37.
-43.
-50.
-53.
-58.
-61.
-65.
-68.
-70.
-72.
-77.
-79.
-84.
-87.
-90.
-93.
-97.
-101.
-106.
-111.
-117.
-121.
-123.
-129.
-134.
-139.
-146.
-151.
-154.
-161.
-166.
-170.
-176.
-182.
-188.
-194.
-199.
-206.
-212.
-218.
-223.
-228.
-234.
-241.
-247.
-253.
-259.
-266.
-271.
-277.
-284.
-290.
-296.
-301.
-308.
-314.
-319.
-326.
-333.
-340.
-347.
-351.
-357.
-363.
-369.
-373.
-380.
-385.
-391.
-396.
-402.
-408.
-413.
-416.
-423.
-428.
-432.
-437.
-442.
-445.
-452.
-455.
-458.
-462.
-466.
-473.
-476.
-480.
-484.
-487.
-492.
-495.
-498.
-503.
-506.
-509.
-513.
-516.
-520.
-521.
-525.
-527.
-531.
-534.
-537.
-538.
-542.
-545.
-547.
-548.
-551.
-553.
-557.
-558.
-561.
-562.
-566.
-568.
-569.
-571.
-575.
-577.
-578.
-580.
-583.
-585.
-587.
-589.
-592.
-595.
-598.
-599.
-602.
-604.
-602.
-598.
-592.
-583.
-572.
-561.
-547.
-539.
-530.
-524.
-518.
-512.
-507.
-501.
-500.
-498.
-495.
-495.
-494.
-492.
-490.
-489.
-488.
-486.
-486.
-485.
-483.
-480.
-478.
-477.
-474.
-473.
-470.
-466.
-465.
-463.
-458.
-455.
-451.
-449.
-443.
-441.
-438.
-435.
-431.
-429.
-426.
-422.
-420.
-417.
-413.
-411.
-406.
-404.
-398.
-396.
-391.
-387.
-382.
-378.
-374.
-369.
-364.
-360.
-354.
-348.
-345.
-340.
-333.
-329.
-324.
-318.
-311.
-306.
-300.
-292.
-286.
-279.
-270.
-264.
-256.
-250.
-242.
-233.
-223.
-215.
-206.
-197.
-187.
-180.
-169.
-160.
-148.
-137.
-129.
-115.
-104.
-95.
-83.
-71.
-59.
-47.
-33.
-21.
-9.
5.
18.
30.
42.
57.
70.
82.
91.
101.
105.
105.
104.
105.
105.
108.
111.
119.
126.
134.
142.
149.
156.
163.
170.
177.
184.
191.
198.
205.
212.
218.
223.
230.
236.
243.
247.
254.
260.
265.
271.
275.
282.
285.
292.
297.
302.
307.
312.
317.
321.
324.
328.
334.
338.
341.
346.
348.
352.
355.
359.
362.
365.
368.
371.
373.
378.
380.
384.
386.
390.
392.
395.
399.
401.
403.
407.
410.
412.
416.
417.
420.
422.
424.
428.
430.
432.
434.
435.
438.
440.
441.
443.
445.
446.
447.
449.
448.
452.
454.
455.
455.
456.
459.
460.
461.
462.
463.
465.
465.
466.
469.
471.
471.
473.
473.
474.
475.
477.
478.
478.
477.
481.
482.
482.
483.
482.
483.
483.
485.
484.
483.
486.
486.
487.
489.
490.
490.
490.
493.
492.
493.
493.
495.
496.
497.
497.
500.
498.
500.
501.
502.
501.
503.
503.
505.
504.
504.
505.
505.
507.
507.
507.
507.
508.
507.
507.
510.
510.
511.
511.
511.
513.
513.
513.
515.
515.
515.
516.
516.
518.
518.
519.
519.
519.
520.
519.
520.
520.
520.
522.
522.
523.
525.
533.
540.
550.
563.
578.
592.
608.
624.
642.
658.
674.
692.
708.
725.
743.
760.
778.
792.
804.
814.
825.
837.
847.
857.
867.
877.
887.
897.
907.
918.
929.
939.
948.
959.
969.
981.
991.
1001.
1013.
1023.
1036.
1048.
1057.
1062.
1081.
1091.
1102.
1113.
1122.
1134.
1145.
1153.
1164.
1174.
1185.
1193.
1201.
1209.
1218.
1224.
1233.
1239.
1245.
1249.
1255.
1260.
1265.
1266.
1270.
1273.
1278.
1280.
1282.
1282.
1285.
1287.
1287.
1285.
1288.
1286.
1288.
1287.
1287.
1286.
1286.
1285.
1286.
1285.
1282.
1281.
1279.
1278.
1278.
1277.
1276.
1274.
1274.
1271.
1270.
1268.
1267.
1264.
1265.
1262.
1261.
1260.
1259.
1256.
1256.
1253.
1251.
1250.
1248.
1246.
1246.
1244.
1242.
1242.
1245.
1251.
1257.
1268.
1281.
1295.
1309.
1324.
1341.
1358.
1373.
1386.
1400.
1417.
1427.
1440.
1449.
1457.
1468.
1478.
1485.
1495.
1503.
1511.
1521.
1532.
1538.
1548.
1557.
1566.
1575.
1585.
1595.
1603.
1613.
1622.
1630.
1639.
1650.
1657.
1667.
1673.
1681.
1691.
1699.
1705.
1712.
1720.
1726.
1730.
1737.
1743.
1748.
1750.
1754.
1758.
1759.
1762.
1763.
1766.
1766.
1768.
1768.
1767.
1766.
1766.
1764.
1762.
1760.
1759.
1755.
1753.
1750.
1748.
1743.
1742.
1738.
1734.
1730.
1725.
1723.
1717.
1713.
1708.
1704.
1698.
1694.
1689.
1684.
1678.
1672.
1667.
1662.
1656.
1650.
1644.
1639.
1632.
1625.
1617.
1612.
1605.
1598.
1590.
1583.
1574.
1566.
1557.
1547.
1538.
1527.
1515.
1504.
1492.
1481.
1470.
1459.
1446.
1435.
1426.
1416.
1407.
1397.
1393.
1390.
1387.
1386.
1384.
1385.
1383.
1384.
1383.
1385.
1387.
1387.
1390.
1395.
1397.
1402.
1406.
1412.
1415.
1418.
1420.
1422.
1422.
1425.
1423.
1422.
1423.
1422.
1421.
1422.
1419.
1418.
1415.
1413.
1409.
1407.
1406.
1405.
1401.
1397.
1396.
1393.
1388.
1383.
1379.
1376.
1371.
1368.
1364.
1360.
1357.
1354.
1350.
1348.
1343.
1339.
1335.
1332.
1329.
1325.
1320.
1317.
1313.
1308.
1305.
1304.
1296.
1294.
1290.
1286.
1281.
1278.
1274.
1269.
1265.
1261.
1257.
1254.
1250.
1246.
1241.
1237.
1232.
1227.
1224.
1221.
1216.
1211.
1207.
1204.
1198.
1196.
1191.
1187.
1183.
1178.
1173.
1169.
1165.
1162.
1157.
1155.
1149.
1145.
1140.
1138.
1135.
1131.
1126.
1123.
1119.
1114.
1112.
1109.
1107.
1101.
1097.
1093.
1091.
1089.
1083.
1081.
1076.
1074.
1071.
1068.
1066.
1062.
1059.
1056.
1054.
1050.
1048.
1046.
1043.
1040.
1037.
1037.
1035.
1032.
1028.
1027.
1025.
1024.
1021.
1021.
1019.
1015.
1014.
1012.
1012.
1011.
1010.
1009.
1010.
1007.
1005.
1005.
1001.
1000.
994.
985.
974.
963.
952.
941.
932.
922.
916.
911.
906.
901.
895.
893.
888.
884.
881.
876.
871.
866.
862.
858.
853.
847.
844.
837.
831.
825.
819.
813.
808.
803.
795.
788.
782.
776.
770.
763.
755.
749.
743.
734.
727.
719.
713.
707.
697.
691.
684.
677.
669.
664.
657.
650.
642.
636.
629.
622.
616.
610.
604.
597.
591.
586.
581.
577.
571.
566.
561.
556.
552.
547.
542.
541.
538.
532.
528.
525.
521.
519.
517.
513.
510.
509.
502.
494.
482.
469.
454.
439.
423.
410.
397.
386.
375.
369.
360.
356.
349.
344.
340.
335.
330.
324.
320.
314.
310.
305.
298.
294.
290.
284.
279.
274.
269.
264.
258.
252.
248.
242.
236.
230.
225.
219.
212.
207.
202.
197.
189.
184.
177.
172.
166.
160.
154.
148.
142.
134.
130.
123.
115.
109.
103.
98.
90.
84.
77.
72.
64.
58.
51.
46.
38.
31.
23.
17.
10.
3.
-4.
-10.
-16.
-24.
-32.
-37.
-44.
-51.
-58.
-65.
-71.
-78.
-84.
-90.
-97.
-104.
-110.
-116.
-122.
-127.
-132.
-138.
-144.
-149.
-156.
-160.
-164.
-170.
-176.
-181.
-186.
-190.
-195.
-198.
-202.
-208.
-212.
-216.
-219.
-222.
-226.
-230.
-233.
-236.
-239.
-242.
-245.
-248.
-248.
-248.
-253.
-256.
-258.
-259.
-260.
-261.
-263.
-264.
-264.
-265.
-267.
-267.
-267.
-268.
-268.
-267.
-268.
-269.
-269.
-268.
-268.
-268.
-269.
-268.
-269.
-269.
-268.
-266.
-266.
-267.
-269.
-274.
-280.
-289.
-297.
-306.
-318.
-328.
-337.
-345.
-354.
-362.
-369.
-375.
-378.
-383.
-386.
-391.
-395.
-400.
-403.
-409.
-413.
-417.
-420.
-425.
-428.
-433.
-436.
-440.
-444.
-446.
-448.
-452.
-455.
-456.
-460.
-461.
-463.
-466.
-468.
-469.
-470.
-472.
-473.
-473.
-475.
-476.
-477.
-477.
-478.
-480.
-482.
-482.
-482.
-483.
-483.
-484.
-486.
-488.
-490.
-492.
-493.
-494.
-495.
-496.
-497.
-500.
-501.
-500.
-503.
-505.
-507.
-509.
-510.
-511.
-513.
-515.
-516.
-518.
-520.
-521.
-523.
-524.
-525.
-527.
-529.
-531.
-532.
-535.
-537.
-537.
-539.
-540.
-542.
-541.
-545.
-547.
-549.
-549.
-553.
-555.
-557.
-557.
-561.
-563.
-566.
-566.
-567.
-570.
-572.
-573.
-576.
-578.
-581.
-583.
-584.
-587.
-589.
-590.
-593.
-596.
-598.
-599.
-601.
-604.
-606.
-609.
-610.
-612.
-614.
-616.
-617.
-620.
-622.
-624.
-626.
-625.
-623.
-620.
-613.
-604.
-593.
-583.
-573.
-566.
-557.
-550.
-544.
-538.
-533.
-529.
-527.
-525.
-524.
-522.
-522.
-519.
-518.
-516.
-514.
-513.
-509.
-507.
-505.
-502.
-499.
-498.
-493.
-490.
-488.
-485.
-482.
-479.
-476.
-472.
-469.
-465.
-462.
-457.
-454.
-449.
-445.
-442.
-436.
-432.
-429.
-424.
-419.
-413.
-409.
-404.
-397.
-393.
-387.
-382.
-376.
-371.
-364.
-359.
-350.
-345.
-337.
-332.
-323.
-316.
-310.
-303.
-294.
-286.
-279.
-272.
-263.
-254.
-245.
-235.
-228.
-219.
-209.
-199.
-189.
-177.
-165.
-155.
-144.
-133.
-122.
-110.
-97.
-86.
-73.
-58.
-46.
-31.
-18.
-4.
11.
25.
38.
53.
68.
82.
98.
114.
131.
147.
164.
180.
195.
211.
226.
241.
257.
274.
290.
308.
322.
337.
353.
367.
382.
398.
410.
425.
440.
455.
468.
481.
494.
507.
519.
533.
544.
555.
565.
575.
586.
597.
607.
617.
625.
634.
643.
650.
658.
667.
675.
682.
690.
697.
705.
711.
718.
723.
728.
735.
741.
750.
755.
760.
766.
771.
776.
783.
787.
794.
798.
804.
808.
813.
819.
824.
829.
834.
839.
843.
846.
851.
856.
862.
864.
869.
873.
878.
881.
886.
890.
894.
898.
902.
906.
911.
915.
918.
923.
926.
930.
933.
938.
942.
945.
949.
953.
956.
959.
963.
967.
971.
974.
978.
979.
984.
987.
990.
993.
997.
1000.
1002.
1005.
1009.
1013.
1017.
1020.
1024.
1027.
1030.
1035.
1037.
1040.
1042.
1047.
1051.
1055.
1058.
1062.
1065.
1068.
1072.
1077.
1081.
1085.
1089.
1093.
1096.
1100.
1104.
1107.
1111.
1114.
1120.
1124.
1130.
1133.
1137.
1140.
1146.
1149.
1155.
1159.
1163.
1168.
1173.
1178.
1183.
1189.
1195.
1199.
1206.
1212.
1216.
1223.
1229.
1235.
1241.
1247.
1254.
1261.
1267.
1273.
1280.
1287.
1294.
1302.
1307.
1315.
1323.
1330.
1338.
1345.
1352.
1361.
1370.
1377.
1385.
1395.
1402.
1410.
1418.
1426.
1435.
1442.
1451.
1459.
1467.
1476.
1483.
1492.
1499.
1507.
1511.
1520.
1527.
1534.
1540.
1547.
1553.
1558.
1564.
1569.
1575.
1580.
1585.
1588.
1592.
1596.
1601.
1605.
1608.
1610.
1613.
1616.
1617.
1620.
1623.
1623.
1626.
1625.
1627.
1627.
1629.
1630.
1631.
1633.
1632.
1632.
1632.
1633.
1632.
1632.
1633.
1632.
1633.
1633.
1632.
1631.
1634.
1632.
1631.
1631.
1631.
1629.
1629.
1630.
1630.
1630.
1627.
1627.
1627.
1627.
1625.
1624.
1623.
1622.
1621.
1621.
1621.
1620.
1620.
1618.
1616.
1616.
1612.
1610.
1609.
1606.
1602.
1598.
1594.
1591.
1589.
1584.
1579.
1576.
1573.
1570.
1566.
1563.
1560.
1559.
1557.
1557.
1558.
1556.
1557.
1559.
1560.
1564.
1566.
1571.
1575.
1581.
1587.
1592.
1597.
1602.
1609.
1614.
1619.
1624.
1627.
1631.
1635.
1641.
1645.
1647.
1651.
1653.
1657.
1660.
1663.
1667.
1670.
1673.
1676.
1680.
1682.
1687.
1688.
1692.
1695.
1699.
1700.
1704.
1707.
1709.
1711.
1715.
1716.
1718.
1719.
1722.
1723.
1723.
1725.
1726.
1726.
1729.
1728.
1729.
1731.
1732.
1732.
1734.
1734.
1734.
1734.
1732.
1733.
1731.
1732.
1732.
1732.
1731.
1730.
1730.
1728.
1728.
1726.
1725.
1724.
1721.
1719.
1718.
1715.
1713.
1710.
1708.
1707.
1703.
1700.
1697.
1695.
1692.
1689.
1686.
1682.
1679.
1674.
1671.
1666.
1662.
1659.
1654.
1649.
1645.
1639.
1636.
1630.
1627.
1622.
1615.
1611.
1607.
1601.
1596.
1591.
1584.
1577.
1572.
1566.
1560.
1553.
1547.
1541.
1534.
1529.
1521.
1514.
1507.
1500.
1493.
1486.
1479.
1471.
1464.
1455.
1448.
1441.
1432.
1424.
1416.
1408.
1401.
1393.
1384.
1377.
1367.
1360.
1349.
1341.
1333.
1322.
1311.
1302.
1290.
1280.
1268.
1256.
1245.
1230.
1219.
1206.
1193.
1181.
1169.
1156.
1144.
1135.
1123.
1116.
1107.
1101.
1095.
1090.
1084.
1081.
1077.
1075.
1072.
1070.
1069.
1069.
1069.
1069.
1069.
1067.
1068.
1068.
1067.
1067.
1066.
1065.
1064.
1065.
1064.
1063.
1060.
1058.
1057.
1055.
1051.
1049.
1046.
1043.
1041.
1038.
1035.
1034.
1030.
1027.
1024.
1021.
1016.
1013.
1009.
1006.
1000.
996.
994.
990.
985.
979.
977.
972.
969.
964.
961.
956.
953.
948.
945.
942.
937.
933.
929.
926.
921.
917.
914.
910.
905.
902.
897.
894.
889.
884.
882.
878.
874.
870.
869.
866.
863.
859.
856.
854.
850.
847.
846.
843.
840.
836.
834.
832.
831.
828.
826.
824.
821.
819.
818.
816.
813.
811.
810.
810.
807.
804.
805.
802.
801.
799.
797.
796.
792.
789.
785.
778.
770.
758.
745.
730.
719.
708.
696.
689.
683.
679.
673.
669.
663.
658.
654.
649.
644.
639.
633.
629.
625.
619.
614.
609.
603.
598.
593.
587.
581.
576.
571.
566.
559.
554.
548.
543.
536.
532.
526.
520.
515.
509.
503.
498.
490.
486.
480.
475.
467.
462.
457.
450.
444.
439.
433.
427.
422.
417.
410.
405.
399.
393.
389.
383.
375.
371.
366.
360.
355.
350.
344.
339.
334.
328.
323.
319.
314.
310.
303.
297.
293.
289.
283.
278.
273.
269.
264.
259.
255.
250.
245.
240.
236.
234.
229.
224.
218.
215.
212.
206.
202.
199.
196.
189.
186.
184.
179.
173.
170.
167.
162.
159.
155.
152.
149.
145.
142.
137.
134.
130.
128.
124.
122.
118.
116.
115.
111.
108.
106.
104.
100.
97.
95.
93.
92.
88.
87.
86.
84.
81.
80.
78.
75.
73.
72.
71.
70.
69.
66.
66.
63.
62.
61.
60.
59.
59.
57.
56.
57.
57.
55.
54.
54.
53.
53.
53.
52.
52.
53.
52.
52.
52.
52.
52.
53.
53.
53.
53.
55.
56.
56.
57.
58.
60.
58.
60.
60.
61.
58.
56.
50.
43.
36.
30.
24.
19.
13.
11.
8.
6.
1.
-1.
-3.
-6.
-8.
-11.
-11.
-13.
-17.
-18.
-20.
-23.
-23.
-25.
-26.
-27.
-28.
-30.
-31.
-32.
-32.
-34.
-34.
-34.
-36.
-36.
-39.
-41.
-41.
-43.
-43.
-45.
-45.
-46.
-47.
-47.
-49.
-49.
-49.
-50.
-49.
-48.
-49.
-50.
-49.
-51.
-51.
-52.
-52.
-53.
-55.
-56.
-56.
-57.
-59.
-60.
-59.
-60.
-62.
-63.
-64.
-65.
-66.
-67.
-66.
-69.
-70.
-72.
-70.
-72.
-73.
-75.
-74.
-75.
-76.
-79.
-80.
-80.
-80.
-81.
-82.
-82.
-82.
-83.
-81.
-83.
-83.
-83.
-85.
-86.
-85.
-85.
-85.
-86.
-85.
-85.
-85.
-86.
-86.
-87.
-86.
-88.
-87.
-88.
-87.
-87.
-87.
-88.
-88.
-86.
-87.
-86.
-87.
-87.
-88.
-87.
-86.
-85.
-86.
-86.
-84.
-85.
-86.
-84.
-84.
-83.
-83.
-83.
-83.
-82.
-83.
-82.
-82.
-81.
-79.
-78.
-78.
-76.
-76.
-74.
-74.
-73.
-72.
-71.
-69.
-69.
-68.
-67.
-65.
-64.
-63.
-61.
-61.
-61.
-60.
-57.
-57.
-55.
-53.
-51.
-50.
-49.
-45.
-45.
-42.
-40.
-38.
-36.
-34.
-31.
-28.
-26.
-24.
-21.
-17.
-15.
-13.
-11.
-7.
-6.
-2.
0.
2.
5.
7.
13.
21.
30.
40.
50.
63.
74.
85.
99.
111.
120.
130.
139.
147.
157.
166.
173.
182.
189.
196.
203.
211.
220.
226.
234.
243.
251.
261.
270.
280.
288.
297.
306.
316.
326.
336.
347.
356.
367.
378.
389.
399.
410.
420.
433.
445.
456.
468.
481.
492.
504.
514.
528.
541.
553.
565.
577.
590.
602.
612.
626.
638.
651.
660.
671.
685.
695.
705.
716.
727.
737.
747.
756.
766.
775.
783.
791.
800.
810.
816.
825.
830.
839.
844.
849.
854.
862.
867.
872.
877.
882.
886.
891.
895.
897.
901.
905.
908.
910.
913.
915.
916.
919.
920.
922.
924.
929.
929.
929.
929.
932.
933.
933.
935.
937.
937.
937.
938.
939.
939.
940.
939.
940.
939.
940.
939.
939.
938.
939.
939.
939.
938.
937.
936.
935.
935.
935.
934.
933.
932.
931.
929.
929.
929.
927.
925.
925.
924.
921.
920.
918.
916.
917.
915.
914.
910.
908.
908.
906.
904.
903.
900.
900.
897.
894.
891.
892.
890.
890.
887.
885.
883.
882.
882.
879.
878.
877.
875.
874.
873.
871.
870.
868.
868.
868.
866.
867.
869.
876.
881.
893.
904.
914.
924.
935.
948.
959.
971.
982.
994.
1005.
1014.
1023.
1032.
1040.
1047.
1054.
1061.
1069.
1075.
1084.
1092.
1099.
1107.
1117.
1124.
1132.
1141.
1151.
1160.
1169.
1180.
1190.
1199.
1208.
1220.
1228.
1239.
1250.
1260.
1272.
1282.
1291.
1301.
1311.
1320.
1330.
1339.
1349.
1356.
1365.
1374.
1381.
1387.
1396.
1403.
1410.
1415.
1420.
1426.
1429.
1433.
1437.
1441.
1443.
1446.
1449.
1449.
1453.
1454.
1454.
1458.
1456.
1458.
1458.
1460.
1460.
1458.
1458.
1459.
1459.
1458.
1458.
1460.
1458.
1457.
1458.
1456.
1459.
1457.
1456.
1455.
1455.
1453.
1452.
1452.
1450.
1448.
1447.
1444.
1443.
1442.
1441.
1443.
1446.
1453.
1460.
1469.
1478.
1487.
1500.
1513.
1526.
1540.
1552.
1566.
1581.
1595.
1607.
1622.
1632.
1644.
1654.
1668.
1680.
1691.
1703.
1716.
1727.
1738.
1752.
1766.
1779.
1792.
1804.
1816.
1828.
1840.
1851.
1860.
1871.
1882.
1892.
1901.
1911.
1919.
1928.
1936.
1945.
1955.
1961.
1969.
1978.
1985.
1992.
2000.
2006.
2011.
2018.
2023.
2027.
2030.
2033.
2036.
2039.
2038.
2037.
2036.
2036.
2036.
2035.
2032.
2029.
2028.
2026.
2023.
2019.
2018.
2016.
2012.
2007.
2003.
1999.
1995.
1992.
1985.
1981.
1976.
1970.
1966.
1960.
1954.
1950.
1945.
1939.
1932.
1928.
1922.
1916.
1910.
1904.
1898.
1891.
1886.
1880.
1873.
1868.
1860.
1854.
1848.
1842.
1835.
1829.
1822.
1815.
1807.
1801.
1794.
1787.
1780.
1771.
1765.
1758.
1749.
1742.
1735.
1727.
1720.
1712.
1704.
1695.
1685.
1678.
1669.
1659.
1650.
1640.
1629.
1619.
1609.
1599.
1588.
1577.
1568.
1561.
1553.
1548.
1545.
1541.
1540.
1538.
1537.
1534.
1534.
1532.
1532.
1532.
1531.
1530.
1528.
1527.
1526.
1522.
1521.
1518.
1516.
1514.
1513.
1513.
1510.
1507.
1505.
1502.
1501.
1498.
1496.
1492.
1489.
1485.
1481.
1477.
1471.
1465.
1461.
1457.
1452.
1447.
1438.
1431.
1424.
1418.
1411.
1403.
1394.
1387.
1380.
1374.
1365.
1358.
1351.
1344.
1337.
1331.
1324.
1317.
1310.
1303.
1297.
1291.
1284.
1277.
1270.
1264.
1257.
1252.
1245.
1240.
1235.
1229.
1221.
1216.
1210.
1204.
1197.
1192.
1186.
1181.
1175.
1170.
1164.
1158.
1153.
1146.
1141.
1136.
1133.
1127.
1123.
1117.
1113.
1108.
1105.
1098.
1093.
1088.
1085.
1081.
1077.
1072.
1068.
1067.
1063.
1060.
1055.
1052.
1049.
1047.
1045.
1042.
1038.
1036.
1032.
1030.
1026.
1019.
1010.
1001.
988.
975.
961.
948.
936.
927.
919.
913.
907.
900.
894.
889.
885.
880.
876.
872.
867.
862.
858.
852.
848.
842.
837.
832.
829.
823.
817.
811.
807.
801.
796.
790.
787.
782.
775.
770.
766.
762.
755.
751.
747.
743.
739.
733.
728.
723.
720.
713.
711.
706.
702.
697.
696.
691.
686.
682.
672.
646.
669.
667.
663.
659.
655.
650.
647.
643.
641.
636.
634.
630.
627.
622.
619.
617.
612.
609.
607.
605.
600.
598.
595.
593.
589.
586.
585.
582.
581.
577.
576.
574.
572.
568.
567.
565.
561.
560.
559.
557.
553.
548.
539.
529.
518.
505.
492.
478.
464.
454.
445.
434.
425.
418.
412.
406.
398.
392.
383.
376.
368.
361.
352.
346.
336.
329.
322.
311.
302.
294.
287.
279.
271.
263.
255.
247.
238.
231.
225.
218.
210.
203.
196.
191.
184.
177.
172.
166.
157.
151.
141.
131.
121.
110.
99.
87.
76.
65.
53.
42.
32.
23.
13.
4.
-5.
-16.
-24.
-33.
-42.
-49.
-56.
-63.
-71.
-77.
-83.
-90.
-96.
-103.
-109.
-114.
-120.
-127.
-131.
-137.
-146.
-149.
-153.
-158.
-166.
-169.
-173.
-180.
-184.
-189.
-193.
-198.
-201.
-207.
-210.
-214.
-216.
-222.
-226.
-228.
-233.
-234.
-238.
-242.
-244.
-247.
-248.
-250.
-253.
-254.
-256.
-258.
-260.
-260.
-261.
-261.
-264.
-266.
-267.
-266.
-266.
-266.
-266.
-267.
-268.
-267.
-267.
-266.
-268.
-266.
-267.
-265.
-265.
-262.
-264.
-262.
-262.
-259.
-258.
-256.
-256.
-255.
-252.
-252.
-257.
-259.
-264.
-270.
-276.
-283.
-287.
-291.
-294.
-296.
-297.
-297.
-299.
-300.
-301.
-301.
-302.
-302.
-304.
-305.
-308.
-306.
-308.
-307.
-310.
-311.
-311.
-311.
-312.
-313.
-313.
-314.
-316.
-316.
-316.
-317.
-318.
-318.
-319.
-320.
-320.
-320.
-321.
-321.
-322.
-324.
-324.
-324.
-325.
-326.
-326.
-326.
-327.
-328.
-329.
-328.
-331.
-330.
-330.
-329.
-329.
-331.
-332.
-330.
-331.
-332.
-332.
-332.
-330.
-333.
-332.
-331.
-331.
-333.
-333.
-332.
-332.
-332.
-332.
-332.
-332.
-331.
-330.
-330.
-330.
-329.
-329.
-328.
-328.
-329.
-328.
-327.
-327.
-325.
-327.
-326.
-325.
-323.
-324.
-321.
-321.
-320.
-320.
-318.
-316.
-315.
-314.
-313.
-310.
-308.
-308.
-307.
-304.
-302.
-300.
-297.
-297.
-294.
-292.
-290.
-290.
-287.
-283.
-282.
-280.
-278.
-274.
-272.
-270.
-266.
-266.
-261.
-259.
-255.
-253.
-250.
-246.
-243.
-239.
-236.
-232.
-226.
-218.
-206.
-193.
-177.
-162.
-145.
-128.
-109.
-94.
-79.
-68.
-55.
-42.
-29.
-16.
-4.
10.
24.
36.
49.
61.
76.
88.
101.
112.
125.
134.
146.
157.
167.
177.
188.
198.
206.
216.
227.
235.
246.
256.
265.
275.
286.
297.
303.
313.
323.
329.
338.
348.
356.
364.
374.
384.
393.
401.
410.
418.
427.
436.
444.
453.
463.
470.
478.
488.
496.
504.
512.
522.
528.
537.
546.
554.
561.
568.
576.
584.
593.
598.
606.
613.
620.
627.
632.
640.
647.
654.
660.
666.
673.
679.
685.
692.
696.
702.
707.
713.
717.
724.
728.
733.
738.
743.
747.
751.
756.
760.
763.
768.
772.
776.
778.
782.
785.
790.
794.
795.
797.
800.
802.
806.
808.
812.
813.
816.
818.
821.
822.
824.
826.
827.
830.
832.
833.
836.
837.
839.
840.
842.
841.
844.
844.
845.
846.
844.
848.
848.
849.
849.
850.
850.
849.
851.
850.
852.
852.
851.
854.
853.
854.
856.
856.
856.
855.
856.
857.
857.
857.
857.
858.
857.
858.
857.
857.
858.
858.
857.
858.
859.
857.
858.
858.
858.
858.
859.
859.
859.
859.
860.
860.
861.
862.
862.
864.
863.
864.
865.
868.
868.
868.
870.
871.
872.
873.
875.
874.
876.
877.
880.
880.
881.
883.
886.
887.
890.
891.
895.
896.
897.
900.
903.
905.
909.
912.
913.
918.
920.
924.
927.
930.
934.
937.
941.
945.
949.
954.
958.
961.
963.
968.
974.
980.
983.
989.
993.
997.
1004.
1008.
1013.
1018.
1025.
1030.
1035.
1043.
1049.
1055.
1060.
1068.
1074.
1080.
1087.
1092.
1098.
1105.
1113.
1120.
1127.
1134.
1140.
1149.
1153.
1161.
1168.
1174.
1180.
1187.
1193.
1198.
1204.
1209.
1217.
1222.
1228.
1232.
1237.
1244.
1248.
1253.
1256.
1260.
1265.
1268.
1271.
1275.
1277.
1282.
1284.
1286.
1289.
1290.
1293.
1294.
1296.
1299.
1298.
1298.
1301.
1301.
1300.
1303.
1309.
1317.
1326.
1340.
1354.
1372.
1391.
1409.
1429.
1451.
1472.
1494.
1514.
1535.
1559.
1579.
1601.
1620.
1639.
1658.
1676.
1692.
1708.
1722.
1733.
1744.
1754.
1761.
1769.
1774.
1779.
1787.
1790.
1794.
1800.
1805.
1808.
1810.
1812.
1814.
1816.
1817.
1820.
1820.
1821.
1822.
1822.
1822.
1820.
1820.
1820.
1817.
1816.
1814.
1814.
1811.
1807.
1806.
1804.
1802.
1799.
1795.
1790.
1790.
1786.
1782.
1779.
1776.
1771.
1767.
1763.
1760.
1755.
1751.
1747.
1744.
1739.
1736.
1730.
1727.
1721.
1717.
1711.
1707.
1704.
1699.
1693.
1688.
1684.
1679.
1673.
1669.
1663.
1660.
1653.
1650.
1643.
1638.
1632.
1628.
1622.
1616.
1612.
1606.
1601.
1595.
1590.
1584.
1577.
1571.
1565.
1559.
1554.
1547.
1541.
1537.
1532.
1532.
1534.
1539.
1544.
1551.
1558.
1567.
1574.
1582.
1589.
1595.
1602.
1606.
1611.
1612.
1614.
1613.
1613.
1612.
1611.
1611.
1611.
1610.
1610.
1609.
1609.
1608.
1608.
1607.
1608.
1607.
1607.
1607.
1607.
1607.
1605.
1604.
1604.
1605.
1605.
1606.
1605.
1604.
1603.
1603.
1604.
1603.
1602.
1601.
1599.
1599.
1600.
1598.
1597.
1598.
1595.
1594.
1594.
1593.
1591.
1591.
1589.
1588.
1586.
1587.
1585.
1582.
1581.
1578.
1577.
1576.
1574.
1572.
1570.
1569.
1565.
1561.
1559.
1556.
1555.
1552.
1549.
1545.
1543.
1539.
1536.
1534.
1530.
1526.
1523.
1519.
1515.
1512.
1506.
1501.
1498.
1495.
1490.
1486.
1481.
1476.
1473.
1468.
1463.
1459.
1454.
1450.
1444.
1440.
1436.
1431.
1425.
1421.
1416.
1413.
1408.
1403.
1397.
1393.
1388.
1383.
1379.
1375.
1370.
1364.
1359.
1355.
1351.
1347.
1340.
1337.
1333.
1330.
1322.
1316.
1314.
1308.
1302.
1299.
1295.
1290.
1284.
1281.
1274.
1270.
1265.
1262.
1256.
1251.
1246.
1242.
1238.
1235.
1230.
1226.
1220.
1215.
1208.
1197.
1185.
1171.
1155.
1138.
1122.
1108.
1093.
1080.
1068.
1057.
1046.
1037.
1029.
1019.
1012.
1003.
996.
988.
982.
974.
967.
958.
951.
943.
935.
928.
920.
914.
904.
896.
889.
883.
875.
867.
859.
851.
845.
836.
830.
824.
817.
810.
804.
798.
790.
784.
778.
771.
766.
758.
753.
749.
742.
737.
732.
727.
722.
717.
712.
707.
701.
697.
693.
689.
685.
680.
677.
673.
669.
665.
660.
658.
655.
650.
648.
644.
642.
640.
636.
632.
631.
629.
626.
622.
621.
618.
613.
607.
599.
589.
574.
560.
543.
530.
515.
500.
484.
471.
457.
442.
432.
421.
413.
406.
397.
389.
381.
374.
366.
358.
348.
343.
334.
326.
319.
310.
301.
293.
284.
276.
267.
258.
249.
241.
232.
224.
216.
207.
197.
189.
182.
173.
164.
156.
148.
139.
132.
125.
117.
109.
102.
95.
88.
81.
73.
67.
61.
55.
47.
42.
37.
31.
24.
18.
14.
8.
4.
-1.
-7.
-12.
-15.
-19.
-23.
-27.
-31.
-34.
-37.
-44.
-46.
-48.
-50.
-53.
-55.
-57.
-60.
-61.
-65.
-66.
-69.
-71.
-70.
-72.
-72.
-75.
-74.
-76.
-75.
-76.
-76.
-76.
-77.
-77.
-76.
-75.
-73.
-73.
-71.
-72.
-71.
-71.
-69.
-74.
-81.
-89.
-95.
-105.
-116.
-126.
-135.
-143.
-151.
-156.
-161.
-163.
-167.
-170.
-173.
-175.
-178.
-181.
-185.
-188.
-191.
-195.
-200.
-203.
-208.
-211.
-216.
-221.
-225.
-231.
-233.
-238.
-242.
-248.
-253.
-257.
-263.
-267.
-273.
-277.
-282.
-288.
-293.
-297.
-302.
-308.
-314.
-320.
-323.
-329.
-334.
-339.
-345.
-352.
-356.
-361.
-366.
-371.
-376.
-381.
-387.
-391.
-396.
-401.
-405.
-410.
-415.
-418.
-424.
-427.
-432.
-436.
-439.
-444.
-448.
-453.
-456.
-459.
-465.
-469.
-474.
-479.
-484.
-488.
-494.
-498.
-500.
-506.
-509.
-513.
-516.
-520.
-522.
-525.
-529.
-531.
-532.
-533.
-534.
-534.
-531.
-531.
-529.
-527.
-524.
-522.
-518.
-514.
-512.
-508.
-505.
-503.
-501.
-499.
-498.
-495.
-493.
-489.
-486.
-485.
-480.
-476.
-473.
-470.
-466.
-462.
-457.
-453.
-449.
-443.
-439.
-435.
-431.
-427.
-424.
-419.
-416.
-413.
-411.
-408.
-404.
-400.
-396.
-392.
-388.
-384.
-379.
-376.
-370.
-363.
-359.
-354.
-349.
-345.
-339.
-334.
-329.
-323.
-317.
-310.
-305.
-296.
-291.
-283.
-275.
-270.
-262.
-253.
-247.
-238.
-231.
-221.
-214.
-205.
-195.
-187.
-179.
-166.
-159.
-149.
-138.
-127.
-117.
-106.
-95.
-82.
-72.
-60.
-48.
-36.
-23.
-10.
3.
16.
29.
43.
56.
70.
84.
97.
114.
128.
143.
159.
175.
190.
204.
220.
238.
252.
268.
284.
300.
315.
331.
347.
364.
379.
395.
409.
423.
439.
453.
468.
483.
497.
511.
524.
536.
550.
563.
575.
588.
599.
611.
622.
634.
644.
656.
664.
676.
685.
694.
704.
713.
722.
732.
740.
749.
757.
764.
770.
778.
786.
793.
801.
808.
814.
819.
824.
833.
837.
844.
850.