415.
417.
413.
410.
406.
405.
406.
406.
408.
410.
411.
414.
416.
417.
418.
419.
421.
420.
421.
422.
423.
423.
422.
423.
422.
423.
423.
423.
420.
419.
420.
418.
418.
416.
415.
412.
413.
410.
409.
408.
406.
403.
402.
399.
398.
393.
391.
391.
387.
384.
381.
379.
376.
373.
371.
367.
365.
360.
358.
355.
353.
349.
346.
341.
339.
336.
331.
328.
325.
321.
317.
314.
309.
305.
303.
301.
297.
293.
288.
285.
282.
277.
272.
270.
268.
263.
259.
255.
252.
248.
245.
242.
240.
239.
241.
245.
248.
255.
261.
267.
269.
273.
276.
278.
279.
281.
280.
281.
281.
280.
282.
282.
280.
279.
279.
279.
280.
280.
282.
282.
282.
282.
283.
283.
282.
284.
284.
285.
287.
288.
289.
290.
293.
294.
294.
297.
299.
301.
304.
306.
309.
309.
314.
316.
318.
321.
324.
326.
332.
336.
338.
342.
345.
348.
351.
355.
362.
366.
370.
373.
378.
384.
388.
393.
398.
400.
402.
402.
401.
398.
395.
392.
391.
388.
392.
396.
398.
401.
402.
403.
404.
406.
407.
408.
407.
407.
411.
412.
413.
412.
413.
412.
412.
411.
411.
410.
411.
411.
409.
408.
408.
406.
405.
403.
403.
400.
399.
398.
395.
392.
391.
387.
385.
383.
380.
378.
373.
370.
368.
363.
360.
356.
352.
348.
344.
339.
334.
329.
325.
320.
316.
308.
303.
298.
293.
287.
281.
276.
269.
263.
257.
252.
246.
238.
231.
226.
219.
212.
205.
198.
192.
185.
178.
172.
164.
158.
151.
143.
137.
132.
125.
120.
114.
108.
105.
99.
93.
89.
85.
79.
77.
72.
68.
64.
62.
58.
55.
51.
48.
46.
42.
38.
38.
34.
31.
28.
27.
24.
21.
18.
16.
13.
9.
2.
-11.
-20.
-33.
-48.
-64.
-78.
-96.
-108.
-122.
-137.
-152.
-165.
-179.
-192.
-203.
-213.
-221.
-231.
-239.
-248.
-259.
-267.
-275.
-283.
-293.
-303.
-313.
-321.
-331.
-338.
-348.
-357.
-366.
-376.
-384.
-391.
-400.
-407.
-417.
-425.
-431.
-439.
-447.
-453.
-458.
-463.
-469.
-474.
-478.
-484.
-487.
-491.
-495.
-496.
-500.
-503.
-504.
-505.
-506.
-508.
-510.
-509.
-509.
-509.
-507.
-509.
-508.
-508.
-503.
-502.
-499.
-499.
-497.
-492.
-489.
-486.
-482.
-479.
-472.
-469.
-463.
-459.
-451.
-443.
-436.
-430.
-421.
-413.
-405.
-397.
-386.
-376.
-366.
-356.
-343.
-333.
-320.
-309.
-295.
-281.
-269.
-254.
-238.
-223.
-207.
-190.
-174.
-156.
-137.
-119.
-101.
-80.
-62.
-41.
-20.
2.
22.
45.
67.
89.
112.
134.
158.
182.
205.
229.
253.
277.
299.
321.
344.
367.
389.
409.
431.
453.
471.
490.
509.
525.
537.
542.
540.
532.
526.
520.
518.
514.
513.
515.
519.
523.
530.
537.
545.
553.
562.
569.
577.
587.
594.
601.
611.
619.
626.
635.
642.
650.
658.
665.
675.
681.
688.
698.
705.
714.
720.
729.
735.
743.
749.
757.
765.
772.
779.
787.
794.
802.
808.
815.
822.
831.
837.
844.
853.
860.
867.
874.
884.
891.
899.
906.
915.
923.
931.
939.
948.
955.
963.
972.
979.
987.
996.
1005.
1013.
1021.
1029.
1039.
1049.
1056.
1067.
1075.
1084.
1092.
1102.
1111.
1119.
1129.
1136.
1144.
1153.
1159.
1169.
1177.
1185.
1193.
1200.
1205.
1213.
1218.
1225.
1232.
1237.
1241.
1245.
1250.
1253.
1255.
1258.
1261.
1263.
1266.
1266.
1266.
1269.
1268.
1267.
1266.
1265.
1262.
1260.
1258.
1254.
1250.
1247.
1243.
1237.
1232.
1227.
1221.
1213.
1207.
1200.
1193.
1187.
1179.
1169.
1160.
1151.
1142.
1133.
1122.
1113.
1102.
1092.
1082.
1070.
1058.
1047.
1035.
1022.
1010.
997.
984.
972.
960.
947.
933.
923.
909.
897.
885.
873.
861.
851.
839.
829.
819.
809.
799.
791.
782.
774.
766.
760.
752.
746.
739.
730.
719.
705.
686.
664.
640.
611.
583.
552.
523.
494.
463.
436.
407.
379.
354.
330.
308.
290.
274.
258.
243.
229.
215.
200.
187.
174.
163.
150.
137.
125.
114.
103.
94.
82.
71.
62.
52.
43.
35.
26.
19.
10.
2.
-6.
-13.
-19.
-25.
-31.
-37.
-43.
-49.
-55.
-59.
-63.
-69.
-72.
-76.
-80.
-83.
-88.
-91.
-95.
-97.
-100.
-102.
-104.
-105.
-108.
-110.
-110.
-114.
-117.
-123.
-131.
-143.
-159.
-174.
-190.
-206.
-223.
-238.
-251.
-264.
-273.
-283.
-289.
-297.
-305.
-313.
-322.
-330.
-336.
-343.
-352.
-360.
-367.
-374.
-382.
-388.
-395.
-401.
-408.
-415.
-420.
-424.
-430.
-435.
-440.
-444.
-448.
-451.
-458.
-461.
-466.
-469.
-473.
-475.
-479.
-481.
-483.
-486.
-488.
-490.
-491.
-495.
-494.
-489.
-482.
-474.
-458.
-441.
-422.
-401.
-383.
-366.
-349.
-332.
-314.
-292.
-274.
-256.
-241.
-232.
-220.
-209.
-199.
-190.
-180.
-173.
-162.
-152.
-141.
-132.
-123.
-113.
-101.
-89.
-79.
-68.
-57.
-46.
-35.
-22.
-8.
5.
19.
33.
46.
61.
77.
94.
109.
126.
143.
162.
181.
199.
220.
241.
260.
279.
300.
320.
343.
364.
385.
406.
428.
449.
472.
496.
518.
539.
563.
583.
606.
626.
648.
668.
690.
709.
732.
750.
768.
786.
804.
821.
839.
854.
870.
883.
898.
910.
924.
935.
947.
958.
969.
979.
988.
996.
1003.
1011.
1019.
1025.
1032.
1037.
1044.
1048.
1053.
1056.
1062.
1065.
1070.
1074.
1078.
1080.
1082.
1085.
1089.
1090.
1093.
1091.
1095.
1096.
1095.
1095.
1098.
1098.
1096.
1097.
1098.
1096.
1096.
1093.
1093.
1090.
1089.
1088.
1087.
1083.
1080.
1079.
1076.
1072.
1070.
1066.
1063.
1058.
1054.
1049.
1045.
1041.
1037.
1031.
1025.
1020.
1012.
1007.
1001.
994.
985.
975.
969.
960.
951.
941.
933.
924.
912.
902.
892.
882.
872.
860.
848.
836.
824.
812.
800.
787.
774.
761.
749.
734.
723.
709.
696.
682.
668.
655.
640.
627.
613.
599.
589.
574.
564.
550.
538.
525.
514.
501.
489.
476.
464.
451.
439.
427.
416.
405.
394.
382.
370.
359.
348.
336.
325.
315.
305.
295.
287.
276.
266.
258.
251.
242.
233.
226.
217.
209.
199.
188.
177.
164.
153.
138.
124.
109.
92.
76.
59.
43.
27.
10.
-5.
-19.
-31.
-44.
-55.
-68.
-81.
-93.
-106.
-118.
-129.
-141.
-151.
-161.
-171.
-179.
-187.
-197.
-206.
-216.
-223.
-232.
-239.
-246.
-253.
-262.
-268.
-275.
-280.
-286.
-292.
-297.
-301.
-306.
-311.
-313.
-318.
-321.
-326.
-330.
-332.
-335.
-337.
-339.
-342.
-343.
-345.
-348.
-347.
-349.
-349.
-350.
-349.
-349.
-349.
-349.
-347.
-345.
-344.
-345.
-343.
-341.
-339.
-336.
-333.
-330.
-327.
-323.
-320.
-315.
-309.
-304.
-299.
-293.
-287.
-282.
-275.
-266.
-259.
-251.
-242.
-235.
-225.
-215.
-203.
-194.
-183.
-171.
-161.
-148.
-134.
-122.
-109.
-93.
-79.
-63.
-48.
-32.
-17.
2.
19.
36.
54.
72.
91.
110.
128.
147.
166.
185.
205.
225.
244.
263.
284.
304.
322.
341.
361.
378.
396.
412.
431.
449.
465.
480.
497.
511.
527.
541.
554.
567.
579.
591.
604.
616.
627.
638.
648.
658.
670.
681.
691.
703.
712.
722.
734.
743.
753.
762.
773.
782.
791.
801.
810.
820.
831.
839.
849.
858.
866.
875.
884.
893.
903.
915.
923.
933.
942.
953.
963.
972.
982.
993.
1004.
1015.
1025.
1036.
1049.
1060.
1072.
1083.
1096.
1107.
1120.
1133.
1148.
1160.
1173.
1186.
1200.
1215.
1229.
1245.
1260.
1274.
1292.
1308.
1324.
1340.
1355.
1372.
1389.
1407.
1424.
1439.
1456.
1473.
1491.
1507.
1523.
1538.
1550.
1557.
1557.
1547.
1536.
1519.
1505.
1488.
1475.
1461.
1449.
1439.
1433.
1426.
1422.
1420.
1420.
1419.
1418.
1415.
1414.
1411.
1411.
1409.
1405.
1401.
1396.
1391.
1386.
1382.
1378.
1371.
1368.
1360.
1353.
1347.
1340.
1334.
1325.
1318.
1308.
1302.
1293.
1282.
1273.
1263.
1253.
1244.
1233.
1223.
1212.
1200.
1188.
1176.
1162.
1152.
1137.
1125.
1109.
1097.
1083.
1068.
1054.
1039.
1025.
1011.
995.
978.
963.
947.
931.
916.
900.
885.
870.
856.
839.
825.
811.
798.
785.
771.
758.
746.
732.
721.
710.
699.
688.
678.
669.
658.
650.
641.
634.
625.
618.
611.
601.
594.
588.
582.
574.
568.
560.
554.
549.
543.
536.
529.
523.
516.
512.
506.
501.
493.
489.
482.
478.
471.
464.
455.
444.
430.
412.
390.
364.
340.
314.
288.
261.
234.
211.
187.
163.
142.
123.
108.
92.
77.
61.
47.
32.
17.
1.
-14.
-29.
-45.
-60.
-75.
-91.
-105.
-120.
-136.
-152.
-167.
-181.
-197.
-209.
-226.
-238.
-251.
-264.
-278.
-289.
-301.
-313.
-323.
-333.
-343.
-353.
-361.
-370.
-379.
-385.
-393.
-400.
-406.
-413.
-418.
-422.
-428.
-432.
-436.
-440.
-442.
-446.
-448.
-451.
-453.
-456.
-456.
-456.
-457.
-459.
-458.
-458.
-459.
-458.
-458.
-456.
-456.
-453.
-452.
-449.
-448.
-443.
-444.
-439.
-435.
-432.
-427.
-424.
-418.
-413.
-410.
-404.
-398.
-391.
-384.
-378.
-371.
-363.
-357.
-349.
-341.
-331.
-321.
-311.
-301.
-290.
-280.
-268.
-256.
-243.
-231.
-218.
-203.
-188.
-174.
-158.
-142.
-125.
-105.
-88.
-70.
-51.
-32.
-12.
7.
27.
50.
74.
96.
121.
143.
168.
192.
216.
242.
266.
292.
316.
343.
368.
393.
418.
443.
466.
489.
512.
536.
558.
578.
597.
616.
634.
653.
669.
687.
702.
717.
731.
744.
759.
771.
783.
794.
805.
816.
827.
836.
845.
855.
865.
874.
882.
891.
900.
906.
915.
922.
929.
938.
945.
952.
960.
964.
973.
981.
986.
990.
998.
1004.
1009.
1016.
1021.
1026.
1033.
1034.
1042.
1047.
1053.
1058.
1063.
1069.
1074.
1077.
1083.
1089.
1094.
1096.
1102.
1107.
1113.
1116.
1121.
1124.
1129.
1132.
1136.
1140.
1144.
1147.
1151.
1153.
1156.
1159.
1162.
1164.
1165.
1167.
1171.
1172.
1172.
1173.
1173.
1174.
1176.
1175.
1174.
1173.
1174.
1173.
1172.
1170.
1169.
1166.
1165.
1161.
1158.
1155.
1149.
1147.
1142.
1137.
1133.
1129.
1123.
1116.
1110.
1104.
1096.
1088.
1080.
1072.
1064.
1055.
1047.
1038.
1026.
1015.
1006.
994.
981.
970.
955.
941.
928.
914.
901.
885.
871.
859.
847.
832.
820.
808.
795.
782.
769.
757.
747.
736.
729.
723.
720.
716.
713.
711.
709.
705.
702.
695.
692.
688.
685.
679.
673.
666.
659.
651.
646.
637.
628.
618.
610.
602.
595.
585.
575.
565.
553.
541.
530.
517.
503.
491.
480.
469.
457.
446.
436.
426.
415.
404.
397.
387.
379.
373.
365.
358.
349.
343.
336.
329.
322.
315.
308.
301.
296.
289.
282.
277.
271.
265.
257.
248.
237.
222.
207.
188.
167.
146.
125.
106.
87.
70.
55.
45.
33.
20.
10.
0.
-11.
-21.
-33.
-43.
-54.
-64.
-76.
-88.
-99.
-110.
-122.
-133.
-145.
-156.
-169.
-178.
-190.
-202.
-213.
-223.
-235.
-245.
-255.
-265.
-273.
-283.
-292.
-300.
-310.
-317.
-323.
-331.
-338.
-345.
-351.
-355.
-362.
-368.
-371.
-376.
-382.
-387.
-389.
-393.
-397.
-400.
-404.
-406.
-409.
-411.
-413.
-416.
-418.
-419.
-421.
-424.
-424.
-425.
-427.
-427.
-427.
-429.
-429.
-429.
-428.
-428.
-429.
-429.
-428.
-428.
-429.
-427.
-426.
-425.
-424.
-426.
-423.
-423.
-421.
-421.
-420.
-419.
-418.
-416.
-413.
-413.
-413.
-411.
-409.
-407.
-406.
-404.
-403.
-401.
-399.
-397.
-392.
-387.
-379.
-366.
-351.
-336.
-319.
-302.
-283.
-266.
-251.
-235.
-221.
-208.
-193.
-180.
-168.
-157.
-146.
-136.
-126.
-116.
-106.
-94.
-83.
-71.
-59.
-50.
-36.
-25.
-14.
0.
14.
27.
40.
52.
67.
83.
98.
114.
129.
145.
163.
179.
196.
212.
232.
250.
269.
287.
308.
328.
349.
369.
389.
410.
430.
451.
472.
492.
515.
536.
556.
578.
597.
617.
638.
657.
677.
698.
718.
736.
756.
771.
787.
804.
820.
835.
849.
863.
876.
886.
899.
911.
919.
928.
937.
945.
952.
960.
966.
973.
978.
984.
988.
995.
999.
1002.
1006.
1009.
1013.
1015.
1017.
1019.
1023.
1023.
1027.
1026.
1028.
1031.
1030.
1031.
1032.
1032.
1031.
1031.
1031.
1028.
1027.
1027.
1025.
1023.
1023.
1021.
1019.
1017.
1013.
1010.
1006.
1002.
998.
995.
990.
985.
981.
975.
970.
964.
958.
951.
945.
937.
929.
922.
915.
906.
898.
889.
883.
873.
866.
853.
845.
836.
825.
816.
806.
795.
785.
774.
763.
752.
741.
730.
720.
707.
696.
685.
673.
660.
649.
636.
624.
613.
600.
588.
576.
565.
552.
539.
527.
516.
502.
490.
477.
465.
450.
439.
426.
415.
403.
391.
379.
368.
356.
346.
336.
326.
317.
308.
298.
290.
280.
272.
267.
261.
257.
251.
247.
243.
240.
237.
234.
230.
225.
221.
216.
210.
202.
196.
187.
179.
169.
163.
153.
146.
133.
122.
109.
97.
85.
73.
62.
49.
37.
27.
14.
3.
-7.
-18.
-29.
-40.
-50.
-60.
-69.
-79.
-87.
-97.
-106.
-112.
-120.
-127.
-135.
-143.
-150.
-155.
-163.
-169.
-176.
-182.
-187.
-194.
-198.
-201.
-207.
-212.
-217.
-221.
-224.
-228.
-233.
-236.
-238.
-242.
-246.
-248.
-251.
-254.
-257.
-258.
-262.
-265.
-267.
-271.
-276.
-284.
-293.
-305.
-316.
-326.
-336.
-341.
-346.
-352.
-355.
-359.
-366.
-370.
-376.
-381.
-386.
-390.
-395.
-400.
-406.
-411.
-418.
-424.
-430.
-434.
-439.
-446.
-452.
-459.
-465.
-469.
-474.
-480.
-486.
-490.
-495.
-500.
-505.
-511.
-514.
-520.
-524.
-527.
-531.
-535.
-538.
-543.
-545.
-549.
-553.
-556.
-558.
-560.
-563.
-567.
-568.
-570.
-572.
-573.
-570.
-565.
-556.
-542.
-524.
-501.
-480.
-459.
-440.
-422.
-406.
-390.
-374.
-360.
-347.
-337.
-328.
-320.
-315.
-307.
-300.
-295.
-290.
-284.
-278.
-270.
-263.
-257.
-249.
-242.
-235.
-230.
-223.
-215.
-208.
-202.
-194.
-187.
-180.
-172.
-163.
-155.
-146.
-138.
-128.
-119.
-111.
-103.
-92.
-82.
-73.
-60.
-49.
-38.
-27.
-16.
-4.
9.
22.
33.
46.
59.
73.
86.
99.
114.
129.
145.
160.
176.
190.
208.
223.
241.
259.
275.
293.
312.
332.
350.
371.
390.
409.
428.
447.
468.
488.
510.
528.
550.
569.
591.
610.
630.
649.
670.
691.
711.
731.
751.
770.
788.
806.
825.
842.
859.
874.
891.
907.
919.
933.
948.
962.
973.
984.
996.
1005.
1014.
1025.
1034.
1041.
1048.
1055.
1063.
1068.
1073.
1080.
1084.
1090.
1094.
1097.
1101.
1107.
1109.
1113.
1115.
1119.
1121.
1123.
1126.
1127.
1130.
1129.
1131.
1131.
1133.
1133.
1132.
1133.
1132.
1131.
1129.
1129.
1126.
1126.
1125.
1122.
1119.
1116.
1115.
1111.
1107.
1103.
1100.
1095.
1091.
1087.
1081.
1077.
1072.
1066.
1058.
1054.
1048.
1039.
1033.
1027.
1018.
1009.
1001.
993.
984.
975.
966.
955.
946.
937.
927.
916.
905.
894.
882.
873.
862.
856.
851.
847.
846.
849.
849.
850.
848.
845.
840.
834.
826.
818.
811.
801.
790.
778.
770.
761.
750.
741.
731.
722.
711.
704.
696.
685.
679.
673.
666.
661.
656.
652.
646.
643.
638.
634.
628.
623.
619.
615.
610.
604.
596.
587.
580.
571.
561.
550.
539.
527.
515.
503.
491.
477.
464.
452.
441.
430.
419.
406.
397.
387.
377.
368.
360.
350.
343.
335.
326.
320.
315.
305.
297.
289.
283.
276.
270.
264.
258.
252.
247.
240.
234.
229.
222.
216.
210.
200.
186.
171.
154.
133.
112.
90.
67.
48.
30.
11.
-4.
-19.
-31.
-43.
-54.
-65.
-76.
-87.
-99.
-111.
-125.
-135.
-147.
-158.
-171.
-183.
-194.
-208.
-218.
-231.
-245.
-255.
-267.
-279.
-289.
-300.
-312.
-322.
-332.
-341.
-353.
-362.
-372.
-380.
-387.
-396.
-403.
-409.
-416.
-422.
-426.
-432.
-435.
-440.
-444.
-449.
-453.
-456.
-459.
-461.
-462.
-464.
-467.
-466.
-467.
-470.
-470.
-470.
-470.
-470.
-469.
-467.
-466.
-465.
-464.
-461.
-459.
-456.
-452.
-449.
-447.
-443.
-438.
-433.
-430.
-423.
-417.
-410.
-404.
-398.
-390.
-383.
-374.
-365.
-358.
-348.
-339.
-330.
-319.
-308.
-298.
-285.
-275.
-264.
-255.
-251.
-248.
-247.
-247.
-244.
-240.
-234.
-227.
-221.
-212.
-202.
-192.
-181.
-171.
-162.
-148.
-139.
-127.
-117.
-106.
-95.
-85.
-73.
-64.
-54.
-44.
-34.
-23.
-14.
-3.
8.
18.
28.
36.
48.
58.
68.
77.
86.
95.
105.
115.
123.
132.
143.
150.
161.
169.
178.
187.
195.
204.
212.
222.
229.
238.
248.
257.
266.
273.
281.
290.
300.
308.
317.
325.
335.
344.
353.
361.
372.
379.
388.
398.
407.
416.
426.
436.
446.
455.
466.
476.
486.
496.
506.
517.
528.
540.
551.
563.
573.
586.
599.
612.
625.
639.
651.
665.
680.
695.
711.
727.
743.
761.
776.
796.
811.
830.
848.
868.
885.
904.
924.
944.
962.
983.
1003.
1026.
1045.
1066.
1085.
1104.
1123.
1145.
1164.
1184.
1204.
1222.
1241.
1258.
1276.
1292.
1311.
1327.
1342.
1356.
1371.
1385.
1395.
1408.
1421.
1432.
1441.
1451.
1461.
1469.
1478.
1483.
1489.
1494.
1499.
1504.
1508.
1510.
1512.
1514.
1516.
1517.
1516.
1515.
1513.
1511.
1509.
1507.
1502.
1498.
1493.
1487.
1476.
1461.
1442.
1422.
1400.
1379.
1358.
1341.
1324.
1309.
1295.
1283.
1273.
1263.
1254.
1246.
1236.
1228.
1217.
1207.
1196.
1185.
1174.
1159.
1147.
1134.
1123.
1109.
1097.
1083.
1069.
1054.
1043.
1028.
1013.
1000.
985.
971.
958.
944.
930.
917.
904.
890.
877.
863.
850.
837.
823.
808.
797.
782.
770.
757.
743.
730.
717.
706.
695.
683.
674.
663.
652.
644.
634.
624.
616.
606.
601.
591.
586.
577.
571.
565.
559.
552.
544.
538.
533.
527.
521.
516.
510.
506.
500.
496.
491.
486.
480.
475.
469.
461.
451.
437.
419.
398.
376.
351.
326.
300.
274.
250.
227.
207.
188.
169.
154.
139.
124.
111.
99.
86.
70.
57.
41.
28.
15.
1.
-13.
-28.
-41.
-57.
-70.
-84.
-97.
-111.
-123.
-137.
-148.
-162.
-174.
-184.
-195.
-207.
-217.
-226.
-233.
-242.
-251.
-257.
-266.
-274.
-280.
-287.
-292.
-297.
-303.
-306.
-311.
-315.
-319.
-323.
-328.
-332.
-336.
-339.
-342.
-345.
-348.
-353.
-356.
-362.
-368.
-377.
-387.
-403.
-419.
-434.
-451.
-466.
-483.
-500.
-515.
-531.
-543.
-552.
-562.
-572.
-580.
-587.
-595.
-603.
-611.
-618.
-624.
-631.
-638.
-644.
-652.
-658.
-664.
-671.
-675.
-680.
-683.
-688.
-690.
-694.
-696.
-697.
-699.
-697.
-697.
-696.
-694.
-692.
-690.
-690.
-688.
-685.
-683.
-680.
-676.
-674.
-671.
-668.
-666.
-662.
-661.
-658.
-656.
-654.
-651.
-650.
-648.
-646.
-643.
-642.
-638.
-635.
-632.
-630.
-626.
-623.
-616.
-606.
-594.
-577.
-557.
-536.
-512.
-489.
-468.
-446.
-428.
-411.
-395.
-380.
-362.
-348.
-335.
-324.
-311.
-301.
-288.
-277.
-265.
-253.
-242.
-230.
-218.
-206.
-192.
-179.
-165.
-153.
-138.
-125.
-112.
-97.
-81.
-67.
-51.
-37.
-21.
-5.
12.
29.
48.
66.
83.
102.
122.
140.
160.
180.
202.
223.
243.
269.
290.
313.
336.
358.
382.
406.
432.
456.
480.
504.
530.
554.
577.
603.
626.
649.
673.
697.
720.
742.
766.
785.
807.
826.
846.
866.
882.
900.
916.
933.
949.
962.
976.
989.
1002.
1012.
1024.
1035.
1045.
1054.
1061.
1069.
1078.
1084.
1091.
1097.
1102.
1106.
1112.
1117.
1121.
1125.
1127.
1131.
1135.
1140.
1142.
1147.
1148.
1151.
1155.
1157.
1160.
1158.
1161.
1164.
1166.
1166.
1165.
1168.
1169.
1169.
1168.
1169.
1167.
1165.
1164.
1165.
1164.
1162.
1160.
1159.
1158.
1155.
1153.
1149.
1146.
1142.
1138.
1135.
1131.
1128.
1121.
1116.
1110.
1103.
1096.
1090.
1083.
1077.
1070.
1062.
1055.
1049.
1047.
1045.
1046.
1049.
1052.
1054.
1054.
1053.
1050.
1051.
1050.
1046.
1042.
1037.
1031.
1025.
1020.
1013.
1006.
999.
993.
984.
976.
967.
960.
951.
941.
932.
922.
913.
903.
894.
884.
874.
865.
854.
844.
832.
822.
809.
799.
785.
776.
765.
753.
743.
732.
720.
709.
699.
690.
679.
672.
660.
652.
642.
634.
625.
618.
610.
602.
594.
587.
582.
574.
568.
561.
554.
549.
542.
536.
531.
525.
520.
515.
509.
505.
501.
496.
490.
487.
482.
478.
475.
472.
466.
463.
458.
457.
451.
447.
443.
439.
436.
431.
424.
415.
400.
385.
366.
345.
324.
303.
284.
266.
249.
232.
219.
207.
197.
185.
173.
163.
154.
143.
133.
121.
111.
100.
88.
77.
68.
57.
47.
35.
24.
13.
2.
-9.
-21.
-31.
-42.
-53.
-65.
-73.
-84.
-93.
-102.
-111.
-121.
-129.
-138.
-149.
-156.
-166.
-171.
-179.
-188.
-194.
-199.
-208.
-214.
-218.
-223.
-229.
-234.
-239.
-241.
-248.
-251.
-255.
-260.
-262.
-266.
-269.
-272.
-273.
-276.
-280.
-281.
-281.
-284.
-286.
-287.
-288.
-290.
-292.
-292.
-294.
-294.
-294.
-295.
-295.
-296.
-295.
-295.
-296.
-297.
-296.
-296.
-296.
-297.
-295.
-296.
-295.
-295.
-294.
-295.
-294.
-293.
-293.
-293.
-291.
-291.
-289.
-288.
-286.
-287.
-285.
-283.
-284.
-282.
-279.
-278.
-277.
-275.
-273.
-272.
-272.
-270.
-268.
-266.
-264.
-263.
-262.
-261.
-260.
-259.
-257.
-256.
-254.
-253.
-252.
-250.
-245.
-244.
-240.
-237.
-233.
-229.
-220.
-212.
-201.
-189.
-175.
-162.
-146.
-134.
-121.
-106.
-91.
-75.
-61.
-43.
-25.
-9.
8.
22.
39.
54.
72.
89.
106.
123.
141.
158.
176.
195.
212.
229.
246.
264.
281.
300.
317.
334.
353.
369.
387.
403.
421.
438.
454.
469.
486.
502.
520.
538.
554.
571.
588.
606.
622.
638.
655.
671.
687.
703.
718.
733.
748.
762.
779.
793.
807.
819.
835.
847.
860.
871.
885.
896.
908.
919.
931.
942.
952.
962.
972.
981.
990.
999.
1007.
1014.
1023.
1028.
1035.
1043.
1049.
1056.
1060.
1066.
1070.
1076.
1080.
1083.
1087.
1090.
1094.
1098.
1100.
1102.
1104.
1107.
1109.
1111.
1113.
1113.
1113.
1114.
1116.
1114.
1115.
1114.
1114.
1114.
1113.
1111.
1110.
1109.
1108.
1105.
1104.
1102.
1100.
1097.
1093.
1090.
1087.
1084.
1081.
1077.
1073.
1069.
1063.
1059.
1054.
1049.
1044.
1037.
1032.
1026.
1021.
1012.
1006.
998.
992.
985.
977.
968.
960.
951.
942.
933.
925.
914.
904.
896.
884.
872.
861.
851.
839.
827.
814.
800.
788.
774.
761.
748.
736.
726.
718.
716.
711.
708.
704.
699.
694.
687.
682.
677.
670.
662.
654.
648.
642.
637.
632.
625.
617.
611.
602.
594.
582.
574.
563.
556.
545.
535.
524.
513.
503.
491.
480.
468.
457.
444.
431.
417.
404.
390.
378.
365.
352.
337.
323.
309.
296.
280.
264.
250.
236.
223.
211.
199.
190.
180.
172.
163.
155.
147.
139.
131.
124.
118.
112.
105.
100.
95.
90.
84.
80.
74.
72.
68.
65.
61.
57.
55.
51.
47.
45.
41.
36.
27.
16.
3.
-9.
-24.
-35.
-48.
-54.
-59.
-64.
-69.
-74.
-81.
-86.
-92.
-96.
-102.
-105.
-111.
-116.
-122.
-126.
-133.
-140.
-143.
-151.
-155.
-160.
-166.
-172.
-178.
-182.
-187.
-192.
-197.
-202.
-207.
-211.
-215.
-217.
-223.
-226.
-233.
-234.
-237.
-242.
-246.
-248.
-251.
-255.
-258.
-260.
-263.
-264.
-268.
-269.
-272.
-274.
-277.
-278.
-280.
-282.
-283.
-283.
-281.
-276.
-265.
-252.
-235.
-216.
-196.
-179.
-162.
-144.
-131.
-116.
-102.
-87.
-73.
-58.
-45.
-36.
-27.
-21.
-13.
-5.
1.
10.
19.
26.
34.
45.
51.
60.
69.
76.
85.
94.
103.
114.
123.
134.
145.
156.
168.
180.
192.
206.
219.
232.
245.
258.
272.
287.
299.
315.
330.
347.
362.
379.
396.
412.
428.
445.
461.
479.
496.
513.
532.
549.
567.
584.
603.
619.
637.
654.
672.
687.
705.
722.
738.
754.
769.
787.
799.
814.
827.
841.
854.
866.
877.
888.
899.
910.
918.
927.
933.
943.
951.
958.
962.
970.
976.
981.
987.
992.
995.
1000.
1005.
1008.
1012.
1015.
1019.
1023.
1024.
1028.
1030.
1032.
1036.
1037.
1039.
1042.
1043.
1044.
1047.
1048.
1049.
1049.
1050.
1051.
1052.
1052.
1054.
1055.
1055.
1055.
1055.
1055.
1055.
1056.
1056.
1055.
1055.
1054.
1054.
1054.
1052.
1051.
1049.
1047.
1046.
1044.
1041.
1037.
1037.
1036.
1036.
1037.
1042.
1047.
1056.
1066.
1075.
1083.
1085.
1089.
1090.
1089.
1090.
1090.
1091.
1091.
1089.
1088.
1087.
1087.
1085.
1084.
1083.
1081.
1078.
1078.
1077.
1074.
1070.
1068.
1065.
1062.
1058.
1055.
1049.
1047.
1042.
1036.
1032.
1026.
1020.
1015.
1008.
1003.
995.
988.
980.
973.
964.
955.
948.
939.
929.
920.
911.
900.
891.
881.
871.
859.
849.
838.
826.
813.
802.
790.
779.
770.
758.
747.
734.
725.
713.
701.
690.
679.
670.
660.
650.
638.
626.
615.
604.
590.
578.
567.
555.
542.
530.
518.
506.
494.
482.
471.
461.
450.
439.
430.
419.
409.
398.
385.
373.
360.
344.
330.
315.
303.
289.
276.
261.
247.
233.
218.
205.
188.
175.
160.
143.
127.
111.
96.
80.
66.
49.
35.
19.
4.
-10.
-26.
-39.
-53.
-65.
-78.
-90.
-101.
-113.
-123.
-134.
-144.
-153.
-159.
-169.
-174.
-182.
-189.
-195.
-202.
-208.
-215.
-221.
-227.
-232.
-237.
-243.
-248.
-253.
-257.
-262.
-266.
-271.
-275.
-278.
-281.
-286.
-287.
-289.
-291.
-296.
-297.
-299.
-302.
-305.
-307.
-307.
-309.
-309.
-309.
-308.
-309.
-310.
-310.
-309.
-309.
-309.
-308.
-306.
-304.
-304.
-302.
-301.
-297.
-297.
-296.
-292.
-287.
-285.
-282.
-277.
-274.
-271.
-267.
-262.
-258.
-253.
-247.
-242.
-236.
-231.
-223.
-218.
-211.
-203.
-197.
-188.
-180.
-171.
-162.
-152.
-142.
-131.
-121.
-109.
-98.
-85.
-72.
-58.
-44.
-30.
-16.
1.
17.
32.
51.
68.
86.
104.
125.
147.
167.
188.
209.
231.
253.
276.
299.
323.
346.
370.
394.
420.
445.
472.
497.
521.
547.
573.
597.
622.
646.
670.
693.
715.
736.
751.
766.
774.
783.
787.
792.
799.
805.
809.
814.
823.
830.
837.
846.
854.
862.
868.
875.
882.
889.
895.
901.
910.
915.
921.
927.
933.
939.
945.
952.
956.
963.
968.
974.
979.
983.
989.
995.
998.
1003.
1007.
1011.
1016.
1022.
1025.
1028.
1031.
1036.
1038.
1042.
1045.
1049.
1051.
1054.
1057.
1059.
1060.
1061.
1064.
1067.
1067.
1068.
1068.
1070.
1071.
1071.
1071.
1070.
1071.
1070.
1068.
1068.
1066.
1065.
1063.
1062.
1060.
1057.
1054.
1052.
1049.
1044.
1041.
1039.
1035.
1029.
1024.
1021.
1016.
1010.
1004.
1001.
995.
989.
984.
981.
975.
976.
976.
978.
983.
985.
989.
992.
994.
992.
990.
986.
982.
978.
972.
966.
961.
954.
947.
940.
933.
926.
920.
911.
902.
894.
884.
877.
867.
857.
849.
840.
832.
825.
816.
807.
801.
793.
785.
775.
769.
762.
757.
753.
749.
747.
743.
743.
743.
743.
743.
742.
742.
740.
740.
737.
735.
734.
731.
728.
722.
719.
716.
711.
708.
701.
695.
690.
685.
679.
673.
666.
660.
653.
645.
638.
631.
622.
613.
606.
599.
594.
586.
580.
574.
567.
561.
556.
550.
544.
538.
533.
526.
520.
515.
510.
506.
502.
495.
492.
485.
482.
477.
474.
467.
464.
461.
458.
453.
450.
447.
442.
440.
437.
433.
425.
414.
402.
386.
369.
350.
336.
320.
306.
293.
282.
272.
266.
257.
250.
242.
234.
226.
219.
210.
204.
193.
186.
178.
173.
162.
153.
144.
135.
127.
119.
110.
102.
95.
85.
78.
68.
60.
52.
43.
34.
27.
19.
11.
2.
-6.
-12.
-20.
-29.
-36.
-44.
-51.
-60.
-66.
-74.
-81.
-87.
-96.
-101.
-107.
-115.
-121.
-127.
-133.
-137.
-144.
-148.
-154.
-159.
-165.
-169.
-174.
-179.
-184.
-186.
-190.
-193.
-197.
-200.
-203.
-205.
-208.
-209.
-212.
-211.
-208.
-202.
-192.
-181.
-166.
-152.
-139.
-124.
-115.
-105.
-96.
-84.
-73.
-58.
-45.
-29.
-16.
-5.
7.
18.
26.
36.
44.
56.
67.
76.
87.
98.
110.
123.
136.
150.
165.
179.
193.
209.
223.
237.
254.
271.
286.
299.
315.
333.
349.
367.
384.
401.
419.
440.
457.
476.
495.
514.
533.
552.
570.
592.
612.
629.
648.
667.
686.
706.
724.
743.
761.
779.
797.
814.
830.
848.
864.
879.
894.
909.
923.
940.
954.
967.
979.
992.
1003.
1015.
1024.
1036.
1045.
1056.
1063.
1072.
1080.
1089.
1094.
1101.
1109.
1115.
1121.
1125.
1129.
1135.
1139.
1142.
1147.
1150.
1153.
1154.
1157.
1160.
1162.
1164.
1166.
1169.
1168.
1171.
1171.
1173.
1172.
1173.
1174.
1174.
1175.
1174.
1176.
1176.
1175.
1175.
1173.
1173.
1172.
1171.
1170.
1170.
1169.
1168.
1166.
1164.
1163.
1164.
1167.
1172.
1179.
1187.
1199.
1209.
1219.
1230.
1239.
1248.
1254.
1260.
1263.
1267.
1268.
1274.
1277.
1278.
1281.
1282.
1284.
1286.
1288.
1290.
1291.
1294.
1296.
1296.
1297.
1300.
1300.
1299.
1300.
1300.
1301.
1300.
1300.
1301.
1299.
1300.
1299.
1298.
1296.
1295.
1294.
1291.
1289.
1287.
1283.
1282.
1277.
1273.
1269.
1264.
1261.
1254.
1249.
1245.
1237.
1232.
1225.
1219.
1211.
1204.
1195.
1186.
1179.
1170.
1160.
1148.
1139.
1128.
1117.
1104.
1092.
1081.
1069.
1058.
1043.
1030.
1018.
1006.
992.
978.
960.
937.
911.
884.
855.
826.
798.
771.
748.
729.
712.
698.
683.
670.
658.
646.
634.
623.
613.
602.
592.
582.
571.
563.
553.
546.
536.
528.
520.
512.
503.
496.
489.
481.
474.
468.
461.
456.
449.
443.
439.
434.
430.
425.
421.
416.
411.
406.
402.
399.
394.
390.
387.
385.
381.
378.
375.
373.
370.
365.
357.
347.
331.
313.
295.
277.
256.
236.
217.
196.
178.
158.
140.
125.
109.
97.
86.
76.
64.
55.
43.
33.
22.
13.
1.
-7.
-19.
-30.
-38.
-48.
-57.
-66.
-75.
-84.
-95.
-102.
-111.
-119.
-125.
-135.
-142.
-150.
-156.
-163.
-171.
-177.
-183.
-189.
-194.
-200.
-205.
-211.
-214.
-218.
-223.
-227.
-231.
-233.
-237.
-239.
-241.
-244.
-246.
-248.
-250.
-251.
-251.
-249.
-244.
-236.
-224.
-207.
-190.
-171.
-154.
-137.
-124.
-111.
-99.
-84.
-72.
-61.
-52.
-43.
-35.
-28.
-20.
-11.
-4.
5.
12.
20.
30.
39.
46.
55.
64.
75.
84.
94.
105.
116.
127.
139.
149.
162.
174.
186.
201.
215.
229.
243.
259.
275.
294.
310.
327.
346.
364.
383.
402.
422.
442.
462.
483.
504.
525.
547.
569.
593.
613.
636.
656.
681.
703.
723.
744.
765.
786.
807.
828.
849.
868.
886.
905.
923.
941.
957.
970.
985.
998.
1009.
1022.
1032.
1043.
1051.
1059.
1070.
1076.
1082.
1089.
1095.
1099.
1104.
1108.
1114.
1117.
1121.
1125.
1128.
1130.
1132.
1135.
1140.
1140.
1142.
1144.
1145.
1145.
1147.
1146.
1148.
1147.
1147.
1148.
1147.
1147.
1147.
1145.
1145.
1144.
1142.
1141.
1140.
1140.
1141.
1143.
1150.
1158.
1166.
1177.
1187.
1197.
1205.
1214.
1221.
1225.
1229.
1232.
1235.
1238.
1240.
1241.
1243.
1244.
1244.
1246.
1245.
1247.
1248.
1247.
1247.
1248.
1247.
1245.
1244.
1243.
1239.
1239.
1239.
1236.
1233.
1230.
1225.
1223.
1219.
1217.
1211.
1207.
1202.
1197.
1191.
1185.
1179.
1173.
1166.
1157.
1150.
1141.
1134.
1126.
1116.
1107.
1097.
1084.
1075.
1064.
1053.
1042.
1032.
1018.
1005.
992.
978.
966.
953.
939.
925.
910.
896.
882.
867.
853.
838.
823.
807.
794.
780.
767.
753.
741.
730.
719.
707.
697.
688.
678.
670.
661.
652.
646.
639.
631.
624.
619.
613.
607.
600.
594.
588.
584.
578.
571.
567.
562.
555.
550.
545.
539.
534.
527.
522.
516.
510.
504.
498.
491.
485.
479.
473.
466.
461.
452.
441.
427.
408.
388.
366.
343.
320.
298.
276.
257.
236.
218.
200.
187.
173.
157.
144.
132.
120.
106.
93.
81.
70.
57.
43.
32.
22.
10.
-2.
-14.
-26.
-38.
-51.
-64.
-73.
-83.
-95.
-105.
-115.
-124.
-136.
-143.
-152.
-162.
-170.
-178.
-184.
-189.
-198.
-205.
-212.
-216.
-221.
-225.
-229.
-235.
-238.
-241.
-244.
-247.
-250.
-251.
-254.
-255.
-257.
-259.
-259.
-259.
-260.
-259.
-259.
-260.
-257.
-257.
-255.
-255.
-254.
-251.
-249.
-247.
-243.
-241.
-235.
-232.
-227.
-221.
-218.
-211.
-206.
-200.
-193.
-186.
-178.
-170.
-161.
-152.
-143.
-134.
-121.
-112.
-101.
-88.
-73.
-60.
-48.
-32.
-18.
-2.
15.
31.
48.
66.
84.
102.
122.
142.
162.
183.
203.
218.
228.
231.
231.
230.
230.
232.
234.
239.
243.
248.
255.
264.
273.
283.
293.
304.
313.
324.
334.
344.
354.
363.
374.
384.
393.
403.
413.
423.
432.
442.
449.
460.
469.
479.
488.
497.
506.
514.
524.
533.
540.
550.
560.
567.
577.
586.
593.
601.
612.
621.
628.
638.
646.
654.
663.
671.
680.
689.
697.
706.
716.
725.
735.
745.
755.
764.
775.
782.
794.
806.
817.
826.
838.
849.
859.
872.
883.
895.
906.
919.
931.
944.
957.
968.
981.
995.
1009.
1023.
1037.
1050.
1063.
1077.
1092.
1105.
1119.
1133.
1145.
1158.
1172.
1187.
1201.
1214.
1227.
1240.
1254.
1268.
1280.
1294.
1306.
1320.
1333.
1341.
1353.
1363.
1373.
1384.
1394.
1403.
1413.
1421.
1428.
1435.
1442.
1449.
1455.
1461.
1465.
1468.
1473.
1476.
1479.
1481.
1482.
1485.
1484.
1484.
1483.
1482.
1482.
1479.
1477.
1475.
1471.
1467.
1462.
1459.
1453.
1448.
1443.
1436.
1431.
1423.
1416.
1408.
1403.
1395.
1388.
1379.
1371.
1362.
1353.
1345.
1335.
1326.
1316.
1307.
1297.
1288.
1278.
1267.
1257.
1247.
1237.
1225.
1213.
1204.
1190.
1178.
1165.
1154.
1141.
1127.
1115.
1100.
1087.
1074.
1062.
1046.
1032.
1018.
1003.
987.
973.
958.
944.
930.
917.
902.
889.
874.
859.
847.
833.
819.
805.
792.
777.
765.
751.
739.
726.
715.
701.
689.
677.
664.
655.
645.
635.
625.
617.
606.
597.
586.
579.
568.
556.
545.
533.
521.
504.
490.
474.
457.
440.
419.
400.
379.
358.
337.
319.
299.
281.
261.
242.
224.
204.
185.
166.
147.
132.
117.
105.
92.
84.
73.
64.
53.
44.
35.
25.
16.
8.
1.
-8.
-17.
-23.
-32.
-39.
-45.
-55.
-61.
-67.
-73.
-80.
-86.
-93.
-98.
-104.
-108.
-115.
-119.
-123.
-130.
-133.
-137.
-145.
-147.
-151.
-154.
-158.
-163.
-167.
-172.
-174.
-175.
-180.
-184.
-185.
-189.
-191.
-194.
-195.
-198.
-203.
-204.
-207.
-208.
-209.
-210.
-212.
-211.
-205.
-198.
-186.
-172.
-156.
-141.
-125.
-112.
-99.
-86.
-75.
-67.
-58.
-51.
-45.
-39.
-33.
-27.
-21.
-17.
-11.
-6.
1.
7.
13.
20.
26.
32.
39.
46.
55.
62.
70.
78.
85.
96.
105.
114.
122.
133.
143.
154.
165.
177.
187.
201.
213.
224.
238.
253.
268.
283.
300.
315.
332.
347.
365.
383.
401.
419.
440.
459.
478.
499.
522.
543.
563.
586.
607.
629.
651.
672.
693.
715.
737.
758.
779.
800.
820.
839.
859.
877.
895.
913.
928.
944.
959.
972.
986.
1000.
1013.
1024.
1034.
1045.
1054.
1063.
1072.
1081.
1089.
1097.
1104.
1110.
1117.
1124.
1129.
1135.
1141.
1148.
1152.
1158.
1163.
1168.
1172.
1176.
1182.
1186.
1190.
1194.
1198.
1201.
1204.
1207.
1210.
1213.
1214.
1218.
1220.
1222.
1223.
1225.
1225.
1227.
1226.
1230.
1229.
1230.
1230.
1231.
1229.
1229.
1227.
1228.
1228.
1228.
1224.
1223.
1219.
1218.
1214.
1211.
1208.
1204.
1198.
1194.
1188.
1183.
1177.
1170.
1164.
1155.
1146.
1137.
1128.
1119.
1110.
1100.
1091.
1081.
1071.
1060.
1051.
1041.
1032.
1023.
1017.
1012.
1010.
1010.
1012.
1016.
1021.
1024.
1026.
1031.
1036.
1039.
1045.
1049.
1050.
1050.
1053.
1053.
1054.
1052.
1051.
1049.
1046.
1042.
1039.
1034.
1030.
1024.
1017.
1011.
1006.
998.
990.
982.
974.
967.
957.
949.
939.
931.
924.
917.
908.
901.
895.
888.
883.
876.
868.
861.
855.
848.
842.
833.
826.
820.
814.
807.
800.
793.
787.
780.
775.
770.
763.
756.
750.
745.
741.
736.
729.
726.
720.
714.
708.
702.
694.
681.
667.
647.
625.
604.
581.
560.
540.
523.
506.
494.
483.
472.
463.
454.
446.
439.
430.
423.
414.
406.
399.
392.
383.
374.
367.
359.
349.
341.
333.
327.
318.
311.
303.
295.
289.
281.
274.
265.
260.
253.
246.
239.
232.
225.
218.
214.
206.
200.
193.
187.
180.
174.
167.
164.
156.
151.
146.
140.
133.
128.
124.
119.
112.
107.
104.
99.
93.
89.
85.
80.
77.
72.
68.
64.
61.
57.
53.
49.
48.
44.
39.
37.
35.
33.
31.
28.
26.
24.
24.
21.
20.
18.
18.
16.
14.
14.
13.
12.
14.
13.
12.
12.
11.
13.
13.
14.
14.
15.
16.
18.
20.
21.
23.
24.
27.
29.
33.
34.
37.
39.
43.
46.
50.
53.
57.
63.
66.
69.
75.
78.
83.
89.
93.
98.
104.
109.
114.
119.
124.
130.
135.
142.
147.
151.
157.
163.
170.
175.
183.
189.
197.
206.
215.
223.
232.
242.
252.
262.
276.
287.
299.
313.
325.
341.
359.
378.
396.
417.
438.
461.
484.
505.
529.
554.
576.
598.
624.
647.
669.
693.
718.
743.
768.
794.
819.
843.
869.
895.
917.
941.
963.
986.
1008.
1028.
1049.
1070.
1090.
1108.
1126.
1143.
1159.
1175.
1189.
1202.
1215.
1227.
1237.
1249.
1258.
1265.
1272.
1280.
1288.
1292.
1299.
1303.
1308.
1310.
1314.
1315.
1318.
1321.