388.
389.
389.
389.
390.
391.
393.
395.
395.
395.
397.
398.
399.
400.
402.
403.
404.
408.
409.
410.
413.
415.
418.
421.
423.
425.
430.
432.
434.
438.
442.
444.
449.
452.
455.
460.
463.
468.
472.
476.
481.
486.
489.
493.
497.
503.
508.
513.
514.
516.
518.
516.
513.
509.
505.
505.
504.
506.
507.
508.
512.
513.
515.
517.
517.
518.
518.
521.
521.
520.
523.
523.
523.
523.
524.
522.
522.
521.
521.
522.
521.
519.
519.
518.
516.
517.
514.
513.
512.
511.
508.
507.
504.
503.
501.
498.
496.
494.
492.
489.
487.
485.
483.
479.
477.
474.
471.
468.
465.
461.
459.
456.
454.
450.
447.
443.
439.
437.
434.
430.
428.
424.
419.
416.
413.
409.
406.
403.
398.
394.
391.
388.
387.
386.
387.
389.
392.
396.
399.
403.
408.
412.
413.
413.
414.
414.
414.
414.
411.
412.
411.
409.
409.
409.
407.
408.
407.
407.
407.
405.
404.
404.
404.
403.
402.
404.
401.
400.
400.
399.
398.
398.
398.
398.
397.
395.
396.
394.
393.
392.
393.
392.
392.
389.
391.
390.
389.
388.
388.
386.
385.
385.
387.
385.
384.
385.
383.
382.
383.
381.
381.
381.
380.
379.
378.
378.
378.
377.
377.
376.
374.
375.
375.
375.
374.
373.
372.
372.
371.
370.
370.
371.
370.
368.
369.
370.
370.
369.
369.
367.
369.
367.
367.
367.
365.
365.
366.
363.
364.
363.
363.
361.
363.
361.
360.
359.
359.
358.
357.
356.
357.
354.
355.
355.
355.
353.
352.
351.
350.
348.
349.
347.
346.
346.
344.
341.
342.
340.
338.
337.
336.
335.
333.
332.
330.
328.
328.
326.
325.
322.
322.
321.
320.
318.
316.
315.
315.
312.
311.
309.
308.
306.
304.
303.
301.
300.
298.
297.
295.
294.
293.
290.
289.
288.
286.
286.
284.
283.
281.
279.
276.
271.
263.
253.
241.
227.
212.
198.
187.
175.
166.
159.
152.
145.
140.
134.
128.
123.
117.
110.
104.
99.
91.
86.
79.
71.
66.
60.
52.
44.
38.
32.
24.
16.
10.
2.
-3.
-11.
-17.
-24.
-29.
-37.
-43.
-48.
-54.
-60.
-66.
-73.
-77.
-80.
-87.
-92.
-97.
-101.
-105.
-108.
-111.
-115.
-119.
-122.
-124.
-124.
-128.
-130.
-132.
-134.
-134.
-135.
-138.
-139.
-140.
-140.
-141.
-141.
-141.
-142.
-142.
-144.
-143.
-141.
-143.
-143.
-144.
-145.
-144.
-143.
-142.
-144.
-143.
-147.
-151.
-159.
-170.
-181.
-193.
-207.
-218.
-229.
-238.
-244.
-252.
-259.
-264.
-269.
-273.
-281.
-285.
-291.
-297.
-305.
-310.
-316.
-323.
-331.
-339.
-344.
-353.
-360.
-367.
-374.
-382.
-391.
-398.
-406.
-415.
-422.
-431.
-438.
-446.
-455.
-464.
-473.
-482.
-492.
-500.
-506.
-514.
-525.
-532.
-540.
-549.
-557.
-563.
-572.
-579.
-587.
-595.
-601.
-608.
-614.
-619.
-624.
-631.
-637.
-641.
-646.
-651.
-657.
-660.
-662.
-665.
-669.
-671.
-674.
-675.
-678.
-679.
-680.
-682.
-682.
-682.
-681.
-681.
-682.
-681.
-681.
-679.
-680.
-679.
-678.
-677.
-675.
-672.
-669.
-669.
-667.
-665.
-661.
-659.
-656.
-652.
-651.
-647.
-644.
-640.
-636.
-632.
-628.
-624.
-619.
-614.
-610.
-606.
-600.
-596.
-591.
-586.
-580.
-575.
-570.
-563.
-557.
-551.
-545.
-539.
-532.
-527.
-518.
-512.
-505.
-497.
-491.
-483.
-475.
-469.
-460.
-452.
-444.
-438.
-435.
-435.
-438.
-443.
-450.
-455.
-459.
-462.
-464.
-464.
-464.
-461.
-459.
-457.
-456.
-453.
-449.
-446.
-444.
-442.
-441.
-437.
-435.
-434.
-432.
-432.
-430.
-427.
-427.
-426.
-425.
-424.
-423.
-421.
-420.
-421.
-418.
-418.
-415.
-414.
-413.
-411.
-410.
-409.
-407.
-406.
-404.
-402.
-400.
-400.
-397.
-395.
-393.
-393.
-390.
-388.
-385.
-385.
-383.
-381.
-380.
-378.
-377.
-375.
-373.
-371.
-369.
-369.
-366.
-364.
-363.
-361.
-358.
-355.
-347.
-336.
-324.
-313.
-300.
-289.
-277.
-266.
-258.
-247.
-238.
-229.
-222.
-215.
-207.
-200.
-195.
-188.
-182.
-176.
-171.
-164.
-158.
-151.
-145.
-137.
-132.
-126.
-119.
-113.
-106.
-98.
-91.
-84.
-78.
-71.
-66.
-58.
-51.
-43.
-34.
-28.
-20.
-13.
-5.
3.
11.
21.
30.
37.
47.
56.
64.
74.
84.
94.
104.
115.
125.
135.
148.
159.
170.
182.
195.
207.
220.
234.
249.
261.
276.
290.
305.
320.
334.
350.
363.
378.
388.
395.
396.
396.
395.
396.
400.
404.
408.
417.
425.
434.
440.
448.
456.
462.
470.
477.
483.
490.
497.
502.
508.
514.
518.
525.
531.
534.
540.
546.
553.
556.
560.
564.
569.
574.
579.
583.
587.
591.
595.
600.
603.
607.
609.
615.
618.
622.
625.
628.
633.
636.
638.
644.
647.
650.
653.
657.
659.
663.
666.
669.
672.
675.
680.
684.
685.
689.
691.
694.
698.
703.
704.
708.
710.
714.
717.
720.
724.
726.
729.
732.
736.
739.
743.
744.
749.
752.
757.
759.
763.
767.
772.
777.
781.
783.
788.
792.
798.
804.
807.
811.
818.
822.
828.
835.
840.
846.
852.
859.
866.
875.
882.
891.
897.
907.
917.
926.
937.
946.
959.
970.
979.
992.
1004.
1018.
1030.
1043.
1060.
1073.
1087.
1102.
1116.
1132.
1148.
1161.
1174.
1192.
1211.
1227.
1243.
1261.
1276.
1291.
1308.
1323.
1341.
1355.
1371.
1386.
1401.
1415.
1430.
1444.
1455.
1469.
1482.
1492.
1504.
1515.
1525.
1533.
1543.
1551.
1557.
1562.
1568.
1573.
1578.
1583.
1585.
1588.
1591.
1594.
1594.
1595.
1598.
1598.
1599.
1598.
1601.
1602.
1602.
1602.
1601.
1603.
1601.
1601.
1600.
1600.
1599.
1600.
1598.
1600.
1599.
1598.
1596.
1596.
1594.
1596.
1595.
1592.
1593.
1590.
1588.
1588.
1586.
1587.
1586.
1584.
1583.
1583.
1582.
1580.
1579.
1579.
1576.
1576.
1574.
1575.
1573.
1572.
1570.
1569.
1566.
1568.
1566.
1564.
1563.
1563.
1562.
1560.
1557.
1556.
1554.
1552.
1551.
1549.
1548.
1548.
1545.
1543.
1542.
1540.
1539.
1538.
1536.
1534.
1532.
1530.
1528.
1527.
1525.
1523.
1522.
1519.
1517.
1514.
1513.
1510.
1508.
1504.
1504.
1505.
1508.
1513.
1520.
1526.
1535.
1543.
1553.
1563.
1574.
1583.
1588.
1595.
1602.
1606.
1609.
1612.
1616.
1619.
1624.
1628.
1634.
1636.
1639.
1646.
1649.
1652.
1656.
1662.
1664.
1669.
1673.
1678.
1681.
1687.
1690.
1694.
1698.
1702.
1707.
1712.
1715.
1720.
1723.
1727.
1731.
1734.
1737.
1741.
1743.
1747.
1750.
1752.
1754.
1755.
1758.
1759.
1761.
1762.
1762.
1762.
1763.
1762.
1763.
1764.
1761.
1759.
1757.
1756.
1753.
1750.
1748.
1744.
1741.
1736.
1730.
1726.
1719.
1713.
1706.
1702.
1692.
1687.
1679.
1670.
1660.
1653.
1643.
1634.
1625.
1616.
1606.
1594.
1583.
1572.
1561.
1548.
1537.
1525.
1512.
1498.
1486.
1473.
1461.
1446.
1435.
1422.
1408.
1394.
1380.
1366.
1351.
1338.
1323.
1311.
1296.
1282.
1267.
1253.
1238.
1223.
1209.
1195.
1181.
1167.
1153.
1139.
1125.
1111.
1097.
1084.
1071.
1057.
1047.
1033.
1021.
1011.
999.
990.
978.
969.
959.
949.
941.
932.
924.
916.
909.
900.
894.
888.
879.
874.
868.
861.
857.
851.
846.
841.
836.
832.
828.
823.
819.
817.
812.
808.
805.
804.
799.
796.
791.
782.
771.
757.
741.
723.
705.
689.
675.
660.
648.
638.
627.
617.
606.
596.
589.
581.
573.
564.
553.
546.
538.
528.
518.
510.
500.
489.
481.
470.
460.
451.
440.
428.
418.
407.
395.
382.
372.
361.
349.
336.
324.
311.
298.
286.
275.
260.
249.
236.
222.
211.
199.
187.
174.
161.
149.
138.
126.
114.
103.
93.
83.
74.
64.
54.
43.
34.
26.
18.
9.
1.
-6.
-14.
-21.
-27.
-34.
-40.
-47.
-52.
-57.
-62.
-69.
-72.
-77.
-81.
-86.
-90.
-93.
-97.
-101.
-103.
-105.
-109.
-113.
-114.
-117.
-119.
-121.
-123.
-127.
-128.
-129.
-132.
-133.
-134.
-136.
-137.
-138.
-138.
-141.
-141.
-142.
-141.
-142.
-142.
-144.
-144.
-145.
-144.
-146.
-147.
-148.
-151.
-158.
-167.
-176.
-187.
-200.
-212.
-225.
-236.
-246.
-255.
-261.
-270.
-277.
-285.
-295.
-305.
-313.
-322.
-333.
-343.
-352.
-364.
-374.
-384.
-396.
-408.
-420.
-433.
-444.
-457.
-469.
-482.
-496.
-508.
-521.
-534.
-547.
-561.
-572.
-588.
-601.
-613.
-627.
-639.
-650.
-662.
-674.
-687.
-697.
-708.
-717.
-726.
-737.
-745.
-754.
-762.
-768.
-775.
-781.
-786.
-792.
-796.
-802.
-805.
-807.
-810.
-814.
-817.
-817.
-818.
-821.
-822.
-823.
-824.
-823.
-822.
-822.
-822.
-825.
-825.
-823.
-823.
-821.
-818.
-818.
-815.
-815.
-813.
-810.
-808.
-808.
-804.
-801.
-797.
-794.
-792.
-790.
-789.
-790.
-792.
-796.
-800.
-802.
-803.
-804.
-805.
-806.
-803.
-803.
-803.
-806.
-807.
-808.
-808.
-809.
-811.
-811.
-814.
-815.
-818.
-822.
-824.
-826.
-830.
-834.
-836.
-839.
-842.
-846.
-847.
-852.
-853.
-857.
-859.
-864.
-864.
-868.
-871.
-876.
-877.
-880.
-884.
-888.
-890.
-892.
-894.
-898.
-902.
-905.
-907.
-909.
-914.
-916.
-919.
-922.
-926.
-927.
-932.
-933.
-938.
-940.
-941.
-944.
-947.
-951.
-952.
-954.
-955.
-957.
-961.
-962.
-962.
-962.
-960.
-955.
-946.
-937.
-924.
-911.
-900.
-889.
-879.
-870.
-858.
-849.
-839.
-830.
-823.
-812.
-804.
-795.
-787.
-782.
-772.
-762.
-754.
-745.
-734.
-724.
-714.
-702.
-692.
-681.
-671.
-659.
-646.
-634.
-621.
-608.
-596.
-584.
-572.
-558.
-547.
-535.
-521.
-510.
-498.
-485.
-472.
-457.
-444.
-430.
-415.
-399.
-384.
-369.
-353.
-337.
-319.
-303.
-286.
-267.
-251.
-234.
-214.
-196.
-176.
-156.
-138.
-118.
-98.
-77.
-56.
-37.
-15.
5.
25.
46.
65.
87.
108.
129.
148.
166.
181.
192.
201.
206.
211.
216.
219.
225.
232.
240.
250.
254.
264.
275.
280.
288.
293.
300.
308.
313.
320.
325.
331.
337.
341.
346.
350.
355.
361.
364.
368.
373.
376.
379.
384.
386.
391.
393.
397.
400.
403.
405.
408.
412.
413.
417.
420.
422.
424.
427.
430.
431.
433.
435.
436.
440.
442.
443.
445.
447.
449.
450.
451.
454.
455.
457.
459.
460.
461.
462.
464.
466.
466.
469.
468.
470.
471.
473.
474.
476.
476.
478.
480.
481.
482.
483.
486.
487.
487.
488.
489.
491.
492.
493.
493.
494.
494.
495.
497.
496.
497.
497.
500.
499.
502.
502.
502.
504.
505.
508.
508.
511.
511.
512.
514.
515.
516.
519.
521.
522.
523.
526.
527.
529.
529.
532.
532.
535.
536.
539.
541.
543.
546.
552.
560.
569.
583.
597.
612.
631.
651.
670.
691.
711.
731.
749.
770.
787.
805.
819.
835.
847.
861.
877.
890.
905.
918.
932.
947.
961.
975.
990.
1005.
1018.
1034.
1050.
1064.
1079.
1094.
1109.
1125.
1141.
1156.
1171.
1187.
1200.
1215.
1230.
1247.
1261.
1272.
1285.
1298.
1309.
1319.
1331.
1342.
1349.
1359.
1366.
1375.
1381.
1386.
1393.
1396.
1401.
1404.
1406.
1409.
1411.
1412.
1413.
1413.
1415.
1415.
1415.
1416.
1417.
1415.
1413.
1413.
1413.
1412.
1411.
1410.
1408.
1409.
1405.
1404.
1402.
1401.
1399.
1397.
1394.
1394.
1391.
1389.
1387.
1385.
1382.
1381.
1378.
1376.
1374.
1373.
1371.
1368.
1366.
1363.
1360.
1358.
1355.
1354.
1349.
1346.
1345.
1343.
1339.
1338.
1333.
1332.
1329.
1325.
1322.
1318.
1316.
1312.
1309.
1306.
1303.
1299.
1296.
1293.
1289.
1285.
1283.
1278.
1274.
1272.
1274.
1277.
1280.
1286.
1293.
1301.
1310.
1320.
1328.
1338.
1345.
1351.
1357.
1360.
1362.
1366.
1368.
1373.
1376.
1378.
1382.
1386.
1388.
1391.
1395.
1399.
1403.
1406.
1412.
1416.
1419.
1424.
1428.
1432.
1438.
1442.
1446.
1452.
1456.
1460.
1464.
1469.
1474.
1477.
1484.
1490.
1494.
1498.
1503.
1507.
1512.
1517.
1520.
1524.
1529.
1534.
1537.
1543.
1546.
1549.
1554.
1557.
1559.
1561.
1564.
1566.
1569.
1570.
1571.
1575.
1575.
1576.
1576.
1577.
1577.
1577.
1576.
1576.
1573.
1571.
1572.
1571.
1566.
1564.
1560.
1556.
1552.
1551.
1545.
1538.
1533.
1528.
1522.
1515.
1509.
1502.
1494.
1488.
1480.
1472.
1463.
1456.
1447.
1438.
1430.
1420.
1411.
1402.
1393.
1381.
1373.
1363.
1352.
1341.
1331.
1319.
1310.
1298.
1288.
1276.
1266.
1253.
1242.
1230.
1219.
1205.
1193.
1181.
1170.
1157.
1144.
1131.
1120.
1106.
1094.
1080.
1068.
1053.
1041.
1029.
1018.
1006.
993.
981.
970.
960.
948.
937.
927.
916.
906.
896.
887.
880.
870.
863.
854.
845.
837.
830.
823.
816.
807.
801.
794.
788.
781.
775.
770.
765.
759.
754.
749.
745.
739.
734.
730.
727.
721.
718.
715.
711.
708.
704.
702.
699.
695.
693.
689.
688.
687.
686.
683.
682.
679.
678.
675.
675.
674.
674.
669.
662.
651.
640.
625.
614.
599.
587.
575.
564.
553.
543.
532.
525.
517.
508.
500.
494.
488.
479.
472.
464.
455.
446.
437.
428.
419.
408.
397.
387.
377.
368.
357.
346.
335.
321.
310.
298.
286.
272.
260.
248.
233.
221.
209.
195.
181.
169.
154.
140.
128.
114.
104.
91.
78.
64.
52.
41.
30.
18.
8.
-3.
-13.
-23.
-30.
-40.
-49.
-58.
-64.
-71.
-77.
-83.
-91.
-95.
-102.
-107.
-110.
-113.
-117.
-123.
-125.
-129.
-132.
-135.
-137.
-141.
-142.
-143.
-147.
-151.
-151.
-154.
-156.
-157.
-159.
-159.
-160.
-162.
-162.
-164.
-163.
-164.
-165.
-166.
-167.
-168.
-170.
-174.
-181.
-190.
-199.
-210.
-222.
-233.
-243.
-254.
-265.
-272.
-280.
-287.
-296.
-303.
-312.
-320.
-328.
-338.
-348.
-357.
-368.
-377.
-389.
-398.
-409.
-421.
-433.
-445.
-456.
-468.
-481.
-493.
-506.
-518.
-529.
-542.
-556.
-568.
-581.
-592.
-605.
-619.
-631.
-642.
-653.
-666.
-676.
-686.
-697.
-708.
-717.
-725.
-735.
-743.
-750.
-757.
-763.
-770.
-775.
-781.
-783.
-787.
-793.
-794.
-797.
-800.
-804.
-804.
-806.
-807.
-809.
-811.
-810.
-810.
-813.
-811.
-810.
-811.
-812.
-810.
-809.
-807.
-806.
-804.
-803.
-801.
-799.
-798.
-795.
-790.
-790.
-786.
-785.
-782.
-784.
-787.
-791.
-794.
-798.
-800.
-804.
-804.
-805.
-806.
-806.
-805.
-805.
-805.
-805.
-807.
-809.
-812.
-814.
-815.
-819.
-819.
-821.
-824.
-827.
-830.
-835.
-837.
-841.
-844.
-847.
-852.
-857.
-860.
-863.
-868.
-871.
-877.
-880.
-884.
-888.
-893.
-896.
-900.
-905.
-910.
-914.
-918.
-922.
-927.
-931.
-936.
-939.
-945.
-950.
-955.
-958.
-963.
-967.
-972.
-977.
-982.
-986.
-990.
-996. 
-1000. 
-1003. 
-1006. 
-1011. 
-1015. 
-1020. 
-1022. 
-1027. 
-1030. 
-1032. 
-1035. 
-1037. 
-1040. 
-1042. 
-1042. 
-1045. 
-1044. 
-1041. 
-1038. 
-1031. 
-1022. 
-1013. 
-1005.
-996.
-989.
-982.
-976.
-970.
-968.
-963.
-961.
-958.
-955.
-953.
-949.
-945.
-942.
-939.
-933.
-929.
-924.
-921.
-915.
-909.
-905.
-901.
-894.
-889.
-884.
-877.
-870.
-865.
-858.
-851.
-842.
-837.
-828.
-820.
-811.
-803.
-793.
-785.
-775.
-764.
-753.
-742.
-731.
-719.
-708.
-696.
-682.
-669.
-656.
-642.
-630.
-615.
-601.
-585.
-569.
-553.
-537.
-520.
-502.
-486.
-468.
-451.
-431.
-413.
-395.
-377.
-357.
-336.
-319.
-298.
-277.
-256.
-235.
-214.
-192.
-169.
-149.
-126.
-104.
-80.
-59.
-37.
-14.
7.
30.
52.
76.
98.
121.
142.
162.
180.
198.
209.
213.
214.
215.
215.
219.
221.
227.
234.
240.
249.
257.
264.
271.
278.
284.
290.
298.
304.
311.
316.
323.
328.
334.
340.
346.
351.
356.
362.
365.
372.
377.
381.
386.
390.
394.
400.
403.
406.
412.
416.
421.
425.
427.
432.
438.
441.
444.
450.
453.
457.
460.
464.
468.
472.
476.
481.
484.
488.
492.
497.
502.
504.
509.
513.
518.
522.
526.
530.
536.
538.
541.
545.
551.
555.
561.
564.
570.
573.
578.
585.
592.
596.
602.
607.
614.
619.
627.
632.
639.
647.
654.
662.
671.
678.
689.
698.
707.
717.
724.
736.
747.
759.
770.
784.
797.
810.
823.
839.
852.
867.
881.
899.
914.
930.
947.
963.
981.
997.
1015.
1033.
1052.
1071.
1088.
1107.
1127.
1147.
1165.
1184.
1202.
1221.
1239.
1258.
1275.
1293.
1309.
1326.
1344.
1359.
1375.
1389.
1403.
1416.
1429.
1441.
1451.
1463.
1472.
1482.
1491.
1500.
1508.
1517.
1523.
1531.
1537.
1544.
1548.
1552.
1553.
1553.
1551.
1545.
1539.
1537.
1536.
1534.
1532.
1529.
1527.
1525.
1524.
1523.
1523.
1525.
1525.
1525.
1526.
1525.
1525.
1526.
1528.
1529.
1531.
1532.
1534.
1534.
1537.
1539.
1540.
1541.
1542.
1545.
1544.
1545.
1547.
1549.
1547.
1549.
1549.
1549.
1550.
1548.
1548.
1549.
1547.
1547.
1546.
1545.
1544.
1544.
1541.
1540.
1541.
1540.
1539.
1536.
1535.
1533.
1532.
1531.
1527.
1525.
1524.
1523.
1520.
1517.
1515.
1513.
1509.
1508.
1506.
1502.
1499.
1495.
1493.
1488.
1486.
1482.
1477.
1475.
1472.
1470.
1470.
1470.
1474.
1479.
1486.
1493.
1502.
1511.
1519.
1527.
1533.
1540.
1545.
1549.
1552.
1556.
1558.
1560.
1563.
1567.
1569.
1574.
1576.
1580.
1586.
1590.
1595.
1599.
1604.
1610.
1615.
1621.
1625.
1631.
1638.
1642.
1650.
1654.
1660.
1668.
1675.
1682.
1688.
1695.
1702.
1710.
1717.
1723.
1731.
1739.
1745.
1753.
1760.
1767.
1774.
1783.
1790.
1795.
1803.
1809.
1815.
1820.
1827.
1833.
1837.
1842.
1846.
1850.
1853.
1856.
1860.
1862.
1863.
1864.
1867.
1868.
1868.
1869.
1868.
1867.
1867.
1864.
1863.
1862.
1860.
1857.
1855.
1851.
1848.
1845.
1840.
1836.
1833.
1830.
1825.
1820.
1816.
1811.
1805.
1800.
1794.
1789.
1784.
1777.
1771.
1764.
1758.
1750.
1744.
1737.
1731.
1722.
1715.
1707.
1699.
1690.
1681.
1674.
1664.
1656.
1646.
1637.
1628.
1617.
1608.
1598.
1586.
1578.
1568.
1557.
1545.
1534.
1523.
1511.
1501.
1489.
1478.
1467.
1455.
1442.
1431.
1418.
1406.
1395.
1379.
1367.
1355.
1340.
1329.
1316.
1302.
1290.
1274.
1261.
1247.
1235.
1221.
1208.
1195.
1181.
1168.
1158.
1144.
1133.
1119.
1109.
1098.
1088.
1077.
1067.
1057.
1048.
1038.
1028.
1018.
1010.
1003.
994.
986.
979.
970.
963.
957.
950.
942.
937.
930.
924.
917.
911.
907.
900.
895.
890.
886.
881.
877.
871.
867.
861.
857.
854.
850.
845.
842.
838.
835.
830.
828.
825.
822.
819.
816.
812.
809.
808.
806.
803.
801.
799.
797.
795.
794.
790.
786.
780.
771.
758.
741.
725.
707.
691.
675.
660.
646.
634.
622.
612.
602.
593.
583.
573.
563.
553.
543.
534.
523.
512.
500.
488.
476.
464.
451.
438.
427.
412.
399.
386.
373.
359.
347.
333.
319.
304.
291.
278.
263.
250.
236.
224.
210.
196.
182.
170.
157.
146.
134.
121.
110.
99.
89.
80.
72.
61.
52.
43.
36.
28.
20.
13.
7.
0.
-6.
-12.
-16.
-23.
-28.
-31.
-35.
-39.
-44.
-48.
-50.
-54.
-56.
-59.
-62.
-65.
-69.
-71.
-72.
-72.
-75.
-78.
-79.
-82.
-86.
-95.
-105.
-116.
-130.
-144.
-155.
-166.
-176.
-185.
-192.
-202.
-209.
-217.
-224.
-232.
-241.
-251.
-259.
-269.
-278.
-286.
-298.
-306.
-318.
-327.
-338.
-350.
-363.
-373.
-387.
-397.
-409.
-420.
-432.
-445.
-457.
-469.
-482.
-494.
-507.
-519.
-532.
-543.
-554.
-567.
-578.
-592.
-602.
-613.
-624.
-634.
-645.
-655.
-664.
-674.
-681.
-689.
-697.
-704.
-710.
-718.
-720.
-728.
-733.
-736.
-740.
-744.
-748.
-749.
-750.
-754.
-757.
-755.
-757.
-759.
-759.
-759.
-759.
-760.
-760.
-758.
-758.
-758.
-757.
-756.
-755.
-752.
-751.
-748.
-746.
-744.
-741.
-740.
-736.
-733.
-730.
-728.
-723.
-721.
-716.
-712.
-709.
-705.
-701.
-697.
-693.
-688.
-685.
-681.
-678.
-679.
-679.
-682.
-685.
-687.
-689.
-690.
-690.
-687.
-686.
-684.
-682.
-681.
-680.
-681.
-680.
-682.
-681.
-681.
-680.
-681.
-681.
-683.
-683.
-685.
-684.
-687.
-687.
-688.
-689.
-689.
-691.
-692.
-693.
-694.
-695.
-696.
-697.
-699.
-700.
-701.
-702.
-703.
-706.
-706.
-707.
-709.
-711.
-710.
-712.
-715.
-715.
-715.
-719.
-718.
-720.
-721.
-723.
-722.
-724.
-724.
-725.
-726.
-727.
-727.
-728.
-729.
-730.
-732.
-732.
-732.
-732.
-730.
-727.
-719.
-710.
-699.
-686.
-674.
-662.
-651.
-641.
-632.
-620.
-611.
-602.
-593.
-588.
-582.
-575.
-569.
-564.
-560.
-552.
-549.
-542.
-536.
-529.
-523.
-517.
-510.
-505.
-497.
-489.
-483.
-477.
-469.
-461.
-453.
-444.
-435.
-427.
-418.
-408.
-398.
-387.
-378.
-367.
-355.
-343.
-332.
-319.
-305.
-291.
-278.
-262.
-247.
-231.
-215.
-198.
-179.
-162.
-143.
-127.
-107.
-87.
-67.
-47.
-27.
-5.
17.
38.
61.
84.
108.
131.
154.
178.
203.
227.
251.
275.
301.
325.
348.
372.
396.
420.
441.
464.
486.
505.
528.
548.
566.
585.
603.
619.
637.
652.
668.
680.
694.
706.
719.
732.
743.
753.
766.
777.
786.
795.
805.
814.
822.
833.
840.
849.
855.
863.
871.
878.
884.
891.
897.
904.
911.
916.
921.
929.
935.
941.
947.
953.
957.
962.
969.
976.
980.
986.
992.
996.
1002.
1007.
1013.
1017.
1022.
1027.
1031.
1036.
1041.
1046.
1051.
1056.
1060.
1066.
1069.
1073.
1078.
1084.
1089.
1092.
1096.
1102.
1105.
1109.
1112.
1117.
1122.
1126.
1129.
1135.
1139.
1142.
1145.
1151.
1155.
1158.
1163.
1167.
1171.
1176.
1180.
1184.
1187.
1191.
1196.
1199.
1205.
1208.
1213.
1216.
1220.
1225.
1229.
1233.
1236.
1243.
1246.
1252.
1255.
1261.
1265.
1270.
1273.
1279.
1285.
1289.
1294.
1298.
1303.
1309.
1314.
1319.
1325.
1330.
1336.
1342.
1348.
1354.
1361.
1367.
1375.
1381.
1390.
1396.
1402.
1410.
1417.
1426.
1435.
1443.
1454.
1461.
1469.
1479.
1488.
1500.
1509.
1519.
1529.
1541.
1551.
1563.
1573.
1585.
1597.
1611.
1621.
1633.
1645.
1658.
1670.
1682.
1693.
1706.
1717.
1727.
1741.
1750.
1760.
1771.
1781.
1790.
1798.
1807.
1816.
1823.
1829.
1836.
1843.
1848.
1853.
1857.
1862.
1867.
1870.
1875.
1878.
1880.
1884.
1888.
1890.
1892.
1895.
1897.
1900.
1902.
1904.
1904.
1907.
1909.
1910.
1911.
1914.
1914.
1915.
1918.
1919.
1921.
1922.
1925.
1927.
1928.
1932.
1933.
1934.
1938.
1940.
1943.
1943.
1945.
1947.
1949.
1948.
1951.
1952.
1953.
1955.
1956.
1956.
1958.
1959.
1959.
1960.
1961.
1961.
1963.
1964.
1963.
1963.
1963.
1962.
1965.
1964.
1964.
1963.
1962.
1963.
1962.
1962.
1962.
1961.
1960.
1958.
1958.
1954.
1954.
1952.
1953.
1950.
1949.
1946.
1944.
1942.
1939.
1936.
1935.
1931.
1929.
1925.
1922.
1919.
1916.
1913.
1908.
1905.
1899.
1895.
1892.
1887.
1881.
1878.
1872.
1867.
1861.
1855.
1849.
1841.
1836.
1830.
1824.
1816.
1809.
1801.
1794.
1787.
1779.
1771.
1762.
1754.
1747.
1744.
1741.
1742.
1742.
1746.
1748.
1751.
1752.
1755.
1755.
1754.
1752.
1749.
1746.
1742.
1739.
1736.
1734.
1728.
1724.
1719.
1716.
1711.
1707.
1705.
1701.
1696.
1691.
1687.
1684.
1680.
1675.
1671.
1666.
1661.
1656.
1652.
1647.
1642.
1638.
1632.
1629.
1622.
1616.
1612.
1605.
1600.
1593.
1587.
1583.
1576.
1569.
1563.
1556.
1549.
1543.
1536.
1528.
1522.
1515.
1507.
1499.
1493.
1486.
1478.
1471.
1463.
1456.
1449.
1440.
1431.
1424.
1415.
1409.
1401.
1391.
1383.
1374.
1365.
1357.
1349.
1341.
1333.
1324.
1315.
1307.
1299.
1290.
1280.
1272.
1264.
1256.
1247.
1239.
1229.
1222.
1213.
1206.
1196.
1190.
1181.
1175.
1166.
1160.
1154.
1147.
1140.
1134.
1128.
1123.
1116.
1112.
1105.
1100.
1095.
1091.
1086.
1082.
1077.
1072.
1068.
1066.
1060.
1056.
1050.
1045.
1036.
1026.
1011.
994.
974.
953.
933.
913.
894.
877.
860.
844.
830.
817.
806.
794.
783.
774.
764.
754.
743.
732.
722.
712.
701.
691.
679.
670.
658.
647.
638.
627.
614.
604.
594.
582.
571.
559.
549.
540.
531.
519.
510.
501.
490.
479.
469.
459.
451.
441.
434.
426.
418.
409.
403.
397.
387.
383.
374.
370.
365.
359.
353.
348.
345.
339.
336.
333.
328.
324.
322.
319.
314.
307.
302.
292.
281.
266.
248.
234.
218.
204.
188.
176.
162.
151.
139.
127.
117.
105.
96.
87.
76.
66.
55.
45.
34.
22.
12.
0.
-12.
-24.
-35.
-48.
-61.
-71.
-85.
-96.
-108.
-121.
-133.
-146.
-159.
-173.
-185.
-197.
-209.
-221.
-236.
-247.
-259.
-271.
-282.
-294.
-306.
-317.
-327.
-339.
-349.
-359.
-369.
-378.
-384.
-394.
-402.
-408.
-415.
-422.
-429.
-432.
-439.
-445.
-450.
-454.
-457.
-461.
-464.
-467.
-470.
-473.
-476.
-479.
-481.
-483.
-485.
-486.
-489.
-490.
-492.
-493.
-495.
-495.
-498.
-499.
-499.
-501.
-502.
-503.
-503.
-504.
-505.
-504.
-505.
-505.
-506.
-505.
-505.
-505.
-503.
-504.
-503.
-509.
-513.
-520.
-531.
-541.
-553.
-564.
-576.
-589.
-600.
-611.
-621.
-629.
-637.
-645.
-651.
-658.
-665.
-674.
-683.
-691.
-699.
-707.
-718.
-726.
-734.
-743.
-753.
-761.
-769.
-780.
-788.
-799.
-807.
-817.
-825.
-835.
-844.
-853.
-863.
-873.
-881.
-890.
-900.
-908.
-918.
-926.
-935.
-944.
-950.
-959.
-967.
-975.
-981.
-988.
-996. 
-1002. 
-1007. 
-1014. 
-1020. 
-1023. 
-1028. 
-1033. 
-1037. 
-1041. 
-1045. 
-1049. 
-1052. 
-1053. 
-1056. 
-1059. 
-1061. 
-1062. 
-1063. 
-1064. 
-1066. 
-1068. 
-1066. 
-1067. 
-1066. 
-1065. 
-1065. 
-1064. 
-1062. 
-1062. 
-1060. 
-1060. 
-1056. 
-1054. 
-1051. 
-1050. 
-1048. 
-1045. 
-1041. 
-1038. 
-1036. 
-1031. 
-1027. 
-1024. 
-1019. 
-1014. 
-1010. 
-1004. 
-1001.
-995.
-990.
-983.
-978.
-972.
-965.
-959.
-953.
-946.
-938.
-930.
-921.
-914.
-907.
-897.
-888.
-880.
-871.
-860.
-852.
-841.
-831.
-820.
-810.
-799.
-789.
-778.
-766.
-754.
-742.
-729.
-716.
-703.
-689.
-675.
-660.
-646.
-634.
-622.
-614.
-611.
-611.
-613.
-614.
-614.
-612.
-608.
-602.
-597.
-589.
-581.
-572.
-565.
-555.
-545.
-538.
-530.
-520.
-512.
-504.
-495.
-486.
-479.
-473.
-466.
-459.
-451.
-445.
-438.
-431.
-424.
-418.
-410.
-405.
-397.
-391.
-385.
-378.
-372.
-366.
-360.
-352.
-348.
-342.
-334.
-329.
-324.
-320.
-312.
-306.
-300.
-295.
-290.
-282.
-278.
-271.
-267.
-262.
-258.
-251.
-246.
-242.
-237.
-234.
-228.
-224.
-219.
-215.
-210.
-206.
-203.
-197.
-193.
-191.
-184.
-179.
-173.
-165.
-152.
-138.
-124.
-106.
-90.
-75.
-60.
-45.
-31.
-18.
-5.
7.
18.
30.
43.
55.
68.
79.
92.
105.
119.
133.
147.
160.
174.
190.
205.
220.
237.
254.
271.
288.
307.
325.
343.
362.
383.
400.
421.
440.
460.
481.
501.
522.
542.
565.
586.
609.
629.
651.
675.
696.
719.
738.
761.
783.
804.
828.
849.
870.
890.
912.
932.
952.
970.
990.
1008.
1024.
1041.
1056.
1070.
1085.
1099.
1110.
1121.
1132.
1142.
1151.
1160.
1168.
1173.
1173.
1170.
1167.
1164.
1161.
1160.
1161.
1160.
1163.
1164.
1168.
1168.
1171.
1174.
1177.
1177.
1181.
1183.
1185.
1185.
1187.
1189.
1191.
1192.
1192.
1195.
1195.
1197.
1198.
1199.
1200.
1201.
1201.
1201.
1203.
1203.
1205.
1205.
1205.
1207.
1207.
1208.
1208.
1209.
1210.
1211.
1211.
1211.
1210.
1211.
1212.
1212.
1212.
1212.
1213.
1213.
1213.
1212.
1213.
1211.
1210.
1212.
1212.
1213.
1211.
1210.
1211.
1211.
1208.
1207.
1207.
1205.
1205.
1204.
1205.
1206.
1203.
1202.
1200.
1199.
1198.
1198.
1196.
1195.
1193.
1192.
1192.
1188.
1185.
1182.
1180.
1177.
1174.
1172.
1168.
1165.
1160.
1157.
1151.
1148.
1143.
1140.
1134.
1130.
1127.
1125.
1121.
1118.
1116.
1112.
1114.
1115.
1117.
1122.
1129.
1135.
1143.
1151.
1160.
1169.
1178.
1188.
1197.
1207.
1216.
1225.
1234.
1243.
1249.
1258.
1267.
1275.
1282.
1288.
1295.
1302.
1308.
1314.
1321.
1327.
1332.
1339.
1347.
1354.
1361.
1369.
1375.
1381.
1390.
1395.
1402.
1409.
1417.
1423.
1430.
1439.
1448.
1458.
1466.
1473.
1482.
1490.
1499.
1507.
1516.
1524.
1532.
1541.
1548.
1557.
1564.
1574.
1580.
1587.
1594.
1601.
1609.
1616.
1622.
1627.
1632.
1637.
1640.
1646.
1649.
1652.
1654.
1657.
1657.
1660.
1662.
1662.
1663.
1663.
1662.
1663.
1659.
1658.
1655.
1655.
1652.
1651.
1646.
1643.
1641.
1636.
1632.
1627.
1622.
1619.
1614.
1612.
1604.
1599.
1594.
1589.
1584.
1578.
1572.
1567.
1560.
1556.
1550.
1543.
1537.
1529.
1523.
1517.
1510.
1504.
1497.
1489.
1481.
1475.
1469.
1461.
1455.
1447.
1439.
1431.
1423.
1415.
1407.
1400.
1390.
1381.
1375.
1365.
1355.
1345.
1335.
1328.
1318.
1309.
1298.
1287.
1278.
1267.
1258.
1248.
1239.
1227.
1217.
1206.
1196.
1192.
1188.
1186.
1187.
1189.
1191.
1192.
1192.
1192.
1191.
1191.
1186.
1182.
1178.
1173.
1168.
1162.
1158.
1154.
1148.
1144.
1139.
1132.
1127.
1123.
1118.
1114.
1108.
1102.
1096.
1092.
1087.
1082.
1077.
1072.
1067.
1063.
1059.
1055.
1050.
1045.
1041.
1035.
1030.
1026.
1022.
1019.
1014.
1010.
1008.
1004.
999.
995.
993.
989.
986.
982.
978.
976.
971.
969.
966.
964.
959.
957.
953.
950.
944.
940.
932.
922.
906.
892.
872.
853.
836.
823.
810.
797.
785.
775.
765.
757.
748.
740.
732.
725.
714.
705.
698.
690.
679.
671.
661.
652.
643.
635.
623.
615.
604.
595.
584.
575.
563.
553.
543.
533.
521.
511.
500.
490.
479.
467.
457.
446.
436.
426.
416.
406.
397.
388.
377.
368.
359.
351.
340.
334.
325.
318.
310.
302.
296.
288.
282.
275.
268.
261.
256.
252.
244.
239.
232.
228.
223.
219.
214.
211.
205.
202.
198.
195.
193.
188.
186.
184.
180.
178.
175.
173.
172.
169.
168.
165.
163.
161.
159.
159.
158.
158.
156.
154.
153.
152.
148.
145.
139.
129.
115.
102.
87.
76.
63.
54.
44.
37.
29.
21.
17.
7.
-2.
-10.
-19.
-26.
-35.
-45.
-54.
-62.
-72.
-83.
-94.
-103.
-115.
-126.
-138.
-148.
-161.
-171.
-183.
-195.
-209.
-220.
-234.
-245.
-261.
-271.
-285.
-296.
-310.
-322.
-334.
-346.
-357.
-370.
-381.
-391.
-402.
-411.
-419.
-429.
-438.
-448.
-455.
-462.
-468.
-473.
-481.
-485.
-490.
-494.
-498.
-501.
-504.
-507.
-511.
-511.
-513.
-516.
-518.
-518.
-518.
-519.
-522.
-521.
-523.
-522.
-522.
-522.
-521.
-522.
-523.
-521.
-520.
-520.
-519.
-517.
-516.
-514.
-517.
-519.
-523.
-530.
-538.
-545.
-552.
-556.
-561.
-562.
-563.
-565.
-567.
-570.
-573.
-577.
-579.
-583.
-588.
-591.
-594.
-599.
-602.
-607.
-611.
-617.
-621.
-626.
-631.
-637.
-641.
-647.
-652.
-656.
-662.
-668.
-674.
-680.
-686.
-689.
-694.
-702.
-707.
-713.
-718.
-723.
-729.
-736.
-741.
-747.
-752.
-757.
-761.
-766.
-772.
-777.
-782.
-786.
-792.
-795.
-799.
-804.
-809.
-812.
-818.
-821.
-824.
-827.
-830.
-832.
-831.
-827.
-821.
-812.
-802.
-794.
-785.
-774.
-766.
-757.
-749.
-742.
-735.
-728.
-725.
-720.
-717.
-714.
-712.
-708.
-706.
-702.
-698.
-694.
-691.
-687.
-685.
-680.
-676.
-672.
-669.
-664.
-660.
-655.
-651.
-647.
-642.
-636.
-632.
-627.
-620.
-618.
-610.
-604.
-600.
-593.
-587.
-580.
-575.
-568.
-560.
-554.
-547.
-539.
-531.
-522.
-514.
-505.
-496.
-486.
-476.
-463.
-454.
-443.
-432.
-420.
-406.
-394.
-377.
-365.
-350.
-334.
-320.
-304.
-289.
-274.
-256.
-239.
-221.
-203.
-184.
-167.
-148.
-129.
-109.
-89.
-69.
-48.
-28.
-7.
14.
36.
57.
78.
99.
123.
143.
168.
189.
212.
235.
255.
278.
301.
323.
343.
364.
384.
404.
423.
443.
460.
479.
494.
510.
524.
540.
555.
568.
581.
594.
604.
616.
628.
639.
650.
660.
668.
678.
686.
696.
705.
712.
719.
726.
736.
744.
750.
756.
763.
769.
776.
782.
790.
796.
801.
807.
812.
818.
823.
828.
833.
840.
844.
850.
855.
860.
865.
871.
874.
878.
884.
888.
893.
899.
904.
908.
912.
919.
923.
929.
934.
939.
944.
949.
955.
959.
963.
967.
973.
979.
981.
988.
993.
998.
1003.
1008.
1012.
1018.
1024.
1028.
1034.
1039.
1046.
1051.
1056.
1061.
1067.
1073.
1078.
1083.
1092.
1096.
1103.
1112.
1118.
1124.
1131.
1139.
1147.
1154.
1162.
1172.
1179.
1190.
1198.
1206.
1217.
1227.
1237.
1249.
1261.
1272.
1283.
1296.
1307.
1320.
1333.
1347.
1360.
1374.
1388.
1402.
1415.
1428.
1436.
1440.
1440.
1437.
1434.
1433.
1431.
1430.
1432.
1433.
1436.
1440.
1442.
1449.
1453.
1458.
1462.
1466.
1469.
1473.
1477.
1479.
1482.
1485.
1488.
1490.
1492.
1495.
1496.
1498.
1502.
1504.
1506.
1508.
1509.
1513.
1515.
1518.
1519.
1521.
1523.
1525.
1526.
1529.
1528.
1531.
1533.
1536.
1536.
1538.
1540.
1543.
1545.
1544.
1548.
1548.
1551.
1552.
1553.
1555.
1557.
1557.
1558.
1562.
1563.
1563.
1566.
1568.
1568.
1569.
1571.
1574.
1575.
1577.
1579.
1581.
1582.
1582.
1585.
1586.
1588.
1590.
1592.
1593.
1594.
1595.
1598.
1599.
1600.
1602.
1605.
1605.
1607.
1608.
1611.
1610.
1614.
1613.
1616.
1617.
1620.
1622.
1623.
1623.
1625.
1625.
1627.
1629.
1632.
1632.
1634.
1635.
1637.
1638.
1640.
1642.
1642.
1644.
1645.
1649.
1650.
1650.
1651.
1653.
1654.
1655.
1658.
1658.
1660.
1662.
1663.
1663.
1665.
1667.
1668.
1669.
1670.
1670.
1672.
1672.
1673.
1674.
1675.
1674.
1675.
1677.
1678.
1679.
1678.
1680.
1681.
1681.
1680.
1682.
1682.
1683.
1682.
1683.
1682.
1682.
1681.
1682.
1681.
1682.
1681.
1680.
1678.
1678.
1677.
1677.
1676.
1674.
1672.
1670.
1669.
1667.
1667.
1663.
1663.
1660.
1659.
1656.
1655.
1652.
1649.
1647.
1645.
1641.
1638.
1636.
1632.
1628.
1625.
1620.
1617.
1612.
1608.
1604.
1598.
1591.
1586.
1581.
1574.
1568.
1561.
1554.
1547.
1539.
1531.
1522.
1516.
1506.
1498.
1490.
1480.
1469.
1459.
1449.
1440.
1428.
1417.
1405.
1394.
1383.
1371.
1358.
1346.
1334.
1322.
1309.
1297.
1283.
1271.
1257.
1243.
1229.
1215.
1202.
1189.
1174.
1161.
1146.
1131.
1118.
1104.
1090.
1076.
1063.
1050.
1037.
1025.
1013.
1000.
989.
977.
966.
956.
945.
935.
926.
917.
908.
899.
889.
881.
874.
867.
858.
851.
845.
838.
830.
824.
817.
812.
805.
800.
794.
789.
783.
778.
774.
767.
764.
758.
754.
748.
744.
739.
738.
733.
729.
725.
720.
716.
712.
708.
705.
701.
697.
694.
691.
688.
685.
682.
678.
674.
670.
663.
654.
639.
625.
608.
592.
578.
564.
551.
539.
531.
521.
511.
502.
491.
483.
473.
463.
454.
445.
435.
424.
413.
404.
394.
384.
373.
362.
351.
340.
330.
317.
307.
295.
285.
272.
261.
251.
239.
228.
218.
207.
196.
185.
175.
166.
156.
147.
138.
129.
119.
112.
103.
95.
87.
81.
75.
69.
63.
56.
50.
45.
42.
36.
32.
27.
23.
20.
16.
13.
7.
2.
-7.
-19.
-31.
-47.
-63.
-76.
-90.
-106.
-120.
-130.
-144.
-156.
-169.
-179.
-190.
-200.
-210.
-221.
-233.
-243.
-255.
-266.
-277.
-288.
-300.
-311.
-325.
-338.
-350.
-361.
-375.
-388.
-400.
-413.
-426.
-438.
-450.
-462.
-475.
-490.
-501.
-514.
-526.
-537.
-548.
-559.
-571.
-581.
-590.
-601.
-609.
-619.
-627.
-634.
-641.
-649.
-655.
-662.
-667.
-672.
-677.
-681.
-684.
-688.
-691.
-694.
-697.
-699.
-701.
-701.
-703.
-705.
-705.
-704.
-705.
-706.
-706.
-705.
-703.
-705.
-704.
-702.
-702.
-701.
-698.
-695.
-696.
-694.
-690.
-689.
-687.
-683.
-681.
-680.
-676.
-673.
-669.
-666.
-663.
-660.
-655.
-650.
-649.
-643.
-641.
-637.
-630.
-627.
-622.
-617.
-613.
-608.
-604.
-598.
-593.
-588.
-582.
-577.
-573.
-567.
-565.
-563.
-566.
-571.
-577.
-585.
-593.
-597.
-601.
-606.
-609.
-612.
-614.
-617.
-617.
-618.
-620.
-621.
-619.
-621.
-621.
-625.
-625.
-626.
-629.
-630.
-632.
-633.
-636.
-638.
-639.
-640.
-640.
-641.
-643.
-644.
-645.
-646.
-644.
-645.
-645.
-645.
-646.
-647.
-645.
-646.
-646.
-646.
-644.
-644.
-643.
-642.
-640.
-639.
-636.
-633.
-631.
-628.
-626.
-623.
-620.
-618.
-614.
-612.
-608.
-605.
-603.
-599.
-596.
-593.
-589.
-586.
-585.
-582.
-578.
-576.
-574.
-573.
-569.
-567.
-562.
-557.
-551.
-539.
-526.
-513.
-496.
-483.
-469.
-455.
-444.
-432.
-422.
-412.
-402.
-392.
-382.
-375.
-368.
-360.
-351.
-343.
-334.
-325.
-317.
-310.
-301.
-293.
-283.
-275.
-266.
-257.
-247.
-237.
-228.
-218.
-209.
-200.
-190.
-178.
-168.
-156.
-144.
-135.
-124.
-111.
-97.
-85.
-73.
-59.
-44.
-30.
-15.
2.
17.
34.
52.
68.
87.
105.
123.
143.
162.
183.
204.
226.
247.
268.
292.
314.
337.
361.
384.
408.
433.
456.
480.
505.
529.
550.
568.
580.
586.
586.
586.
588.
591.
592.
596.
599.
606.
612.
618.
627.
634.
641.
649.
655.
661.
668.
674.
680.
686.
692.
697.
704.
710.
715.
722.
727.
732.
737.
743.
747.
753.
758.
763.
769.
774.
778.
783.
790.
794.
798.
804.
809.
813.
817.
822.
827.
833.
837.
842.
847.
851.
856.
862.
867.
872.
875.
881.
885.
891.
894.
899.
905.
910.
916.
919.
925.
930.
936.
941.
948.
952.
958.
965.
970.
977.
983.
988.
996.
1005.
1011.
1019.
1025.
1035.
1042.
1052.
1060.
1070.
1079.
1089.
1098.
1111.
1122.
1134.
1145.
1157.
1170.
1184.
1196.
1211.
1225.
1239.
1254.
1271.
1286.
1301.
1317.
1335.
1351.
1369.
1385.
1401.
1421.
1438.
1453.
1473.
1490.
1507.
1523.
1540.
1556.
1573.
1588.
1603.
1618.
1633.
1646.
1660.
1673.
1683.
1695.
1706.
1716.
1726.
1733.
1741.
1749.
1754.
1760.
1764.
1768.
1773.
1777.
1780.
1783.
1785.
1785.
1787.
1789.
1788.
1789.
1791.
1790.
1790.
1791.
1789.
1789.
1788.
1787.
1787.
1786.
1786.
1784.
1783.
1780.
1780.
1779.
1778.
1775.
1776.
1773.
1772.
1769.
1770.
1768.
1766.
1763.
1762.
1761.
1759.
1757.
1756.
1756.
1752.
1751.
1749.
1748.
1745.
1742.
1741.
1737.
1735.
1734.
1731.
1729.
1725.
1724.
1722.
1719.
1716.
1715.
1711.
1708.
1706.
1702.
1700.
1696.
1693.
1691.
1687.
1685.
1681.
1678.
1676.
1674.
1668.
1666.
1661.
1658.
1654.
1651.
1647.
1645.
1637.
1634.
1628.
1627.
1620.
1617.
1611.
1608.
1603.
1597.
1591.
1586.
1583.
1575.
1570.
1562.
1554.
1546.
1539.
1530.
1522.
1512.
1502.
1497.
1493.
1491.
1491.
1494.
1496.
1500.
1503.
1509.
1512.
1514.