526.
532.
538.
544.
546.
548.
549.
546.
543.
535.
533.
531.
530.
531.
533.
535.
537.
536.
539.
539.
540.
541.
540.
540.
541.
539.
541.
542.
540.
540.
540.
537.
538.
536.
536.
535.
534.
533.
531.
529.
527.
525.
524.
521.
520.
518.
516.
513.
511.
510.
508.
503.
502.
499.
496.
493.
491.
487.
485.
482.
480.
477.
474.
471.
467.
465.
462.
459.
455.
451.
449.
444.
440.
441.
437.
433.
430.
426.
423.
419.
414.
412.
408.
404.
401.
397.
395.
391.
387.
382.
380.
375.
371.
368.
364.
361.
356.
353.
349.
346.
341.
337.
336.
331.
330.
331.
334.
336.
342.
347.
352.
357.
357.
362.
362.
361.
361.
360.
361.
360.
359.
359.
358.
359.
358.
358.
359.
359.
358.
356.
357.
356.
357.
358.
358.
358.
358.
357.
357.
358.
358.
358.
360.
359.
359.
361.
362.
364.
364.
366.
365.
368.
369.
371.
373.
377.
376.
378.
382.
385.
391.
390.
393.
395.
400.
404.
406.
411.
412.
418.
421.
427.
429.
434.
439.
442.
447.
453.
458.
462.
464.
465.
465.
463.
457.
453.
453.
453.
454.
457.
459.
460.
464.
465.
468.
469.
469.
472.
474.
475.
475.
477.
477.
478.
480.
479.
480.
481.
480.
479.
479.
479.
478.
478.
477.
477.
476.
475.
475.
473.
472.
470.
471.
468.
466.
464.
464.
462.
459.
457.
456.
453.
451.
448.
445.
444.
440.
437.
435.
432.
430.
426.
423.
421.
419.
416.
413.
409.
407.
404.
400.
397.
395.
390.
388.
385.
381.
377.
374.
370.
366.
363.
360.
354.
351.
345.
342.
337.
331.
326.
321.
314.
310.
303.
297.
291.
285.
278.
273.
265.
259.
252.
246.
238.
231.
223.
217.
209.
201.
195.
188.
180.
172.
165.
159.
151.
143.
138.
132.
124.
118.
112.
106.
99.
95.
88.
82.
75.
70.
65.
59.
54.
50.
46.
38.
33.
28.
23.
18.
13.
8.
2.
0.
-5.
-10.
-16.
-18.
-22.
-25.
-30.
-33.
-38.
-46.
-55.
-69.
-85.
-98.
-113.
-127.
-138.
-146.
-154.
-159.
-163.
-165.
-168.
-167.
-168.
-170.
-170.
-168.
-168.
-167.
-166.
-164.
-162.
-158.
-156.
-153.
-150.
-145.
-143.
-138.
-133.
-129.
-122.
-118.
-113.
-107.
-102.
-95.
-88.
-81.
-74.
-67.
-60.
-52.
-44.
-34.
-29.
-17.
-10.
-1.
8.
19.
28.
38.
48.
56.
66.
77.
88.
96.
110.
119.
131.
143.
153.
166.
179.
191.
203.
218.
231.
245.
256.
269.
282.
294.
306.
320.
332.
344.
356.
366.
377.
389.
400.
410.
422.
431.
442.
451.
460.
469.
479.
487.
494.
502.
512.
520.
526.
533.
539.
545.
551.
556.
563.
568.
571.
576.
579.
581.
585.
585.
588.
587.
588.
587.
585.
583.
581.
577.
572.
566.
560.
552.
545.
537.
528.
518.
507.
497.
482.
470.
456.
445.
431.
414.
400.
385.
370.
353.
337.
321.
307.
294.
281.
263.
249.
237.
223.
210.
198.
185.
173.
160.
147.
135.
123.
112.
102.
91.
81.
70.
60.
50.
41.
33.
24.
18.
9.
3.
-4.
-8.
-12.
-15.
-18.
-20.
-21.
-21.
-20.
-18.
-16.
-11.
-7.
-1.
6.
15.
26.
35.
46.
61.
75.
90.
106.
125.
144.
164.
187.
210.
233.
260.
286.
313.
342.
372.
402.
432.
463.
495.
526.
559.
590.
624.
656.
687.
722.
752.
784.
814.
844.
874.
902.
928.
955.
980.
1004.
1026.
1048.
1069.
1089.
1107.
1125.
1145.
1163.
1179.
1194.
1210.
1224.
1241.
1254.
1268.
1282.
1295.
1307.
1320.
1332.
1344.
1355.
1367.
1379.
1389.
1398.
1407.
1416.
1426.
1433.
1439.
1448.
1453.
1459.
1465.
1468.
1472.
1473.
1477.
1479.
1479.
1477.
1476.
1474.
1472.
1469.
1464.
1458.
1451.
1443.
1438.
1430.
1420.
1410.
1398.
1387.
1375.
1362.
1348.
1335.
1320.
1302.
1286.
1269.
1253.
1234.
1215.
1197.
1178.
1160.
1141.
1121.
1101.
1079.
1059.
1040.
1020.
1000.
979.
958.
941.
922.
905.
888.
870.
854.
838.
823.
806.
790.
777.
762.
749.
735.
723.
710.
697.
685.
672.
659.
647.
635.
622.
610.
600.
586.
576.
563.
551.
539.
527.
516.
504.
492.
481.
468.
458.
443.
429.
413.
393.
366.
340.
309.
276.
241.
206.
170.
134.
100.
66.
32.
0.
-32.
-61.
-86.
-109.
-130.
-150.
-168.
-185.
-202.
-219.
-234.
-247.
-259.
-273.
-284.
-296.
-304.
-312.
-321.
-329.
-335.
-339.
-344.
-348.
-350.
-352.
-353.
-353.
-355.
-355.
-349.
-349.
-345.
-340.
-337.
-331.
-327.
-321.
-316.
-308.
-300.
-291.
-284.
-274.
-265.
-255.
-246.
-236.
-226.
-215.
-204.
-192.
-180.
-169.
-157.
-146.
-134.
-122.
-110.
-97.
-84.
-73.
-58.
-46.
-32.
-19.
-6.
8.
23.
35.
53.
66.
82.
98.
116.
140.
166.
197.
237.
278.
324.
371.
421.
471.
521.
570.
618.
664.
706.
746.
782.
812.
841.
867.
894.
919.
944.
968.
989.
1010.
1031.
1050.
1065.
1082.
1097.
1111.
1123.
1134.
1144.
1152.
1157.
1165.
1168.
1168.
1170.
1170.
1166.
1164.
1157.
1151.
1142.
1133.
1121.
1110.
1095.
1081.
1065.
1048.
1030.
1011.
991.
971.
948.
926.
902.
878.
852.
827.
800.
771.
744.
715.
687.
659.
631.
602.
575.
546.
520.
492.
467.
443.
417.
396.
375.
356.
336.
317.
300.
286.
271.
256.
242.
227.
215.
201.
189.
177.
165.
155.
141.
131.
123.
112.
102.
92.
81.
74.
67.
61.
52.
43.
29.
14.
-8.
-28.
-52.
-75.
-100.
-122.
-140.
-156.
-169.
-177.
-183.
-187.
-191.
-193.
-195.
-197.
-197.
-200.
-198.
-198.
-196.
-195.
-193.
-191.
-188.
-185.
-181.
-174.
-172.
-168.
-162.
-156.
-149.
-144.
-139.
-131.
-123.
-115.
-107.
-100.
-92.
-82.
-74.
-63.
-54.
-44.
-34.
-23.
-11.
0.
13.
24.
37.
49.
62.
76.
89.
101.
115.
129.
143.
157.
171.
187.
200.
214.
230.
246.
261.
277.
291.
307.
324.
342.
357.
376.
394.
413.
431.
452.
471.
490.
512.
534.
555.
578.
599.
623.
645.
671.
696.
721.
745.
771.
796.
821.
846.
871.
895.
921.
947.
970.
991.
1014.
1034.
1055.
1074.
1094.
1112.
1129.
1143.
1157.
1171.
1184.
1193.
1202.
1211.
1220.
1225.
1229.
1231.
1233.
1233.
1233.
1224.
1225.
1221.
1216.
1208.
1201.
1192.
1182.
1172.
1161.
1148.
1134.
1119.
1105.
1090.
1073.
1055.
1039.
1021.
1001.
982.
961.
942.
922.
898.
877.
854.
830.
809.
785.
760.
736.
713.
689.
667.
642.
619.
600.
579.
557.
540.
522.
507.
490.
475.
460.
444.
430.
419.
407.
394.
382.
369.
359.
349.
338.
327.
318.
308.
297.
287.
277.
266.
258.
248.
240.
229.
220.
211.
203.
192.
183.
171.
156.
140.
119.
96.
73.
46.
21.
-4.
-27.
-49.
-69.
-86.
-98.
-107.
-121.
-131.
-139.
-151.
-160.
-168.
-178.
-185.
-193.
-201.
-207.
-215.
-221.
-228.
-234.
-239.
-244.
-247.
-254.
-258.
-259.
-264.
-265.
-268.
-269.
-270.
-271.
-270.
-269.
-269.
-267.
-266.
-264.
-261.
-259.
-256.
-252.
-248.
-244.
-239.
-234.
-229.
-223.
-216.
-210.
-203.
-197.
-191.
-183.
-175.
-168.
-160.
-152.
-142.
-133.
-124.
-115.
-107.
-98.
-87.
-77.
-67.
-56.
-45.
-34.
-21.
-10.
2.
14.
28.
42.
56.
70.
83.
98.
114.
132.
153.
176.
205.
239.
277.
317.
358.
402.
447.
491.
533.
576.
618.
659.
696.
732.
763.
792.
817.
842.
863.
883.
905.
924.
942.
961.
977.
992.
1007.
1020.
1034.
1048.
1059.
1070.
1080.
1088.
1094.
1100.
1106.
1109.
1112.
1113.
1115.
1113.
1109.
1105.
1103.
1097.
1090.
1082.
1073.
1064.
1051.
1040.
1024.
1010.
995.
979.
960.
944.
926.
908.
887.
868.
847.
825.
805.
781.
760.
737.
712.
689.
666.
640.
616.
593.
565.
541.
518.
492.
468.
445.
423.
401.
381.
363.
345.
329.
312.
297.
284.
272.
260.
248.
237.
228.
219.
212.
202.
194.
188.
182.
175.
169.
164.
159.
154.
150.
145.
140.
137.
134.
130.
127.
127.
124.
122.
122.
121.
119.
117.
112.
100.
85.
71.
55.
42.
29.
20.
11.
7.
3.
3.
3.
2.
4.
4.
5.
7.
9.
12.
15.
17.
21.
25.
27.
33.
38.
41.
48.
53.
58.
65.
72.
79.
86.
93.
102.
111.
119.
127.
136.
147.
158.
167.
177.
187.
200.
212.
226.
237.
252.
264.
278.
294.
308.
325.
340.
356.
374.
389.
407.
425.
444.
459.
479.
500.
520.
538.
558.
579.
599.
620.
641.
660.
684.
703.
725.
747.
770.
793.
816.
839.
862.
884.
907.
931.
954.
979.
1003.
1025.
1048.
1069.
1093.
1114.
1135.
1155.
1174.
1193.
1210.
1227.
1243.
1259.
1273.
1288.
1301.
1311.
1322.
1332.
1339.
1346.
1351.
1358.
1360.
1362.
1363.
1366.
1365.
1364.
1363.
1359.
1358.
1352.
1349.
1341.
1334.
1326.
1318.
1309.
1300.
1289.
1277.
1264.
1251.
1238.
1224.
1209.
1192.
1175.
1159.
1141.
1124.
1105.
1086.
1066.
1045.
1024.
1001.
978.
958.
935.
913.
890.
867.
844.
822.
800.
780.
761.
740.
721.
704.
686.
669.
651.
636.
623.
607.
595.
581.
568.
556.
544.
532.
521.
510.
500.
491.
478.
468.
460.
448.
440.
428.
419.
409.
399.
389.
381.
372.
362.
354.
346.
338.
331.
323.
317.
310.
303.
297.
292.
287.
283.
280.
275.
274.
272.
272.
272.
272.
272.
273.
277.
281.
284.
288.
295.
300.
309.
317.
326.
336.
348.
360.
373.
386.
401.
417.
436.
452.
472.
492.
513.
534.
558.
581.
605.
633.
657.
684.
712.
740.
768.
796.
823.
852.
879.
908.
936.
964.
989.
1016.
1042.
1066.
1090.
1111.
1131.
1153.
1170.
1189.
1206.
1224.
1239.
1256.
1269.
1284.
1298.
1310.
1323.
1334.
1346.
1358.
1369.
1381.
1393.
1405.
1415.
1426.
1436.
1446.
1456.
1467.
1478.
1487.
1496.
1506.
1516.
1525.
1534.
1543.
1553.
1560.
1569.
1577.
1587.
1594.
1601.
1609.
1617.
1622.
1630.
1635.
1641.
1646.
1650.
1656.
1660.
1663.
1667.
1671.
1671.
1673.
1674.
1676.
1675.
1675.
1672.
1671.
1668.
1665.
1661.
1658.
1655.
1645.
1639.
1632.
1623.
1615.
1605.
1595.
1583.
1571.
1559.
1546.
1530.
1514.
1498.
1481.
1457.
1430.
1397.
1360.
1317.
1273.
1227.
1185.
1142.
1103.
1067.
1036.
1010.
985.
962.
939.
921.
904.
886.
872.
857.
841.
824.
807.
794.
781.
765.
753.
739.
725.
712.
699.
687.
676.
664.
653.
642.
632.
622.
613.
604.
595.
587.
580.
573.
565.
560.
555.
549.
547.
543.
539.
536.
535.
534.
532.
532.
534.
535.
536.
537.
541.
545.
548.
553.
559.
566.
573.
579.
587.
599.
609.
620.
632.
644.
658.
672.
688.
702.
718.
736.
755.
774.
795.
816.
836.
861.
884.
906.
928.
955.
977.
1003.
1026.
1052.
1075.
1101.
1127.
1151.
1175.
1199.
1223.
1246.
1268.
1288.
1309.
1328.
1345.
1363.
1378.
1392.
1405.
1418.
1427.
1437.
1446.
1454.
1460.
1466.
1471.
1476.
1478.
1482.
1485.
1488.
1488.
1490.
1493.
1492.
1491.
1493.
1490.
1488.
1486.
1482.
1481.
1476.
1471.
1466.
1461.
1454.
1448.
1440.
1431.
1421.
1411.
1401.
1391.
1380.
1367.
1354.
1342.
1327.
1312.
1298.
1282.
1266.
1249.
1231.
1213.
1193.
1176.
1156.
1135.
1115.
1094.
1072.
1047.
1028.
1006.
986.
962.
942.
922.
900.
879.
860.
841.
823.
806.
790.
773.
758.
745.
730.
715.
703.
690.
676.
665.
653.
642.
631.
619.
605.
597.
586.
577.
566.
556.
547.
536.
526.
515.
507.
495.
486.
475.
462.
446.
427.
405.
378.
348.
317.
285.
254.
221.
187.
157.
126.
97.
70.
47.
27.
11.
-5.
-20.
-33.
-46.
-61.
-72.
-84.
-97.
-108.
-119.
-129.
-137.
-148.
-157.
-165.
-174.
-180.
-188.
-196.
-202.
-207.
-213.
-217.
-219.
-226.
-226.
-229.
-232.
-232.
-233.
-232.
-232.
-232.
-232.
-230.
-227.
-226.
-223.
-222.
-217.
-215.
-210.
-207.
-202.
-197.
-189.
-179.
-165.
-144.
-122.
-92.
-61.
-30.
4.
30.
56.
75.
97.
119.
142.
166.
186.
204.
222.
239.
256.
274.
293.
312.
332.
351.
370.
391.
412.
433.
456.
476.
498.
520.
542.
565.
589.
610.
632.
655.
678.
700.
721.
744.
764.
785.
805.
826.
846.
866.
883.
899.
916.
931.
947.
963.
975.
985.
996.
1006.
1016.
1021.
1027.
1032.
1037.
1040.
1043.
1043.
1044.
1042.
1040.
1038.
1034.
1027.
1022.
1015.
1008.
999.
991.
978.
967.
955.
944.
928.
913.
899.
883.
865.
849.
831.
812.
793.
773.
754.
733.
710.
688.
666.
645.
621.
598.
576.
552.
530.
507.
485.
463.
442.
423.
407.
390.
373.
357.
342.
329.
316.
305.
294.
283.
275.
265.
257.
250.
245.
237.
231.
225.
219.
215.
208.
205.
199.
197.
193.
189.
186.
183.
181.
178.
175.
174.
172.
171.
169.
166.
165.
162.
151.
142.
130.
118.
107.
97.
92.
89.
88.
86.
86.
86.
88.
89.
91.
95.
97.
100.
102.
105.
109.
114.
119.
124.
127.
132.
139.
143.
151.
158.
166.
172.
180.
187.
195.
206.
214.
223.
233.
243.
255.
268.
280.
293.
304.
318.
333.
346.
359.
374.
392.
407.
424.
442.
460.
476.
494.
513.
532.
553.
568.
588.
606.
628.
647.
667.
688.
709.
727.
747.
768.
789.
810.
830.
850.
871.
889.
909.
929.
950.
969.
987.
1007.
1025.
1042.
1061.
1079.
1096.
1111.
1128.
1144.
1159.
1175.
1190.
1206.
1220.
1233.
1248.
1260.
1274.
1285.
1297.
1305.
1317.
1326.
1336.
1345.
1353.
1360.
1367.
1373.
1380.
1385.
1391.
1396.
1399.
1404.
1408.
1410.
1414.
1414.
1416.
1417.
1418.
1418.
1417.
1417.
1416.
1413.
1411.
1407.
1403.
1398.
1395.
1389.
1383.
1377.
1368.
1362.
1353.
1342.
1334.
1322.
1310.
1298.
1285.
1271.
1258.
1244.
1228.
1212.
1195.
1179.
1164.
1145.
1126.
1108.
1091.
1070.
1049.
1030.
1009.
989.
968.
948.
927.
907.
887.
869.
850.
832.
814.
795.
777.
761.
745.
729.
715.
700.
686.
672.
660.
648.
632.
620.
607.
596.
583.
571.
557.
546.
533.
521.
508.
497.
486.
474.
462.
450.
439.
429.
418.
406.
394.
385.
374.
364.
354.
343.
334.
323.
310.
293.
272.
251.
226.
202.
179.
156.
133.
111.
89.
71.
54.
40.
28.
18.
8.
-1.
-9.
-17.
-26.
-33.
-39.
-46.
-52.
-58.
-64.
-68.
-71.
-76.
-80.
-83.
-85.
-87.
-88.
-89.
-90.
-89.
-89.
-88.
-86.
-83.
-80.
-77.
-72.
-68.
-64.
-59.
-54.
-48.
-41.
-36.
-28.
-24.
-14.
-6.
1.
9.
17.
27.
37.
46.
55.
65.
78.
92.
111.
134.
162.
194.
230.
265.
302.
341.
380.
419.
456.
490.
522.
555.
584.
611.
635.
657.
677.
697.
717.
736.
754.
768.
787.
803.
820.
833.
849.
862.
876.
887.
897.
907.
915.
923.
931.
938.
943.
945.
947.
949.
950.
949.
946.
942.
939.
933.
926.
918.
909.
900.
889.
879.
867.
854.
840.
826.
812.
795.
780.
762.
744.
726.
707.
689.
669.
649.
629.
608.
587.
565.
544.
524.
502.
481.
459.
439.
417.
397.
378.
359.
342.
326.
311.
296.
282.
270.
257.
245.
234.
225.
215.
206.
198.
189.
183.
177.
169.
162.
159.
153.
148.
145.
140.
136.
131.
130.
125.
123.
120.
118.
116.
113.
112.
112.
112.
111.
110.
110.
111.
110.
109.
105.
98.
86.
76.
63.
53.
46.
42.
41.
41.
43.
46.
49.
52.
53.
58.
61.
67.
71.
75.
80.
86.
93.
99.
105.
112.
119.
125.
134.
141.
150.
158.
168.
177.
188.
199.
209.
220.
232.
246.
258.
272.
283.
297.
313.
329.
343.
358.
375.
392.
408.
425.
443.
461.
479.
496.
517.
535.
553.
572.
592.
610.
630.
651.
671.
693.
713.
734.
754.
776.
796.
818.
837.
862.
884.
907.
929.
950.
972.
996.
1017.
1038.
1058.
1082.
1102.
1121.
1141.
1161.
1180.
1198.
1217.
1236.
1252.
1267.
1282.
1296.
1310.
1322.
1333.
1345.
1355.
1362.
1371.
1378.
1384.
1390.
1394.
1397.
1399.
1400.
1401.
1401.
1399.
1396.
1394.
1389.
1382.
1375.
1370.
1361.
1352.
1342.
1329.
1318.
1306.
1290.
1277.
1261.
1242.
1227.
1208.
1189.
1171.
1150.
1129.
1108.
1086.
1065.
1043.
1021.
998.
976.
954.
930.
910.
885.
862.
839.
818.
799.
779.
760.
742.
724.
706.
689.
673.
657.
644.
628.
615.
601.
587.
574.
561.
549.
538.
527.
515.
505.
494.
483.
472.
464.
453.
443.
433.
424.
412.
404.
393.
384.
374.
364.
353.
341.
327.
312.
293.
269.
244.
217.
187.
157.
126.
94.
65.
35.
9.
-18.
-41.
-59.
-76.
-91.
-106.
-117.
-131.
-143.
-155.
-165.
-175.
-185.
-194.
-202.
-208.
-217.
-225.
-230.
-236.
-242.
-248.
-253.
-257.
-262.
-264.
-268.
-270.
-273.
-276.
-279.
-279.
-279.
-279.
-280.
-279.
-279.
-277.
-276.
-274.
-272.
-268.
-265.
-261.
-255.
-252.
-247.
-242.
-238.
-233.
-227.
-220.
-214.
-207.
-200.
-193.
-185.
-177.
-170.
-162.
-153.
-146.
-137.
-127.
-118.
-109.
-99.
-88.
-81.
-69.
-58.
-48.
-39.
-27.
-18.
-8.
4.
17.
26.
37.
50.
62.
72.
83.
97.
111.
129.
152.
178.
210.
241.
278.
315.
351.
392.
432.
470.
506.
539.
569.
596.
620.
645.
670.
694.
718.
741.
765.
788.
809.
832.
852.
873.
892.
912.
932.
949.
966.
982.
998.
1012.
1025.
1037.
1049.
1058.
1065.
1074.
1078.
1085.
1087.
1090.
1090.
1089.
1087.
1086.
1080.
1076.
1068.
1061.
1052.
1043.
1031.
1022.
1010.
996.
981.
967.
951.
936.
919.
902.
884.
866.
846.
830.
808.
790.
769.
750.
729.
707.
686.
664.
644.
621.
600.
577.
555.
533.
511.
491.
472.
452.
436.
419.
403.
390.
374.
363.
351.
339.
328.
319.
312.
303.
295.
289.
283.
277.
270.
265.
262.
258.
255.
253.
250.
246.
244.
244.
245.
247.
247.
248.
251.
255.
257.
262.
268.
274.
282.
288.
296.
307.
318.
329.
342.
356.
369.
385.
400.
417.
434.
455.
474.
495.
517.
539.
563.
588.
613.
638.
663.
691.
718.
745.
773.
801.
830.
858.
887.
915.
944.
971.
999.
1024.
1049.
1075.
1096.
1120.
1140.
1159.
1178.
1195.
1212.
1226.
1240.
1253.
1266.
1277.
1288.
1302.
1308.
1318.
1328.
1334.
1345.
1353.
1361.
1371.
1378.
1385.
1394.
1401.
1408.
1416.
1423.
1429.
1437.
1445.
1453.
1460.
1466.
1471.
1478.
1485.
1490.
1496.
1503.
1509.
1514.
1519.
1523.
1526.
1528.
1531.
1536.
1540.
1542.
1543.
1543.
1544.
1543.
1544.
1540.
1537.
1534.
1530.
1526.
1518.
1511.
1505.
1494.
1486.
1474.
1462.
1450.
1436.
1422.
1406.
1389.
1371.
1355.
1338.
1320.
1300.
1279.
1259.
1238.
1217.
1195.
1172.
1149.
1127.
1105.
1082.
1060.
1038.
1015.
995.
973.
953.
933.
914.
896.
877.
860.
843.
827.
810.
795.
781.
766.
751.
737.
723.
710.
698.
684.
672.
659.
647.
634.
624.
614.
604.
595.
586.
576.
570.
560.
552.
543.
534.
525.
513.
498.
479.
458.
434.
409.
385.
360.
336.
313.
293.
274.
262.
252.
242.
236.
231.
224.
220.
216.
211.
208.
206.
203.
199.
199.
198.
199.
198.
200.
201.
202.
204.
206.
207.
211.
215.
219.
224.
228.
233.
238.
244.
250.
258.
264.
272.
279.
288.
296.
305.
313.
325.
332.
344.
353.
364.
374.
384.
393.
406.
415.
425.
436.
446.
456.
465.
474.
483.
490.
500.
508.
516.
524.
530.
536.
542.
549.
553.
556.
562.
565.
569.
570.
570.
572.
572.
572.
572.
571.
568.
567.
563.
559.
554.
548.
541.
533.
525.
515.
505.
494.
484.
471.
456.
444.
428.
412.
396.
381.
363.
345.
327.
307.
289.
272.
252.
233.
215.
197.
180.
162.
146.
130.
114.
99.
83.
69.
54.
39.
26.
11.
-3.
-17.
-32.
-45.
-58.
-72.
-86.
-100.
-115.
-129.
-141.
-155.
-168.
-181.
-196.
-207.
-219.
-230.
-240.
-253.
-261.
-270.
-279.
-287.
-295.
-302.
-312.
-323.
-335.
-350.
-367.
-386.
-402.
-419.
-435.
-449.
-459.
-466.
-472.
-475.
-480.
-484.
-484.
-489.
-490.
-491.
-493.
-494.
-496.
-498.
-498.
-498.
-498.
-499.
-499.
-499.
-499.
-498.
-497.
-496.
-496.
-494.
-491.
-489.
-487.
-483.
-482.
-478.
-473.
-471.
-468.
-464.
-460.
-457.
-451.
-447.
-443.
-437.
-431.
-426.
-420.
-414.
-407.
-401.
-395.
-388.
-380.
-373.
-366.
-358.
-349.
-341.
-332.
-323.
-313.
-304.
-295.
-286.
-274.
-265.
-255.
-245.
-234.
-223.
-210.
-194.
-175.
-153.
-124.
-95.
-61.
-24.
14.
54.
93.
133.
170.
206.
241.
273.
304.
334.
363.
389.
417.
444.
471.
498.
525.
550.
578.
604.
630.
656.
682.
706.
732.
755.
779.
805.
828.
851.
874.
896.
917.
937.
954.
972.
989.
1005.
1020.
1034.
1046.
1057.
1067.
1076.
1083.
1090.
1096.
1101.
1107.
1109.
1111.
1110.
1108.
1106.
1104.
1100.
1094.
1086.
1080.
1072.
1061.
1051.
1040.
1027.
1015.
999.
983.
967.
949.
932.
913.
894.
876.
854.
833.
810.
789.
766.
744.
720.
694.
673.
647.
621.
597.
570.
547.
522.
499.
476.
453.
432.
412.
392.
374.
356.
340.
325.
309.
295.
282.
269.
256.
244.
231.
222.
212.
202.
193.
184.
175.
167.
159.
150.
144.
138.
133.
129.
125.
122.
120.
118.
117.
115.
116.
116.
117.
120.
122.
124.
125.
124.
116.
106.
95.
83.
76.
68.
65.
64.
66.
69.
74.
77.
83.
91.
98.
106.
114.
122.
130.
139.
149.
159.
167.
178.
189.
200.
212.
224.
236.
248.
259.
274.
288.
301.
313.
329.
342.
357.
371.
387.
401.
416.
431.
446.
463.
478.
494.
511.
527.
545.
561.
577.
596.
614.
633.
649.
667.
686.
705.
724.
744.
763.
784.
804.
824.
844.
863.
884.
904.
923.
942.
961.
980.
998.
1017.
1035.
1053.
1071.
1088.
1104.
1119.
1135.
1149.
1163.
1178.
1192.
1205.
1219.
1230.
1241.
1253.
1264.
1274.
1284.
1294.
1302.
1311.
1319.
1324.
1332.
1339.
1345.
1351.
1356.
1360.
1365.
1368.
1370.
1373.
1374.
1376.
1377.
1377.
1375.
1374.
1370.
1368.
1363.
1358.
1350.
1344.
1336.
1329.
1319.
1309.
1300.
1286.
1274.
1261.
1247.
1234.
1220.
1204.
1187.
1172.
1154.
1137.
1117.
1099.
1081.
1060.
1041.
1021.
1001.
978.
957.
935.
914.
893.
872.
853.
832.
813.
794.
777.
758.
743.
726.
711.
695.
680.
668.
648.
619.
628.
619.
607.
593.
583.
572.
562.
553.
545.
534.
525.
518.
508.
502.
492.
484.
477.
468.
462.
454.
448.
441.
437.
430.
423.
419.
415.
410.
408.
404.
401.
399.
393.
386.
373.
361.
347.
331.
316.
301.
288.
280.
275.
271.
269.
267.
270.
272.
276.
280.
286.
292.
298.
305.
313.
320.
328.
336.
345.
354.
365.
375.
386.
398.
408.
420.
433.
447.
460.
475.
490.
505.
522.
538.
555.
572.
588.
604.
622.
640.
660.
678.
697.
715.
734.
753.
771.
790.
806.
823.
840.
855.
873.
886.
901.
917.
929.
942.
952.
962.
972.
982.
989.
997.
1005.
1010.
1016.
1021.
1025.
1028.
1031.
1034.
1037.
1037.
1038.
1037.
1037.
1036.
1035.
1034.
1031.
1027.
1024.
1019.
1013.
1009.
1004.
998.
989.
983.
976.
965.
957.
946.
935.
925.
911.
897.
883.
869.
855.
838.
822.
806.
789.
770.
752.
734.
714.
693.
672.
651.
631.
609.
589.
567.
547.
529.
510.
492.
476.
461.
443.
427.
414.
400.
385.
373.
360.
348.
335.
323.
313.
304.
293.
282.
272.
261.
253.
244.
236.
226.
218.
211.
203.
195.
188.
180.
173.
168.
161.
155.
149.
143.
138.
132.
127.
123.
119.
115.
114.
112.
110.
107.
106.
105.
105.
103.
98.
90.
79.
67.
55.
42.
34.
27.
19.
16.
14.
12.
8.
9.
8.
9.
12.
11.
12.
13.
13.
14.
16.
18.
20.
22.
26.
27.
29.
32.
36.
40.
43.
48.
52.
57.
62.
67.
71.
77.
83.
91.
96.
103.
109.
116.
122.
130.
137.
124.
158.
168.
178.
188.
198.
210.
223.
234.
247.
260.
273.
289.
304.
321.
336.
355.
373.
392.
410.
429.
450.
470.
488.
511.
534.
555.
578.
600.
623.
645.
667.
690.
713.
735.
758.
782.
804.
826.
849.
870.
891.
912.
932.
951.
969.
986.
1003.
1019.
1036.
1049.
1063.
1078.
1090.
1103.
1113.
1121.
1132.
1143.
1151.
1160.
1168.
1174.
1180.
1184.
1187.
1191.
1196.
1197.
1200.
1200.
1199.
1201.
1200.
1198.
1195.
1192.
1188.
1183.
1177.
1170.
1163.
1155.
1146.
1137.
1128.
1116.
1104.
1092.
1079.
1065.
1050.
1034.
1018.
1001.
983.
965.
946.
925.
905.
884.
861.
838.
815.
792.
770.
744.
720.
696.
674.
651.
630.
607.
587.
568.
549.
531.
512.
496.
480.
463.
449.
433.
418.
402.
388.
374.
361.
346.
332.
320.
307.
292.
282.
273.
263.
254.
242.
234.
225.
215.
206.
197.
190.
182.
175.
166.
159.
152.
145.
139.
133.
123.
113.
99.
82.
65.
44.
20.
-15.
-42.
-47.
-69.
-92.
-112.
-131.
-146.
-159.
-172.
-182.
-190.
-198.
-205.
-212.
-218.
-222.
-226.
-228.
-232.
-235.
-237.
-239.
-240.
-240.
-241.
-241.
-238.
-237.
-234.
-232.
-229.
-227.
-222.
-218.
-213.
-209.
-203.
-198.
-193.
-186.
-180.
-172.
-165.
-158.
-149.
-141.
-132.
-122.
-114.
-105.
-93.
-82.
-73.
-61.
-50.
-39.
-25.
-14.
-2.
11.
26.
41.
54.
69.
84.
102.
118.
135.
153.
171.
190.
209.
230.
251.
272.
294.
319.
343.
367.
394.
421.
448.
473.
501.
529.
558.
589.
618.
647.
680.
711.
744.
775.
807.
837.
871.
901.
934.
966.
996.
1026.
1054.
1082.
1109.
1136.
1159.
1183.
1205.
1228.
1247.
1263.
1280.
1297.
1310.
1323.
1335.
1345.
1354.
1360.
1367.
1373.
1378.
1381.
1382.
1382.
1381.
1381.
1379.
1375.
1373.
1367.
1359.
1354.
1348.
1338.
1330.
1320.
1310.
1300.
1288.
1276.
1262.
1248.
1234.
1219.
1203.
1186.
1170.
1154.
1137.
1118.
1100.
1082.
1062.
1041.
1021.
1000.
980.
960.
938.
919.
896.
876.
855.
832.
812.
791.
771.
752.
732.
713.
695.
678.
662.
646.
630.
618.
604.
587.
574.
562.
549.
533.
526.
514.
501.
491.
479.
468.
456.
445.
435.
425.
416.
405.
395.
384.
375.
366.
356.
346.
338.
328.
319.
311.
302.
294.
287.
277.
271.
263.
256.
250.
246.
239.
235.
229.
226.
223.
220.
220.
218.
217.
217.
218.
219.
222.
226.
230.
234.
238.
245.
251.
258.
267.
277.
286.
296.
308.
320.
334.
348.
365.
383.
399.
417.
436.
457.
478.
501.
525.
548.
574.
602.
628.
654.
683.
712.
740.
769.
798.
829.
859.
889.
917.
946.
974.
999.
1025.
1045.
1063.
1078.
1088.
1097.
1107.
1120.
1130.
1141.
1152.
1165.
1175.
1186.
1194.
1203.
1211.
1219.
1226.
1232.
1237.
1245.
1251.
1256.
1262.
1268.
1270.
1273.
1276.
1279.
1280.
1282.
1281.
1281.
1280.
1275.
1272.
1268.
1263.
1258.
1252.
1244.
1236.
1227.
1218.
1207.
1198.
1186.
1174.
1161.
1147.
1134.
1120.
1105.
1090.
1074.
1057.
1040.
1023.
1006.
989.
970.
952.
934.
913.
895.
875.
856.
836.
816.
796.
777.
758.
740.
721.
703.
685.
669.
654.
639.
625.
611.
597.
585.
574.
562.
552.
542.
533.
523.
515.
506.
499.
490.
483.
477.
470.
462.
457.
450.
447.
439.
434.
429.
424.
420.
415.
410.
406.
403.
397.
393.
390.
387.
383.
380.
378.
375.
371.
367.
361.
352.
337.
321.
305.
290.
275.
260.
249.
240.
233.
224.
218.
213.
207.
205.
198.
193.
189.
186.
181.
177.
172.
167.
162.
160.
157.
153.
150.
151.
148.
145.
146.
146.
145.
145.
146.
149.
150.
153.
156.
157.
161.
165.
168.
173.
176.
182.
188.
194.
200.
208.
214.
222.
230.
238.
245.
254.
263.
272.
282.
291.
300.
312.
321.
332.
342.
352.
363.
374.
385.
396.
406.
416.
426.
438.
448.
458.
467.
476.
486.
494.
503.
512.
521.
531.
540.
548.
555.
565.
574.
583.
590.
600.
607.
615.
623.
633.
639.
648.
654.
660.
667.
673.
679.
686.
692.
695.
701.
706.
709.
712.
716.
717.
718.
720.
720.
721.
719.
716.
713.
710.
707.
700.
696.
690.
684.
675.
667.
658.
646.
635.
623.
612.
601.
588.
574.
558.
544.
531.
511.
495.
480.
462.
445.
429.
410.
392.
377.
359.
341.
324.
308.
291.
277.
263.
248.
235.
222.
209.
197.
187.
174.
163.
153.
141.
132.
122.
113.
103.
94.
84.
75.
66.
57.
48.
42.
32.
25.
18.
10.
3.
-5.
-13.
-21.
-28.
-35.
-42.
-48.
-56.
-66.
-80.
-97.
-112.
-132.
-152.
-173.
-192.
-211.
-229.
-244.
-257.
-268.
-277.
-288.
-299.
-308.
-316.
-323.
-332.
-339.
-349.
-355.
-364.
-372.
-377.
-385.
-392.
-400.
-408.
-413.
-419.
-429.
-435.
-439.
-445.
-451.
-456.
-462.
-467.
-473.
-477.
-481.
-484.
-487.
-489.
-493.
-494.
-494.
-494.
-497.
-496.
-494.
-494.
-492.
-490.
-487.
-485.
-482.
-478.
-474.
-468.
-463.
-458.
-454.
-446.
-441.
-434.
-428.
-419.
-410.
-402.
-394.
-387.
-378.
-368.
-359.
-349.
-339.
-320.
-297.
-270.
-239.
-201.
-164.
-122.
-82.
-41.
-5.
30.
61.
90.
115.
138.
162.
184.
205.
227.
246.
267.
287.
309.
330.
351.
373.
394.
415.
436.
458.
481.
504.
526.
547.
569.
590.
614.
634.
656.
677.
697.
715.
734.
754.
771.
788.
801.
817.
832.
845.
855.
867.
878.
887.
895.
901.
907.
913.
917.
920.
922.
923.
923.
921.
920.
917.
912.
906.
901.
894.
886.
875.
867.
855.
843.
830.
817.
801.
787.
772.
755.
739.
723.
705.
687.
668.
649.
629.
610.
590.
571.
552.
532.
511.
490.
471.
450.
428.
409.
390.
373.
354.
334.
321.
307.
291.
278.
267.
256.
245.
234.
225.
216.
207.
202.
194.
187.
181.
176.
170.
166.
162.
157.
155.
150.
147.
145.
143.
140.
138.
138.
138.
137.
136.
137.
138.
139.
142.
145.
149.
152.
157.
163.
168.
176.
184.
191.
201.
210.
221.
234.
246.
260.
273.
288.
304.
319.
336.
351.
366.
379.
383.
385.
385.
384.
385.
388.
394.
402.
411.
423.
436.
450.
464.
478.
492.
505.
518.
531.
545.
561.
573.
587.
600.
614.
627.
639.
654.
667.
679.
691.
702.
716.
728.
741.
754.
764.
774.
786.
797.
810.
821.
832.
844.
854.
864.
875.
885.
895.
904.
914.
923.
934.
942.
951.
961.
969.
976.
984.
994.
1002.
1008.
1016.
1023.
1031.
1038.
1047.
1052.
1062.
1067.
1073.
1080.
1087.
1093.
1100.
1106.
1113.
1119.
1125.
1130.
1137.
1141.
1145.
1151.
1157.
1161.
1166.
1168.
1171.
1175.
1175.
1176.
1177.
1177.
1178.
1177.
1176.
1173.
1170.
1167.
1162.
1157.
1152.
1145.
1140.
1129.
1121.
1113.
1102.
1091.
1079.
1066.
1055.
1040.
1030.
1014.
999.
983.
969.
952.
938.
920.
903.
885.
867.
849.
829.
811.
793.
775.
757.
738.
721.
703.
687.
671.
655.
640.
625.
611.
596.
585.
571.
559.
547.
535.
525.
513.
504.
491.
483.
472.
462.
451.
441.
431.
422.
411.
401.
392.
381.
371.
363.
352.
344.
334.
325.
317.
309.
302.
294.
285.
274.
260.
244.
226.
207.
186.
165.
143.
125.
108.
93.
81.
70.
61.
53.
45.
38.
31.
26.
18.
12.
6.
0.
-6.
-12.
-18.
-23.
-26.
-32.
-36.
-42.
-46.
-50.
-54.
-58.
-62.
-63.
-66.
-68.
-68.
-70.
-70.
-71.
-71.
-68.
-67.
-64.
-62.
-60.
-56.
-52.
-46.
-41.
-34.
-28.
-21.
-13.
-5.
4.
12.
20.
30.
41.
51.
61.
72.
83.
96.
110.
123.
137.
151.
167.
181.
198.
215.
234.
253.
271.
292.
313.
335.
353.
373.
397.
418.
441.
464.
485.
508.
529.
551.
573.
595.
616.
639.
658.
680.
699.
719.
739.
755.
772.
789.
804.
820.
831.
845.
856.
866.
876.
885.
892.
897.
903.
908.
911.
913.
913.
915.
914.
912.
908.
904.
899.
893.
887.
880.
872.
863.
852.
841.
830.
817.
806.
794.
780.
765.
753.
738.
721.
704.
689.
673.
657.
639.
622.
604.
587.
567.
548.
530.
510.
492.
474.
458.
438.
423.
408.
390.
375.
362.
348.
335.
323.
311.
299.
288.
276.
266.
257.
247.
237.
228.
222.
214.
206.
198.
191.
183.
175.
169.
163.
155.
150.
143.
137.
130.
123.
118.
113.
107.
100.
94.
89.
81.
72.
64.
53.
38.
18.
-1.
-22.
-44.
-65.
-86.
-105.
-123.
-139.
-153.
-164.
-172.
-182.
-191.
-198.
-205.
-214.
-223.
-227.
-234.
-240.
-245.
-251.
-255.
-260.
-265.
-268.
-271.
-273.
-274.
-276.
-278.
-278.
-279.
-279.
-278.
-276.
-276.
-274.
-272.
-269.
-267.
-264.
-262.
-256.
-252.
-247.
-242.
-237.
-232.
-225.
-220.
-212.
-207.
-200.
-192.
-185.
-174.
-166.
-155.
-147.
-138.
-126.
-116.
-106.
-94.
-81.
-69.
-57.
-44.
-29.
-15.
-1.
13.
28.
41.
58.
73.
81.
82.
121.
139.
156.
173.
191.
207.
224.
242.
261.
278.
297.
318.
338.
361.
379.
400.
421.
440.
460.
483.
503.
525.
546.
566.
588.
610.
631.
650.
671.
690.
709.
727.
744.
761.
777.
793.
806.
818.
831.
841.
851.
858.
866.
872.
876.
879.
881.
880.
880.
877.
874.
872.
866.
859.
851.
844.
835.
824.
813.
801.
790.
777.
763.
750.
737.
721.
705.
689.
674.
656.
640.
623.
606.
590.
572.
556.
537.
519.
501.
482.
465.
445.
429.
413.
397.
381.
365.
351.
335.
323.
311.
298.
285.
275.
265.
254.
244.
237.
226.
215.
207.
199.
189.
183.
175.
168.
160.
152.
144.
138.
131.
126.
119.
114.
111.
103.
98.
93.
88.
82.
78.
72.
70.
65.
60.
55.
47.
41.
31.
19.
4.
-14.
-31.
-49.
-66.
-82.
-96.
-110.
-122.
-130.
-138.
-147.
-154.
-162.
-168.
-176.
-183.
-190.
-198.
-205.
-211.
-216.
-224.
-230.
-236.
-242.
-247.
-253.
-258.
-263.
-265.
-270.
-274.
-276.
-279.
-281.
-280.
-283.
-282.
-281.
-280.
-280.
-277.
-274.
-271.
-268.
-265.
-259.
-253.
-249.
-241.
-235.
-229.
-221.
-214.
-203.
-195.
-188.
-177.
-167.
-157.
-147.
-135.
-124.
-114.
-103.
-92.
-81.
-69.
-57.
-47.
-36.
-23.
-12.
-2.
9.
21.
33.
45.
56.
67.
79.
89.
100.
111.
121.
130.
141.
151.
158.
167.
174.
183.
190.
196.
203.
210.
215.
220.
223.
227.
231.
235.
235.
238.
238.
239.
239.
240.
238.
236.
233.
230.
226.
224.
223.
223.
227.
235.
245.
254.
263.
268.
273.
274.
275.
273.
268.
264.
255.
248.
239.
230.
221.
211.
202.
189.
180.
170.
158.
147.
137.
126.
113.
101.
91.
79.
69.
58.
48.
36.
28.
19.
9.
3.
-6.
-14.
-21.
-28.
-35.
-40.
-46.
-53.
-57.
-65.
-67.
-72.
-74.
-78.
-82.
-86.
-89.
-91.
-92.
-96.
-96.
-97.
-97.
-98.
-99.
-97.
-98.
-98.
-97.
-95.
-94.
-91.
-88.
-86.
-80.
-76.
-72.
-67.
-62.
-55.
-48.
-38.
-28.
-21.
-11.
-1.
9.
20.
25.
29.
26.
27.
25.
29.
35.
43.
51.
62.
74.
87.
101.
117.
132.
149.
165.
181.
200.
216.
234.
252.
271.
291.
310.
329.
350.
370.
389.
410.
431.
450.
471.
492.
511.
531.
552.
572.
591.
611.
631.
650.
668.
688.
707.
725.
743.
760.
777.
795.
813.
830.
845.
862.
878.
893.
910.
927.
942.
960.
974.
990.
1007.
1021.
1037.
1052.
1067.
1084.
1100.
1116.
1130.
1146.
1162.
1177.
1191.
1208.
1223.
1237.
1252.
1267.
1281.
1294.
1309.
1322.
1336.
1348.
1359.
1373.
1384.
1397.
1407.
1418.
1429.
1437.
1447.
1456.
1463.
1471.
1476.
1483.
1487.
1492.
1494.
1498.
1499.
1499.
1500.
1499.
1496.
1493.
1490.
1485.
1480.
1472.
1463.
1456.
1447.
1436.
1424.
1413.
1400.
1387.
1373.
1358.
1342.
1326.
1311.
1294.
1277.
1258.
1241.
1222.
1203.
1183.
1162.
1143.
1125.
1104.
1084.
1063.
1043.
1024.
1005.
985.
966.
949.
929.
910.
894.
880.
864.
850.
835.
821.
808.
795.
782.
768.
757.
745.
734.
725.
713.
703.
691.
683.
673.
662.
653.
642.
633.
622.
613.
605.
595.
586.
575.
566.
555.
546.
535.
526.
517.
507.
498.
487.
478.
464.
448.
432.
410.
387.
360.
332.
305.
278.
250.
224.
198.
173.
149.
127.
108.
89.
74.
59.
46.
32.
20.
8.
-3.
-14.
-25.
-34.
-44.
-53.
-61.
-68.
-73.
-81.
-85.
-90.
-93.
-96.
-98.
-100.
-100.
-100.
-100.
-98.
-95.
-92.
-88.
-84.
-79.
-74.
-69.
-62.
-55.
-45.
-37.
-27.
-17.
-7.
3.
17.
30.
40.
51.
67.
83.
99.
115.
131.
150.
167.
187.
207.
225.
247.
269.
290.
313.
338.
365.
389.
413.
439.
465.
490.
518.
547.
573.
603.
630.
658.
687.
714.
743.
769.
795.
822.
848.
875.
898.