8408.
8409.
8410.
8411.
8413.
8413.
8415.
8418.
8419.
8419.
8422.
8423.
8423.
8420.
8417.
8412.
8406.
8401.
8398.
8396.
8394.
8395.
8396.
8398.
8398.
8399.
8399.
8401.
8401.
8401.
8402.
8403.
8402.
8403.
8403.
8402.
8402.
8402.
8402.
8402.
8400.
8400.
8399.
8398.
8397.
8397.
8396.
8395.
8392.
8392.
8390.
8389.
8387.
8385.
8383.
8381.
8379.
8377.
8376.
8372.
8371.
8369.
8365.
8363.
8359.
8356.
8354.
8350.
8348.
8345.
8341.
8339.
8336.
8333.
8330.
8325.
8323.
8320.
8317.
8313.
8310.
8306.
8303.
8300.
8295.
8291.
8288.
8284.
8281.
8277.
8273.
8271.
8269.
8269.
8271.
8277.
8285.
8294.
8305.
8314.
8323.
8333.
8340.
8348.
8355.
8362.
8365.
8368.
8369.
8368.
8367.
8366.
8364.
8364.
8363.
8362.
8362.
8361.
8360.
8360.
8360.
8359.
8359.
8359.
8358.
8358.
8358.
8358.
8358.
8357.
8357.
8358.
8357.
8356.
8357.
8356.
8357.
8357.
8358.
8358.
8358.
8358.
8358.
8358.
8358.
8358.
8358.
8358.
8357.
8358.
8359.
8358.
8359.
8359.
8359.
8359.
8359.
8359.
8359.
8360.
8361.
8361.
8360.
8361.
8361.
8362.
8362.
8361.
8361.
8361.
8361.
8361.
8361.
8361.
8360.
8359.
8360.
8360.
8359.
8358.
8358.
8358.
8357.
8356.
8355.
8355.
8354.
8353.
8352.
8352.
8352.
8351.
8348.
8348.
8347.
8345.
8344.
8342.
8341.
8339.
8337.
8335.
8333.
8330.
8328.
8327.
8326.
8321.
8320.
8318.
8315.
8313.
8310.
8307.
8304.
8301.
8297.
8295.
8291.
8287.
8285.
8281.
8277.
8275.
8270.
8267.
8263.
8259.
8255.
8252.
8249.
8247.
8247.
8248.
8254.
8262.
8271.
8281.
8292.
8302.
8312.
8319.
8325.
8332.
8337.
8342.
8346.
8345.
8347.
8345.
8344.
8343.
8343.
8341.
8340.
8339.
8339.
8338.
8338.
8337.
8337.
8338.
8338.
8337.
8338.
8337.
8338.
8337.
8338.
8338.
8338.
8337.
8338.
8338.
8338.
8340.
8341.
8341.
8341.
8341.
8344.
8344.
8345.
8345.
8346.
8347.
8349.
8350.
8350.
8351.
8352.
8353.
8355.
8356.
8357.
8359.
8361.
8363.
8364.
8365.
8366.
8368.
8370.
8372.
8374.
8375.
8376.
8379.
8379.
8382.
8384.
8385.
8386.
8388.
8390.
8389.
8389.
8384.
8380.
8375.
8371.
8368.
8367.
8366.
8367.
8368.
8370.
8372.
8373.
8373.
8374.
8375.
8377.
8377.
8378.
8377.
8379.
8379.
8379.
8379.
8380.
8380.
8379.
8379.
8380.
8380.
8379.
8379.
8379.
8379.
8377.
8378.
8378.
8377.
8377.
8376.
8375.
8374.
8373.
8371.
8371.
8368.
8368.
8366.
8364.
8362.
8361.
8359.
8356.
8354.
8352.
8350.
8349.
8346.
8343.
8341.
8339.
8335.
8333.
8331.
8327.
8324.
8321.
8319.
8316.
8313.
8309.
8306.
8303.
8299.
8296.
8294.
8290.
8286.
8283.
8279.
8276.
8274.
8274.
8274.
8280.
8287.
8297.
8306.
8314.
8323.
8332.
8338.
8344.
8349.
8352.
8356.
8357.
8359.
8358.
8358.
8357.
8356.
8355.
8354.
8353.
8353.
8351.
8351.
8351.
8350.
8350.
8350.
8351.
8350.
8349.
8349.
8350.
8349.
8349.
8350.
8350.
8349.
8349.
8349.
8350.
8349.
8348.
8349.
8349.
8349.
8349.
8350.
8350.
8351.
8350.
8350.
8352.
8352.
8352.
8352.
8353.
8353.
8354.
8355.
8354.
8355.
8356.
8357.
8357.
8358.
8359.
8360.
8361.
8362.
8363.
8365.
8367.
8367.
8369.
8370.
8372.
8372.
8374.
8376.
8377.
8378.
8380.
8381.
8381.
8384.
8383.
8381.
8379.
8373.
8368.
8364.
8361.
8361.
8361.
8361.
8363.
8364.
8365.
8366.
8367.
8368.
8369.
8370.
8371.
8370.
8372.
8372.
8372.
8373.
8373.
8374.
8372.
8373.
8374.
8374.
8373.
8373.
8373.
8371.
8372.
8372.
8371.
8371.
8370.
8369.
8368.
8368.
8367.
8365.
8364.
8362.
8362.
8360.
8358.
8357.
8355.
8353.
8352.
8350.
8347.
8346.
8343.
8341.
8339.
8337.
8334.
8331.
8328.
8326.
8323.
8321.
8317.
8315.
8312.
8309.
8307.
8304.
8300.
8296.
8294.
8290.
8286.
8283.
8281.
8275.
8274.
8270.
8268.
8267.
8269.
8273.
8279.
8287.
8296.
8304.
8313.
8322.
8331.
8339.
8346.
8351.
8355.
8360.
8362.
8361.
8362.
8361.
8360.
8358.
8358.
8359.
8358.
8357.
8357.
8358.
8359.
8357.
8359.
8359.
8359.
8359.
8360.
8360.
8361.
8361.
8362.
8363.
8362.
8363.
8364.
8364.
8364.
8365.
8366.
8367.
8367.
8368.
8369.
8369.
8371.
8372.
8372.
8375.
8375.
8375.
8376.
8378.
8378.
8379.
8380.
8382.
8383.
8384.
8385.
8387.
8388.
8389.
8390.
8391.
8393.
8395.
8396.
8398.
8399.
8400.
8401.
8403.
8405.
8407.
8408.
8410.
8411.
8412.
8413.
8416.
8417.
8420.
8423.
8425.
8426.
8428.
8430.
8431.
8431.
8431.
8429.
8425.
8421.
8420.
8418.
8418.
8418.
8420.
8420.
8422.
8423.
8424.
8425.
8424.
8425.
8426.
8426.
8427.
8427.
8425.
8426.
8425.
8425.
8426.
8425.
8424.
8424.
8423.
8422.
8421.
8421.
8419.
8419.
8417.
8416.
8414.
8413.
8411.
8409.
8408.
8405.
8403.
8401.
8399.
8398.
8395.
8394.
8390.
8388.
8385.
8383.
8379.
8376.
8374.
8372.
8369.
8366.
8362.
8360.
8357.
8353.
8351.
8348.
8344.
8341.
8337.
8334.
8330.
8327.
8324.
8321.
8317.
8314.
8309.
8305.
8302.
8299.
8295.
8291.
8288.
8286.
8284.
8286.
8291.
8297.
8305.
8315.
8324.
8332.
8340.
8347.
8351.
8357.
8362.
8365.
8367.
8369.
8368.
8367.
8366.
8365.
8365.
8365.
8363.
8363.
8362.
8361.
8362.
8362.
8362.
8361.
8360.
8361.
8361.
8361.
8360.
8360.
8361.
8361.
8361.
8360.
8360.
8360.
8360.
8361.
8361.
8361.
8360.
8360.
8361.
8362.
8362.
8362.
8362.
8362.
8362.
8362.
8363.
8363.
8363.
8363.
8364.
8365.
8365.
8364.
8365.
8365.
8364.
8364.
8366.
8367.
8367.
8367.
8367.
8367.
8367.
8367.
8368.
8370.
8369.
8370.
8370.
8371.
8370.
8371.
8372.
8373.
8373.
8373.
8372.
8374.
8375.
8375.
8376.
8377.
8377.
8378.
8379.
8379.
8380.
8380.
8381.
8382.
8382.
8383.
8385.
8384.
8386.
8387.
8389.
8389.
8389.
8391.
8392.
8394.
8394.
8395.
8396.
8397.
8399.
8400.
8401.
8402.
8402.
8402.
8402.
8400.
8396.
8391.
8388.
8386.
8384.
8384.
8386.
8386.
8386.
8387.
8388.
8388.
8388.
8389.
8389.
8389.
8388.
8388.
8389.
8389.
8388.
8389.
8388.
8387.
8387.
8385.
8385.
8385.
8384.
8383.
8381.
8380.
8379.
8378.
8377.
8376.
8373.
8373.
8370.
8368.
8366.
8364.
8362.
8361.
8359.
8357.
8355.
8351.
8350.
8347.
8345.
8342.
8339.
8337.
8334.
8332.
8329.
8326.
8324.
8320.
8315.
8314.
8310.
8308.
8304.
8301.
8297.
8294.
8290.
8288.
8284.
8281.
8276.
8273.
8269.
8265.
8262.
8258.
8254.
8249.
8247.
8243.
8238.
8235.
8232.
8228.
8228.
8229.
8235.
8241.
8249.
8258.
8269.
8277.
8286.
8294.
8300.
8307.
8312.
8317.
8321.
8323.
8325.
8325.
8325.
8325.
8324.
8323.
8323.
8323.
8322.
8322.
8321.
8321.
8322.
8322.
8323.
8322.
8322.
8322.
8322.
8322.
8323.
8323.
8324.
8325.
8325.
8326.
8326.
8326.
8327.
8329.
8328.
8330.
8331.
8331.
8331.
8332.
8333.
8334.
8334.
8336.
8337.
8338.
8340.
8340.
8343.
8343.
8344.
8347.
8348.
8350.
8352.
8352.
8354.
8356.
8357.
8359.
8361.
8363.
8364.
8366.
8369.
8370.
8372.
8373.
8375.
8377.
8379.
8381.
8382.
8384.
8386.
8387.
8389.
8391.
8390.
8390.
8386.
8382.
8378.
8375.
8374.
8372.
8373.
8373.
8376.
8377.
8378.
8379.
8380.
8381.
8382.
8382.
8384.
8385.
8385.
8385.
8385.
8385.
8386.
8386.
8385.
8385.
8385.
8386.
8385.
8385.
8384.
8384.
8384.
8383.
8382.
8382.
8380.
8380.
8379.
8378.
8377.
8375.
8374.
8374.
8371.
8370.
8368.
8365.
8364.
8363.
8360.
8357.
8356.
8353.
8350.
8350.
8347.
8345.
8341.
8340.
8336.
8335.
8331.
8327.
8325.
8323.
8319.
8316.
8313.
8310.
8307.
8304.
8299.
8297.
8292.
8290.
8286.
8283.
8280.
8276.
8273.
8268.
8266.
8263.
8262.
8263.
8268.
8274.
8284.
8295.
8304.
8314.
8323.
8330.
8338.
8343.
8348.
8352.
8355.
8356.
8359.
8358.
8357.
8355.
8355.
8355.
8353.
8352.
8353.
8352.
8353.
8352.
8352.
8352.
8352.
8353.
8353.
8353.
8352.
8352.
8353.
8353.
8353.
8354.
8355.
8355.
8355.
8356.
8356.
8356.
8357.
8358.
8359.
8359.
8359.
8361.
8361.
8363.
8364.
8364.
8366.
8366.
8367.
8368.
8370.
8371.
8373.
8373.
8375.
8377.
8377.
8379.
8381.
8383.
8384.
8385.
8387.
8388.
8388.
8386.
8384.
8379.
8375.
8369.
8367.
8365.
8365.
8364.
8365.
8368.
8369.
8371.
8373.
8374.
8374.
8375.
8376.
8378.
8379.
8380.
8381.
8382.
8384.
8384.
8385.
8384.
8387.
8388.
8388.
8389.
8390.
8391.
8391.
8391.
8392.
8392.
8392.
8392.
8393.
8393.
8394.
8393.
8393.
8393.
8393.
8393.
8392.
8393.
8392.
8391.
8391.
8391.
8390.
8389.
8389.
8387.
8387.
8387.
8384.
8384.
8383.
8382.
8380.
8379.
8378.
8376.
8374.
8372.
8371.
8370.
8367.
8365.
8364.
8361.
8359.
8356.
8354.
8352.
8349.
8346.
8344.
8341.
8339.
8337.
8333.
8331.
8326.
8324.
8321.
8318.
8314.
8311.
8308.
8306.
8301.
8298.
8294.
8292.
8287.
8283.
8281.
8278.
8276.
8277.
8279.
8284.
8290.
8300.
8308.
8319.
8325.
8334.
8341.
8347.
8352.
8356.
8360.
8363.
8365.
8365.
8365.
8364.
8363.
8363.
8362.
8361.
8362.
8361.
8360.
8362.
8361.
8361.
8360.
8360.
8361.
8361.
8362.
8362.
8362.
8362.
8362.
8362.
8361.
8362.
8362.
8362.
8363.
8364.
8363.
8364.
8364.
8366.
8366.
8365.
8365.
8366.
8366.
8367.
8366.
8367.
8368.
8369.
8370.
8370.
8370.
8371.
8371.
8372.
8372.
8373.
8374.
8373.
8374.
8374.
8375.
8376.
8376.
8376.
8376.
8376.
8377.
8377.
8377.
8377.
8377.
8377.
8376.
8376.
8377.
8379.
8377.
8377.
8377.
8378.
8376.
8376.
8377.
8376.
8375.
8375.
8375.
8375.
8373.
8374.
8373.
8373.
8372.
8370.
8370.
8369.
8367.
8367.
8365.
8365.
8362.
8361.
8359.
8358.
8356.
8355.
8353.
8351.
8347.
8347.
8345.
8341.
8340.
8338.
8335.
8332.
8329.
8326.
8324.
8320.
8317.
8315.
8312.
8308.
8305.
8302.
8299.
8296.
8292.
8289.
8285.
8281.
8278.
8274.
8269.
8267.
8264.
8260.
8256.
8256.
8255.
8259.
8264.
8271.
8279.
8288.
8296.
8303.
8311.
8318.
8323.
8329.
8335.
8339.
8342.
8344.
8347.
8346.
8346.
8344.
8344.
8342.
8342.
8340.
8339.
8340.
8339.
8338.
8339.
8339.
8339.
8338.
8339.
8339.
8340.
8338.
8338.
8339.
8338.
8339.
8339.
8339.
8339.
8340.
8340.
8340.
8341.
8341.
8341.
8341.
8342.
8342.
8344.
8344.
8345.
8345.
8345.
8346.
8348.
8349.
8349.
8350.
8351.
8352.
8352.
8354.
8355.
8355.
8356.
8357.
8359.
8361.
8361.
8362.
8363.
8364.
8367.
8369.
8370.
8371.
8372.
8373.
8376.
8378.
8378.
8379.
8382.
8383.
8385.
8386.
8388.
8389.
8391.
8392.
8392.
8392.
8390.
8387.
8382.
8378.
8374.
8371.
8372.
8373.
8373.
8375.
8377.
8378.
8379.
8379.
8379.
8380.
8381.
8381.
8382.
8383.
8381.
8382.
8383.
8384.
8382.
8382.
8382.
8382.
8382.
8381.
8381.
8381.
8380.
8379.
8378.
8378.
8376.
8376.
8375.
8373.
8372.
8371.
8369.
8367.
8366.
8366.
8363.
8361.
8359.
8357.
8355.
8353.
8351.
8348.
8346.
8344.
8341.
8339.
8336.
8333.
8330.
8327.
8325.
8322.
8319.
8316.
8313.
8310.
8308.
8304.
8301.
8298.
8295.
8292.
8288.
8285.
8282.
8279.
8277.
8279.
8282.
8287.
8293.
8300.
8308.
8315.
8322.
8328.
8335.
8339.
8346.
8351.
8354.
8359.
8362.
8365.
8364.
8362.
8363.
8362.
8361.
8362.
8362.
8361.
8360.
8360.
8360.
8360.
8361.
8360.
8361.
8360.
8360.
8360.
8360.
8361.
8362.
8362.
8362.
8361.
8363.
8363.
8363.
8363.
8364.
8364.
8365.
8365.
8366.
8366.
8367.
8367.
8369.
8369.
8369.
8371.
8371.
8373.
8373.
8373.
8374.
8374.
8376.
8376.
8377.
8378.
8379.
8380.
8380.
8381.
8382.
8384.
8384.
8385.
8386.
8387.
8388.
8389.
8389.
8390.
8392.
8392.
8394.
8395.
8396.
8398.
8399.
8400.
8401.
8403.
8404.
8405.
8405.
8407.
8409.
8410.
8411.
8412.
8413.
8416.
8417.
8417.
8420.
8420.
8422.
8424.
8424.
8426.
8424.
8424.
8421.
8417.
8412.
8409.
8407.
8406.
8406.
8406.
8406.
8406.
8408.
8409.
8409.
8409.
8408.
8409.
8409.
8409.
8408.
8408.
8408.
8407.
8407.
8407.
8406.
8406.
8405.
8405.
8403.
8403.
8401.
8400.
8399.
8397.
8397.
8395.
8394.
8391.
8390.
8389.
8387.
8385.
8382.
8380.
8378.
8377.
8375.
8371.
8369.
8367.
8364.
8361.
8358.
8355.
8353.
8350.
8349.
8346.
8342.
8339.
8336.
8333.
8330.
8328.
8324.
8321.
8318.
8316.
8311.
8309.
8305.
8301.
8298.
8295.
8291.
8288.
8283.
8280.
8276.
8275.
8275.
8277.
8283.
8289.
8296.
8304.
8312.
8320.
8328.
8335.
8341.
8348.
8354.
8360.
8365.
8369.
8372.
8374.
8374.
8372.
8373.
8372.
8371.
8371.
8370.
8371.
8371.
8371.
8370.
8371.
8370.
8371.
8371.
8371.
8372.
8372.
8373.
8373.
8374.
8374.
8374.
8374.
8375.
8376.
8377.
8378.
8378.
8378.
8379.
8379.
8381.
8381.
8382.
8382.
8383.
8383.
8385.
8385.
8386.
8387.
8389.
8389.
8391.
8393.
8393.
8394.
8394.
8397.
8398.
8399.
8401.
8402.
8404.
8404.
8407.
8408.
8410.
8411.
8413.
8414.
8416.
8417.
8416.
8414.
8411.
8408.
8404.
8401.
8399.
8398.
8397.
8398.
8399.
8400.
8402.
8403.
8403.
8403.
8404.
8405.
8405.
8406.
8406.
8406.
8406.
8406.
8406.
8406.
8406.
8406.
8405.
8405.
8405.
8403.
8404.
8403.
8402.
8402.
8400.
8399.
8399.
8398.
8395.
8395.
8392.
8391.
8389.
8388.
8387.
8385.
8382.
8379.
8379.
8376.
8374.
8372.
8370.
8369.
8365.
8362.
8360.
8357.
8353.
8351.
8349.
8346.
8342.
8340.
8338.
8335.
8331.
8328.
8325.
8321.
8318.
8314.
8312.
8307.
8304.
8302.
8298.
8295.
8291.
8289.
8287.
8286.
8288.
8292.
8297.
8304.
8313.
8320.
8328.
8334.
8340.
8346.
8350.
8353.
8357.
8358.
8360.
8360.
8358.
8358.
8358.
8356.
8355.
8353.
8355.
8353.
8353.
8353.
8352.
8352.
8351.
8351.
8351.
8350.
8350.
8350.
8350.
8350.
8350.
8350.
8349.
8348.
8348.
8348.
8348.
8347.
8347.
8346.
8347.
8347.
8346.
8346.
8344.
8345.
8345.
8344.
8343.
8343.
8343.
8343.
8342.
8342.
8341.
8341.
8340.
8338.
8338.
8338.
8337.
8336.
8334.
8333.
8332.
8331.
8330.
8330.
8328.
8326.
8324.
8323.
8321.
8320.
8319.
8316.
8315.
8314.
8310.
8308.
8307.
8305.
8301.
8300.
8300.
8300.
8303.
8308.
8313.
8321.
8327.
8334.
8342.
8349.
8354.
8359.
8362.
8365.
8365.
8366.
8365.
8364.
8364.
8363.
8363.
8362.
8361.
8361.
8361.
8361.
8361.
8360.
8360.
8360.
8360.
8360.
8360.
8360.
8359.
8360.
8358.
8359.
8359.
8358.
8360.
8359.
8358.
8359.
8359.
8360.
8359.
8359.
8359.
8359.
8359.
8359.
8360.
8360.
8359.
8360.
8361.
8361.
8361.
8360.
8360.
8361.
8361.
8362.
8362.
8363.
8362.
8362.
8363.
8363.
8364.
8363.
8364.
8364.
8364.
8365.
8365.
8367.
8367.
8367.
8368.
8368.
8369.
8370.
8370.
8371.
8372.
8372.
8372.
8373.
8374.
8374.
8376.
8377.
8376.
8377.
8378.
8379.
8379.
8379.
8381.
8382.
8382.
8384.
8385.
8386.
8387.
8388.
8389.
8390.
8391.
8392.
8394.
8395.
8396.
8397.
8398.
8400.
8400.
8402.
8403.
8403.
8405.
8405.
8403.
8398.
8395.
8392.
8389.
8390.
8389.
8389.
8391.
8392.
8393.
8394.
8393.
8393.
8393.
8393.
8395.
8394.
8394.
8393.
8395.
8394.
8394.
8394.
8393.
8393.
8393.
8392.
8391.
8391.
8390.
8389.
8388.
8388.
8386.
8385.
8383.
8383.
8380.
8379.
8378.
8376.
8374.
8372.
8371.
8368.
8367.
8364.
8362.
8360.
8358.
8355.
8352.
8349.
8347.
8345.
8341.
8339.
8336.
8334.
8331.
8327.
8324.
8321.
8320.
8317.
8316.
8319.
8321.
8327.
8334.
8342.
8350.
8357.
8363.
8368.
8373.
8378.
8383.
8386.
8391.
8395.
8396.
8397.
8396.
8396.
8396.
8394.
8394.
8393.
8393.
8392.
8393.
8393.
8393.
8393.
8392.
8393.
8393.
8392.
8392.
8392.
8391.
8391.
8391.
8391.
8391.
8390.
8391.
8390.
8390.
8389.
8389.
8389.
8388.
8388.
8388.
8386.
8386.
8385.
8384.
8383.
8382.
8381.
8381.
8381.
8378.
8378.
8376.
8375.
8374.
8372.
8370.
8369.
8367.
8366.
8364.
8363.
8360.
8358.
8356.
8354.
8351.
8349.
8347.
8345.
8342.
8340.
8337.
8334.
8331.
8328.
8325.
8322.
8319.
8316.
8314.
8309.
8306.
8302.
8300.
8295.
8292.
8289.
8285.
8281.
8277.
8274.
8271.
8266.
8263.
8261.
8261.
8263.
8268.
8275.
8282.
8289.
8297.
8305.
8312.
8317.
8323.
8328.
8335.
8340.
8346.
8350.
8352.
8355.
8357.
8355.
8354.
8354.
8352.
8353.
8352.
8351.
8351.
8352.
8352.
8351.
8351.
8353.
8352.
8352.
8353.
8353.
8353.
8353.
8354.
8354.
8355.
8356.
8356.
8356.
8357.
8357.
8357.
8359.
8358.
8360.
8360.
8361.
8362.
8362.
8363.
8364.
8364.