7374.
7385.
7397.
7410.
7420.
7430.
7440.
7451.
7462.
7472.
7484.
7495.
7506.
7514.
7522.
7528.
7534.
7535.
7536.
7536.
7536.
7535.
7535.
7534.
7533.
7533.
7532.
7533.
7533.
7534.
7533.
7533.
7533.
7534.
7534.
7535.
7535.
7535.
7536.
7536.
7536.
7536.
7536.
7536.
7537.
7537.
7537.
7538.
7539.
7539.
7539.
7539.
7539.
7540.
7540.
7540.
7541.
7542.
7541.
7541.
7542.
7543.
7542.
7543.
7543.
7544.
7545.
7546.
7547.
7547.
7547.
7548.
7548.
7550.
7550.
7551.
7552.
7553.
7553.
7555.
7556.
7557.
7559.
7559.
7561.
7561.
7562.
7563.
7565.
7567.
7568.
7568.
7568.
7566.
7563.
7556.
7548.
7541.
7535.
7530.
7527.
7527.
7528.
7529.
7531.
7534.
7535.
7536.
7539.
7540.
7541.
7542.
7543.
7544.
7544.
7545.
7546.
7547.
7548.
7548.
7549.
7549.
7548.
7548.
7548.
7549.
7549.
7549.
7549.
7547.
7548.
7547.
7547.
7546.
7544.
7543.
7542.
7541.
7541.
7539.
7537.
7536.
7534.
7532.
7529.
7527.
7525.
7523.
7521.
7518.
7515.
7512.
7509.
7507.
7503.
7500.
7497.
7494.
7490.
7485.
7482.
7479.
7474.
7470.
7467.
7463.
7458.
7453.
7449.
7445.
7441.
7438.
7432.
7428.
7423.
7418.
7414.
7409.
7404.
7399.
7395.
7390.
7384.
7380.
7375.
7370.
7365.
7361.
7357.
7353.
7353.
7355.
7360.
7368.
7381.
7393.
7406.
7419.
7430.
7440.
7450.
7462.
7474.
7486.
7499.
7511.
7521.
7532.
7541.
7547.
7552.
7555.
7554.
7555.
7553.
7553.
7553.
7552.
7552.
7551.
7552.
7552.
7552.
7552.
7551.
7552.
7553.
7552.
7552.
7553.
7553.
7553.
7554.
7553.
7554.
7554.
7554.
7555.
7554.
7555.
7556.
7557.
7557.
7558.
7557.
7559.
7560.
7560.
7560.
7560.
7561.
7562.
7562.
7563.
7563.
7564.
7565.
7565.
7566.
7567.
7567.
7569.
7570.
7571.
7573.
7573.
7575.
7576.
7577.
7579.
7579.
7580.
7582.
7584.
7584.
7584.
7582.
7579.
7572.
7563.
7555.
7547.
7539.
7534.
7533.
7533.
7535.
7536.
7537.
7540.
7540.
7543.
7545.
7547.
7548.
7548.
7549.
7550.
7552.
7552.
7554.
7555.
7554.
7555.
7555.
7557.
7557.
7557.
7558.
7557.
7557.
7557.
7557.
7557.
7557.
7556.
7556.
7555.
7553.
7553.
7552.
7552.
7550.
7549.
7547.
7547.
7544.
7543.
7540.
7539.
7537.
7535.
7533.
7530.
7528.
7524.
7523.
7519.
7517.
7513.
7510.
7507.
7503.
7500.
7498.
7494.
7490.
7487.
7482.
7478.
7475.
7471.
7466.
7463.
7457.
7454.
7449.
7445.
7440.
7437.
7432.
7426.
7423.
7417.
7414.
7409.
7404.
7400.
7394.
7390.
7386.
7380.
7377.
7372.
7366.
7362.
7357.
7353.
7352.
7352.
7356.
7364.
7374.
7387.
7400.
7413.
7425.
7435.
7446.
7457.
7468.
7478.
7487.
7497.
7504.
7511.
7517.
7520.
7523.
7524.
7524.
7525.
7525.
7522.
7522.
7521.
7522.
7520.
7520.
7520.
7520.
7519.
7519.
7520.
7520.
7519.
7518.
7519.
7520.
7520.
7519.
7518.
7519.
7518.
7518.
7519.
7518.
7518.
7517.
7517.
7516.
7514.
7515.
7514.
7513.
7513.
7513.
7510.
7510.
7509.
7508.
7507.
7506.
7504.
7504.
7502.
7502.
7500.
7498.
7496.
7496.
7493.
7491.
7490.
7487.
7486.
7484.
7482.
7477.
7475.
7473.
7470.
7466.
7463.
7460.
7457.
7453.
7449.
7446.
7443.
7439.
7435.
7431.
7427.
7424.
7418.
7415.
7411.
7406.
7402.
7398.
7394.
7392.
7391.
7393.
7399.
7406.
7416.
7426.
7434.
7445.
7454.
7464.
7473.
7484.
7494.
7503.
7513.
7522.
7529.
7536.
7542.
7545.
7547.
7548.
7548.
7547.
7547.
7545.
7545.
7544.
7545.
7544.
7545.
7543.
7544.
7543.
7544.
7542.
7543.
7542.
7542.
7542.
7542.
7542.
7541.
7541.
7542.
7541.
7540.
7540.
7541.
7539.
7540.
7539.
7538.
7539.
7537.
7537.
7536.
7535.
7535.
7535.
7533.
7532.
7530.
7528.
7529.
7528.
7527.
7526.
7525.
7523.
7520.
7520.
7518.
7515.
7513.
7512.
7509.
7507.
7505.
7502.
7499.
7496.
7493.
7489.
7486.
7482.
7479.
7476.
7473.
7469.
7465.
7462.
7457.
7453.
7448.
7444.
7440.
7435.
7430.
7426.
7422.
7416.
7412.
7407.
7402.
7396.
7392.
7386.
7382.
7377.
7372.
7367.
7364.
7366.
7368.
7375.
7383.
7395.
7408.
7420.
7433.
7443.
7453.
7461.
7471.
7482.
7492.
7500.
7511.
7520.
7528.
7534.
7541.
7545.
7549.
7548.
7548.
7547.
7546.
7545.
7545.
7545.
7544.
7545.
7545.
7546.
7546.
7545.
7546.
7546.
7547.
7546.
7548.
7548.
7549.
7549.
7548.
7549.
7550.
7550.
7550.
7551.
7551.
7552.
7552.
7553.
7554.
7553.
7554.
7554.
7556.
7555.
7556.
7557.
7558.
7557.
7558.
7558.
7559.
7560.
7560.
7561.
7561.
7560.
7561.
7561.
7562.
7562.
7563.
7562.
7563.
7563.
7564.
7564.
7564.
7564.
7563.
7564.
7563.
7564.
7564.
7563.
7565.
7564.
7562.
7564.
7562.
7562.
7562.
7562.
7561.
7560.
7560.
7559.
7558.
7558.
7557.
7556.
7555.
7555.
7552.
7552.
7550.
7549.
7547.
7545.
7544.
7543.
7542.
7540.
7538.
7535.
7533.
7532.
7529.
7527.
7524.
7523.
7520.
7518.
7514.
7513.
7507.
7504.
7501.
7498.
7495.
7491.
7487.
7484.
7480.
7476.
7473.
7468.
7465.
7460.
7456.
7451.
7447.
7443.
7439.
7433.
7430.
7426.
7420.
7418.
7417.
7419.
7422.
7430.
7439.
7448.
7459.
7468.
7476.
7485.
7492.
7500.
7508.
7517.
7526.
7534.
7540.
7544.
7549.
7551.
7552.
7552.
7552.
7551.
7551.
7549.
7550.
7549.
7548.
7549.
7549.
7549.
7550.
7549.
7549.
7548.
7548.
7548.
7547.
7547.
7547.
7546.
7546.
7546.
7545.
7545.
7544.
7543.
7542.
7541.
7541.
7539.
7539.
7538.
7537.
7536.
7535.
7534.
7533.
7531.
7529.
7528.
7527.
7523.
7522.
7521.
7518.
7516.
7513.
7512.
7508.
7506.
7503.
7501.
7497.
7494.
7491.
7489.
7484.
7480.
7478.
7474.
7471.
7467.
7463.
7460.
7456.
7450.
7446.
7442.
7437.
7434.
7430.
7424.
7420.
7415.
7410.
7406.
7402.
7396.
7392.
7387.
7386.
7387.
7389.
7395.
7404.
7415.
7426.
7436.
7445.
7454.
7463.
7473.
7481.
7490.
7498.
7507.
7516.
7526.
7533.
7539.
7543.
7546.
7549.
7550.
7549.
7548.
7547.
7546.
7545.
7545.
7544.
7545.
7545.
7544.
7544.
7544.
7545.
7544.
7544.
7544.
7544.
7545.
7544.
7544.
7544.
7545.
7543.
7544.
7545.
7544.
7545.
7546.
7546.
7546.
7546.
7546.
7546.
7546.
7545.
7546.
7546.
7546.
7547.
7546.
7547.
7547.
7548.
7548.
7547.
7548.
7548.
7548.
7549.
7549.
7549.
7548.
7548.
7548.
7548.
7547.
7547.
7548.
7547.
7546.
7547.
7547.
7546.
7545.
7544.
7544.
7544.
7544.
7543.
7542.
7541.
7540.
7539.
7537.
7536.
7534.
7532.
7530.
7528.
7527.
7525.
7524.
7522.
7519.
7517.
7514.
7512.
7508.
7507.
7503.
7501.
7498.
7494.
7490.
7487.
7484.
7480.
7476.
7472.
7469.
7465.
7462.
7458.
7453.
7449.
7445.
7441.
7437.
7433.
7430.
7424.
7420.
7416.
7413.
7411.
7412.
7413.
7419.
7428.
7438.
7446.
7456.
7463.
7470.
7479.
7487.
7495.
7502.
7510.
7518.
7527.
7533.
7536.
7540.
7541.
7541.
7542.
7542.
7541.
7540.
7540.
7539.
7540.
7540.
7540.
7538.
7539.
7539.
7539.
7539.
7538.
7539.
7540.
7540.
7539.
7539.
7538.
7539.
7539.
7540.
7540.
7539.
7539.
7540.
7540.
7539.
7538.
7541.
7540.
7539.
7539.
7539.
7539.
7539.
7538.
7539.
7538.
7536.
7537.
7537.
7536.
7535.
7535.
7535.
7534.
7533.
7532.
7531.
7532.
7530.
7528.
7528.
7527.
7526.
7524.
7522.
7521.
7520.
7518.
7517.
7514.
7512.
7510.
7508.
7505.
7503.
7501.
7498.
7496.
7492.
7489.
7487.
7485.
7481.
7478.
7476.
7471.
7468.
7465.
7460.
7457.
7455.
7449.
7447.
7442.
7439.
7437.
7437.
7440.
7446.
7452.
7462.
7472.
7482.
7491.
7499.
7507.
7515.
7521.
7528.
7535.
7542.
7548.
7555.
7562.
7568.
7573.
7574.
7573.
7574.
7574.
7572.
7571.
7571.
7571.
7570.
7571.
7570.
7569.
7570.
7571.
7571.
7571.
7571.
7571.
7571.
7570.
7570.
7570.
7570.
7570.
7570.
7571.
7571.
7570.
7570.
7571.
7571.
7570.
7569.
7570.
7571.
7570.
7569.
7569.
7569.
7568.
7568.
7567.
7566.
7566.
7566.
7565.
7564.
7562.
7563.
7562.
7562.
7559.
7558.
7557.
7557.
7556.
7554.
7551.
7550.
7549.
7548.
7545.
7544.
7540.
7539.
7536.
7534.
7531.
7528.
7525.
7523.
7520.
7516.
7513.
7509.
7506.
7503.
7499.
7496.
7493.
7486.
7484.
7479.
7475.
7471.
7467.
7463.
7458.
7455.
7451.
7446.
7441.
7437.
7432.
7428.
7423.
7419.
7413.
7409.
7404.
7400.
7395.
7390.
7387.
7382.
7378.
7372.
7370.
7366.
7367.
7371.
7377.
7386.
7397.
7410.
7423.
7436.
7448.
7459.
7471.
7482.
7494.
7505.
7514.
7526.
7535.
7545.
7554.
7561.
7569.
7574.
7576.
7578.
7577.
7576.
7574.
7574.
7574.
7572.
7573.
7573.
7573.
7574.
7573.
7574.
7573.
7573.
7573.
7574.
7575.
7576.
7576.
7576.
7575.
7576.
7576.
7577.
7578.
7578.
7579.
7579.
7580.
7581.
7582.
7582.
7583.
7584.
7584.
7585.
7587.
7587.
7587.
7589.
7590.
7590.
7592.
7593.
7593.
7595.
7596.
7597.
7597.
7598.
7600.
7600.
7601.
7603.
7605.
7606.
7607.
7608.
7609.
7612.
7612.
7613.
7615.
7616.
7617.
7615.
7613.
7609.
7601.
7592.
7586.
7581.
7578.
7577.
7578.
7580.
7580.
7582.
7582.
7585.
7585.
7586.
7588.
7589.
7589.
7590.
7591.
7592.
7592.
7593.
7594.
7594.
7593.
7594.
7593.
7593.
7593.
7593.
7592.
7591.
7591.
7591.
7590.
7590.
7589.
7587.
7586.
7586.
7583.
7582.
7581.
7579.
7578.
7575.
7573.
7571.
7569.
7567.
7565.
7562.
7559.
7556.
7552.
7551.
7548.
7544.
7542.
7539.
7535.
7531.
7528.
7524.
7519.
7518.
7513.
7509.
7505.
7501.
7498.
7493.
7488.
7485.
7482.
7476.
7472.
7468.
7464.
7460.
7455.
7450.
7445.
7441.
7436.
7431.
7427.
7424.
7419.
7414.
7410.
7406.
7403.
7402.
7403.
7407.
7414.
7424.
7434.
7446.
7457.
7468.
7478.
7489.
7500.
7509.
7519.
7528.
7538.
7547.
7554.
7561.
7563.
7566.
7566.
7565.
7565.
7563.
7563.
7562.
7561.
7561.
7560.
7562.
7561.
7560.
7560.
7559.
7560.
7559.
7559.
7559.
7558.
7558.
7559.
7559.
7559.
7559.
7559.
7559.
7558.
7558.
7558.
7559.
7559.
7558.
7559.
7559.
7558.
7558.
7557.
7556.
7555.
7556.
7555.
7555.
7555.
7553.
7553.
7551.
7551.
7550.
7548.
7547.
7546.
7545.
7545.
7543.
7542.
7539.
7537.
7535.
7533.
7531.
7530.
7527.
7525.
7523.
7521.
7518.
7516.
7512.
7510.
7507.
7503.
7499.
7498.
7493.
7491.
7487.
7484.
7479.
7475.
7472.
7467.
7463.
7459.
7455.
7451.
7446.
7441.
7438.
7432.
7428.
7423.
7418.
7413.
7410.
7405.
7401.
7396.
7393.
7392.
7396.
7402.
7411.
7420.
7432.
7442.
7451.
7461.
7470.
7479.
7488.
7497.
7506.
7515.
7524.
7531.
7539.
7543.
7547.
7549.
7550.
7549.
7548.
7547.
7546.
7545.
7546.
7545.
7545.
7546.
7544.
7544.
7544.
7545.
7544.
7544.
7544.
7544.
7544.
7544.
7544.
7544.
7544.
7545.
7544.
7543.
7544.
7546.
7545.
7544.
7545.
7545.
7544.
7543.
7544.
7545.
7546.
7545.
7546.
7545.
7546.
7546.
7547.
7547.
7547.
7547.
7546.
7546.
7548.
7547.
7548.
7548.
7547.
7548.
7548.
7547.
7546.
7547.
7548.
7547.
7548.
7546.
7547.
7546.
7547.
7547.
7546.
7545.
7546.
7546.
7546.
7545.
7544.
7543.
7543.
7543.
7542.
7541.
7540.
7540.
7540.
7539.
7538.
7537.
7536.
7535.
7534.
7534.
7532.
7530.
7528.
7526.
7525.
7523.
7521.
7519.
7517.
7515.
7512.
7509.
7507.
7504.
7501.
7498.
7496.
7493.
7490.
7487.
7484.
7480.
7476.
7473.
7471.
7466.
7463.
7459.
7455.
7452.
7448.
7444.
7442.
7444.
7446.
7451.
7460.
7469.
7477.
7485.
7491.
7497.
7504.
7511.
7517.
7523.
7529.
7535.
7542.
7548.
7553.
7556.
7558.
7558.
7557.
7557.
7556.
7554.
7555.
7554.
7554.
7555.
7555.
7555.
7556.
7555.
7555.
7555.
7555.
7556.
7555.
7555.
7555.
7555.
7554.
7554.
7555.
7556.
7555.
7555.
7555.
7555.
7555.
7554.
7555.
7554.
7554.
7554.
7555.
7555.
7554.
7553.
7553.
7552.
7552.
7552.
7553.
7551.
7551.
7549.
7549.
7549.
7548.
7548.
7545.
7545.
7544.
7542.
7542.
7541.
7540.
7539.
7537.
7535.
7534.
7533.
7531.
7528.
7527.
7524.
7522.
7520.
7517.
7515.
7513.
7511.
7508.
7504.
7501.
7498.
7496.
7494.
7490.
7486.
7482.
7479.
7474.
7471.
7468.
7466.
7461.
7456.
7452.
7449.
7445.
7441.
7438.
7433.
7429.
7425.
7420.
7416.
7412.
7410.
7408.
7409.
7413.
7421.
7430.
7440.
7452.
7462.
7471.
7481.
7489.
7498.
7505.
7514.
7523.
7531.
7539.
7546.
7555.
7560.
7563.
7566.
7567.
7565.
7564.
7563.
7561.
7561.
7561.
7560.
7561.
7561.
7560.
7561.
7560.
7561.
7561.
7562.
7561.
7561.
7562.
7562.
7561.
7563.
7563.
7563.
7562.
7563.
7563.
7564.
7564.
7564.
7565.
7564.
7566.
7567.
7565.
7567.
7567.
7567.
7567.
7568.
7568.
7569.
7569.
7570.
7571.
7571.
7571.
7571.
7573.
7574.
7574.
7574.
7574.
7576.
7575.
7576.
7577.
7577.
7579.
7579.
7580.
7580.
7581.
7581.
7581.
7582.
7583.
7584.
7585.
7585.
7585.
7586.
7586.
7587.
7588.
7588.
7589.
7589.
7590.
7591.
7592.
7592.
7593.
7594.
7595.
7595.
7595.
7597.
7597.
7598.
7599.
7599.
7600.
7600.
7601.
7602.
7602.
7603.
7604.
7604.
7605.
7606.
7605.
7606.
7608.
7608.
7608.
7609.
7609.
7610.
7610.
7611.
7610.
7611.
7611.
7610.
7611.
7610.
7611.
7611.
7610.
7611.
7610.
7610.
7609.
7608.
7609.
7608.
7607.
7607.
7606.
7606.
7605.
7603.
7601.
7600.
7599.
7598.
7597.
7595.
7593.
7592.
7589.
7588.
7586.
7583.
7582.
7579.
7578.
7574.
7571.
7568.
7566.
7563.
7560.
7557.
7553.
7549.
7547.
7544.
7540.
7536.
7532.
7529.
7526.
7522.
7518.
7514.
7510.
7506.
7501.
7497.
7493.
7489.
7486.
7481.
7477.
7473.
7468.
7463.
7460.
7455.
7451.
7447.
7443.
7438.
7433.
7428.
7425.
7420.
7417.
7413.
7409.
7410.
7409.
7413.
7421.
7431.
7443.
7455.
7465.
7476.
7487.
7499.
7508.
7519.
7529.
7540.
7551.
7561.
7569.
7575.
7582.
7586.
7587.
7588.
7589.
7588.
7588.
7587.
7586.
7586.
7585.
7586.
7586.
7585.
7586.
7586.
7586.
7586.
7586.
7586.
7586.
7586.
7586.
7587.
7586.
7586.
7585.
7586.
7586.
7586.
7586.
7586.
7585.
7586.
7585.
7585.
7586.
7584.
7584.
7584.
7584.
7583.
7583.
7581.
7581.
7580.
7581.
7580.
7579.
7578.
7577.
7574.
7575.
7574.
7573.
7571.
7569.
7568.
7567.
7565.
7564.
7561.
7559.
7558.
7556.
7553.
7551.
7548.
7544.
7542.
7540.
7537.
7535.
7532.
7528.
7525.
7523.
7520.
7515.
7512.
7508.
7505.
7501.
7497.
7493.
7489.
7484.
7480.
7475.
7472.
7469.
7464.
7460.
7456.
7451.
7446.
7442.
7438.
7433.
7429.
7425.
7421.
7415.
7411.
7407.
7404.
7399.
7394.
7388.
7385.
7381.
7377.
7372.
7369.
7364.
7361.
7359.
7359.
7364.
7371.
7381.
7394.
7407.
7420.
7432.
7442.
7453.
7464.
7474.
7484.
7495.
7507.
7518.
7529.
7539.
7549.
7556.
7563.
7567.
7569.
7569.
7568.
7568.
7567.
7566.
7566.
7565.
7565.
7565.
7566.
7565.
7565.
7566.
7565.
7565.
7566.
7566.
7566.
7566.
7567.
7567.
7565.
7567.
7567.
7569.
7569.
7568.
7569.
7570.
7571.
7572.
7572.
7572.
7574.
7574.
7573.
7575.
7575.
7576.
7577.
7578.
7577.
7578.
7580.
7580.
7580.
7581.
7581.
7583.
7584.
7583.
7583.
7584.
7586.
7586.
7587.
7586.
7587.
7587.
7589.
7589.
7590.
7590.
7591.
7591.
7592.
7592.
7593.
7592.
7593.
7594.
7595.
7595.
7595.
7595.
7596.
7597.
7597.
7597.
7598.
7598.
7599.
7599.
7600.
7600.
7601.
7601.
7603.
7602.
7602.
7602.
7603.
7602.
7603.
7604.
7605.
7605.
7605.
7605.
7606.
7606.
7605.
7605.
7606.
7606.
7605.
7606.
7605.
7604.
7605.
7604.
7604.
7604.
7604.
7603.
7603.
7601.
7600.
7600.
7600.
7598.
7598.
7596.
7595.
7594.
7593.
7592.
7590.
7588.
7587.
7585.
7582.
7582.
7580.
7578.
7575.
7573.
7570.
7568.
7565.
7563.
7561.
7557.
7554.
7551.
7548.
7545.
7542.
7538.
7534.
7531.
7528.
7525.
7522.
7518.
7513.
7510.
7506.
7502.
7498.
7495.
7490.
7487.
7482.
7479.
7474.
7469.
7467.
7462.
7457.
7453.
7449.
7444.
7441.
7437.
7432.
7429.
7424.
7420.
7415.
7411.
7408.
7403.
7399.
7396.
7393.
7390.
7391.
7396.
7403.
7411.
7423.
7436.
7449.
7463.
7475.
7485.
7495.
7505.
7514.
7524.
7531.
7538.
7545.
7552.
7557.
7561.
7563.
7564.
7565.
7563.
7563.
7562.
7563.
7561.
7561.
7561.
7561.
7561.
7561.
7560.
7561.
7560.
7560.
7560.
7560.
7560.
7560.
7560.
7561.
7561.
7561.
7561.
7562.
7561.
7561.
7562.
7561.
7561.
7563.
7563.
7563.
7563.
7564.
7565.
7564.
7564.
7564.
7564.
7565.
7565.
7565.
7565.
7566.
7566.
7567.
7566.
7567.
7567.
7567.
7568.
7567.
7566.
7566.
7567.
7567.
7567.
7567.