7393.
7393.
7392.
7391.
7392.
7390.
7390.
7389.
7387.
7387.
7386.
7385.
7384.
7384.
7382.
7381.
7380.
7379.
7378.
7375.
7375.
7372.
7370.
7368.
7365.
7364.
7363.
7360.
7358.
7356.
7355.
7352.
7349.
7347.
7343.
7341.
7337.
7335.
7331.
7329.
7325.
7321.
7318.
7315.
7310.
7306.
7302.
7299.
7295.
7291.
7287.
7282.
7278.
7275.
7270.
7266.
7262.
7257.
7252.
7247.
7244.
7239.
7233.
7230.
7224.
7219.
7215.
7210.
7205.
7200.
7196.
7190.
7186.
7182.
7178.
7177.
7177.
7181.
7189.
7201.
7214.
7231.
7245.
7261.
7275.
7288.
7301.
7314.
7329.
7341.
7357.
7371.
7383.
7396.
7407.
7418.
7427.
7433.
7437.
7439.
7438.
7438.
7437.
7435.
7433.
7432.
7432.
7432.
7432.
7432.
7431.
7431.
7432.
7432.
7432.
7430.
7430.
7430.
7430.
7430.
7430.
7430.
7430.
7429.
7430.
7430.
7430.
7429.
7429.
7429.
7428.
7429.
7428.
7428.
7429.
7428.
7427.
7426.
7425.
7426.
7425.
7424.
7423.
7422.
7422.
7420.
7420.
7420.
7417.
7415.
7413.
7411.
7410.
7409.
7407.
7405.
7403.
7401.
7399.
7395.
7393.
7390.
7388.
7385.
7382.
7378.
7375.
7371.
7367.
7364.
7360.
7357.
7352.
7349.
7345.
7340.
7335.
7330.
7326.
7320.
7316.
7311.
7307.
7301.
7297.
7293.
7288.
7283.
7277.
7272.
7266.
7262.
7257.
7251.
7244.
7239.
7235.
7229.
7224.
7219.
7214.
7208.
7205.
7202.
7199.
7200.
7206.
7213.
7225.
7237.
7249.
7261.
7272.
7285.
7297.
7310.
7323.
7336.
7350.
7362.
7372.
7383.
7391.
7402.
7411.
7420.
7427.
7431.
7435.
7438.
7439.
7439.
7439.
7437.
7437.
7435.
7436.
7435.
7436.
7436.
7435.
7436.
7435.
7435.
7434.
7435.
7434.
7433.
7433.
7434.
7434.
7433.
7433.
7433.
7432.
7432.
7431.
7430.
7429.
7430.
7428.
7428.
7428.
7426.
7425.
7424.
7423.
7422.
7420.
7418.
7418.
7416.
7414.
7413.
7410.
7408.
7406.
7404.
7401.
7400.
7397.
7394.
7392.
7389.
7385.
7383.
7379.
7377.
7373.
7369.
7367.
7362.
7359.
7356.
7351.
7348.
7343.
7339.
7334.
7330.
7325.
7321.
7317.
7312.
7308.
7303.
7297.
7293.
7289.
7282.
7277.
7273.
7267.
7262.
7257.
7251.
7247.
7242.
7236.
7231.
7225.
7221.
7215.
7209.
7205.
7198.
7192.
7188.
7182.
7178.
7174.
7169.
7165.
7160.
7154.
7151.
7146.
7143.
7141.
7141.
7144.
7149.
7157.
7169.
7184.
7199.
7214.
7228.
7242.
7255.
7270.
7283.
7298.
7313.
7328.
7340.
7352.
7364.
7374.
7384.
7393.
7401.
7408.
7413.
7417.
7419.
7419.
7418.
7416.
7416.
7416.
7415.
7415.
7414.
7415.
7415.
7415.
7415.
7414.
7414.
7415.
7415.
7415.
7414.
7415.
7415.
7416.
7416.
7416.
7416.
7415.
7417.
7416.
7417.
7417.
7417.
7417.
7416.
7417.
7417.
7418.
7417.
7417.
7417.
7416.
7416.
7417.
7416.
7416.
7416.
7415.
7415.
7414.
7413.
7413.
7412.
7412.
7412.
7412.
7411.
7411.
7409.
7409.
7409.
7408.
7406.
7405.
7403.
7402.
7401.
7400.
7399.
7396.
7393.
7392.
7389.
7387.
7385.
7382.
7380.
7377.
7374.
7370.
7368.
7365.
7362.
7359.
7354.
7352.
7348.
7344.
7340.
7336.
7331.
7328.
7323.
7320.
7316.
7311.
7306.
7302.
7298.
7293.
7288.
7284.
7280.
7275.
7270.
7265.
7260.
7255.
7251.
7246.
7242.
7237.
7234.
7233.
7232.
7236.
7242.
7251.
7261.
7272.
7284.
7294.
7302.
7313.
7321.
7330.
7338.
7348.
7359.
7367.
7376.
7385.
7393.
7400.
7406.
7410.
7412.
7413.
7413.
7412.
7411.
7411.
7410.
7409.
7409.
7408.
7409.
7409.
7408.
7407.
7408.
7408.
7407.
7406.
7406.
7405.
7406.
7405.
7405.
7404.
7403.
7403.
7402.
7402.
7400.
7400.
7398.
7396.
7396.
7394.
7393.
7391.
7390.
7389.
7387.
7386.
7383.
7381.
7380.
7378.
7376.
7373.
7371.
7368.
7368.
7365.
7361.
7360.
7356.
7354.
7350.
7348.
7344.
7341.
7338.
7335.
7332.
7327.
7324.
7321.
7317.
7314.
7309.
7306.
7302.
7297.
7293.
7289.
7284.
7278.
7275.
7271.
7266.
7262.
7258.
7253.
7248.
7244.
7239.
7235.
7230.
7225.
7221.
7216.
7211.
7205.
7201.
7196.
7191.
7189.
7184.
7183.
7185.
7191.
7200.
7211.
7223.
7237.
7251.
7263.
7277.
7289.
7302.
7313.
7325.
7339.
7351.
7362.
7374.
7387.
7397.
7407.
7414.
7422.
7427.
7432.
7435.
7438.
7436.
7436.
7434.
7433.
7432.
7433.
7433.
7431.
7432.
7432.
7433.
7432.
7432.
7431.
7431.
7431.
7431.
7431.
7430.
7430.
7429.
7429.
7430.
7431.
7430.
7430.
7428.
7427.
7428.
7428.
7428.
7427.
7426.
7426.
7426.
7426.
7426.
7425.
7423.
7422.
7421.
7420.
7418.
7418.
7416.
7416.
7414.
7412.
7411.
7410.
7409.
7406.
7405.
7404.
7401.
7400.
7397.
7396.
7392.
7391.
7388.
7385.
7382.
7380.
7377.
7374.
7371.
7367.
7363.
7360.
7357.
7353.
7349.
7345.
7342.
7339.
7334.
7330.
7325.
7321.
7316.
7311.
7307.
7301.
7297.
7293.
7289.
7283.
7278.
7273.
7268.
7264.
7259.
7253.
7248.
7242.
7238.
7234.
7230.
7224.
7220.
7217.
7214.
7213.
7214.
7218.
7224.
7232.
7240.
7251.
7260.
7269.
7280.
7288.
7297.
7306.
7313.
7320.
7329.
7339.
7349.
7359.
7368.
7376.
7384.
7392.
7398.
7404.
7408.
7410.
7412.
7411.
7412.
7413.
7413.
7413.
7413.
7414.
7414.
7413.
7414.
7415.
7414.
7415.
7414.
7415.
7415.
7414.
7415.
7415.
7414.
7414.
7414.
7413.
7413.
7414.
7414.
7413.
7413.
7414.
7413.
7413.
7411.
7411.
7410.
7410.
7410.
7408.
7408.
7407.
7405.
7404.
7404.
7403.
7401.
7398.
7398.
7396.
7395.
7393.
7392.
7388.
7386.
7384.
7382.
7379.
7376.
7374.
7371.
7368.
7365.
7362.
7359.
7356.
7352.
7348.
7344.
7341.
7337.
7335.
7330.
7326.
7322.
7318.
7313.
7308.
7304.
7299.
7295.
7291.
7287.
7281.
7277.
7271.
7266.
7262.
7257.
7251.
7246.
7241.
7236.
7231.
7226.
7221.
7215.
7211.
7206.
7201.
7196.
7191.
7186.
7181.
7177.
7173.
7170.
7172.
7176.
7182.
7194.
7206.
7220.
7234.
7247.
7261.
7273.
7285.
7299.
7313.
7326.
7337.
7349.
7363.
7374.
7385.
7395.
7404.
7411.
7415.
7418.
7419.
7419.
7417.
7414.
7414.
7413.
7413.
7412.
7412.
7411.
7412.
7411.
7412.
7411.
7411.
7411.
7411.
7411.
7410.
7411.
7410.
7411.
7410.
7410.
7410.
7410.
7410.
7408.
7410.
7409.
7409.
7409.
7408.
7407.
7406.
7407.
7405.
7405.
7404.
7404.
7403.
7401.
7402.
7400.
7399.
7398.
7397.
7395.
7393.
7393.
7391.
7389.
7388.
7386.
7384.
7382.
7380.
7378.
7377.
7373.
7370.
7367.
7365.
7362.
7359.
7356.
7353.
7350.
7347.
7342.
7339.
7335.
7330.
7327.
7323.
7320.
7315.
7311.
7307.
7303.
7298.
7294.
7289.
7286.
7280.
7275.
7271.
7265.
7260.
7255.
7251.
7246.
7241.
7236.
7231.
7226.
7222.
7218.
7215.
7213.
7215.
7219.
7228.
7239.
7250.
7259.
7271.
7283.
7294.
7306.
7319.
7332.
7344.
7354.
7364.
7376.
7385.
7395.
7403.
7412.
7419.
7425.
7428.
7431.
7432.
7432.
7431.
7431.
7430.
7428.
7428.
7429.
7428.
7429.
7428.
7428.
7427.
7427.
7427.
7426.
7427.
7427.
7426.
7426.
7426.
7425.
7425.
7424.
7424.
7424.
7424.
7423.
7422.
7422.
7422.
7420.
7420.
7419.
7418.
7417.
7415.
7415.
7414.
7413.
7411.
7410.
7410.
7408.
7406.
7404.
7402.
7401.
7398.
7397.
7395.
7393.
7390.
7388.
7386.
7384.
7381.
7379.
7375.
7373.
7370.
7367.
7364.
7360.
7357.
7353.
7350.
7345.
7343.
7338.
7333.
7329.
7326.
7322.
7317.
7313.
7308.
7303.
7300.
7295.
7290.
7285.
7281.
7275.
7270.
7266.
7260.
7255.
7250.
7244.
7240.
7235.
7230.
7225.
7219.
7215.
7210.
7205.
7200.
7195.
7190.
7186.
7181.
7177.
7172.
7168.
7164.
7160.
7157.
7154.
7155.
7159.
7166.
7177.
7190.
7204.
7218.
7233.
7246.
7259.
7273.
7286.
7301.
7314.
7328.
7342.
7356.
7368.
7380.
7392.
7402.
7410.
7416.
7422.
7423.
7423.
7422.
7421.
7420.
7419.
7419.
7418.
7418.
7417.
7418.
7418.
7417.
7418.
7418.
7417.
7419.
7418.
7418.
7417.
7417.
7418.
7418.
7418.
7417.
7418.
7419.
7418.
7418.
7418.
7418.
7417.
7419.
7419.
7419.
7419.
7418.
7419.
7419.
7419.
7419.
7419.
7420.
7420.
7421.
7420.
7420.
7420.
7420.
7421.
7421.
7422.
7421.
7420.
7419.
7418.
7419.
7418.
7418.
7417.
7418.
7416.
7415.
7414.
7414.
7413.
7412.
7411.
7409.
7408.
7408.
7406.
7405.
7403.
7401.
7400.
7398.
7395.
7393.
7391.
7389.
7387.
7385.
7382.
7379.
7376.
7373.
7370.
7366.
7363.
7360.
7357.
7353.
7349.
7347.
7342.
7339.
7334.
7331.
7326.
7322.
7317.
7313.
7310.
7304.
7300.
7295.
7291.
7286.
7283.
7278.
7273.
7269.
7264.
7260.
7255.
7249.
7243.
7240.
7237.
7232.
7227.
7223.
7219.
7213.
7210.
7206.
7205.
7206.
7211.
7218.
7229.
7243.
7256.
7269.
7280.
7292.
7302.
7313.
7324.
7337.
7349.
7361.
7374.
7386.
7397.
7407.
7417.
7424.
7430.
7434.
7435.
7436.
7436.
7436.
7434.
7434.
7433.
7434.
7433.
7434.
7434.
7434.
7433.
7433.
7432.
7432.
7433.
7433.
7433.
7432.
7431.
7431.
7432.
7431.
7432.
7432.
7431.
7430.
7430.
7430.
7430.
7429.
7429.
7428.
7428.
7427.
7426.
7426.
7426.
7425.
7423.
7423.
7422.
7421.
7418.
7418.
7416.
7414.
7413.
7411.
7410.
7408.
7405.
7403.
7401.
7399.
7397.
7394.
7391.
7388.
7386.
7382.
7379.
7376.
7372.
7369.
7365.
7362.
7358.
7354.
7350.
7345.
7341.
7337.
7332.
7327.
7323.
7319.
7314.
7309.
7303.
7298.
7293.
7288.
7283.
7279.
7272.
7268.
7263.
7258.
7252.
7247.
7241.
7236.
7230.
7225.
7219.
7216.
7209.
7205.
7199.
7195.
7189.
7184.
7179.
7175.
7171.
7165.
7160.
7156.
7152.
7150.
7148.
7152.
7159.
7166.
7178.
7191.
7204.
7217.
7231.
7244.
7256.
7269.
7283.
7296.
7311.
7324.
7338.
7352.
7364.
7376.
7387.
7397.
7405.
7411.
7416.
7419.
7420.
7420.
7420.
7419.
7418.
7418.
7418.
7417.
7418.
7416.
7417.
7418.
7418.
7418.
7418.
7419.
7419.
7419.
7420.
7420.
7420.
7421.
7422.
7422.
7423.
7422.
7424.
7424.
7425.
7425.
7426.
7426.
7426.
7427.
7428.
7428.
7428.
7429.
7431.
7431.
7432.
7432.
7432.
7433.
7433.
7434.
7436.
7435.
7436.
7436.
7437.
7438.
7439.
7438.
7439.
7440.
7440.
7441.
7440.
7442.
7442.
7443.
7443.
7444.
7444.
7445.
7447.
7445.
7445.
7447.
7447.
7447.
7448.
7449.
7449.
7450.
7450.
7451.
7452.
7451.
7453.
7454.
7455.
7456.
7456.
7457.
7457.
7457.
7458.
7459.
7460.
7460.
7461.
7462.
7463.
7463.
7464.
7465.
7466.
7467.
7467.
7467.
7468.
7469.
7469.
7470.
7471.
7471.
7471.
7473.
7473.
7473.
7473.
7474.
7473.
7473.
7474.
7473.
7474.
7474.
7473.
7474.
7474.
7474.
7472.
7473.
7471.
7471.
7471.
7470.
7469.
7468.
7466.
7466.
7466.
7463.
7461.
7461.
7458.
7459.
7456.
7454.
7453.
7451.
7448.
7447.
7445.
7442.
7439.
7436.
7435.
7431.
7428.
7426.
7423.
7420.
7415.
7412.
7408.
7405.
7402.
7397.
7394.
7391.
7387.
7383.
7379.
7375.
7371.
7366.
7362.
7357.
7353.
7350.
7345.
7341.
7336.
7331.
7327.
7322.
7318.
7313.
7309.
7305.
7299.
7295.
7291.
7286.
7281.
7277.
7273.
7268.
7265.
7261.
7256.
7252.
7249.
7245.
7241.
7237.
7233.
7230.
7226.
7224.
7219.
7216.
7214.
7213.
7214.
7217.
7225.
7232.
7242.
7255.
7266.
7280.
7293.
7305.
7318.
7328.
7339.
7349.
7357.
7365.
7372.
7379.
7383.
7389.
7396.
7400.
7405.
7411.
7416.
7421.
7424.
7425.
7426.
7425.
7425.
7425.
7426.
7427.
7426.
7427.
7426.
7426.
7427.
7428.
7428.
7428.
7427.
7428.
7429.
7428.
7428.
7429.
7428.
7428.
7430.
7429.
7429.
7428.
7428.
7428.
7428.
7428.
7427.
7426.
7426.
7426.
7425.
7426.
7423.
7422.
7422.
7422.
7422.
7420.
7419.
7418.
7418.
7417.
7414.
7413.
7411.
7411.
7409.
7406.
7405.
7403.
7400.
7398.
7395.
7393.
7391.
7388.
7386.
7382.
7380.
7377.
7373.
7370.
7368.
7364.
7359.
7355.
7352.
7349.
7345.
7341.
7338.
7333.
7328.
7326.
7321.
7316.
7311.
7308.
7303.
7299.
7294.
7290.
7286.
7280.
7275.
7271.
7267.
7262.
7259.
7253.
7247.
7243.
7239.
7235.
7231.
7226.
7222.
7217.
7213.
7209.
7204.
7200.
7197.
7192.
7188.
7185.
7180.
7177.
7174.
7170.
7172.
7174.
7181.
7190.
7201.
7213.
7227.
7241.
7254.
7267.
7281.
7295.
7307.
7320.
7331.
7343.
7355.
7367.
7379.
7389.
7399.
7407.
7412.
7417.
7421.
7421.
7421.
7420.
7420.
7419.
7419.
7419.
7418.
7418.
7418.
7418.
7419.
7418.
7417.
7418.
7418.
7418.
7419.
7417.
7419.
7419.
7417.
7417.
7418.
7419.
7418.
7418.
7418.
7418.
7418.
7418.
7417.
7417.
7417.
7416.
7415.
7415.
7413.
7414.
7413.
7413.
7412.
7412.
7411.
7410.
7409.
7408.
7406.
7406.
7405.
7403.
7402.
7400.
7399.
7398.
7396.
7394.
7391.
7389.
7387.
7384.
7382.
7380.
7377.
7373.
7371.
7369.
7365.
7361.
7359.
7355.
7350.
7347.
7343.
7338.
7333.
7331.
7326.
7322.
7318.
7313.
7308.
7304.
7299.
7294.
7289.
7284.
7279.
7274.
7269.
7264.
7259.
7254.
7248.
7243.
7238.
7233.
7227.
7222.
7217.
7213.
7206.
7202.
7197.
7195.
7191.
7190.
7194.
7199.
7208.
7219.
7230.
7242.
7254.
7264.
7276.
7285.
7296.
7307.
7318.
7330.
7341.
7352.
7360.
7369.
7378.
7385.
7391.
7398.
7404.
7407.
7408.
7407.
7407.
7406.
7405.
7405.
7406.
7406.
7406.
7405.
7405.
7407.
7405.
7405.
7405.
7404.
7406.
7406.
7405.
7404.
7404.
7405.
7404.
7404.
7403.
7403.
7403.
7402.
7402.
7401.
7401.
7401.
7400.
7399.
7398.
7397.
7397.
7396.
7394.
7393.
7393.
7391.
7390.
7389.
7387.
7385.
7383.
7381.
7379.
7378.
7376.
7374.
7372.
7370.
7367.
7364.
7363.
7360.
7357.
7354.
7351.
7348.
7345.
7342.
7338.
7334.
7330.
7327.
7323.
7319.
7315.
7312.
7307.
7303.
7299.
7295.
7291.
7287.
7281.
7278.
7274.
7269.
7264.
7260.
7255.
7250.
7246.
7240.
7235.
7231.
7230.
7231.
7235.
7241.
7251.
7264.
7275.
7286.
7296.
7306.
7316.
7327.
7337.
7348.
7360.
7371.
7381.
7391.
7400.
7409.
7416.
7424.
7431.
7434.
7439.
7440.
7441.
7440.
7440.
7439.
7440.
7438.
7439.
7439.
7438.
7437.
7438.
7438.
7437.
7438.
7437.
7438.
7438.
7437.
7437.
7436.
7435.
7435.
7434.
7434.
7433.
7433.
7433.
7431.
7432.
7430.
7430.
7427.
7427.
7425.
7424.
7423.
7421.
7420.
7417.
7416.
7415.
7412.
7410.
7409.
7406.
7404.
7402.
7400.
7397.
7395.
7392.
7390.
7388.
7383.
7381.
7377.
7374.
7371.
7367.
7364.
7359.
7355.
7351.
7346.
7342.
7338.
7334.
7330.
7326.
7321.
7316.
7313.
7308.
7303.
7297.
7292.
7288.
7282.
7277.
7272.
7267.
7262.
7257.
7252.
7247.
7242.
7235.
7230.
7226.
7220.
7215.
7209.
7205.
7199.
7194.
7190.
7185.
7181.
7176.
7173.
7167.
7163.
7158.
7153.
7150.
7146.
7142.
7139.
7139.
7142.
7146.
7156.
7170.
7185.
7200.
7215.
7231.
7246.
7261.
7275.
7288.
7302.
7317.
7330.
7343.
7357.
7370.
7384.
7395.
7404.
7412.
7420.
7425.
7425.
7427.
7426.
7426.
7425.
7423.
7423.
7423.
7423.
7422.
7423.
7422.
7423.
7423.
7423.
7422.
7422.
7422.
7423.
7423.
7423.
7423.
7423.
7424.
7424.
7425.
7425.
7424.
7425.
7425.
7426.
7427.
7427.
7427.
7427.
7427.
7428.
7428.
7429.
7430.
7430.
7430.
7430.
7431.
7432.
7432.
7433.
7433.
7433.
7434.
7434.
7434.
7434.
7435.
7435.
7435.
7435.
7436.
7436.
7436.
7436.
7436.
7437.
7437.
7437.
7438.
7438.
7438.
7438.
7438.
7437.
7437.
7437.
7436.
7436.
7437.
7436.
7435.
7435.
7435.
7434.
7433.
7432.
7432.
7430.
7429.
7428.
7428.
7426.
7424.
7423.
7420.
7419.
7417.
7415.
7413.
7410.
7408.
7406.
7403.
7400.
7399.
7394.
7392.
7389.
7385.
7382.
7379.
7376.
7370.
7368.
7364.
7361.
7356.
7352.
7349.
7344.
7340.
7335.
7331.
7326.
7322.
7318.
7313.
7311.
7305.
7301.
7297.
7292.
7288.
7282.
7278.
7273.
7269.
7265.
7260.
7258.
7252.
7249.
7244.
7239.
7235.
7231.
7226.
7221.
7217.
7213.
7209.
7205.
7201.
7197.
7194.
7189.
7187.
7184.
7182.
7183.
7186.
7193.
7203.
7215.
7227.
7240.
7252.
7264.
7276.
7288.
7299.
7312.
7323.
7336.
7348.
7359.
7371.
7381.
7393.
7403.
7410.
7415.
7420.
7423.
7424.
7424.
7423.
7423.
7422.
7422.
7421.
7422.
7421.
7421.
7420.
7421.
7421.
7421.
7422.
7422.
7421.
7421.
7421.
7422.
7422.
7421.
7421.
7421.
7421.
7422.
7421.
7421.
7420.
7422.
7421.
7420.
7419.
7421.
7420.
7420.
7420.
7421.
7419.
7419.
7418.
7417.
7417.
7417.
7417.
7416.
7415.
7415.
7413.
7413.
7412.
7412.
7411.
7409.
7409.
7408.
7407.
7405.
7404.
7403.
7401.
7400.
7398.
7396.
7394.
7392.
7390.
7388.
7385.
7384.
7381.
7378.
7376.
7373.
7369.
7365.
7363.