7653.
7654.
7655.
7656.
7656.
7656.
7656.
7658.
7658.
7657.
7657.
7658.
7658.
7658.
7658.
7658.
7658.
7659.
7659.
7659.
7658.
7657.
7658.
7656.
7656.
7656.
7656.
7654.
7653.
7652.
7653.
7651.
7650.
7649.
7649.
7648.
7646.
7646.
7644.
7642.
7641.
7640.
7639.
7636.
7636.
7634.
7631.
7629.
7627.
7624.
7622.
7619.
7617.
7615.
7612.
7610.
7607.
7604.
7601.
7599.
7596.
7593.
7589.
7586.
7584.
7580.
7577.
7574.
7571.
7568.
7564.
7561.
7558.
7554.
7550.
7547.
7544.
7540.
7538.
7536.
7536.
7538.
7543.
7549.
7558.
7567.
7579.
7590.
7598.
7607.
7615.
7621.
7627.
7634.
7639.
7643.
7645.
7645.
7645.
7644.
7644.
7643.
7642.
7643.
7642.
7641.
7642.
7642.
7642.
7641.
7642.
7643.
7642.
7642.
7642.
7641.
7643.
7642.
7641.
7643.
7642.
7642.
7643.
7643.
7643.
7643.
7643.
7643.
7642.
7643.
7643.
7643.
7644.
7643.
7643.
7642.
7642.
7642.
7641.
7642.
7642.
7642.
7640.
7639.
7639.
7639.
7638.
7637.
7637.
7635.
7636.
7635.
7633.
7632.
7631.
7629.
7628.
7626.
7626.
7624.
7622.
7620.
7619.
7616.
7615.
7613.
7610.
7608.
7606.
7604.
7601.
7598.
7594.
7592.
7589.
7586.
7583.
7580.
7578.
7574.
7570.
7568.
7564.
7560.
7557.
7554.
7550.
7547.
7543.
7540.
7540.
7541.
7545.
7550.
7558.
7567.
7576.
7585.
7595.
7601.
7609.
7614.
7617.
7621.
7624.
7627.
7629.
7629.
7630.
7629.
7629.
7628.
7625.
7625.
7625.
7625.
7624.
7624.
7624.
7624.
7624.
7623.
7623.
7622.
7623.
7623.
7622.
7622.
7622.
7622.
7623.
7623.
7623.
7621.
7621.
7621.
7622.
7621.
7621.
7621.
7620.
7620.
7620.
7621.
7619.
7619.
7618.
7619.
7619.
7618.
7617.
7617.
7616.
7616.
7616.
7615.
7615.
7613.
7613.
7612.
7612.
7610.
7609.
7608.
7607.
7606.
7604.
7603.
7602.
7600.
7598.
7597.
7595.
7594.
7591.
7589.
7586.
7584.
7582.
7580.
7577.
7575.
7571.
7569.
7566.
7564.
7561.
7557.
7555.
7552.
7551.
7552.
7553.
7557.
7562.
7571.
7580.
7590.
7597.
7604.
7610.
7614.
7619.
7625.
7629.
7633.
7634.
7637.
7635.
7635.
7635.
7634.
7634.
7633.
7631.
7631.
7631.
7630.
7631.
7630.
7631.
7631.
7632.
7631.
7631.
7631.
7631.
7631.
7631.
7632.
7632.
7631.
7632.
7632.
7632.
7631.
7631.
7631.
7632.
7632.
7633.
7633.
7633.
7633.
7633.
7633.
7634.
7635.
7635.
7636.
7636.
7637.
7638.
7638.
7639.
7640.
7640.
7641.
7642.
7643.
7644.
7645.
7646.
7647.
7649.
7650.
7652.
7653.
7654.
7655.
7654.
7651.
7646.
7642.
7636.
7631.
7627.
7625.
7623.
7623.
7626.
7626.
7628.
7629.
7632.
7633.
7634.
7635.
7636.
7637.
7638.
7639.
7640.
7641.
7644.
7644.
7645.
7645.
7646.
7647.
7649.
7649.
7650.
7651.
7652.
7653.
7653.
7654.
7655.
7657.
7658.
7658.
7659.
7660.
7661.
7661.
7662.
7664.
7664.
7665.
7667.
7669.
7669.
7671.
7671.
7672.
7674.
7675.
7677.
7677.
7678.
7681.
7682.
7684.
7685.
7687.
7687.
7685.
7683.
7678.
7672.
7665.
7660.
7657.
7655.
7655.
7655.
7656.
7657.
7658.
7660.
7660.
7663.
7663.
7665.
7666.
7667.
7667.
7668.
7669.
7670.
7670.
7671.
7672.
7673.
7672.
7672.
7673.
7673.
7674.
7675.
7675.
7674.
7674.
7675.
7675.
7674.
7674.
7674.
7674.
7673.
7673.
7673.
7672.
7671.
7671.
7670.
7670.
7669.
7668.
7667.
7666.
7664.
7663.
7662.
7660.
7658.
7658.
7656.
7654.
7653.
7650.
7648.
7646.
7645.
7643.
7641.
7639.
7637.
7634.
7632.
7629.
7626.
7623.
7621.
7619.
7616.
7614.
7610.
7607.
7604.
7601.
7598.
7595.
7592.
7589.
7586.
7582.
7579.
7576.
7573.
7569.
7567.
7562.
7560.
7560.
7560.
7563.
7569.
7577.
7586.
7594.
7603.
7612.
7620.
7626.
7633.
7639.
7644.
7650.
7654.
7658.
7660.
7661.
7661.
7660.
7660.
7660.
7660.
7659.
7658.
7659.
7657.
7659.
7660.
7660.
7661.
7660.
7660.
7661.
7661.
7662.
7662.
7662.
7662.
7662.
7663.
7663.
7663.
7664.
7664.
7664.
7663.
7664.
7665.
7665.
7666.
7665.
7664.
7664.
7664.
7665.
7666.
7666.
7666.
7667.
7666.
7667.
7666.
7666.
7665.
7665.
7666.
7665.
7666.
7665.
7664.
7665.
7664.
7664.
7663.
7663.
7662.
7662.
7661.
7660.
7660.
7658.
7658.
7657.
7655.
7655.
7653.
7652.
7651.
7650.
7648.
7647.
7645.
7643.
7642.
7639.
7637.
7634.
7633.
7631.
7628.
7626.
7622.
7619.
7618.
7616.
7614.
7609.
7606.
7603.
7599.
7596.
7594.
7590.
7586.
7584.
7581.
7577.
7574.
7571.
7567.
7563.
7558.
7556.
7552.
7548.
7545.
7542.
7543.
7545.
7549.
7556.
7564.
7574.
7582.
7590.
7598.
7605.
7610.
7615.
7618.
7623.
7624.
7625.
7625.
7625.
7624.
7622.
7621.
7620.
7619.
7619.
7618.
7617.
7617.
7618.
7617.
7616.
7616.
7616.
7616.
7616.
7616.
7616.
7616.
7615.
7614.
7614.
7615.
7615.
7614.
7613.
7614.
7614.
7614.
7613.
7614.
7614.
7613.
7612.
7613.
7613.
7612.
7612.
7612.
7613.
7612.
7613.
7612.
7612.
7612.
7612.
7611.
7612.
7612.
7611.
7613.
7612.
7612.
7612.
7612.
7611.
7612.
7613.
7612.
7612.
7612.
7612.
7613.
7613.
7614.
7612.
7613.
7613.
7614.
7613.
7614.
7614.
7614.
7614.
7615.
7615.
7616.
7615.
7616.
7616.
7616.
7616.
7617.
7617.
7617.
7617.
7617.
7620.
7620.
7619.
7620.
7621.
7621.
7620.
7622.
7623.
7622.
7624.
7625.
7625.
7626.
7627.
7627.
7628.
7629.
7629.
7631.
7632.
7633.
7634.
7635.
7636.
7637.
7638.
7639.
7641.
7642.
7644.
7645.
7646.
7647.
7649.
7649.
7649.
7648.
7644.
7639.
7632.
7626.
7621.
7619.
7617.
7618.
7619.
7621.
7622.
7623.
7625.
7627.
7628.
7630.
7631.
7632.
7634.
7634.
7635.
7636.
7637.
7639.
7640.
7641.
7642.
7643.
7644.
7645.
7646.
7646.
7649.
7649.
7649.
7651.
7652.
7652.
7654.
7655.
7656.
7657.
7658.
7659.
7660.
7661.
7662.
7664.
7664.
7666.
7666.
7668.
7668.
7671.
7673.
7674.
7674.
7676.
7678.
7680.
7679.
7683.
7685.
7687.
7688.
7688.
7688.
7686.
7680.
7677.
7671.
7666.
7662.
7659.
7658.
7658.
7658.
7659.
7660.
7661.
7664.
7665.
7667.
7668.
7671.
7673.
7673.
7674.
7675.
7676.
7676.
7678.
7679.
7680.
7681.
7682.
7682.
7683.
7684.
7684.
7685.
7686.
7687.
7687.
7688.
7689.
7688.
7689.
7689.
7689.
7690.
7689.
7691.
7691.
7691.
7690.
7690.
7690.
7690.
7690.
7689.
7689.
7688.
7688.
7687.
7686.
7685.
7684.
7684.
7684.
7682.
7680.
7679.
7678.
7677.
7676.
7675.
7673.
7673.
7671.
7668.
7667.
7664.
7664.
7662.
7659.
7656.
7654.
7652.
7649.
7647.
7645.
7643.
7640.
7638.
7634.
7632.
7629.
7626.
7623.
7621.
7617.
7614.
7610.
7608.
7605.
7601.
7598.
7594.
7591.
7588.
7585.
7581.
7578.
7575.
7572.
7568.
7564.
7560.
7557.
7553.
7553.
7553.
7556.
7562.
7571.
7582.
7593.
7603.
7612.
7620.
7629.
7636.
7645.
7653.
7658.
7663.
7667.
7668.
7668.
7668.
7666.
7666.
7664.
7665.
7665.
7664.
7664.
7664.
7664.
7663.
7664.
7664.
7664.
7663.
7665.
7664.
7665.
7665.
7664.
7665.
7664.
7664.
7665.
7665.
7665.
7665.
7666.
7666.
7668.
7667.
7668.
7668.
7668.
7669.
7670.
7670.
7669.
7670.
7670.
7671.
7672.
7671.
7671.
7672.
7674.
7674.
7674.
7676.
7677.
7678.
7679.
7681.
7682.
7683.
7684.
7686.
7687.
7688.
7690.
7691.
7693.
7695.
7697.
7699.
7699.
7698.
7696.
7691.
7687.
7681.
7677.
7675.
7674.
7674.
7674.
7677.
7677.
7679.
7680.
7682.
7683.
7685.
7686.
7688.
7689.
7689.
7691.
7692.
7693.
7693.
7694.
7696.
7697.
7697.
7699.
7699.
7700.
7701.
7702.
7702.
7704.
7704.
7704.
7704.
7705.
7705.
7705.
7706.
7708.
7707.
7707.
7707.
7708.
7708.
7710.
7709.
7709.
7708.
7709.
7709.
7710.
7710.
7708.
7708.
7708.
7707.
7708.
7706.
7706.
7705.
7706.
7704.
7704.
7704.
7703.
7702.
7703.
7702.
7700.
7700.
7698.
7697.
7696.
7695.
7694.
7693.
7691.
7690.
7688.
7686.
7685.
7682.
7682.
7679.
7678.
7676.
7673.
7672.
7669.
7667.
7665.
7663.
7659.
7657.
7654.
7652.
7649.
7646.
7644.
7640.
7637.
7635.
7632.
7628.
7625.
7621.
7617.
7614.
7611.
7607.
7603.
7601.
7598.
7595.
7590.
7587.
7583.
7579.
7576.
7572.
7570.
7564.
7560.
7557.
7554.
7552.
7553.
7556.
7561.
7570.
7579.
7588.
7598.
7607.
7613.
7621.
7627.
7632.
7636.
7641.
7644.
7646.
7649.
7650.
7650.
7649.
7650.
7647.
7647.
7647.
7647.
7647.
7647.
7647.
7648.
7646.
7647.
7646.
7646.
7647.
7646.
7647.
7647.
7647.
7647.
7648.
7647.
7647.
7647.
7647.
7648.
7647.
7648.
7648.
7648.
7650.
7650.
7650.
7650.
7650.
7649.
7651.
7651.
7652.
7652.
7653.
7654.
7654.
7655.
7656.
7656.
7657.
7658.
7659.
7660.
7661.
7662.
7663.
7664.
7666.
7667.
7668.
7669.
7672.
7673.
7674.
7676.
7678.
7680.
7682.
7683.
7684.
7684.
7681.
7678.
7673.
7668.
7662.
7658.
7654.
7654.
7654.
7653.
7655.
7657.
7659.
7661.
7662.
7664.
7665.
7666.
7667.
7668.
7669.
7669.
7670.
7671.
7672.
7672.
7673.
7673.
7674.
7675.
7676.
7676.
7677.
7676.
7677.
7677.
7679.
7679.
7678.
7679.
7681.
7681.
7679.
7679.
7679.
7679.
7680.
7680.
7680.
7680.
7679.
7679.
7679.
7677.
7677.
7678.
7677.
7677.
7675.
7674.
7674.
7673.
7673.
7672.
7670.
7668.
7667.
7667.
7665.
7663.
7663.
7661.
7658.
7656.
7655.
7653.
7650.
7649.
7646.
7644.
7642.
7640.
7637.
7635.
7631.
7630.
7626.
7624.
7621.
7619.
7616.
7613.
7610.
7607.
7603.
7599.
7597.
7594.
7590.
7587.
7585.
7582.
7579.
7574.
7571.
7567.
7566.
7567.
7570.
7574.
7582.
7590.
7599.
7608.
7616.
7624.
7631.
7637.
7643.
7648.
7653.
7654.
7655.
7656.
7656.
7656.
7655.
7654.
7653.
7652.
7652.
7651.
7651.
7652.
7650.
7649.
7649.
7650.
7650.
7651.
7650.
7650.
7650.
7650.
7650.
7650.
7650.
7649.
7650.
7648.
7650.
7649.
7649.
7649.
7649.
7649.
7649.
7648.
7648.
7649.
7649.
7649.
7649.
7649.
7649.
7649.
7649.
7649.
7648.
7650.
7650.
7649.
7649.
7650.
7650.
7650.
7650.
7651.
7651.
7652.
7652.
7653.
7654.
7655.
7655.
7654.
7656.
7656.
7658.
7657.
7658.
7661.
7661.
7662.
7663.
7665.
7665.
7668.
7668.
7670.
7672.
7673.
7674.
7675.
7678.
7678.
7677.
7675.
7671.
7666.
7659.
7653.
7648.
7648.
7647.
7648.
7648.
7650.
7651.
7653.
7655.
7656.
7657.
7658.
7660.
7661.
7662.
7663.
7664.
7664.
7666.
7666.
7668.
7667.
7668.
7669.
7670.
7670.
7672.
7671.
7672.
7674.
7674.
7674.
7675.
7674.
7675.
7675.
7675.
7676.
7676.
7676.
7676.
7676.
7676.
7675.
7676.
7675.
7676.
7676.
7675.
7675.
7675.
7675.
7674.
7674.
7673.
7673.
7672.
7672.
7671.
7671.
7669.
7669.
7668.
7667.
7668.
7665.
7665.
7663.
7662.
7661.
7660.
7659.
7657.
7655.
7653.
7651.
7650.
7648.
7647.
7645.
7643.
7641.
7639.
7637.
7632.
7631.
7628.
7626.
7624.
7621.
7618.
7614.
7612.
7610.
7607.
7605.
7602.
7599.
7595.
7593.
7589.
7586.
7582.
7579.
7576.
7572.
7569.
7566.
7563.
7561.
7559.
7560.
7564.
7571.
7576.
7585.
7594.
7605.
7612.
7619.
7625.
7631.
7636.
7641.
7645.
7648.
7648.
7649.
7650.
7648.
7648.
7647.
7645.
7646.
7646.
7646.
7645.
7646.
7645.
7646.
7645.
7645.
7645.
7645.
7646.
7645.
7646.
7645.
7645.
7646.
7646.
7645.
7646.
7645.
7646.
7646.
7645.
7646.
7645.
7646.
7645.
7646.
7646.
7645.
7646.
7645.
7646.
7647.
7646.
7646.
7646.
7646.
7647.
7646.
7646.
7646.
7647.
7647.
7647.
7646.
7647.
7648.
7647.
7646.
7647.
7647.
7647.
7646.
7647.
7647.
7647.
7645.
7646.
7646.
7645.
7646.
7645.
7645.
7645.
7645.
7644.
7645.
7645.
7643.
7643.
7642.
7642.
7641.
7640.
7640.
7639.
7639.
7638.
7637.
7635.
7635.
7634.
7633.
7631.
7630.
7629.
7628.
7626.
7625.
7623.
7622.
7619.
7618.
7616.
7615.
7613.
7610.
7609.
7606.
7603.
7601.
7599.
7596.
7594.
7591.
7589.
7586.
7583.
7580.
7577.
7575.
7571.
7569.
7565.
7563.
7561.
7563.
7565.
7570.
7576.
7584.
7593.
7601.
7606.
7615.
7619.
7626.
7630.
7635.
7638.
7643.
7644.
7647.
7648.
7647.
7647.
7647.
7645.
7645.
7644.
7644.
7645.
7645.
7645.
7645.
7645.
7645.
7645.
7645.
7645.
7646.
7645.
7647.
7646.
7647.
7647.
7647.
7649.
7649.
7649.
7650.
7651.
7651.
7651.
7652.
7654.
7653.
7654.
7653.
7655.
7656.
7657.
7657.
7658.
7658.
7660.
7660.
7662.
7663.
7664.
7665.
7668.
7668.
7669.
7672.
7674.
7674.
7675.
7677.
7678.
7680.
7682.
7684.
7687.
7688.
7688.
7689.
7690.
7687.
7683.
7679.
7674.
7670.
7666.
7666.
7666.
7667.
7666.
7669.
7671.
7673.
7673.
7674.
7676.
7677.
7679.
7680.
7680.
7681.
7683.
7684.
7684.
7686.
7688.
7688.
7689.
7690.
7690.
7692.
7693.
7692.
7693.
7695.
7696.
7695.
7697.
7697.
7697.
7698.
7698.
7699.
7699.
7701.
7701.
7701.
7700.
7701.
7701.
7702.
7702.
7703.
7703.
7703.
7702.
7703.
7703.
7703.
7703.
7703.
7702.
7702.
7703.
7702.
7703.
7703.
7702.
7701.
7702.
7701.
7701.
7700.
7700.
7699.
7698.
7698.
7697.
7698.
7696.
7696.
7694.
7694.
7694.
7693.
7691.
7691.
7690.
7689.
7687.
7687.
7685.
7683.
7682.
7680.
7679.
7677.
7676.
7674.
7672.
7670.
7668.
7666.
7664.
7663.
7659.
7658.
7656.
7653.
7650.
7648.
7646.
7643.
7641.
7637.
7634.
7632.
7630.
7626.
7623.
7620.
7617.
7614.
7612.
7608.
7605.
7601.
7599.
7596.
7593.
7589.
7586.
7584.
7580.
7578.
7579.
7581.
7585.
7592.
7600.
7610.
7617.
7625.
7632.
7640.
7646.
7653.
7659.
7664.
7667.
7669.
7670.
7670.
7670.
7669.
7667.
7667.
7667.
7667.
7667.
7666.
7666.
7666.
7666.
7665.
7666.
7666.
7666.
7666.
7667.
7667.
7666.
7666.
7666.
7667.
7667.
7667.
7666.
7668.
7667.
7667.
7667.
7667.
7667.
7668.
7668.
7669.
7669.
7669.
7669.
7669.
7669.
7669.
7669.
7670.
7670.
7671.
7671.
7671.
7671.
7671.
7672.
7672.
7672.
7673.
7674.
7674.
7675.
7675.
7676.
7677.
7679.
7679.
7678.
7679.
7681.
7683.
7683.
7684.
7686.
7687.
7688.
7688.
7690.
7692.
7695.
7696.
7696.
7698.
7698.
7698.
7695.
7692.
7687.
7682.
7678.
7674.
7673.
7673.
7672.
7673.
7675.
7675.
7676.
7677.
7679.
7679.
7680.
7680.
7682.
7683.
7683.
7685.
7685.
7686.
7686.
7687.
7688.
7687.
7688.
7689.
7689.
7691.
7690.
7690.
7690.
7690.
7690.
7691.
7691.
7692.
7691.
7690.
7691.
7691.
7690.
7690.
7689.
7689.
7688.
7688.
7688.
7686.
7686.
7686.
7685.
7683.
7682.
7682.
7681.
7680.
7678.
7677.
7675.
7674.
7673.
7672.
7670.
7669.
7668.
7666.
7663.
7660.
7659.
7657.
7654.
7653.
7650.
7648.
7646.
7643.
7641.
7639.
7635.
7633.
7630.
7628.
7625.
7621.
7619.
7617.
7613.
7611.
7607.
7605.
7601.
7599.
7595.
7593.
7589.
7588.
7588.
7589.
7592.
7598.
7605.
7613.
7620.
7627.
7634.
7639.
7643.
7646.
7649.
7651.
7654.
7654.
7654.
7652.
7651.
7652.
7651.
7651.
7650.
7649.
7650.
7650.
7649.
7649.
7648.
7649.
7648.
7647.
7648.
7648.
7648.
7646.
7646.
7646.
7645.
7646.
7645.
7645.
7645.
7644.
7644.
7644.
7644.
7644.
7643.
7643.
7644.
7643.
7642.
7642.
7641.
7641.
7641.
7641.
7640.
7640.
7639.
7639.
7638.
7638.
7638.
7638.
7637.
7637.
7636.
7635.
7635.
7635.
7633.
7634.
7633.
7633.
7632.
7631.
7631.
7628.
7628.
7628.
7626.
7627.
7625.
7624.
7623.
7622.
7621.
7621.
7619.
7618.
7618.
7615.
7614.
7612.
7612.
7610.
7609.
7607.
7604.
7602.
7601.
7599.
7597.
7594.
7593.
7591.
7588.
7586.
7583.
7581.
7580.
7576.
7573.
7571.
7568.
7568.
7570.
7574.
7579.
7585.
7593.
7600.
7608.
7615.
7623.
7629.
7636.
7643.
7650.
7656.
7659.
7662.
7663.
7662.
7662.
7661.
7660.
7659.
7660.
7659.
7659.
7659.
7659.
7658.
7659.
7659.
7659.
7659.
7659.
7659.
7660.
7661.
7662.
7661.
7662.
7662.
7662.
7663.
7663.
7664.
7665.
7666.
7668.
7668.
7669.
7671.
7671.
7671.
7673.
7674.
7676.
7677.
7679.
7680.
7681.
7683.
7684.
7686.
7688.
7690.
7691.
7691.
7690.
7686.
7682.
7676.
7671.
7666.
7664.
7663.
7665.
7665.
7666.
7669.
7671.
7672.
7674.
7675.
7677.
7677.
7678.
7679.
7680.
7682.
7683.
7684.
7685.
7687.
7688.
7688.
7690.
7691.
7692.
7694.
7694.
7696.
7697.
7698.
7699.
7699.
7701.
7701.
7703.
7704.
7705.
7707.
7707.
7709.
7710.
7712.
7714.
7715.
7715.
7717.
7718.
7720.
7723.
7724.
7725.
7727.
7729.
7730.
7732.
7733.
7735.
7736.
7738.
7741.
7743.
7744.
7745.
7746.
7744.
7740.
7735.
7730.
7725.
7722.
7720.
7718.
7718.
7718.
7719.
7720.
7721.
7724.
7724.
7726.
7726.
7728.
7728.