7240.
7240.
7240.
7239.
7239.
7239.
7239.
7238.
7238.
7238.
7238.
7237.
7237.
7237.
7236.
7236.
7235.
7235.
7235.
7234.
7235.
7233.
7234.
7232.
7232.
7232.
7231.
7229.
7228.
7228.
7226.
7226.
7224.
7223.
7221.
7220.
7218.
7218.
7215.
7214.
7212.
7211.
7208.
7206.
7205.
7202.
7200.
7197.
7195.
7193.
7189.
7186.
7184.
7181.
7178.
7176.
7174.
7170.
7165.
7163.
7160.
7156.
7152.
7148.
7146.
7142.
7138.
7135.
7132.
7127.
7124.
7121.
7116.
7112.
7107.
7103.
7099.
7095.
7091.
7085.
7082.
7077.
7073.
7068.
7065.
7061.
7056.
7052.
7048.
7044.
7039.
7036.
7031.
7028.
7024.
7021.
7017.
7013.
7010.
7006.
7002.
6999.
6996.
6994.
6993.
6996.
7002.
7013.
7025.
7039.
7054.
7070.
7084.
7096.
7109.
7120.
7132.
7145.
7158.
7172.
7185.
7199.
7210.
7221.
7232.
7237.
7242.
7244.
7247.
7248.
7248.
7248.
7247.
7247.
7245.
7245.
7246.
7247.
7247.
7246.
7247.
7246.
7246.
7247.
7246.
7247.
7246.
7248.
7248.
7248.
7247.
7248.
7247.
7248.
7249.
7248.
7248.
7248.
7247.
7248.
7247.
7248.
7246.
7246.
7246.
7246.
7245.
7246.
7244.
7243.
7244.
7244.
7243.
7241.
7241.
7240.
7239.
7237.
7236.
7235.
7234.
7232.
7231.
7229.
7228.
7227.
7225.
7224.
7221.
7220.
7218.
7216.
7212.
7210.
7208.
7206.
7203.
7201.
7198.
7195.
7192.
7190.
7186.
7184.
7180.
7177.
7174.
7171.
7167.
7164.
7160.
7156.
7152.
7149.
7145.
7142.
7138.
7133.
7128.
7125.
7121.
7117.
7114.
7110.
7105.
7101.
7098.
7093.
7089.
7085.
7082.
7077.
7073.
7070.
7066.
7062.
7059.
7056.
7056.
7056.
7059.
7063.
7071.
7080.
7089.
7100.
7110.
7121.
7130.
7140.
7149.
7157.
7165.
7173.
7180.
7188.
7196.
7202.
7207.
7210.
7213.
7215.
7214.
7214.
7214.
7214.
7213.
7213.
7212.
7213.
7214.
7212.
7213.
7212.
7213.
7212.
7211.
7212.
7211.
7212.
7211.
7211.
7209.
7209.
7209.
7208.
7206.
7207.
7205.
7205.
7204.
7202.
7202.
7200.
7200.
7199.
7197.
7195.
7194.
7192.
7189.
7188.
7186.
7184.
7182.
7179.
7178.
7177.
7174.
7171.
7169.
7165.
7162.
7160.
7157.
7155.
7151.
7149.
7145.
7141.
7138.
7135.
7131.
7128.
7125.
7120.
7116.
7114.
7110.
7106.
7103.
7099.
7095.
7091.
7088.
7083.
7080.
7077.
7074.
7069.
7066.
7062.
7058.
7054.
7052.
7046.
7043.
7040.
7037.
7033.
7032.
7034.
7037.
7044.
7055.
7064.
7076.
7089.
7102.
7113.
7124.
7135.
7145.
7155.
7165.
7175.
7182.
7190.
7197.
7202.
7206.
7209.
7209.
7211.
7210.
7208.
7208.
7207.
7206.
7205.
7205.
7206.
7205.
7205.
7204.
7204.
7204.
7204.
7203.
7203.
7202.
7201.
7200.
7200.
7199.
7199.
7198.
7196.
7195.
7194.
7194.
7193.
7193.
7192.
7190.
7189.
7187.
7186.
7185.
7185.
7182.
7180.
7179.
7178.
7176.
7174.
7173.
7171.
7169.
7166.
7164.
7163.
7160.
7158.
7156.
7153.
7150.
7149.
7146.
7144.
7141.
7139.
7136.
7133.
7129.
7126.
7124.
7120.
7117.
7116.
7112.
7109.
7106.
7103.
7100.
7096.
7093.
7089.
7086.
7083.
7079.
7077.
7073.
7072.
7068.
7067.
7068.
7072.
7079.
7087.
7099.
7110.
7121.
7133.
7144.
7153.
7164.
7173.
7180.
7189.
7196.
7204.
7213.
7220.
7225.
7228.
7232.
7233.
7234.
7236.
7236.
7236.
7235.
7234.
7234.
7234.
7232.
7232.
7231.
7230.
7231.
7229.
7228.
7227.
7226.
7226.
7225.
7224.
7223.
7223.
7220.
7220.
7217.
7217.
7215.
7214.
7212.
7209.
7208.
7206.
7205.
7202.
7201.
7198.
7195.
7194.
7191.
7188.
7186.
7183.
7180.
7179.
7175.
7173.
7170.
7166.
7165.
7161.
7158.
7155.
7151.
7148.
7145.
7141.
7137.
7134.
7131.
7127.
7123.
7119.
7116.
7113.
7109.
7105.
7101.
7097.
7093.
7090.
7087.
7083.
7079.
7074.
7070.
7066.
7063.
7060.
7057.
7053.
7050.
7048.
7043.
7039.
7036.
7033.
7030.
7028.
7025.
7021.
7019.
7018.
7017.
7022.
7029.
7038.
7051.
7065.
7078.
7090.
7102.
7114.
7126.
7139.
7151.
7164.
7176.
7187.
7199.
7208.
7217.
7226.
7234.
7239.
7243.
7246.
7247.
7249.
7249.
7248.
7247.
7247.
7247.
7246.
7247.
7246.
7246.
7246.
7246.
7246.
7245.
7244.
7244.
7243.
7243.
7244.
7244.
7244.
7243.
7242.
7241.
7242.
7241.
7240.
7239.
7240.
7238.
7238.
7238.
7236.
7235.
7234.
7234.
7233.
7232.
7230.
7229.
7228.
7227.
7226.
7224.
7224.
7222.
7220.
7217.
7216.
7214.
7212.
7209.
7207.
7205.
7202.
7200.
7198.
7196.
7193.
7190.
7187.
7185.
7182.
7178.
7175.
7173.
7168.
7167.
7163.
7159.
7156.
7153.
7149.
7146.
7143.
7140.
7136.
7132.
7127.
7123.
7120.
7117.
7112.
7107.
7104.
7100.
7096.
7092.
7088.
7084.
7080.
7076.
7072.
7068.
7064.
7060.
7057.
7054.
7051.
7046.
7042.
7038.
7035.
7030.
7028.
7025.
7020.
7018.
7015.
7011.
7007.
7004.
7003.
7003.
7006.
7012.
7022.
7032.
7045.
7057.
7069.
7081.
7092.
7104.
7117.
7128.
7140.
7150.
7160.
7171.
7180.
7190.
7199.
7205.
7211.
7214.
7216.
7217.
7218.
7217.
7218.
7218.
7217.
7217.
7218.
7218.
7218.
7218.
7218.
7218.
7218.
7218.
7218.
7219.
7218.
7219.
7220.
7218.
7220.
7218.
7218.
7218.
7219.
7219.
7219.
7218.
7219.
7219.
7218.
7218.
7219.
7218.
7218.
7218.
7218.
7217.
7217.
7217.
7217.
7216.
7215.
7214.
7214.
7214.
7213.
7211.
7211.
7211.
7210.
7209.
7207.
7206.
7205.
7204.
7202.
7200.
7199.
7198.
7196.
7195.
7193.
7192.
7189.
7188.
7187.
7185.
7183.
7180.
7177.
7175.
7173.
7170.
7167.
7165.
7163.
7160.
7158.
7154.
7152.
7148.
7146.
7142.
7138.
7135.
7132.
7130.
7127.
7124.
7120.
7117.
7114.
7109.
7107.
7104.
7100.
7098.
7096.
7096.
7100.
7104.
7111.
7120.
7130.
7139.
7147.
7155.
7165.
7174.
7183.
7193.
7201.
7208.
7214.
7220.
7222.
7225.
7227.
7227.
7228.
7227.
7227.
7227.
7227.
7227.
7226.
7225.
7225.
7225.
7224.
7224.
7223.
7222.
7223.
7221.
7220.
7220.
7220.
7218.
7217.
7216.
7215.
7214.
7213.
7212.
7211.
7210.
7209.
7206.
7205.
7205.
7203.
7202.
7200.
7197.
7196.
7194.
7192.
7190.
7188.
7186.
7183.
7179.
7179.
7177.
7175.
7171.
7170.
7166.
7163.
7161.
7159.
7156.
7153.
7150.
7148.
7145.
7141.
7139.
7135.
7132.
7127.
7125.
7120.
7118.
7114.
7111.
7107.
7104.
7100.
7097.
7093.
7088.
7085.
7081.
7077.
7074.
7070.
7065.
7062.
7058.
7054.
7051.
7048.
7043.
7039.
7036.
7031.
7029.
7026.
7024.
7020.
7019.
7021.
7025.
7030.
7039.
7051.
7061.
7073.
7084.
7095.
7105.
7115.
7125.
7134.
7144.
7154.
7164.
7174.
7184.
7194.
7203.
7212.
7221.
7227.
7231.
7233.
7234.
7234.
7232.
7232.
7230.
7230.
7229.
7230.
7230.
7229.
7228.
7228.
7228.
7228.
7228.
7226.
7225.
7226.
7226.
7226.
7224.
7224.
7224.
7224.
7223.
7224.
7223.
7222.
7224.
7222.
7222.
7222.
7222.
7221.
7221.
7219.
7220.
7220.
7219.
7217.
7218.
7217.
7217.
7217.
7216.
7215.
7215.
7214.
7213.
7213.
7212.
7212.
7211.
7210.
7209.
7208.
7205.
7206.
7204.
7202.
7201.
7200.
7198.
7197.
7195.
7195.
7193.
7190.
7188.
7186.
7184.
7181.
7179.
7177.
7174.
7172.
7170.
7167.
7164.
7161.
7158.
7154.
7152.
7148.
7146.
7142.
7138.
7135.
7133.
7128.
7125.
7122.
7118.
7114.
7111.
7107.
7103.
7099.
7095.
7092.
7088.
7084.
7081.
7077.
7072.
7069.
7065.
7061.
7056.
7053.
7050.
7045.
7042.
7037.
7034.
7031.
7029.
7030.
7033.
7040.
7050.
7062.
7074.
7087.
7101.
7113.
7126.
7137.
7149.
7161.
7172.
7183.
7194.
7205.
7214.
7223.
7228.
7232.
7233.
7232.
7232.
7231.
7229.
7227.
7226.
7226.
7226.
7225.
7226.
7226.
7225.
7226.
7225.
7224.
7224.
7223.
7223.
7223.
7222.
7223.
7222.
7222.
7222.
7221.
7220.
7220.
7219.
7218.
7217.
7217.
7217.
7217.
7214.
7213.
7213.
7212.
7210.
7208.
7207.
7206.
7204.
7204.
7202.
7200.
7200.
7198.
7196.
7193.
7192.
7190.
7187.
7185.
7183.
7181.
7178.
7175.
7173.
7169.
7168.
7165.
7161.
7159.
7156.
7152.
7150.
7146.
7144.
7140.
7137.
7133.
7130.
7126.
7122.
7118.
7116.
7112.
7107.
7103.
7100.
7095.
7092.
7088.
7085.
7081.
7076.
7072.
7067.
7064.
7060.
7056.
7052.
7048.
7043.
7039.
7036.
7032.
7028.
7024.
7020.
7017.
7013.
7009.
7006.
7004.
7003.
7006.
7012.
7021.
7033.
7049.
7065.
7082.
7097.
7112.
7126.
7140.
7153.
7167.
7180.
7193.
7204.
7214.
7224.
7230.
7234.
7236.
7237.
7237.
7236.
7234.
7234.
7234.
7232.
7232.
7233.
7233.
7233.
7233.
7233.
7233.
7232.
7232.
7232.
7233.
7233.
7232.
7232.
7232.
7232.
7232.
7232.
7233.
7232.
7231.
7231.
7232.
7232.
7231.
7231.
7231.
7230.
7231.
7230.
7230.
7229.
7227.
7228.
7228.
7226.
7225.
7225.
7224.
7224.
7223.
7221.
7221.
7219.
7218.
7218.
7216.
7215.
7213.
7212.
7211.
7208.
7207.
7206.
7203.
7202.
7201.
7197.
7196.
7195.
7192.
7190.
7187.
7184.
7182.
7178.
7176.
7174.
7170.
7167.
7164.
7162.
7158.
7154.
7151.
7147.
7144.
7140.
7135.
7133.
7128.
7124.
7120.
7117.
7113.
7109.
7104.
7101.
7097.
7092.
7089.
7085.
7081.
7077.
7072.
7068.
7064.
7059.
7056.
7053.
7049.
7044.
7041.
7037.
7033.
7029.
7026.
7023.
7020.
7016.
7012.
7009.
7005.
7002.
7001.
7001.
7004.
7011.
7021.
7034.
7046.
7062.
7076.
7089.
7104.
7117.
7131.
7144.
7157.
7170.
7182.
7192.
7200.
7207.
7213.
7218.
7223.
7225.
7230.
7231.
7233.
7233.
7233.
7231.
7231.
7230.
7229.
7229.
7229.
7229.
7228.
7229.
7229.
7228.
7230.
7229.
7227.
7227.
7228.
7227.
7226.
7225.
7226.
7225.
7225.
7223.
7223.
7222.
7221.
7221.
7220.
7220.
7218.
7217.
7216.
7215.
7214.
7213.
7212.
7210.
7210.
7208.
7206.
7205.
7203.
7201.
7200.
7198.
7197.
7195.
7192.
7190.
7189.
7187.
7184.
7181.
7179.
7176.
7175.
7172.
7169.
7166.
7164.
7161.
7157.
7155.
7152.
7149.
7146.
7142.
7139.
7136.
7131.
7128.
7125.
7121.
7117.
7115.
7112.
7107.
7103.
7100.
7096.
7093.
7089.
7086.
7082.
7078.
7075.
7070.
7067.
7063.
7060.
7057.
7053.
7050.
7046.
7041.
7039.
7036.
7031.
7027.
7026.
7021.
7019.
7017.
7016.
7020.
7024.
7032.
7042.
7052.
7065.
7077.
7088.
7097.
7109.
7120.
7130.
7139.
7149.
7159.
7169.
7179.
7190.
7199.
7208.
7216.
7223.
7227.
7231.
7233.
7235.
7235.
7234.
7234.
7233.
7232.
7232.
7231.
7232.
7233.
7232.
7231.
7232.
7231.
7231.
7232.
7231.
7231.
7230.
7230.
7230.
7230.
7230.
7229.
7230.
7230.
7230.
7230.
7229.
7229.
7228.
7228.
7226.
7227.
7226.
7225.
7225.
7225.
7223.
7223.
7222.
7220.
7220.
7219.
7219.
7217.
7216.
7215.
7213.
7211.
7211.
7207.
7207.
7204.
7203.
7200.
7198.
7197.
7195.
7193.
7190.
7188.
7185.
7183.
7180.
7176.
7173.
7172.
7168.
7166.
7162.
7159.
7157.
7154.
7150.
7146.
7144.
7141.
7137.
7134.
7131.
7127.
7124.
7120.
7117.
7113.
7110.
7107.
7103.
7099.
7095.
7093.
7087.
7084.
7082.
7079.
7076.
7073.
7069.
7067.
7067.
7070.
7075.
7083.
7093.
7103.
7114.
7123.
7133.
7143.
7150.
7159.
7169.
7177.
7188.
7197.
7205.
7211.
7218.
7225.
7228.
7231.
7233.
7233.
7232.
7232.
7231.
7231.
7230.
7230.
7231.
7230.
7231.
7229.
7230.
7230.
7230.
7230.
7229.
7230.
7229.
7229.
7229.
7229.
7229.
7228.
7227.
7226.
7227.
7226.
7225.
7224.
7224.
7223.
7223.
7222.
7221.
7220.
7218.
7217.
7216.
7215.
7214.
7212.
7211.
7210.
7207.
7206.
7204.
7203.
7200.
7198.
7197.
7192.
7192.
7190.
7187.
7185.
7181.
7180.
7177.
7175.
7171.
7170.
7167.
7163.
7160.
7157.
7154.
7151.
7148.
7145.
7141.
7138.
7134.
7131.
7129.
7124.
7120.
7117.
7113.
7109.
7105.
7102.
7098.
7095.
7090.
7086.
7083.
7080.
7076.
7073.
7068.
7064.
7060.
7057.
7054.
7049.
7046.
7042.
7038.
7035.
7033.
7031.
7031.
7035.
7040.
7048.
7058.
7068.
7080.
7090.
7100.
7112.
7123.
7132.
7142.
7153.
7164.
7176.
7186.
7197.
7207.
7216.
7224.
7230.
7234.
7236.
7238.
7238.
7238.
7237.
7237.
7237.
7237.
7237.
7235.
7235.
7234.
7235.
7234.
7234.
7234.
7233.
7232.
7232.
7232.
7232.
7232.
7231.
7231.
7230.
7229.
7229.
7228.
7228.
7227.
7226.
7226.
7225.
7223.
7222.
7222.
7221.
7220.
7219.
7217.
7217.
7216.
7214.
7213.
7211.
7211.
7209.
7206.
7205.
7204.
7202.
7200.
7198.
7196.
7195.
7193.
7192.
7189.
7187.
7184.
7182.
7179.
7177.
7174.
7171.
7169.
7166.
7163.
7162.
7158.
7155.
7153.
7150.
7147.
7144.
7140.
7138.
7135.
7132.
7128.
7125.
7122.
7118.
7115.
7111.
7109.
7106.
7101.
7098.
7094.
7090.
7087.
7084.
7079.
7075.
7073.
7070.
7066.
7063.
7060.
7057.
7054.
7052.
7053.
7054.
7058.
7065.
7076.
7087.
7098.
7110.
7121.
7132.
7142.
7151.
7161.
7172.
7181.
7190.
7199.
7208.
7215.
7222.
7227.
7229.
7233.
7234.
7235.
7234.
7234.
7234.
7232.
7231.
7231.
7231.
7231.
7231.
7230.
7230.
7229.
7229.
7228.
7228.
7228.
7227.
7227.
7226.
7226.
7225.
7223.
7224.
7222.
7222.
7221.
7220.
7218.
7218.
7215.
7215.
7212.
7212.
7210.
7208.
7207.
7207.
7205.
7203.
7201.
7199.
7198.
7195.
7194.
7192.
7190.
7188.
7186.
7184.
7181.
7179.
7176.
7175.
7172.
7170.
7167.
7164.
7161.
7158.
7156.
7153.
7149.
7146.
7143.
7141.
7137.
7134.
7131.
7127.
7123.
7119.
7117.
7114.
7110.
7107.
7103.
7101.
7096.
7092.
7089.
7086.
7082.
7079.
7075.
7071.
7067.
7065.
7060.
7058.
7054.
7051.
7047.
7044.
7040.
7036.
7032.
7029.
7026.
7023.
7020.
7018.
7018.
7021.
7028.
7037.
7049.
7061.
7074.
7087.
7099.
7112.
7124.
7136.
7148.
7162.
7174.
7186.
7200.
7212.
7223.
7232.
7242.
7249.
7254.
7256.
7257.
7258.
7256.
7255.
7255.
7254.
7252.
7253.
7252.
7252.
7253.
7252.
7252.
7251.
7252.
7252.
7251.
7251.
7251.
7252.
7251.
7251.
7251.
7251.
7251.
7251.
7251.
7249.
7249.
7250.
7250.
7250.
7250.
7250.
7249.
7249.
7249.
7249.
7249.
7249.
7249.
7248.
7249.
7249.
7247.
7247.
7247.
7247.
7246.
7246.
7246.
7245.
7244.
7242.
7242.
7241.
7240.
7239.
7238.
7237.
7236.
7235.
7233.
7232.
7230.
7229.
7227.
7225.
7224.
7222.
7220.
7218.
7216.
7214.
7211.
7209.
7207.
7204.
7201.
7199.
7196.
7194.
7191.
7187.
7184.
7182.
7179.
7175.
7172.
7169.
7165.
7161.
7158.
7154.
7151.
7148.
7145.
7140.
7137.
7133.
7129.
7126.
7121.
7117.
7114.
7110.
7106.
7102.
7099.
7095.
7092.
7087.
7084.
7081.
7079.
7078.
7079.
7084.
7090.
7097.
7107.
7117.
7127.
7136.
7143.
7151.
7159.
7167.
7174.
7182.
7190.
7196.
7204.
7210.
7217.
7224.
7231.
7235.
7238.
7239.
7241.
7240.
7239.
7240.
7239.
7239.
7240.
7240.
7239.
7239.
7240.
7240.
7240.
7240.
7240.
7240.
7239.
7241.
7240.
7240.
7239.
7239.
7239.
7238.
7238.
7237.
7237.
7237.
7236.
7235.
7235.
7235.
7234.
7234.
7233.
7232.
7231.
7231.
7229.
7228.
7228.
7226.
7224.
7223.
7222.
7220.
7220.
7218.
7216.
7214.
7212.
7209.
7208.
7205.
7204.
7201.
7200.
7198.
7194.
7192.
7189.
7186.
7183.
7181.
7178.
7174.
7172.
7169.
7166.
7162.
7159.
7156.
7152.
7149.
7146.
7142.
7138.
7134.
7129.
7128.
7123.
7119.
7117.
7112.
7109.
7105.
7101.
7098.
7093.
7089.
7086.
7082.
7079.
7075.
7071.
7067.
7064.
7059.
7056.
7053.
7050.
7045.
7041.
7039.
7038.
7040.
7043.
7051.
7060.
7072.
7084.
7095.
7107.
7120.
7131.
7143.
7154.
7165.
7176.
7185.
7197.
7206.
7215.
7223.
7229.
7234.
7236.
7237.
7236.
7235.
7234.
7234.
7233.
7233.
7232.
7231.
7232.
7231.
7232.
7232.
7232.
7232.
7232.
7231.
7231.
7231.
7231.
7230.
7231.
7230.
7230.
7229.
7229.
7229.
7227.
7226.
7226.
7225.
7225.
7223.
7224.
7223.
7221.
7220.
7219.
7218.
7217.
7216.
7215.
7213.
7212.
7209.
7209.
7207.
7206.
7204.
7202.
7201.
7198.
7196.
7193.
7193.
7190.
7188.
7185.
7182.
7180.
7176.
7175.
7172.
7169.
7167.
7163.
7159.
7157.
7153.
7150.
7146.
7142.
7139.
7136.
7132.
7128.
7125.
7121.
7117.
7113.
7110.
7105.
7101.
7097.
7092.
7088.
7084.
7080.
7076.
7072.
7068.
7064.
7060.
7056.
7052.
7049.
7045.
7040.
7037.
7034.
7029.
7024.
7021.
7018.
7014.
7010.
7008.
7003.
6999.
6996.
6994.
6990.
6986.
6984.
6981.
6978.
6975.
6975.
6977.
6983.
6992.
7002.
7015.
7029.
7041.
7053.
7066.
7079.
7090.
7102.
7115.
7127.
7139.
7153.
7166.
7178.
7190.
7203.
7213.
7220.
7226.
7229.
7230.
7229.
7228.
7225.
7225.
7224.
7223.
7223.
7223.
7223.
7222.
7222.
7222.
7222.