7670.
7668.
7666.
7666.
7665.
7664.
7664.
7663.
7663.
7663.
7662.
7662.
7662.
7661.
7661.
7661.
7660.
7660.
7661.
7661.
7660.
7661.
7661.
7661.
7661.
7661.
7661.
7660.
7661.
7661.
7661.
7663.
7662.
7661.
7661.
7662.
7662.
7661.
7663.
7663.
7664.
7663.
7664.
7664.
7666.
7666.
7666.
7667.
7667.
7669.
7669.
7669.
7671.
7671.
7672.
7673.
7674.
7675.
7675.
7677.
7679.
7680.
7681.
7682.
7684.
7685.
7686.
7685.
7684.
7683.
7677.
7672.
7662.
7653.
7646.
7642.
7639.
7640.
7641.
7643.
7644.
7647.
7649.
7652.
7652.
7653.
7656.
7657.
7659.
7659.
7661.
7662.
7663.
7664.
7665.
7666.
7667.
7668.
7670.
7670.
7670.
7671.
7672.
7673.
7673.
7674.
7674.
7674.
7674.
7675.
7674.
7674.
7675.
7674.
7674.
7674.
7674.
7674.
7674.
7674.
7673.
7672.
7671.
7672.
7670.
7668.
7668.
7667.
7666.
7665.
7663.
7662.
7662.
7659.
7659.
7656.
7654.
7653.
7651.
7648.
7647.
7645.
7643.
7640.
7637.
7636.
7632.
7630.
7627.
7625.
7622.
7618.
7615.
7611.
7609.
7605.
7602.
7599.
7596.
7592.
7588.
7585.
7581.
7577.
7574.
7569.
7566.
7563.
7558.
7555.
7550.
7545.
7542.
7538.
7534.
7531.
7525.
7522.
7518.
7513.
7508.
7505.
7501.
7496.
7492.
7489.
7484.
7480.
7476.
7474.
7474.
7476.
7482.
7491.
7503.
7517.
7529.
7544.
7556.
7568.
7580.
7591.
7602.
7613.
7622.
7632.
7642.
7651.
7658.
7664.
7669.
7670.
7672.
7672.
7671.
7671.
7670.
7671.
7669.
7668.
7668.
7668.
7668.
7669.
7669.
7670.
7670.
7670.
7670.
7671.
7671.
7671.
7671.
7670.
7672.
7672.
7672.
7672.
7673.
7674.
7673.
7673.
7674.
7674.
7675.
7675.
7675.
7675.
7675.
7677.
7677.
7677.
7677.
7678.
7678.
7678.
7679.
7680.
7680.
7680.
7682.
7683.
7682.
7684.
7685.
7685.
7686.
7688.
7689.
7690.
7691.
7691.
7692.
7694.
7694.
7695.
7695.
7695.
7693.
7689.
7683.
7675.
7666.
7657.
7650.
7645.
7641.
7640.
7640.
7641.
7641.
7643.
7645.
7647.
7651.
7652.
7653.
7655.
7656.
7658.
7658.
7661.
7662.
7663.
7663.
7664.
7665.
7666.
7667.
7668.
7668.
7668.
7669.
7669.
7670.
7671.
7671.
7671.
7671.
7672.
7671.
7671.
7672.
7671.
7671.
7670.
7671.
7670.
7669.
7670.
7669.
7667.
7666.
7665.
7664.
7665.
7662.
7663.
7661.
7659.
7658.
7657.
7655.
7653.
7651.
7648.
7646.
7645.
7644.
7641.
7639.
7635.
7632.
7630.
7627.
7624.
7621.
7620.
7616.
7614.
7609.
7606.
7602.
7600.
7596.
7593.
7589.
7586.
7582.
7578.
7575.
7572.
7568.
7564.
7559.
7555.
7552.
7548.
7543.
7540.
7535.
7531.
7526.
7524.
7519.
7515.
7511.
7506.
7504.
7500.
7500.
7502.
7507.
7517.
7528.
7542.
7556.
7570.
7582.
7594.
7606.
7616.
7627.
7638.
7648.
7659.
7668.
7676.
7682.
7687.
7688.
7688.
7686.
7686.
7684.
7682.
7682.
7682.
7681.
7681.
7682.
7682.
7682.
7681.
7681.
7680.
7680.
7680.
7680.
7680.
7680.
7679.
7679.
7679.
7679.
7678.
7678.
7678.
7677.
7677.
7676.
7676.
7676.
7675.
7675.
7675.
7674.
7674.
7672.
7673.
7672.
7671.
7670.
7670.
7669.
7669.
7668.
7666.
7665.
7664.
7663.
7663.
7662.
7662.
7660.
7658.
7658.
7657.
7656.
7654.
7652.
7650.
7649.
7647.
7646.
7644.
7641.
7639.
7636.
7635.
7633.
7629.
7627.
7624.
7622.
7618.
7615.
7611.
7608.
7605.
7601.
7597.
7593.
7590.
7586.
7582.
7578.
7573.
7570.
7564.
7561.
7556.
7552.
7547.
7542.
7537.
7532.
7527.
7522.
7518.
7513.
7508.
7503.
7498.
7494.
7487.
7483.
7478.
7473.
7468.
7462.
7458.
7453.
7448.
7443.
7438.
7434.
7429.
7424.
7420.
7414.
7414.
7412.
7416.
7423.
7431.
7444.
7458.
7472.
7488.
7502.
7516.
7528.
7541.
7555.
7567.
7581.
7593.
7601.
7610.
7617.
7624.
7628.
7630.
7631.
7630.
7629.
7627.
7625.
7624.
7623.
7622.
7621.
7621.
7620.
7619.
7618.
7618.
7618.
7618.
7617.
7617.
7617.
7616.
7616.
7616.
7615.
7616.
7614.
7615.
7615.
7615.
7615.
7615.
7614.
7615.
7615.
7615.
7615.
7614.
7615.
7616.
7616.
7616.
7616.
7616.
7616.
7616.
7616.
7617.
7617.
7617.
7618.
7618.
7619.
7618.
7619.
7620.
7620.
7621.
7620.
7621.
7621.
7622.
7623.
7623.
7623.
7623.
7624.
7625.
7626.
7628.
7627.
7627.
7627.
7628.
7628.
7629.
7630.
7631.
7631.
7632.
7633.
7634.
7634.
7634.
7636.
7636.
7637.
7638.
7639.
7640.
7640.
7643.
7642.
7643.
7644.
7645.
7645.
7647.
7649.
7649.
7650.
7652.
7652.
7653.
7655.
7656.
7657.
7656.
7657.
7657.
7654.
7651.
7645.
7640.
7633.
7629.
7627.
7628.
7629.
7631.
7633.
7635.
7638.
7639.
7641.
7644.
7644.
7645.
7647.
7648.
7648.
7650.
7651.
7652.
7655.
7656.
7657.
7658.
7659.
7660.
7660.
7662.
7663.
7665.
7666.
7665.
7667.
7668.
7669.
7670.
7671.
7673.
7673.
7674.
7674.
7676.
7676.
7679.
7681.
7680.
7681.
7683.
7684.
7686.
7687.
7688.
7689.
7691.
7692.
7694.
7695.
7697.
7697.
7699.
7702.
7703.
7704.
7706.
7708.
7710.
7711.
7713.
7716.
7714.
7709.
7703.
7697.
7690.
7683.
7679.
7675.
7673.
7674.
7674.
7676.
7677.
7678.
7680.
7682.
7684.
7686.
7687.
7688.
7688.
7689.
7691.
7692.
7694.
7693.
7693.
7695.
7695.
7696.
7696.
7697.
7697.
7696.
7697.
7696.
7695.
7695.
7694.
7694.
7693.
7693.
7692.
7690.
7690.
7688.
7687.
7686.
7685.
7682.
7680.
7678.
7677.
7675.
7673.
7671.
7668.
7666.
7664.
7661.
7658.
7655.
7653.
7649.
7647.
7644.
7641.
7638.
7635.
7632.
7628.
7625.
7622.
7618.
7613.
7611.
7607.
7603.
7599.
7596.
7592.
7588.
7585.
7581.
7577.
7572.
7569.
7564.
7560.
7555.
7553.
7548.
7544.
7540.
7535.
7532.
7527.
7523.
7520.
7515.
7511.
7508.
7503.
7499.
7495.
7491.
7486.
7484.
7480.
7476.
7472.
7468.
7466.
7463.
7465.
7469.
7476.
7486.
7500.
7516.
7533.
7549.
7565.
7578.
7592.
7606.
7617.
7629.
7640.
7649.
7656.
7660.
7663.
7664.
7664.
7663.
7660.
7660.
7659.
7657.
7657.
7658.
7658.
7657.
7657.
7657.
7656.
7656.
7656.
7655.
7656.
7656.
7656.
7656.
7655.
7656.
7656.
7655.
7655.
7654.
7654.
7655.
7655.
7656.
7655.
7656.
7656.
7655.
7655.
7656.
7656.
7656.
7656.
7656.
7657.
7657.
7657.
7656.
7657.
7655.
7656.
7655.
7655.
7655.
7654.
7655.
7654.
7654.
7653.
7653.
7651.
7651.
7649.
7648.
7647.
7646.
7645.
7644.
7643.
7642.
7640.
7639.
7638.
7636.
7634.
7633.
7631.
7628.
7625.
7623.
7621.
7620.
7615.
7613.
7612.
7609.
7605.
7601.
7598.
7594.
7592.
7589.
7585.
7582.
7578.
7574.
7570.
7565.
7561.
7557.
7552.
7548.
7543.
7540.
7536.
7531.
7528.
7523.
7518.
7513.
7509.
7504.
7499.
7496.
7490.
7486.
7482.
7477.
7472.
7468.
7465.
7461.
7459.
7459.
7462.
7470.
7481.
7495.
7508.
7523.
7536.
7549.
7561.
7574.
7588.
7601.
7613.
7625.
7638.
7648.
7657.
7663.
7668.
7669.
7669.
7668.
7667.
7665.
7665.
7663.
7661.
7661.
7661.
7661.
7661.
7661.
7660.
7661.
7660.
7660.
7660.
7660.
7660.
7661.
7661.
7661.
7662.
7661.
7662.
7663.
7662.
7661.
7662.
7662.
7662.
7664.
7663.
7664.
7663.
7664.
7664.
7663.
7665.
7664.
7664.
7666.
7667.
7667.
7666.
7667.
7668.
7668.
7669.
7670.
7671.
7672.
7672.
7674.
7674.
7675.
7677.
7679.
7679.
7680.
7681.
7683.
7684.
7685.
7685.
7684.
7681.
7675.
7668.
7659.
7652.
7647.
7645.
7644.
7644.
7645.
7648.
7649.
7651.
7653.
7656.
7657.
7658.
7660.
7662.
7662.
7663.
7665.
7667.
7666.
7667.
7669.
7669.
7670.
7671.
7672.
7673.
7674.
7674.
7674.
7675.
7675.
7676.
7675.
7676.
7675.
7676.
7675.
7676.
7675.
7675.
7674.
7675.
7675.
7673.
7672.
7672.
7672.
7671.
7669.
7668.
7668.
7666.
7666.
7663.
7661.
7660.
7658.
7657.
7654.
7652.
7651.
7649.
7647.
7644.
7641.
7640.
7637.
7634.
7632.
7628.
7625.
7622.
7619.
7616.
7613.
7609.
7606.
7603.
7600.
7597.
7594.
7589.
7585.
7582.
7578.
7577.
7572.
7566.
7563.
7559.
7556.
7551.
7546.
7543.
7538.
7535.
7530.
7527.
7523.
7519.
7514.
7510.
7505.
7501.
7498.
7494.
7489.
7486.
7481.
7478.
7474.
7472.
7475.
7479.
7487.
7498.
7512.
7526.
7539.
7554.
7567.
7580.
7590.
7601.
7613.
7622.
7633.
7643.
7651.
7655.
7660.
7663.
7663.
7663.
7661.
7660.
7659.
7657.
7655.
7654.
7654.
7653.
7654.
7653.
7653.
7653.
7653.
7652.
7652.
7652.
7652.
7651.
7651.
7651.
7651.
7651.
7651.
7652.
7651.
7651.
7651.
7651.
7652.
7651.
7651.
7651.
7651.
7651.
7651.
7651.
7651.
7651.
7650.
7650.
7650.
7651.
7652.
7651.
7652.
7652.
7651.
7650.
7650.
7650.
7651.
7651.
7650.
7651.
7650.
7649.
7649.
7648.
7647.
7649.
7647.
7647.
7648.
7646.
7646.
7645.
7644.
7644.
7643.
7643.
7641.
7640.
7638.
7637.
7635.
7634.
7633.
7631.
7630.
7626.
7624.
7621.
7619.
7616.
7614.
7612.
7609.
7606.
7603.
7600.
7595.
7593.
7590.
7586.
7583.
7580.
7576.
7573.
7569.
7564.
7560.
7556.
7552.
7548.
7544.
7540.
7535.
7531.
7527.
7523.
7518.
7513.
7509.
7504.
7500.
7497.
7492.
7487.
7483.
7478.
7474.
7470.
7466.
7461.
7458.
7457.
7457.
7460.
7468.
7479.
7491.
7503.
7516.
7530.
7542.
7554.
7565.
7578.
7590.
7603.
7613.
7623.
7630.
7636.
7641.
7643.
7643.
7642.
7640.
7639.
7637.
7636.
7634.
7634.
7632.
7632.
7631.
7631.
7631.
7630.
7630.
7630.
7630.
7630.
7630.
7629.
7629.
7628.
7628.
7628.
7628.
7629.
7628.
7628.
7628.
7627.
7627.
7629.
7628.
7628.
7628.
7628.
7628.
7629.
7629.
7630.
7629.
7630.
7630.
7630.
7631.
7630.
7631.
7631.
7632.
7631.
7633.
7634.
7634.
7634.
7635.
7635.
7636.
7636.
7637.
7637.
7638.
7639.
7640.
7640.
7641.
7643.
7643.
7643.
7644.
7646.
7647.
7647.
7648.
7649.
7652.
7652.
7653.
7654.
7654.
7656.
7658.
7659.
7660.
7662.
7664.
7666.
7667.
7667.
7669.
7671.
7673.
7674.
7673.
7672.
7667.
7661.
7652.
7645.
7639.
7635.
7633.
7634.
7635.
7637.
7640.
7643.
7644.
7646.
7648.
7649.
7651.
7651.
7653.
7654.
7656.
7657.
7657.
7657.
7659.
7660.
7661.
7663.
7663.
7664.
7664.
7664.
7665.
7665.
7665.
7667.
7668.
7667.
7667.
7668.
7668.
7668.
7667.
7668.
7668.
7667.
7667.
7667.
7667.
7666.
7666.
7666.
7666.
7664.
7663.
7662.
7661.
7661.
7660.
7660.
7658.
7657.
7656.
7654.
7652.
7652.
7650.
7648.
7646.
7645.
7643.
7641.
7639.
7637.
7635.
7632.
7630.
7628.
7624.
7623.
7620.
7617.
7614.
7612.
7609.
7605.
7603.
7600.
7596.
7593.
7589.
7585.
7582.
7579.
7575.
7572.
7568.
7565.
7562.
7557.
7554.
7550.
7547.
7543.
7539.
7535.
7532.
7529.
7523.
7520.
7516.
7512.
7509.
7505.
7501.
7498.
7495.
7492.
7492.
7495.
7502.
7509.
7520.
7533.
7547.
7560.
7573.
7585.
7596.
7607.
7617.
7627.
7638.
7646.
7652.
7657.
7659.
7662.
7661.
7661.
7661.
7659.
7658.
7657.
7655.
7656.
7656.
7656.
7655.
7655.
7655.
7655.
7655.
7655.
7655.
7655.
7655.
7656.
7656.
7655.
7656.
7656.
7655.
7655.
7656.
7655.
7656.
7655.
7655.
7656.
7656.
7657.
7656.
7656.
7656.
7657.
7658.
7656.
7657.
7657.
7658.
7659.
7658.
7658.
7658.
7658.
7658.
7659.
7659.
7660.
7659.
7660.
7659.
7660.
7660.
7660.
7659.
7658.
7659.
7660.
7660.
7660.
7660.
7659.
7659.
7659.
7659.
7659.
7657.
7657.
7656.
7658.
7657.
7655.
7654.
7655.
7653.
7653.
7652.
7652.
7652.
7649.
7648.
7648.
7646.
7646.
7644.
7641.
7641.
7639.
7636.
7635.
7633.
7631.
7629.
7626.
7624.
7621.
7619.
7616.
7614.
7611.
7608.
7605.
7602.
7599.
7596.
7593.
7589.
7586.
7582.
7579.
7576.
7572.
7568.
7565.
7561.
7557.
7552.
7550.
7548.
7543.
7539.
7534.
7531.
7528.
7523.
7519.
7516.
7513.
7509.
7504.
7500.
7500.
7502.
7506.
7514.
7523.
7535.
7546.
7557.
7569.
7579.
7589.
7598.
7607.
7616.
7623.
7631.
7636.
7642.
7646.
7650.
7652.
7653.
7654.
7654.
7654.
7653.
7652.
7651.
7652.
7652.
7651.
7650.
7651.
7650.
7651.
7651.
7651.
7651.
7651.
7651.
7651.
7651.
7652.
7651.
7652.
7651.
7652.
7652.
7652.
7651.
7651.
7652.
7652.
7651.
7651.
7652.
7652.
7652.
7652.
7653.
7652.
7652.
7651.
7652.
7652.
7651.
7651.
7651.
7651.
7651.
7650.
7651.
7650.
7651.
7649.
7650.
7649.
7649.
7646.
7646.
7646.
7646.
7645.
7644.
7644.
7642.
7641.
7640.
7639.
7639.
7637.
7635.
7635.
7633.
7631.
7629.
7627.
7625.
7622.
7621.
7619.
7617.
7614.
7612.
7609.
7606.
7603.
7601.
7598.
7596.
7592.
7589.
7586.
7583.
7579.
7576.
7573.
7570.
7565.
7561.
7557.
7554.
7550.
7547.
7542.
7538.
7534.
7531.
7528.
7523.
7520.
7516.
7513.
7510.
7510.
7513.
7519.
7527.
7537.
7547.
7557.
7567.
7577.
7587.
7598.
7607.
7615.
7623.
7632.
7639.
7646.
7652.
7658.
7662.
7664.
7664.
7663.
7663.
7661.
7661.
7660.
7660.
7660.
7660.
7659.
7659.
7659.
7659.
7659.
7659.
7660.
7660.
7660.
7660.
7660.
7660.
7659.
7661.
7661.
7661.
7660.
7661.
7662.
7662.
7662.
7662.
7663.
7662.
7662.
7663.
7664.
7664.
7665.
7663.
7664.
7664.
7664.
7665.
7665.
7665.
7666.
7667.
7667.
7666.
7666.
7667.
7668.
7668.
7669.
7669.
7669.
7670.
7670.
7671.
7671.
7672.
7673.
7674.
7674.
7675.
7676.
7676.
7677.
7677.
7679.
7680.
7681.
7682.
7682.
7682.
7681.
7677.
7672.
7666.
7660.
7655.
7651.
7649.
7649.
7649.
7650.
7652.
7653.
7654.
7655.
7657.
7659.
7659.
7660.
7661.
7663.
7662.
7663.
7663.
7665.
7666.
7666.
7666.
7667.
7667.
7667.
7668.
7667.
7667.
7667.
7668.
7668.
7668.
7667.
7666.
7666.
7665.
7664.
7664.
7662.
7662.
7662.
7660.
7659.
7658.
7657.
7655.
7655.
7653.
7651.
7649.
7647.
7645.
7644.
7643.
7640.
7638.
7635.
7633.
7630.
7628.
7626.
7623.
7620.
7617.
7615.
7611.
7609.
7606.
7603.
7601.
7597.
7593.
7591.
7588.
7585.
7581.
7579.
7574.
7571.
7566.
7563.
7559.
7556.
7552.
7549.
7545.
7541.
7538.
7534.
7530.
7527.
7523.
7519.
7515.
7512.
7508.
7504.
7501.
7499.
7498.
7500.
7506.
7515.
7526.
7539.
7552.
7564.
7576.
7587.
7597.
7606.
7616.
7627.
7637.
7646.
7655.
7660.
7665.
7667.
7668.
7668.
7666.
7665.
7664.
7664.
7663.
7662.
7662.
7661.
7662.
7662.
7661.
7662.
7662.
7661.
7661.
7661.
7661.
7661.
7663.
7662.
7661.
7662.
7662.
7663.
7663.
7663.
7663.
7663.
7664.
7663.
7663.
7663.
7663.
7665.
7664.
7667.
7666.
7665.
7667.
7667.
7668.
7669.
7670.
7670.
7671.
7673.
7673.
7674.
7674.
7675.
7676.
7677.
7678.
7679.
7680.
7681.
7682.
7684.
7685.
7683.
7683.
7678.
7673.
7667.
7659.
7653.
7649.
7645.
7644.
7644.
7645.
7646.
7647.
7648.
7650.
7651.
7653.
7654.
7655.
7656.
7658.
7658.
7659.
7659.
7660.
7661.
7662.
7663.
7663.
7663.
7665.
7665.
7664.
7664.
7665.
7665.
7665.
7664.
7665.
7665.
7664.
7665.
7664.
7663.
7662.
7662.
7663.
7661.
7661.
7660.
7658.
7657.
7655.
7655.
7653.
7652.
7650.
7649.
7648.
7646.
7644.
7643.
7640.
7638.
7636.
7633.
7631.
7630.
7627.
7625.
7621.
7619.
7616.
7614.
7612.
7608.
7604.
7602.
7599.
7597.
7592.
7590.
7586.
7582.
7579.
7576.
7574.
7569.
7566.
7562.
7559.
7555.
7552.
7548.
7544.
7541.
7537.
7533.
7530.
7527.
7523.
7518.
7514.
7512.
7507.
7503.
7500.
7497.
7493.
7489.
7486.
7486.
7485.
7490.
7496.
7506.
7518.
7531.
7543.
7556.
7567.
7579.
7588.
7599.
7606.
7615.
7623.
7631.
7639.
7647.
7654.
7658.
7661.
7662.
7662.
7661.
7660.
7659.
7659.
7660.
7657.
7656.
7657.
7657.
7657.
7656.
7657.
7657.
7656.
7657.
7656.
7656.
7658.
7657.
7656.
7658.
7657.
7658.
7658.
7657.
7659.
7659.
7660.
7659.
7660.
7659.
7661.
7661.
7660.
7661.
7661.
7661.
7661.
7662.
7663.
7662.
7663.
7664.
7665.
7664.
7665.
7665.
7666.
7667.
7666.
7668.
7669.
7670.
7670.
7670.
7671.
7673.
7673.
7674.
7674.
7675.
7676.
7677.
7678.
7678.
7680.
7682.
7682.
7684.
7683.
7684.
7684.
7682.
7678.
7672.
7667.
7662.
7656.
7653.
7651.
7652.
7653.
7655.
7655.
7657.
7659.
7659.
7661.
7661.
7661.
7663.
7664.
7663.
7664.
7665.
7665.
7665.
7665.
7666.
7667.
7668.
7667.
7667.
7666.
7666.
7666.
7667.
7666.
7665.
7664.
7665.
7663.
7663.
7662.
7661.
7660.
7660.
7658.
7657.
7655.
7653.
7652.
7650.
7649.
7648.
7646.
7643.
7641.
7640.
7637.
7634.
7632.
7630.
7628.
7626.
7623.
7621.
7618.
7616.
7612.
7610.
7608.
7603.
7601.
7598.
7594.
7592.
7588.
7586.
7582.
7580.
7576.
7573.
7570.
7566.
7563.
7560.
7556.
7554.
7550.
7546.