74.
75.
75.
73.
72.
73.
74.
75.
76.
78.
75.
76.
75.
75.
78.
76.
79.
76.
78.
78.
78.
76.
79.
78.
78.
78.
80.
78.
79.
80.
80.
81.
81.
80.
81.
83.
83.
84.
84.
85.
84.
85.
84.
85.
85.
87.
85.
86.
87.
89.
89.
91.
90.
90.
92.
91.
91.
92.
93.
93.
92.
93.
95.
95.
95.
95.
96.
96.
96.
96.
95.
95.
95.
94.
94.
93.
93.
94.
95.
92.
93.
96.
95.
96.
95.
95.
94.
96.
96.
98.
99.
97.
98.
100.
98.
99.
98.
97.
98.
98.
98.
98.
97.
98.
98.
98.
97.
96.
95.
96.
97.
97.
96.
95.
98.
97.
96.
96.
97.
96.
96.
94.
97.
95.
95.
95.
94.
94.
96.
95.
94.
92.
94.
95.
94.
95.
93.
93.
93.
93.
91.
94.
93.
91.
91.
92.
91.
91.
94.
95.
97.
95.
96.
95.
97.
96.
95.
97.
95.
94.
94.
94.
93.
92.
93.
95.
92.
92.
93.
93.
94.
95.
93.
95.
95.
95.
95.
96.
97.
97.
97.
96.
97.
97.
98.
100.
98.
97.
102.
101.
100.
102.
101.
103.
102.
104.
104.
104.
102.
103.
105.
106.
106.
106.
106.
108.
108.
111.
112.
111.
111.
111.
112.
114.
113.
116.
115.
116.
120.
119.
119.
121.
121.
123.
125.
125.
129.
129.
127.
128.
130.
131.
132.
135.
137.
138.
142.
143.
147.
148.
154.
156.
160.
163.
167.
173.
176.
180.
186.
190.
197.
202.
205.
214.
220.
225.
232.
240.
246.
253.
260.
268.
275.
284.
293.
301.
309.
320.
329.
337.
348.
358.
369.
378.
389.
400.
412.
423.
435.
446.
460.
469.
482.
495.
507.
521.
533.
547.
560.
574.
587.
600.
614.
628.
641.
655.
670.
682.
696.
712.
726.
738.
751.
764.
781.
794.
807.
818.
833.
848.
860.
875.
885.
898.
910.
921.
931.
940.
949.
956.
962.
971.
978.
985.
992.
996.
1001.
1006.
1010.
1015.
1018.
1018.
1021.
1022.
1022.
1023.
1021.
1021.
1019.
1016.
1014.
1011.
1009.
1005.
1001.
998.
991.
986.
981.
976.
968.
960.
955.
948.
937.
928.
918.
909.
899.
888.
878.
870.
856.
842.
832.
825.
809.
792.
782.
769.
753.
737.
724.
713.
698.
683.
666.
651.
635.
620.
604.
588.
570.
554.
538.
519.
502.
486.
468.
451.
431.
415.
397.
380.
362.
341.
325.
305.
288.
270.
251.
233.
216.
199.
179.
159.
140.
117.
98.
79.
58.
38.
20.
2.
-16.
-34.
-48.
-65.
-81.
-98.
-116.
-132.
-146.
-162.
-181.
-196.
-215.
-228.
-244.
-259.
-273.
-290.
-303.
-318.
-333.
-348.
-360.
-373.
-386.
-399.
-410.
-420.
-432.
-444.
-456.
-464.
-475.
-487.
-496.
-502.
-512.
-518.
-525.
-532.
-538.
-545.
-548.
-556.
-560.
-564.
-566.
-571.
-575.
-579.
-581.
-582.
-584.
-587.
-590.
-592.
-598.
-603.
-603.
-605.
-609.
-611.
-611.
-609.
-607.
-605.
-607.
-601.
-598.
-593.
-588.
-582.
-578.
-570.
-563.
-559.
-552.
-544.
-536.
-527.
-520.
-512.
-504.
-493.
-484.
-476.
-463.
-454.
-443.
-434.
-421.
-410.
-399.
-388.
-375.
-360.
-349.
-338.
-321.
-309.
-295.
-280.
-266.
-250.
-234.
-219.
-202.
-186.
-168.
-153.
-136.
-121.
-101.
-86.
-67.
-49.
-32.
-14.
4.
23.
40.
59.
81.
100.
117.
135.
155.
176.
196.
215.
236.
255.
273.
294.
314.
335.
357.
378.
399.
420.
438.
458.
479.
500.
521.
541.
562.
583.
600.
622.
642.
662.
682.
703.
721.
739.
760.
780.
798.
817.
837.
856.
873.
891.
908.
926.
944.
963.
977.
996.
1009.
1026.
1041.
1055.
1071.
1082.
1094.
1109.
1121.
1134.
1146.
1157.
1168.
1180.
1190.
1199.
1210.
1219.
1228.
1235.
1243.
1250.
1257.
1264.
1269.
1275.
1282.
1283.
1290.
1295.
1299.
1299.
1302.
1307.
1310.
1308.
1310.
1312.
1310.
1310.
1309.
1309.
1308.
1305.
1303.
1300.
1298.
1295.
1290.
1287.
1281.
1277.
1273.
1266.
1259.
1250.
1244.
1236.
1226.
1216.
1206.
1199.
1189.
1177.
1168.
1158.
1144.
1132.
1117.
1110.
1096.
1082.
1068.
1055.
1040.
1027.
1011.
997.
981.
965.
949.
933.
917.
900.
882.
863.
846.
828.
809.
793.
773.
753.
734.
714.
694.
676.
655.
632.
610.
591.
570.
548.
527.
506.
483.
461.
439.
417.
396.
371.
350.
329.
307.
287.
264.
241.
219.
195.
173.
151.
129.
105.
82.
60.
39.
15.
-8.
-30.
-52.
-75.
-95.
-120.
-140.
-159.
-181.
-202.
-223.
-245.
-264.
-282.
-302.
-322.
-341.
-357.
-376.
-391.
-410.
-423.
-442.
-455.
-468.
-481.
-497.
-510.
-519.
-531.
-541.
-555.
-564.
-574.
-583.
-591.
-599.
-605.
-612.
-619.
-626.
-629.
-635.
-640.
-644.
-644.
-648.
-649.
-649.
-649.
-649.
-651.
-650.
-649.
-647.
-644.
-644.
-641.
-637.
-634.
-630.
-626.
-621.
-617.
-611.
-604.
-599.
-594.
-587.
-577.
-570.
-561.
-553.
-544.
-535.
-528.
-519.
-508.
-495.
-485.
-472.
-463.
-450.
-440.
-428.
-414.
-402.
-388.
-374.
-363.
-349.
-332.
-317.
-302.
-285.
-269.
-255.
-238.
-222.
-203.
-187.
-169.
-150.
-134.
-118.
-98.
-80.
-61.
-42.
-20.
-2.
18.
39.
56.
75.
97.
116.
134.
156.
178.
199.
216.
238.
259.
278.
300.
322.
343.
362.
383.
403.
422.
441.
459.
478.
495.
513.
530.
548.
570.
586.
606.
624.
644.
662.
684.
704.
727.
749.
766.
786.
807.
826.
843.
862.
881.
898.
915.
932.
949.
965.
980.
997.
1014.
1028.
1045.
1060.
1074.
1086.
1099.
1112.
1128.
1140.
1152.
1164.
1177.
1185.
1196.
1207.
1216.
1226.
1235.
1244.
1252.
1258.
1265.
1271.
1279.
1283.
1289.
1293.
1299.
1303.
1305.
1307.
1311.
1311.
1313.
1314.
1314.
1313.
1312.
1310.
1310.
1306.
1303.
1302.
1295.
1293.
1290.
1285.
1283.
1279.
1276.
1271.
1270.
1263.
1259.
1250.
1244.
1232.
1224.
1214.
1204.
1190.
1179.
1164.
1155.
1140.
1124.
1110.
1096.
1079.
1064.
1048.
1035.
1017.
1000.
983.
966.
950.
930.
911.
893.
874.
853.
834.
813.
793.
773.
751.
729.
706.
687.
665.
642.
621.
600.
577.
551.
528.
508.
485.
460.
439.
415.
390.
366.
339.
318.
294.
272.
246.
225.
202.
177.
157.
135.
112.
91.
66.
45.
22.
0.
-23.
-44.
-65.
-85.
-105.
-128.
-148.
-168.
-186.
-206.
-227.
-247.
-264.
-283.
-299.
-317.
-333.
-350.
-367.
-381.
-398.
-413.
-429.
-439.
-452.
-467.
-484.
-493.
-503.
-516.
-525.
-537.
-548.
-557.
-566.
-576.
-582.
-590.
-597.
-604.
-610.
-616.
-619.
-626.
-630.
-636.
-639.
-641.
-645.
-649.
-651.
-651.
-654.
-653.
-654.
-654.
-656.
-656.
-654.
-652.
-651.
-648.
-644.
-642.
-641.
-637.
-635.
-626.
-624.
-621.
-618.
-611.
-606.
-599.
-594.
-588.
-582.
-575.
-567.
-560.
-554.
-544.
-536.
-528.
-516.
-508.
-500.
-490.
-478.
-470.
-458.
-446.
-435.
-422.
-410.
-397.
-385.
-372.
-356.
-344.
-332.
-317.
-302.
-288.
-276.
-260.
-246.
-229.
-214.
-201.
-184.
-166.
-151.
-135.
-117.
-99.
-82.
-60.
-42.
-23.
-1.
18.
38.
60.
80.
102.
122.
143.
164.
184.
207.
228.
248.
270.
291.
313.
336.
357.
379.
402.
423.
446.
468.
490.
514.
537.
558.
581.
603.
625.
648.
671.
690.
713.
737.
755.
778.
799.
819.
839.
860.
878.
899.
918.
934.
952.
971.
989.
1006.
1021.
1038.
1055.
1070.
1084.
1099.
1113.
1127.
1140.
1156.
1167.
1181.
1192.
1203.
1213.
1226.
1236.
1247.
1257.
1266.
1273.
1281.
1291.
1298.
1305.
1312.
1316.
1321.
1328.
1330.
1334.
1336.
1337.
1339.
1340.
1340.
1340.
1343.
1344.
1346.
1347.
1347.
1346.
1344.
1338.
1333.
1329.
1324.
1319.
1314.
1306.
1300.
1294.
1285.
1278.
1267.
1260.
1250.
1242.
1230.
1219.
1212.
1200.
1187.
1173.
1166.
1156.
1139.
1124.
1111.
1101.
1088.
1073.
1059.
1043.
1028.
1010.
997.
982.
966.
951.
935.
917.
898.
882.
863.
846.
825.
808.
790.
770.
751.
731.
713.
691.
671.
650.
630.
608.
589.
568.
546.
523.
502.
483.
463.
441.
419.
399.
380.
358.
338.
317.
295.
276.
256.
235.
215.
195.
175.
154.
134.
114.
95.
73.
53.
34.
15.
-2.
-21.
-42.
-58.
-78.
-96.
-114.
-131.
-147.
-167.
-182.
-199.
-216.
-233.
-244.
-261.
-277.
-292.
-302.
-314.
-330.
-345.
-352.
-368.
-381.
-393.
-401.
-413.
-424.
-434.
-443.
-453.
-463.
-473.
-481.
-488.
-495.
-505.
-512.
-518.
-526.
-531.
-536.
-541.
-546.
-552.
-556.
-561.
-563.
-567.
-571.
-574.
-578.
-579.
-580.
-582.
-584.
-586.
-584.
-585.
-583.
-583.
-582.
-581.
-581.
-579.
-577.
-572.
-571.
-568.
-565.
-563.
-558.
-555.
-552.
-547.
-541.
-535.
-531.
-525.
-518.
-511.
-507.
-499.
-492.
-482.
-475.
-468.
-460.
-451.
-442.
-435.
-422.
-411.
-401.
-388.
-375.
-363.
-354.
-341.
-329.
-316.
-303.
-288.
-278.
-261.
-247.
-231.
-216.
-199.
-184.
-170.
-154.
-136.
-120.
-103.
-87.
-68.
-51.
-33.
-16.
4.
20.
39.
59.
80.
100.
120.
139.
158.
180.
199.
222.
241.
263.
282.
306.
327.
348.
371.
392.
416.
440.
464.
485.
508.
533.
556.
580.
604.
627.
651.
674.
700.
724.
747.
770.
794.
818.
841.
863.
886.
908.
928.
950.
971.
993.
1013.
1032.
1053.
1072.
1091.
1111.
1130.
1149.
1170.
1187.
1206.
1224.
1241.
1257.
1272.
1290.
1306.
1319.
1336.
1347.
1363.
1375.
1388.
1404.
1415.
1427.
1440.
1448.
1457.
1466.
1475.
1483.
1490.
1495.
1501.
1508.
1514.
1519.
1523.
1526.
1528.
1532.
1533.
1535.
1537.
1538.
1538.
1538.
1534.
1537.
1537.
1533.
1531.
1527.
1526.
1521.
1517.
1514.
1508.
1505.
1501.
1493.
1487.
1481.
1476.
1466.
1458.
1452.
1443.
1432.
1425.
1413.
1404.
1393.
1384.
1375.
1359.
1346.
1334.
1324.
1310.
1297.
1280.
1268.
1251.
1237.
1224.
1208.
1194.
1176.
1163.
1144.
1126.
1110.
1094.
1075.
1057.
1040.
1022.
1002.
985.
968.
948.
928.
907.
890.
869.
848.
827.
808.
787.
763.
742.
719.
695.
676.
650.
626.
602.
580.
555.
530.
504.
479.
447.
418.
393.
366.
342.
320.
299.
279.
256.
236.
214.
194.
175.
154.
134.
114.
97.
76.
56.
39.
20.
2.
-16.
-32.
-49.
-65.
-80.
-97.
-112.
-128.
-142.
-156.
-169.
-182.
-197.
-206.
-219.
-233.
-242.
-252.
-264.
-274.
-284.
-292.
-299.
-307.
-315.
-321.
-328.
-334.
-342.
-346.
-351.
-356.
-361.
-365.
-371.
-376.
-380.
-383.
-388.
-389.
-391.
-392.
-391.
-392.
-393.
-392.
-390.
-388.
-387.
-383.
-383.
-378.
-373.
-372.
-367.
-362.
-357.
-351.
-346.
-339.
-331.
-327.
-319.
-313.
-305.
-296.
-288.
-282.
-271.
-261.
-252.
-244.
-233.
-222.
-210.
-199.
-188.
-178.
-167.
-154.
-141.
-128.
-118.
-102.
-89.
-74.
-62.
-46.
-31.
-19.
-2.
15.
28.
45.
60.
77.
92.
109.
127.
145.
162.
180.
197.
215.
234.
254.
271.
291.
311.
330.
352.
371.
391.
411.
433.
453.
475.
496.
518.
539.
558.
579.
602.
623.
646.
667.
687.
710.
733.
755.
773.
795.
818.
840.
860.
882.
903.
924.
943.
963.
984.
1007.
1026.
1046.
1065.
1082.
1101.
1119.
1134.
1153.
1169.
1185.
1201.
1217.
1230.
1245.
1257.
1271.
1283.
1295.
1309.
1320.
1330.
1340.
1352.
1363.
1369.
1380.
1386.
1394.
1400.
1406.
1414.
1419.
1422.
1428.
1433.
1437.
1440.
1439.
1438.
1442.
1443.
1442.
1444.
1443.
1440.
1439.
1438.
1436.
1431.
1428.
1423.
1420.
1417.
1410.
1405.
1400.
1393.
1388.
1380.
1374.
1365.
1357.
1349.
1341.
1332.
1320.
1311.
1304.
1292.
1283.
1270.
1261.
1247.
1238.
1222.
1213.
1203.
1189.
1175.
1165.
1153.
1139.
1125.
1113.
1097.
1083.
1067.
1049.
1032.
1016.
1001.
984.
967.
952.
935.
917.
899.
881.
862.
844.
826.
809.
790.
771.
751.
731.
712.
692.
673.
655.
635.
615.
595.
576.
555.
535.
515.
493.
473.
453.
430.
412.
390.
367.
347.
323.
302.
281.
261.
239.
220.
200.
178.
160.
141.
121.
101.
82.
62.
43.
25.
9.
-10.
-26.
-42.
-60.
-78.
-92.
-107.
-123.
-139.
-153.
-169.
-183.
-198.
-208.
-222.
-234.
-249.
-259.
-271.
-280.
-289.
-298.
-310.
-319.
-327.
-334.
-342.
-351.
-355.
-361.
-367.
-372.
-376.
-381.
-383.
-386.
-390.
-392.
-391.
-394.
-393.
-393.
-395.
-394.
-392.
-392.
-390.
-388.
-386.
-383.
-378.
-376.
-370.
-366.
-364.
-359.
-354.
-348.
-342.
-338.
-329.
-323.
-312.
-306.
-299.
-291.
-282.
-272.
-262.
-254.
-245.
-234.
-225.
-214.
-204.
-193.
-181.
-169.
-160.
-146.
-134.
-122.
-109.
-96.
-84.
-71.
-56.
-42.
-27.
-12.
2.
15.
28.
47.
61.
74.
92.
108.
122.
139.
155.
174.
187.
205.
221.
239.
256.
274.
291.
309.
327.
342.
361.
381.
398.
417.
435.
454.
472.
493.
512.
531.
549.
567.
588.
610.
626.
648.
665.
688.
705.
727.
746.
765.
783.
801.
818.
837.
856.
871.
889.
908.
924.
943.
961.
978.
995.
1011.
1027.
1044.
1059.
1075.
1093.
1109.
1125.
1140.
1152.
1169.
1182.
1199.
1210.
1223.
1236.
1248.
1261.
1271.
1280.
1289.
1299.
1307.
1316.
1324.
1331.
1338.
1343.
1345.
1351.
1357.
1360.
1363.
1366.
1368.
1373.
1375.
1377.
1378.
1380.
1380.
1383.
1382.
1382.
1379.
1378.
1380.
1379.
1375.
1373.
1372.
1368.
1364.
1359.
1357.
1353.
1344.
1340.
1336.
1331.
1323.
1317.
1311.
1304.
1298.
1289.
1283.
1273.
1265.
1257.
1247.
1239.
1227.
1217.
1207.
1197.
1186.
1174.
1167.
1151.
1141.
1126.
1116.
1105.
1089.
1078.
1066.
1055.
1041.
1026.
1014.
997.
983.
965.
947.
926.
908.
892.
871.
856.
839.
822.
804.
791.
772.
754.
740.
720.
702.
684.
666.
649.
630.
610.
592.
573.
553.
532.
514.
493.
474.
453.
434.
414.
394.
373.
352.
334.
312.
293.
275.
253.
233.
214.
196.
176.
158.
138.
118.
99.
81.
62.
44.
28.
11.
-9.
-23.
-41.
-57.
-73.
-89.
-104.
-120.
-134.
-147.
-161.
-174.
-189.
-201.
-214.
-228.
-240.
-250.
-263.
-277.
-286.
-296.
-307.
-318.
-328.
-339.
-350.
-362.
-369.
-378.
-390.
-398.
-408.
-416.
-422.
-430.
-436.
-440.
-448.
-450.
-453.
-456.
-460.
-462.
-464.
-465.
-466.
-468.
-469.
-468.
-470.
-468.
-467.
-467.
-464.
-466.
-465.
-462.
-459.
-454.
-450.
-448.
-445.
-439.
-435.
-431.
-427.
-420.
-416.
-409.
-402.
-397.
-391.
-381.
-376.
-369.
-361.
-352.
-344.
-333.
-326.
-315.
-308.
-298.
-290.
-276.
-267.
-257.
-244.
-232.
-221.
-210.
-198.
-185.
-176.
-161.
-148.
-133.
-120.
-109.
-93.
-81.
-67.
-52.
-36.
-23.
-10.
7.
23.
40.
56.
71.
88.
104.
121.
139.
158.
176.
192.
208.
227.
245.
264.
283.
300.
319.
339.
357.
377.
396.
414.
434.
452.
474.
494.
511.
532.
553.
569.
590.
610.
630.
651.
670.
690.
711.
727.
748.
769.
789.
807.
826.
845.
865.
881.
902.
918.
939.
955.
971.
990.
1009.
1025.
1041.
1058.
1075.
1089.
1106.
1120.
1136.
1150.
1167.
1181.
1196.
1207.
1220.
1234.
1247.
1259.
1271.
1283.
1294.
1302.
1315.
1326.
1337.
1348.
1356.
1366.
1379.
1385.
1395.
1404.
1414.
1420.
1427.
1435.
1445.
1452.
1457.
1465.
1470.
1476.
1480.
1485.
1490.
1493.
1498.
1503.
1505.
1508.
1512.
1512.
1516.
1517.
1519.
1520.
1519.
1520.
1520.
1521.
1525.
1522.
1523.
1523.
1522.
1521.
1520.
1521.
1519.
1515.
1513.
1512.
1510.
1507.
1503.
1500.
1495.
1493.
1485.
1483.
1478.
1472.
1466.
1461.
1454.
1447.
1438.
1431.
1422.
1414.
1405.
1395.
1387.
1376.
1363.
1353.
1343.
1328.
1315.
1301.
1292.
1277.
1261.
1248.
1234.
1218.
1203.
1185.
1169.
1151.
1133.
1110.
1088.
1066.
1047.
1022.
1004.
981.
961.
941.
922.
898.
877.
855.
832.
809.
784.
761.
738.
714.
689.
662.
639.
613.
588.
563.
538.
514.
486.
464.
438.
411.
388.
362.
337.
312.
284.
258.
235.
207.
186.
162.
135.
111.
88.
65.
42.
19.
-5.
-27.
-48.
-69.
-90.
-110.
-129.
-150.
-169.
-188.
-205.
-223.
-240.
-258.
-275.
-291.
-308.
-322.
-334.
-347.
-365.
-375.
-387.
-398.
-410.
-420.
-427.
-438.
-445.
-452.
-459.
-466.
-469.
-476.
-479.
-483.
-487.
-491.
-491.
-494.
-492.
-492.
-490.
-491.
-488.
-484.
-481.
-477.
-474.
-470.
-466.
-461.
-452.
-448.
-444.
-437.
-428.
-421.
-413.
-405.
-399.
-392.
-383.
-376.
-369.
-361.
-351.
-343.
-334.
-323.
-313.
-303.
-289.
-277.
-264.
-252.
-238.
-222.
-206.
-190.
-173.
-156.
-139.
-123.
-103.
-86.
-67.
-50.
-33.
-14.
5.
25.
46.
66.
84.
104.
126.
146.
168.
188.
209.
230.
252.
273.
294.
315.
335.
358.
379.
402.
425.
446.
469.
490.
514.
536.
559.
583.
604.
627.
650.
672.
695.
716.
738.
760.
781.
804.
825.
845.
866.
886.
908.
929.
950.
969.
990.
1007.
1029.
1048.
1067.
1086.
1107.
1123.
1143.
1161.
1179.
1196.
1212.
1232.
1250.
1267.
1283.
1299.
1314.
1330.
1343.
1359.
1375.
1387.
1401.
1412.
1425.
1437.
1447.
1456.
1469.
1474.
1482.
1490.
1499.
1506.
1512.
1517.
1523.
1527.
1532.
1536.
1539.
1542.
1544.
1546.
1549.
1548.
1547.
1547.
1546.
1544.
1540.
1539.
1536.
1533.
1527.
1522.
1516.
1509.
1502.
1496.
1489.
1478.
1471.
1459.
1449.
1437.
1425.
1414.
1400.
1385.
1372.
1356.
1341.
1324.
1307.
1291.
1274.
1255.
1237.
1216.
1195.
1174.
1154.
1134.
1111.
1088.
1065.
1042.
1019.
995.
973.
948.
921.
896.
873.
849.
822.
799.
772.
743.
718.
690.
662.
636.
607.
580.
554.
523.
496.
469.
442.
414.
387.
360.
332.
306.
280.
254.
228.
200.
177.
151.
122.
93.
64.
35.
8.
-20.
-43.
-67.
-89.
-114.
-133.
-151.
-171.
-189.
-207.
-228.
-244.
-260.
-276.
-292.
-307.
-323.
-331.
-344.
-358.
-370.
-379.
-390.
-398.
-408.
-415.
-422.
-430.
-434.
-441.
-447.
-450.
-455.
-455.
-458.
-459.
-461.
-459.
-460.
-459.
-460.
-458.
-457.
-453.
-451.
-447.
-443.
-440.
-437.
-430.
-424.
-420.
-413.
-404.
-401.
-394.
-387.
-378.
-369.
-361.
-354.
-343.
-335.
-326.
-315.
-304.
-294.
-283.
-274.
-262.
-251.
-241.
-230.
-221.
-211.
-203.
-189.
-178.
-170.
-157.
-144.
-133.
-120.
-104.
-90.
-72.
-58.
-40.
-23.
-5.
14.
32.
51.
70.
90.
109.
129.
151.
169.
190.
211.
231.
253.
273.
292.
315.
336.
355.
378.
400.
422.
443.
467.
491.
512.
535.
559.
583.
607.
629.
655.
680.
704.
729.
752.
777.
801.
825.
850.
875.
900.
921.
946.
970.
992.
1016.
1039.
1062.
1083.
1104.
1128.
1151.
1171.
1192.
1213.
1234.
1256.
1276.
1296.
1316.
1336.
1355.
1372.
1390.
1410.
1425.
1441.
1460.
1474.
1490.
1506.
1518.
1529.
1540.
1553.
1563.
1573.
1583.
1592.
1600.
1606.
1615.
1622.
1628.
1633.
1637.
1640.
1644.
1644.
1645.
1646.
1650.
1648.
1647.
1646.
1646.
1643.
1642.
1640.
1636.
1632.
1627.
1623.
1619.
1614.
1606.
1600.
1592.
1584.
1575.
1566.
1558.
1543.
1530.
1517.
1509.
1493.
1480.
1464.
1450.
1435.
1419.
1402.
1385.
1367.
1347.
1329.
1309.
1291.
1270.
1249.
1229.
1207.
1185.
1165.
1146.
1124.
1101.
1080.
1057.
1034.
1014.
991.
968.
943.
920.
898.
875.
850.
828.
804.
779.
755.
732.
707.
681.
657.
632.
606.
584.
558.
530.
506.
482.
459.
432.
405.
379.
353.
325.
299.
269.
245.
221.
196.
174.
152.
133.
111.
92.
72.
53.
33.
17.
2.
-16.
-32.
-46.
-60.
-74.
-90.
-98.
-109.
-125.
-135.
-144.
-154.
-164.
-173.
-180.
-189.
-198.
-205.
-211.
-215.
-223.
-229.
-232.
-237.
-242.
-244.
-249.
-252.
-256.
-257.
-258.
-258.
-260.
-263.
-261.
-261.
-262.
-260.
-259.
-257.
-254.
-253.
-250.
-245.
-243.
-236.
-233.
-228.
-220.
-215.
-209.
-205.
-199.
-191.
-186.
-179.
-173.
-168.
-162.
-156.
-152.
-147.
-139.
-135.
-126.
-116.
-107.
-96.
-83.
-70.
-59.
-46.
-33.
-20.
-4.
10.
24.
37.
53.
68.
82.
101.
116.
132.
148.
165.
183.
201.
219.
237.
252.
270.
290.
309.
327.
345.
366.
386.
407.
425.
445.
465.
485.
506.
528.
549.
569.
591.
610.
632.
651.
671.
692.
715.
737.
758.
777.
800.
820.
839.
860.
878.
898.
917.
936.
959.
975.
996.
1016.
1035.
1054.
1071.
1090.
1109.
1126.
1142.
1158.
1176.
1193.
1209.
1223.
1240.
1254.
1267.
1284.
1297.
1308.
1320.
1331.
1341.
1349.
1359.
1367.
1376.
1382.
1388.
1394.
1399.
1407.
1410.
1413.
1416.
1419.
1424.
1426.
1427.
1428.
1429.
1428.
1427.
1429.
1428.
1427.
1424.
1424.
1422.
1416.
1411.
1407.
1397.
1391.
1383.
1377.
1368.
1358.
1351.
1342.
1332.
1324.
1314.
1304.
1294.
1281.
1271.
1260.
1244.
1233.
1222.
1209.
1196.
1182.
1168.
1152.
1136.
1121.
1104.
1090.
1074.
1056.
1038.
1023.
1006.
989.
971.
953.
936.
919.
901.
882.
864.
847.
828.
809.
790.
771.
752.
734.
713.
693.
672.
650.
630.
610.
590.
568.
546.
528.
507.
487.
466.
445.
423.
403.
381.
360.
340.
319.
299.
279.
259.
237.
219.
199.
180.
160.
143.
124.
105.
86.
69.
52.
35.
17.
2.
-15.
-32.
-48.
-62.
-81.
-98.
-108.
-123.
-139.
-151.
-164.
-177.
-192.
-203.
-213.
-222.
-236.
-249.
-259.
-268.
-278.
-286.
-294.
-305.
-311.
-317.
-322.
-330.
-335.
-340.
-342.
-348.
-353.
-355.
-355.
-355.
-358.
-361.
-361.
-359.
-360.
-358.
-354.
-353.
-350.
-347.
-342.
-340.
-337.
-331.
-324.
-320.
-315.
-307.
-299.
-292.
-286.
-276.
-269.
-262.
-253.
-242.
-233.
-225.
-214.
-202.
-191.
-180.
-170.
-157.
-143.
-131.
-119.
-106.
-90.
-78.
-62.
-48.
-32.
-18.
-2.
12.
28.
46.
62.
76.
95.
112.
128.
146.
164.
180.
199.
218.
238.
255.
272.
294.
313.
331.
353.
372.
393.
414.
434.
454.
478.
498.
518.
541.
563.
583.
604.
629.
654.
674.
698.
722.
745.
767.
790.
815.
838.
861.
882.
907.
930.
950.
970.
993.
1015.
1036.
1058.
1080.
1100.
1119.
1139.
1158.
1176.
1193.
1212.
1230.
1247.
1265.
1282.
1298.
1315.
1330.
1347.
1362.
1377.
1391.
1405.
1420.
1435.
1447.
1460.
1468.
1479.
1488.
1499.
1510.
1521.
1529.
1537.
1543.
1549.
1556.
1561.
1565.
1569.
1572.
1576.
1580.
1582.
1582.
1585.
1587.
1588.
1587.
1588.
1587.
1585.
1583.
1580.
1579.
1577.
1573.
1569.
1567.
1561.
1557.
1551.
1547.
1540.
1532.
1525.
1519.
1511.
1502.
1492.
1482.
1475.
1462.
1451.
1443.
1432.
1419.
1403.
1392.
1377.
1366.
1350.
1336.
1320.
1304.
1289.
1272.
1256.
1240.
1223.
1205.
1188.
1169.
1152.
1132.
1116.
1095.
1080.
1059.
1040.
1021.
1003.
983.
962.
943.
924.
902.
883.
860.
840.
819.
798.
780.
757.
736.
715.
695.
674.
654.
632.
611.
591.
571.
551.
531.
511.
490.
469.
448.
429.
408.
388.
369.
348.
327.
312.
292.
273.
255.
236.
220.
204.
188.
170.
156.
138.
123.
111.
96.
81.
69.
56.
46.
33.
22.
13.
4.
-5.
-12.
-19.
-28.
-35.
-40.
-45.
-50.
-53.
-58.
-62.
-64.
-66.
-68.
-69.
-70.
-69.
-69.
-68.
-69.
-66.
-64.
-61.
-57.
-55.
-50.
-46.
-44.
-38.
-32.
-26.
-20.
-13.
-6.
0.
5.
12.
19.
28.
37.
45.
53.
63.
71.
82.
92.
102.
113.
125.
135.
149.
160.
172.
184.
196.
211.
224.
237.
253.
266.
280.
295.
310.
327.
344.
359.
376.
392.
408.
423.
442.
460.
477.
493.
511.
529.
546.
565.
583.
602.
619.
637.
654.
674.
692.
710.
726.
741.
759.
774.
789.
802.
813.
826.
839.
853.
865.
880.
893.
907.
924.
940.
956.
972.
988.
1003.
1022.
1038.
1053.
1070.
1087.
1099.
1115.
1130.
1146.
1161.
1175.
1186.
1199.
1211.
1223.
1235.
1244.
1253.
1262.
1272.
1280.
1288.
1296.
1305.
1311.
1317.
1323.
1328.
1333.
1337.
1344.
1345.
1351.
1352.
1356.
1359.
1360.
1363.
1363.
1361.
1363.
1361.
1360.
1360.
1357.
1355.
1353.
1349.
1345.
1340.
1337.
1333.
1328.
1322.
1314.
1304.
1295.
1284.
1272.
1263.
1250.
1239.
1230.
1222.
1213.
1202.
1192.
1182.
1170.
1160.
1146.
1137.
1125.
1113.
1100.
1086.
1075.
1061.
1044.
1033.
1022.
1006.
990.
977.
959.
946.
929.
915.
897.
880.
864.
847.
828.
812.
792.
773.
756.
736.
717.
697.
678.
658.
639.
619.
599.
581.
562.
541.
522.
503.
484.
464.
446.
425.
405.
386.
367.
346.
326.
308.
287.
266.
248.
229.
209.
190.
171.
151.
133.
116.
98.
82.
63.
44.
28.
11.
-5.
-22.
-40.
-53.
-64.
-79.
-96.
-110.
-121.
-133.
-147.
-157.
-167.
-179.
-189.
-197.
-205.
-213.
-220.
-227.
-233.
-241.
-247.
-250.
-254.
-256.
-260.
-265.
-266.
-269.
-270.
-271.
-271.
-271.
-273.
-271.
-272.
-269.
-267.
-267.
-267.
-262.
-261.
-256.
-251.
-249.
-245.
-242.
-237.
-232.
-228.
-222.
-216.
-210.
-204.
-198.
-191.
-184.
-178.
-171.
-163.
-153.
-145.
-137.
-128.
-118.
-111.
-101.
-89.
-82.
-72.
-60.
-52.
-39.
-31.
-19.
-8.
5.
16.
27.
41.
49.
64.
75.
89.
102.
114.
128.
141.
152.
167.
178.
194.
206.
218.
232.
247.
263.
273.
288.
302.
318.
332.
345.
364.
379.
397.
415.
435.
455.
474.
494.
517.
535.
557.
579.
600.
618.
637.
654.
677.
695.
713.
733.
752.
768.
783.
801.
820.
836.
851.
867.
880.
895.
911.
925.
939.
954.
968.
984.
997.
1010.
1023.
1039.
1053.
1065.
1079.
1091.
1105.
1118.
1131.
1145.
1159.
1171.
1184.
1191.
1204.
1216.
1225.
1234.
1245.
1254.
1263.
1273.
1281.
1287.
1292.
1299.
1304.
1312.
1317.
1323.
1328.
1331.
1337.
1338.
1342.
1345.
1345.
1345.
1347.
1348.
1348.
1347.
1348.
1347.
1343.
1342.
1341.
1337.
1332.
1327.
1324.
1320.
1314.
1309.
1304.
1297.
1292.
1283.
1279.
1270.
1265.
1258.
1252.
1247.
1240.
1233.
1223.
1215.
1201.
1194.
1183.
1172.
1156.
1144.
1129.
1118.
1099.
1084.
1069.
1053.
1036.
1020.
1004.
985.
969.
949.
932.
911.
894.
875.
856.
834.
815.
796.
775.
755.
733.
712.
692.
671.
648.
626.
604.
584.
562.
537.
514.
491.
468.
448.
422.
398.
379.
353.
329.
309.
287.
263.
241.
221.
200.
175.
153.
131.
109.
87.
65.
44.
23.
4.
-16.
-35.
-55.
-74.
-95.
-111.
-131.
-147.
-162.
-181.
-199.
-216.
-228.
-243.
-257.
-273.
-284.
-297.
-309.
-321.
-330.
-340.
-352.
-359.
-369.
-379.
-385.
-393.
-400.
-408.
-414.
-421.
-425.
-427.
-433.
-435.
-439.
-443.
-443.
-445.
-445.
-447.
-448.
-448.
-446.
-448.
-445.
-444.
-441.
-441.
-436.
-433.
-429.
-424.
-422.
-417.
-412.
-408.
-402.
-397.
-391.
-384.
-377.
-372.
-364.
-355.
-350.
-342.
-333.
-323.
-316.
-308.
-297.
-291.
-281.
-269.
-258.
-249.
-238.
-225.
-213.
-202.
-189.
-176.
-165.
-152.
-139.
-125.
-110.
-97.
-82.
-69.
-56.
-41.
-26.
-12.
0.
15.
28.
41.
57.
72.
86.
102.
118.
137.
154.
173.
191.
212.
231.
250.
273.
292.
312.
334.
355.
373.
394.
412.
433.
453.
476.
493.
514.
535.
553.
575.
594.
613.
636.
652.
675.
693.
715.
738.
757.
776.
797.
813.
833.
852.
871.
889.
908.
926.
943.
960.
976.
992.
1008.
1025.
1038.
1052.
1066.
1077.
1091.
1104.
1117.
1126.
1137.
1146.
1157.
1169.
1178.
1184.
1195.
1204.
1210.
1218.
1223.
1229.
1236.
1242.
1248.
1253.
1258.
1261.
1266.
1264.
1268.
1269.
1271.
1272.
1270.
1273.
1272.
1272.
1269.
1265.
1264.
1257.
1253.
1247.
1242.
1235.
1231.
1225.
1215.
1207.
1201.
1192.
1182.
1176.
1166.
1155.
1146.
1136.
1127.
1112.
1100.
1090.
1078.
1066.
1050.
1040.
1027.
1013.
993.
984.
968.
952.
938.
922.
907.
891.
874.
859.
841.
821.
805.
787.
770.
752.
734.
715.
696.
677.
659.
639.
621.
600.
581.
561.
540.
518.
497.
477.
455.
433.
413.
392.
372.
351.
327.
305.
285.
262.
243.
220.
198.
174.
152.
131.
109.
85.
65.
43.
23.
1.
-18.
-39.
-59.
-80.
-100.
-120.
-137.
-157.
-177.
-195.
-214.
-232.
-249.
-266.
-280.
-297.
-313.
-331.
-342.
-356.
-372.
-386.
-399.
-408.
-423.
-438.
-444.
-459.
-470.
-479.
-490.
-499.
-509.
-517.
-522.
-531.
-540.
-546.
-552.
-557.
-563.
-568.
-570.
-575.
-579.
-580.
-582.
-584.
-587.
-586.
-588.
-588.
-586.
-584.
-583.
-582.
-579.
-575.
-571.
-570.
-567.
-561.
-555.
-552.
-546.
-541.
-536.
-530.
-522.
-515.
-510.
-503.
-496.
-488.
-477.
-470.
-461.
-454.
-443.
-434.
-425.
-413.
-404.
-392.
-383.
-370.
-361.
-349.
-336.
-323.
-313.
-303.
-291.
-278.
-269.
-257.
-244.
-232.
-217.
-203.
-190.
-174.
-157.
-141.
-125.
-105.
-87.
-70.
-52.
-31.
-15.
5.
24.
42.
65.
83.
100.
120.
142.
161.
183.
201.
223.
244.
263.
284.
308.
326.
348.
368.
392.
414.
436.
455.
478.
499.
522.
544.
567.
589.
612.
634.
657.
678.
701.
724.
747.
764.
785.
805.
825.
847.
865.
881.
902.
918.
937.
956.
971.
987.
1006.
1023.
1041.
1055.
1072.
1087.
1102.
1117.
1131.
1146.
1161.
1173.
1186.
1199.
1214.
1227.
1238.
1250.
1264.
1275.
1286.
1296.
1309.
1316.
1323.
1332.
1340.
1345.
1350.
1353.
1359.
1365.
1367.
1368.
1373.
1372.
1374.
1376.
1378.
1377.
1375.
1377.
1378.
1379.
1379.
1381.
1381.
1380.
1377.
1375.
1370.
1366.
1360.
1355.
1353.
1347.
1341.
1333.
1326.
1318.
1310.
1299.
1291.
1283.
1274.
1263.
1253.
1244.
1233.
1221.
1213.
1200.
1186.
1176.
1164.
1152.
1137.
1126.
1114.
1098.
1086.
1072.
1058.
1042.
1031.
1015.
997.
983.
967.
950.
932.
917.
899.
882.
864.
846.
830.
812.
794.
774.
756.
736.
718.
698.
678.
660.
641.
620.
601.
581.
560.
540.
520.
499.
479.
458.
439.
419.
396.
373.
354.
333.
313.
294.
272.
249.
231.
209.
190.
168.
148.
127.
108.
89.
70.
51.
33.
12.
-7.
-27.
-46.
-64.
-80.
-100.
-117.
-134.
-152.
-170.
-185.
-204.
-216.
-232.
-248.
-263.
-275.
-290.
-306.
-319.
-328.
-342.
-356.
-368.
-378.
-388.
-399.
-408.
-417.
-424.
-434.
-441.
-448.
-455.
-464.
-467.
-473.
-479.
-486.
-489.
-493.
-498.
-502.
-504.
-505.
-508.
-511.
-511.
-513.
-512.
-512.
-509.
-510.
-509.
-507.
-505.
-503.
-497.
-494.
-490.
-488.
-482.
-476.
-471.
-462.
-459.
-454.
-447.
-440.
-433.
-424.
-415.
-406.
-399.
-390.
-379.
-369.
-359.
-348.
-339.
-327.
-316.
-305.
-291.
-279.
-266.
-254.
-242.
-227.
-214.
-198.
-184.
-169.
-157.
-138.
-121.
-106.
-89.
-73.
-56.
-39.
-20.
-1.
18.
37.
53.
71.
92.
112.
129.
148.
169.
190.
207.
227.
248.
272.
291.
312.
333.
351.
371.
393.
410.
429.
449.
463.
480.
499.
515.
532.
551.
571.
590.
610.
630.
651.
670.
687.
708.
725.
748.
767.
785.
801.
818.
836.
854.
870.
888.
902.
917.
932.
946.
957.
969.
982.
995.
1006.
1017.
1028.
1039.
1049.
1059.
1071.
1078.
1089.
1098.
1108.
1116.
1125.
1134.
1142.
1150.
1159.
1166.
1177.
1187.
1189.
1199.
1204.
1210.
1216.
1222.
1226.
1229.
1232.
1235.
1240.
1241.
1241.
1240.
1242.
1241.
1243.
1243.
1243.
1241.
1239.
1237.
1235.
1230.
1227.
1222.
1216.
1210.
1203.
1198.
1192.
1183.
1177.
1167.
1160.
1151.
1141.
1135.
1123.
1113.
1101.
1090.
1083.
1068.
1058.
1045.
1035.
1023.
1012.
1001.
989.
974.
959.
950.
938.
924.
907.
894.
882.
869.
853.
839.
821.
808.
791.
774.
759.
744.
726.
708.
692.
674.
655.
636.
618.
599.
581.
563.
542.
526.
507.
487.
470.
451.
431.
413.
393.
374.
357.
335.
318.
299.
278.
259.
236.
220.
201.
180.
162.
143.
121.
104.
84.
65.
50.
30.
11.
-7.
-26.
-40.
-59.
-74.
-93.
-108.
-122.
-137.
-154.
-169.
-180.
-195.
-210.
-223.
-233.
-246.
-260.
-272.
-281.
-291.
-302.
-311.
-321.
-330.
-338.
-346.
-353.
-360.
-369.
-375.
-380.
-386.
-392.
-399.
-400.
-405.
-410.
-414.
-416.
-419.
-423.
-422.
-425.
-426.
-428.
-428.
-428.
-427.
-428.
-426.
-426.
-423.
-421.
-417.
-415.
-412.
-410.
-405.
-400.
-396.
-390.
-385.
-380.
-377.
-370.
-361.
-357.
-350.
-342.
-336.
-328.
-320.
-312.
-304.
-297.
-285.
-277.
-269.
-258.
-249.
-238.
-229.
-219.
-207.
-196.
-184.
-174.
-164.
-153.
-142.
-134.
-123.
-113.
-99.
-88.
-76.
-65.
-50.
-36.
-20.
-8.
6.
22.
36.
54.
72.
88.
105.
123.
139.
158.
174.
193.
210.
230.
246.
265.
284.
303.
320.
339.
360.
381.
400.
417.
437.
459.
478.
499.
519.
537.
561.
582.
600.
622.
642.
663.
685.
704.
724.
744.
766.
786.
807.
826.
846.
868.
887.
905.
924.
945.
964.
982.
1003.
1023.
1041.
1062.
1082.
1101.
1119.
1136.
1155.
1173.
1190.
1207.
1225.
1240.
1255.
1271.
1284.
1299.
1311.
1321.
1334.
1347.
1356.
1366.
1373.
1384.
1393.
1402.
1408.
1416.
1421.
1429.
1435.
1439.
1444.
1446.
1451.
1456.
1457.
1459.
1461.
1462.
1464.
1461.
1461.
1462.
1460.
1459.
1457.
1457.
1453.
1447.
1445.
1442.
1437.
1432.
1427.
1422.
1414.
1406.
1398.
1389.
1382.
1372.
1362.
1354.
1343.
1329.
1322.
1309.
1295.
1280.
1268.
1254.
1240.
1224.
1209.
1196.
1181.
1166.
1150.
1131.
1115.
1097.
1080.
1062.
1043.
1026.
1007.
987.
968.
948.
930.
912.
892.
873.
853.
833.
813.
792.
773.
752.
731.
711.
693.
672.
653.
633.
613.
593.
572.
552.
532.
512.
492.
472.
450.
432.
409.
389.
365.
340.
321.
298.
274.
253.
230.
211.
191.
173.
155.
138.
121.
107.
91.
75.
58.
43.
29.
11.
2.
-12.
-24.
-38.
-51.
-58.
-69.
-82.
-92.
-101.
-109.
-119.
-128.
-136.
-141.
-150.
-155.
-164.
-171.
-177.
-183.
-188.
-191.
-198.
-198.
-201.
-206.
-207.
-209.
-209.
-212.
-213.
-215.
-214.
-216.
-217.
-215.
-216.
-214.
-215.
-214.
-212.
-213.
-212.
-212.
-207.
-205.
-206.
-202.
-201.
-197.
-193.
-190.
-185.
-181.
-175.
-168.
-162.
-157.
-149.
-141.
-135.
-128.
-119.
-112.
-104.
-94.
-86.
-76.
-68.
-58.
-49.
-38.
-28.
-19.
-7.
5.
16.
29.
40.
52.
64.
76.
88.
103.
117.
130.
144.
156.
173.
186.
202.
217.
229.
244.
261.
276.
290.
306.
324.
340.
355.
372.
390.
406.
425.
443.
460.
479.
498.
516.
534.
553.
570.
589.
606.
626.
643.
663.
681.
699.
716.
733.
754.
769.
788.
806.
824.
842.
859.
879.
896.
914.
930.
947.
965.
981.
997.
1014.
1030.
1047.
1060.
1076.
1089.
1104.
1117.
1128.
1142.
1154.
1164.
1175.
1186.
1197.
1205.
1212.
1220.
1229.
1234.
1241.
1247.
1253.
1260.
1262.
1266.
1271.
1277.
1278.
1284.
1286.
1287.
1287.
1290.
1290.
1292.
1288.
1289.
1287.
1285.
1284.
1286.
1282.
1278.
1274.
1271.
1267.
1264.
1257.
1252.
1249.
1244.
1236.
1231.
1223.
1219.
1212.
1204.
1196.
1189.
1182.
1173.
1164.
1158.
1147.
1136.
1129.
1120.
1110.
1098.
1089.
1079.
1069.
1056.
1047.
1039.
1024.
1013.
1003.
991.
981.
967.
956.
947.
931.
918.
906.
899.
885.
872.
857.
848.
835.
819.
808.
797.
782.
766.
757.
745.
731.
716.
705.
693.
679.
662.
650.
641.
624.
608.
594.
584.
568.
551.
539.
527.
511.
495.
481.
470.
453.
438.
426.
416.
400.
384.
369.
360.
345.
331.
317.
303.
288.
270.
260.
246.
231.
213.
201.
189.
171.
157.
145.
135.
118.
102.
91.
79.
66.
49.
38.
25.
14.
0.
-14.
-20.
-33.
-46.
-57.
-66.
-77.
-88.
-100.
-109.
-118.
-128.
-135.
-144.
-153.
-160.
-168.
-175.
-181.
-188.
-194.
-201.
-206.
-212.
-215.
-218.
-223.
-227.
-230.
-233.
-237.
-241.
-243.
-244.
-248.
-249.
-250.
-252.
-253.
-253.
-251.
-251.
-253.
-251.
-250.
-249.
-248.
-246.
-244.
-242.
-239.
-238.
-234.
-232.
-227.
-223.
-220.
-216.
-211.
-206.
-202.
-196.
-193.
-188.
-181.
-175.
-171.
-163.
-156.
-150.
-145.
-137.
-128.
-120.
-116.
-110.
-101.
-95.
-86.
-76.
-67.
-59.
-50.
-41.
-32.
-22.
-14.
-5.
5.
15.
26.
38.
48.
60.
70.
81.
92.
102.
111.
125.
136.
149.
159.
172.
186.
198.
208.
222.
232.
245.
259.
270.
282.
293.
307.
321.
331.
346.
358.
369.
383.
396.
412.
424.
436.
450.
466.
478.
491.
508.
523.
535.
552.
568.
585.
602.
622.
641.
659.
682.
703.
725.
745.
765.
787.
811.
832.
854.
874.
895.
913.
933.
952.
972.
992.
1009.
1028.
1047.
1065.
1081.
1102.
1120.
1135.
1155.
1174.
1191.
1207.
1223.
1239.
1257.
1271.
1286.
1300.
1316.
1330.
1343.
1352.
1364.
1375.
1387.
1397.
1406.
1415.
1424.
1430.
1439.
1447.
1455.
1462.
1469.
1475.
1481.
1487.
1493.
1497.
1507.
1509.
1512.
1515.
1518.
1521.
1525.
1526.
1528.
1529.
1531.
1531.
1530.
1532.
1532.
1530.
1527.
1527.
1526.
1523.
1520.
1518.
1517.
1509.
1506.
1504.
1497.
1494.
1486.
1480.
1474.
1466.
1460.
1452.
1446.
1435.
1427.
1419.
1410.
1399.
1388.
1378.
1367.
1354.
1340.
1331.
1319.
1305.
1288.
1274.
1263.
1245.
1230.
1216.
1201.
1183.
1167.
1151.
1133.
1116.
1099.
1080.
1063.
1043.
1027.
1009.
992.
974.
955.
931.
908.
883.
858.
834.
810.
792.
773.
747.
724.
705.
685.
664.
644.
623.
601.
581.
560.
537.
518.
499.
477.
456.
438.
416.
399.
378.
357.
336.
317.
297.
277.
257.
239.
221.
201.
185.
165.
146.
128.
111.
94.
78.
61.
46.
29.
16.
1.