311.
310.
309.
310.
310.
310.
310.
311.
310.
310.
310.
309.
308.
310.
311.
311.
310.
311.
311.
308.
309.
309.
311.
311.
311.
311.
311.
310.
311.
312.
311.
311.
313.
314.
312.
313.
313.
313.
313.
314.
313.
314.
314.
315.
315.
316.
316.
315.
317.
318.
317.
318.
318.
316.
317.
317.
319.
320.
319.
320.
317.
318.
321.
319.
320.
320.
319.
318.
319.
322.
322.
320.
323.
322.
322.
321.
321.
323.
320.
323.
323.
321.
322.
320.
321.
321.
323.
321.
323.
323.
323.
323.
321.
323.
323.
322.
320.
322.
322.
323.
323.
324.
327.
328.
332.
332.
333.
332.
332.
331.
333.
334.
335.
333.
330.
331.
331.
330.
329.
327.
326.
325.
324.
324.
322.
323.
322.
322.
320.
319.
318.
316.
317.
316.
316.
312.
313.
310.
309.
310.
306.
305.
303.
302.
302.
298.
299.
296.
294.
292.
289.
289.
287.
286.
284.
281.
279.
277.
276.
273.
269.
268.
267.
265.
261.
259.
258.
255.
252.
249.
248.
245.
242.
241.
238.
235.
232.
231.
226.
223.
221.
218.
216.
212.
210.
208.
203.
202.
198.
193.
194.
190.
186.
183.
184.
178.
175.
173.
169.
167.
164.
161.
158.
156.
154.
150.
149.
144.
142.
140.
137.
133.
131.
127.
125.
122.
118.
115.
111.
105.
102.
96.
91.
86.
80.
74.
70.
65.
61.
57.
52.
51.
47.
44.
42.
39.
37.
34.
29.
27.
26.
23.
19.
16.
12.
12.
9.
5.
3.
1.
-3.
-8.
-10.
-11.
-16.
-19.
-20.
-23.
-26.
-29.
-32.
-36.
-38.
-41.
-44.
-46.
-48.
-51.
-55.
-56.
-59.
-64.
-65.
-67.
-69.
-74.
-76.
-78.
-84.
-85.
-87.
-90.
-93.
-95.
-99.
-101.
-102.
-106.
-110.
-110.
-112.
-117.
-121.
-122.
-124.
-128.
-131.
-132.
-134.
-138.
-140.
-143.
-144.
-147.
-148.
-151.
-153.
-157.
-159.
-159.
-160.
-161.
-162.
-161.
-161.
-163.
-163.
-165.
-167.
-169.
-171.
-175.
-176.
-177.
-180.
-183.
-183.
-186.
-188.
-190.
-190.
-193.
-193.
-196.
-197.
-199.
-201.
-203.
-202.
-207.
-208.
-208.
-211.
-213.
-215.
-216.
-218.
-220.
-223.
-223.
-225.
-227.
-227.
-227.
-231.
-233.
-236.
-235.
-237.
-240.
-244.
-242.
-244.
-246.
-249.
-252.
-252.
-252.
-255.
-256.
-257.
-259.
-263.
-262.
-263.
-266.
-268.
-269.
-272.
-273.
-275.
-276.
-279.
-278.
-279.
-281.
-283.
-284.
-286.
-289.
-289.
-291.
-293.
-293.
-294.
-297.
-297.
-299.
-300.
-302.
-305.
-305.
-304.
-308.
-310.
-309.
-311.
-312.
-313.
-314.
-316.
-316.
-317.
-319.
-319.
-320.
-321.
-324.
-324.
-324.
-328.
-329.
-330.
-333.
-335.
-335.
-335.
-337.
-340.
-342.
-341.
-343.
-343.
-345.
-343.
-344.
-345.
-345.
-344.
-345.
-345.
-345.
-344.
-343.
-344.
-342.
-343.
-343.
-343.
-342.
-343.
-342.
-342.
-341.
-339.
-339.
-337.
-338.
-337.
-337.
-334.
-334.
-333.
-332.
-329.
-328.
-328.
-327.
-324.
-321.
-320.
-320.
-317.
-318.
-314.
-314.
-311.
-312.
-310.
-306.
-305.
-302.
-299.
-297.
-296.
-293.
-292.
-287.
-285.
-286.
-282.
-279.
-277.
-272.
-268.
-266.
-265.
-260.
-256.
-253.
-249.
-248.
-240.
-239.
-233.
-229.
-224.
-221.
-220.
-213.
-208.
-204.
-200.
-197.
-192.
-187.
-182.
-177.
-173.
-167.
-163.
-156.
-149.
-145.
-140.
-132.
-125.
-121.
-115.
-109.
-102.
-96.
-90.
-81.
-77.
-67.
-60.
-56.
-46.
-39.
-32.
-24.
-15.
-8.
1.
8.
18.
26.
33.
41.
50.
59.
67.
78.
88.
96.
105.
113.
123.
131.
140.
149.
160.
170.
178.
188.
198.
207.
217.
225.
235.
245.
252.
262.
274.
282.
292.
302.
312.
323.
329.
339.
348.
357.
367.
376.
387.
394.
403.
411.
420.
428.
436.
447.
456.
463.
470.
478.
489.
496.
505.
512.
522.
530.
536.
547.
554.
560.
567.
576.
584.
589.
595.
603.
611.
617.
625.
631.
638.
644.
650.
656.
663.
669.
672.
680.
684.
691.
695.
701.
706.
715.
719.
724.
729.
733.
737.
742.
750.
752.
759.
764.
767.
772.
777.
780.
786.
791.
796.
799.
804.
807.
811.
816.
820.
824.
826.
832.
835.
839.
843.
844.
852.
853.
857.
860.
864.
867.
870.
875.
878.
882.
883.
887.
888.
891.
895.
899.
904.
903.
904.
909.
911.
916.
917.
918.
924.
925.
927.
929.
933.
934.
936.
937.
939.
944.
945.
946.
948.
951.
951.
953.
955.
958.
958.
961.
964.
965.
966.
968.
970.
970.
972.
976.
977.
975.
977.
979.
982.
981.
977.
977.
975.
973.
971.
971.
969.
970.
968.
968.
970.
966.
966.
968.
970.
968.
970.
973.
974.
976.
977.
978.
980.
978.
979.
980.
982.
982.
981.
981.
981.
983.
983.
983.
985.
983.
986.
985.
985.
983.
984.
984.
985.
983.
986.
984.
984.
984.
984.
984.
986.
984.
985.
985.
986.
985.
985.
985.
986.
984.
987.
986.
986.
984.
985.
984.
984.
985.
983.
986.
984.
984.
983.
983.
983.
981.
982.
982.
983.
982.
982.
982.
982.
980.
979.
979.
980.
978.
978.
977.
977.
976.
975.
976.
978.
973.
973.
972.
974.
972.
971.
971.
972.
970.
971.
970.
968.
968.
966.
967.
966.
964.
960.
961.
963.
961.
958.
958.
958.
957.
955.
954.
953.
951.
952.
952.
955.
954.
954.
955.
954.
951.
952.
950.
950.
949.
945.
943.
944.
942.
941.
938.
936.
935.
931.
930.
929.
925.
923.
923.
921.
916.
913.
912.
908.
903.
901.
899.
896.
891.
888.
883.
881.
876.
872.
868.
865.
860.
856.
851.
847.
843.
838.
835.
830.
825.
820.
813.
810.
805.
799.
793.
788.
779.
775.
771.
764.
757.
753.
747.
740.
732.
726.
721.
714.
706.
698.
692.
686.
679.
672.
664.
658.
649.
642.
636.
629.
620.
614.
604.
598.
589.
582.
574.
566.
557.
551.
542.
535.
526.
518.
510.
503.
495.
487.
480.
476.
467.
456.
450.
442.
432.
426.
419.
412.
404.
398.
389.
382.
374.
368.
360.
354.
347.
340.
333.
325.
319.
313.
309.
301.
295.
289.
281.
275.
269.
264.
258.
252.
243.
241.
236.
231.
225.
219.
215.
209.
202.
198.
190.
187.
179.
175.
170.
165.
157.
152.
145.
140.
132.
127.
122.
117.
110.
106.
99.
96.
91.
87.
82.
78.
74.
70.
67.
64.
58.
53.
48.
46.
39.
34.
31.
25.
20.
16.
12.
7.
3.
-1.
-5.
-10.
-16.
-20.
-26.
-28.
-35.
-39.
-44.
-48.
-53.
-58.
-64.
-69.
-73.
-80.
-83.
-88.
-95.
-99.
-104.
-108.
-115.
-120.
-126.
-130.
-134.
-140.
-146.
-149.
-156.
-164.
-169.
-174.
-179.
-183.
-190.
-198.
-204.
-210.
-215.
-219.
-228.
-234.
-237.
-243.
-251.
-255.
-260.
-265.
-273.
-279.
-286.
-291.
-300.
-304.
-310.
-315.
-323.
-329.
-334.
-338.
-345.
-353.
-357.
-361.
-368.
-374.
-378.
-383.
-390.
-395.
-397.
-401.
-409.
-414.
-418.
-420.
-428.
-431.
-436.
-442.
-445.
-450.
-452.
-456.
-458.
-464.
-466.
-470.
-476.
-477.
-483.
-482.
-486.
-490.
-492.
-492.
-495.
-499.
-500.
-503.
-508.
-509.
-509.
-512.
-516.
-514.
-515.
-518.
-522.
-522.
-522.
-522.
-525.
-525.
-527.
-526.
-526.
-528.
-527.
-529.
-531.
-531.
-529.
-530.
-531.
-530.
-530.
-530.
-530.
-530.
-528.
-527.
-529.
-528.
-527.
-524.
-524.
-521.
-522.
-520.
-521.
-520.
-518.
-517.
-517.
-515.
-513.
-511.
-510.
-507.
-506.
-504.
-501.
-499.
-498.
-497.
-494.
-493.
-489.
-487.
-487.
-483.
-483.
-480.
-477.
-475.
-473.
-471.
-471.
-467.
-463.
-459.
-458.
-454.
-451.
-448.
-445.
-443.
-442.
-436.
-437.
-435.
-428.
-424.
-423.
-421.
-415.
-411.
-408.
-406.
-403.
-399.
-397.
-392.
-388.
-384.
-380.
-378.
-373.
-369.
-366.
-361.
-356.
-350.
-347.
-344.
-339.
-332.
-327.
-324.
-317.
-312.
-307.
-302.
-296.
-291.
-289.
-284.
-276.
-273.
-269.
-265.
-259.
-253.
-252.
-244.
-238.
-234.
-229.
-224.
-219.
-214.
-207.
-203.
-198.
-191.
-187.
-181.
-175.
-170.
-164.
-160.
-154.
-148.
-144.
-139.
-131.
-126.
-120.
-113.
-108.
-100.
-97.
-91.
-87.
-78.
-73.
-67.
-63.
-54.
-50.
-45.
-39.
-32.
-28.
-22.
-14.
-9.
-4.
3.
10.
16.
20.
26.
32.
37.
43.
47.
56.
62.
65.
72.
78.
83.
87.
94.
99.
104.
109.
114.
119.
127.
131.
135.
139.
145.
147.
154.
161.
166.
170.
174.
182.
188.
194.
200.
210.
216.
222.
230.
236.
241.
243.
248.
255.
259.
263.
267.
273.
279.
284.
289.
293.
298.
302.
308.
314.
320.
324.
328.
335.
340.
345.
350.
358.
360.
367.
372.
377.
383.
387.
394.
401.
406.
410.
417.
425.
429.
434.
439.
448.
453.
457.
463.
467.
475.
480.
486.
492.
497.
500.
505.
513.
520.
524.
531.
536.
542.
546.
552.
559.
564.
568.
573.
581.
587.
591.
597.
603.
610.
613.
621.
626.
632.
636.
642.
650.
654.
661.
667.
672.
678.
682.
686.
694.
699.
704.
711.
714.
721.
726.
734.
737.
743.
746.
752.
757.
762.
765.
772.
775.
780.
784.
789.
795.
799.
803.
808.
814.
818.
822.
828.
832.
834.
837.
843.
845.
848.
849.
852.
855.
856.
856.
860.
862.
866.
869.
872.
877.
878.
880.
883.
887.
891.
896.
898.
904.
906.
908.
908.
911.
914.
915.
919.
922.
923.
924.
927.
931.
931.
933.
934.
937.
938.
936.
938.
940.
942.
942.
944.
947.
949.
947.
948.
952.
951.
953.
951.
952.
955.
954.
956.
957.
958.
958.
958.
960.
960.
960.
958.
962.
961.
961.
960.
961.
960.
961.
962.
963.
962.
963.
961.
964.
964.
962.
964.
967.
967.
969.
973.
974.
976.
977.
976.
978.
978.
976.
977.
977.
978.
977.
978.
979.
978.
978.
979.
980.
980.
980.
981.
982.
982.
982.
981.
983.
983.
981.
984.
984.
985.
984.
983.
985.
986.
984.
985.
988.
989.
988.
989.
991.
991.
989.
991.
992.
992.
991.
991.
993.
994.
993.
996.
994.
997.
996.
998.
998.
998.
998.
998.
998.
1000.
999.
999.
1001.
999.
1000.
1000.
1001.
1001.
1001.
1000.
1001.
1002.
1001.
1001.
1000.
1002.
1001.
1000.
1003.
1003.
1000.
1000.
1002.
1001.
1000.
998.
997.
998.
997.
996.
996.
993.
995.
992.
992.
991.
991.
989.
986.
987.
983.
983.
982.
979.
977.
974.
972.
972.
968.
965.
964.
962.
959.
956.
953.
950.
944.
942.
940.
937.
930.
927.
923.
919.
915.
910.
907.
901.
894.
891.
887.
883.
876.
871.
867.
861.
856.
851.
846.
841.
833.
825.
821.
819.
811.
805.
800.
794.
787.
779.
772.
768.
759.
751.
744.
737.
728.
721.
711.
704.
695.
688.
681.
673.
662.
656.
647.
637.
629.
621.
612.
602.
592.
581.
574.
566.
555.
548.
537.
527.
518.
508.
501.
492.
482.
469.
462.
453.
440.
431.
422.
411.
401.
390.
383.
375.
364.
354.
345.
337.
324.
315.
307.
297.
285.
277.
269.
260.
249.
241.
232.
224.
216.
206.
197.
188.
176.
169.
159.
151.
141.
132.
125.
116.
106.
99.
92.
84.
75.
67.
60.
52.
45.
37.
29.
21.
13.
6.
0.
-7.
-15.
-20.
-27.
-34.
-41.
-49.
-53.
-58.
-65.
-73.
-77.
-83.
-89.
-98.
-101.
-106.
-113.
-120.
-125.
-129.
-136.
-140.
-145.
-149.
-156.
-161.
-164.
-168.
-173.
-178.
-184.
-188.
-193.
-197.
-200.
-204.
-209.
-215.
-217.
-222.
-226.
-230.
-232.
-239.
-243.
-245.
-249.
-252.
-256.
-258.
-260.
-263.
-268.
-273.
-275.
-276.
-283.
-286.
-289.
-291.
-296.
-298.
-301.
-304.
-306.
-311.
-311.
-315.
-317.
-321.
-324.
-326.
-330.
-332.
-334.
-338.
-342.
-345.
-347.
-349.
-353.
-357.
-359.
-361.
-365.
-368.
-370.
-373.
-377.
-379.
-381.
-384.
-386.
-390.
-392.
-393.
-397.
-401.
-403.
-403.
-407.
-410.
-412.
-413.
-416.
-419.
-422.
-423.
-425.
-427.
-428.
-430.
-433.
-438.
-440.
-441.
-444.
-445.
-447.
-451.
-454.
-455.
-458.
-459.
-461.
-465.
-468.
-470.
-474.
-476.
-480.
-481.
-485.
-486.
-489.
-491.
-493.
-495.
-500.
-503.
-506.
-510.
-512.
-517.
-521.
-526.
-528.
-535.
-542.
-544.
-551.
-554.
-559.
-562.
-567.
-572.
-575.
-579.
-584.
-586.
-590.
-592.
-597.
-599.
-602.
-605.
-608.
-612.
-614.
-615.
-616.
-616.
-617.
-618.
-617.
-616.
-615.
-613.
-610.
-604.
-600.
-596.
-592.
-587.
-584.
-581.
-576.
-572.
-569.
-566.
-563.
-556.
-553.
-547.
-543.
-539.
-537.
-533.
-529.
-527.
-524.
-522.
-518.
-515.
-513.
-509.
-506.
-504.
-502.
-498.
-497.
-491.
-491.
-487.
-485.
-479.
-477.
-476.
-475.
-470.
-468.
-465.
-462.
-456.
-452.
-449.
-448.
-447.
-445.
-441.
-439.
-435.
-434.
-430.
-427.
-423.
-421.
-419.
-415.
-411.
-408.
-406.
-404.
-401.
-399.
-396.
-391.
-388.
-385.
-379.
-373.
-371.
-367.
-364.
-359.
-351.
-350.
-345.
-339.
-331.
-330.
-324.
-319.
-314.
-309.
-304.
-298.
-292.
-287.
-282.
-275.
-270.
-263.
-258.
-252.
-248.
-243.
-237.
-231.
-225.
-220.
-214.
-207.
-202.
-197.
-192.
-184.
-175.
-170.
-164.
-156.
-149.
-143.
-138.
-131.
-125.
-120.
-115.
-108.
-102.
-98.
-93.
-88.
-82.
-78.
-72.
-68.
-61.
-59.
-54.
-49.
-43.
-36.
-32.
-26.
-21.
-17.
-11.
-6.
1.
4.
9.
15.
20.
26.
31.
38.
43.
48.
54.
60.
66.
70.
75.
83.
90.
93.
99.
103.
108.
116.
119.
125.
132.
137.
141.
150.
152.
156.
163.
168.
173.
178.
183.
188.
193.
198.
203.
208.
213.
218.
224.
230.
235.
238.
242.
248.
254.
261.
264.
269.
274.
278.
284.
289.
296.
298.
305.
309.
315.
318.
324.
330.
335.
341.
347.
352.
357.
362.
368.
372.
376.
383.
388.
394.
401.
404.
408.
417.
424.
429.
433.
439.
444.
451.
456.
463.
468.
475.
481.
486.
493.
496.
506.
512.
517.
523.
527.
536.
542.
547.
553.
557.
565.
569.
578.
582.
589.
595.
601.
606.
612.
617.
624.
628.
636.
639.
646.
652.
658.
662.
667.
675.
680.
683.
691.
696.
701.
704.
709.
714.
721.
724.
731.
736.
741.
743.
747.
754.
757.
761.
764.
769.
775.
776.
777.
779.
783.
784.
787.
787.
791.
794.
794.
798.
801.
807.
807.
812.
816.
820.
820.
822.
826.
829.
833.
839.
841.
840.
843.
845.
849.
854.
853.
853.
857.
859.
862.
863.
864.
866.
869.
872.
873.
873.
878.
876.
880.
882.
883.
885.
884.
887.
884.
888.
889.
890.
892.
893.
895.
895.
895.
898.
898.
897.
898.
899.
901.
900.
900.
900.
904.
904.
902.
903.
904.
905.
904.
903.
903.
905.
903.
906.
906.
906.
906.
908.
908.
907.
905.
906.
908.
907.
911.
911.
916.
917.
917.
920.
920.
920.
919.
917.
919.
920.
919.
922.
921.
918.
919.
919.
920.
921.
918.
920.
920.
920.
920.
921.
921.
920.
921.
921.
921.
924.
923.
923.
923.
924.
923.
924.
928.
925.
924.
925.
927.
927.
927.
928.
928.
927.
927.
930.
932.
931.
931.
932.
932.
932.
929.
931.
933.
932.
932.
932.
933.
933.
932.
930.
932.
931.
931.
932.
931.
929.
929.
927.
928.
926.
926.
926.
923.
922.
918.
918.
916.
913.
912.
911.
910.
907.
903.
901.
902.
896.
892.
890.
886.
884.
878.
874.
874.
867.
861.
858.
855.
850.
844.
839.
836.
829.
825.
820.
814.
807.
803.
797.
793.
785.
779.
773.
766.
760.
752.
747.
740.
731.
726.
719.
711.
701.
694.
688.
682.
672.
665.
656.
648.
640.
631.
621.
616.
606.
598.
590.
582.
573.
563.
556.
547.
537.
527.
520.
512.
503.
495.
488.
478.
466.
459.
451.
445.
434.
425.
418.
409.
399.
391.
384.
377.
367.
358.
351.
341.
334.
326.
317.
311.
302.
294.
288.
281.
271.
264.
257.
250.
240.
234.
226.
220.
210.
203.
194.
189.
180.
173.
167.
160.
150.
145.
138.
130.
123.
117.
112.
106.
99.
94.
89.
86.
79.
72.
69.
62.
55.
51.
46.
38.
31.
26.
21.
18.
11.
4.
-3.
-9.
-14.
-20.
-29.
-32.
-36.
-43.
-49.
-55.
-63.
-68.
-73.
-77.
-86.
-91.
-97.
-99.
-106.
-111.
-117.
-123.
-128.
-134.
-141.
-146.
-149.
-157.
-161.
-167.
-172.
-177.
-182.
-186.
-191.
-199.
-202.
-206.
-212.
-219.
-223.
-227.
-234.
-239.
-243.
-248.
-253.
-259.
-262.
-267.
-273.
-279.
-282.
-287.
-292.
-296.
-302.
-307.
-312.
-317.
-322.
-329.
-333.
-341.
-345.
-348.
-353.
-359.
-364.
-369.
-373.
-378.
-384.
-387.
-393.
-397.
-402.
-403.
-410.
-413.
-417.
-418.
-425.
-427.
-430.
-434.
-439.
-443.
-445.
-447.
-450.
-456.
-457.
-460.
-464.
-468.
-471.
-470.
-476.
-479.
-480.
-484.
-487.
-489.
-490.
-492.
-497.
-501.
-502.
-506.
-507.
-514.
-517.
-519.
-524.
-529.
-534.
-535.
-540.
-544.
-546.
-550.
-555.
-558.
-563.
-565.
-571.
-571.
-575.
-578.
-583.
-586.
-585.
-587.
-590.
-593.
-596.
-596.
-599.
-601.
-602.
-603.
-606.
-607.
-605.
-603.
-602.
-596.
-593.
-585.
-581.
-575.
-568.
-563.
-554.
-550.
-545.
-539.
-533.
-529.
-523.
-519.
-515.
-512.
-505.
-500.
-495.
-491.
-486.
-484.
-482.
-477.
-472.
-466.
-464.
-460.
-456.
-453.
-450.
-445.
-441.
-437.
-438.
-434.
-430.
-424.
-424.
-422.
-418.
-414.
-410.
-408.
-402.
-398.
-395.
-391.
-388.
-381.
-377.
-373.
-365.
-360.
-358.
-353.
-347.
-341.
-339.
-337.
-332.
-323.
-320.
-316.
-311.
-308.
-305.
-302.
-298.
-295.
-290.
-287.
-282.
-277.
-274.
-271.
-266.
-261.
-255.
-255.
-250.
-249.
-245.
-242.
-241.
-238.
-235.
-232.
-230.
-230.
-226.
-223.
-223.
-221.
-216.
-213.
-209.
-203.
-197.
-190.
-182.
-175.
-166.
-155.
-143.
-130.
-119.
-108.
-93.
-79.
-69.
-57.
-46.
-37.
-26.
-17.
-6.
4.
11.
21.
30.
38.
46.
53.
62.
69.
76.
85.
92.
101.
108.
114.
123.
131.
137.
143.
151.
158.
164.
170.
178.
186.
191.
198.
206.
214.
219.
226.
232.
241.
244.
252.
259.
265.
270.
277.
283.
292.
298.
304.
312.
319.
324.
331.
335.
343.
349.
354.
360.
367.
372.
379.
385.
391.
398.
403.
409.
415.
420.
425.
430.
438.
445.
449.
455.
459.
465.
470.
475.
482.
488.
493.
498.
506.
509.
515.
521.
527.
531.
537.
541.
548.
552.
558.
563.
568.
572.
578.
583.
589.
591.
595.
603.
607.
612.
614.
620.
625.
630.
636.
639.
645.
648.
654.
660.
665.
668.
675.
677.
680.
683.
688.
689.
695.
698.
703.
709.
712.
716.
721.
726.
730.
735.
738.
744.
747.
750.
757.
761.
766.
771.
775.
779.
783.
788.
794.
800.
806.
809.
815.
819.
823.
826.
832.
836.
841.
843.
848.
853.
858.
860.
866.
869.
876.
877.
880.
885.
890.
890.
894.
899.
906.
908.
910.
915.
919.
921.
923.
929.
932.
931.
937.
940.
942.
946.
947.
951.
956.
956.
958.
962.
965.
966.
968.
968.
971.
974.
975.
979.
981.
982.
984.
986.
988.
988.
988.
990.
994.
992.
994.
996.
996.
995.
997.
998.
999.
1000.
1000.
1000.
1001.
1000.
1002.
1002.
1003.
1000.
1002.
1003.
1004.
1002.
1002.
1004.
1002.
1002.
1002.
1003.
1003.
1003.
1001.
1000.
1002.
1000.
1001.
998.
997.
994.
990.
988.
989.
984.
982.
981.
978.
977.
974.
972.
972.
969.
967.
969.
967.
967.
964.
963.
964.
962.
959.
957.
957.
953.
952.
951.
950.
947.
944.
941.
942.
939.
937.
935.
930.
929.
924.
923.
920.
917.
915.
912.
910.
905.
901.
899.
895.
892.
888.
884.
881.
878.
874.
869.
865.
860.
855.
851.
849.
843.
838.
833.
829.
824.
820.
817.
812.
806.
799.
796.
790.
784.
778.
774.
766.
761.
756.
751.
745.
736.
731.
725.
719.
710.
704.
699.
693.
690.
683.
676.
672.
664.
657.
650.
642.
633.
624.
619.
609.
601.
592.
585.
577.
569.
558.
551.
542.
533.
525.
516.
508.
499.
488.
481.
473.
464.
456.
450.
438.
429.
417.
409.
402.
391.
382.
375.
366.
354.
343.
337.
326.
317.
309.
299.
292.
281.
273.
264.
254.
247.
240.
229.
220.
212.
203.
194.
186.
177.
167.
161.
153.
143.
134.
128.
119.
108.
100.
91.
84.
74.
65.
58.
50.
42.
31.
23.
14.
6.
-2.
-11.
-17.
-27.
-35.
-43.
-49.
-58.
-68.
-73.
-78.
-91.
-95.
-101.
-107.
-114.
-123.
-128.
-132.
-140.
-148.
-155.
-161.
-168.
-174.
-180.
-185.
-191.
-197.
-204.
-210.
-215.
-221.
-226.
-230.
-236.
-240.
-247.
-253.
-259.
-265.
-267.
-274.
-279.
-283.
-290.
-294.
-299.
-304.
-310.
-313.
-319.
-324.
-327.
-334.
-340.
-344.
-349.
-353.
-357.
-362.
-368.
-371.
-377.
-382.
-385.
-390.
-395.
-400.
-402.
-406.
-412.
-416.
-421.
-425.
-427.
-431.
-431.
-435.
-440.
-443.
-446.
-447.
-452.
-455.
-458.
-460.
-464.
-467.
-471.
-474.
-477.
-483.
-485.
-487.
-494.
-497.
-499.
-503.
-509.
-512.
-516.
-516.
-519.
-525.
-529.
-530.
-535.
-538.
-541.
-546.
-551.
-552.
-556.
-559.
-564.
-569.
-570.
-576.
-579.
-582.
-587.
-589.
-596.
-598.
-601.
-604.
-609.
-613.
-615.
-619.
-623.
-627.
-630.
-632.
-638.
-642.
-644.
-647.
-651.
-657.
-657.
-662.
-665.
-667.
-669.
-672.
-677.
-679.
-681.
-683.
-687.
-693.
-693.
-695.
-699.
-703.
-707.
-709.
-710.
-713.
-712.
-717.
-720.
-721.
-721.
-724.
-728.
-731.
-733.
-733.
-738.
-738.
-740.
-740.
-746.
-745.
-746.
-749.
-751.
-752.
-751.
-753.
-756.
-758.
-758.
-760.
-761.
-761.
-762.
-764.
-764.
-764.
-765.
-765.
-765.
-765.
-766.
-767.
-768.
-768.
-767.
-770.
-770.
-771.
-770.
-770.
-772.
-772.
-772.
-776.
-777.
-775.
-774.
-775.
-776.
-775.
-776.
-774.
-774.
-775.
-772.
-773.
-775.
-770.
-768.
-765.
-761.
-755.
-747.
-738.
-732.
-724.
-714.
-702.
-694.
-683.
-674.
-666.
-654.
-646.
-635.
-624.
-616.
-604.
-594.
-583.
-574.
-565.
-550.
-538.
-528.
-519.
-505.
-492.
-482.
-471.
-458.
-445.
-434.
-423.
-410.
-395.
-383.
-370.
-355.
-344.
-331.
-324.
-311.
-297.
-288.
-278.
-264.
-252.
-243.
-230.
-219.
-208.
-197.
-187.
-176.
-163.
-155.
-145.
-133.
-124.
-113.
-103.
-93.
-82.
-75.
-66.
-56.
-45.
-39.
-32.
-21.
-14.
-5.
2.
10.
20.
27.
35.
45.
55.
61.
71.
78.
87.
96.
105.
114.
120.
128.
137.
147.
154.
160.
168.
178.
185.
193.
201.
209.
217.
224.
231.
241.
246.
253.
261.
268.
275.
283.
290.
297.
304.
309.
315.
324.
329.
337.
344.
349.
356.
361.
368.
373.
381.
384.
389.
399.
402.
407.
413.
419.
426.
431.
434.
438.
443.
448.
452.
458.
462.
466.
469.
475.
479.
481.
487.
492.
497.
499.
503.
508.
512.
515.
519.
523.
527.
530.
534.
538.
543.
547.
551.
555.
560.
560.
566.
569.
572.
577.
579.
583.
588.
590.
595.
600.
602.
606.
610.
614.
618.
620.
628.
631.
636.
640.
642.
647.
652.
653.
661.
664.
668.
671.
677.
681.
688.
689.
694.
699.
706.
710.
715.
720.
725.
729.
733.
739.
743.
748.
753.
758.
764.
770.
776.
781.
789.
793.
800.
803.
812.
816.
823.
827.
832.
838.
843.
850.
854.
860.
866.
873.
877.
883.
886.
894.
898.
900.
904.
907.
912.
915.
916.
919.
923.
924.
927.
930.
935.
938.
942.
950.
956.
961.
968.
977.
981.
989.
995.
1005.
1011.
1021.
1030.
1039.
1050.
1059.
1069.
1080.
1090.
1098.
1106.
1117.
1126.
1133.
1141.
1149.
1155.
1161.
1167.
1174.
1179.
1179.
1183.
1189.
1192.
1195.
1196.
1201.
1202.
1203.
1206.
1207.
1209.
1210.
1210.
1211.
1212.
1212.
1212.
1212.
1213.
1210.
1211.
1209.
1208.
1206.
1204.
1200.
1200.
1198.
1193.
1191.
1190.
1186.
1183.
1180.
1178.
1173.
1171.
1167.
1164.
1161.
1156.
1152.
1149.
1144.
1140.
1135.
1131.
1128.
1122.
1119.
1113.
1109.
1104.
1100.
1095.
1091.
1086.
1082.
1080.
1074.
1067.
1064.
1060.
1052.
1047.
1042.
1038.
1032.
1027.
1023.
1018.
1009.
1006.
1001.
995.
987.
981.
976.
970.
961.
956.
952.
947.
938.
931.
928.
923.
914.
908.
902.
895.
888.
882.
874.
870.
862.
855.
849.
842.
835.
826.
821.
814.
803.
796.
789.
783.
776.
766.
758.
752.
742.
736.
727.
719.
709.
702.
695.
688.
678.
669.
659.
651.
642.
633.
626.
616.
606.
598.
590.
582.
570.
562.
552.
543.
534.
523.
515.
505.
496.
485.
478.
467.
455.
445.
436.
428.
415.
406.
396.
387.
376.
367.
356.
347.
335.
327.
318.
308.
297.
288.
278.
267.
257.
248.
237.
228.
217.
208.
197.
187.
179.
167.
157.
147.
138.
129.
120.
110.
100.
92.
82.
72.
62.
56.
46.
36.
27.
17.
7.
0.
-10.
-20.
-27.
-35.
-44.
-53.
-63.
-71.
-81.
-91.
-98.
-107.
-114.
-125.
-131.
-139.
-149.
-158.
-165.
-170.
-179.
-186.
-194.
-195.
-202.
-208.
-213.
-216.
-220.
-224.
-229.
-233.
-237.
-240.
-243.
-249.
-254.
-263.
-267.
-274.
-279.
-285.
-290.
-296.
-302.
-307.
-312.
-317.
-325.
-331.
-337.
-339.
-346.
-353.
-355.
-363.
-370.
-373.
-377.
-381.
-387.
-392.
-398.
-403.
-407.
-412.
-417.
-422.
-430.
-434.
-439.
-444.
-450.
-456.
-458.
-464.
-468.
-476.
-480.
-483.
-490.
-494.
-500.
-506.
-509.
-516.
-520.
-525.
-530.
-535.
-539.
-544.
-550.
-553.
-557.
-562.
-568.
-572.
-576.
-581.
-586.
-592.
-593.
-599.
-605.
-608.
-614.
-616.
-618.
-625.
-630.
-632.
-639.
-641.
-645.
-648.
-652.
-658.
-662.
-666.
-671.
-673.
-678.
-681.
-685.
-688.
-690.
-693.
-697.
-703.
-704.
-708.
-711.
-716.
-718.
-721.
-723.
-727.
-732.
-732.
-736.
-739.
-741.
-743.
-746.
-748.
-750.
-752.
-754.
-757.
-758.
-759.
-763.
-766.
-767.
-767.
-769.
-770.
-771.
-770.
-772.
-775.
-775.
-777.
-780.
-780.
-779.
-779.
-779.
-780.
-779.
-778.
-779.
-780.
-778.
-777.
-774.
-774.
-772.
-773.
-773.
-770.
-765.
-763.
-765.
-759.
-757.
-755.
-753.
-753.
-751.
-746.
-744.
-741.
-738.
-734.
-731.
-727.
-724.
-720.
-719.
-714.
-708.
-704.
-702.
-698.
-693.
-689.
-686.
-682.
-676.
-671.
-667.
-664.
-659.
-653.
-650.
-643.
-637.
-635.
-629.
-625.
-617.
-610.
-605.
-601.
-594.
-588.
-584.
-579.
-570.
-563.
-558.
-553.
-545.
-537.
-533.
-524.
-518.
-511.
-508.
-497.
-494.
-485.
-479.
-474.
-464.
-458.
-453.
-447.
-441.
-433.
-427.
-422.
-414.
-407.
-405.
-395.
-390.
-385.
-381.
-374.
-367.
-362.
-354.
-350.
-340.
-332.
-327.
-318.
-307.
-297.
-288.
-275.
-263.
-250.
-239.
-226.
-213.
-200.
-188.
-176.
-161.
-147.
-134.
-122.
-108.
-97.
-86.
-73.
-62.
-51.
-39.
-30.
-17.
-5.
4.
13.
26.
37.
43.
52.
64.
70.
80.
89.
98.
106.
113.
122.
132.
140.
148.
155.
165.
173.
180.
187.
196.
202.
207.
216.
222.
228.
233.
242.
250.
257.
262.
269.
275.
283.
288.
296.
300.
307.
315.
322.
327.
336.
340.
343.
352.
362.
368.
373.
380.
387.
392.
398.
407.
413.
417.
423.
431.
436.
442.
449.
456.
461.
468.
474.
481.
486.
491.
499.
504.
511.
515.
519.
528.
534.
540.
545.
552.
557.
565.
570.
578.
582.
586.
593.
601.
606.
610.
617.
623.
629.
636.
641.
649.
655.
660.
666.
674.
680.
687.
691.
698.
703.
711.
717.
722.
729.
736.
742.
749.
754.
762.
770.
774.
782.
788.
796.
802.
808.
815.
822.
830.
836.
841.
849.
855.
862.
869.
877.
883.
891.
894.
903.
911.
918.
924.
929.
936.
944.
948.
954.
962.
968.
974.
979.
987.
994.
999.
1006.
1011.
1017.
1022.
1031.
1037.
1041.
1045.
1053.
1055.
1062.
1065.
1071.
1078.
1084.
1085.
1088.
1093.
1098.
1101.
1103.
1109.
1112.
1114.
1116.
1121.
1125.
1126.
1130.
1130.
1134.
1137.
1139.
1141.
1142.
1142.
1143.
1144.
1146.
1150.
1149.
1148.
1149.
1151.
1153.
1152.
1154.
1155.
1152.
1153.
1153.
1153.
1152.
1154.
1155.
1153.
1153.
1153.
1153.
1153.
1153.
1152.
1150.
1149.
1149.
1148.
1147.
1146.
1145.
1144.
1146.
1143.
1143.
1139.
1139.
1138.
1135.
1135.
1134.
1132.
1130.
1130.
1128.
1126.
1125.
1123.
1123.
1121.
1119.
1117.
1117.
1114.
1112.
1111.
1109.
1107.
1106.
1104.
1101.
1100.
1098.
1093.
1093.
1092.
1089.
1088.
1085.
1083.
1081.
1079.
1077.
1073.
1070.
1072.
1068.
1066.
1061.
1060.
1057.
1054.
1053.
1049.
1045.
1042.
1040.
1038.
1033.
1029.
1024.
1023.
1019.
1016.
1013.
1010.
1007.
1002.
998.
996.
993.
986.
981.
979.
974.
967.
963.
959.
956.
949.
943.
940.
936.
931.
924.
919.
914.
908.
903.
901.
892.
888.
880.
875.
871.
864.
858.
850.
844.
837.
830.
824.
817.
811.
804.
798.
790.
782.
772.
766.
758.
751.
744.
736.
730.
722.
714.
706.
698.
688.
682.
672.
666.
659.
649.
641.
633.
627.
618.
611.
603.
594.
583.
577.
569.
558.
550.
544.
535.
525.
516.
509.
499.
489.
483.
473.
461.
451.
441.
434.
424.
415.
404.
395.
387.
378.
368.
361.
352.
343.
333.
325.
316.
306.
298.
291.
279.
270.
262.
255.
245.
237.
230.
222.
212.
202.
196.
187.
179.
168.
162.
154.
147.
139.
129.
121.
115.
105.
97.
89.
83.
74.
70.
62.
58.
52.
45.
39.
35.
26.
21.
17.
11.
4.
-1.
-5.
-12.
-16.
-21.
-25.
-32.
-38.
-45.
-51.
-56.
-64.
-70.
-75.
-82.
-87.
-94.
-100.
-105.
-110.
-118.
-122.
-127.
-134.
-138.
-144.
-151.
-156.
-163.
-167.
-172.
-179.
-183.
-188.
-194.
-200.
-205.
-210.
-216.
-224.
-229.
-232.
-238.
-244.
-251.
-257.
-259.
-267.
-270.
-276.
-283.
-288.
-291.
-295.
-301.
-308.
-312.
-317.
-322.
-329.
-335.
-337.
-343.
-347.
-354.
-356.
-364.
-371.
-375.
-379.
-383.
-389.
-396.
-399.
-403.
-410.
-414.
-418.
-422.
-427.
-432.
-437.
-443.
-446.
-450.
-454.
-459.
-465.
-472.
-474.
-477.
-482.
-487.
-490.
-495.
-499.
-502.
-506.
-511.
-516.
-521.
-522.
-529.
-533.
-536.
-539.
-543.
-546.
-551.
-554.
-554.
-559.
-561.
-563.
-566.
-570.
-572.
-575.
-578.
-579.
-584.
-586.
-589.
-592.
-592.
-597.
-598.
-600.
-600.
-604.
-605.
-608.
-608.
-610.
-614.
-615.
-614.
-616.
-618.
-620.
-621.
-623.
-622.
-624.
-626.
-627.
-628.
-628.
-628.
-630.
-629.
-631.
-633.
-632.
-634.
-637.
-636.
-636.
-636.
-638.
-637.
-636.
-637.
-640.
-638.
-639.
-638.
-638.
-639.
-637.
-638.
-637.
-638.
-635.
-637.
-636.
-636.
-634.
-635.
-635.
-636.
-636.
-633.
-635.
-632.
-633.
-631.
-631.
-631.
-630.
-629.
-630.
-628.
-630.
-627.
-629.
-627.
-626.
-623.
-624.
-624.
-624.
-621.
-622.
-621.
-619.
-621.
-619.
-617.
-614.
-615.
-615.
-611.
-611.
-608.
-610.
-607.
-605.
-603.
-603.
-600.
-600.
-597.
-596.
-593.
-591.
-589.
-588.
-583.
-583.
-577.
-580.
-578.
-574.
-570.
-570.
-570.
-565.
-561.
-563.
-557.
-552.
-547.
-547.
-544.
-541.
-539.
-537.
-531.
-529.
-524.
-520.
-516.
-512.
-508.
-505.
-499.
-494.
-490.
-485.
-480.
-473.
-469.
-463.
-459.
-453.
-445.
-440.
-431.
-424.
-419.
-411.
-403.
-395.
-389.
-381.
-372.
-363.
-352.
-346.
-335.
-328.
-319.
-307.
-295.
-285.
-274.
-261.
-246.
-234.
-220.
-207.
-193.
-180.
-166.
-155.
-142.
-129.
-116.
-104.
-93.
-80.
-67.
-57.
-45.
-31.
-21.
-10.
0.
12.
25.
34.
46.
56.
65.
76.
88.
100.
110.
120.
132.
143.
153.
164.
175.
187.
197.
206.
217.
227.
237.
248.
257.
265.
275.
283.
291.
300.
310.
319.
328.
336.
346.
352.
361.
369.
380.
386.
396.
403.
413.
418.
423.
433.
440.
446.
456.
465.
472.
476.
481.
491.
498.
503.
509.
518.
524.
531.
537.
545.
550.
557.
559.
568.
573.
579.
583.
590.
594.
602.
608.
612.
617.
622.
629.
635.
639.
641.
647.
653.
658.
662.
668.
675.
679.
682.
687.
693.
698.
701.
706.
710.
715.
719.
723.
727.
733.
736.
740.
746.
750.
753.
757.
763.
767.
771.
776.
782.
785.
787.
792.
794.
798.
802.
805.
810.
811.
816.
819.
823.
825.
827.
829.
833.
838.
842.
843.
847.
852.
853.
858.
860.
863.
864.
869.
873.
873.
877.
879.
882.
885.
888.
890.
894.
894.
899.
900.
903.
907.
909.
911.
916.
915.
917.
919.
922.
926.
928.
929.
932.
934.
935.
938.
939.
942.
944.
945.
947.
948.
951.
949.
955.
958.
958.
960.
962.
963.
964.
964.
967.
968.
971.
974.
977.
978.
978.
978.
982.
983.
984.
986.
988.
986.
989.
990.
992.
992.
992.
993.
995.
996.
995.
996.
998.
999.
1001.
1000.
1004.
1004.
1004.
1006.
1006.
1006.
1007.
1011.
1012.
1013.
1011.
1012.
1013.
1014.
1014.
1014.
1014.
1016.
1016.
1015.
1016.
1018.
1017.
1018.
1019.
1018.
1019.
1017.
1020.
1019.
1019.
1019.
1019.
1018.
1017.
1017.
1017.
1017.
1014.
1015.
1014.
1012.
1012.
1011.
1011.
1009.
1007.
1007.
1006.
1004.
1001.
1002.
998.
998.
992.
992.
991.
991.
987.
983.
982.
979.
975.
972.
969.
969.
964.
961.
957.
953.
949.
943.
940.
937.
932.
928.
925.
920.
914.
911.
907.
903.
896.
891.
887.
882.
878.
872.
867.
862.
855.
851.
847.
843.
835.
826.
820.
815.
809.
800.
796.
789.
782.
775.
770.
762.
756.
750.
742.
736.
728.
721.
713.
705.
697.
689.
681.
675.
663.
654.
648.
639.
629.
620.
614.
607.
598.
590.
585.
580.
571.
564.
557.
550.
538.
533.
527.
517.
510.
503.
495.
488.
480.
472.
466.
458.
448.
440.
432.
426.
418.
409.
403.
396.
385.
376.
369.
362.
354.
345.
339.
332.
323.
315.
308.
299.
291.
282.
276.
269.
261.
253.
245.
240.
230.
224.
216.
211.
202.
194.
188.
180.
172.
164.
157.
149.
141.
134.
128.
119.
109.
104.
96.
89.
81.
74.
68.
61.
52.
43.
37.
29.
22.
16.
9.
1.
-7.
-14.
-22.
-30.
-37.
-43.
-49.
-55.
-63.
-71.
-77.
-83.
-90.
-99.
-106.
-112.
-119.
-123.
-129.
-134.
-144.
-149.
-156.
-161.
-169.
-176.
-181.
-186.
-194.
-200.
-205.
-209.
-217.
-224.
-231.
-233.
-241.
-245.
-252.
-259.
-262.
-267.
-273.
-280.
-287.
-293.
-296.
-301.
-307.
-314.
-319.
-325.
-331.
-335.
-339.
-343.
-351.
-355.
-359.
-363.
-369.
-376.
-379.
-383.
-390.
-394.
-399.
-402.
-408.
-413.
-418.
-421.
-427.
-431.
-434.
-439.
-446.
-450.
-454.
-457.
-463.
-467.
-470.
-474.
-480.
-485.
-489.
-496.
-499.
-504.
-506.
-511.
-514.
-519.
-522.
-527.
-530.
-533.
-538.
-542.
-545.
-549.
-555.
-557.
-560.
-563.
-566.
-571.
-574.
-579.
-582.
-584.
-588.
-592.
-594.
-597.
-599.
-604.
-605.
-606.
-612.
-614.
-619.
-620.
-624.
-626.
-628.
-631.
-633.
-637.
-638.
-641.
-645.
-647.
-649.
-651.
-654.
-653.
-657.
-660.
-660.
-659.
-662.
-665.
-666.
-667.
-669.
-671.
-672.
-673.
-673.
-676.
-679.
-680.
-679.
-678.
-678.
-679.
-680.
-681.
-678.
-678.
-676.
-673.
-674.
-672.
-671.
-667.
-668.
-665.
-664.
-663.
-663.
-660.
-658.
-656.
-655.
-653.
-650.
-648.
-646.
-645.
-641.
-635.
-634.
-630.
-628.
-623.
-618.
-617.
-611.
-607.
-606.
-599.
-594.
-592.
-586.
-583.
-578.
-573.
-567.
-562.
-558.
-550.
-545.
-540.
-534.
-527.
-521.
-518.
-511.
-504.
-500.
-492.
-486.
-477.
-472.
-464.
-456.
-448.
-442.
-435.
-426.
-422.
-416.
-406.
-398.
-392.
-385.
-378.
-371.
-362.
-357.
-349.
-342.
-336.
-330.
-321.
-316.
-307.
-300.
-293.
-289.
-280.
-272.
-265.
-258.
-250.
-244.
-235.
-230.
-223.
-216.
-208.
-200.
-192.
-187.
-181.
-173.
-165.
-158.
-153.
-147.
-138.
-133.
-125.
-119.
-110.
-105.
-101.
-95.
-88.
-83.
-77.
-70.
-65.
-62.
-54.
-48.
-44.
-39.
-33.
-26.
-21.
-17.
-11.
-4.
-1.
4.
9.
14.
19.
23.
28.
34.
36.
40.
46.
50.
55.
56.
60.
64.
68.
73.
77.
77.
80.
85.
87.
93.
93.
95.
97.
102.
105.
107.
112.
117.
121.
125.
132.
138.
145.
152.
159.
168.
177.
184.
194.
200.
208.
218.
227.
236.
244.
254.
264.
274.
286.
295.
303.
315.
325.
335.
346.
354.
363.
370.
379.
388.
396.
404.
414.
423.
432.
436.
444.
452.
461.
466.
473.
479.
486.
492.
498.
505.
512.
519.
525.
530.
536.
539.
545.
552.
556.
562.
568.
573.
580.
584.
591.
597.
602.
606.
614.
618.
626.
629.
637.
645.
650.
655.
660.
667.
675.
679.
686.
691.
696.
703.
708.
713.
720.
729.
732.
737.
744.
751.
758.
763.
768.
774.
780.
786.
791.
794.
801.
805.
812.
818.
820.
828.
832.
838.
842.
849.
855.
856.
862.
868.
873.
877.
882.
888.
892.
895.
900.
904.
909.
913.
916.
921.
927.
930.
933.
936.
940.
943.
948.
949.
955.
957.
960.
964.
968.
970.
973.
974.
977.
980.
983.
989.
989.
991.
992.
998.
997.
999.
1003.
1003.
1006.
1007.
1008.
1008.
1009.
1012.
1012.
1013.
1016.
1017.
1017.
1019.
1019.
1020.
1022.
1023.
1021.
1022.