16.
15.
12.
13.
14.
17.
16.
16.
16.
15.
14.
14.
13.
15.
14.
14.
15.
14.
15.
14.
15.
15.
15.
17.
15.
16.
17.
15.
15.
16.
16.
17.
16.
16.
16.
15.
17.
18.
17.
19.
18.
19.
19.
19.
21.
19.
17.
20.
18.
20.
17.
19.
20.
21.
19.
22.
19.
21.
21.
22.
20.
22.
20.
24.
22.
21.
21.
23.
22.
23.
24.
20.
21.
24.
22.
24.
23.
24.
24.
25.
24.
24.
22.
24.
23.
23.
23.
24.
23.
24.
25.
25.
25.
23.
23.
24.
23.
22.
22.
23.
25.
23.
20.
24.
20.
22.
24.
23.
21.
23.
24.
21.
23.
23.
20.
21.
21.
21.
22.
21.
20.
21.
22.
21.
21.
21.
21.
21.
20.
20.
20.
21.
21.
19.
19.
21.
20.
19.
19.
20.
19.
20.
19.
20.
20.
20.
18.
20.
20.
19.
15.
16.
16.
17.
15.
16.
13.
13.
13.
12.
12.
10.
9.
10.
9.
6.
7.
6.
4.
3.
2.
1.
-1.
-1.
-2.
-5.
-6.
-5.
-8.
-10.
-12.
-12.
-15.
-16.
-20.
-22.
-24.
-25.
-26.
-30.
-34.
-35.
-36.
-38.
-40.
-42.
-46.
-49.
-51.
-53.
-54.
-58.
-61.
-64.
-64.
-67.
-68.
-71.
-73.
-75.
-78.
-79.
-84.
-86.
-87.
-88.
-90.
-94.
-94.
-97.
-98.
-100.
-102.
-103.
-105.
-107.
-110.
-112.
-113.
-115.
-115.
-118.
-116.
-117.
-119.
-120.
-122.
-120.
-121.
-121.
-120.
-119.
-117.
-117.
-114.
-113.
-111.
-109.
-105.
-102.
-102.
-98.
-96.
-95.
-91.
-87.
-86.
-83.
-80.
-74.
-73.
-70.
-64.
-60.
-58.
-52.
-48.
-47.
-41.
-38.
-33.
-29.
-24.
-17.
-14.
-11.
-3.
2.
8.
14.
21.
27.
32.
40.
45.
50.
60.
65.
71.
78.
84.
91.
100.
109.
115.
125.
132.
141.
148.
156.
165.
171.
181.
189.
198.
206.
216.
224.
232.
242.
251.
259.
269.
278.
289.
298.
307.
317.
327.
335.
345.
355.
367.
376.
386.
396.
406.
416.
426.
438.
448.
461.
469.
479.
490.
503.
513.
523.
536.
546.
556.
567.
581.
593.
601.
613.
626.
636.
646.
658.
671.
682.
693.
703.
715.
726.
736.
750.
762.
772.
784.
795.
805.
817.
826.
837.
849.
858.
869.
880.
889.
900.
909.
918.
927.
937.
946.
955.
963.
972.
978.
985.
995.
1001.
1007.
1014.
1018.
1026.
1032.
1035.
1039.
1045.
1048.
1052.
1057.
1059.
1059.
1060.
1063.
1065.
1066.
1066.
1068.
1067.
1065.
1066.
1066.
1064.
1061.
1059.
1057.
1057.
1053.
1050.
1047.
1043.
1039.
1034.
1030.
1023.
1019.
1013.
1005.
999.
994.
986.
979.
971.
964.
955.
947.
936.
926.
918.
908.
900.
887.
876.
862.
857.
844.
828.
820.
810.
794.
778.
767.
756.
741.
728.
714.
698.
683.
669.
653.
637.
623.
608.
591.
577.
561.
545.
529.
513.
495.
478.
465.
448.
431.
413.
398.
382.
364.
346.
329.
314.
297.
279.
263.
245.
228.
212.
195.
179.
160.
145.
126.
110.
94.
80.
63.
47.
29.
14.
-2.
-18.
-34.
-53.
-69.
-81.
-97.
-114.
-132.
-143.
-160.
-178.
-194.
-207.
-221.
-239.
-255.
-270.
-284.
-299.
-317.
-335.
-346.
-366.
-379.
-389.
-403.
-415.
-432.
-443.
-453.
-465.
-477.
-487.
-497.
-512.
-523.
-534.
-546.
-554.
-563.
-572.
-582.
-594.
-599.
-610.
-619.
-628.
-637.
-646.
-656.
-665.
-672.
-681.
-688.
-698.
-706.
-712.
-720.
-728.
-735.
-743.
-750.
-758.
-765.
-771.
-775.
-782.
-789.
-796.
-801.
-807.
-811.
-818.
-823.
-827.
-833.
-839.
-845.
-850.
-856.
-861.
-867.
-875.
-882.
-888.
-893.
-900.
-907.
-915.
-922.
-928.
-931.
-939.
-943.
-947.
-951.
-955.
-957.
-961.
-964.
-966.
-971.
-973.
-975.
-978.
-981.
-983.
-985.
-987.
-989.
-990.
-990.
-991.
-993.
-995.
-995.
-995.
-997.
-998.
-997.
-997.
-997.
-997.
-998.
-995.
-996.
-995.
-993.
-991.
-990.
-990.
-987.
-984.
-984.
-981.
-979.
-976.
-976.
-971.
-970.
-965.
-961.
-957.
-952.
-946.
-942.
-939.
-935.
-929.
-926.
-920.
-913.
-907.
-903.
-896.
-889.
-881.
-876.
-869.
-862.
-853.
-846.
-837.
-829.
-820.
-812.
-805.
-797.
-785.
-777.
-769.
-757.
-747.
-735.
-725.
-717.
-704.
-694.
-683.
-671.
-660.
-646.
-637.
-623.
-611.
-600.
-585.
-572.
-559.
-545.
-530.
-517.
-502.
-490.
-474.
-459.
-444.
-430.
-415.
-398.
-379.
-365.
-351.
-332.
-315.
-300.
-282.
-266.
-249.
-235.
-215.
-195.
-180.
-161.
-145.
-128.
-107.
-90.
-71.
-53.
-35.
-18.
2.
20.
38.
55.
71.
90.
110.
127.
147.
167.
185.
205.
222.
241.
260.
281.
299.
318.
338.
355.
372.
392.
411.
428.
446.
468.
486.
504.
522.
541.
560.
578.
595.
614.
631.
647.
666.
684.
700.
716.
733.
749.
768.
782.
797.
814.
829.
845.
858.
873.
886.
901.
914.
927.
941.
953.
965.
978.
989.
1000.
1013.
1022.
1033.
1044.
1053.
1062.
1072.
1081.
1088.
1095.
1103.
1109.
1116.
1126.
1130.
1136.
1143.
1148.
1155.
1157.
1161.
1169.
1172.
1175.
1181.
1183.
1187.
1193.
1195.
1196.
1199.
1203.
1202.
1204.
1206.
1207.
1208.
1209.
1208.
1209.
1208.
1207.
1206.
1206.
1205.
1205.
1202.
1199.
1197.
1195.
1193.
1187.
1186.
1182.
1177.
1172.
1168.
1164.
1158.
1154.
1149.
1144.
1136.
1131.
1123.
1117.
1112.
1102.
1096.
1088.
1081.
1073.
1065.
1057.
1048.
1041.
1033.
1023.
1014.
1003.
994.
985.
976.
965.
954.
942.
934.
923.
910.
898.
888.
877.
866.
853.
844.
833.
818.
804.
792.
779.
762.
753.
737.
725.
710.
695.
681.
667.
649.
634.
620.
604.
588.
573.
559.
543.
527.
511.
494.
478.
461.
443.
426.
409.
390.
374.
359.
340.
323.
304.
289.
272.
253.
236.
219.
201.
184.
168.
151.
134.
118.
101.
83.
68.
52.
37.
23.
5.
-11.
-28.
-44.
-60.
-76.
-92.
-108.
-122.
-139.
-155.
-168.
-186.
-203.
-216.
-228.
-244.
-258.
-274.
-286.
-300.
-316.
-330.
-342.
-352.
-369.
-382.
-393.
-408.
-421.
-435.
-445.
-458.
-474.
-484.
-493.
-506.
-520.
-530.
-540.
-551.
-563.
-574.
-587.
-595.
-607.
-616.
-625.
-634.
-645.
-656.
-665.
-673.
-682.
-692.
-700.
-709.
-718.
-725.
-730.
-738.
-748.
-755.
-763.
-768.
-775.
-783.
-786.
-793.
-801.
-807.
-810.
-816.
-821.
-826.
-829.
-832.
-836.
-840.
-842.
-847.
-850.
-852.
-856.
-857.
-859.
-860.
-862.
-863.
-866.
-864.
-865.
-866.
-869.
-869.
-867.
-868.
-866.
-866.
-866.
-864.
-862.
-860.
-861.
-858.
-857.
-852.
-850.
-848.
-843.
-840.
-837.
-836.
-831.
-829.
-823.
-818.
-815.
-811.
-807.
-801.
-794.
-791.
-781.
-775.
-770.
-765.
-757.
-750.
-745.
-736.
-729.
-719.
-713.
-704.
-695.
-688.
-678.
-667.
-658.
-651.
-639.
-629.
-620.
-610.
-600.
-587.
-576.
-569.
-556.
-543.
-533.
-522.
-510.
-498.
-485.
-473.
-460.
-447.
-433.
-423.
-408.
-395.
-379.
-368.
-354.
-338.
-322.
-310.
-295.
-278.
-263.
-249.
-234.
-218.
-200.
-183.
-167.
-153.
-135.
-119.
-104.
-85.
-68.
-53.
-36.
-17.
1.
19.
33.
51.
73.
91.
107.
126.
145.
163.
182.
202.
222.
240.
258.
279.
300.
319.
336.
355.
372.
389.
409.
426.
446.
464.
481.
502.
518.
536.
554.
570.
589.
606.
623.
640.
659.
676.
691.
710.
727.
742.
759.
776.
792.
805.
820.
835.
851.
867.
880.
894.
906.
921.
933.
945.
957.
969.
981.
993.
1004.
1015.
1024.
1036.
1045.
1057.
1065.
1075.
1084.
1091.
1099.
1109.
1117.
1125.
1134.
1142.
1146.
1154.
1160.
1165.
1172.
1178.
1183.
1188.
1193.
1196.
1202.
1206.
1211.
1215.
1218.
1220.
1225.
1230.
1231.
1232.
1238.
1239.
1241.
1240.
1243.
1246.
1245.
1244.
1246.
1243.
1244.
1242.
1243.
1243.
1241.
1240.
1240.
1238.
1235.
1234.
1232.
1228.
1225.
1220.
1217.
1213.
1209.
1206.
1202.
1196.
1193.
1189.
1187.
1180.
1175.
1173.
1170.
1167.
1166.
1163.
1157.
1152.
1144.
1138.
1131.
1121.
1112.
1105.
1095.
1084.
1074.
1062.
1055.
1045.
1031.
1021.
1009.
998.
985.
973.
964.
949.
936.
926.
913.
897.
885.
871.
860.
845.
828.
816.
805.
792.
775.
759.
746.
729.
711.
700.
683.
669.
648.
636.
619.
603.
584.
571.
555.
538.
523.
503.
488.
473.
454.
438.
422.
405.
389.
372.
356.
340.
322.
305.
288.
273.
255.
239.
223.
207.
190.
174.
158.
141.
124.
108.
92.
75.
61.
45.
27.
13.
-5.
-22.
-30.
-46.
-61.
-80.
-91.
-105.
-126.
-137.
-149.
-164.
-178.
-195.
-207.
-222.
-239.
-253.
-265.
-280.
-295.
-308.
-323.
-332.
-348.
-360.
-372.
-384.
-396.
-411.
-421.
-432.
-445.
-457.
-469.
-480.
-493.
-504.
-514.
-526.
-536.
-545.
-554.
-565.
-574.
-583.
-591.
-600.
-606.
-616.
-624.
-634.
-641.
-648.
-654.
-663.
-670.
-677.
-682.
-689.
-694.
-699.
-702.
-710.
-714.
-719.
-722.
-726.
-731.
-733.
-738.
-743.
-746.
-751.
-751.
-755.
-758.
-758.
-761.
-763.
-764.
-765.
-767.
-768.
-771.
-770.
-769.
-770.
-771.
-772.
-771.
-769.
-767.
-768.
-767.
-768.
-765.
-763.
-761.
-760.
-758.
-755.
-752.
-749.
-747.
-745.
-741.
-739.
-736.
-733.
-729.
-727.
-720.
-716.
-712.
-709.
-703.
-698.
-691.
-687.
-684.
-676.
-669.
-664.
-659.
-651.
-646.
-642.
-632.
-625.
-619.
-613.
-605.
-596.
-588.
-582.
-573.
-565.
-556.
-548.
-536.
-528.
-521.
-510.
-502.
-490.
-480.
-470.
-462.
-450.
-438.
-427.
-418.
-406.
-394.
-382.
-369.
-357.
-343.
-332.
-320.
-309.
-293.
-281.
-268.
-254.
-239.
-225.
-211.
-197.
-180.
-165.
-152.
-135.
-123.
-106.
-89.
-76.
-59.
-45.
-28.
-11.
5.
20.
38.
53.
71.
87.
103.
120.
136.
153.
169.
186.
202.
216.
234.
250.
267.
281.
298.
313.
331.
345.
360.
377.
395.
410.
425.
439.
456.
471.
486.
501.
518.
533.
548.
566.
581.
597.
611.
628.
642.
659.
672.
688.
703.
716.
730.
743.
758.
773.
785.
799.
812.
823.
837.
848.
861.
874.
886.
899.
909.
921.
932.
942.
953.
965.
975.
986.
995.
1006.
1019.
1026.
1035.
1043.
1053.
1062.
1071.
1080.
1089.
1098.
1105.
1110.
1119.
1131.
1136.
1142.
1150.
1156.
1161.
1171.
1177.
1183.
1188.
1194.
1201.
1205.
1211.
1215.
1219.
1225.
1230.
1232.
1235.
1239.
1244.
1246.
1249.
1251.
1255.
1256.
1259.
1261.
1261.
1265.
1265.
1266.
1268.
1267.
1268.
1270.
1268.
1268.
1268.
1268.
1267.
1267.
1263.
1263.
1261.
1260.
1258.
1258.
1257.
1256.
1258.
1256.
1253.
1251.
1248.
1245.
1242.
1237.
1235.
1232.
1228.
1223.
1219.
1214.
1210.
1209.
1200.
1194.
1189.
1184.
1179.
1174.
1169.
1162.
1157.
1150.
1144.
1138.
1130.
1125.
1118.
1110.
1101.
1097.
1090.
1082.
1073.
1065.
1058.
1048.
1039.
1030.
1025.
1013.
1004.
994.
986.
977.
968.
959.
949.
941.
931.
921.
912.
901.
891.
879.
868.
858.
848.
838.
828.
815.
801.
793.
778.
768.
752.
740.
731.
716.
702.
691.
681.
666.
652.
638.
630.
614.
599.
586.
577.
561.
546.
532.
518.
504.
485.
471.
455.
437.
416.
399.
384.
367.
348.
334.
320.
305.
287.
275.
262.
250.
235.
220.
209.
194.
180.
168.
158.
141.
127.
116.
107.
92.
77.
67.
59.
44.
28.
17.
6.
-6.
-18.
-33.
-43.
-53.
-69.
-80.
-93.
-104.
-115.
-125.
-138.
-151.
-161.
-173.
-181.
-191.
-204.
-213.
-224.
-234.
-247.
-258.
-267.
-276.
-288.
-301.
-307.
-316.
-327.
-339.
-349.
-358.
-367.
-376.
-385.
-394.
-403.
-412.
-419.
-430.
-438.
-447.
-453.
-461.
-468.
-476.
-485.
-494.
-500.
-507.
-514.
-522.
-527.
-533.
-538.
-544.
-552.
-555.
-563.
-568.
-571.
-576.
-581.
-584.
-590.
-594.
-597.
-601.
-604.
-606.
-612.
-612.
-617.
-621.
-621.
-625.
-627.
-628.
-628.
-633.
-632.
-632.
-635.
-639.
-638.
-639.
-639.
-640.
-640.
-639.
-638.
-638.
-637.
-636.
-636.
-635.
-634.
-632.
-630.
-631.
-630.
-626.
-624.
-620.
-619.
-616.
-613.
-610.
-607.
-602.
-598.
-595.
-594.
-589.
-585.
-580.
-578.
-573.
-567.
-564.
-559.
-554.
-549.
-543.
-539.
-534.
-527.
-521.
-513.
-508.
-501.
-495.
-487.
-479.
-472.
-469.
-458.
-451.
-442.
-435.
-427.
-418.
-406.
-399.
-390.
-383.
-371.
-361.
-352.
-340.
-330.
-318.
-310.
-297.
-284.
-273.
-261.
-249.
-237.
-224.
-211.
-198.
-185.
-171.
-158.
-145.
-130.
-118.
-104.
-90.
-74.
-60.
-45.
-32.
-16.
-3.
11.
27.
43.
57.
72.
87.
103.
117.
132.
148.
165.
178.
194.
210.
228.
240.
255.
272.
289.
303.
318.
336.
351.
367.
383.
399.
415.
430.
444.
463.
478.
495.
510.
527.
543.
558.
574.
591.
607.
623.
639.
655.
672.
687.
701.
716.
732.
747.
762.
776.
790.
805.
821.
834.
848.
861.
875.
889.
902.
915.
928.
941.
953.
964.
976.
986.
997.
1007.
1018.
1031.
1043.
1050.
1059.
1069.
1077.
1085.
1095.
1100.
1107.
1114.
1120.
1127.
1136.
1142.
1151.
1156.
1164.
1171.
1174.
1183.
1186.
1191.
1197.
1201.
1206.
1211.
1214.
1217.
1222.
1227.
1231.
1235.
1237.
1241.
1244.
1247.
1249.
1250.
1251.
1254.
1255.
1257.
1259.
1260.
1261.
1261.
1261.
1261.
1263.
1264.
1263.
1263.
1263.
1262.
1260.
1262.
1263.
1262.
1260.
1259.
1257.
1256.
1253.
1253.
1251.
1249.
1248.
1245.
1242.
1241.
1239.
1237.
1234.
1232.
1227.
1224.
1222.
1219.
1216.
1213.
1209.
1201.
1199.
1194.
1191.
1187.
1182.
1178.
1174.
1167.
1162.
1159.
1151.
1145.
1139.
1133.
1126.
1119.
1113.
1106.
1100.
1090.
1084.
1077.
1072.
1063.
1054.
1046.
1038.
1029.
1021.
1013.
1004.
994.
984.
976.
966.
958.
949.
940.
930.
920.
909.
898.
887.
876.
865.
853.
844.
834.
820.
810.
800.
782.
770.
760.
749.
732.
720.
707.
695.
677.
660.
649.
635.
622.
603.
586.
574.
557.
538.
526.
513.
497.
478.
468.
454.
438.
423.
410.
399.
384.
367.
353.
344.
328.
310.
298.
288.
273.
256.
240.
230.
216.
199.
185.
175.
160.
145.
132.
121.
107.
90.
78.
66.
54.
40.
26.
18.
1.
-13.
-26.
-35.
-49.
-64.
-77.
-85.
-101.
-113.
-125.
-136.
-147.
-162.
-173.
-182.
-192.
-204.
-215.
-225.
-234.
-247.
-258.
-267.
-279.
-288.
-297.
-305.
-316.
-326.
-333.
-344.
-353.
-360.
-369.
-376.
-385.
-392.
-400.
-407.
-416.
-423.
-433.
-438.
-447.
-454.
-459.
-467.
-474.
-481.
-489.
-494.
-502.
-507.
-511.
-516.
-524.
-531.
-534.
-539.
-545.
-549.
-553.
-558.
-563.
-570.
-573.
-578.
-581.
-584.
-587.
-591.
-597.
-600.
-602.
-606.
-607.
-611.
-614.
-617.
-621.
-626.
-631.
-634.
-640.
-643.
-647.
-651.
-654.
-652.
-657.
-658.
-659.
-662.
-660.
-661.
-663.
-659.
-659.
-658.
-659.
-656.
-655.
-655.
-654.
-654.
-652.
-649.
-650.
-646.
-646.
-641.
-640.
-636.
-632.
-630.
-629.
-623.
-619.
-619.
-612.
-609.
-606.
-600.
-596.
-591.
-585.
-580.
-575.
-570.
-564.
-556.
-551.
-545.
-537.
-533.
-524.
-515.
-508.
-499.
-491.
-482.
-474.
-464.
-456.
-448.
-439.
-431.
-417.
-408.
-399.
-388.
-376.
-367.
-354.
-342.
-330.
-318.
-304.
-292.
-279.
-266.
-254.
-239.
-228.
-214.
-198.
-183.
-171.
-157.
-141.
-126.
-111.
-97.
-82.
-66.
-50.
-35.
-19.
-3.
13.
30.
48.
66.
83.
97.
114.
131.
148.
164.
181.
198.
217.
235.
253.
272.
288.
307.
325.
343.
361.
380.
397.
415.
433.
450.
467.
484.
500.
516.
532.
551.
567.
583.
600.
617.
631.
648.
666.
681.
697.
713.
732.
747.
763.
779.
795.
810.
825.
841.
854.
871.
886.
899.
914.
927.
941.
954.
966.
980.
991.
1003.
1016.
1029.
1039.
1049.
1059.
1071.
1080.
1089.
1099.
1108.
1116.
1125.
1133.
1143.
1149.
1158.
1165.
1172.
1180.
1187.
1195.
1202.
1206.
1212.
1219.
1224.
1231.
1238.
1239.
1242.
1246.
1251.
1256.
1259.
1264.
1265.
1269.
1274.
1274.
1278.
1279.
1282.
1283.
1286.
1287.
1288.
1286.
1290.
1287.
1289.
1290.
1291.
1291.
1290.
1290.
1289.
1289.
1287.
1285.
1284.
1280.
1278.
1278.
1276.
1274.
1272.
1270.
1264.
1263.
1259.
1255.
1251.
1247.
1244.
1239.
1233.
1230.
1226.
1220.
1216.
1208.
1201.
1196.
1191.
1183.
1177.
1170.
1165.
1157.
1150.
1141.
1134.
1129.
1122.
1112.
1105.
1096.
1088.
1077.
1068.
1058.
1047.
1036.
1023.
1009.
996.
983.
968.
957.
946.
927.
915.
903.
895.
880.
871.
860.
851.
836.
824.
810.
802.
789.
775.
763.
754.
738.
725.
711.
700.
685.
671.
659.
647.
631.
614.
601.
591.
572.
557.
547.
531.
517.
498.
484.
471.
455.
440.
423.
412.
395.
376.
362.
350.
336.
319.
304.
291.
275.
257.
246.
232.
218.
202.
190.
177.
163.
147.
134.
122.
111.
93.
80.
69.
57.
42.
29.
19.
3.
-10.
-21.
-32.
-46.
-59.
-71.
-81.
-93.
-108.
-119.
-126.
-141.
-153.
-164.
-173.
-184.
-197.
-207.
-216.
-228.
-243.
-252.
-261.
-274.
-283.
-292.
-302.
-312.
-322.
-332.
-342.
-352.
-363.
-370.
-380.
-391.
-401.
-410.
-419.
-427.
-435.
-443.
-451.
-460.
-470.
-479.
-484.
-491.
-499.
-506.
-515.
-523.
-530.
-536.
-544.
-551.
-557.
-565.
-571.
-577.
-583.
-587.
-592.
-600.
-607.
-611.
-615.
-619.
-626.
-629.
-634.
-639.
-642.
-645.
-648.
-652.
-655.
-659.
-660.
-664.
-667.
-669.
-669.
-673.
-674.
-675.
-678.
-680.
-683.
-683.
-685.
-686.
-688.
-690.
-689.
-692.
-696.
-694.
-694.
-696.
-698.
-697.
-694.
-693.
-689.
-689.
-684.
-683.
-679.
-677.
-673.
-670.
-668.
-664.
-660.
-657.
-652.
-648.
-642.
-637.
-631.
-627.
-622.
-618.
-612.
-607.
-598.
-594.
-588.
-581.
-572.
-567.
-559.
-550.
-543.
-536.
-527.
-517.
-510.
-502.
-490.
-483.
-472.
-464.
-455.
-443.
-431.
-421.
-411.
-400.
-392.
-381.
-367.
-356.
-343.
-331.
-320.
-308.
-294.
-283.
-271.
-257.
-244.
-230.
-217.
-202.
-189.
-174.
-163.
-149.
-135.
-120.
-106.
-91.
-78.
-61.
-46.
-33.
-19.
-3.
13.
27.
41.
57.
72.
86.
103.
118.
131.
147.
163.
179.
193.
209.
225.
238.
253.
268.
284.
298.
313.
327.
343.
357.
373.
387.
403.
416.
432.
447.
463.
476.
492.
506.
521.
537.
550.
566.
582.
597.
609.
625.
641.
654.
669.
682.
696.
711.
726.
738.
751.
764.
779.
791.
805.
819.
829.
842.
855.
865.
878.
890.
901.
911.
922.
933.
943.
954.
964.
974.
984.
995.
1003.
1012.
1022.
1031.
1040.
1050.
1058.
1067.
1071.
1080.
1089.
1096.
1102.
1111.
1118.
1123.
1128.
1133.
1141.
1144.
1150.
1156.
1162.
1163.
1170.
1174.
1178.
1182.
1184.
1187.
1189.
1193.
1196.
1198.
1203.
1204.
1204.
1208.
1208.
1210.
1212.
1213.
1214.
1216.
1217.
1214.
1217.
1216.
1217.
1216.
1215.
1216.
1214.
1212.
1211.
1207.
1205.
1202.
1198.
1196.
1194.
1193.
1189.
1185.
1183.
1183.
1181.
1179.
1177.
1174.
1172.
1168.
1165.
1163.
1162.
1155.
1154.
1149.
1146.
1142.
1137.
1135.
1130.
1125.
1122.
1115.
1108.
1103.
1097.
1092.
1087.
1080.
1073.
1067.
1061.
1054.
1048.
1039.
1032.
1024.
1016.
1009.
1003.
995.
985.
978.
969.
959.
952.
944.
934.
926.
917.
907.
900.
890.
880.
866.
856.
844.
830.
821.
811.
797.
783.
771.
761.
748.
733.
722.
713.
698.
682.
668.
660.
646.
629.
617.
604.
591.
576.
561.
548.
533.
516.
502.
489.
473.
459.
445.
429.
416.
399.
386.
370.
356.
338.
324.
313.
299.
281.
268.
258.
241.
225.
210.
200.
182.
169.
154.
145.
131.
114.
102.
90.
79.
63.
51.
41.
26.
11.
0.
-12.
-21.
-35.
-47.
-54.
-67.
-79.
-89.
-98.
-111.
-120.
-130.
-139.
-147.
-160.
-170.
-183.
-196.
-207.
-220.
-231.
-244.
-254.
-267.
-275.
-286.
-293.
-300.
-306.
-314.
-320.
-326.
-332.
-335.
-343.
-343.
-349.
-354.
-360.
-363.
-367.
-371.
-375.
-376.
-379.
-383.
-387.
-391.
-390.
-393.
-393.
-395.
-395.
-397.
-398.
-399.
-398.
-400.
-399.
-400.
-401.
-400.
-400.
-400.
-397.
-398.
-398.
-396.
-394.
-392.
-392.
-391.
-389.
-387.
-386.
-387.
-381.
-380.
-378.
-377.
-373.
-372.
-369.
-368.
-361.
-360.
-360.
-357.
-353.
-353.
-351.
-347.
-343.
-340.
-338.
-334.
-331.
-329.
-327.
-322.
-317.
-311.
-304.
-299.
-294.
-287.
-282.
-277.
-273.
-271.
-265.
-260.
-255.
-252.
-251.
-244.
-237.
-232.
-227.
-219.
-214.
-207.
-203.
-195.
-190.
-183.
-176.
-169.
-162.
-155.
-148.
-139.
-130.
-124.
-118.
-109.
-99.
-89.
-81.
-71.
-63.
-55.
-47.
-36.
-25.
-17.
-7.
6.
13.
24.
35.
45.
58.
70.
79.
91.
105.
117.
127.
140.
153.
166.
176.
191.
203.
214.
230.
243.
254.
268.
280.
295.
307.
321.
334.
349.
363.
376.
389.
403.
419.
432.
446.
458.
474.
487.
502.
518.
531.
544.
560.
574.
588.
603.
618.
631.
647.
660.
675.
692.
705.
721.
736.
748.
762.
777.
793.
808.
820.
835.
848.
861.
874.
888.
901.
914.
927.
939.
953.
965.
978.
989.
1002.
1013.
1025.
1036.
1047.
1059.
1070.
1079.
1092.
1101.
1112.
1121.
1129.
1142.
1152.
1159.
1168.
1178.
1188.
1196.
1206.
1214.
1223.
1230.
1235.
1242.
1250.
1257.
1262.
1269.
1274.
1281.
1286.
1291.
1298.
1303.
1306.
1312.
1317.
1319.
1324.
1325.
1333.
1334.
1336.
1339.
1342.
1346.
1349.
1352.
1354.
1355.
1356.
1357.
1361.
1361.
1362.
1361.
1365.
1366.
1366.
1365.
1367.
1365.
1367.
1366.
1365.
1364.
1364.
1363.
1363.
1363.
1364.
1364.
1364.
1363.
1361.
1362.
1361.
1360.
1357.
1354.
1354.
1351.
1348.
1344.
1340.
1336.
1333.
1329.
1325.
1321.
1316.
1313.
1309.
1306.
1301.
1294.
1290.
1286.
1280.
1277.
1270.
1262.
1257.
1254.
1247.
1240.
1233.
1226.
1220.
1214.
1206.
1200.
1192.
1184.
1177.
1168.
1161.
1153.
1144.
1137.
1129.
1120.
1111.
1102.
1093.
1085.
1076.
1067.
1053.
1044.
1032.
1024.
1015.
1004.
992.
982.
972.
964.
948.
936.
927.
916.
903.
892.
883.
868.
856.
844.
832.
819.
806.
793.
782.
769.
752.
740.
730.
714.
701.
687.
673.
657.
641.
628.
616.
601.
583.
570.
559.
541.
523.
511.
498.
483.
468.
457.
448.
431.
420.
406.
399.
384.
368.
358.
346.
330.
314.
304.
291.
278.
263.
250.
240.
224.
209.
198.
187.
172.
156.
145.
136.
120.
106.
95.
85.
72.
58.
46.
39.
25.
11.
-1.
-10.
-22.
-37.
-48.
-57.
-68.
-81.
-91.
-103.
-112.
-124.
-136.
-144.
-155.
-165.
-177.
-184.
-193.
-202.
-215.
-223.
-233.
-241.
-250.
-258.
-267.
-276.
-284.
-292.
-300.
-309.
-315.
-324.
-332.
-339.
-347.
-353.
-360.
-367.
-372.
-378.
-385.
-388.
-395.
-402.
-407.
-409.
-417.
-421.
-425.
-429.
-433.
-437.
-440.
-443.
-446.
-447.
-450.
-452.
-452.
-453.
-455.
-456.
-457.
-459.
-455.
-458.
-456.
-459.
-459.
-457.
-455.
-453.
-454.
-452.
-449.
-450.
-447.
-444.
-443.
-441.
-438.
-436.
-433.
-431.
-427.
-423.
-420.
-414.
-411.
-407.
-405.
-398.
-393.
-390.
-385.
-381.
-376.
-370.
-364.
-357.
-351.
-348.
-341.
-335.
-328.
-321.
-317.
-309.
-302.
-296.
-287.
-280.
-271.
-265.
-256.
-248.
-239.
-233.
-224.
-214.
-206.
-198.
-189.
-179.
-172.
-164.
-155.
-149.
-145.
-134.
-127.
-120.
-109.
-102.
-93.
-83.
-76.
-66.
-56.
-46.
-37.
-26.
-17.
-6.
3.
13.
23.
34.
44.
53.
63.
73.
83.
94.
102.
113.
124.
133.
141.
153.
162.
173.
182.
192.
203.
213.
224.
235.
243.
254.
264.
275.
284.
298.
309.
318.
328.
340.
353.
363.
374.
383.
393.
404.
417.
426.
437.
449.
461.
471.
484.
496.
507.
519.
531.
544.
557.
567.
579.
593.
604.
617.
628.
639.
652.
665.
678.
693.
705.
719.
732.
745.
760.
770.
782.
794.
806.
818.
831.
842.
853.
868.
878.
891.
905.
913.
927.
941.
952.
964.
976.
989.
1001.
1012.
1023.
1037.
1048.
1058.
1072.
1083.
1093.
1104.
1115.
1127.
1137.
1146.
1158.
1168.
1177.
1187.
1195.
1206.
1213.
1221.
1230.
1238.
1247.
1253.
1262.
1269.
1277.
1283.
1288.
1294.
1301.
1305.
1312.
1316.
1321.
1326.
1331.
1337.
1341.
1343.
1346.
1351.
1354.
1357.
1359.
1363.
1366.
1369.
1374.
1374.
1377.
1379.
1382.
1384.
1385.
1387.
1388.
1389.
1390.
1390.
1389.
1390.
1391.
1389.
1390.
1390.
1386.
1385.
1383.
1384.
1384.
1384.
1385.
1384.
1384.
1383.
1382.
1382.
1381.
1380.
1377.
1376.
1376.
1374.
1371.
1370.
1368.
1363.
1360.
1357.
1353.
1350.
1347.
1344.
1340.
1337.
1332.
1328.
1322.
1318.
1312.
1308.
1302.
1296.
1290.
1282.
1276.
1270.
1262.
1256.
1248.
1241.
1235.
1226.
1218.
1210.
1202.
1194.
1183.
1175.
1168.
1160.
1150.
1139.
1131.
1123.
1112.
1102.
1094.
1083.
1073.
1059.
1049.
1041.
1030.
1016.
1006.
994.
981.
968.
956.
948.
932.
917.
903.
895.
879.
863.
853.
841.
826.
809.
797.
785.
772.
754.
738.
723.
707.
691.
672.
656.
640.
626.
610.
595.
581.
563.
547.
535.
519.
501.
489.
472.
456.
442.
426.
412.
397.
377.
365.
350.
337.
321.
305.
291.
278.
258.
244.
234.
218.
201.
186.
176.
160.
141.
129.
118.
102.
84.
71.
59.
45.
29.
18.
6.
-7.
-21.
-33.
-44.
-55.
-72.
-84.
-92.
-105.
-121.
-132.
-143.
-155.
-166.
-178.
-187.
-197.
-212.
-223.
-237.
-247.
-260.
-271.
-282.
-294.
-305.
-314.
-326.
-335.
-347.
-354.
-362.
-369.
-376.
-385.
-391.
-397.
-406.
-411.
-416.
-422.
-429.
-436.
-440.
-446.
-451.
-454.
-461.
-464.
-469.
-472.
-479.
-481.
-484.
-487.
-491.
-494.
-496.
-498.
-500.
-502.
-503.
-504.
-506.
-508.
-511.
-510.
-512.
-511.
-511.
-511.
-512.
-512.
-512.
-512.
-510.
-512.
-509.
-508.
-507.
-506.
-505.
-503.
-501.
-499.
-498.
-496.
-493.
-490.
-486.
-484.
-481.
-477.
-475.
-474.
-470.
-464.
-461.
-456.
-454.
-450.
-445.
-442.
-436.
-429.
-428.
-421.
-415.
-410.
-405.
-399.
-392.
-388.
-379.
-373.
-367.
-360.
-354.
-345.
-337.
-328.
-323.
-315.
-306.
-299.
-290.
-281.
-271.
-264.
-253.
-245.
-235.
-226.
-213.
-206.
-196.
-184.
-177.
-162.
-152.
-141.
-129.
-118.
-106.
-94.
-83.
-71.
-57.
-45.
-32.
-22.
-8.
5.
17.
29.
44.
57.
68.
81.
95.
110.
125.
136.
150.
165.
178.
193.
210.
224.
238.
252.
268.
284.
300.
312.
329.
343.
361.
378.
393.
407.
421.
436.
452.
469.
482.
498.
514.
529.
545.
559.
575.
592.
604.
622.
636.
649.
664.
680.
694.
711.
724.
739.
754.
769.
783.
798.
812.
826.
841.
855.
870.
885.
898.
911.
926.
939.
952.
964.
978.
991.
1004.
1015.
1029.
1038.
1051.
1063.
1075.
1085.
1095.
1109.
1117.
1130.
1139.
1150.
1160.
1169.
1178.
1189.
1197.
1207.
1215.
1224.
1232.
1240.
1246.
1255.
1264.
1271.
1277.
1282.
1289.
1294.
1301.
1305.
1314.
1318.
1322.
1327.
1332.
1336.
1341.
1344.
1348.
1352.
1353.
1357.
1361.
1363.
1365.
1370.
1373.
1375.
1375.
1377.
1378.
1379.
1378.
1383.
1382.
1382.
1381.
1383.
1384.
1386.
1384.
1383.
1385.
1384.
1382.
1381.
1381.
1380.
1378.
1378.
1377.
1375.
1374.
1371.
1370.
1368.
1367.
1365.
1365.
1359.
1358.
1354.
1352.
1348.
1344.
1342.
1341.
1336.
1334.
1330.
1326.
1322.
1318.
1313.
1311.
1307.
1301.
1294.
1290.
1287.
1281.
1276.
1270.
1266.
1258.
1255.
1252.
1247.
1242.
1239.
1237.
1232.
1226.
1222.
1216.
1208.
1203.
1195.
1186.
1177.
1170.
1162.
1156.
1150.
1140.
1131.
1122.
1111.
1103.
1094.
1083.
1074.
1064.
1053.
1045.
1035.
1024.
1014.
1004.
993.
982.
975.
963.
951.
938.
926.
918.
905.
892.
884.
872.
859.
845.
835.
824.
810.
793.
783.
772.
759.
743.
730.
719.
704.
690.
679.
666.
653.
636.
622.
613.
596.
578.
563.
555.
538.
520.
507.
494.
479.
462.
449.
435.
418.
402.
387.
374.
358.
341.
329.
314.
297.
281.
260.
243.
225.
203.
189.
172.
155.
138.
121.
106.
90.
72.
63.
48.
36.
19.
7.
-4.
-20.
-36.
-50.
-59.
-74.
-90.
-103.
-113.
-127.
-143.
-154.
-164.
-179.
-189.
-204.
-217.
-226.
-240.
-254.
-262.
-275.
-289.
-300.
-309.
-318.
-333.
-343.
-352.
-366.
-376.
-385.
-396.
-407.
-417.
-426.
-435.
-446.
-454.
-464.
-471.
-479.
-487.
-495.
-503.
-512.
-520.
-529.
-535.
-543.
-549.
-558.
-564.
-572.
-578.
-584.
-588.
-596.
-604.
-608.
-614.
-618.
-623.
-626.
-631.
-637.
-642.
-645.
-649.
-652.
-656.
-659.
-663.
-668.
-668.
-670.
-672.
-675.
-677.
-678.
-681.
-681.
-681.
-683.
-682.
-682.
-682.
-683.
-683.
-682.
-682.
-680.
-676.
-678.
-676.
-676.
-675.
-673.
-671.
-670.
-667.
-667.
-665.
-663.
-657.
-655.
-654.
-649.
-646.
-644.
-639.
-636.
-630.
-627.
-621.
-616.
-611.
-603.
-597.
-589.
-580.
-572.
-562.
-550.
-540.
-530.
-517.
-507.
-495.
-484.
-473.
-463.
-448.
-438.
-427.
-414.
-400.
-389.
-377.
-365.
-353.
-342.
-331.
-321.
-306.
-295.
-283.
-272.
-260.
-249.
-236.
-224.
-213.
-202.
-189.
-175.
-161.
-149.
-137.
-124.
-112.
-98.
-83.
-71.
-57.
-44.
-30.
-17.
-4.
9.
22.
35.
50.
63.
75.
90.
105.
117.
131.
147.
159.
174.
188.
202.
216.
231.
245.
259.
272.
284.
300.
314.
329.
342.
356.
370.
384.
397.
412.
426.
441.
453.
467.
482.
495.
511.
525.
538.
552.
568.
581.
594.
609.
623.
638.
651.
664.
676.
691.
704.
718.
733.
745.
756.
769.
784.
796.
809.
819.
834.
848.
857.
870.
883.
893.
903.
918.
930.
941.
952.
964.
975.
987.
999.
1010.
1021.
1032.
1043.
1055.
1065.
1077.
1086.
1096.
1106.
1114.
1124.
1135.
1145.
1158.
1162.
1175.
1183.
1192.
1200.
1209.
1218.
1225.
1234.
1244.
1251.
1259.
1266.
1274.
1281.
1286.
1292.
1302.
1307.
1313.
1319.
1325.
1330.
1336.
1343.
1347.
1350.
1354.
1360.
1364.
1369.
1371.
1374.
1379.
1380.
1385.
1388.
1393.
1394.
1397.
1397.
1403.
1403.
1404.
1406.
1410.
1410.
1412.
1412.
1413.
1412.
1412.
1412.
1414.
1412.
1412.
1415.
1413.
1412.
1411.
1408.
1406.
1402.
1401.
1398.
1397.
1396.
1392.
1391.
1388.
1383.
1380.
1377.
1374.
1369.
1364.
1361.
1355.
1351.
1345.
1339.
1335.
1328.
1323.
1315.
1310.
1304.
1297.
1291.
1285.
1275.
1268.
1259.
1252.
1245.
1237.
1228.
1218.
1210.
1201.
1192.
1181.
1172.
1160.
1151.
1144.
1133.
1120.
1110.
1101.
1092.
1074.
1066.
1056.
1045.
1031.
1020.
1007.
994.
981.
970.
956.
943.
927.
915.
902.
887.
874.
859.
849.
836.
821.
807.
794.
778.
763.
750.
737.
723.
704.
692.
680.
665.
646.
635.
619.
605.
591.
574.
556.
545.
528.
510.
493.
477.
460.
440.
422.
404.
384.
363.
344.
324.
306.
287.
273.
254.
237.
220.
205.
191.
176.
160.
146.
132.
115.
98.
84.
69.
51.
37.
27.
12.
-5.
-19.
-33.
-47.
-63.
-77.
-88.
-101.
-119.
-131.
-143.
-158.
-173.
-187.
-198.
-208.
-224.
-236.
-245.
-258.
-272.
-283.
-294.
-305.
-318.
-327.
-339.
-349.
-362.
-371.
-380.
-389.
-399.
-410.
-418.
-424.
-434.
-443.
-450.
-462.
-467.
-473.
-481.
-490.
-496.
-503.
-508.
-516.
-521.
-527.
-533.
-538.
-541.
-546.
-551.
-557.
-560.
-562.
-571.
-572.
-575.
-578.
-580.
-584.
-588.
-588.
-591.
-596.
-596.
-597.
-599.
-600.
-599.
-600.
-601.
-603.
-604.
-602.
-601.
-603.
-601.
-599.
-600.
-600.
-597.
-596.
-594.
-593.
-591.
-588.
-585.
-583.
-581.
-577.
-575.
-572.
-568.
-564.
-559.
-557.
-553.
-549.
-544.
-542.
-537.
-530.
-525.
-520.
-515.
-507.
-504.
-498.
-493.
-486.
-480.
-472.
-464.
-456.
-450.
-444.
-437.
-427.
-420.
-413.
-404.
-397.
-387.
-379.
-370.
-361.
-352.
-343.
-335.
-323.
-310.
-301.
-292.
-282.
-272.
-262.
-251.
-239.
-229.
-218.
-208.
-196.
-186.
-174.
-163.
-151.
-142.
-131.
-118.
-109.
-98.
-88.
-77.
-64.
-55.
-44.
-34.
-24.
-13.
-1.
8.
18.
32.
44.
56.
67.
80.
93.
108.
121.
134.
149.
163.
178.
191.
206.
219.
233.
248.
260.
273.
287.
304.
319.
332.
347.
361.
375.
389.
402.
416.
430.
444.
459.
472.
488.
500.
513.
527.
538.
550.
564.
578.
590.
604.
617.
630.
643.
657.
670.
683.
696.
707.
720.
733.
745.
756.
765.
779.
788.
799.
811.
823.
831.
841.
851.
861.
870.
881.
890.
901.
909.
918.
928.
935.
943.
951.
960.
969.
978.
986.
993.
1002.
1006.
1014.
1022.
1029.
1035.
1042.
1046.
1052.
1059.
1064.
1070.
1076.
1080.
1085.
1090.
1095.
1100.
1104.
1110.
1117.
1120.
1123.
1126.
1129.
1133.
1137.
1141.
1146.
1149.
1154.
1155.
1159.
1161.
1163.
1167.
1171.
1173.
1176.
1178.
1181.
1186.
1187.
1191.
1192.
1193.
1196.
1201.
1206.
1210.
1212.
1215.
1217.
1218.
1218.
1219.
1220.
1218.
1219.
1221.
1222.
1222.
1222.
1222.
1223.
1223.
1222.
1221.
1223.
1221.
1221.
1219.
1217.
1215.
1213.
1211.
1209.
1207.
1204.
1204.
1202.
1198.
1195.
1190.
1190.
1184.
1182.
1178.
1175.
1170.
1168.
1164.
1159.
1153.
1148.
1144.
1140.
1134.
1128.
1122.
1118.
1112.
1106.
1099.
1092.
1086.
1080.
1073.
1067.
1061.
1052.
1042.
1036.
1027.
1020.
1014.
1006.
995.
986.
976.
969.
960.
952.
942.
934.
924.
914.
905.
895.
885.
876.
864.
857.
846.
834.
825.
816.
805.
795.
785.
776.
766.
754.
745.
737.
724.
712.
702.
695.
681.
669.
657.
651.
641.
626.
614.
606.
593.
581.
569.
561.
546.
536.
525.
515.
502.
489.
476.
466.
453.
442.
431.
419.
407.
396.
385.
373.
361.
348.
336.
325.
313.
299.
288.
277.
267.
253.
242.
230.
219.
208.
195.
185.
172.
162.
152.
140.
131.
117.
108.
100.
88.
76.
65.
56.
46.
34.
22.
14.
2.
-7.
-19.
-30.
-40.
-50.
-58.
-69.
-82.
-90.
-101.
-109.
-119.
-128.
-139.
-148.
-156.
-165.
-174.
-185.
-194.
-201.
-209.
-218.
-226.
-234.
-242.
-250.
-259.
-266.
-272.
-280.
-288.
-295.
-302.
-307.
-315.
-323.
-330.
-334.
-340.
-348.
-354.
-358.
-365.
-370.
-374.
-382.
-386.
-392.
-399.
-402.
-407.
-411.
-417.
-419.
-425.
-430.
-434.
-438.
-442.
-445.
-450.
-453.
-458.
-460.
-464.
-466.
-470.
-472.
-475.
-478.
-480.
-481.
-484.
-486.
-488.
-490.
-492.
-494.
-497.
-500.
-501.
-502.
-503.
-503.
-507.
-507.
-510.
-511.
-509.
-508.
-510.
-508.
-509.
-507.
-506.
-505.
-502.
-501.
-501.
-500.
-498.
-494.
-494.
-492.
-490.
-484.
-483.
-482.
-478.
-473.
-472.
-469.
-467.
-462.
-459.
-454.
-450.
-447.
-442.
-438.
-433.
-427.
-423.
-419.
-414.
-407.
-401.
-396.
-391.
-383.
-377.
-373.
-365.
-357.
-351.
-341.
-336.
-327.
-320.
-312.
-301.
-292.
-285.
-276.
-268.
-257.
-250.
-240.
-230.
-219.
-209.
-198.
-188.
-177.
-166.
-155.
-144.
-131.
-119.
-109.
-98.
-85.
-73.
-61.
-48.
-34.
-24.
-11.
1.
13.
28.
39.
55.
68.
80.
98.
111.
123.
138.
153.
168.
182.
195.
209.
225.
238.
255.
270.
285.
300.
315.
328.
342.
358.
375.
389.
405.
419.
436.
452.
468.
483.
498.
513.
529.
544.
559.
573.
588.
601.
618.
634.
648.
663.
678.
693.
709.
722.
735.
751.
764.
778.
792.
805.
820.
836.
847.
865.
875.
889.
901.
914.
925.
939.
951.
963.
973.
986.
997.
1008.
1018.
1029.
1039.
1049.
1057.
1069.
1078.
1088.
1096.
1106.
1115.
1123.
1131.
1141.
1146.
1155.
1161.
1170.
1176.
1185.
1189.
1197.
1202.
1207.
1214.
1219.
1225.
1228.
1235.
1238.
1245.
1251.
1254.
1259.
1263.
1264.
1272.
1275.
1276.
1281.
1287.
1289.
1290.
1295.
1296.
1301.
1302.
1303.
1304.
1307.
1311.
1310.
1312.
1313.
1313.
1315.
1314.
1316.
1317.
1316.
1315.
1317.
1313.
1313.
1315.
1314.
1315.
1313.
1313.
1311.
1309.
1307.
1305.
1307.
1305.
1303.
1300.
1298.
1296.
1295.
1291.
1290.
1286.
1284.
1282.
1277.
1276.
1269.
1266.
1264.
1260.
1256.
1252.
1248.
1242.
1239.
1232.
1229.
1226.
1219.
1214.
1209.
1205.
1199.
1192.
1188.
1181.
1176.
1169.
1162.
1156.
1150.
1143.
1136.
1129.
1121.
1116.
1108.
1099.
1092.
1087.
1079.
1070.
1062.
1054.
1044.
1038.
1027.
1022.
1012.
1002.
994.
985.
977.
965.
956.
948.
939.
929.
920.
911.
902.
892.
881.
869.
858.
847.
837.
827.
816.
806.
794.
782.
771.
759.
744.
733.
721.
706.
689.
678.
666.
653.
640.
627.
614.
606.
593.
579.
573.
562.
548.
538.
527.
514.
504.
492.
483.
469.
453.
441.
433.
421.
407.
396.
383.
371.
360.
347.
338.
327.
311.
300.
291.
279.
264.
252.
243.
232.
219.
208.
201.
187.
174.
162.
151.
139.
128.
117.
107.
95.
82.
69.
59.
49.
38.
23.
15.
3.
-7.
-19.
-27.
-39.
-50.
-61.
-71.
-81.
-89.
-100.
-109.
-119.
-127.
-135.
-142.
-150.
-155.
-163.
-171.
-178.
-185.
-193.
-200.
-211.
-218.
-226.
-231.
-241.
-248.
-254.
-260.
-267.
-276.
-280.
-286.
-295.
-300.
-305.
-311.
-317.
-321.
-328.
-333.
-338.
-342.
-347.
-349.
-355.
-359.
-363.
-366.
-371.
-375.
-377.
-380.
-384.
-386.
-390.
-392.
-395.
-397.
-398.
-402.
-405.
-405.
-406.
-407.
-410.
-410.
-412.
-412.
-414.
-414.
-413.
-413.
-415.
-417.
-415.
-414.
-414.
-415.
-412.
-414.
-409.
-408.
-408.
-407.
-406.
-402.
-398.
-397.
-394.
-392.
-390.
-385.
-383.
-382.
-378.
-376.
-372.
-369.
-365.
-359.
-356.
-354.
-349.
-347.
-342.
-337.
-334.
-327.
-324.
-318.
-314.
-308.
-302.
-296.
-291.
-285.
-279.
-272.
-264.
-259.
-254.
-245.
-239.
-229.