249.
248.
248.
248.
247.
251.
249.
246.
248.
248.
250.
247.
247.
249.
248.
249.
249.
249.
248.
250.
251.
249.
249.
249.
250.
251.
252.
251.
250.
251.
252.
252.
253.
253.
255.
254.
255.
257.
256.
255.
255.
257.
259.
257.
257.
258.
258.
258.
259.
258.
259.
258.
260.
260.
261.
261.
260.
262.
263.
263.
261.
263.
263.
261.
262.
264.
263.
263.
264.
264.
265.
265.
266.
264.
266.
266.
267.
267.
266.
266.
266.
267.
267.
266.
265.
267.
268.
267.
268.
269.
268.
268.
267.
268.
270.
267.
268.
269.
268.
269.
269.
270.
268.
266.
265.
265.
266.
265.
264.
263.
264.
261.
263.
264.
264.
263.
262.
265.
263.
265.
264.
266.
264.
263.
264.
264.
265.
265.
264.
265.
264.
264.
264.
266.
266.
266.
264.
263.
263.
263.
263.
262.
263.
265.
263.
263.
262.
259.
258.
261.
263.
260.
260.
259.
261.
259.
259.
255.
258.
256.
257.
256.
257.
257.
254.
256.
254.
254.
254.
253.
255.
252.
252.
252.
252.
250.
251.
251.
250.
249.
247.
248.
246.
246.
246.
246.
245.
244.
243.
242.
244.
241.
241.
241.
242.
242.
240.
240.
241.
239.
237.
241.
239.
236.
237.
236.
237.
236.
235.
235.
238.
236.
237.
235.
235.
236.
236.
236.
236.
236.
235.
235.
235.
233.
233.
234.
236.
234.
232.
234.
235.
233.
235.
234.
235.
234.
234.
234.
236.
237.
235.
236.
236.
234.
236.
238.
239.
239.
239.
240.
242.
241.
242.
241.
242.
244.
241.
243.
244.
245.
245.
244.
248.
247.
248.
249.
249.
250.
250.
252.
252.
251.
254.
252.
251.
253.
255.
254.
256.
255.
257.
256.
260.
257.
260.
260.
261.
258.
261.
262.
262.
262.
265.
264.
266.
263.
265.
265.
266.
265.
266.
268.
267.
269.
268.
271.
269.
271.
271.
270.
271.
272.
272.
275.
274.
272.
273.
273.
275.
273.
271.
272.
270.
267.
266.
265.
262.
260.
257.
254.
252.
246.
242.
241.
238.
233.
228.
227.
224.
219.
214.
207.
201.
195.
190.
185.
180.
173.
169.
161.
154.
147.
140.
132.
125.
118.
110.
101.
94.
87.
77.
68.
58.
48.
41.
29.
21.
11.
-1.
-11.
-21.
-33.
-48.
-58.
-68.
-82.
-95.
-107.
-118.
-129.
-145.
-158.
-168.
-182.
-197.
-208.
-218.
-234.
-248.
-259.
-272.
-283.
-300.
-311.
-322.
-336.
-350.
-362.
-374.
-387.
-402.
-413.
-426.
-440.
-450.
-463.
-475.
-487.
-499.
-510.
-518.
-530.
-544.
-554.
-563.
-574.
-582.
-590.
-600.
-606.
-613.
-618.
-624.
-630.
-635.
-640.
-642.
-647.
-649.
-651.
-650.
-658.
-659.
-659.
-661.
-658.
-658.
-659.
-658.
-657.
-655.
-652.
-650.
-649.
-647.
-640.
-639.
-633.
-630.
-624.
-620.
-616.
-611.
-604.
-599.
-594.
-587.
-577.
-572.
-564.
-557.
-547.
-538.
-531.
-520.
-508.
-496.
-488.
-474.
-462.
-451.
-441.
-427.
-415.
-400.
-386.
-374.
-360.
-343.
-328.
-314.
-299.
-282.
-266.
-250.
-235.
-219.
-205.
-186.
-169.
-152.
-133.
-117.
-103.
-82.
-63.
-44.
-29.
-9.
10.
29.
44.
62.
81.
93.
108.
124.
135.
151.
166.
181.
194.
210.
229.
244.
261.
274.
291.
307.
322.
338.
356.
372.
388.
406.
425.
442.
459.
479.
499.
516.
533.
554.
573.
592.
611.
630.
649.
669.
691.
710.
730.
752.
771.
791.
814.
836.
857.
878.
899.
920.
941.
959.
977.
995.
1012.
1028.
1045.
1061.
1075.
1088.
1101.
1114.
1125.
1139.
1148.
1158.
1166.
1173.
1178.
1184.
1188.
1194.
1197.
1200.
1203.
1206.
1209.
1209.
1208.
1208.
1205.
1202.
1197.
1194.
1186.
1179.
1167.
1158.
1148.
1141.
1123.
1106.
1096.
1083.
1065.
1051.
1033.
1017.
998.
981.
962.
945.
926.
906.
886.
866.
845.
823.
803.
783.
762.
740.
719.
697.
673.
651.
628.
605.
581.
558.
532.
509.
483.
459.
433.
410.
382.
357.
332.
306.
281.
255.
230.
203.
179.
151.
127.
104.
77.
54.
30.
5.
-18.
-43.
-68.
-91.
-118.
-140.
-165.
-186.
-207.
-229.
-253.
-274.
-297.
-314.
-334.
-351.
-370.
-389.
-408.
-426.
-444.
-462.
-477.
-493.
-508.
-525.
-540.
-553.
-565.
-578.
-591.
-601.
-611.
-620.
-631.
-640.
-648.
-655.
-661.
-665.
-673.
-676.
-680.
-683.
-686.
-687.
-689.
-686.
-686.
-686.
-685.
-681.
-678.
-676.
-669.
-665.
-659.
-653.
-647.
-641.
-635.
-626.
-617.
-607.
-596.
-588.
-578.
-566.
-559.
-546.
-534.
-521.
-508.
-493.
-479.
-466.
-450.
-434.
-418.
-400.
-387.
-369.
-349.
-330.
-311.
-294.
-270.
-251.
-229.
-210.
-185.
-161.
-138.
-117.
-94.
-67.
-44.
-19.
6.
34.
60.
85.
114.
140.
167.
193.
220.
248.
277.
307.
335.
364.
395.
423.
452.
483.
513.
545.
575.
605.
638.
669.
699.
729.
758.
786.
814.
844.
872.
900.
928.
955.
979.
1003.
1030.
1052.
1072.
1092.
1114.
1132.
1148.
1165.
1184.
1198.
1212.
1226.
1241.
1254.
1264.
1274.
1285.
1292.
1297.
1303.
1308.
1310.
1313.
1315.
1315.
1316.
1315.
1314.
1309.
1306.
1304.
1301.
1297.
1292.
1285.
1278.
1273.
1265.
1256.
1247.
1239.
1232.
1221.
1208.
1199.
1186.
1175.
1158.
1143.
1131.
1115.
1100.
1088.
1068.
1052.
1036.
1019.
1002.
982.
965.
946.
926.
906.
889.
869.
849.
829.
810.
789.
767.
747.
725.
699.
679.
658.
636.
612.
589.
565.
542.
519.
494.
471.
447.
421.
397.
373.
350.
325.
300.
275.
252.
228.
203.
178.
154.
131.
107.
82.
59.
35.
9.
-14.
-36.
-59.
-83.
-106.
-126.
-148.
-170.
-190.
-210.
-231.
-251.
-270.
-290.
-309.
-327.
-342.
-362.
-375.
-392.
-404.
-419.
-430.
-443.
-454.
-463.
-472.
-481.
-490.
-497.
-504.
-506.
-513.
-517.
-523.
-525.
-527.
-527.
-527.
-525.
-527.
-523.
-519.
-515.
-513.
-507.
-502.
-497.
-492.
-484.
-477.
-467.
-458.
-450.
-439.
-427.
-419.
-406.
-394.
-382.
-369.
-355.
-341.
-325.
-310.
-295.
-279.
-264.
-246.
-228.
-211.
-191.
-173.
-153.
-134.
-114.
-93.
-71.
-48.
-26.
-5.
19.
42.
66.
89.
113.
136.
160.
184.
209.
235.
261.
285.
310.
337.
362.
386.
414.
438.
464.
491.
515.
539.
564.
587.
611.
633.
659.
681.
702.
727.
750.
772.
795.
819.
842.
864.
887.
910.
937.
960.
984.
1008.
1035.
1060.
1088.
1117.
1142.
1167.
1190.
1216.
1243.
1265.
1288.
1312.
1334.
1354.
1370.
1391.
1412.
1427.
1444.
1459.
1475.
1489.
1502.
1516.
1529.
1540.
1552.
1562.
1572.
1581.
1589.
1597.
1603.
1610.
1614.
1619.
1625.
1629.
1631.
1632.
1635.
1634.
1636.
1637.
1640.
1639.
1636.
1637.
1636.
1633.
1629.
1628.
1621.
1612.
1607.
1603.
1596.
1589.
1582.
1573.
1563.
1552.
1538.
1525.
1511.
1495.
1477.
1460.
1440.
1419.
1399.
1379.
1358.
1339.
1316.
1291.
1268.
1246.
1222.
1199.
1173.
1147.
1124.
1101.
1077.
1050.
1027.
1000.
977.
950.
924.
899.
877.
851.
825.
802.
775.
749.
725.
700.
675.
649.
626.
599.
576.
552.
528.
502.
478.
454.
432.
407.
385.
360.
338.
314.
290.
270.
248.
227.
204.
184.
163.
146.
127.
109.
88.
73.
56.
37.
23.
6.
-8.
-20.
-34.
-45.
-57.
-68.
-76.
-83.
-93.
-100.
-106.
-111.
-112.
-116.
-120.
-120.
-118.
-119.
-117.
-114.
-111.
-107.
-103.
-94.
-90.
-83.
-76.
-68.
-58.
-47.
-37.
-29.
-17.
-7.
6.
22.
35.
46.
60.
77.
92.
107.
124.
141.
159.
177.
196.
215.
234.
254.
276.
296.
318.
341.
363.
387.
411.
436.
459.
485.
512.
537.
564.
589.
617.
645.
672.
701.
729.
756.
785.
816.
844.
873.
901.
928.
959.
987.
1017.
1046.
1074.
1101.
1128.
1157.
1184.
1207.
1232.
1255.
1277.
1297.
1314.
1332.
1350.
1365.
1381.
1396.
1410.
1422.
1435.
1449.
1460.
1472.
1482.
1493.
1502.
1509.
1518.
1527.
1536.
1542.
1546.
1552.
1556.
1561.
1563.
1565.
1567.
1566.
1566.
1565.
1563.
1559.
1554.
1548.
1544.
1540.
1532.
1525.
1517.
1506.
1497.
1489.
1480.
1466.
1452.
1442.
1431.
1416.
1401.
1386.
1369.
1354.
1339.
1321.
1305.
1283.
1267.
1249.
1229.
1209.
1189.
1170.
1150.
1129.
1109.
1086.
1066.
1046.
1022.
999.
977.
954.
933.
910.
885.
861.
838.
815.
791.
769.
743.
721.
697.
673.
649.
626.
601.
576.
550.
528.
505.
479.
453.
430.
405.
385.
361.
337.
314.
292.
271.
246.
225.
203.
181.
161.
139.
118.
101.
82.
63.
44.
27.
11.
-8.
-24.
-37.
-53.
-64.
-81.
-96.
-106.
-118.
-128.
-138.
-148.
-154.
-164.
-169.
-175.
-180.
-186.
-189.
-192.
-194.
-196.
-198.
-196.
-197.
-193.
-192.
-190.
-182.
-179.
-175.
-168.
-161.
-155.
-146.
-138.
-128.
-120.
-111.
-102.
-88.
-78.
-65.
-51.
-37.
-26.
-13.
1.
14.
30.
47.
64.
80.
97.
115.
135.
152.
171.
190.
212.
231.
250.
272.
292.
315.
338.
359.
381.
406.
430.
454.
480.
505.
529.
555.
581.
609.
634.
660.
689.
715.
741.
767.
796.
823.
850.
877.
906.
932.
957.
985.
1012.
1037.
1062.
1086.
1109.
1133.
1154.
1173.
1194.
1212.
1231.
1250.
1267.
1285.
1302.
1319.
1335.
1348.
1363.
1382.
1397.
1412.
1424.
1440.
1453.
1467.
1479.
1494.
1507.
1519.
1529.
1543.
1554.
1564.
1575.
1585.
1596.
1606.
1612.
1623.
1630.
1639.
1644.
1652.
1657.
1661.
1665.
1666.
1671.
1671.
1673.
1673.
1674.
1676.
1673.
1670.
1667.
1663.
1657.
1652.
1648.
1640.
1630.
1617.
1612.
1602.
1590.
1577.
1567.
1554.
1537.
1524.
1510.
1494.
1476.
1459.
1443.
1426.
1406.
1389.
1369.
1348.
1326.
1309.
1289.
1264.
1242.
1221.
1199.
1173.
1151.
1126.
1102.
1080.
1055.
1028.
1003.
979.
953.
929.
905.
880.
855.
831.
805.
779.
755.
728.
705.
678.
654.
630.
605.
581.
554.
532.
507.
481.
457.
432.
410.
386.
362.
337.
316.
294.
272.
249.
228.
207.
185.
163.
146.
126.
106.
87.
67.
49.
33.
12.
-5.
-18.
-33.
-50.
-64.
-75.
-86.
-99.
-111.
-122.
-132.
-142.
-148.
-155.
-165.
-170.
-174.
-181.
-185.
-185.
-188.
-190.
-191.
-190.
-191.
-188.
-188.
-184.
-181.
-177.
-172.
-167.
-160.
-152.
-145.
-139.
-130.
-120.
-112.
-102.
-92.
-82.
-71.
-61.
-45.
-34.
-22.
-8.
7.
23.
36.
50.
67.
84.
99.
116.
135.
152.
170.
190.
211.
230.
251.
273.
292.
315.
334.
357.
379.
402.
425.
448.
473.
500.
520.
545.
572.
599.
622.
649.
674.
700.
725.
753.
778.
805.
833.
862.
888.
917.
942.
971.
1000.
1026.
1051.
1079.
1106.
1131.
1156.
1180.
1204.
1228.
1250.
1272.
1295.
1314.
1334.
1353.
1368.
1387.
1403.
1423.
1438.
1453.
1468.
1482.
1499.
1510.
1525.
1537.
1551.
1562.
1572.
1581.
1592.
1603.
1615.
1621.
1627.
1636.
1642.
1647.
1653.
1659.
1660.
1662.
1666.
1669.
1669.
1668.
1671.
1671.
1668.
1667.
1667.
1664.
1659.
1656.
1652.
1647.
1641.
1634.
1630.
1621.
1611.
1603.
1593.
1585.
1575.
1563.
1551.
1545.
1529.
1515.
1507.
1493.
1476.
1459.
1448.
1433.
1416.
1399.
1382.
1365.
1349.
1331.
1311.
1294.
1275.
1256.
1237.
1217.
1197.
1177.
1156.
1135.
1115.
1094.
1072.
1050.
1029.
1006.
983.
964.
939.
918.
894.
870.
848.
826.
805.
781.
760.
737.
715.
693.
671.
651.
629.
610.
591.
570.
549.
529.
509.
487.
466.
445.
426.
407.
388.
370.
354.
333.
316.
303.
286.
270.
257.
247.
230.
216.
206.
195.
181.
172.
161.
154.
143.
138.
134.
128.
123.
120.
117.
115.
114.
115.
116.
119.
119.
123.
129.
133.
137.
141.
150.
156.
165.
172.
182.
193.
200.
210.
221.
234.
245.
258.
271.
284.
298.
312.
327.
343.
359.
377.
394.
414.
432.
449.
471.
490.
513.
534.
557.
577.
601.
626.
650.
675.
699.
723.
748.
772.
798.
827.
852.
878.
904.
930.
957.
981.
1007.
1031.
1057.
1083.
1110.
1133.
1158.
1183.
1207.
1229.
1253.
1274.
1298.
1318.
1338.
1358.
1376.
1393.
1410.
1427.
1441.
1460.
1472.
1487.
1501.
1512.
1526.
1539.
1551.
1564.
1577.
1585.
1597.
1606.
1616.
1624.
1632.
1638.
1645.
1649.
1652.
1657.
1662.
1665.
1667.
1667.
1669.
1670.
1667.
1666.
1665.
1663.
1658.
1653.
1649.
1644.
1638.
1629.
1625.
1618.
1608.
1594.
1585.
1578.
1564.
1550.
1539.
1528.
1514.
1500.
1485.
1469.
1453.
1436.
1419.
1404.
1387.
1369.
1351.
1333.
1315.
1295.
1276.
1256.
1234.
1215.
1195.
1172.
1151.
1131.
1111.
1087.
1063.
1042.
1018.
996.
973.
950.
927.
902.
879.
854.
830.
805.
782.
758.
735.
710.
685.
662.
638.
613.
588.
564.
539.
517.
492.
470.
444.
421.
396.
372.
348.
324.
299.
278.
253.
232.
207.
185.
162.
141.
117.
95.
75.
54.
35.
16.
-4.
-23.
-43.
-61.
-79.
-96.
-113.
-132.
-147.
-160.
-176.
-190.
-205.
-216.
-225.
-239.
-252.
-262.
-271.
-282.
-290.
-297.
-304.
-310.
-316.
-321.
-324.
-327.
-328.
-330.
-334.
-335.
-334.
-331.
-330.
-328.
-325.
-321.
-317.
-312.
-305.
-296.
-291.
-282.
-273.
-263.
-255.
-245.
-237.
-223.
-214.
-202.
-189.
-177.
-162.
-148.
-134.
-120.
-106.
-88.
-71.
-57.
-38.
-22.
-3.
17.
33.
52.
73.
94.
113.
132.
153.
177.
198.
219.
243.
267.
288.
313.
337.
363.
387.
411.
440.
465.
492.
520.
546.
574.
602.
630.
659.
687.
715.
742.
770.
796.
823.
849.
876.
902.
925.
948.
971.
994.
1018.
1039.
1062.
1085.
1106.
1126.
1148.
1166.
1185.
1200.
1217.
1230.
1241.
1254.
1262.
1271.
1278.
1284.
1291.
1298.
1300.
1304.
1306.
1307.
1308.
1306.
1306.
1305.
1300.
1295.
1293.
1290.
1279.
1274.
1268.
1259.
1249.
1239.
1230.
1220.
1209.
1195.
1181.
1173.
1156.
1140.
1126.
1113.
1097.
1081.
1064.
1048.
1029.
1013.
994.
977.
959.
941.
923.
904.
886.
868.
847.
829.
809.
790.
771.
753.
733.
713.
694.
675.
655.
634.
616.
596.
577.
559.
540.
519.
501.
484.
465.
444.
428.
409.
392.
370.
349.
331.
312.
296.
276.
258.
241.
223.
205.
187.
169.
156.
138.
119.
105.
92.
75.
58.
45.
32.
20.
6.
-7.
-17.
-29.
-39.
-50.
-58.
-66.
-74.
-80.
-87.
-93.
-96.
-100.
-103.
-105.
-107.
-106.
-106.
-108.
-109.
-107.
-104.
-103.
-103.
-99.
-94.
-92.
-87.
-82.
-78.
-72.
-66.
-59.
-50.
-43.
-38.
-29.
-20.
-10.
-1.
11.
21.
32.
43.
57.
69.
81.
94.
109.
122.
136.
151.
169.
183.
200.
214.
233.
250.
266.
285.
302.
321.
337.
358.
378.
398.
418.
437.
460.
477.
497.
516.
534.
553.
569.
584.
600.
612.
626.
643.
658.
672.
685.
702.
716.
734.
747.
766.
781.
801.
818.
837.
857.
880.
900.
921.
944.
964.
985.
1005.
1024.
1043.
1060.
1076.
1094.
1112.
1127.
1143.
1159.
1176.
1192.
1206.
1221.
1237.
1251.
1267.
1281.
1297.
1310.
1323.
1335.
1347.
1358.
1367.
1379.
1389.
1397.
1403.
1411.
1415.
1419.
1423.
1426.
1429.
1431.
1433.
1435.
1435.
1435.
1435.
1434.
1431.
1427.
1422.
1417.
1412.
1403.
1395.
1390.
1380.
1370.
1355.
1343.
1331.
1317.
1298.
1287.
1271.
1255.
1239.
1221.
1202.
1186.
1168.
1150.
1130.
1110.
1088.
1067.
1046.
1025.
1002.
979.
957.
932.
908.
884.
860.
835.
810.
787.
762.
737.
711.
686.
663.
638.
612.
585.
560.
533.
506.
480.
453.
424.
398.
369.
342.
315.
287.
261.
233.
206.
180.
151.
125.
98.
72.
44.
18.
-7.
-28.
-52.
-78.
-101.
-124.
-147.
-168.
-192.
-213.
-233.
-252.
-270.
-291.
-310.
-327.
-344.
-359.
-376.
-386.
-404.
-415.
-429.
-438.
-450.
-459.
-468.
-474.
-483.
-489.
-495.
-500.
-505.
-507.
-508.
-509.
-509.
-509.
-506.
-503.
-500.
-497.
-493.
-486.
-479.
-472.
-465.
-458.
-451.
-443.
-431.
-421.
-412.
-401.
-389.
-377.
-365.
-353.
-340.
-324.
-313.
-295.
-281.
-266.
-250.
-232.
-215.
-197.
-180.
-161.
-142.
-121.
-101.
-80.
-60.
-37.
-17.
8.
31.
53.
74.
99.
127.
153.
176.
200.
226.
256.
281.
310.
337.
366.
393.
422.
450.
478.
507.
535.
563.
592.
618.
646.
671.
695.
720.
742.
768.
791.
811.
830.
850.
870.
886.
906.
922.
939.
955.
973.
992.
1007.
1024.
1039.
1053.
1068.
1083.
1097.
1114.
1128.
1140.
1152.
1165.
1176.
1188.
1198.
1206.
1213.
1218.
1222.
1228.
1232.
1235.
1237.
1237.
1238.
1236.
1233.
1231.
1227.
1224.
1217.
1213.
1208.
1201.
1193.
1188.
1178.
1169.
1158.
1151.
1141.
1129.
1118.
1105.
1093.
1080.
1065.
1052.
1037.
1021.
1004.
988.
974.
956.
941.
924.
906.
886.
870.
852.
832.
813.
793.
774.
752.
731.
712.
691.
671.
649.
628.
607.
584.
562.
539.
519.
496.
474.
452.
428.
405.
384.
362.
337.
315.
293.
270.
247.
226.
204.
180.
159.
139.
117.
95.
76.
58.
36.
14.
-5.
-25.
-44.
-61.
-81.
-99.
-115.
-133.
-149.
-167.
-181.
-198.
-215.
-228.
-243.
-260.
-272.
-285.
-297.
-309.
-321.
-335.
-344.
-353.
-364.
-372.
-382.
-389.
-397.
-402.
-411.
-415.
-420.
-427.
-430.
-433.
-437.
-436.
-442.
-442.
-444.
-443.
-441.
-442.
-437.
-435.
-433.
-428.
-421.
-418.
-415.
-409.
-401.
-393.
-387.
-378.
-370.
-361.
-352.
-341.
-330.
-321.
-312.
-299.
-285.
-273.
-260.
-247.
-233.
-220.
-208.
-190.
-174.
-158.
-141.
-125.
-106.
-90.
-70.
-55.
-36.
-17.
1.
20.
42.
64.
87.
107.
131.
152.
172.
198.
222.
245.
271.
294.
321.
347.
372.
397.
423.
449.
474.
498.
527.
552.
577.
600.
626.
648.
672.
695.
716.
738.
759.
780.
801.
824.
841.
858.
877.
896.
914.
930.
945.
958.
971.
982.
996.
1006.
1014.
1024.
1033.
1041.
1046.
1053.
1058.
1063.
1065.
1070.
1072.
1073.
1072.
1071.
1070.
1067.
1064.
1060.
1057.
1050.
1046.
1038.
1033.
1025.
1017.
1004.
995.
987.
974.
961.
950.
938.
919.
904.
892.
878.
863.
847.
829.
810.
794.
777.
757.
741.
720.
702.
680.
659.
638.
618.
595.
574.
554.
531.
510.
487.
464.
441.
422.
399.
378.
357.
335.
312.
289.
270.
249.
226.
204.
181.
160.
138.
115.
95.
73.
51.
32.
11.
-9.
-32.
-52.
-71.
-89.
-110.
-129.
-148.
-163.
-183.
-201.
-216.
-233.
-249.
-267.
-284.
-300.
-314.
-327.
-343.
-355.
-367.
-380.
-391.
-402.
-411.
-421.
-428.
-436.
-441.
-449.
-455.
-458.
-462.
-467.
-471.
-473.
-474.
-476.
-477.
-478.
-478.
-479.
-475.
-473.
-469.
-468.
-464.
-459.
-454.
-449.
-442.
-434.
-428.
-422.
-415.
-406.
-397.
-389.
-379.
-368.
-357.
-348.
-337.
-324.
-311.
-301.
-288.
-276.
-262.
-248.
-235.
-218.
-201.
-188.
-174.
-159.
-140.
-122.
-104.
-86.
-68.
-53.
-34.
-15.
3.
24.
41.
62.
82.
101.
122.
140.
162.
179.
197.
215.
235.
254.
275.
296.
313.
335.
359.
379.
398.
418.
439.
463.
485.
507.
528.
549.
570.
591.
612.
634.
655.
673.
696.
718.
741.
762.
782.
804.
827.
848.
868.
889.
910.
929.
949.
968.
988.
1007.
1024.
1041.
1060.
1078.
1093.
1113.
1129.
1142.
1157.
1171.
1186.
1199.
1209.
1223.
1235.
1244.
1253.
1261.
1267.
1272.
1277.
1283.
1285.
1290.
1293.
1297.
1298.
1298.
1296.
1297.
1294.
1288.
1285.
1280.
1274.
1269.
1259.
1251.
1245.
1233.
1224.
1213.
1200.
1186.
1174.
1159.
1143.
1125.
1107.
1088.
1070.
1048.
1024.
1000.
977.
952.
927.
898.
873.
846.
818.
790.
763.
733.
707.
678.
651.
623.
595.
566.
538.
509.
481.
451.
422.
392.
365.
337.
310.
279.
252.
223.
195.
167.
142.
115.
90.
64.
39.
13.
-10.
-34.
-57.
-78.
-99.
-121.
-140.
-159.
-178.
-195.
-211.
-229.
-241.
-255.
-270.
-283.
-292.
-306.
-316.
-322.
-328.
-332.
-337.
-341.
-342.
-347.
-348.
-346.
-345.
-346.
-344.
-339.
-334.
-329.
-326.
-320.
-311.
-303.
-296.
-284.
-275.
-266.
-255.
-242.
-231.
-219.
-206.
-191.
-177.
-164.
-149.
-132.
-114.
-99.
-82.
-60.
-42.
-25.
-6.
15.
34.
53.
74.
98.
120.
141.
166.
190.
214.
237.
262.
290.
315.
340.
366.
395.
422.
449.
478.
507.
537.
565.
592.
622.
651.
678.
707.
732.
761.
785.
811.
836.
859.
879.
900.
925.
946.
964.
985.
1004.
1020.
1036.
1050.
1067.
1077.
1089.
1101.
1112.
1123.
1132.
1142.
1151.
1164.
1173.
1183.
1195.
1206.
1211.
1222.
1233.
1241.
1247.
1253.
1261.
1268.
1272.
1275.
1281.
1284.
1283.
1282.
1284.
1283.
1280.
1280.
1276.
1273.
1268.
1261.
1255.
1249.
1240.
1230.
1219.
1214.
1200.
1185.
1173.
1163.
1145.
1131.
1114.
1099.
1080.
1062.
1043.
1026.
1005.
986.
964.
944.
922.
900.
879.
856.
833.
810.
786.
761.
738.
714.
690.
665.
641.
615.
588.
563.
539.
515.
488.
464.
437.
412.
388.
363.
335.
311.
290.
266.
240.
217.
194.
171.
146.
125.
103.
82.
60.
38.
19.
-5.
-23.
-41.
-59.
-76.
-94.
-111.
-125.
-141.
-155.
-171.
-179.
-190.
-201.
-210.
-221.
-229.
-236.
-245.
-249.
-255.
-260.
-266.
-266.
-267.
-268.
-267.
-265.
-265.
-262.
-261.
-258.
-251.
-248.
-241.
-234.
-226.
-219.
-212.
-201.
-190.
-183.
-169.
-156.
-141.
-131.
-118.
-104.
-89.
-75.
-60.
-45.
-29.
-12.
5.
25.
42.
59.
78.
99.
119.
138.
158.
181.
205.
226.
246.
272.
297.
317.
343.
368.
395.
417.
444.
473.
500.
526.
554.
581.
610.
638.
665.
694.
722.
749.
775.
800.
825.
845.
863.
884.
899.
915.
930.
943.
961.
973.
984.
996.
1009.
1021.
1036.
1047.
1054.
1063.
1073.
1082.
1088.
1092.
1099.
1102.
1103.
1104.
1107.
1107.
1110.
1107.
1106.
1103.
1099.
1091.
1087.
1080.
1073.
1064.
1051.
1042.
1034.
1018.
1004.
989.
980.
963.
948.
931.
917.
899.
882.
866.
848.
830.
811.
794.
775.
755.
739.
721.
701.
682.
662.
641.
625.
603.
583.
563.
544.
522.
503.
485.
463.
444.
425.
404.
384.
364.
347.
329.
309.
289.
268.
252.
232.
212.
195.
177.
158.
141.
122.
104.
88.
70.
52.
35.
19.
2.
-14.
-31.
-45.
-61.
-77.
-93.
-107.
-123.
-139.
-153.
-166.
-178.
-194.
-207.
-217.
-229.
-244.
-254.
-266.
-276.
-288.
-294.
-304.
-315.
-323.
-329.
-337.
-345.
-349.
-357.
-360.
-366.
-372.
-373.
-376.
-380.
-380.
-381.
-382.
-385.
-380.
-379.
-377.
-376.
-374.
-369.
-365.
-360.
-353.
-347.
-342.
-334.
-325.
-316.
-308.
-298.
-288.
-278.
-268.
-255.
-245.
-231.
-218.
-204.
-191.
-177.
-163.
-149.
-132.
-115.
-99.
-85.
-68.
-50.
-29.
-13.
6.
24.
46.
63.
85.
106.
126.
146.
167.
189.
210.
233.
254.
278.
301.
324.
346.
370.
398.
420.
445.
468.
494.
520.
545.
571.
598.
623.
646.
672.
698.
719.
742.
761.
784.
799.
816.
834.
849.
863.
879.
893.
906.
922.
937.
950.
964.
978.
992.
1007.
1019.
1034.
1046.
1061.
1075.
1088.
1100.
1112.
1125.
1137.
1145.
1155.
1164.
1171.
1181.
1188.
1195.
1201.
1206.
1213.
1218.
1221.
1229.
1234.
1236.
1237.
1236.
1239.
1240.
1240.
1239.
1237.
1236.
1233.
1229.
1225.
1220.
1215.
1206.
1200.
1192.
1183.
1172.
1162.
1153.
1137.
1124.
1110.
1097.
1083.
1070.
1054.
1039.
1021.
1005.
990.
974.
955.
936.
917.
899.
879.
862.
842.
824.
804.
782.
761.
739.
717.
697.
675.
654.
632.
610.
591.
568.
545.
522.
499.
477.
452.
429.
407.
384.
359.
337.
313.
291.
268.
245.
224.
200.
176.
155.
134.
110.
88.
69.
48.
26.
6.
-14.
-35.
-56.
-75.
-93.
-111.
-127.
-147.
-162.
-180.
-198.
-213.
-228.
-245.
-256.
-270.
-285.
-297.
-308.
-319.
-328.
-339.
-347.
-355.
-362.
-369.
-374.
-381.
-386.
-390.
-393.
-398.
-399.
-400.
-400.
-402.
-400.
-400.
-399.
-397.
-395.
-390.
-386.
-383.
-378.
-370.
-369.
-361.
-353.
-344.
-336.
-329.
-317.
-310.
-300.
-291.
-280.
-268.
-258.
-248.
-234.
-223.
-209.
-197.
-183.
-168.
-156.
-141.
-129.
-114.
-98.
-84.
-69.
-51.
-34.
-18.
-1.
16.
35.
51.
70.
89.
108.
128.
145.
166.
188.
208.
229.
249.
273.
292.
314.
334.
354.
375.
393.
411.
429.
443.
458.
469.
486.
496.
510.
521.
535.
546.
557.
570.
582.
593.
604.
618.
630.
641.
652.
665.
678.
690.
703.
717.
729.
740.
752.
763.
774.
785.
798.
806.
817.
823.
834.
847.
857.
867.
878.
887.
896.
904.
912.
921.
928.
937.
945.
951.
954.
959.
961.
962.
963.
963.
963.
960.
961.
956.
953.
951.
945.
939.
935.
929.
921.
913.
908.
899.
890.
880.
872.
862.
850.
839.
827.
818.
808.
797.
780.
768.
758.
741.
729.
713.
699.
682.
667.
652.
636.
620.
602.
586.
568.
549.
532.
513.
495.
477.
457.
437.
419.
400.
380.
360.
339.
319.
302.
280.
258.
237.
217.
197.
176.
154.
135.
115.
94.
74.
54.
32.
12.
-7.
-30.
-47.
-69.
-87.
-104.
-124.
-141.
-158.
-173.
-191.
-204.
-220.
-234.
-252.
-263.
-276.
-291.
-301.
-311.
-322.
-331.
-341.
-348.
-355.
-361.
-370.
-375.
-379.
-383.
-387.
-391.
-393.
-393.
-396.
-397.
-396.
-396.
-394.
-392.
-389.
-388.
-385.
-380.
-377.
-371.
-370.
-362.
-354.
-348.
-341.
-334.
-326.
-318.
-310.
-302.
-293.
-282.
-273.
-262.
-252.
-241.
-231.
-219.
-208.
-196.
-185.
-172.
-161.
-146.
-133.
-120.
-105.
-91.
-74.
-59.
-43.
-26.
-9.
5.
21.
40.
59.
79.
95.
114.
132.
151.
173.
192.
210.
231.
251.
270.
293.
312.
331.
349.
368.
388.
404.
419.
432.
448.
461.
473.
486.
501.
512.
525.
539.
551.
565.
578.
592.
606.
617.
631.
642.
654.
663.
672.
681.
689.
696.
702.
706.
712.
715.
718.
720.
722.
724.
721.
723.
722.
718.
717.
714.
708.
706.
702.
695.
691.
684.
676.
670.
664.
652.
646.
637.
630.
615.
604.
591.
582.
573.
560.
546.
534.
517.
504.
489.
474.
456.
442.
426.
410.
396.
377.
358.
343.
323.
307.
289.
269.
251.
232.
213.
191.
174.
155.
132.
113.
91.
72.
51.
31.
8.
-11.
-30.
-53.
-73.
-93.
-114.
-135.
-154.
-171.
-193.
-212.
-233.
-252.
-270.
-290.
-311.
-327.
-345.
-363.
-381.
-401.
-417.
-433.
-450.
-466.
-480.
-496.
-508.
-523.
-539.
-546.
-561.
-573.
-586.
-595.
-606.
-614.
-622.
-629.
-639.
-647.
-656.
-661.
-667.
-672.
-676.
-680.
-686.
-688.
-690.
-693.
-695.
-692.
-694.
-695.
-695.
-693.
-693.
-692.
-690.
-688.
-685.
-679.
-678.
-671.
-668.
-661.
-658.
-651.
-647.
-639.
-633.
-627.
-619.
-611.
-601.
-593.
-583.
-574.
-564.
-554.
-542.
-532.
-521.
-508.
-497.
-483.
-473.
-458.
-445.
-430.
-417.
-401.
-386.
-369.
-356.
-338.
-322.
-305.
-289.
-271.
-253.
-234.
-215.
-195.
-176.
-157.
-137.
-118.
-97.
-75.
-55.
-34.
-10.
11.
30.
54.
77.
100.
124.
146.
170.
194.
213.
235.
257.
280.
305.
326.
347.
373.
398.
419.
440.
463.
484.
507.
528.
552.
573.
596.
619.
642.
663.
686.
707.
732.
751.
772.
797.
817.
841.
862.
884.
906.
924.
944.
965.
984.
1002.
1020.
1038.
1054.
1071.
1089.
1102.
1120.
1134.
1149.
1162.
1177.
1190.
1203.
1214.
1226.
1234.
1242.
1251.
1259.
1265.
1270.
1277.
1281.
1284.
1288.
1290.
1293.
1296.
1297.
1298.
1296.
1294.
1290.
1288.
1287.
1284.
1278.
1271.
1264.
1255.
1245.
1239.
1229.
1217.
1208.
1199.
1185.
1174.
1159.
1144.
1131.
1114.
1096.
1077.
1059.
1040.
1019.
996.
974.
952.
927.
906.
883.
858.
834.
809.
784.
758.
734.
711.
689.
663.
635.
612.
588.
563.
541.
515.
492.
467.
441.
416.
395.
368.
343.
319.
295.
271.
244.
221.
197.
171.
149.
126.
101.
79.
55.
32.
10.
-12.
-32.
-55.
-74.
-95.
-115.
-136.
-156.
-174.
-192.
-210.
-226.
-244.
-262.
-278.
-294.
-308.
-320.
-335.
-346.
-358.
-374.
-383.
-393.
-403.
-411.
-416.
-423.
-430.
-436.
-440.
-445.
-447.
-451.
-452.
-454.
-455.
-454.
-453.
-452.
-447.
-444.
-438.
-432.
-428.
-424.
-415.
-409.
-399.
-389.
-380.
-369.
-359.
-348.
-335.
-324.
-311.
-300.
-285.
-271.
-257.
-241.
-226.
-212.
-194.
-177.
-161.
-144.
-124.
-105.
-85.
-64.
-43.
-22.
-2.
20.
43.
65.
88.
112.
134.
161.
186.
213.
237.
263.
290.
316.
340.
367.
394.
416.
443.
468.
491.
515.
541.
563.
588.
612.
635.
662.
687.
711.
735.
761.
783.
806.
831.
855.
872.
894.
914.
933.
950.
971.
991.
1012.
1028.
1048.
1064.
1084.
1100.
1116.
1134.
1149.
1162.
1180.
1193.
1210.
1224.
1236.
1251.
1264.
1275.
1287.
1299.
1308.
1319.
1328.
1337.
1342.
1349.
1354.
1357.
1360.
1362.
1363.
1364.
1364.
1366.
1367.
1368.
1367.
1365.
1365.
1365.
1362.
1359.
1356.
1350.
1342.
1339.
1331.
1322.
1313.
1306.
1300.
1288.
1276.
1262.
1251.
1239.
1222.
1204.
1189.
1170.
1154.
1136.
1118.
1098.
1078.
1059.
1038.
1012.
991.
968.
944.
920.
896.
871.
847.
824.
801.
775.
746.
722.
701.
674.
649.
623.
602.
574.
549.
525.
500.
474.
449.
422.
399.
373.
348.
323.
299.
272.
248.
225.
199.
177.
152.
128.
106.
84.
59.
36.
15.
-6.
-28.
-51.
-74.
-93.
-114.
-134.
-148.
-170.
-187.
-205.
-221.
-238.
-255.
-270.
-288.
-300.
-312.
-326.
-339.
-353.
-361.
-373.
-382.
-390.
-396.
-404.
-412.
-417.
-421.
-427.
-431.
-434.
-437.
-437.
-440.
-440.
-439.
-437.
-436.
-434.
-430.
-430.
-426.
-421.
-415.
-411.
-405.
-399.
-390.
-382.
-374.
-364.
-357.
-346.
-336.
-324.
-313.
-305.
-293.
-280.
-268.
-256.
-244.
-227.
-214.
-198.
-184.
-166.
-151.
-135.
-118.
-100.
-82.
-64.
-47.
-28.
-9.
9.
31.
49.
70.
89.
109.
131.
154.
175.
196.
218.
242.
262.
286.
307.
330.
347.
368.
385.
403.
417.
431.
443.
456.
468.
482.
495.
510.
523.
536.
550.
562.
572.
584.
597.
610.
622.
634.
648.
660.
669.
681.
693.
704.
717.
730.
745.
756.
766.
778.
789.
799.
809.
816.
825.
832.
837.
844.
850.
857.
862.
869.
871.
876.
878.
880.
887.
890.
889.
891.
891.
889.
888.
886.
885.
882.
879.
872.
867.
860.
852.
842.
835.
824.
814.
801.
789.
780.
770.
754.
742.
733.
720.
702.
692.
682.
666.
649.
638.
628.
612.
597.
581.
565.
551.
535.
520.
506.
488.
471.
457.
442.
426.
412.
395.
378.
360.
345.
330.
312.
294.
277.
262.
248.
229.
212.
195.
184.
166.
149.
133.
119.
101.
85.
71.
59.
42.
26.
14.
1.
-11.
-24.
-34.
-45.
-58.
-70.
-75.
-87.
-95.
-104.
-109.
-116.
-125.
-131.
-135.
-138.
-141.
-141.
-143.
-143.
-142.
-142.
-138.
-138.
-133.
-130.
-129.
-125.
-120.
-117.
-111.
-105.
-100.
-94.
-86.
-77.
-71.
-64.
-53.
-44.
-37.
-30.
-19.
-7.
1.
11.
24.
35.
47.
58.
71.
85.
96.
109.
122.
136.
150.
165.
179.
194.
207.
223.
239.
255.
270.
288.
304.
322.
337.
355.
374.
390.
408.
424.
445.
465.
484.
502.
522.
541.
561.
580.
598.
619.
637.
655.
676.
692.
710.
729.
748.
765.
782.
803.
821.
839.
852.
869.
887.
904.
918.
936.
951.
965.
978.
993.
1007.
1020.
1033.
1047.
1058.
1070.
1082.
1094.
1107.
1116.
1125.
1134.
1144.
1153.
1158.
1165.
1174.
1179.
1184.
1190.
1193.
1196.
1201.
1201.
1204.
1206.
1205.
1204.
1202.
1198.
1196.
1192.
1187.
1182.
1174.
1169.
1161.
1153.
1145.
1137.
1129.
1120.
1107.
1096.
1084.
1076.
1061.
1043.
1032.
1019.
1004.
988.
972.
958.
939.
924.
907.
891.
873.
853.
835.
814.
798.
779.
759.
740.
720.
701.
680.
662.
640.
620.
597.
578.
557.
537.
518.
494.
474.
453.
432.
413.
389.
370.
349.
329.
307.
288.
267.
245.
224.
205.
182.
161.
142.
122.
103.
83.
64.
45.
24.
6.
-12.
-29.
-50.
-66.
-82.
-99.
-116.
-130.
-145.
-164.
-176.
-186.
-201.
-215.
-226.
-232.
-247.
-260.
-266.
-276.
-285.
-293.
-300.
-305.
-314.
-318.
-324.
-325.
-330.
-333.
-334.
-337.
-338.
-338.
-336.
-334.
-335.
-335.
-331.
-327.
-325.
-320.
-316.
-312.
-307.
-303.
-296.
-289.
-284.
-278.
-269.
-261.
-252.
-243.
-231.
-224.
-215.
-205.
-194.
-182.
-172.
-158.
-146.
-134.
-122.
-109.
-95.
-80.
-67.
-54.
-40.
-23.
-7.
9.
26.
41.
58.
76.
95.
111.
128.
147.
167.
185.
206.
221.
242.
265.
285.
307.
328.
351.
373.
394.
415.
438.
460.
481.
504.
523.
545.
567.
590.
612.
631.
654.
675.
696.
716.
738.
760.
781.
803.
824.
843.
864.
885.
902.
919.
934.
946.
961.
978.
991.
1007.
1022.
1032.
1046.
1060.
1074.
1089.
1102.
1113.
1127.
1142.
1152.
1163.
1173.
1187.
1198.
1210.
1221.
1229.
1241.
1250.
1260.
1270.
1278.
1285.
1292.
1302.
1309.
1314.
1322.
1329.
1334.
1339.
1343.
1347.
1349.
1353.
1356.
1359.
1361.
1364.
1365.
1369.
1370.
1369.
1373.
1372.
1372.
1370.
1370.
1369.
1366.
1362.
1358.
1354.
1348.
1341.
1335.
1327.
1317.
1306.
1296.
1287.
1276.
1261.
1249.
1235.
1227.
1210.
1194.
1183.
1167.
1150.
1135.
1119.
1100.
1083.
1068.
1050.
1031.
1011.
992.
972.
953.
933.
912.
891.
871.
849.
827.
808.
785.
761.
739.
718.
694.
671.
647.
627.
602.
579.
556.
532.
508.
486.
462.
438.
414.
392.
368.
344.
321.
298.
277.
256.
233.
209.
190.
167.
147.
126.
106.
88.
70.
49.
34.
18.
0.
-15.
-31.
-45.
-57.
-70.
-82.
-94.
-103.
-115.
-122.
-127.
-135.
-141.
-145.
-149.
-152.
-154.
-158.
-157.
-157.
-156.
-157.
-153.
-151.
-149.
-144.
-140.
-133.
-130.
-122.
-115.
-107.
-98.
-90.
-80.
-68.
-60.
-49.
-36.
-22.
-12.
2.
14.
29.
42.
59.
75.
89.
106.
122.
140.
158.
174.
192.
213.
232.
253.
272.
293.
314.
335.
358.
380.
401.
424.
446.
472.
496.
519.
545.
569.
596.
619.
646.
672.
697.
726.
750.
774.
804.
829.
853.
876.
902.
923.
947.
970.
991.
1008.
1027.
1043.
1059.
1073.
1087.
1101.
1113.
1125.
1136.
1145.
1155.
1162.
1171.
1178.
1188.
1190.
1197.
1202.
1207.
1208.
1211.
1213.
1216.
1216.
1213.
1216.
1214.
1210.
1206.
1205.
1200.
1196.
1190.
1185.
1179.
1171.
1167.
1161.
1154.
1146.
1138.
1129.
1122.
1112.
1103.
1094.
1086.
1074.
1063.
1052.
1041.
1028.
1017.
1004.
995.
982.
968.
956.
946.
929.
913.
900.
888.
874.
856.
843.
828.
813.
796.
781.
765.
751.
735.
717.
699.
682.
665.
648.
631.
610.
593.
575.
554.
536.
517.
498.
480.
461.
444.
422.
402.
383.
364.
345.
326.
305.
288.
268.
248.
228.
211.
193.
174.
157.
139.
120.
102.
84.
67.
49.
33.
16.
-1.
-16.
-31.
-46.
-60.
-77.
-86.
-101.
-117.
-131.
-141.
-153.
-164.
-179.
-190.
-198.
-209.
-221.
-230.
-239.
-247.
-257.
-265.
-272.
-278.
-283.
-290.
-296.
-302.
-304.
-309.
-313.
-316.
-317.
-318.
-319.
-320.
-318.
-317.
-317.
-316.
-311.
-307.
-303.
-297.
-292.
-289.
-281.
-276.
-268.
-261.
-252.
-244.
-234.
-226.
-217.
-205.
-195.
-184.
-176.
-162.
-151.
-141.
-128.
-115.
-103.
-87.
-74.
-61.
-47.
-30.
-19.
-2.
14.
31.
46.
62.
80.
95.
111.
124.
139.
153.
168.
186.
201.
219.
233.
252.
271.
289.
306.
328.
345.
364.
385.
404.
425.
445.
464.
486.
508.
528.
546.
567.
589.
609.
627.
647.
668.
689.
710.
729.
753.
771.
794.
813.
831.
849.
868.
887.
905.
921.
938.
954.
970.
985.
998.
1013.
1027.
1039.
1052.
1066.
1079.
1091.
1100.
1111.
1119.
1126.
1133.
1140.
1146.
1152.
1157.
1158.
1163.
1165.
1166.
1168.
1167.
1170.
1166.
1165.
1163.
1160.
1157.
1154.
1149.
1143.
1137.
1131.
1123.
1119.
1108.
1097.
1088.
1081.
1065.
1051.
1037.
1025.
1007.
989.
976.
963.
943.
926.
909.
891.
874.
852.
835.
817.
797.
776.
759.
741.
721.
702.
683.
663.
643.
626.
605.
585.
569.
545.
527.
507.
486.
468.
446.
429.
410.
392.
372.
352.
335.
314.
296.
279.
259.
240.
224.
208.
189.
172.
157.
139.
123.
106.
90.
78.
63.
44.
32.
21.
5.
-9.
-21.
-32.
-41.
-54.
-63.
-74.
-86.
-96.
-101.
-109.
-116.
-122.
-128.
-131.
-137.
-140.
-144.
-146.
-148.
-150.
-150.
-149.
-148.
-145.
-144.
-141.
-138.
-133.
-129.
-124.
-119.
-113.
-106.
-98.
-93.
-84.
-75.
-66.
-59.
-50.
-40.
-30.
-20.
-8.
2.
15.
25.
35.
48.
62.
74.
88.
103.
116.
129.
142.
159.
175.
189.
205.
220.
239.
255.
274.
292.
311.
329.
348.
367.
383.
402.
422.
440.
456.
475.
492.
511.
526.
541.
558.
572.
590.
604.
622.
637.
652.
667.
680.
693.
710.
722.
737.
750.
764.
776.
789.
803.
817.
828.
838.
847.
858.
866.
874.
882.
887.
894.
895.
899.
902.
904.
906.
905.
906.
905.
902.
899.
895.
889.
881.
876.
870.
861.
852.
844.
837.
823.
811.
800.
789.
774.
758.
748.
735.
719.
703.
688.
673.
655.
637.
620.
602.
584.
566.
544.
527.
506.
487.
465.
447.
426.
406.
386.
364.
344.