163.
162.
165.
165.
166.
166.
166.
171.
168.
168.
171.
173.
172.
173.
175.
175.
177.
178.
179.
179.
180.
181.
183.
183.
186.
188.
188.
188.
186.
187.
190.
191.
191.
191.
192.
193.
192.
195.
196.
195.
195.
197.
198.
200.
199.
200.
202.
204.
201.
203.
205.
207.
205.
207.
208.
210.
209.
208.
208.
210.
210.
211.
211.
213.
211.
211.
210.
213.
211.
213.
212.
210.
210.
210.
212.
213.
212.
212.
212.
210.
210.
208.
208.
208.
206.
206.
207.
206.
207.
203.
203.
204.
202.
201.
201.
199.
196.
196.
195.
196.
193.
191.
188.
186.
185.
184.
180.
178.
177.
174.
173.
170.
166.
164.
162.
160.
156.
152.
150.
147.
142.
139.
135.
134.
126.
123.
119.
115.
111.
108.
103.
99.
94.
89.
84.
80.
75.
72.
66.
59.
53.
49.
43.
39.
31.
23.
16.
11.
4.
-2.
-8.
-14.
-21.
-27.
-34.
-41.
-49.
-57.
-63.
-68.
-77.
-85.
-91.
-98.
-106.
-113.
-120.
-130.
-139.
-146.
-156.
-164.
-172.
-182.
-191.
-198.
-208.
-218.
-225.
-233.
-240.
-251.
-259.
-266.
-276.
-285.
-292.
-300.
-311.
-320.
-327.
-334.
-343.
-351.
-358.
-365.
-374.
-382.
-390.
-398.
-405.
-414.
-420.
-428.
-434.
-441.
-449.
-457.
-464.
-470.
-477.
-483.
-488.
-494.
-502.
-506.
-515.
-519.
-522.
-528.
-533.
-540.
-545.
-548.
-555.
-560.
-565.
-565.
-568.
-573.
-576.
-576.
-580.
-583.
-588.
-589.
-591.
-594.
-595.
-599.
-601.
-602.
-604.
-604.
-607.
-610.
-609.
-610.
-611.
-611.
-614.
-612.
-614.
-615.
-615.
-612.
-613.
-613.
-613.
-613.
-609.
-609.
-604.
-603.
-600.
-597.
-596.
-587.
-586.
-582.
-578.
-572.
-567.
-562.
-557.
-549.
-544.
-539.
-535.
-525.
-521.
-513.
-505.
-496.
-490.
-481.
-471.
-462.
-454.
-444.
-434.
-423.
-414.
-404.
-393.
-381.
-371.
-360.
-347.
-333.
-324.
-310.
-295.
-281.
-271.
-257.
-241.
-227.
-213.
-197.
-183.
-168.
-151.
-136.
-122.
-105.
-88.
-72.
-54.
-34.
-18.
-1.
17.
36.
54.
73.
90.
111.
128.
151.
169.
190.
208.
230.
251.
271.
292.
314.
332.
357.
377.
401.
422.
445.
466.
488.
511.
535.
556.
578.
599.
622.
644.
664.
687.
707.
728.
750.
768.
790.
808.
826.
844.
863.
878.
895.
911.
925.
939.
953.
968.
983.
998.
1012.
1027.
1038.
1052.
1066.
1078.
1090.
1101.
1113.
1123.
1133.
1141.
1150.
1160.
1169.
1175.
1182.
1192.
1200.
1204.
1209.
1215.
1219.
1226.
1227.
1229.
1235.
1234.
1237.
1237.
1238.
1238.
1236.
1236.
1236.
1233.
1229.
1228.
1226.
1222.
1219.
1216.
1213.
1204.
1198.
1194.
1187.
1181.
1173.
1167.
1162.
1152.
1142.
1136.
1127.
1118.
1108.
1100.
1090.
1080.
1068.
1057.
1051.
1035.
1022.
1011.
1002.
984.
970.
961.
949.
934.
920.
908.
897.
880.
865.
851.
834.
818.
805.
788.
774.
755.
739.
722.
707.
690.
673.
655.
639.
621.
602.
583.
565.
545.
526.
507.
489.
471.
450.
430.
408.
389.
370.
350.
330.
308.
290.
268.
248.
229.
209.
189.
171.
148.
128.
107.
88.
67.
49.
26.
7.
-12.
-33.
-53.
-72.
-91.
-112.
-134.
-154.
-173.
-194.
-213.
-229.
-248.
-266.
-283.
-301.
-318.
-331.
-350.
-365.
-379.
-393.
-410.
-424.
-438.
-454.
-470.
-480.
-499.
-513.
-524.
-537.
-549.
-559.
-570.
-580.
-590.
-601.
-609.
-617.
-628.
-635.
-642.
-647.
-654.
-662.
-670.
-674.
-681.
-686.
-689.
-693.
-698.
-703.
-706.
-706.
-711.
-713.
-715.
-715.
-716.
-719.
-718.
-716.
-716.
-715.
-713.
-710.
-708.
-705.
-704.
-701.
-699.
-696.
-692.
-686.
-681.
-678.
-673.
-666.
-660.
-653.
-651.
-643.
-636.
-631.
-623.
-615.
-608.
-600.
-589.
-581.
-573.
-563.
-553.
-544.
-535.
-524.
-512.
-501.
-490.
-477.
-467.
-453.
-444.
-428.
-417.
-403.
-391.
-377.
-364.
-350.
-337.
-322.
-308.
-294.
-281.
-266.
-249.
-233.
-218.
-200.
-183.
-165.
-148.
-129.
-110.
-92.
-73.
-52.
-36.
-14.
6.
26.
47.
69.
90.
114.
133.
156.
177.
199.
222.
243.
266.
288.
309.
332.
352.
376.
397.
419.
442.
463.
485.
508.
530.
552.
570.
594.
616.
640.
657.
680.
700.
720.
741.
763.
782.
802.
821.
841.
859.
878.
897.
917.
935.
954.
973.
992.
1008.
1024.
1042.
1060.
1076.
1093.
1109.
1124.
1140.
1153.
1168.
1183.
1197.
1210.
1224.
1237.
1250.
1259.
1274.
1283.
1293.
1304.
1310.
1322.
1328.
1337.
1342.
1350.
1354.
1358.
1362.
1368.
1370.
1373.
1376.
1379.
1379.
1379.
1382.
1382.
1380.
1380.
1378.
1379.
1376.
1374.
1372.
1370.
1368.
1364.
1363.
1358.
1351.
1347.
1341.
1336.
1328.
1321.
1316.
1308.
1300.
1292.
1283.
1273.
1264.
1256.
1247.
1240.
1225.
1213.
1204.
1198.
1183.
1169.
1160.
1148.
1137.
1118.
1109.
1096.
1082.
1064.
1053.
1040.
1023.
1007.
995.
980.
963.
945.
930.
915.
898.
881.
865.
851.
832.
818.
797.
781.
765.
747.
729.
710.
693.
676.
657.
639.
621.
603.
585.
568.
550.
530.
510.
494.
473.
453.
436.
418.
400.
382.
364.
345.
326.
304.
286.
267.
245.
227.
209.
189.
170.
151.
132.
113.
93.
75.
56.
38.
19.
1.
-17.
-35.
-52.
-69.
-87.
-104.
-123.
-138.
-153.
-170.
-185.
-201.
-216.
-229.
-244.
-261.
-275.
-284.
-300.
-317.
-329.
-338.
-353.
-365.
-375.
-390.
-402.
-413.
-422.
-430.
-443.
-453.
-462.
-473.
-482.
-491.
-498.
-504.
-513.
-518.
-525.
-531.
-537.
-541.
-547.
-550.
-555.
-557.
-561.
-563.
-566.
-569.
-570.
-572.
-573.
-572.
-573.
-571.
-573.
-572.
-569.
-569.
-567.
-566.
-563.
-559.
-558.
-556.
-553.
-548.
-544.
-540.
-536.
-533.
-532.
-528.
-525.
-522.
-522.
-519.
-517.
-512.
-507.
-503.
-497.
-490.
-483.
-474.
-467.
-457.
-451.
-443.
-432.
-420.
-410.
-399.
-388.
-375.
-365.
-352.
-340.
-325.
-312.
-300.
-288.
-273.
-258.
-243.
-228.
-210.
-196.
-182.
-167.
-148.
-131.
-113.
-96.
-78.
-62.
-42.
-23.
-4.
15.
35.
55.
77.
96.
116.
136.
160.
180.
202.
223.
244.
269.
291.
315.
338.
361.
382.
404.
430.
450.
471.
497.
521.
543.
567.
592.
617.
640.
663.
688.
711.
733.
758.
780.
802.
824.
847.
868.
890.
912.
929.
950.
971.
988.
1006.
1025.
1044.
1059.
1077.
1092.
1111.
1126.
1141.
1160.
1173.
1189.
1202.
1218.
1233.
1245.
1259.
1272.
1285.
1297.
1309.
1320.
1331.
1342.
1352.
1360.
1368.
1374.
1381.
1387.
1394.
1398.
1401.
1406.
1409.
1412.
1413.
1414.
1416.
1417.
1416.
1415.
1413.
1411.
1409.
1406.
1403.
1400.
1395.
1391.
1385.
1380.
1375.
1368.
1362.
1355.
1348.
1338.
1331.
1320.
1309.
1301.
1289.
1279.
1266.
1255.
1244.
1228.
1215.
1199.
1187.
1172.
1157.
1140.
1129.
1113.
1094.
1081.
1065.
1050.
1034.
1016.
1001.
984.
970.
951.
935.
920.
901.
883.
867.
848.
831.
813.
793.
778.
760.
743.
726.
708.
690.
671.
652.
635.
620.
600.
583.
565.
546.
529.
508.
492.
475.
456.
437.
418.
400.
382.
364.
348.
331.
314.
296.
280.
261.
245.
231.
214.
195.
178.
167.
149.
132.
115.
101.
85.
67.
54.
39.
22.
5.
-8.
-20.
-38.
-52.
-66.
-80.
-95.
-112.
-125.
-132.
-148.
-161.
-175.
-185.
-198.
-214.
-222.
-234.
-244.
-260.
-271.
-279.
-290.
-302.
-314.
-322.
-331.
-342.
-350.
-359.
-367.
-376.
-383.
-391.
-399.
-407.
-415.
-419.
-427.
-432.
-438.
-442.
-449.
-455.
-461.
-464.
-469.
-472.
-476.
-481.
-484.
-486.
-488.
-489.
-492.
-495.
-496.
-498.
-499.
-499.
-500.
-500.
-499.
-502.
-501.
-502.
-504.
-503.
-501.
-500.
-501.
-499.
-496.
-493.
-489.
-487.
-483.
-478.
-476.
-473.
-468.
-463.
-459.
-454.
-449.
-442.
-436.
-430.
-421.
-416.
-408.
-400.
-394.
-387.
-379.
-369.
-362.
-351.
-343.
-334.
-325.
-314.
-306.
-294.
-285.
-272.
-263.
-249.
-237.
-224.
-213.
-201.
-188.
-176.
-162.
-147.
-133.
-120.
-106.
-91.
-76.
-61.
-46.
-29.
-12.
4.
19.
36.
54.
72.
88.
106.
125.
141.
158.
178.
197.
214.
233.
252.
273.
292.
310.
333.
352.
374.
394.
413.
433.
454.
473.
492.
512.
531.
550.
569.
587.
604.
620.
640.
657.
673.
691.
708.
724.
738.
753.
771.
786.
802.
816.
831.
844.
861.
874.
887.
900.
915.
926.
938.
952.
964.
976.
987.
1001.
1010.
1019.
1029.
1038.
1047.
1053.
1061.
1067.
1073.
1079.
1086.
1092.
1095.
1098.
1102.
1107.
1111.
1114.
1116.
1117.
1120.
1121.
1120.
1122.
1123.
1121.
1120.
1119.
1118.
1117.
1114.
1111.
1112.
1107.
1103.
1100.
1097.
1091.
1088.
1083.
1079.
1073.
1067.
1062.
1054.
1047.
1040.
1031.
1025.
1016.
1008.
999.
993.
982.
974.
963.
954.
944.
934.
923.
914.
903.
887.
879.
869.
854.
840.
828.
819.
803.
789.
777.
765.
749.
735.
722.
709.
692.
679.
663.
646.
633.
617.
600.
584.
566.
549.
534.
517.
497.
482.
466.
446.
429.
409.
393.
373.
356.
337.
319.
302.
282.
264.
243.
227.
209.
193.
172.
155.
135.
116.
100.
81.
63.
43.
26.
9.
-11.
-27.
-47.
-62.
-83.
-100.
-118.
-135.
-154.
-171.
-190.
-205.
-222.
-238.
-256.
-269.
-285.
-300.
-314.
-328.
-342.
-356.
-374.
-383.
-396.
-410.
-423.
-434.
-444.
-459.
-469.
-478.
-490.
-500.
-509.
-517.
-526.
-533.
-539.
-545.
-550.
-558.
-560.
-565.
-569.
-572.
-576.
-578.
-583.
-584.
-586.
-585.
-587.
-589.
-589.
-589.
-590.
-586.
-584.
-582.
-583.
-578.
-576.
-574.
-571.
-567.
-564.
-558.
-556.
-550.
-546.
-540.
-533.
-528.
-522.
-515.
-510.
-503.
-497.
-489.
-487.
-483.
-477.
-470.
-465.
-461.
-453.
-444.
-437.
-431.
-424.
-417.
-407.
-396.
-384.
-372.
-361.
-348.
-336.
-324.
-311.
-297.
-283.
-268.
-255.
-239.
-224.
-208.
-194.
-176.
-160.
-142.
-127.
-107.
-91.
-73.
-56.
-38.
-20.
-2.
18.
36.
57.
78.
96.
117.
136.
157.
178.
197.
221.
244.
262.
283.
305.
328.
349.
369.
393.
415.
436.
459.
481.
501.
524.
546.
568.
590.
611.
633.
656.
679.
699.
722.
744.
764.
786.
806.
826.
847.
864.
882.
899.
919.
933.
947.
961.
977.
989.
1002.
1014.
1025.
1036.
1045.
1056.
1066.
1073.
1082.
1090.
1100.
1109.
1118.
1124.
1133.
1138.
1142.
1150.
1153.
1158.
1164.
1169.
1173.
1176.
1177.
1180.
1184.
1183.
1186.
1186.
1186.
1184.
1185.
1184.
1183.
1181.
1181.
1179.
1175.
1172.
1169.
1166.
1160.
1157.
1152.
1148.
1144.
1138.
1132.
1126.
1124.
1116.
1108.
1103.
1097.
1089.
1082.
1076.
1068.
1060.
1051.
1041.
1035.
1026.
1018.
1010.
1000.
991.
981.
973.
965.
953.
941.
933.
923.
911.
900.
891.
881.
869.
851.
845.
835.
818.
805.
792.
783.
770.
754.
741.
727.
712.
696.
685.
673.
658.
640.
626.
618.
599.
586.
571.
556.
538.
522.
507.
494.
479.
462.
445.
430.
414.
398.
381.
367.
349.
330.
315.
300.
283.
268.
252.
236.
221.
204.
188.
171.
155.
140.
123.
107.
89.
74.
58.
42.
27.
9.
-7.
-20.
-35.
-54.
-69.
-81.
-100.
-115.
-128.
-143.
-160.
-176.
-191.
-204.
-220.
-235.
-250.
-260.
-275.
-291.
-304.
-317.
-330.
-343.
-353.
-363.
-374.
-389.
-402.
-409.
-420.
-432.
-442.
-453.
-461.
-474.
-484.
-492.
-504.
-511.
-519.
-529.
-537.
-545.
-551.
-558.
-567.
-572.
-577.
-583.
-588.
-595.
-597.
-602.
-606.
-612.
-615.
-618.
-620.
-624.
-627.
-628.
-632.
-634.
-633.
-634.
-636.
-636.
-633.
-635.
-635.
-634.
-633.
-632.
-631.
-626.
-624.
-622.
-619.
-617.
-615.
-613.
-609.
-607.
-601.
-601.
-596.
-591.
-585.
-580.
-578.
-572.
-566.
-559.
-553.
-546.
-537.
-533.
-524.
-515.
-507.
-498.
-488.
-480.
-473.
-461.
-451.
-441.
-431.
-419.
-406.
-396.
-385.
-373.
-362.
-351.
-335.
-323.
-310.
-297.
-281.
-267.
-254.
-240.
-225.
-209.
-195.
-180.
-162.
-146.
-129.
-113.
-97.
-78.
-62.
-44.
-28.
-8.
10.
29.
48.
70.
87.
107.
129.
149.
168.
187.
208.
230.
250.
269.
292.
313.
333.
354.
377.
398.
418.
437.
461.
482.
501.
522.
542.
563.
582.
599.
620.
639.
659.
676.
692.
712.
729.
745.
762.
779.
796.
813.
829.
844.
860.
877.
890.
905.
920.
934.
949.
964.
979.
993.
1005.
1019.
1029.
1040.
1050.
1063.
1073.
1081.
1090.
1099.
1106.
1113.
1121.
1128.
1136.
1143.
1146.
1150.
1154.
1159.
1162.
1164.
1165.
1166.
1166.
1169.
1166.
1167.
1162.
1163.
1160.
1158.
1155.
1153.
1148.
1144.
1143.
1138.
1131.
1129.
1124.
1119.
1113.
1106.
1101.
1093.
1085.
1079.
1071.
1065.
1056.
1048.
1039.
1032.
1021.
1013.
1004.
995.
984.
974.
965.
956.
943.
933.
924.
916.
901.
888.
878.
868.
855.
842.
831.
820.
806.
792.
783.
770.
757.
740.
728.
715.
704.
687.
674.
662.
647.
632.
620.
606.
593.
574.
557.
546.
530.
514.
497.
483.
468.
453.
438.
423.
406.
387.
374.
356.
339.
325.
306.
290.
275.
256.
240.
225.
204.
188.
168.
151.
132.
115.
96.
79.
60.
43.
25.
8.
-11.
-28.
-47.
-57.
-75.
-94.
-109.
-119.
-136.
-155.
-170.
-183.
-196.
-214.
-226.
-235.
-250.
-267.
-279.
-286.
-301.
-313.
-328.
-339.
-349.
-363.
-375.
-383.
-393.
-405.
-411.
-420.
-430.
-436.
-443.
-448.
-454.
-459.
-466.
-470.
-476.
-481.
-484.
-489.
-492.
-499.
-502.
-504.
-511.
-515.
-520.
-521.
-527.
-530.
-533.
-536.
-544.
-545.
-550.
-555.
-557.
-560.
-563.
-564.
-565.
-566.
-571.
-571.
-573.
-576.
-575.
-574.
-575.
-574.
-576.
-575.
-575.
-576.
-576.
-574.
-572.
-570.
-568.
-566.
-563.
-562.
-558.
-555.
-550.
-548.
-544.
-540.
-535.
-531.
-526.
-517.
-516.
-510.
-505.
-500.
-495.
-488.
-481.
-476.
-471.
-464.
-456.
-449.
-441.
-434.
-426.
-415.
-407.
-397.
-390.
-379.
-370.
-361.
-351.
-338.
-331.
-320.
-309.
-295.
-285.
-271.
-259.
-246.
-233.
-222.
-206.
-192.
-179.
-165.
-150.
-135.
-120.
-104.
-87.
-71.
-55.
-39.
-22.
-3.
14.
32.
49.
69.
87.
106.
124.
143.
163.
182.
201.
220.
241.
259.
281.
301.
319.
339.
358.
379.
400.
421.
443.
463.
486.
505.
526.
550.
571.
591.
612.
636.
656.
675.
698.
719.
739.
757.
777.
797.
815.
834.
849.
866.
883.
899.
913.
929.
942.
959.
970.
984.
993.
1006.
1016.
1028.
1040.
1050.
1062.
1074.
1081.
1093.
1104.
1116.
1125.
1134.
1143.
1151.
1160.
1171.
1178.
1187.
1196.
1203.
1212.
1217.
1224.
1229.
1238.
1245.
1248.
1253.
1256.
1262.
1268.
1271.
1273.
1279.
1282.
1284.
1284.
1288.
1289.
1289.
1289.
1291.
1291.
1291.
1291.
1291.
1289.
1288.
1286.
1286.
1283.
1281.
1279.
1277.
1275.
1268.
1266.
1262.
1259.
1255.
1250.
1248.
1244.
1238.
1233.
1230.
1222.
1216.
1212.
1204.
1197.
1191.
1184.
1178.
1169.
1163.
1155.
1146.
1136.
1131.
1121.
1112.
1104.
1095.
1086.
1077.
1066.
1055.
1047.
1036.
1024.
1012.
1002.
992.
982.
966.
956.
945.
931.
914.
903.
890.
876.
862.
848.
837.
820.
805.
789.
777.
759.
742.
725.
710.
694.
679.
662.
643.
624.
609.
593.
574.
556.
539.
518.
502.
484.
466.
447.
429.
410.
390.
370.
351.
331.
311.
290.
271.
249.
229.
207.
187.
169.
148.
128.
106.
87.
69.
47.
26.
6.
-14.
-33.
-51.
-72.
-89.
-109.
-128.
-148.
-169.
-187.
-204.
-225.
-242.
-261.
-279.
-294.
-311.
-328.
-346.
-362.
-379.
-395.
-411.
-425.
-440.
-458.
-468.
-484.
-502.
-516.
-529.
-541.
-559.
-570.
-580.
-596.
-608.
-623.
-631.
-641.
-655.
-667.
-674.
-686.
-697.
-704.
-711.
-723.
-729.
-740.
-749.
-756.
-764.
-773.
-777.
-782.
-788.
-794.
-797.
-802.
-808.
-812.
-817.
-821.
-824.
-827.
-831.
-834.
-836.
-840.
-842.
-844.
-846.
-848.
-850.
-852.
-853.
-854.
-854.
-854.
-856.
-856.
-855.
-859.
-857.
-856.
-856.
-855.
-855.
-855.
-853.
-850.
-850.
-848.
-844.
-841.
-838.
-835.
-829.
-825.
-824.
-821.
-816.
-812.
-806.
-799.
-792.
-788.
-784.
-776.
-769.
-763.
-755.
-748.
-739.
-733.
-725.
-717.
-707.
-698.
-689.
-681.
-670.
-660.
-650.
-640.
-628.
-617.
-607.
-596.
-584.
-572.
-559.
-546.
-533.
-520.
-508.
-493.
-479.
-466.
-450.
-436.
-422.
-406.
-390.
-377.
-360.
-347.
-330.
-312.
-296.
-280.
-261.
-245.
-228.
-210.
-193.
-175.
-157.
-139.
-121.
-103.
-84.
-66.
-47.
-28.
-10.
10.
29.
49.
72.
91.
110.
132.
151.
172.
195.
215.
238.
257.
277.
298.
322.
342.
364.
383.
405.
424.
446.
467.
488.
508.
530.
550.
573.
592.
613.
632.
650.
669.
690.
710.
730.
746.
764.
780.
797.
816.
832.
850.
867.
883.
899.
916.
935.
950.
964.
980.
997.
1013.
1028.
1041.
1056.
1068.
1080.
1092.
1104.
1113.
1122.
1132.
1141.
1151.
1160.
1168.
1177.
1186.
1195.
1203.
1212.
1221.
1228.
1236.
1244.
1254.
1260.
1268.
1275.
1279.
1286.
1294.
1299.
1305.
1309.
1314.
1320.
1326.
1330.
1333.
1337.
1338.
1343.
1346.
1346.
1346.
1349.
1349.
1350.
1349.
1347.
1346.
1345.
1344.
1340.
1339.
1336.
1334.
1330.
1327.
1326.
1320.
1314.
1310.
1306.
1299.
1294.
1289.
1282.
1276.
1266.
1260.
1253.
1246.
1236.
1224.
1219.
1209.
1198.
1187.
1177.
1166.
1155.
1142.
1133.
1123.
1103.
1095.
1081.
1070.
1054.
1039.
1024.
1009.
993.
977.
963.
947.
929.
913.
896.
879.
860.
842.
825.
806.
786.
764.
744.
725.
703.
684.
659.
638.
615.
594.
571.
548.
528.
504.
482.
457.
435.
409.
387.
363.
339.
315.
290.
265.
242.
217.
193.
170.
144.
120.
94.
68.
41.
19.
-6.
-32.
-54.
-79.
-103.
-127.
-152.
-176.
-199.
-222.
-243.
-267.
-288.
-309.
-331.
-352.
-372.
-389.
-410.
-430.
-450.
-469.
-488.
-506.
-523.
-541.
-558.
-573.
-588.
-606.
-621.
-637.
-650.
-664.
-679.
-694.
-702.
-714.
-727.
-740.
-748.
-759.
-772.
-781.
-791.
-798.
-807.
-816.
-823.
-829.
-837.
-843.
-848.
-854.
-859.
-863.
-866.
-870.
-873.
-876.
-879.
-879.
-882.
-882.
-883.
-884.
-885.
-885.
-884.
-883.
-883.
-882.
-880.
-880.
-877.
-873.
-870.
-869.
-863.
-860.
-856.
-851.
-848.
-842.
-835.
-830.
-824.
-816.
-808.
-800.
-791.
-782.
-773.
-765.
-756.
-748.
-738.
-728.
-720.
-712.
-700.
-690.
-682.
-667.
-654.
-645.
-634.
-620.
-606.
-595.
-582.
-569.
-553.
-540.
-526.
-512.
-496.
-482.
-467.
-449.
-432.
-416.
-399.
-384.
-364.
-347.
-330.
-311.
-292.
-273.
-255.
-235.
-214.
-199.
-179.
-156.
-137.
-116.
-96.
-75.
-50.
-31.
-8.
12.
33.
55.
75.
97.
120.
140.
164.
185.
208.
228.
253.
275.
298.
320.
341.
363.
386.
407.
431.
453.
474.
496.
516.
538.
560.
581.
601.
621.
641.
662.
682.
701.
722.
741.
756.
774.
792.
808.
822.
839.
856.
870.
882.
892.
908.
919.
930.
940.
952.
961.
973.
983.
993.
1005.
1015.
1024.
1035.
1046.
1057.
1067.
1076.
1082.
1092.
1100.
1110.
1115.
1122.
1129.
1136.
1139.
1148.
1154.
1159.
1164.
1170.
1177.
1182.
1185.
1189.
1194.
1196.
1197.
1198.
1199.
1202.
1202.
1202.
1202.
1202.
1199.
1199.
1197.
1193.
1191.
1190.
1186.
1182.
1179.
1175.
1170.
1167.
1161.
1155.
1151.
1145.
1139.
1134.
1126.
1119.
1110.
1105.
1097.
1089.
1079.
1072.
1063.
1054.
1044.
1039.
1029.
1020.
1009.
997.
989.
980.
968.
958.
948.
940.
927.
912.
905.
896.
879.
867.
857.
845.
833.
815.
805.
791.
779.
764.
752.
738.
721.
710.
695.
681.
665.
648.
633.
618.
605.
588.
572.
556.
541.
526.
510.
493.
477.
460.
442.
425.
412.
393.
377.
361.
343.
326.
307.
293.
275.
257.
241.
223.
206.
187.
172.
154.
137.
121.
102.
84.
69.
53.
37.
19.
3.
-11.
-31.
-47.
-66.
-80.
-97.
-111.
-127.
-142.
-157.
-173.
-187.
-203.
-217.
-232.
-246.
-264.
-275.
-287.
-303.
-319.
-331.
-341.
-353.
-370.
-381.
-392.
-403.
-415.
-426.
-436.
-449.
-459.
-468.
-479.
-489.
-496.
-505.
-512.
-519.
-525.
-536.
-542.
-547.
-555.
-561.
-566.
-572.
-577.
-582.
-586.
-591.
-596.
-600.
-603.
-606.
-611.
-611.
-615.
-620.
-619.
-622.
-623.
-626.
-625.
-627.
-628.
-628.
-630.
-630.
-628.
-627.
-627.
-627.
-625.
-623.
-620.
-614.
-608.
-604.
-597.
-590.
-581.
-578.
-573.
-567.
-562.
-556.
-551.
-545.
-539.
-532.
-525.
-518.
-512.
-506.
-499.
-495.
-487.
-483.
-477.
-468.
-460.
-454.
-449.
-440.
-432.
-425.
-415.
-409.
-397.
-388.
-378.
-367.
-356.
-348.
-338.
-325.
-313.
-302.
-290.
-278.
-263.
-250.
-237.
-220.
-205.
-192.
-176.
-159.
-142.
-127.
-110.
-94.
-77.
-60.
-43.
-28.
-11.
5.
23.
36.
56.
67.
84.
100.
116.
131.
146.
164.
178.
192.
209.
224.
238.
252.
267.
282.
295.
308.
322.
336.
352.
365.
379.
393.
410.
423.
435.
451.
467.
481.
495.
511.
523.
535.
550.
563.
576.
586.
599.
613.
626.
638.
651.
661.
676.
687.
699.
710.
724.
734.
745.
756.
769.
779.
790.
801.
814.
824.
835.
845.
856.
867.
877.
888.
898.
907.
918.
928.
936.
945.
953.
962.
970.
978.
986.
994.
1000.
1005.
1010.
1016.
1023.
1024.
1028.
1032.
1036.
1038.
1040.
1041.
1041.
1042.
1042.
1043.
1042.
1040.
1039.
1040.
1037.
1037.
1034.
1035.
1030.
1026.
1023.
1019.
1017.
1009.
1006.
1005.
999.
993.
988.
984.
978.
972.
967.
961.
953.
945.
939.
932.
924.
917.
909.
900.
892.
884.
876.
869.
862.
849.
840.
832.
824.
812.
804.
794.
783.
773.
761.
751.
743.
730.
715.
704.
697.
681.
667.
654.
645.
631.
615.
605.
593.
578.
563.
550.
539.
525.
508.
494.
484.
467.
448.
437.
423.
409.
396.
381.
367.
352.
333.
319.
306.
292.
279.
261.
249.
233.
219.
203.
189.
173.
158.
142.
128.
113.
98.
83.
69.
54.
38.
26.
12.
-1.
-16.
-29.
-41.
-54.
-72.
-83.
-95.
-109.
-124.
-138.
-148.
-159.
-168.
-181.
-191.
-203.
-217.
-230.
-240.
-251.
-261.
-273.
-282.
-293.
-304.
-313.
-320.
-331.
-340.
-348.
-356.
-367.
-375.
-383.
-387.
-396.
-402.
-407.
-411.
-418.
-423.
-431.
-434.
-438.
-445.
-446.
-451.
-453.
-458.
-460.
-464.
-468.
-470.
-471.
-471.
-472.
-476.
-476.
-478.
-478.
-479.
-478.
-477.
-479.
-480.
-478.
-476.
-477.
-474.
-472.
-470.
-469.
-467.
-466.
-463.
-460.
-457.
-452.
-449.
-445.
-441.
-435.
-428.
-422.
-413.
-405.
-398.
-391.
-382.
-376.
-369.
-361.
-353.
-343.
-334.
-327.
-322.
-313.
-306.
-298.
-293.
-285.
-277.
-272.
-263.
-253.
-246.
-238.
-228.
-219.
-210.
-202.
-193.
-182.
-172.
-160.
-152.
-139.
-129.
-120.
-108.
-97.
-85.
-75.
-63.
-51.
-39.
-27.
-15.
-1.
12.
25.
36.
48.
64.
77.
90.
104.
119.
132.
145.
160.
176.
190.
204.
221.
236.
250.
265.
281.
297.
311.
326.
344.
360.
375.
389.
405.
422.
437.
451.
468.
484.
500.
513.
528.
545.
562.
578.
594.
609.
625.
640.
654.
670.
684.
697.
712.
728.
741.
753.
768.
782.
797.
808.
825.
837.
848.
861.
872.
888.
899.
909.
922.
934.
945.
955.
965.
977.
986.
996.
1005.
1014.
1022.
1030.
1038.
1044.
1051.
1058.
1066.
1070.
1077.
1083.
1089.
1093.
1095.
1099.
1104.
1109.
1109.
1112.
1113.
1117.
1117.
1116.
1121.
1121.
1121.
1122.
1122.
1124.
1120.
1120.
1119.
1117.
1114.
1113.
1110.
1107.
1104.
1102.
1098.
1093.
1088.
1084.
1079.
1075.
1071.
1066.
1060.
1054.
1047.
1041.
1037.
1032.
1024.
1017.
1010.
1003.
995.
988.
979.
972.
964.
953.
944.
935.
928.
917.
907.
899.
888.
877.
867.
860.
848.
836.
826.
818.
805.
788.
780.
772.
756.
743.
733.
722.
709.
690.
681.
669.
654.
641.
627.
615.
599.
583.
569.
557.
543.
527.
512.
498.
485.
469.
455.
444.
424.
408.
392.
378.
361.
345.
330.
317.
300.
284.
266.
253.
235.
220.
205.
189.
173.
156.
139.
122.
106.
86.
71.
56.
39.
24.
9.
-10.
-26.
-41.
-55.
-72.
-84.
-101.
-115.
-128.
-144.
-161.
-173.
-184.
-198.
-214.
-229.
-239.
-251.
-266.
-281.
-290.
-302.
-316.
-325.
-337.
-347.
-359.
-368.
-377.
-389.
-397.
-406.
-416.
-425.
-432.
-442.
-447.
-459.
-465.
-472.
-477.
-484.
-490.
-495.
-499.
-506.
-509.
-512.
-514.
-519.
-520.
-522.
-523.
-525.
-526.
-526.
-525.
-527.
-526.
-523.
-524.
-524.
-522.
-518.
-517.
-516.
-513.
-511.
-507.
-506.
-503.
-500.
-497.
-494.
-490.
-486.
-480.
-475.
-471.
-467.
-462.
-457.
-451.
-445.
-438.
-433.
-426.
-420.
-411.
-405.
-399.
-392.
-384.
-376.
-366.
-357.
-349.
-339.
-330.
-321.
-311.
-300.
-292.
-282.
-269.
-259.
-248.
-237.
-226.
-213.
-203.
-189.
-179.
-167.
-154.
-140.
-126.
-114.
-101.
-85.
-70.
-57.
-42.
-27.
-10.
5.
20.
33.
50.
67.
80.
96.
114.
130.
147.
164.
181.
198.
215.
230.
248.
264.
283.
300.
316.
334.
349.
369.
385.
404.
418.
436.
454.
470.
488.
505.
524.
540.
557.
576.
591.
609.
626.
644.
661.
679.
696.
716.
730.
746.
762.
779.
798.
812.
829.
842.
859.
874.
889.
903.
918.
931.
945.
958.
972.
984.
997.
1011.
1023.
1036.
1045.
1057.
1070.
1078.
1087.
1097.
1107.
1119.
1127.
1134.
1142.
1150.
1156.
1165.
1173.
1180.
1187.
1192.
1198.
1202.
1207.
1213.
1216.
1219.
1224.
1227.
1229.
1230.
1235.
1234.
1235.
1236.
1235.
1235.
1234.
1233.
1233.
1233.
1230.
1226.
1223.
1220.
1218.
1213.
1210.
1205.
1200.
1193.
1191.
1185.
1178.
1172.
1166.
1161.
1153.
1144.
1137.
1131.
1123.
1113.
1104.
1097.
1088.
1077.
1067.
1060.
1051.
1041.
1029.
1020.
1011.
1000.
986.
975.
967.
953.
943.
931.
921.
907.
892.
882.
873.
858.
843.
832.
822.
809.
796.
780.
770.
753.
735.
724.
715.
699.
682.
670.
658.
643.
629.
614.
602.
588.
572.
557.
546.
529.
512.
501.
489.
473.
457.
443.
434.
418.
400.
386.
375.
357.
343.
329.
319.
303.
287.
273.
261.
248.
230.
217.
207.
193.
177.
167.
155.
140.
125.
114.
105.
88.
74.
63.
53.
39.
23.
12.
-1.
-11.
-27.
-37.
-49.
-61.
-72.
-84.
-94.
-106.
-117.
-127.
-137.
-148.
-159.
-166.
-173.
-186.
-196.
-207.
-213.
-225.
-234.
-243.
-251.
-259.
-266.
-275.
-282.
-288.
-295.
-302.
-308.
-317.
-322.
-329.
-331.
-339.
-344.
-348.
-354.
-358.
-362.
-364.
-367.
-372.
-374.
-378.
-379.
-382.
-387.
-389.
-391.
-394.
-397.
-399.
-401.
-405.
-409.
-410.
-412.
-414.
-415.
-420.
-423.
-427.
-428.
-430.
-428.
-429.
-431.
-430.
-431.
-429.
-428.
-427.
-425.
-425.
-425.
-424.
-422.
-421.
-418.
-418.
-412.
-410.
-410.
-407.
-404.
-402.
-400.
-397.
-393.
-390.
-387.
-383.
-380.
-376.
-373.
-367.
-365.
-362.
-355.
-350.
-349.
-345.
-339.
-335.
-331.
-326.
-323.
-315.
-311.
-306.
-302.
-295.
-288.
-283.
-277.
-271.
-263.
-260.
-252.
-247.
-236.
-232.
-224.
-216.
-209.
-200.
-194.
-182.
-175.
-166.
-157.
-148.
-140.
-132.
-121.
-110.
-101.
-90.
-82.
-70.
-59.
-50.
-39.
-28.
-14.
-3.
8.
19.
33.
45.
59.
72.
87.
101.
115.
127.
143.
159.
173.
189.
205.
222.
238.
253.
269.
287.
304.
321.
341.
355.
371.
392.
410.
425.
443.
461.
479.
497.
514.
531.
550.
566.
586.
602.
622.
637.
653.
672.
690.
708.
725.
743.
761.
777.
793.
810.
827.
842.
857.
870.
884.
895.
911.
922.
935.
945.
955.
964.
976.
985.
993.
1001.
1011.
1019.
1028.
1036.
1046.
1052.
1059.
1067.
1072.
1081.
1088.
1093.
1099.
1103.
1111.
1117.
1123.
1129.
1132.
1139.
1143.
1150.
1153.
1160.
1164.
1168.
1173.
1177.
1180.
1182.
1185.
1184.
1188.
1187.
1188.
1188.
1188.
1185.
1185.
1184.
1184.
1180.
1178.
1177.
1177.
1173.
1168.
1165.
1164.
1157.
1156.
1150.
1146.
1139.
1135.
1131.
1123.
1117.
1110.
1105.
1098.
1092.
1085.
1078.
1072.
1065.
1056.
1049.
1038.
1029.
1020.
1012.
1001.
991.
979.
970.
961.
948.
941.
930.
920.
907.
893.
881.
872.
858.
845.
835.
820.
807.
792.
781.
770.
754.
739.
727.
713.
699.
684.
667.
656.
640.
624.
607.
598.
583.
569.
554.
540.
522.
506.
491.
475.
459.
444.
428.
412.
393.
379.
364.
349.
332.
317.
299.
285.
271.
255.
239.
225.
207.
193.
176.
160.
146.
130.
114.
97.
84.
69.
54.
41.
25.
8.
-7.
-18.
-31.
-48.
-59.
-69.
-86.
-101.
-113.
-125.
-137.
-154.
-164.
-173.
-187.
-202.
-213.
-225.
-237.
-249.
-258.
-271.
-278.
-292.
-300.
-311.
-320.
-333.
-339.
-347.
-355.
-363.
-373.
-378.
-386.
-392.
-398.
-404.
-411.
-418.
-425.
-430.
-433.
-438.
-442.
-445.
-448.
-451.
-453.
-455.
-456.
-460.
-461.
-463.
-465.
-464.
-464.
-464.
-465.
-463.
-463.
-461.
-461.
-459.
-455.
-453.
-450.
-446.
-444.
-441.
-440.
-436.
-432.
-430.
-427.
-424.
-421.
-417.
-415.
-412.
-406.
-401.
-397.
-395.
-390.
-385.
-379.
-373.
-369.
-363.
-358.
-351.
-344.
-339.
-332.
-324.
-318.
-308.
-302.
-295.
-286.
-278.
-271.
-264.
-253.
-244.
-236.
-226.
-216.
-208.
-196.
-186.
-174.
-164.
-154.
-141.
-130.
-117.
-106.
-96.
-83.
-70.
-57.
-45.
-33.
-21.
-9.
5.
15.
31.
42.
55.
69.
83.
95.
110.
122.
139.
152.
165.
179.
196.
209.
223.
238.
253.
268.
281.
297.
313.
328.
342.
356.
370.
386.
400.
412.
429.
443.
454.
469.
484.
496.
509.
524.
539.
552.
565.
578.
592.
600.
614.
629.
641.
653.
665.
678.
690.
701.
711.
723.
735.
743.
756.
767.
776.
783.
792.
802.
812.
820.
827.
836.
845.
852.
859.
864.
871.
878.
883.
891.
895.
903.
908.
911.
917.
923.
929.
934.
939.
942.
946.
949.
955.
958.
962.
966.
971.
973.
977.
981.
985.
987.
989.
992.
997.
999.
1002.
1005.
1009.
1011.
1013.
1015.
1019.
1020.
1020.
1023.
1026.
1027.
1029.
1027.
1028.
1028.
1028.
1028.
1026.
1025.
1022.
1022.
1019.
1019.
1016.
1012.
1010.
1007.
1003.
1001.
1000.
995.
990.
986.
983.
978.
974.
969.
967.
961.
955.
951.
945.
940.
934.
927.
924.
919.
912.
906.
899.
892.
886.
878.
872.
865.
857.
849.
843.
834.
826.
819.
810.
804.
795.
787.
779.
771.
760.
753.
748.
736.
726.
716.
708.
699.
690.
680.
671.
663.
650.
639.
632.
622.
612.
603.
595.
583.
574.
564.
555.
542.
531.
520.
512.
500.
487.
473.
466.
451.
439.
425.
418.
405.
391.
380.
369.
357.
344.
333.
323.
309.
296.
285.
275.
264.
251.
241.
232.
218.
206.
196.
186.
174.
161.
148.
141.
129.
116.
104.
97.
87.
73.
63.
53.
44.
34.
24.
13.
2.
-6.
-16.
-27.
-37.
-47.
-54.
-63.
-72.
-78.
-85.
-94.
-104.
-110.
-115.
-122.
-130.
-137.
-144.
-150.
-156.
-161.
-165.
-172.
-178.
-182.
-188.
-191.
-196.
-202.
-203.
-209.
-214.
-219.
-223.
-226.
-228.
-233.
-234.
-236.
-238.
-241.
-244.
-246.
-250.
-252.
-252.
-253.
-256.
-259.
-259.
-261.
-262.
-263.
-264.
-265.
-268.
-270.
-273.
-273.
-275.
-275.
-277.
-278.
-279.
-279.
-282.
-284.
-284.
-285.
-287.
-283.
-282.
-281.
-282.
-278.
-277.
-276.
-274.
-270.
-267.
-263.
-259.
-252.
-249.
-247.
-241.
-235.
-230.
-224.
-217.
-209.
-204.
-199.
-192.
-185.
-179.
-173.
-166.
-156.
-149.
-140.
-133.
-126.
-119.
-109.
-104.
-94.
-87.
-81.
-72.
-64.
-55.
-46.
-37.
-29.
-20.
-12.
-6.
6.
11.
22.
31.
41.
49.
59.
71.
81.
90.
101.
110.
118.
128.
137.
149.
158.
168.
177.
188.
198.
208.
219.
227.
237.
247.
256.
266.
277.
288.
298.
313.
321.
332.
345.
357.
372.
387.
401.
418.
433.
450.
464.
483.
501.
517.
533.
551.
567.
583.
596.
613.
629.
642.
656.
673.
689.
704.
719.
735.
751.
765.
779.
796.
810.
824.
838.
852.
866.
880.
893.
907.
922.
933.
948.
961.
975.
989.
1002.
1017.
1030.
1043.
1055.
1070.
1081.
1091.
1105.
1116.
1127.
1135.
1145.
1156.
1166.
1176.
1187.
1196.
1204.
1212.
1222.
1228.
1237.
1241.
1248.
1254.
1261.
1264.
1272.
1277.
1281.
1284.
1290.
1292.
1299.
1301.
1304.
1305.
1309.
1311.
1314.
1318.
1321.
1321.
1321.
1323.
1323.
1322.
1322.
1322.
1319.
1317.
1316.
1313.
1311.
1309.
1305.
1303.
1301.
1297.
1294.
1291.
1289.
1283.
1278.
1273.
1269.
1265.
1257.
1253.
1249.
1243.
1237.
1232.
1226.
1218.
1212.
1205.
1197.
1192.
1185.
1177.
1168.
1160.
1155.
1147.
1138.
1131.
1124.
1114.
1108.
1097.
1090.
1083.
1074.
1064.
1054.
1047.
1040.
1030.
1020.
1011.
1002.
992.
984.
976.
967.
955.
945.
935.
925.
916.
907.
899.
889.
878.
866.
857.
848.
838.
823.
813.
808.
794.
781.
773.
764.
752.
739.
729.
718.
709.
696.
686.
679.
663.
652.
642.
633.
620.
609.
598.
590.
578.
566.
554.
548.
534.
520.
510.
500.
489.
477.
466.
456.
445.
432.
422.
411.
400.
386.
377.
367.
355.
342.
332.
323.
313.
301.
290.
282.
271.
262.
254.
243.
234.
225.
216.
208.
198.
190.
180.
172.
164.
158.
152.
143.
136.
129.
122.
116.
109.
103.
96.
90.
83.
78.
72.
68.
63.
59.
56.
51.
44.
42.
39.
36.
32.
31.
25.
24.
23.
22.
19.
18.
16.
17.
19.
17.
18.
18.
19.
20.
21.
24.
24.
26.
29.
33.
33.
38.
41.
45.
46.
53.
54.
60.
64.
69.
73.
81.
88.
92.
97.
105.
109.
115.
124.
133.
140.
148.
158.
164.
174.
185.
191.
199.
208.
217.
225.
234.
244.
255.
265.
275.
285.
296.
306.
318.
330.
341.
351.
364.
376.
389.
401.
413.
424.
437.
448.
462.
476.
486.
499.
512.
525.
539.
551.
563.
578.
590.
603.
617.
629.
645.
657.
671.
685.
700.
712.
725.
739.
752.
765.
780.
792.
806.
820.
832.
846.
858.
873.
887.
897.
911.
925.
936.
948.
961.
973.
985.
997.
1009.
1023.
1033.
1043.
1053.
1064.
1076.
1085.
1095.
1104.
1114.
1123.
1132.
1143.
1152.
1159.
1169.
1176.
1183.
1193.
1203.
1209.
1213.
1221.
1229.
1234.
1238.
1243.
1248.
1253.
1259.
1260.
1263.
1263.
1268.
1271.
1274.
1274.
1276.
1277.
1277.
1276.
1275.
1275.
1270.
1269.
1266.
1263.
1260.
1257.
1255.
1252.
1247.
1240.
1238.
1233.
1227.
1221.
1217.
1210.
1204.
1196.
1193.
1186.
1180.
1172.
1166.
1155.
1148.
1142.
1134.
1125.
1118.
1109.
1101.
1093.
1084.
1072.
1064.
1056.
1047.
1037.
1028.
1018.
1009.
997.
989.
979.
968.
958.
948.
934.
925.
915.
904.
892.
882.
873.
855.
844.
834.
821.
805.
794.
783.
768.
752.
741.
730.
716.
699.
687.
675.
662.
647.
633.
618.
604.
592.
577.
563.
546.
530.
516.
504.
489.
475.
460.
446.
429.
415.
400.
386.
371.
358.
344.
329.
315.
298.
283.
270.
255.
238.
222.
210.
191.
180.
164.
154.
139.
124.
107.
96.
82.
67.
56.
45.
31.
19.
9.
-5.
-16.
-28.
-39.
-48.
-61.
-71.
-81.
-90.
-102.
-111.
-118.
-128.
-138.
-145.
-153.
-162.
-171.
-179.
-187.
-194.
-201.
-209.
-216.
-222.
-230.
-235.
-242.
-248.
-254.
-259.
-263.
-271.
-274.
-278.
-281.
-286.
-289.
-292.
-297.
-299.
-302.
-304.
-306.
-309.
-312.
-312.
-313.
-314.
-318.
-319.
-319.
-318.
-319.
-320.
-320.
-316.
-317.
-317.
-316.
-311.
-311.
-310.
-309.
-304.
-302.
-297.
-293.
-288.
-284.
-280.
-273.
-270.
-265.
-258.
-252.
-245.
-240.
-232.
-227.
-219.
-210.
-207.
-197.
-190.
-184.
-175.
-165.
-157.
-149.
-138.
-128.
-118.
-107.
-98.
-86.
-77.
-68.
-55.
-44.
-32.
-20.
-7.
8.
18.
28.
42.
56.
69.
83.
96.
109.
121.
137.
150.
166.
184.
197.
213.
228.
242.
258.
275.
287.
305.
324.
340.
357.
375.
393.
409.
426.
445.
462.
480.
497.
518.
536.
552.
573.
592.
610.
629.
650.
667.
686.
704.
722.
743.
758.
778.
798.
817.
834.
855.
873.
890.
910.
929.
947.
966.
983.
998.
1015.
1033.
1048.
1063.
1077.
1093.
1109.
1123.
1137.
1151.
1164.
1178.
1191.
1203.
1215.
1226.
1239.
1249.
1259.
1271.
1279.
1291.
1301.
1313.
1321.
1331.
1339.
1346.
1355.
1360.
1368.
1375.
1381.
1387.
1392.
1398.
1402.
1410.
1412.
1413.
1417.
1422.
1423.
1426.
1428.
1430.
1430.
1430.
1431.
1431.
1430.
1431.
1429.
1431.
1429.
1429.
1431.
1429.
1426.
1426.
1423.
1424.
1422.
1418.
1412.
1410.
1405.
1404.
1397.
1394.
1388.
1383.
1376.
1370.
1357.
1349.
1338.
1333.
1319.
1304.
1293.
1283.
1268.
1252.
1242.
1229.
1215.
1197.
1186.
1172.
1155.
1139.
1125.
1109.
1093.
1078.
1062.
1044.
1029.
1011.
994.
976.
959.
941.
925.
905.
890.
872.
854.
835.
819.
801.
783.
764.
747.
729.
710.
687.
669.
652.
635.
616.
596.
578.
558.
540.
523.
505.
484.
466.
445.
427.
412.
394.
375.
357.
340.
322.
304.
288.
269.
251.
233.
217.
203.
185.
169.
152.
136.
121.
104.
88.
75.
61.
47.
32.
16.
8.
-6.
-20.
-34.
-43.
-59.
-73.
-83.
-98.
-109.
-119.
-129.
-141.
-152.
-161.
-169.
-178.
-187.
-196.
-205.
-212.
-221.
-227.
-234.
-242.
-248.
-253.
-259.
-266.
-271.
-275.
-281.
-285.