85.
86.
85.
86.
86.
86.
85.
87.
88.
87.
87.
88.
88.
88.
88.
88.
90.
91.
91.
91.
90.
93.
92.
94.
94.
94.
95.
95.
95.
96.
96.
96.
96.
96.
94.
97.
97.
95.
98.
97.
98.
98.
98.
99.
99.
99.
97.
99.
100.
98.
98.
100.
99.
99.
100.
102.
102.
101.
102.
103.
104.
105.
103.
105.
104.
106.
105.
105.
106.
107.
106.
106.
107.
109.
108.
108.
109.
111.
110.
109.
110.
111.
111.
111.
112.
112.
112.
112.
113.
112.
113.
113.
112.
113.
115.
115.
114.
115.
116.
116.
117.
117.
118.
118.
120.
119.
119.
118.
120.
124.
124.
130.
131.
132.
131.
132.
133.
134.
133.
134.
134.
138.
136.
137.
141.
143.
143.
146.
147.
150.
150.
152.
153.
154.
157.
161.
162.
165.
168.
171.
173.
175.
175.
180.
182.
183.
189.
191.
196.
199.
199.
204.
207.
210.
213.
217.
221.
227.
231.
236.
239.
243.
248.
254.
259.
262.
266.
272.
277.
282.
288.
293.
298.
303.
311.
315.
323.
328.
335.
342.
347.
354.
357.
366.
372.
377.
385.
393.
399.
406.
411.
420.
427.
434.
442.
448.
457.
464.
470.
476.
482.
489.
498.
505.
511.
517.
525.
530.
538.
546.
555.
562.
570.
578.
589.
596.
606.
615.
622.
630.
639.
649.
656.
666.
676.
683.
691.
700.
710.
716.
725.
734.
744.
752.
760.
770.
779.
786.
795.
805.
814.
822.
830.
838.
847.
856.
863.
869.
880.
888.
894.
901.
909.
918.
921.
930.
938.
943.
950.
956.
963.
969.
974.
977.
984.
988.
991.
995.
999.
1002.
1007.
1005.
1011.
1013.
1014.
1016.
1016.
1017.
1017.
1018.
1017.
1016.
1016.
1017.
1016.
1015.
1015.
1016.
1014.
1011.
1009.
1004.
1001.
998.
993.
986.
984.
978.
973.
967.
961.
955.
949.
943.
936.
927.
923.
913.
906.
899.
890.
883.
876.
865.
857.
847.
839.
828.
819.
809.
801.
788.
774.
766.
756.
740.
728.
718.
707.
694.
679.
666.
657.
643.
627.
615.
602.
589.
576.
561.
548.
533.
518.
504.
491.
474.
457.
446.
435.
420.
401.
387.
375.
358.
345.
329.
314.
298.
281.
269.
255.
241.
221.
206.
191.
177.
159.
144.
129.
112.
97.
83.
71.
57.
39.
27.
15.
3.
-13.
-23.
-35.
-45.
-58.
-72.
-80.
-94.
-107.
-119.
-127.
-139.
-155.
-165.
-171.
-183.
-195.
-208.
-216.
-226.
-236.
-246.
-255.
-264.
-274.
-280.
-288.
-297.
-307.
-316.
-323.
-329.
-338.
-345.
-352.
-358.
-365.
-372.
-377.
-383.
-391.
-397.
-404.
-411.
-417.
-425.
-429.
-435.
-442.
-448.
-454.
-461.
-467.
-473.
-479.
-483.
-491.
-497.
-502.
-507.
-513.
-517.
-521.
-526.
-531.
-534.
-536.
-543.
-547.
-551.
-553.
-559.
-562.
-565.
-567.
-572.
-577.
-579.
-580.
-586.
-590.
-592.
-595.
-597.
-602.
-604.
-604.
-610.
-612.
-613.
-616.
-618.
-620.
-621.
-625.
-627.
-629.
-631.
-633.
-633.
-637.
-639.
-641.
-642.
-641.
-644.
-645.
-647.
-649.
-649.
-649.
-652.
-653.
-654.
-653.
-655.
-655.
-656.
-655.
-656.
-657.
-655.
-656.
-657.
-655.
-655.
-654.
-653.
-655.
-652.
-652.
-650.
-649.
-647.
-644.
-645.
-642.
-642.
-638.
-637.
-634.
-633.
-629.
-627.
-625.
-623.
-620.
-619.
-616.
-613.
-609.
-608.
-603.
-600.
-599.
-598.
-593.
-591.
-586.
-584.
-580.
-575.
-571.
-567.
-562.
-557.
-550.
-545.
-537.
-531.
-527.
-523.
-516.
-511.
-503.
-497.
-490.
-484.
-479.
-473.
-465.
-456.
-449.
-441.
-433.
-425.
-417.
-410.
-401.
-390.
-382.
-375.
-365.
-356.
-346.
-337.
-330.
-319.
-308.
-300.
-289.
-279.
-269.
-259.
-251.
-239.
-229.
-222.
-210.
-198.
-187.
-176.
-165.
-157.
-145.
-137.
-125.
-114.
-101.
-89.
-79.
-67.
-57.
-46.
-33.
-22.
-11.
2.
12.
23.
36.
47.
60.
70.
83.
92.
107.
118.
131.
141.
152.
165.
178.
187.
199.
210.
223.
234.
245.
258.
270.
282.
292.
303.
315.
323.
335.
347.
359.
369.
378.
390.
401.
410.
421.
430.
440.
452.
462.
471.
481.
491.
501.
510.
520.
529.
539.
550.
560.
568.
578.
585.
596.
607.
615.
623.
633.
643.
650.
657.
668.
676.
685.
694.
704.
710.
718.
727.
737.
743.
753.
760.
770.
774.
782.
789.
798.
806.
814.
821.
829.
836.
844.
850.
857.
864.
870.
878.
885.
892.
899.
907.
915.
918.
926.
932.
940.
948.
952.
959.
965.
972.
977.
982.
991.
998.
1003.
1008.
1016.
1021.
1029.
1033.
1039.
1043.
1049.
1053.
1059.
1064.
1069.
1073.
1078.
1084.
1084.
1091.
1095.
1102.
1105.
1108.
1115.
1118.
1120.
1123.
1129.
1131.
1133.
1138.
1141.
1144.
1148.
1150.
1152.
1154.
1156.
1158.
1162.
1164.
1164.
1164.
1164.
1166.
1168.
1172.
1171.
1174.
1177.
1178.
1180.
1183.
1183.
1181.
1185.
1184.
1186.
1187.
1188.
1188.
1188.
1188.
1189.
1188.
1187.
1187.
1187.
1187.
1187.
1187.
1185.
1184.
1183.
1182.
1181.
1180.
1177.
1176.
1176.
1173.
1171.
1169.
1167.
1166.
1162.
1161.
1158.
1155.
1151.
1149.
1146.
1143.
1139.
1135.
1133.
1128.
1122.
1120.
1115.
1109.
1104.
1099.
1097.
1090.
1083.
1081.
1075.
1071.
1062.
1058.
1052.
1045.
1039.
1033.
1028.
1019.
1011.
1005.
998.
994.
985.
977.
968.
961.
953.
945.
937.
930.
922.
913.
905.
896.
890.
882.
877.
869.
861.
855.
843.
835.
826.
819.
807.
797.
787.
779.
771.
761.
750.
742.
733.
723.
715.
704.
694.
686.
674.
664.
655.
644.
633.
625.
614.
602.
592.
583.
572.
563.
551.
542.
534.
520.
511.
501.
492.
482.
470.
461.
451.
442.
431.
421.
412.
401.
389.
381.
372.
362.
350.
341.
332.
319.
309.
300.
291.
282.
273.
264.
256.
245.
237.
226.
218.
208.
198.
190.
182.
172.
161.
152.
142.
135.
125.
119.
108.
100.
92.
83.
75.
68.
60.
49.
41.
33.
26.
17.
10.
-1.
-10.
-17.
-28.
-36.
-46.
-56.
-63.
-75.
-82.
-88.
-93.
-101.
-111.
-116.
-121.
-129.
-135.
-142.
-150.
-158.
-165.
-172.
-177.
-185.
-191.
-196.
-205.
-213.
-220.
-225.
-230.
-239.
-246.
-252.
-256.
-262.
-269.
-277.
-281.
-289.
-296.
-301.
-307.
-311.
-318.
-324.
-330.
-340.
-344.
-349.
-356.
-362.
-368.
-372.
-378.
-384.
-392.
-398.
-402.
-409.
-414.
-421.
-426.
-434.
-437.
-445.
-452.
-456.
-463.
-470.
-472.
-480.
-485.
-492.
-498.
-505.
-510.
-515.
-521.
-527.
-533.
-540.
-548.
-553.
-559.
-565.
-570.
-576.
-582.
-586.
-588.
-590.
-592.
-597.
-599.
-605.
-608.
-613.
-616.
-621.
-629.
-634.
-638.
-641.
-647.
-650.
-653.
-660.
-664.
-669.
-673.
-675.
-681.
-684.
-687.
-691.
-695.
-698.
-701.
-706.
-711.
-714.
-716.
-720.
-722.
-727.
-728.
-732.
-736.
-738.
-740.
-744.
-745.
-748.
-748.
-751.
-754.
-757.
-757.
-760.
-763.
-765.
-764.
-766.
-767.
-768.
-767.
-769.
-772.
-772.
-770.
-771.
-771.
-771.
-771.
-773.
-770.
-769.
-771.
-769.
-767.
-766.
-765.
-765.
-762.
-760.
-759.
-757.
-754.
-755.
-749.
-749.
-748.
-747.
-742.
-739.
-739.
-735.
-731.
-728.
-727.
-722.
-719.
-713.
-711.
-705.
-700.
-697.
-693.
-685.
-681.
-678.
-674.
-668.
-662.
-656.
-652.
-646.
-641.
-634.
-629.
-625.
-617.
-611.
-602.
-597.
-590.
-584.
-575.
-567.
-562.
-552.
-545.
-537.
-530.
-521.
-512.
-503.
-494.
-486.
-476.
-468.
-459.
-451.
-440.
-429.
-416.
-409.
-399.
-388.
-379.
-370.
-361.
-348.
-337.
-328.
-318.
-305.
-295.
-285.
-274.
-263.
-252.
-241.
-232.
-219.
-207.
-197.
-184.
-174.
-160.
-150.
-139.
-126.
-113.
-102.
-91.
-80.
-68.
-56.
-44.
-32.
-19.
-10.
3.
14.
26.
35.
48.
60.
72.
83.
93.
103.
114.
124.
135.
146.
158.
168.
177.
189.
199.
208.
217.
228.
239.
247.
257.
267.
278.
287.
296.
308.
317.
325.
336.
344.
354.
366.
375.
384.
394.
403.
412.
423.
433.
443.
452.
462.
472.
481.
490.
497.
506.
515.
525.
534.
541.
549.
557.
566.
576.
582.
589.
597.
608.
614.
623.
630.
639.
646.
655.
660.
669.
674.
682.
690.
698.
702.
707.
716.
722.
728.
735.
741.
750.
755.
760.
766.
774.
778.
783.
789.
796.
801.
808.
812.
818.
824.
831.
833.
839.
843.
848.
854.
861.
864.
869.
874.
878.
883.
886.
893.
898.
901.
908.
912.
917.
921.
925.
930.
936.
940.
945.
949.
956.
960.
965.
968.
975.
979.
983.
988.
994.
999.
1003.
1006.
1012.
1017.
1022.
1024.
1029.
1032.
1037.
1042.
1044.
1051.
1054.
1057.
1065.
1066.
1069.
1072.
1078.
1080.
1084.
1087.
1091.
1093.
1097.
1099.
1105.
1106.
1108.
1110.
1118.
1118.
1122.
1125.
1127.
1127.
1132.
1134.
1136.
1137.
1139.
1140.
1143.
1145.
1145.
1148.
1150.
1150.
1152.
1156.
1156.
1157.
1159.
1160.
1161.
1162.
1163.
1167.
1168.
1168.
1168.
1169.
1167.
1170.
1171.
1170.
1170.
1170.
1171.
1172.
1171.
1169.
1171.
1170.
1170.
1169.
1168.
1167.
1167.
1165.
1163.
1162.
1162.
1160.
1158.
1157.
1157.
1156.
1156.
1153.
1152.
1148.
1146.
1144.
1143.
1140.
1139.
1135.
1132.
1130.
1130.
1126.
1124.
1120.
1116.
1115.
1112.
1106.
1104.
1100.
1097.
1094.
1089.
1084.
1080.
1076.
1072.
1067.
1062.
1059.
1053.
1049.
1047.
1039.
1034.
1028.
1024.
1018.
1013.
1008.
1000.
996.
991.
984.
979.
974.
966.
959.
952.
944.
935.
928.
922.
912.
905.
896.
888.
880.
872.
866.
857.
848.
838.
831.
822.
814.
805.
798.
787.
780.
771.
764.
752.
745.
736.
728.
718.
708.
699.
688.
682.
673.
661.
652.
643.
634.
623.
614.
605.
596.
586.
578.
570.
559.
549.
542.
533.
524.
513.
505.
494.
484.
476.
466.
459.
452.
442.
432.
427.
415.
407.
398.
392.
383.
374.
368.
361.
351.
344.
335.
329.
318.
310.
303.
297.
286.
277.
273.
265.
256.
244.
239.
229.
217.
208.
199.
189.
180.
170.
163.
154.
145.
138.
132.
125.
119.
112.
106.
101.
95.
88.
82.
77.
69.
61.
56.
48.
42.
36.
29.
24.
18.
11.
3.
-1.
-10.
-16.
-22.
-28.
-34.
-43.
-48.
-55.
-60.
-68.
-74.
-80.
-87.
-94.
-100.
-106.
-112.
-119.
-126.
-130.
-138.
-143.
-150.
-155.
-165.
-170.
-176.
-182.
-189.
-197.
-202.
-208.
-215.
-222.
-225.
-234.
-241.
-246.
-254.
-257.
-264.
-273.
-279.
-285.
-292.
-301.
-304.
-311.
-316.
-322.
-327.
-331.
-336.
-339.
-342.
-346.
-350.
-355.
-360.
-365.
-370.
-378.
-383.
-388.
-394.
-397.
-403.
-409.
-414.
-418.
-426.
-426.
-432.
-437.
-440.
-445.
-450.
-455.
-459.
-464.
-468.
-472.
-477.
-482.
-488.
-491.
-495.
-499.
-502.
-507.
-510.
-515.
-517.
-522.
-527.
-529.
-536.
-536.
-542.
-544.
-549.
-552.
-553.
-557.
-561.
-561.
-566.
-568.
-570.
-573.
-573.
-576.
-579.
-582.
-583.
-584.
-587.
-589.
-589.
-590.
-591.
-593.
-592.
-590.
-591.
-591.
-591.
-589.
-590.
-590.
-589.
-587.
-586.
-586.
-586.
-584.
-584.
-581.
-577.
-575.
-575.
-570.
-568.
-566.
-565.
-562.
-560.
-555.
-556.
-550.
-549.
-544.
-541.
-539.
-538.
-536.
-528.
-525.
-521.
-519.
-512.
-511.
-507.
-501.
-498.
-492.
-488.
-484.
-479.
-474.
-471.
-464.
-459.
-454.
-448.
-443.
-438.
-431.
-425.
-421.
-413.
-406.
-400.
-391.
-386.
-381.
-373.
-365.
-359.
-351.
-343.
-337.
-329.
-321.
-313.
-305.
-295.
-287.
-280.
-270.
-264.
-255.
-247.
-238.
-230.
-222.
-214.
-203.
-193.
-184.
-176.
-168.
-159.
-151.
-140.
-132.
-124.
-113.
-104.
-95.
-88.
-79.
-70.
-61.
-54.
-44.
-36.
-26.
-17.
-7.
4.
15.
24.
33.
42.
53.
62.
70.
80.
89.
97.
106.
115.
125.
135.
145.
153.
164.
173.
182.
194.
204.
212.
221.
231.
242.
251.
262.
272.
281.
292.
301.
312.
322.
332.
343.
353.
362.
373.
384.
395.
404.
415.
425.
435.
446.
456.
464.
474.
485.
496.
506.
516.
527.
536.
545.
558.
566.
576.
586.
595.
606.
615.
625.
635.
646.
655.
665.
674.
684.
692.
702.
712.
721.
730.
738.
750.
757.
766.
775.
782.
792.
801.
809.
817.
825.
834.
841.
849.
859.
866.
873.
879.
889.
895.
903.
908.
918.
925.
929.
937.
945.
952.
959.
968.
976.
981.
987.
995.
1003.
1010.
1017.
1023.
1030.
1037.
1043.
1051.
1057.
1064.
1069.
1073.
1081.
1087.
1095.
1100.
1105.
1111.
1113.
1121.
1128.
1132.
1137.
1143.
1148.
1151.
1154.
1161.
1167.
1170.
1173.
1181.
1187.
1190.
1195.
1199.
1205.
1208.
1213.
1218.
1223.
1226.
1230.
1235.
1240.
1241.
1246.
1251.
1254.
1257.
1262.
1267.
1268.
1272.
1276.
1279.
1282.
1287.
1290.
1291.
1295.
1301.
1302.
1304.
1305.
1309.
1313.
1314.
1320.
1320.
1322.
1325.
1328.
1331.
1334.
1337.
1341.
1344.
1347.
1351.
1351.
1354.
1355.
1358.
1358.
1358.
1359.
1359.
1360.
1361.
1360.
1361.
1364.
1362.
1362.
1364.
1364.
1362.
1362.
1364.
1362.
1362.
1362.
1360.
1359.
1361.
1360.
1358.
1355.
1354.
1354.
1354.
1352.
1351.
1348.
1346.
1346.
1345.
1342.
1338.
1338.
1335.
1331.
1330.
1328.
1324.
1319.
1319.
1316.
1310.
1308.
1304.
1301.
1297.
1295.
1291.
1286.
1284.
1281.
1277.
1272.
1269.
1265.
1262.
1258.
1251.
1246.
1244.
1237.
1232.
1230.
1226.
1219.
1214.
1210.
1206.
1200.
1193.
1190.
1184.
1176.
1169.
1162.
1158.
1151.
1145.
1139.
1133.
1127.
1120.
1117.
1112.
1106.
1099.
1094.
1089.
1083.
1076.
1070.
1064.
1057.
1047.
1043.
1038.
1030.
1021.
1014.
1006.
999.
992.
985.
977.
971.
962.
954.
945.
937.
928.
921.
912.
904.
895.
886.
878.
868.
859.
851.
842.
833.
824.
815.
805.
798.
786.
777.
768.
757.
747.
739.
729.
720.
709.
701.
689.
680.
670.
657.
648.
638.
627.
616.
607.
594.
584.
572.
561.
552.
538.
528.
518.
509.
497.
484.
476.
465.
454.
443.
434.
427.
418.
406.
393.
382.
372.
360.
349.
341.
329.
319.
310.
300.
289.
276.
268.
262.
245.
237.
224.
218.
208.
193.
185.
176.
165.
153.
145.
137.
127.
112.
103.
97.
85.
74.
65.
53.
44.
35.
27.
16.
7.
-3.
-16.
-25.
-33.
-42.
-53.
-61.
-74.
-81.
-91.
-98.
-107.
-118.
-126.
-137.
-145.
-153.
-164.
-171.
-182.
-192.
-198.
-208.
-218.
-229.
-238.
-248.
-260.
-271.
-278.
-285.
-297.
-304.
-314.
-319.
-327.
-333.
-342.
-350.
-359.
-365.
-372.
-380.
-386.
-396.
-402.
-411.
-417.
-423.
-430.
-436.
-443.
-454.
-459.
-465.
-472.
-481.
-488.
-493.
-501.
-508.
-514.
-520.
-526.
-531.
-537.
-546.
-549.
-557.
-563.
-566.
-576.
-581.
-583.
-590.
-597.
-603.
-607.
-614.
-618.
-623.
-629.
-634.
-641.
-644.
-650.
-656.
-660.
-666.
-671.
-674.
-680.
-685.
-689.
-694.
-701.
-705.
-709.
-712.
-715.
-720.
-726.
-729.
-735.
-739.
-743.
-746.
-751.
-756.
-762.
-765.
-770.
-775.
-779.
-780.
-783.
-787.
-793.
-797.
-802.
-804.
-809.
-811.
-814.
-817.
-823.
-825.
-829.
-833.
-838.
-839.
-843.
-846.
-850.
-854.
-855.
-859.
-861.
-865.
-867.
-872.
-874.
-876.
-878.
-878.
-881.
-883.
-885.
-887.
-892.
-892.
-893.
-894.
-897.
-898.
-900.
-901.
-902.
-903.
-904.
-905.
-908.
-906.
-907.
-908.
-909.
-909.
-908.
-908.
-907.
-906.
-905.
-904.
-904.
-902.
-903.
-900.
-900.
-898.
-897.
-898.
-896.
-893.
-891.
-888.
-889.
-885.
-885.
-880.
-881.
-879.
-874.
-870.
-869.
-865.
-863.
-863.
-859.
-853.
-851.
-848.
-846.
-840.
-838.
-836.
-831.
-821.
-819.
-814.
-808.
-802.
-796.
-792.
-784.
-777.
-773.
-766.
-758.
-751.
-743.
-737.
-729.
-721.
-716.
-708.
-698.
-690.
-684.
-674.
-665.
-654.
-648.
-639.
-631.
-622.
-613.
-604.
-594.
-583.
-575.
-565.
-554.
-543.
-533.
-524.
-514.
-503.
-493.
-482.
-472.
-460.
-449.
-438.
-428.
-416.
-403.
-393.
-381.
-369.
-359.
-348.
-334.
-323.
-313.
-302.
-290.
-276.
-266.
-254.
-241.
-229.
-219.
-208.
-195.
-184.
-174.
-162.
-150.
-136.
-124.
-115.
-102.
-90.
-80.
-69.
-56.
-43.
-32.
-23.
-11.
3.
16.
28.
41.
59.
72.
84.
97.
111.
121.
132.
143.
156.
167.
175.
186.
197.
205.
217.
228.
237.
251.
261.
270.
278.
289.
298.
309.
319.
327.
339.
349.
357.
368.
378.
388.
398.
409.
416.
427.
439.
446.
457.
466.
477.
487.
496.
502.
514.
523.
532.
542.
550.
558.
568.
579.
586.
595.
603.
614.
623.
631.
638.
648.
658.
666.
673.
684.
693.
699.
710.
716.
726.
733.
740.
751.
757.
763.
772.
779.
789.
799.
805.
812.
821.
827.
833.
840.
851.
857.
866.
873.
881.
887.
894.
901.
910.
913.
922.
927.
935.
941.
948.
954.
960.
966.
971.
977.
982.
988.
994.
997.
1006.
1010.
1014.
1019.
1025.
1030.
1033.
1040.
1046.
1051.
1057.
1058.
1064.
1067.
1073.
1077.
1083.
1087.
1090.
1096.
1099.
1105.
1107.
1111.
1117.
1119.
1124.
1129.
1133.
1137.
1141.
1144.
1148.
1151.
1155.
1159.
1164.
1167.
1169.
1173.
1175.
1177.
1182.
1185.
1187.
1191.
1193.
1197.
1200.
1203.
1206.
1211.
1216.
1223.
1225.
1229.
1235.
1238.
1239.
1241.
1244.
1242.
1245.
1249.
1251.
1252.
1255.
1255.
1256.
1260.
1259.
1260.
1260.
1262.
1264.
1265.
1268.
1269.
1267.
1268.
1268.
1269.
1271.
1270.
1272.
1271.
1271.
1271.
1274.
1273.
1274.
1272.
1272.
1273.
1273.
1271.
1271.
1269.
1269.
1267.
1268.
1268.
1269.
1266.
1266.
1262.
1263.
1260.
1258.
1257.
1259.
1256.
1253.
1252.
1250.
1249.
1247.
1245.
1244.
1241.
1237.
1236.
1233.
1230.
1229.
1225.
1222.
1221.
1217.
1213.
1211.
1206.
1203.
1197.
1195.
1192.
1189.
1186.
1182.
1179.
1176.
1173.
1170.
1165.
1162.
1159.
1154.
1149.
1145.
1140.
1136.
1131.
1126.
1122.
1117.
1113.
1108.
1101.
1095.
1092.
1088.
1078.
1073.
1068.
1064.
1056.
1049.
1043.
1036.
1030.
1023.
1016.
1008.
1000.
993.
986.
979.
971.
964.
954.
948.
938.
928.
922.
915.
904.
895.
888.
880.
869.
861.
852.
842.
832.
823.
813.
802.
793.
784.
774.
764.
754.
743.
732.
725.
712.
698.
690.
677.
668.
658.
647.
635.
625.
612.
601.
591.
579.
567.
557.
547.
536.
524.
513.
503.
487.
477.
464.
455.
441.
428.
417.
408.
397.
381.
372.
361.
351.
339.
330.
321.
310.
298.
289.
277.
266.
255.
246.
239.
225.
212.
203.
194.
184.
175.
164.
156.
146.
135.
125.
117.
106.
97.
89.
79.
69.
61.
52.
42.
32.
24.
17.
8.
-1.
-10.
-19.
-28.
-36.
-44.
-52.
-60.
-68.
-76.
-82.
-90.
-99.
-108.
-116.
-123.
-134.
-140.
-148.
-156.
-166.
-173.
-181.
-190.
-198.
-206.
-213.
-220.
-228.
-232.
-239.
-244.
-252.
-257.
-263.
-268.
-276.
-281.
-288.
-294.
-302.
-307.
-312.
-319.
-324.
-330.
-336.
-341.
-347.
-353.
-358.
-363.
-368.
-373.
-379.
-385.
-391.
-395.
-400.
-403.
-408.
-414.
-418.
-422.
-428.
-434.
-438.
-442.
-448.
-453.
-456.
-462.
-465.
-471.
-474.
-479.
-485.
-489.
-491.
-496.
-500.
-504.
-508.
-512.
-517.
-523.
-525.
-528.
-533.
-536.
-541.
-547.
-551.
-556.
-562.
-565.
-569.
-575.
-578.
-584.
-591.
-595.
-598.
-603.
-608.
-612.
-614.
-618.
-622.
-626.
-628.
-633.
-635.
-639.
-641.
-643.
-646.
-649.
-650.
-654.
-659.
-662.
-664.
-667.
-670.
-673.
-673.
-676.
-679.
-680.
-682.
-686.
-687.
-690.
-691.
-691.
-696.
-697.
-699.
-699.
-699.
-704.
-704.
-705.
-706.
-708.
-709.
-707.
-711.
-711.
-709.
-710.
-710.
-711.
-711.
-710.
-710.
-710.
-709.
-706.
-708.
-709.
-707.
-706.
-705.
-703.
-700.
-701.
-697.
-697.
-696.
-691.
-690.
-686.
-680.
-677.
-674.
-668.
-662.
-658.
-656.
-652.
-647.
-643.
-640.
-636.
-630.
-622.
-621.
-617.
-610.
-604.
-600.
-594.
-589.
-583.
-579.
-570.
-564.
-557.
-551.
-544.
-538.
-531.
-524.
-516.
-511.
-503.
-497.
-489.
-482.
-475.
-468.
-459.
-451.
-444.
-436.
-429.
-419.
-412.
-404.
-399.
-388.
-379.
-373.
-365.
-358.
-348.
-342.
-332.
-325.
-315.
-308.
-299.
-292.
-282.
-275.
-267.
-260.
-253.
-244.
-238.
-230.
-221.
-211.
-206.
-199.
-193.
-185.
-180.
-169.
-165.
-156.
-148.
-142.
-137.
-131.
-124.
-116.
-108.
-102.
-95.
-89.
-79.
-74.
-65.
-57.
-50.
-43.
-35.
-27.
-21.
-13.
-3.
2.
12.
18.
24.
31.
39.
47.
53.
62.
69.
77.
83.
92.
99.
109.
114.
121.
130.
138.
144.
153.
162.
169.
176.
186.
191.
199.
209.
214.
225.
233.
239.
247.
258.
264.
272.
278.
285.
294.
303.
310.
319.
327.
334.
342.
349.
357.
367.
374.
381.
388.
396.
402.
412.
423.
431.
440.
452.
461.
473.
482.
492.
501.
508.
518.
527.
535.
542.
550.
557.
566.
572.
581.
591.
600.
607.
615.
624.
631.
641.
649.
657.
666.
673.
685.
693.
701.
709.
715.
726.
736.
743.
752.
761.
768.
777.
786.
793.
802.
811.
818.
828.
835.
843.
853.
861.
866.
875.
883.
891.
898.
906.
914.
922.
930.
936.
941.
947.
955.
962.
969.
976.
983.
991.
996.
1002.
1008.
1010.
1017.
1025.
1030.
1035.
1043.
1048.
1052.
1055.
1060.
1065.
1068.
1073.
1078.
1082.
1086.
1090.
1094.
1097.
1100.
1103.
1107.
1110.
1113.
1115.
1117.
1123.
1120.
1123.
1120.
1123.
1120.
1120.
1118.
1121.
1121.
1120.
1122.
1125.
1125.
1128.
1130.
1131.
1131.
1133.
1136.
1137.
1138.
1137.
1140.
1140.
1140.
1140.
1142.
1145.
1142.
1141.
1143.
1143.
1143.
1145.
1144.
1143.
1144.
1145.
1145.
1144.
1142.
1142.
1144.
1143.
1140.
1140.
1142.
1140.
1139.
1139.
1139.
1137.
1137.
1135.
1135.
1134.
1131.
1130.
1130.
1129.
1128.
1125.
1123.
1122.
1121.
1118.
1116.
1114.
1112.
1109.
1106.
1105.
1102.
1100.
1097.
1096.
1094.
1090.
1087.
1085.
1079.
1078.
1074.
1070.
1068.
1064.
1060.
1057.
1053.
1050.
1046.
1041.
1038.
1033.
1028.
1025.
1020.
1013.
1008.
1002.
999.
992.
986.
983.
977.
970.
964.
958.
951.
944.
938.
933.
926.
918.
910.
904.
896.
891.
886.
881.
874.
868.
861.
853.
846.
839.
829.
823.
814.
808.
800.
788.
781.
774.
767.
757.
747.
737.
730.
719.
709.
700.
691.
685.
669.
659.
649.
640.
629.
617.
608.
600.
589.
574.
566.
556.
543.
532.
523.
515.
500.
490.
478.
466.
455.
444.
434.
426.
414.
399.
390.
379.
370.
356.
345.
335.
324.
311.
298.
288.
277.
265.
255.
248.
231.
220.
209.
200.
185.
176.
163.
151.
140.
127.
117.
106.
95.
79.
69.
59.
49.
34.
23.
12.
1.
-11.
-22.
-33.
-45.
-55.
-67.
-78.
-91.
-102.
-113.
-124.
-134.
-144.
-155.
-165.
-178.
-187.
-196.
-205.
-216.
-226.
-235.
-244.
-253.
-262.
-272.
-279.
-289.
-298.
-305.
-313.
-322.
-330.
-338.
-347.
-354.
-361.
-370.
-376.
-384.
-393.
-397.
-406.
-412.
-422.
-428.
-434.
-441.
-448.
-455.
-460.
-467.
-474.
-480.
-485.
-491.
-499.
-504.
-510.
-516.
-522.
-526.
-532.
-539.
-545.
-549.
-555.
-559.
-567.
-572.
-577.
-585.
-591.
-596.
-602.
-609.
-615.
-618.
-623.
-628.
-634.
-638.
-641.
-644.
-649.
-650.
-654.
-658.
-661.
-663.
-667.
-671.
-673.
-678.
-679.
-683.
-686.
-690.
-690.
-693.
-695.
-699.
-700.
-701.
-706.
-708.
-708.
-711.
-716.
-716.
-718.
-721.
-723.
-722.
-725.
-728.
-731.
-732.
-731.
-734.
-735.
-737.
-737.
-740.
-739.
-743.
-742.
-743.
-746.
-746.
-744.
-747.
-749.
-749.
-751.
-751.
-750.
-750.
-750.
-752.
-753.
-751.
-752.
-753.
-752.
-753.
-754.
-754.
-754.
-754.
-754.
-752.
-752.
-752.
-750.
-754.
-750.
-750.
-748.
-748.
-747.
-746.
-741.
-740.
-737.
-736.
-736.
-736.
-735.
-732.
-731.
-730.
-727.
-725.
-724.
-722.
-720.
-718.
-716.
-713.
-713.
-710.
-706.
-705.
-701.
-699.
-697.
-692.
-690.
-686.
-682.
-680.
-678.
-674.
-671.
-668.
-662.
-661.
-657.
-653.
-649.
-643.
-638.
-634.
-632.
-628.
-621.
-618.
-613.
-608.
-603.
-599.
-593.
-587.
-584.
-577.
-571.
-566.
-562.
-558.
-551.
-545.
-539.
-535.
-528.
-522.
-517.
-511.
-506.
-499.
-491.
-487.
-481.
-476.
-468.
-462.
-455.
-449.
-442.
-438.
-431.
-425.
-417.
-412.
-407.
-399.
-393.
-384.
-380.
-371.
-366.
-356.
-350.
-340.
-333.
-325.
-318.
-309.
-303.
-293.
-290.
-278.
-270.
-264.
-255.
-247.
-236.
-232.
-222.
-215.
-205.
-198.
-190.
-183.
-173.
-164.
-157.
-147.
-140.
-132.
-124.
-115.
-105.
-98.
-90.
-81.
-73.
-63.
-55.
-45.
-37.
-29.
-19.
-12.
-3.
6.
15.
24.
33.
41.
50.
58.
68.
76.
84.
94.
102.
111.
119.
128.
137.
146.
155.
163.
173.
181.
191.
200.
213.
223.
232.
243.
254.
260.
269.
279.
287.
295.
302.
311.
321.
330.
338.
348.
357.
365.
374.
381.
393.
401.
411.
419.
428.
436.
446.
455.
463.
473.
482.
491.
498.
505.
515.
524.
531.
540.
547.
556.
563.
571.
579.
586.
595.
601.
609.
616.
622.
629.
638.
642.
652.
658.
665.
671.
678.
684.
693.
698.
704.
708.
715.
720.
726.
732.
737.
744.
750.
754.
760.
766.
770.
776.
778.
786.
790.
795.
800.
803.
811.
813.
819.
824.
829.
832.
836.
842.
845.
849.
855.
859.
863.
867.
873.
876.
882.
885.
887.
890.
892.
895.
897.
900.
906.
908.
912.
917.
921.
925.
929.
933.
937.
942.
946.
949.
956.
959.
959.
965.
969.
974.
973.
979.
982.
984.
987.
992.
996.
997.
998.
1002.
1005.
1010.
1010.
1014.
1016.
1019.
1021.
1025.
1028.
1028.
1031.
1032.
1037.
1036.
1037.
1040.
1041.
1045.
1045.
1049.
1050.
1051.
1052.
1053.
1055.
1057.
1057.
1058.
1059.
1060.
1059.
1061.
1061.
1060.
1061.
1060.
1061.
1062.
1061.
1060.
1061.
1058.
1057.
1058.
1056.
1054.
1052.
1051.
1052.
1048.
1045.
1045.
1042.
1038.
1036.
1033.
1031.
1027.
1023.
1021.
1017.
1015.
1011.
1008.
1003.
1002.
1000.
998.
996.
995.
990.
986.
982.
977.
971.
967.
962.
959.
952.
945.
940.
934.
928.
923.
918.
911.
904.
897.
892.
886.
880.
873.
867.
859.
853.
846.
841.
833.
828.
819.
812.
805.
797.
790.
783.
777.
767.
760.
753.
744.
737.
728.
722.
712.
705.
697.
689.
680.
672.
663.
653.
645.
636.
629.
620.
611.
601.
593.
585.
576.
565.
556.
548.
539.
530.
521.
512.
503.
493.
482.
475.
466.
456.
447.
436.
428.
418.
409.
399.
390.
381.
372.
363.
351.
344.
334.
324.
314.
305.
296.
284.
275.
264.
256.
247.
238.
228.
217.
207.
198.
189.
179.
169.
159.
148.
141.
131.
121.
112.
104.
95.
85.
73.
64.
56.
45.
35.
23.
14.
5.
-5.
-16.
-23.
-34.
-43.
-50.
-60.
-69.
-76.
-86.
-94.
-101.
-111.
-121.
-130.
-140.
-146.
-155.
-164.
-173.
-181.
-188.
-199.
-208.
-216.
-225.
-230.
-241.
-248.
-256.
-263.
-271.
-280.
-289.
-296.
-304.
-311.
-318.
-326.
-333.
-341.
-350.
-356.
-364.
-369.
-378.
-385.
-393.
-401.
-407.
-415.
-421.
-428.
-436.
-443.
-450.
-458.
-466.
-470.
-476.
-484.
-489.
-496.
-503.
-510.
-517.
-523.
-529.
-537.
-545.
-549.
-554.
-563.
-569.
-574.
-583.
-588.
-592.
-596.
-600.
-604.
-607.
-611.
-618.
-625.
-627.
-632.
-637.
-642.
-648.
-653.
-657.
-661.
-668.
-672.
-676.
-681.
-685.
-689.
-695.
-699.
-701.
-707.
-712.
-715.
-719.
-721.
-729.
-733.
-736.
-738.
-740.
-746.
-747.
-750.
-753.
-757.
-760.
-763.
-765.
-767.
-769.
-770.
-775.
-776.
-779.
-781.
-783.
-787.
-786.
-789.
-788.
-792.
-794.
-793.
-795.
-797.
-797.
-798.
-799.
-801.
-802.
-803.
-805.
-804.
-805.
-805.
-807.
-808.
-808.
-807.
-809.
-809.
-809.
-809.
-810.
-811.
-813.
-814.
-813.
-815.
-817.
-816.
-817.
-816.
-817.
-817.
-815.
-814.
-814.
-810.
-808.
-808.
-806.
-804.
-801.
-801.
-799.
-797.
-795.
-792.
-792.
-789.
-786.
-784.
-780.
-778.
-776.
-774.
-769.
-768.
-766.
-762.
-760.
-756.
-755.
-751.
-747.
-745.
-739.
-739.
-735.
-730.
-726.
-722.
-721.
-714.
-710.
-707.
-703.
-699.
-696.
-693.
-689.
-683.
-678.
-675.
-668.
-665.
-661.
-654.
-648.
-645.
-641.
-636.
-627.
-623.
-619.
-613.
-607.
-601.
-596.
-591.
-585.
-580.
-574.
-568.
-564.
-557.
-551.
-544.
-535.
-531.
-521.
-516.
-507.
-500.
-494.
-487.
-479.
-474.
-467.
-459.
-451.
-445.
-436.
-428.
-421.
-415.
-407.
-398.
-390.
-381.
-374.
-365.
-358.
-350.
-342.
-333.
-323.
-313.
-305.
-299.
-289.
-279.
-271.
-264.
-257.
-246.
-238.
-230.
-220.
-214.
-205.
-196.
-188.
-181.
-171.
-163.
-153.
-144.
-136.
-128.
-119.
-111.
-102.
-95.
-84.
-77.
-68.
-60.
-50.
-42.
-34.
-24.
-17.
-7.
1.
7.
17.
24.
35.
43.
49.
60.
68.
78.
86.
94.
102.
109.
117.
126.
132.
142.
150.
157.
166.
173.
182.
192.
200.
209.
219.
227.
236.
243.
253.
263.
271.
279.
287.
295.
306.
315.
321.
332.
339.
347.
354.
363.
371.
379.
389.
399.
406.
415.
422.
431.
438.
447.
454.
465.
474.
482.
491.
498.
509.
515.
522.
533.
542.
552.
558.
568.
577.
584.
593.
600.
609.
618.
627.
636.
643.
653.
659.
668.
677.
685.
693.
703.
712.
717.
728.
737.
745.
751.
758.
765.
774.
780.
789.
799.
806.
815.
825.
835.
841.
851.
857.
865.
871.
876.
885.
891.
897.
905.
911.
917.
923.
930.
935.
942.
948.
955.
962.
968.
974.
980.
986.
992.
998.
1002.
1011.
1016.
1022.
1027.
1034.
1039.
1044.
1049.
1055.
1061.
1065.
1070.
1076.
1082.
1085.
1091.
1095.
1098.
1102.
1105.
1111.
1114.
1114.
1120.
1124.
1128.
1130.
1133.
1137.
1141.
1142.
1145.
1147.
1150.
1153.
1155.
1159.
1161.
1161.
1162.
1164.
1166.
1167.
1168.
1167.
1168.
1170.
1171.
1172.
1173.
1174.
1173.
1174.
1174.
1174.
1174.
1174.
1175.
1172.
1170.
1171.
1170.
1168.
1167.
1166.
1164.
1163.
1162.
1161.
1161.
1158.
1157.
1156.
1157.
1154.
1153.
1152.
1151.
1147.
1145.
1143.
1141.
1137.
1135.
1132.
1132.
1127.
1126.
1124.
1121.
1118.
1112.
1111.
1108.
1104.
1101.
1099.
1094.
1090.
1086.
1082.
1078.
1074.
1069.
1066.
1060.
1056.
1055.
1050.
1045.
1039.
1034.
1029.
1026.
1021.
1015.
1009.
1007.
999.
994.
986.
982.
976.
970.
964.
958.
953.
946.
939.
933.
926.
919.
913.
906.
901.
893.
886.
878.
872.
866.
859.
850.
844.
837.
829.
822.
812.
804.
796.
787.
779.
773.
763.
756.
747.
739.
728.
720.
711.
699.
692.
685.
675.
669.
662.
652.
643.
633.
624.
615.
605.
593.
585.
574.
566.
554.
547.
536.
529.
517.
507.
498.
490.
480.
470.
461.
450.
442.
432.
423.
414.
405.
396.
387.
376.
368.
359.
350.
340.
331.
320.
313.
305.
293.
284.
275.
265.
257.
250.
240.
229.
223.
213.
204.
193.
184.
175.
166.
158.
149.
140.
130.
121.
112.
104.
94.
87.
76.
67.
57.
47.
37.
25.
14.
4.
-4.
-16.
-26.
-37.
-45.
-54.
-63.
-74.
-82.
-90.
-98.
-108.
-117.
-125.
-131.
-143.
-151.
-161.
-168.
-177.
-186.
-194.
-203.
-211.
-222.
-229.
-239.
-246.
-256.
-264.
-273.
-282.
-291.
-300.
-304.
-314.
-322.
-330.
-339.
-347.
-357.
-363.
-371.
-380.
-389.
-398.
-406.
-412.
-419.
-428.
-434.
-442.
-452.
-459.
-466.
-474.
-480.
-487.
-492.
-501.
-506.
-514.
-522.
-530.
-537.
-543.
-550.
-556.
-564.
-569.
-577.
-585.
-590.
-596.
-601.
-608.
-616.
-621.
-626.
-633.
-640.
-647.
-650.
-658.
-665.
-670.
-677.
-681.
-686.
-692.
-693.
-697.
-702.
-702.
-706.
-711.
-716.
-720.
-720.
-726.
-730.
-735.
-739.
-743.
-746.
-750.
-753.
-754.
-757.
-760.
-763.
-766.
-768.
-770.
-772.
-777.
-777.
-779.
-780.
-782.
-784.
-783.
-784.
-786.
-788.
-787.
-789.
-788.
-789.
-794.
-791.
-792.
-794.
-795.
-795.
-796.
-798.
-800.
-799.
-799.
-801.
-801.
-803.
-803.
-806.
-806.
-806.
-807.
-807.
-806.
-807.
-809.
-808.
-808.
-806.
-806.
-804.
-806.
-804.
-803.
-797.
-796.
-793.
-792.
-788.
-784.
-778.
-776.
-772.
-770.
-767.
-762.
-760.
-754.
-750.
-747.
-744.
-740.
-735.
-735.
-731.
-725.
-719.
-715.
-712.
-707.
-702.
-697.
-695.
-690.
-682.
-680.
-674.
-671.
-667.
-661.
-658.
-652.
-648.
-643.
-638.
-633.
-628.
-623.
-616.
-613.
-607.
-601.
-597.
-590.
-583.
-579.
-573.
-567.
-561.
-556.
-548.
-541.
-535.
-530.
-522.
-515.
-509.
-503.
-497.
-488.
-484.
-477.
-470.
-461.
-453.
-447.
-440.
-431.
-422.
-414.
-405.
-395.
-384.
-378.
-369.
-361.
-352.
-344.
-333.
-325.
-315.
-307.
-299.
-289.
-277.
-270.
-263.
-253.
-243.
-232.
-221.
-211.
-200.
-191.
-181.
-168.
-159.
-148.
-138.
-128.
-118.
-110.
-100.
-88.
-78.
-68.
-60.
-50.
-39.
-31.
-22.
-11.
-1.
9.
18.
25.
37.
46.
56.
63.
75.
82.
93.
102.
110.
119.
127.
138.
147.
157.
164.
175.
185.
195.
205.
213.
224.
229.
240.
251.
260.
268.
279.
289.
298.
308.
316.
327.
337.
345.
353.
363.
374.
384.
393.
404.
412.
420.
432.
441.
452.
459.
470.
479.
488.
497.
506.
514.
524.
533.
541.
550.
561.
571.
578.
588.
598.
604.
613.
623.
633.
642.
649.
659.
665.
675.
685.
695.
701.
709.
717.
725.
734.
740.
751.
757.
766.
774.
783.
793.
799.
807.
813.
823.
831.
838.
847.
853.
861.
870.
877.
884.
891.
897.
906.
912.
920.
927.
934.
942.
948.
954.
962.
970.
977.
983.
988.
995.
1002.
1008.
1012.
1017.
1025.
1027.
1032.
1038.
1043.
1049.
1052.
1059.
1063.
1067.
1073.
1075.
1079.
1083.
1086.
1093.
1094.
1098.
1100.
1105.
1108.
1108.
1112.
1116.
1116.
1120.
1124.
1127.
1129.
1129.
1133.
1135.
1137.
1137.
1139.
1141.
1143.
1144.
1144.
1148.
1151.
1149.
1150.
1151.
1151.
1154.
1154.
1154.
1156.
1156.
1158.
1157.
1158.
1156.
1158.
1158.
1159.
1158.
1158.
1161.
1159.
1163.
1159.
1160.
1159.
1161.
1161.
1162.
1160.
1160.
1157.
1159.
1156.
1157.
1158.
1158.
1161.
1160.
1163.
1163.
1162.
1163.
1162.
1163.
1163.
1163.
1163.
1164.
1164.
1162.
1161.
1160.
1159.
1158.
1155.
1156.
1154.
1153.
1148.
1147.
1147.
1144.
1144.
1140.
1141.
1140.
1138.
1137.
1133.
1131.
1128.
1125.
1123.
1121.
1120.
1118.
1115.
1112.
1108.
1106.
1102.
1099.
1095.
1093.
1090.
1086.
1082.
1077.
1076.
1071.
1066.
1062.
1057.
1054.
1050.
1045.
1041.
1037.
1030.
1025.
1022.
1019.
1013.
1011.
1010.
1005.
1000.
995.
989.
982.
976.
971.
962.
956.
947.
940.
934.
927.
919.
911.
904.
896.
888.
879.
872.
862.
852.
845.
839.
828.
821.
811.
803.
793.
786.
775.
767.
759.
749.
738.
728.
718.
709.
700.
690.
678.
669.
659.
651.
642.
629.
621.
611.
600.
589.
578.
570.
559.
548.
539.
529.
516.
507.
494.
487.
475.
464.
452.
442.
430.
423.
411.
402.
391.
381.
370.
360.
350.
338.
328.
318.
307.
295.
286.
273.
262.
253.
243.
232.
221.
211.
202.
192.
181.
170.
157.
150.
138.
126.
116.
109.
96.
86.
78.
68.
55.
48.
38.
32.
24.
13.
5.
-2.
-12.
-20.
-29.
-37.
-47.
-56.
-63.
-72.
-80.
-90.
-97.
-106.
-116.
-123.
-132.
-141.
-149.
-157.
-165.
-174.
-184.
-190.
-197.
-205.
-214.
-222.
-229.
-238.
-246.
-254.
-262.
-269.
-277.
-286.
-294.
-299.
-308.
-315.
-323.
-332.
-339.
-349.
-355.
-364.
-371.
-379.
-387.
-394.
-400.
-409.
-416.
-422.
-430.
-437.
-444.
-451.
-456.
-466.
-472.
-479.
-487.
-497.
-502.
-509.
-515.
-521.
-528.
-534.
-542.
-545.
-550.
-554.
-557.
-563.
-568.
-575.
-579.
-586.
-590.
-597.
-604.
-612.
-619.
-623.
-630.
-637.
-641.
-648.
-656.
-661.
-667.
-672.
-679.
-684.
-690.
-695.
-701.
-707.
-711.
-716.
-720.
-729.
-732.
-735.
-742.
-747.
-750.
-754.
-760.
-765.
-768.
-772.
-778.
-783.
-785.
-788.
-793.
-797.
-801.
-803.
-807.
-810.
-813.
-815.
-821.
-821.
-824.
-829.
-832.
-836.
-836.
-838.
-842.
-846.
-850.
-850.
-853.
-857.
-857.
-859.
-862.
-863.
-866.
-868.
-872.
-874.
-875.
-875.
-878.
-878.
-880.
-881.
-883.
-886.
-887.
-886.
-885.
-886.
-885.
-883.
-883.
-880.
-880.
-877.
-876.
-876.
-872.
-872.
-871.
-871.
-868.
-865.
-865.
-864.
-860.
-858.
-857.
-854.
-853.
-848.
-847.
-842.
-842.
-840.
-838.
-836.
-832.
-827.
-825.
-820.
-817.
-812.
-808.
-805.
-801.
-794.
-790.
-785.
-781.
-775.
-770.
-766.
-762.
-755.
-750.
-744.
-738.
-731.
-727.
-719.
-712.
-707.
-700.
-694.
-686.
-679.
-671.
-667.
-658.
-649.
-640.
-632.
-624.
-617.
-611.
-602.
-594.
-585.
-576.
-570.
-561.
-550.
-542.
-533.
-526.
-517.
-506.
-498.
-490.
-478.
-468.
-460.
-451.
-441.
-432.
-424.
-414.
-403.
-395.
-387.
-380.
-367.
-357.
-349.
-340.
-329.
-319.
-309.
-300.
-291.
-281.
-272.
-261.
-251.
-243.
-232.
-222.
-212.
-201.
-192.
-179.
-170.
-160.
-150.
-137.
-130.
-120.
-110.
-100.
-89.
-79.
-70.
-58.
-49.
-39.
-31.
-24.
-13.
-4.
4.
12.
22.
30.
38.
47.
56.
62.
72.
79.
87.
95.
103.
111.
118.
126.
134.
140.
149.
155.
163.
170.
178.
185.
191.
199.
208.
213.
222.
228.
238.
245.
250.
257.
266.
274.
280.
287.
296.
300.
309.
317.
322.
330.
337.
346.
352.
360.
367.
374.
382.
389.
396.
403.
411.
418.
427.
434.
442.
449.
457.
465.
473.
482.
488.
496.
506.
513.
519.
528.
538.
545.
553.
560.
571.
578.
589.
597.