122.
120.
119.
119.
120.
120.
119.
120.
119.
118.
118.
118.
119.
120.
118.
117.
117.
118.
119.
119.
119.
120.
118.
118.
120.
118.
119.
118.
117.
117.
116.
118.
120.
118.
118.
118.
120.
119.
117.
119.
120.
118.
118.
120.
121.
121.
121.
120.
123.
121.
122.
123.
121.
123.
123.
124.
124.
122.
122.
123.
124.
125.
124.
125.
126.
125.
123.
126.
128.
129.
128.
127.
129.
129.
127.
128.
131.
129.
128.
131.
132.
131.
131.
131.
133.
132.
132.
132.
134.
133.
132.
134.
133.
133.
133.
132.
134.
135.
132.
134.
134.
135.
132.
133.
134.
135.
131.
132.
135.
135.
133.
133.
132.
134.
131.
133.
135.
134.
134.
134.
135.
137.
136.
137.
138.
139.
138.
137.
141.
140.
138.
136.
139.
137.
135.
136.
134.
135.
134.
136.
135.
134.
132.
132.
133.
133.
132.
133.
132.
131.
129.
129.
129.
129.
128.
127.
128.
128.
128.
126.
126.
127.
123.
124.
123.
123.
123.
124.
122.
123.
123.
121.
122.
120.
122.
121.
119.
120.
118.
119.
118.
118.
117.
118.
116.
118.
115.
115.
116.
114.
115.
114.
115.
115.
113.
115.
115.
114.
114.
112.
113.
112.
111.
110.
111.
112.
109.
111.
114.
113.
108.
109.
110.
111.
110.
111.
109.
109.
110.
109.
111.
109.
108.
107.
108.
108.
106.
107.
108.
104.
104.
103.
103.
102.
101.
102.
99.
101.
97.
96.
97.
96.
92.
91.
91.
89.
87.
83.
84.
83.
81.
77.
75.
73.
70.
66.
63.
63.
58.
56.
53.
50.
47.
41.
41.
37.
33.
30.
26.
21.
18.
14.
9.
5.
0.
-7.
-11.
-14.
-19.
-25.
-29.
-34.
-43.
-50.
-53.
-57.
-67.
-74.
-79.
-85.
-92.
-97.
-103.
-108.
-114.
-123.
-129.
-136.
-142.
-150.
-155.
-161.
-168.
-175.
-182.
-191.
-199.
-204.
-213.
-219.
-227.
-235.
-242.
-248.
-258.
-265.
-274.
-281.
-290.
-297.
-304.
-311.
-319.
-326.
-334.
-341.
-351.
-358.
-364.
-371.
-380.
-387.
-394.
-400.
-408.
-416.
-421.
-428.
-437.
-443.
-449.
-456.
-461.
-469.
-472.
-479.
-486.
-491.
-496.
-503.
-510.
-516.
-520.
-526.
-533.
-538.
-541.
-546.
-552.
-555.
-560.
-562.
-567.
-569.
-572.
-575.
-579.
-582.
-585.
-585.
-590.
-592.
-594.
-597.
-596.
-598.
-597.
-599.
-600.
-603.
-603.
-602.
-606.
-603.
-603.
-604.
-606.
-605.
-604.
-602.
-602.
-602.
-600.
-598.
-601.
-600.
-597.
-593.
-592.
-589.
-587.
-586.
-585.
-581.
-578.
-575.
-573.
-566.
-566.
-560.
-556.
-553.
-547.
-543.
-540.
-534.
-530.
-526.
-522.
-516.
-513.
-506.
-501.
-495.
-490.
-483.
-475.
-468.
-462.
-451.
-445.
-436.
-425.
-416.
-411.
-403.
-393.
-383.
-374.
-364.
-353.
-344.
-336.
-325.
-314.
-303.
-293.
-283.
-272.
-259.
-248.
-238.
-226.
-215.
-204.
-193.
-181.
-169.
-157.
-144.
-133.
-119.
-107.
-96.
-82.
-72.
-60.
-46.
-32.
-20.
-9.
4.
19.
32.
43.
57.
73.
84.
94.
109.
123.
136.
147.
158.
173.
187.
199.
213.
226.
238.
253.
266.
281.
293.
306.
319.
333.
347.
359.
374.
387.
400.
413.
428.
441.
454.
468.
480.
496.
509.
522.
537.
551.
563.
575.
588.
602.
615.
628.
642.
655.
668.
681.
691.
702.
716.
728.
741.
753.
766.
777.
787.
799.
814.
824.
833.
846.
857.
868.
879.
890.
901.
909.
919.
931.
941.
951.
960.
970.
978.
985.
996.
1004.
1012.
1020.
1029.
1037.
1046.
1051.
1060.
1067.
1075.
1081.
1087.
1094.
1099.
1104.
1111.
1117.
1122.
1127.
1131.
1138.
1142.
1145.
1147.
1153.
1157.
1159.
1159.
1161.
1165.
1164.
1166.
1166.
1168.
1168.
1168.
1169.
1169.
1167.
1165.
1165.
1164.
1162.
1157.
1158.
1155.
1152.
1147.
1143.
1140.
1135.
1131.
1126.
1122.
1115.
1110.
1104.
1100.
1092.
1086.
1080.
1072.
1062.
1056.
1051.
1042.
1032.
1025.
1018.
1008.
999.
991.
982.
972.
962.
951.
944.
935.
922.
911.
900.
894.
880.
868.
859.
849.
836.
823.
814.
803.
792.
778.
767.
756.
742.
727.
714.
706.
693.
679.
670.
656.
642.
626.
614.
603.
589.
572.
562.
550.
536.
520.
506.
495.
480.
464.
451.
438.
425.
407.
398.
383.
370.
352.
340.
327.
311.
293.
283.
270.
253.
239.
227.
217.
203.
186.
176.
163.
149.
133.
123.
114.
97.
82.
71.
57.
48.
33.
21.
11.
-2.
-14.
-25.
-34.
-49.
-63.
-70.
-84.
-97.
-105.
-113.
-122.
-134.
-145.
-153.
-164.
-175.
-183.
-193.
-202.
-213.
-222.
-230.
-240.
-247.
-257.
-264.
-273.
-284.
-292.
-300.
-306.
-312.
-320.
-324.
-326.
-329.
-333.
-334.
-336.
-339.
-341.
-344.
-347.
-351.
-353.
-355.
-357.
-359.
-361.
-362.
-361.
-368.
-370.
-373.
-375.
-380.
-384.
-389.
-392.
-397.
-403.
-409.
-413.
-419.
-426.
-430.
-436.
-442.
-446.
-451.
-459.
-462.
-469.
-474.
-479.
-484.
-487.
-497.
-500.
-506.
-509.
-515.
-521.
-526.
-531.
-537.
-542.
-546.
-551.
-555.
-559.
-564.
-571.
-575.
-579.
-585.
-589.
-592.
-597.
-602.
-606.
-609.
-612.
-617.
-622.
-625.
-627.
-632.
-636.
-638.
-640.
-645.
-648.
-651.
-655.
-659.
-660.
-663.
-662.
-668.
-671.
-671.
-674.
-678.
-678.
-679.
-679.
-682.
-682.
-682.
-684.
-686.
-687.
-685.
-687.
-685.
-687.
-687.
-686.
-685.
-686.
-685.
-683.
-683.
-681.
-679.
-679.
-677.
-675.
-671.
-669.
-669.
-666.
-663.
-661.
-660.
-655.
-651.
-650.
-645.
-643.
-638.
-634.
-629.
-624.
-621.
-616.
-609.
-607.
-600.
-595.
-590.
-583.
-578.
-570.
-566.
-559.
-552.
-544.
-538.
-529.
-524.
-512.
-506.
-497.
-488.
-479.
-471.
-464.
-454.
-442.
-434.
-426.
-413.
-405.
-394.
-385.
-375.
-361.
-352.
-341.
-331.
-317.
-307.
-295.
-283.
-273.
-260.
-246.
-236.
-222.
-211.
-198.
-184.
-170.
-157.
-143.
-129.
-111.
-98.
-82.
-68.
-49.
-33.
-18.
1.
16.
31.
46.
62.
80.
93.
111.
128.
140.
155.
170.
184.
200.
216.
228.
244.
260.
274.
290.
303.
319.
333.
347.
364.
379.
393.
409.
427.
442.
458.
473.
489.
505.
519.
534.
549.
563.
578.
590.
608.
621.
635.
649.
664.
679.
695.
706.
722.
734.
746.
761.
774.
787.
800.
811.
822.
834.
844.
856.
868.
879.
890.
897.
909.
920.
930.
940.
950.
961.
968.
977.
988.
995.
1004.
1012.
1021.
1031.
1037.
1045.
1052.
1060.
1066.
1073.
1082.
1087.
1093.
1099.
1107.
1111.
1116.
1123.
1129.
1132.
1138.
1142.
1146.
1150.
1154.
1157.
1164.
1166.
1169.
1172.
1176.
1178.
1178.
1182.
1185.
1188.
1187.
1189.
1191.
1194.
1192.
1193.
1194.
1195.
1194.
1195.
1195.
1196.
1192.
1191.
1191.
1189.
1186.
1186.
1183.
1181.
1178.
1177.
1174.
1169.
1165.
1161.
1159.
1155.
1149.
1144.
1140.
1136.
1130.
1126.
1121.
1113.
1107.
1102.
1096.
1089.
1080.
1076.
1068.
1060.
1051.
1042.
1034.
1027.
1016.
1009.
1000.
991.
981.
970.
962.
952.
942.
931.
921.
912.
902.
889.
880.
872.
857.
845.
835.
824.
812.
801.
788.
780.
763.
750.
740.
730.
714.
703.
694.
681.
668.
653.
644.
631.
619.
601.
589.
577.
559.
547.
534.
522.
506.
491.
481.
467.
452.
433.
425.
410.
399.
381.
369.
356.
341.
323.
312.
298.
282.
266.
252.
243.
227.
211.
199.
189.
175.
159.
144.
135.
122.
106.
93.
83.
72.
57.
45.
34.
20.
5.
-6.
-17.
-33.
-46.
-56.
-68.
-79.
-95.
-106.
-114.
-124.
-140.
-155.
-164.
-178.
-188.
-199.
-210.
-221.
-233.
-243.
-255.
-266.
-277.
-286.
-297.
-308.
-317.
-327.
-334.
-340.
-345.
-350.
-356.
-364.
-369.
-377.
-382.
-388.
-393.
-398.
-401.
-409.
-415.
-422.
-428.
-436.
-442.
-450.
-456.
-464.
-473.
-479.
-486.
-494.
-501.
-509.
-513.
-520.
-529.
-536.
-542.
-549.
-554.
-560.
-566.
-573.
-579.
-583.
-588.
-596.
-602.
-607.
-612.
-620.
-623.
-627.
-632.
-638.
-642.
-646.
-652.
-657.
-662.
-664.
-668.
-674.
-678.
-680.
-685.
-686.
-690.
-692.
-694.
-699.
-700.
-701.
-708.
-709.
-712.
-712.
-715.
-716.
-716.
-718.
-718.
-721.
-720.
-720.
-722.
-723.
-724.
-721.
-720.
-721.
-722.
-718.
-717.
-718.
-715.
-713.
-711.
-711.
-709.
-705.
-703.
-704.
-700.
-697.
-693.
-691.
-687.
-680.
-677.
-675.
-671.
-666.
-660.
-657.
-650.
-646.
-637.
-633.
-628.
-621.
-614.
-609.
-603.
-594.
-587.
-579.
-570.
-560.
-554.
-545.
-536.
-526.
-517.
-507.
-499.
-487.
-478.
-467.
-457.
-444.
-432.
-422.
-409.
-396.
-385.
-373.
-360.
-346.
-331.
-321.
-308.
-293.
-277.
-265.
-250.
-236.
-222.
-208.
-192.
-178.
-161.
-144.
-130.
-116.
-99.
-84.
-68.
-53.
-36.
-20.
-3.
11.
27.
42.
59.
75.
92.
106.
121.
139.
153.
167.
185.
203.
216.
230.
246.
259.
275.
291.
306.
323.
337.
350.
366.
383.
399.
413.
426.
442.
458.
470.
488.
505.
519.
533.
549.
563.
578.
591.
604.
619.
634.
648.
661.
675.
688.
701.
715.
726.
738.
750.
762.
776.
787.
799.
806.
818.
829.
838.
848.
860.
870.
877.
887.
896.
905.
912.
920.
929.
938.
944.
952.
961.
969.
976.
981.
991.
997.
1004.
1012.
1018.
1025.
1028.
1033.
1041.
1046.
1052.
1056.
1063.
1068.
1072.
1077.
1083.
1088.
1090.
1094.
1099.
1104.
1108.
1111.
1116.
1118.
1119.
1124.
1126.
1129.
1134.
1136.
1140.
1142.
1142.
1144.
1149.
1151.
1153.
1155.
1157.
1157.
1160.
1161.
1163.
1165.
1168.
1168.
1168.
1171.
1171.
1174.
1172.
1175.
1177.
1178.
1179.
1180.
1180.
1181.
1182.
1182.
1182.
1182.
1184.
1186.
1187.
1188.
1187.
1188.
1188.
1188.
1190.
1192.
1192.
1191.
1192.
1192.
1191.
1194.
1194.
1196.
1195.
1195.
1195.
1197.
1195.
1194.
1194.
1197.
1196.
1195.
1196.
1194.
1193.
1190.
1191.
1189.
1187.
1183.
1184.
1184.
1180.
1177.
1175.
1171.
1168.
1164.
1160.
1155.
1153.
1146.
1142.
1139.
1132.
1128.
1123.
1117.
1111.
1105.
1098.
1092.
1087.
1079.
1070.
1062.
1054.
1048.
1040.
1031.
1022.
1015.
1007.
1000.
988.
981.
973.
965.
953.
941.
933.
924.
913.
904.
891.
883.
867.
851.
842.
830.
818.
798.
789.
775.
758.
742.
730.
716.
702.
683.
670.
654.
639.
623.
605.
589.
574.
557.
542.
525.
508.
492.
473.
456.
438.
421.
403.
386.
367.
350.
334.
313.
297.
279.
263.
245.
225.
210.
190.
175.
157.
138.
122.
105.
91.
74.
57.
39.
24.
8.
-8.
-25.
-39.
-59.
-73.
-87.
-101.
-121.
-134.
-146.
-165.
-181.
-194.
-206.
-221.
-241.
-250.
-262.
-278.
-293.
-306.
-318.
-329.
-342.
-354.
-367.
-382.
-395.
-405.
-414.
-430.
-444.
-454.
-464.
-476.
-485.
-495.
-504.
-515.
-526.
-535.
-543.
-553.
-562.
-571.
-578.
-586.
-594.
-602.
-611.
-618.
-626.
-632.
-640.
-645.
-653.
-659.
-666.
-672.
-679.
-682.
-687.
-693.
-697.
-702.
-708.
-711.
-715.
-718.
-722.
-726.
-728.
-733.
-737.
-739.
-742.
-744.
-746.
-750.
-750.
-751.
-752.
-754.
-756.
-754.
-755.
-758.
-756.
-757.
-755.
-757.
-757.
-757.
-756.
-755.
-753.
-751.
-749.
-752.
-748.
-746.
-743.
-740.
-738.
-736.
-732.
-733.
-728.
-722.
-719.
-717.
-713.
-709.
-704.
-700.
-699.
-694.
-690.
-686.
-680.
-676.
-671.
-667.
-662.
-656.
-650.
-647.
-640.
-633.
-629.
-624.
-616.
-609.
-602.
-597.
-591.
-582.
-576.
-570.
-562.
-552.
-541.
-533.
-526.
-516.
-505.
-495.
-486.
-474.
-461.
-451.
-439.
-423.
-411.
-402.
-387.
-371.
-361.
-348.
-333.
-319.
-303.
-290.
-277.
-260.
-246.
-233.
-219.
-204.
-187.
-174.
-158.
-143.
-127.
-112.
-95.
-79.
-63.
-48.
-33.
-16.
-1.
14.
30.
49.
66.
80.
93.
111.
128.
139.
155.
170.
185.
197.
213.
231.
247.
262.
275.
292.
307.
320.
335.
352.
367.
380.
396.
411.
427.
442.
455.
472.
486.
502.
517.
533.
549.
564.
578.
595.
611.
625.
640.
655.
671.
685.
701.
715.
730.
745.
758.
773.
789.
803.
817.
833.
846.
859.
873.
888.
900.
913.
925.
938.
949.
960.
972.
984.
994.
1004.
1013.
1025.
1035.
1046.
1054.
1064.
1073.
1083.
1091.
1097.
1107.
1116.
1122.
1129.
1136.
1144.
1148.
1158.
1160.
1165.
1171.
1176.
1182.
1186.
1190.
1194.
1199.
1201.
1202.
1207.
1210.
1211.
1212.
1215.
1216.
1217.
1217.
1220.
1218.
1218.
1220.
1217.
1218.
1215.
1216.
1215.
1213.
1209.
1210.
1207.
1205.
1201.
1198.
1194.
1191.
1187.
1185.
1182.
1178.
1172.
1168.
1163.
1159.
1152.
1147.
1141.
1137.
1131.
1123.
1118.
1112.
1103.
1097.
1091.
1084.
1077.
1069.
1061.
1053.
1046.
1037.
1029.
1022.
1013.
1005.
997.
988.
979.
971.
961.
952.
942.
932.
924.
918.
904.
894.
884.
871.
863.
852.
843.
832.
824.
806.
796.
787.
775.
763.
753.
744.
730.
718.
706.
693.
682.
670.
659.
651.
635.
623.
610.
604.
588.
577.
562.
555.
541.
526.
517.
506.
494.
477.
466.
458.
445.
431.
422.
411.
395.
385.
372.
363.
350.
336.
324.
315.
304.
291.
282.
271.
259.
250.
240.
230.
218.
207.
197.
189.
176.
167.
155.
145.
138.
128.
119.
108.
98.
88.
78.
70.
57.
49.
39.
33.
22.
13.
5.
-5.
-16.
-24.
-30.
-39.
-49.
-57.
-64.
-69.
-78.
-88.
-93.
-100.
-106.
-109.
-109.
-109.
-113.
-114.
-116.
-117.
-119.
-123.
-124.
-127.
-131.
-134.
-135.
-138.
-143.
-146.
-149.
-155.
-159.
-164.
-170.
-177.
-182.
-189.
-195.
-202.
-209.
-217.
-221.
-229.
-235.
-241.
-250.
-255.
-264.
-271.
-275.
-281.
-290.
-296.
-302.
-308.
-316.
-324.
-330.
-334.
-343.
-351.
-356.
-362.
-368.
-374.
-381.
-385.
-393.
-400.
-405.
-410.
-416.
-422.
-427.
-432.
-438.
-445.
-450.
-454.
-459.
-468.
-472.
-475.
-481.
-486.
-491.
-497.
-501.
-508.
-509.
-512.
-520.
-526.
-529.
-532.
-535.
-541.
-543.
-548.
-549.
-554.
-555.
-559.
-563.
-565.
-568.
-570.
-574.
-575.
-577.
-577.
-579.
-582.
-582.
-582.
-583.
-586.
-585.
-586.
-587.
-588.
-588.
-586.
-586.
-584.
-584.
-583.
-584.
-581.
-579.
-575.
-578.
-574.
-573.
-573.
-570.
-568.
-567.
-564.
-561.
-560.
-556.
-553.
-549.
-548.
-543.
-538.
-535.
-530.
-525.
-522.
-520.
-513.
-507.
-502.
-497.
-492.
-485.
-479.
-474.
-468.
-461.
-454.
-447.
-442.
-437.
-428.
-420.
-414.
-406.
-396.
-390.
-382.
-373.
-364.
-358.
-349.
-337.
-330.
-322.
-313.
-302.
-293.
-284.
-275.
-264.
-254.
-245.
-235.
-222.
-211.
-203.
-193.
-180.
-170.
-162.
-151.
-138.
-127.
-115.
-105.
-94.
-81.
-71.
-59.
-46.
-35.
-23.
-12.
2.
13.
24.
35.
47.
59.
74.
85.
96.
108.
119.
132.
147.
158.
170.
183.
194.
209.
220.
232.
244.
258.
269.
281.
294.
306.
318.
333.
345.
357.
368.
382.
394.
407.
419.
431.
445.
459.
469.
482.
495.
506.
518.
532.
543.
557.
567.
581.
594.
606.
617.
630.
642.
657.
667.
680.
693.
703.
713.
726.
740.
751.
762.
776.
786.
799.
810.
820.
834.
846.
855.
865.
876.
884.
893.
903.
916.
925.
932.
943.
953.
961.
971.
980.
990.
1001.
1007.
1016.
1025.
1033.
1043.
1050.
1060.
1068.
1074.
1081.
1092.
1099.
1106.
1114.
1122.
1128.
1135.
1141.
1148.
1156.
1161.
1168.
1174.
1181.
1187.
1191.
1198.
1201.
1207.
1211.
1217.
1221.
1223.
1229.
1233.
1237.
1240.
1245.
1251.
1253.
1256.
1260.
1263.
1265.
1266.
1271.
1273.
1274.
1275.
1278.
1279.
1283.
1281.
1285.
1285.
1286.
1286.
1288.
1287.
1291.
1289.
1289.
1289.
1289.
1287.
1290.
1289.
1289.
1288.
1287.
1286.
1287.
1285.
1282.
1282.
1281.
1281.
1277.
1277.
1276.
1274.
1272.
1270.
1268.
1265.
1261.
1261.
1259.
1255.
1253.
1249.
1247.
1245.
1241.
1236.
1235.
1232.
1226.
1222.
1218.
1213.
1210.
1206.
1202.
1195.
1191.
1186.
1181.
1176.
1168.
1164.
1159.
1149.
1143.
1137.
1131.
1123.
1116.
1111.
1104.
1096.
1086.
1080.
1072.
1062.
1055.
1048.
1038.
1028.
1018.
1009.
1001.
992.
982.
971.
962.
950.
940.
931.
922.
909.
896.
885.
875.
862.
849.
839.
831.
815.
800.
787.
776.
763.
749.
736.
728.
712.
696.
683.
672.
654.
640.
628.
617.
599.
582.
571.
560.
544.
529.
515.
502.
486.
469.
457.
442.
427.
412.
398.
386.
370.
353.
340.
327.
312.
298.
282.
271.
256.
240.
225.
212.
198.
183.
170.
157.
141.
127.
113.
103.
88.
75.
61.
52.
37.
21.
11.
1.
-15.
-27.
-38.
-47.
-59.
-74.
-84.
-94.
-108.
-117.
-130.
-137.
-146.
-157.
-168.
-176.
-187.
-196.
-205.
-212.
-221.
-228.
-237.
-246.
-255.
-263.
-270.
-276.
-283.
-289.
-294.
-301.
-306.
-310.
-317.
-321.
-327.
-334.
-338.
-342.
-347.
-351.
-353.
-359.
-362.
-366.
-368.
-372.
-376.
-379.
-381.
-382.
-383.
-386.
-390.
-391.
-394.
-396.
-396.
-397.
-399.
-401.
-399.
-399.
-403.
-402.
-401.
-400.
-402.
-403.
-401.
-402.
-401.
-400.
-398.
-398.
-399.
-397.
-394.
-395.
-393.
-393.
-390.
-390.
-389.
-389.
-386.
-385.
-384.
-381.
-379.
-378.
-379.
-378.
-375.
-374.
-373.
-370.
-370.
-366.
-367.
-367.
-362.
-361.
-361.
-358.
-355.
-353.
-353.
-351.
-350.
-347.
-346.
-342.
-342.
-339.
-340.
-337.
-333.
-329.
-330.
-326.
-324.
-324.
-321.
-319.
-316.
-313.
-310.
-307.
-303.
-301.
-298.
-295.
-293.
-289.
-287.
-283.
-278.
-276.
-272.
-268.
-262.
-257.
-253.
-249.
-243.
-237.
-233.
-228.
-222.
-216.
-211.
-205.
-198.
-190.
-187.
-179.
-173.
-164.
-160.
-152.
-145.
-137.
-130.
-123.
-113.
-105.
-100.
-90.
-79.
-69.
-61.
-52.
-43.
-32.
-24.
-16.
-3.
3.
14.
25.
37.
48.
57.
68.
80.
88.
100.
112.
122.
136.
145.
155.
168.
178.
189.
202.
213.
225.
236.
250.
262.
275.
287.
297.
312.
325.
338.
349.
363.
374.
388.
402.
416.
426.
439.
453.
466.
480.
492.
507.
521.
533.
545.
558.
574.
586.
598.
612.
625.
640.
651.
663.
678.
692.
702.
715.
729.
741.
752.
764.
777.
790.
802.
813.
826.
840.
849.
859.
872.
884.
891.
902.
914.
925.
934.
942.
953.
962.
968.
979.
989.
997.
1004.
1013.
1022.
1029.
1035.
1042.
1048.
1058.
1060.
1067.
1074.
1079.
1086.
1092.
1097.
1101.
1103.
1108.
1112.
1114.
1119.
1124.
1125.
1130.
1133.
1133.
1138.
1138.
1140.
1144.
1144.
1146.
1146.
1148.
1150.
1151.
1149.
1149.
1150.
1150.
1150.
1150.
1151.
1151.
1147.
1145.
1146.
1145.
1144.
1143.
1141.
1139.
1136.
1135.
1133.
1129.
1127.
1125.
1125.
1121.
1117.
1114.
1110.
1109.
1105.
1101.
1099.
1093.
1089.
1086.
1084.
1079.
1074.
1071.
1066.
1060.
1056.
1051.
1046.
1043.
1037.
1031.
1025.
1021.
1015.
1008.
1004.
1000.
993.
987.
981.
975.
968.
960.
955.
949.
940.
933.
928.
922.
914.
909.
901.
893.
885.
877.
871.
866.
857.
847.
841.
833.
825.
815.
807.
800.
793.
783.
774.
768.
757.
749.
739.
731.
721.
713.
702.
696.
684.
678.
667.
659.
649.
640.
632.
623.
610.
601.
591.
581.
572.
562.
555.
544.
532.
522.
513.
504.
491.
481.
474.
461.
450.
439.
429.
419.
406.
397.
386.
374.
364.
351.
343.
334.
320.
308.
299.
286.
275.
264.
255.
241.
230.
218.
207.
196.
182.
171.
160.
149.
137.
125.
114.
103.
91.
81.
71.
62.
50.
41.
34.
24.
14.
7.
-2.
-12.
-25.
-33.
-43.
-53.
-64.
-72.
-79.
-87.
-97.
-106.
-117.
-126.
-137.
-145.
-154.
-161.
-167.
-176.
-185.
-190.
-201.
-207.
-211.
-218.
-224.
-231.
-240.
-245.
-252.
-259.
-265.
-273.
-283.
-291.
-298.
-307.
-316.
-323.
-329.
-339.
-348.
-357.
-362.
-369.
-377.
-386.
-394.
-400.
-410.
-420.
-428.
-433.
-443.
-452.
-457.
-464.
-473.
-482.
-489.
-495.
-506.
-513.
-519.
-525.
-533.
-540.
-547.
-551.
-559.
-566.
-572.
-580.
-584.
-589.
-596.
-601.
-605.
-612.
-617.
-622.
-628.
-632.
-636.
-641.
-645.
-650.
-652.
-657.
-659.
-664.
-666.
-669.
-672.
-673.
-677.
-678.
-681.
-685.
-686.
-687.
-690.
-691.
-691.
-693.
-693.
-693.
-692.
-692.
-692.
-691.
-689.
-691.
-688.
-689.
-686.
-685.
-684.
-681.
-678.
-676.
-677.
-674.
-669.
-667.
-665.
-662.
-659.
-653.
-653.
-645.
-644.
-641.
-638.
-630.
-627.
-622.
-618.
-611.
-608.
-604.
-598.
-592.
-583.
-577.
-573.
-566.
-558.
-551.
-544.
-537.
-529.
-520.
-511.
-504.
-494.
-486.
-477.
-470.
-460.
-452.
-443.
-433.
-423.
-412.
-403.
-393.
-383.
-375.
-365.
-357.
-345.
-335.
-325.
-315.
-303.
-292.
-280.
-270.
-260.
-249.
-238.
-227.
-216.
-205.
-194.
-182.
-171.
-160.
-150.
-137.
-122.
-111.
-101.
-89.
-78.
-64.
-52.
-40.
-28.
-16.
-3.
10.
23.
34.
46.
61.
73.
86.
97.
111.
122.
134.
147.
159.
172.
184.
198.
211.
221.
234.
246.
257.
269.
281.
291.
304.
317.
329.
338.
351.
362.
374.
386.
396.
409.
421.
432.
443.
455.
467.
478.
489.
501.
514.
522.
532.
545.
555.
565.
576.
587.
597.
607.
618.
626.
636.
646.
655.
665.
675.
683.
692.
703.
713.
722.
730.
740.
749.
756.
767.
774.
783.
791.
799.
809.
817.
824.
831.
840.
849.
856.
862.
873.
880.
885.
892.
899.
908.
914.
920.
930.
936.
943.
949.
955.
960.
965.
971.
976.
984.
989.
992.
999.
1005.
1008.
1015.
1018.
1023.
1026.
1032.
1036.
1040.
1042.
1047.
1050.
1054.
1059.
1059.
1063.
1068.
1071.
1075.
1078.
1081.
1082.
1086.
1088.
1089.
1092.
1094.
1097.
1097.
1100.
1103.
1105.
1106.
1106.
1106.
1110.
1111.
1112.
1111.
1113.
1113.
1111.
1112.
1112.
1112.
1111.
1108.
1110.
1110.
1108.
1107.
1103.
1101.
1100.
1100.
1098.
1096.
1093.
1090.
1088.
1089.
1086.
1082.
1080.
1079.
1075.
1072.
1068.
1065.
1062.
1057.
1056.
1053.
1047.
1042.
1037.
1034.
1029.
1027.
1024.
1017.
1012.
1007.
1004.
998.
992.
987.
981.
977.
970.
963.
957.
952.
945.
940.
933.
926.
920.
913.
905.
898.
890.
882.
876.
867.
861.
853.
845.
838.
830.
823.
814.
807.
797.
789.
780.
773.
764.
755.
745.
737.
727.
718.
709.
699.
688.
677.
667.
658.
647.
637.
628.
616.
605.
595.
585.
572.
563.
551.
540.
529.
518.
509.
499.
489.
478.
466.
457.
448.
437.
424.
414.
402.
392.
381.
373.
363.
350.
339.
329.
318.
308.
296.
285.
275.
261.
252.
240.
231.
219.
208.
196.
187.
176.
160.
153.
143.
129.
117.
107.
98.
86.
73.
61.
50.
37.
27.
17.
7.
-7.
-18.
-27.
-39.
-51.
-63.
-73.
-84.
-94.
-107.
-117.
-127.
-139.
-151.
-161.
-170.
-181.
-191.
-198.
-209.
-221.
-229.
-238.
-247.
-258.
-266.
-272.
-278.
-287.
-293.
-296.
-300.
-307.
-313.
-316.
-324.
-330.
-337.
-343.
-346.
-354.
-359.
-365.
-369.
-376.
-381.
-383.
-386.
-393.
-396.
-401.
-403.
-407.
-410.
-416.
-417.
-422.
-426.
-431.
-436.
-441.
-445.
-448.
-452.
-458.
-463.
-467.
-470.
-472.
-477.
-479.
-484.
-487.
-491.
-495.
-499.
-502.
-504.
-508.
-512.
-515.
-518.
-521.
-523.
-526.
-528.
-530.
-531.
-532.
-537.
-538.
-538.
-540.
-542.
-543.
-540.
-541.
-542.
-542.
-540.
-541.
-541.
-540.
-539.
-538.
-539.
-534.
-532.
-531.
-530.
-528.
-526.
-524.
-521.
-518.
-514.
-514.
-509.
-506.
-501.
-498.
-496.
-492.
-489.
-486.
-480.
-478.
-469.
-467.
-462.
-457.
-451.
-448.
-440.
-434.
-427.
-424.
-416.
-410.
-403.
-395.
-389.
-383.
-376.
-368.
-360.
-352.
-345.
-335.
-327.
-319.
-311.
-304.
-294.
-285.
-276.
-267.
-257.
-245.
-236.
-228.
-218.
-206.
-194.
-185.
-174.
-164.
-154.
-145.
-134.
-121.
-109.
-100.
-89.
-78.
-64.
-55.
-42.
-33.
-20.
-10.
2.
13.
28.
38.
50.
61.
73.
82.
96.
110.
122.
133.
147.
158.
171.
183.
196.
209.
221.
232.
244.
257.
269.
282.
295.
307.
319.
330.
341.
352.
365.
376.
388.
399.
409.
419.
430.
439.
449.
459.
467.
478.
490.
499.
509.
516.
525.
535.
542.
549.
561.
568.
577.
584.
593.
599.
608.
616.
625.
632.
638.
647.
654.
661.
668.
675.
682.
688.
693.
702.
708.
715.
721.
728.
735.
742.
750.
755.
762.
768.
773.
781.
786.
791.
799.
805.
812.
816.
823.
827.
835.
841.
847.
853.
861.
866.
872.
877.
883.
890.
896.
902.
907.
911.
919.
923.
930.
934.
939.
946.
949.
954.
959.
963.
970.
976.
983.
984.
992.
998.
1001.
1007.
1011.
1014.
1019.
1024.
1029.
1032.
1036.
1041.
1047.
1050.
1053.
1058.
1064.
1066.
1070.
1073.
1078.
1080.
1085.
1088.
1093.
1098.
1101.
1105.
1109.
1112.
1114.
1118.
1122.
1122.
1126.
1131.
1131.
1135.
1138.
1142.
1145.
1149.
1150.
1153.
1157.
1155.
1160.
1164.
1167.
1167.
1169.
1170.
1170.
1173.
1173.
1175.
1176.
1176.
1177.
1178.
1179.
1179.
1177.
1177.
1177.
1176.
1177.
1177.
1177.
1173.
1172.
1173.
1171.
1169.
1168.
1165.
1165.
1161.
1157.
1155.
1153.
1150.
1145.
1143.
1141.
1135.
1131.
1128.
1125.
1120.
1115.
1110.
1107.
1101.
1094.
1090.
1083.
1078.
1074.
1068.
1063.
1055.
1048.
1042.
1038.
1030.
1023.
1016.
1008.
1000.
993.
986.
977.
969.
962.
955.
947.
937.
927.
919.
912.
904.
892.
885.
876.
866.
858.
846.
836.
827.
817.
806.
795.
785.
774.
762.
751.
737.
728.
715.
704.
692.
682.
668.
658.
645.
637.
628.
619.
605.
594.
583.
575.
562.
549.
536.
526.
514.
502.
490.
483.
469.
455.
445.
432.
422.
409.
398.
389.
376.
366.
354.
344.
333.
323.
311.
299.
286.
273.
263.
252.
238.
228.
213.
204.
190.
179.
168.
158.
144.
133.
122.
112.
98.
87.
76.
68.
54.
41.
33.
23.
12.
2.
-7.
-19.
-30.
-39.
-49.
-60.
-68.
-82.
-90.
-99.
-107.
-117.
-127.
-136.
-145.
-154.
-161.
-171.
-180.
-189.
-194.
-205.
-214.
-219.
-228.
-237.
-244.
-253.
-259.
-265.
-273.
-283.
-291.
-298.
-305.
-312.
-317.
-323.
-333.
-338.
-344.
-349.
-357.
-364.
-369.
-375.
-382.
-386.
-393.
-396.
-404.
-409.
-412.
-418.
-423.
-428.
-434.
-436.
-443.
-449.
-449.
-455.
-462.
-464.
-468.
-473.
-478.
-482.
-485.
-488.
-494.
-498.
-501.
-504.
-510.
-514.
-515.
-517.
-522.
-525.
-528.
-528.
-531.
-534.
-537.
-537.
-541.
-544.
-545.
-547.
-549.
-552.
-553.
-554.
-558.
-561.
-557.
-559.
-562.
-564.
-564.
-565.
-567.
-567.
-568.
-569.
-572.
-571.
-571.
-569.
-571.
-569.
-570.
-570.
-569.
-569.
-566.
-566.
-568.
-568.
-567.
-568.
-568.
-565.
-563.
-564.
-563.
-564.
-561.
-559.
-560.
-558.
-555.
-555.
-553.
-553.
-551.
-549.
-550.
-547.
-547.
-545.
-543.
-542.
-540.
-539.
-536.
-533.
-529.
-527.
-528.
-525.
-522.
-520.
-517.
-515.
-514.
-509.
-507.
-505.
-505.
-502.
-499.
-496.
-493.
-493.
-491.
-486.
-483.
-481.
-480.
-478.
-473.
-471.
-467.
-463.
-457.
-452.
-450.
-442.
-437.
-435.
-431.
-423.
-416.
-413.
-406.
-400.
-393.
-389.
-384.
-377.
-368.
-362.
-354.
-347.
-338.
-331.
-319.
-310.
-301.
-290.
-282.
-272.
-259.
-249.
-237.
-225.
-215.
-203.
-192.
-181.
-169.
-157.
-143.
-131.
-117.
-105.
-93.
-78.
-67.
-56.
-42.
-32.
-19.
-7.
2.
15.
27.
40.
51.
62.
75.
87.
98.
110.
125.
137.
147.
163.
175.
187.
197.
210.
221.
231.
242.
253.
264.
274.
287.
297.
307.
318.
325.
335.
345.
358.
368.
378.
388.
399.
406.
418.
428.
438.
449.
460.
469.
480.
489.
498.
508.
519.
529.
537.
545.
555.
566.
574.
585.
595.
604.
612.
621.
632.
640.
646.
657.
666.
675.
682.
690.
700.
707.
712.
720.
729.
734.
741.
749.
755.
759.
766.
774.
779.
787.
791.
796.
802.
808.
810.
818.
826.
828.
833.
836.
844.
847.
851.
857.
860.
865.
867.
872.
876.
877.
884.
888.
892.
894.
899.
901.
905.
906.
911.
913.
919.
920.
922.
925.
929.
929.
932.
934.
938.
939.
942.
943.
948.
947.
951.
954.
954.
956.
959.
961.
962.
962.
965.
967.
968.
968.
969.
972.
971.
972.
972.
975.
975.
975.
974.
975.
976.
975.
975.
975.
976.
976.
974.
974.
975.
971.
972.
971.
970.
967.
966.
965.
965.
964.
961.
959.
957.
952.
952.
949.
947.
943.
941.
939.
936.
933.
927.
923.
922.
917.
911.
909.
904.
898.
893.
890.
886.
879.
872.
868.
863.
857.
851.
846.
840.
833.
826.
818.
813.
806.
798.
791.
784.
776.
770.
761.
754.
745.
735.
727.
718.
709.
700.
690.
684.
673.
663.
655.
644.
634.
624.
615.
608.
594.
582.
572.
566.
551.
541.
530.
519.
509.
497.
485.
476.
465.
451.
441.
432.
419.
404.
393.
381.
370.
354.
344.
335.
319.
307.
294.
284.
271.
255.
246.
235.
224.
207.
199.
190.
173.
161.
151.
140.
126.
113.
101.
94.
82.
70.
58.
50.
37.
25.
12.
2.
-8.
-20.
-30.
-37.
-51.
-64.
-75.
-81.
-92.
-103.
-112.
-121.
-132.
-142.
-151.
-159.
-168.
-179.
-186.
-195.
-205.
-213.
-221.
-227.
-237.
-246.
-252.
-260.
-268.
-275.
-283.
-290.
-297.
-305.
-313.
-317.
-324.
-331.
-336.
-339.
-346.
-349.
-352.
-355.
-360.
-365.
-366.
-369.
-373.
-377.
-379.
-383.
-386.
-389.
-393.
-395.
-397.
-401.
-405.
-404.
-408.
-414.
-417.
-419.
-421.
-425.
-428.
-431.
-434.
-436.
-438.
-440.
-444.
-445.
-446.
-449.
-451.
-451.
-454.
-456.
-458.
-461.
-462.
-463.
-466.
-469.
-468.
-471.
-471.
-471.
-475.
-474.
-478.
-479.
-478.
-480.
-481.
-481.
-484.
-483.
-484.
-484.
-487.
-486.
-486.
-487.
-486.
-487.
-488.
-488.
-487.
-487.
-487.
-486.
-486.
-486.
-486.
-486.
-485.
-484.
-483.
-483.
-482.
-480.
-481.
-480.
-480.
-475.
-476.
-476.
-476.
-473.
-473.
-473.
-470.
-466.
-467.
-466.
-464.
-460.
-461.
-458.
-455.
-451.
-450.
-447.
-445.
-441.
-440.
-436.
-433.
-430.
-428.
-425.
-419.
-413.
-410.
-409.
-405.
-400.
-396.
-391.
-386.
-382.
-376.
-371.
-366.
-359.
-353.
-348.
-343.
-335.
-331.
-324.
-319.
-312.
-306.
-299.
-288.
-283.
-273.
-267.
-258.
-252.
-245.
-236.
-228.
-219.
-212.
-203.
-192.
-186.
-177.
-168.
-160.
-151.
-141.
-131.
-120.
-111.
-103.
-92.
-81.
-72.
-61.
-52.
-40.
-29.
-19.
-6.
7.
20.
33.
48.
64.
79.
92.
107.
125.
141.
156.
174.
193.
210.
225.
239.
257.
275.
289.
304.
317.
335.
348.
366.
381.
397.
413.
426.
444.
459.
472.
489.
504.
517.
531.
546.
559.
572.
586.
600.
613.
625.
635.
649.
663.
675.
686.
698.
712.
725.
737.
750.
763.
775.
787.
801.
812.
828.
839.
849.
862.
874.
885.
896.
906.
919.
928.
939.
949.
959.
967.
975.
987.
995.
1003.
1010.
1018.
1027.
1032.
1039.
1047.
1054.
1061.
1068.
1075.
1080.
1084.
1089.
1093.
1100.
1102.
1108.
1110.
1115.
1118.
1122.
1127.
1131.
1131.
1135.
1138.
1140.
1138.
1141.
1144.
1146.
1147.
1146.
1148.
1149.
1149.
1148.
1148.
1149.
1145.
1146.
1148.
1144.
1145.
1142.
1141.
1141.
1141.
1138.
1135.
1135.
1131.
1128.
1126.
1125.
1121.
1118.
1116.
1114.
1111.
1110.
1106.
1102.
1100.
1094.
1090.
1088.
1084.
1083.
1078.
1073.
1066.
1067.
1062.
1057.
1052.
1047.
1043.
1038.
1034.
1028.
1026.
1022.
1015.
1009.
1005.
999.
992.
988.
981.
974.
970.
964.
959.
954.
943.
937.
932.
926.
917.
910.
904.
898.
891.
882.
874.
869.
858.
851.
844.
836.
826.
817.
811.
800.
792.
784.
772.
765.
753.
744.
735.
726.
717.
703.
695.
686.
674.
663.
654.
642.
630.
619.
609.
598.
586.
574.
563.
554.
542.
526.
515.
503.
488.
474.
463.
452.
436.
424.
411.
402.
385.
369.
357.
346.
331.
315.
305.
293.
278.
262.
251.
239.
225.
209.
197.
187.
171.
155.
142.
132.
118.
100.
89.
77.
64.
48.
36.
26.
12.
-3.
-16.
-26.
-42.
-57.
-69.
-79.
-93.
-108.
-121.
-130.
-147.
-162.
-171.
-183.
-193.
-208.
-218.
-230.
-242.
-254.
-264.
-274.
-282.
-295.
-307.
-317.
-326.
-337.
-346.
-358.
-368.
-375.
-385.
-395.
-405.
-414.
-421.
-431.
-441.
-450.
-457.
-464.
-471.
-477.
-482.
-486.
-490.
-494.
-498.
-501.
-503.
-508.
-510.
-514.
-518.
-519.
-523.
-525.
-533.
-535.
-540.
-543.
-547.
-550.
-553.
-557.
-561.
-567.
-569.
-571.
-577.
-579.
-582.
-583.
-585.
-586.
-587.
-588.
-592.
-591.
-591.
-592.
-593.
-594.
-594.
-592.
-593.
-593.
-592.
-590.
-590.
-592.
-590.
-588.
-586.
-584.
-583.
-580.
-578.
-576.
-574.
-570.
-568.
-566.
-564.
-558.
-556.
-553.
-549.
-548.
-546.
-540.
-537.
-533.
-529.
-527.
-522.
-517.
-514.
-509.
-506.
-498.
-495.
-491.
-486.
-480.
-473.
-469.
-462.
-455.
-450.
-444.
-437.
-432.
-426.
-419.
-410.
-403.
-397.
-390.
-382.
-374.
-365.
-356.
-350.
-340.
-333.
-324.
-316.
-306.
-298.
-289.
-278.
-268.
-262.
-250.
-240.
-231.
-223.
-213.
-201.
-190.
-180.
-169.
-158.
-149.
-139.
-127.
-116.
-104.
-93.
-82.
-69.
-59.
-48.
-37.
-25.
-11.
1.
10.
26.
37.
49.
61.
75.
88.
100.
112.
124.
138.
151.
165.
177.
190.
203.
216.
229.
243.
256.
268.
282.
298.
310.
320.
334.
349.
362.
373.
387.
399.
412.
424.
438.
452.
465.
478.
490.
503.
517.
530.
543.
556.
566.
578.
592.
604.
614.
627.
641.
652.
661.
675.
685.
696.
707.
720.
731.
743.
752.
764.
774.
784.
793.
806.
815.
828.
836.
844.
853.
862.
872.
880.
889.
898.
908.
915.
923.
933.
940.
947.
956.
965.
971.
980.
987.
997.
1004.
1011.
1018.
1027.
1033.
1040.
1048.
1054.
1062.
1069.
1077.
1084.
1090.
1096.
1104.
1111.
1116.
1121.
1124.
1130.
1133.
1138.
1142.
1145.
1150.
1153.
1160.
1165.
1170.
1172.
1176.
1179.
1181.
1186.
1186.
1190.
1191.
1192.
1196.
1200.
1200.
1203.
1202.
1205.
1207.
1210.
1214.
1216.
1218.
1220.
1223.
1226.
1227.
1227.
1231.
1231.
1230.
1231.
1231.
1233.
1232.
1233.
1231.
1231.
1231.
1229.
1230.
1228.
1227.
1224.
1224.
1223.
1220.
1218.
1218.
1215.
1213.
1208.
1207.
1204.
1201.
1198.
1194.
1192.
1188.
1184.
1183.
1179.
1175.
1169.
1165.
1161.
1154.
1152.
1147.
1142.
1135.
1131.
1126.
1119.
1115.
1108.
1103.
1096.
1091.
1085.
1078.
1070.
1062.
1055.
1047.
1040.
1034.
1027.
1019.
1011.
1002.
995.
987.
978.
969.
960.
953.
943.
934.
925.
918.
908.
900.
890.
880.
871.
859.
852.
844.
837.
824.
811.
803.
791.
781.
771.
763.
752.
739.
728.
717.
709.
694.
683.
670.
660.
648.
636.
625.
612.
600.
588.
578.
569.
553.
540.
530.
520.
504.
491.
479.
470.
455.
443.
427.
418.
406.
391.
381.
368.
357.
340.
330.
317.
305.
289.
278.
267.
254.
239.
229.
221.
204.
191.
178.
169.
157.
140.
129.
117.
107.
92.
80.
69.
56.
43.
35.
27.
10.
-2.
-15.
-24.
-36.
-48.
-57.
-70.
-81.
-93.
-102.
-112.
-123.
-136.
-144.
-155.
-165.
-175.
-182.
-189.
-193.
-201.
-205.
-215.
-220.
-227.
-231.
-238.
-244.
-249.
-252.
-260.
-266.
-270.
-274.
-279.
-287.
-293.
-296.
-300.
-309.
-318.
-324.
-331.
-339.
-347.
-352.
-359.
-367.
-373.
-381.
-388.
-394.
-403.
-410.
-415.
-422.
-429.
-435.
-442.
-449.
-453.
-459.
-464.
-472.
-475.
-480.
-487.
-494.
-497.
-503.
-508.
-514.
-518.
-520.
-522.
-529.
-532.
-537.
-540.
-545.
-550.
-551.
-554.
-558.
-560.
-565.
-565.
-567.
-571.
-572.
-571.
-575.
-576.
-580.
-580.
-583.
-584.
-585.
-585.
-585.
-586.
-588.
-587.
-589.
-586.
-586.
-585.
-585.
-585.
-584.
-582.
-581.
-579.
-577.
-576.
-574.
-575.
-569.
-568.
-566.
-564.
-561.
-558.
-555.
-554.
-550.
-545.
-545.
-538.
-535.
-532.
-528.
-525.
-520.
-517.
-512.
-504.
-501.
-496.
-491.
-486.
-481.
-474.
-468.
-464.
-456.
-449.
-444.
-438.
-430.
-422.
-416.
-409.
-400.
-392.
-385.
-376.
-367.
-356.
-350.
-340.
-330.
-322.
-313.
-302.
-292.
-281.
-271.
-261.
-248.
-237.
-226.
-215.
-201.
-190.
-178.
-166.
-154.
-142.
-124.
-114.
-103.
-88.
-75.
-64.
-50.
-36.
-21.
-10.
5.
19.
32.
47.
60.
77.
87.
102.
117.
129.
144.
160.
174.
188.
203.
217.
229.
244.
258.
272.
285.
298.
313.
328.
342.
356.
370.
383.
396.
410.
423.
436.
451.
463.
477.
490.
503.
516.
528.
541.
554.
569.
581.
592.
606.
618.
630.
643.
655.
668.
678.
691.
701.
713.
722.
736.
744.
756.
766.
778.
789.
799.
809.
820.
830.
841.
850.
860.
869.
880.
888.
898.
906.
917.
926.
933.
943.
952.
960.
968.
977.
983.
992.
1001.
1009.
1018.
1024.
1032.
1039.
1047.
1051.
1059.
1065.
1074.
1077.
1085.
1091.
1097.
1101.
1107.
1112.
1119.
1123.
1129.
1134.
1138.
1143.
1147.
1150.
1156.
1159.
1162.
1168.
1172.
1173.
1177.
1182.
1185.
1186.
1191.
1195.
1199.
1202.
1200.
1206.
1209.
1210.
1211.
1214.
1216.
1218.
1220.
1222.
1223.
1225.
1226.
1226.
1229.
1230.
1229.
1231.
1233.
1232.
1232.
1234.
1234.
1234.
1234.
1235.
1236.
1235.
1233.
1234.
1233.
1230.
1231.
1229.
1231.
1228.
1227.
1225.
1224.
1220.
1220.
1217.
1214.
1211.
1210.
1206.
1205.
1202.
1199.
1195.
1193.
1190.
1185.
1182.
1179.
1175.
1170.
1165.
1162.
1158.
1152.
1147.
1143.
1138.
1133.
1126.
1121.
1115.
1110.
1103.
1099.
1091.
1084.
1080.
1073.
1066.
1060.