119.
119.
119.
119.
119.
121.
121.
122.
124.
125.
124.
124.
124.
125.
126.
125.
125.
126.
127.
129.
127.
128.
126.
128.
127.
128.
127.
129.
129.
129.
128.
129.
129.
128.
129.
130.
128.
130.
130.
129.
128.
128.
128.
132.
130.
130.
132.
129.
131.
129.
130.
129.
129.
128.
128.
129.
129.
128.
127.
127.
129.
127.
126.
126.
127.
126.
125.
128.
124.
124.
124.
124.
124.
123.
122.
122.
124.
124.
125.
124.
127.
126.
128.
127.
127.
126.
127.
126.
126.
124.
124.
123.
123.
123.
123.
124.
123.
122.
122.
123.
122.
120.
123.
122.
122.
122.
121.
123.
122.
120.
122.
120.
123.
123.
123.
124.
125.
125.
122.
125.
125.
123.
126.
127.
127.
126.
127.
127.
130.
127.
127.
130.
131.
129.
129.
132.
132.
132.
133.
135.
133.
134.
136.
135.
135.
137.
138.
139.
139.
139.
140.
142.
141.
142.
142.
144.
145.
146.
146.
148.
148.
148.
149.
152.
154.
154.
155.
156.
157.
157.
160.
162.
160.
161.
163.
164.
164.
164.
166.
168.
171.
171.
171.
173.
176.
176.
181.
182.
183.
187.
187.
189.
190.
191.
194.
195.
197.
200.
201.
205.
207.
208.
211.
215.
215.
218.
220.
222.
222.
224.
227.
230.
233.
237.
237.
240.
241.
245.
248.
249.
252.
258.
257.
260.
262.
263.
270.
270.
274.
277.
277.
282.
284.
287.
288.
292.
295.
297.
302.
306.
307.
311.
315.
321.
324.
330.
331.
333.
338.
340.
345.
347.
347.
354.
355.
357.
358.
363.
368.
370.
374.
378.
384.
387.
390.
392.
398.
401.
407.
410.
414.
419.
421.
427.
431.
436.
439.
443.
446.
450.
454.
458.
462.
467.
472.
477.
480.
484.
489.
492.
495.
500.
504.
507.
513.
516.
521.
525.
528.
534.
537.
541.
544.
549.
554.
557.
561.
565.
569.
574.
579.
583.
585.
587.
593.
597.
601.
606.
609.
613.
616.
621.
624.
629.
633.
637.
641.
645.
647.
651.
655.
660.
662.
667.
671.
675.
678.
683.
687.
693.
695.
699.
703.
707.
710.
714.
719.
722.
726.
729.
734.
738.
739.
744.
747.
751.
753.
757.
762.
763.
768.
770.
774.
775.
779.
782.
785.
789.
790.
795.
799.
802.
802.
805.
808.
814.
814.
819.
821.
824.
825.
829.
832.
836.
838.
839.
840.
845.
846.
849.
853.
855.
857.
859.
865.
866.
867.
870.
871.
875.
878.
882.
882.
885.
888.
890.
892.
896.
899.
902.
908.
916.
919.
922.
925.
929.
929.
931.
934.
936.
935.
939.
940.
942.
942.
943.
944.
948.
951.
951.
955.
957.
959.
959.
961.
965.
965.
969.
972.
974.
976.
980.
981.
981.
984.
986.
988.
991.
994.
995.
997.
999.
1001.
1002.
1005.
1008.
1009.
1009.
1012.
1015.
1015.
1017.
1019.
1023.
1022.
1025.
1026.
1030.
1032.
1029.
1034.
1036.
1036.
1038.
1040.
1039.
1044.
1044.
1048.
1048.
1048.
1049.
1051.
1053.
1056.
1056.
1058.
1057.
1058.
1062.
1063.
1063.
1066.
1067.
1068.
1070.
1070.
1072.
1074.
1073.
1073.
1075.
1076.
1077.
1077.
1077.
1078.
1079.
1080.
1082.
1083.
1085.
1083.
1085.
1087.
1087.
1087.
1087.
1088.
1086.
1087.
1088.
1087.
1088.
1087.
1088.
1088.
1088.
1088.
1086.
1087.
1086.
1086.
1086.
1086.
1085.
1085.
1085.
1084.
1084.
1084.
1084.
1083.
1081.
1082.
1081.
1081.
1080.
1078.
1078.
1078.
1076.
1075.
1076.
1074.
1073.
1073.
1070.
1070.
1071.
1067.
1065.
1065.
1064.
1062.
1061.
1062.
1063.
1059.
1058.
1055.
1055.
1054.
1051.
1049.
1049.
1047.
1046.
1046.
1048.
1048.
1048.
1049.
1049.
1049.
1046.
1045.
1044.
1040.
1037.
1037.
1037.
1034.
1029.
1029.
1029.
1027.
1024.
1022.
1021.
1019.
1017.
1015.
1012.
1012.
1009.
1009.
1007.
1005.
1001.
999.
999.
995.
993.
990.
989.
985.
981.
981.
979.
977.
973.
969.
965.
963.
960.
955.
953.
950.
946.
943.
941.
935.
930.
926.
922.
918.
915.
908.
903.
899.
893.
890.
884.
879.
873.
867.
864.
859.
853.
846.
842.
835.
830.
825.
818.
811.
807.
802.
796.
786.
781.
775.
768.
762.
754.
749.
741.
736.
728.
722.
716.
708.
700.
694.
688.
680.
671.
664.
658.
649.
641.
633.
625.
617.
609.
602.
599.
591.
584.
577.
572.
563.
559.
551.
545.
537.
528.
523.
518.
510.
502.
495.
489.
482.
475.
469.
460.
455.
445.
439.
433.
426.
418.
412.
406.
398.
389.
383.
376.
369.
363.
355.
347.
340.
331.
325.
319.
313.
306.
298.
294.
286.
277.
271.
265.
257.
252.
245.
239.
231.
225.
218.
213.
204.
199.
193.
187.
181.
176.
172.
166.
161.
154.
150.
144.
136.
129.
123.
116.
111.
104.
98.
92.
85.
79.
73.
69.
60.
56.
49.
45.
37.
32.
28.
22.
16.
11.
5.
-1.
-7.
-12.
-17.
-22.
-28.
-33.
-39.
-45.
-49.
-54.
-59.
-64.
-71.
-75.
-79.
-84.
-89.
-96.
-101.
-107.
-112.
-117.
-122.
-127.
-132.
-135.
-142.
-148.
-153.
-157.
-163.
-168.
-174.
-179.
-184.
-187.
-192.
-198.
-205.
-208.
-213.
-218.
-223.
-226.
-232.
-237.
-241.
-247.
-252.
-256.
-260.
-267.
-271.
-276.
-281.
-285.
-290.
-299.
-302.
-308.
-313.
-319.
-326.
-331.
-336.
-340.
-344.
-348.
-350.
-356.
-358.
-363.
-367.
-372.
-377.
-380.
-384.
-390.
-393.
-397.
-400.
-405.
-408.
-411.
-414.
-421.
-423.
-425.
-430.
-434.
-436.
-443.
-445.
-448.
-452.
-457.
-457.
-461.
-466.
-469.
-473.
-475.
-480.
-483.
-486.
-489.
-495.
-498.
-500.
-503.
-507.
-510.
-516.
-519.
-522.
-526.
-529.
-533.
-534.
-538.
-542.
-546.
-550.
-553.
-557.
-561.
-563.
-568.
-573.
-577.
-580.
-583.
-588.
-589.
-592.
-595.
-598.
-600.
-602.
-605.
-608.
-614.
-615.
-619.
-623.
-627.
-630.
-635.
-640.
-641.
-646.
-649.
-655.
-658.
-660.
-665.
-669.
-673.
-675.
-676.
-682.
-686.
-690.
-691.
-696.
-700.
-703.
-704.
-711.
-715.
-716.
-719.
-724.
-727.
-729.
-734.
-738.
-742.
-745.
-747.
-751.
-755.
-760.
-761.
-764.
-767.
-771.
-772.
-778.
-780.
-786.
-785.
-788.
-790.
-794.
-798.
-799.
-802.
-807.
-810.
-810.
-815.
-818.
-818.
-820.
-823.
-824.
-827.
-830.
-833.
-835.
-837.
-839.
-842.
-843.
-844.
-849.
-851.
-853.
-853.
-855.
-857.
-858.
-860.
-862.
-863.
-864.
-865.
-867.
-869.
-869.
-871.
-873.
-875.
-878.
-878.
-880.
-882.
-884.
-885.
-886.
-886.
-890.
-892.
-895.
-895.
-897.
-899.
-899.
-902.
-904.
-903.
-906.
-907.
-908.
-909.
-911.
-914.
-912.
-915.
-917.
-919.
-921.
-924.
-925.
-926.
-926.
-930.
-931.
-932.
-933.
-936.
-938.
-937.
-941.
-943.
-943.
-948.
-949.
-951.
-954.
-955.
-955.
-959.
-962.
-964.
-966.
-967.
-971.
-975.
-976.
-977.
-981.
-983.
-986.
-987.
-991.
-993.
-995.
-996.
-999.
-1003.
-1004.
-1004.
-1003.
-1003.
-1000.
-999.
-1001.
-1002.
-1003.
-1005.
-1007.
-1010.
-1011.
-1014.
-1015.
-1016.
-1019.
-1019.
-1022.
-1022.
-1025.
-1025.
-1027.
-1029.
-1029.
-1029.
-1032.
-1034.
-1032.
-1033.
-1036.
-1038.
-1037.
-1037.
-1039.
-1041.
-1040.
-1041.
-1042.
-1043.
-1041.
-1043.
-1044.
-1045.
-1046.
-1045.
-1046.
-1047.
-1047.
-1048.
-1048.
-1050.
-1049.
-1047.
-1049.
-1049.
-1049.
-1048.
-1049.
-1050.
-1050.
-1050.
-1050.
-1048.
-1046.
-1047.
-1048.
-1047.
-1045.
-1044.
-1043.
-1042.
-1041.
-1044.
-1041.
-1040.
-1036.
-1035.
-1037.
-1036.
-1032.
-1033.
-1032.
-1030.
-1029.
-1027.
-1026.
-1025.
-1024.
-1021.
-1020.
-1020.
-1017.
-1016.
-1014.
-1010.
-1009.
-1007.
-1005.
-1003.
-1001.
-998.
-997.
-992.
-988.
-985.
-983.
-980.
-975.
-971.
-970.
-967.
-962.
-960.
-960.
-954.
-952.
-950.
-947.
-943.
-940.
-938.
-935.
-933.
-928.
-924.
-920.
-918.
-916.
-910.
-907.
-901.
-897.
-895.
-890.
-884.
-880.
-877.
-873.
-868.
-864.
-859.
-852.
-847.
-844.
-839.
-835.
-829.
-823.
-820.
-815.
-807.
-804.
-797.
-794.
-786.
-779.
-773.
-770.
-765.
-757.
-749.
-745.
-738.
-732.
-725.
-719.
-714.
-708.
-698.
-693.
-685.
-678.
-672.
-666.
-660.
-652.
-645.
-640.
-633.
-625.
-618.
-613.
-604.
-597.
-591.
-583.
-577.
-570.
-562.
-555.
-548.
-538.
-531.
-523.
-515.
-505.
-493.
-486.
-475.
-467.
-458.
-449.
-443.
-432.
-426.
-419.
-410.
-402.
-394.
-385.
-375.
-369.
-358.
-349.
-341.
-332.
-323.
-316.
-306.
-297.
-289.
-281.
-272.
-262.
-253.
-246.
-236.
-227.
-219.
-212.
-200.
-192.
-183.
-174.
-164.
-155.
-147.
-139.
-131.
-121.
-113.
-102.
-93.
-86.
-76.
-67.
-60.
-51.
-44.
-33.
-25.
-18.
-10.
-3.
5.
14.
21.
29.
37.
45.
52.
60.
66.
73.
80.
88.
94.
103.
111.
116.
124.
130.
138.
145.
151.
157.
165.
172.
178.
183.
191.
197.
201.
209.
215.
221.
225.
231.
238.
243.
248.
252.
258.
261.
269.
274.
278.
281.
289.
294.
298.
303.
308.
312.
320.
321.
329.
334.
337.
341.
346.
351.
354.
357.
362.
366.
372.
376.
380.
383.
387.
392.
396.
401.
405.
408.
413.
416.
419.
425.
429.
434.
437.
440.
446.
448.
452.
459.
462.
466.
470.
475.
479.
483.
487.
490.
496.
498.
503.
508.
512.
517.
521.
526.
529.
533.
537.
543.
548.
552.
555.
559.
565.
568.
573.
578.
581.
586.
593.
597.
600.
604.
610.
614.
619.
622.
629.
631.
636.
643.
648.
653.
658.
660.
667.
669.
675.
681.
684.
687.
694.
700.
704.
708.
712.
718.
721.
727.
732.
739.
742.
744.
748.
753.
760.
762.
768.
773.
780.
782.
788.
791.
793.
798.
802.
806.
811.
814.
818.
823.
827.
829.
835.
839.
843.
849.
854.
858.
862.
867.
872.
876.
880.
885.
886.
891.
895.
900.
903.
908.
913.
917.
921.
922.
926.
929.
934.
937.
940.
943.
945.
949.
952.
955.
958.
959.
966.
968.
969.
972.
976.
978.
979.
981.
985.
988.
988.
990.
993.
994.
996.
999.
1002.
1003.
1004.
1006.
1008.
1009.
1010.
1012.
1014.
1014.
1016.
1018.
1021.
1021.
1022.
1024.
1025.
1026.
1025.
1029.
1030.
1031.
1033.
1034.
1038.
1037.
1040.
1040.
1042.
1042.
1042.
1041.
1043.
1043.
1044.
1045.
1048.
1047.
1049.
1049.
1050.
1050.
1051.
1051.
1053.
1055.
1053.
1056.
1057.
1058.
1059.
1062.
1061.
1062.
1063.
1064.
1067.
1067.
1068.
1070.
1072.
1072.
1071.
1076.
1078.
1078.
1082.
1083.
1085.
1086.
1087.
1089.
1091.
1092.
1094.
1097.
1099.
1100.
1103.
1105.
1107.
1108.
1110.
1114.
1116.
1117.
1118.
1120.
1126.
1125.
1128.
1131.
1133.
1134.
1136.
1138.
1138.
1143.
1144.
1149.
1151.
1151.
1154.
1156.
1161.
1162.
1164.
1167.
1168.
1171.
1172.
1175.
1177.
1177.
1182.
1184.
1185.
1186.
1188.
1193.
1192.
1193.
1194.
1197.
1199.
1198.
1199.
1202.
1203.
1206.
1206.
1208.
1212.
1209.
1210.
1210.
1215.
1214.
1213.
1215.
1215.
1216.
1215.
1217.
1217.
1217.
1217.
1218.
1219.
1219.
1218.
1217.
1217.
1216.
1215.
1216.
1217.
1217.
1215.
1215.
1215.
1213.
1214.
1213.
1210.
1211.
1210.
1212.
1211.
1209.
1208.
1208.
1207.
1205.
1203.
1202.
1201.
1201.
1198.
1200.
1198.
1195.
1196.
1196.
1195.
1192.
1192.
1190.
1188.
1187.
1184.
1183.
1182.
1178.
1177.
1178.
1176.
1174.
1174.
1173.
1175.
1171.
1171.
1171.
1170.
1166.
1166.
1163.
1161.
1159.
1156.
1154.
1151.
1150.
1148.
1145.
1144.
1141.
1138.
1135.
1132.
1130.
1129.
1128.
1127.
1123.
1119.
1117.
1117.
1111.
1110.
1104.
1103.
1101.
1097.
1094.
1091.
1085.
1083.
1080.
1076.
1071.
1068.
1065.
1059.
1055.
1049.
1045.
1041.
1037.
1031.
1024.
1019.
1015.
1010.
1004.
999.
992.
987.
982.
976.
970.
963.
957.
949.
943.
938.
930.
925.
917.
908.
903.
895.
887.
882.
873.
867.
861.
854.
846.
839.
831.
825.
817.
809.
801.
793.
787.
777.
771.
762.
753.
745.
738.
730.
723.
716.
705.
698.
689.
681.
671.
660.
651.
641.
631.
622.
612.
601.
594.
587.
579.
572.
564.
557.
547.
538.
529.
524.
514.
506.
496.
488.
479.
472.
464.
452.
443.
436.
428.
419.
410.
401.
394.
386.
376.
367.
359.
352.
343.
333.
324.
317.
308.
299.
291.
284.
274.
266.
258.
247.
240.
231.
222.
212.
206.
196.
187.
182.
173.
163.
155.
147.
140.
133.
124.
115.
106.
101.
94.
83.
77.
73.
68.
61.
55.
50.
42.
36.
29.
23.
17.
10.
4.
-3.
-11.
-19.
-25.
-30.
-35.
-42.
-48.
-54.
-59.
-66.
-74.
-78.
-85.
-90.
-94.
-101.
-107.
-114.
-119.
-124.
-130.
-137.
-140.
-146.
-151.
-155.
-162.
-166.
-171.
-178.
-181.
-186.
-191.
-197.
-200.
-204.
-210.
-215.
-220.
-225.
-230.
-234.
-239.
-243.
-250.
-252.
-260.
-262.
-268.
-273.
-276.
-280.
-286.
-290.
-296.
-300.
-304.
-310.
-313.
-314.
-319.
-325.
-332.
-334.
-340.
-346.
-352.
-356.
-360.
-365.
-370.
-373.
-379.
-384.
-387.
-393.
-397.
-403.
-407.
-411.
-414.
-418.
-423.
-426.
-430.
-434.
-440.
-445.
-450.
-452.
-456.
-460.
-465.
-471.
-475.
-479.
-483.
-487.
-490.
-493.
-497.
-502.
-506.
-510.
-514.
-517.
-520.
-525.
-530.
-534.
-537.
-541.
-544.
-548.
-550.
-556.
-558.
-564.
-567.
-569.
-574.
-578.
-582.
-586.
-591.
-595.
-598.
-601.
-605.
-610.
-612.
-617.
-620.
-624.
-627.
-632.
-636.
-639.
-644.
-648.
-652.
-654.
-658.
-661.
-664.
-669.
-675.
-677.
-679.
-687.
-689.
-692.
-698.
-700.
-699.
-702.
-701.
-703.
-706.
-707.
-710.
-714.
-719.
-724.
-728.
-733.
-737.
-741.
-744.
-747.
-750.
-754.
-758.
-761.
-764.
-768.
-772.
-776.
-779.
-780.
-785.
-789.
-792.
-796.
-798.
-802.
-805.
-808.
-810.
-814.
-819.
-821.
-823.
-828.
-830.
-833.
-835.
-838.
-843.
-843.
-845.
-849.
-853.
-854.
-859.
-862.
-865.
-868.
-869.
-872.
-877.
-881.
-883.
-885.
-886.
-889.
-894.
-893.
-896.
-899.
-902.
-904.
-909.
-911.
-914.
-916.
-919.
-920.
-924.
-927.
-927.
-929.
-932.
-937.
-938.
-942.
-944.
-947.
-949.
-950.
-955.
-956.
-957.
-960.
-963.
-966.
-967.
-969.
-972.
-974.
-975.
-977.
-979.
-982.
-984.
-987.
-991.
-992.
-993.
-998.
-999.
-1001.
-1005.
-1007.
-1010.
-1013.
-1015.
-1016.
-1022.
-1025.
-1027.
-1028.
-1031.
-1034.
-1035.
-1037.
-1040.
-1041.
-1042.
-1049.
-1049.
-1052.
-1054.
-1057.
-1059.
-1062.
-1061.
-1063.
-1066.
-1069.
-1070.
-1070.
-1075.
-1077.
-1078.
-1079.
-1082.
-1086.
-1086.
-1087.
-1090.
-1092.
-1093.
-1094.
-1095.
-1098.
-1101.
-1101.
-1104.
-1106.
-1108.
-1109.
-1111.
-1113.
-1114.
-1114.
-1116.
-1116.
-1116.
-1114.
-1116.
-1118.
-1117.
-1118.
-1120.
-1120.
-1121.
-1122.
-1123.
-1125.
-1124.
-1122.
-1125.
-1125.
-1125.
-1126.
-1125.
-1124.
-1125.
-1126.
-1127.
-1125.
-1125.
-1125.
-1125.
-1125.
-1124.
-1123.
-1123.
-1123.
-1120.
-1120.
-1117.
-1120.
-1120.
-1116.
-1117.
-1115.
-1114.
-1113.
-1111.
-1109.
-1108.
-1108.
-1107.
-1106.
-1104.
-1101.
-1101.
-1100.
-1100.
-1095.
-1093.
-1091.
-1088.
-1085.
-1084.
-1082.
-1081.
-1078.
-1073.
-1073.
-1071.
-1065.
-1064.
-1063.
-1058.
-1053.
-1052.
-1048.
-1045.
-1040.
-1039.
-1034.
-1030.
-1026.
-1024.
-1020.
-1017.
-1014.
-1009.
-1003.
-998.
-996.
-990.
-988.
-983.
-978.
-974.
-968.
-963.
-959.
-955.
-951.
-945.
-939.
-934.
-928.
-923.
-920.
-912.
-908.
-902.
-897.
-891.
-885.
-880.
-873.
-868.
-865.
-861.
-852.
-848.
-844.
-836.
-829.
-825.
-818.
-809.
-802.
-794.
-787.
-778.
-770.
-765.
-759.
-750.
-741.
-733.
-724.
-718.
-710.
-703.
-695.
-685.
-676.
-669.
-662.
-652.
-645.
-636.
-628.
-621.
-613.
-604.
-593.
-585.
-576.
-568.
-559.
-551.
-541.
-533.
-524.
-516.
-507.
-499.
-492.
-483.
-472.
-466.
-459.
-449.
-438.
-431.
-423.
-415.
-407.
-399.
-392.
-385.
-375.
-367.
-359.
-351.
-344.
-336.
-328.
-320.
-311.
-306.
-299.
-290.
-282.
-274.
-269.
-262.
-251.
-247.
-238.
-231.
-223.
-217.
-208.
-198.
-188.
-180.
-172.
-163.
-154.
-149.
-142.
-133.
-126.
-120.
-113.
-104.
-98.
-92.
-85.
-78.
-69.
-62.
-53.
-48.
-41.
-34.
-25.
-20.
-11.
-5.
2.
8.
18.
25.
31.
37.
46.
52.
57.
66.
76.
82.
88.
96.
103.
109.
115.
124.
129.
137.
143.
150.
156.
162.
168.
174.
180.
187.
194.
201.
208.
212.
219.
227.
232.
238.
242.
249.
255.
261.
267.
271.
280.
284.
289.
294.
300.
305.
309.
315.
322.
329.
334.
338.
345.
348.
353.
357.
364.
369.
375.
380.
385.
388.
393.
399.
406.
412.
415.
422.
427.
434.
440.
443.
448.
453.
458.
461.
470.
476.
478.
484.
490.
492.
498.
504.
508.
512.
517.
523.
528.
531.
535.
541.
545.
552.
555.
562.
565.
570.
575.
581.
584.
589.
594.
597.
604.
609.
613.
619.
625.
629.
631.
638.
642.
648.
651.
657.
661.
665.
671.
675.
682.
686.
690.
696.
701.
705.
709.
714.
720.
723.
729.
732.
738.
743.
747.
750.
755.
760.
764.
769.
773.
776.
782.
786.
789.
795.
801.
806.
812.
819.
825.
831.
837.
841.
845.
854.
856.
861.
864.
869.
872.
873.
879.
882.
887.
889.
894.
900.
902.
907.
912.
916.
919.
924.
928.
932.
938.
941.
945.
948.
951.
958.
959.
964.
968.
972.
975.
978.
982.
985.
989.
990.
995.
999.
1001.
1005.
1008.
1009.
1011.
1019.
1021.
1024.
1025.
1029.
1031.
1035.
1036.
1040.
1041.
1043.
1046.
1048.
1050.
1051.
1055.
1056.
1061.
1061.
1064.
1064.
1067.
1070.
1072.
1071.
1076.
1079.
1081.
1083.
1084.
1085.
1086.
1086.
1090.
1094.
1095.
1097.
1098.
1098.
1098.
1101.
1103.
1102.
1103.
1103.
1105.
1105.
1104.
1107.
1108.
1105.
1107.
1106.
1108.
1108.
1109.
1111.
1110.
1113.
1113.
1115.
1112.
1114.
1112.
1115.
1117.
1116.
1115.
1117.
1118.
1116.
1114.
1117.
1118.
1119.
1117.
1118.
1118.
1117.
1117.
1117.
1118.
1117.
1117.
1118.
1120.
1121.
1121.
1120.
1120.
1121.
1118.
1120.
1119.
1119.
1119.
1121.
1120.
1120.
1121.
1121.
1122.
1120.
1119.
1119.
1120.
1119.
1119.
1120.
1121.
1121.
1120.
1120.
1120.
1118.
1119.
1120.
1117.
1119.
1116.
1117.
1119.
1118.
1116.
1117.
1115.
1113.
1113.
1114.
1115.
1113.
1112.
1112.
1112.
1110.
1108.
1109.
1110.
1109.
1106.
1107.
1108.
1108.
1106.
1108.
1109.
1108.
1107.
1103.
1103.
1101.
1098.
1098.
1095.
1094.
1092.
1090.
1089.
1088.
1086.
1084.
1081.
1078.
1077.
1073.
1072.
1068.
1066.
1064.
1062.
1057.
1054.
1052.
1049.
1045.
1043.
1038.
1035.
1031.
1025.
1020.
1018.
1015.
1010.
1006.
1000.
996.
990.
985.
980.
975.
968.
963.
959.
952.
945.
939.
934.
925.
920.
912.
906.
897.
891.
885.
878.
870.
862.
856.
846.
839.
831.
824.
815.
805.
799.
793.
782.
773.
767.
757.
750.
742.
733.
725.
714.
704.
696.
686.
678.
669.
659.
651.
642.
634.
626.
615.
607.
597.
588.
576.
569.
557.
547.
540.
532.
523.
513.
503.
497.
486.
474.
466.
459.
449.
443.
430.
423.
413.
406.
397.
387.
379.
371.
360.
353.
342.
331.
323.
312.
305.
296.
287.
277.
268.
261.
253.
246.
236.
229.
220.
214.
206.
199.
191.
186.
177.
167.
161.
153.
144.
136.
129.
122.
112.
107.
99.
93.
85.
75.
70.
63.
55.
47.
40.
33.
25.
19.
11.
5.
-2.
-7.
-15.
-23.
-31.
-37.
-43.
-51.
-59.
-65.
-72.
-78.
-85.
-93.
-97.
-104.
-109.
-117.
-124.
-129.
-136.
-143.
-148.
-154.
-162.
-170.
-175.
-181.
-189.
-194.
-199.
-204.
-210.
-218.
-223.
-227.
-233.
-239.
-241.
-243.
-251.
-256.
-262.
-267.
-275.
-281.
-286.
-291.
-296.
-304.
-309.
-314.
-320.
-326.
-332.
-336.
-342.
-348.
-353.
-356.
-361.
-367.
-372.
-378.
-381.
-387.
-391.
-396.
-402.
-406.
-412.
-415.
-420.
-425.
-429.
-435.
-438.
-444.
-448.
-454.
-459.
-464.
-469.
-471.
-477.
-483.
-487.
-491.
-497.
-502.
-505.
-510.
-515.
-520.
-523.
-529.
-533.
-539.
-542.
-546.
-552.
-556.
-561.
-565.
-570.
-575.
-577.
-583.
-589.
-592.
-595.
-599.
-607.
-611.
-612.
-617.
-623.
-626.
-631.
-635.
-638.
-644.
-647.
-651.
-656.
-659.
-662.
-666.
-671.
-674.
-676.
-679.
-684.
-688.
-693.
-698.
-702.
-704.
-711.
-712.
-716.
-719.
-724.
-726.
-731.
-735.
-739.
-743.
-747.
-751.
-754.
-757.
-762.
-766.
-771.
-772.
-776.
-780.
-786.
-787.
-792.
-796.
-797.
-801.
-805.
-812.
-814.
-817.
-821.
-825.
-829.
-832.
-835.
-838.
-842.
-846.
-849.
-851.
-856.
-857.
-862.
-866.
-871.
-873.
-877.
-882.
-884.
-889.
-891.
-896.
-896.
-903.
-908.
-908.
-913.
-917.
-922.
-922.
-928.
-932.
-933.
-939.
-939.
-945.
-947.
-949.
-951.
-954.
-956.
-960.
-960.
-962.
-964.
-964.
-969.
-972.
-976.
-977.
-981.
-984.
-987.
-989.
-990.
-994.
-998.
-998.
-1001.
-1005.
-1008.
-1010.
-1012.
-1012.
-1016.
-1018.
-1021.
-1022.
-1025.
-1026.
-1026.
-1028.
-1031.
-1031.
-1034.
-1036.
-1037.
-1037.
-1039.
-1040.
-1044.
-1045.
-1045.
-1047.
-1050.
-1051.
-1048.
-1050.
-1054.
-1054.
-1055.
-1055.
-1058.
-1061.
-1059.
-1061.
-1061.
-1062.
-1063.
-1063.
-1064.
-1064.
-1065.
-1067.
-1068.
-1068.
-1069.
-1066.
-1069.
-1068.
-1068.
-1067.
-1069.
-1069.
-1069.
-1068.
-1067.
-1067.
-1067.
-1067.
-1068.
-1067.
-1063.
-1065.
-1064.
-1065.
-1063.
-1059.
-1062.
-1061.
-1060.
-1057.
-1058.
-1056.
-1054.
-1053.
-1051.
-1049.
-1048.
-1045.
-1046.
-1043.
-1041.
-1040.
-1039.
-1037.
-1037.
-1032.
-1031.
-1029.
-1029.
-1026.
-1025.
-1023.
-1022.
-1017.
-1017.
-1014.
-1012.
-1009.
-1006.
-1005.
-1002.
-999.
-996.
-994.
-992.
-988.
-986.
-984.
-981.
-978.
-972.
-969.
-966.
-961.
-958.
-954.
-950.
-947.
-941.
-937.
-936.
-930.
-927.
-921.
-918.
-913.
-907.
-900.
-898.
-893.
-888.
-884.
-878.
-872.
-867.
-862.
-855.
-849.
-844.
-838.
-832.
-826.
-821.
-815.
-808.
-801.
-795.
-789.
-783.
-776.
-770.
-762.
-756.
-748.
-739.
-733.
-724.
-716.
-712.
-705.
-696.
-687.
-681.
-674.
-664.
-657.
-650.
-641.
-635.
-626.
-617.
-610.
-602.
-596.
-586.
-578.
-570.
-561.
-553.
-544.
-535.
-528.
-521.
-513.
-506.
-498.
-488.
-480.
-471.
-461.
-452.
-443.
-434.
-423.
-413.
-405.
-396.
-386.
-376.
-369.
-361.
-351.
-343.
-332.
-324.
-315.
-306.
-298.
-290.
-280.
-269.
-261.
-253.
-241.
-234.
-227.
-220.
-208.
-199.
-193.
-184.
-175.
-165.
-155.
-149.
-140.
-131.
-125.
-116.
-106.
-99.
-92.
-82.
-72.
-66.
-57.
-52.
-43.
-33.
-26.
-18.
-11.
-1.
5.
12.
20.
29.
34.
41.
50.
56.
65.
70.
78.
86.
92.
99.
105.
113.
118.
125.
131.
137.
145.
150.
157.
164.
170.
176.
184.
189.
199.
207.
214.
221.
228.
235.
243.
248.
253.
259.
265.
272.
278.
285.
288.
295.
302.
308.
314.
318.
324.
331.
337.
340.
348.
356.
361.
366.
372.
378.
384.
391.
396.
399.
407.
413.
418.
425.
430.
434.
439.
445.
451.
454.
460.
467.
473.
479.
482.
486.
493.
497.
500.
509.
514.
521.
524.
529.
532.
537.
541.
548.
554.
557.
561.
566.
574.
576.
580.
587.
592.
596.
600.
607.
611.
615.
620.
625.
630.
635.
640.
645.
650.
652.
656.
663.
667.
671.
675.
680.
685.
690.
693.
699.
704.
709.
715.
720.
726.
728.
734.
738.
745.
746.
751.
756.
760.
765.
770.
775.
779.
783.
786.
793.
797.
800.
805.
810.
814.
818.
824.
828.
830.
835.
839.
845.
848.
853.
856.
862.
867.
870.
876.
877.
884.
889.
892.
896.
901.
907.
909.
915.
920.
924.
928.
932.
938.
940.
946.
951.
954.
959.
963.
968.
974.
977.
981.
986.
990.
996.
1001.
1004.
1007.
1010.
1016.
1019.
1022.
1028.
1030.
1036.
1040.
1045.
1049.
1053.
1060.
1061.
1064.
1066.
1070.
1072.
1074.
1079.
1082.
1083.
1087.
1091.
1094.
1095.
1097.
1100.
1102.
1105.
1111.
1112.
1117.
1117.
1119.
1121.
1125.
1127.
1129.
1130.
1134.
1137.
1137.
1141.
1146.
1146.
1146.
1148.
1151.
1152.
1156.
1156.
1159.
1160.
1161.
1162.
1164.
1164.
1165.
1168.
1169.
1170.
1171.
1172.
1174.
1174.
1176.
1179.
1178.
1180.
1179.
1182.
1183.
1181.
1184.
1184.
1186.
1185.
1186.
1186.
1187.
1187.
1189.
1190.
1191.
1192.
1192.
1191.
1192.
1193.
1193.
1195.
1198.
1195.
1195.
1197.
1197.
1198.
1199.
1199.
1199.
1199.
1198.
1199.
1200.
1199.
1200.
1202.
1204.
1205.
1205.
1209.
1209.
1209.
1211.
1213.
1211.
1212.
1213.
1213.
1216.
1215.
1216.
1218.
1220.
1218.
1220.
1221.
1220.
1222.
1223.
1225.
1225.
1224.
1225.
1224.
1226.
1225.
1227.
1226.
1226.
1229.
1228.
1229.
1228.
1229.
1230.
1232.
1231.
1231.
1231.
1231.
1230.
1230.
1231.
1231.
1228.
1227.
1230.
1227.
1228.
1227.
1225.
1225.
1224.
1222.
1220.
1220.
1219.
1216.
1214.
1211.
1213.
1212.
1211.
1206.
1206.
1204.
1203.
1200.
1197.
1195.
1192.
1190.
1185.
1183.
1178.
1177.
1170.
1169.
1165.
1164.
1160.
1156.
1153.
1149.
1145.
1142.
1136.
1132.
1132.
1129.
1126.
1124.
1121.
1117.
1115.
1110.
1104.
1099.
1094.
1090.
1085.
1080.
1074.
1071.
1066.
1058.
1053.
1048.
1043.
1037.
1031.
1025.
1022.
1017.
1009.
1007.
1001.
994.
987.
981.
977.
973.
964.
958.
954.
948.
940.
932.
927.
921.
915.
909.
905.
898.
892.
885.
878.
871.
867.
859.
853.
848.
841.
835.
827.
821.
816.
809.
804.
797.
791.
785.
779.
772.
765.
760.
752.
747.
741.
737.
732.
725.
717.
713.
707.
699.
693.
689.
685.
677.
670.
664.
660.
653.
648.
642.
638.
632.
628.
621.
615.
609.
603.
599.
594.
588.
582.
576.
571.
563.
558.
554.
548.
540.
534.
529.
525.
518.
513.
507.
501.
496.
487.
481.
475.
469.
465.
457.
453.
446.
440.
434.
427.
422.
415.
408.
403.
395.
390.
385.
378.
370.
364.
357.
348.
344.
339.
331.
324.
316.
311.
304.
298.
290.
284.
276.
269.
262.
257.
251.
246.
238.
230.
223.
219.
209.
204.
198.
191.
185.
181.
174.
168.
159.
154.
148.
143.
135.
128.
121.
116.
109.
103.
95.
89.
81.
76.
69.
63.
55.
47.
41.
36.
28.
20.
16.
8.
2.
-5.
-11.
-18.
-26.
-31.
-39.
-48.
-52.
-58.
-67.
-72.
-79.
-86.
-91.
-98.
-107.
-114.
-120.
-127.
-133.
-139.
-144.
-151.
-157.
-165.
-171.
-176.
-185.
-189.
-193.
-199.
-202.
-206.
-210.
-216.
-222.
-230.
-233.
-239.
-246.
-252.
-258.
-264.
-271.
-277.
-283.
-288.
-293.
-300.
-305.
-311.
-316.
-320.
-330.
-331.
-337.
-344.
-348.
-353.
-356.
-362.
-366.
-374.
-377.
-381.
-388.
-389.
-395.
-400.
-404.
-410.
-415.
-420.
-424.
-429.
-434.
-437.
-443.
-447.
-450.
-456.
-462.
-465.
-468.
-473.
-476.
-482.
-486.
-489.
-493.
-498.
-501.
-506.
-509.
-513.
-517.
-522.
-523.
-527.
-534.
-535.
-537.
-542.
-548.
-552.
-555.
-559.
-563.
-569.
-572.
-575.
-580.
-582.
-586.
-589.
-594.
-599.
-602.
-606.
-609.
-614.
-616.
-618.
-624.
-627.
-633.
-634.
-639.
-643.
-647.
-651.
-654.
-658.
-663.
-666.
-671.
-674.
-678.
-680.
-686.
-690.
-691.
-696.
-701.
-705.
-709.
-711.
-714.
-720.
-722.
-726.
-730.
-733.
-739.
-742.
-744.
-750.
-752.
-754.
-760.
-764.
-768.
-769.
-775.
-778.
-781.
-785.
-789.
-792.
-796.
-798.
-803.
-806.
-809.
-814.
-817.
-821.
-822.
-826.
-830.
-833.
-835.
-839.
-844.
-846.
-851.
-854.
-858.
-861.
-864.
-867.
-871.
-876.
-876.
-879.
-884.
-883.
-883.
-885.
-885.
-885.
-888.
-891.
-894.
-897.
-900.
-901.
-904.
-908.
-911.
-912.
-914.
-917.
-917.
-921.
-926.
-927.
-930.
-932.
-934.
-935.
-939.
-942.
-943.
-945.
-947.
-947.
-949.
-951.
-955.
-956.
-958.
-959.
-960.
-962.
-962.
-965.
-967.
-970.
-971.
-971.
-973.
-975.
-976.
-980.
-981.
-980.
-982.
-983.
-983.
-986.
-987.
-988.
-987.
-990.
-992.
-993.
-993.
-995.
-995.
-997.
-998.
-998.
-999.
-1000.
-1000.
-1001.
-1003.
-1005.
-1003.
-1003.
-1005.
-1005.
-1006.
-1007.
-1007.
-1006.
-1006.
-1007.
-1007.
-1007.
-1006.
-1006.
-1006.
-1007.
-1006.
-1004.
-1005.
-1005.
-1004.
-1004.
-1005.
-1005.
-1003.
-1002.
-1002.
-1000.
-1002.
-1000.
-1000.
-999.
-996.
-997.
-996.
-995.
-995.
-994.
-995.
-994.
-993.
-992.
-990.
-992.
-988.
-988.
-988.
-987.
-986.
-983.
-983.
-982.
-979.
-978.
-976.
-977.
-975.
-973.
-971.
-969.
-968.
-967.
-969.
-964.
-963.
-958.
-957.
-956.
-953.
-950.
-951.
-949.
-945.
-943.
-941.
-937.
-935.
-933.
-931.
-929.
-923.
-920.
-918.
-915.
-912.
-909.
-906.
-904.
-898.
-896.
-894.
-888.
-884.
-880.
-880.
-873.
-869.
-866.
-861.
-856.
-854.
-847.
-845.
-837.
-834.
-828.
-825.
-818.
-813.
-807.
-801.
-795.
-790.
-784.
-778.
-773.
-767.
-758.
-753.
-748.
-741.
-732.
-728.
-719.
-714.
-706.
-699.
-691.
-683.
-676.
-668.
-661.
-653.
-643.
-639.
-629.
-621.
-614.
-605.
-596.
-588.
-581.
-571.
-563.
-554.
-545.
-537.
-526.
-519.
-507.
-503.
-491.
-482.
-472.
-465.
-455.
-447.
-436.
-427.
-418.
-410.
-401.
-393.
-384.
-376.
-365.
-358.
-348.
-339.
-328.
-320.
-313.
-305.
-294.
-287.
-278.
-271.
-261.
-253.
-245.
-235.
-229.
-221.
-211.
-203.
-194.
-186.
-179.
-170.
-161.
-153.
-146.
-136.
-129.
-120.
-111.
-103.
-96.
-89.
-81.
-72.
-64.
-57.
-48.
-41.
-34.
-27.
-19.
-12.
-3.
3.
12.
18.
26.
34.
42.
47.
56.
64.
69.
77.
84.
93.
97.
106.
113.
119.
126.
130.
139.
147.
153.
161.
167.
173.
179.
185.
192.
197.
203.
210.
218.
223.
229.
236.
244.
248.
254.
260.
266.
272.
278.
283.
291.
297.
300.
307.
312.
319.
326.
331.
335.
340.
348.
353.
359.
363.
368.
375.
381.
386.
394.
399.
406.
410.
418.
423.
430.
436.
440.
448.
453.
458.
464.
470.
475.
478.
485.
492.
498.
502.
508.
512.
519.
525.
531.
536.
543.
546.
552.
558.
565.
570.
574.
579.
584.
591.
594.
600.
605.
611.
616.
620.
627.
633.
635.
643.
648.
652.
657.
661.
669.
673.
678.
682.
688.
691.
697.
702.
706.
712.
717.
724.
728.
731.
737.
741.
745.
750.
759.
762.
766.
769.
775.
780.
785.
791.
797.
801.
806.
812.
817.
820.
824.
826.
830.
834.
838.
844.
848.
854.
855.
858.
863.
867.
873.
875.
880.
883.
888.
892.
897.
900.
904.
907.
913.
914.
921.
924.
927.
931.
935.
937.
943.
945.
949.
950.
954.
958.
961.
961.
966.
968.
972.
975.
975.
978.
982.
983.
988.
989.
993.
994.
997.
998.
999.
1002.
1005.
1005.
1009.
1011.
1012.
1015.
1017.
1019.
1022.
1022.
1023.
1026.
1027.
1030.
1031.
1034.
1034.
1037.
1039.
1040.
1038.
1039.
1041.
1043.
1042.
1042.
1043.
1041.
1041.
1042.
1045.
1045.
1047.
1047.
1050.
1051.
1050.
1054.
1057.
1056.
1058.
1058.
1062.
1061.
1063.
1065.
1065.
1064.
1067.
1068.
1069.
1068.
1069.
1070.
1074.
1073.
1074.
1074.
1075.
1076.
1076.
1077.
1079.
1078.
1079.
1081.
1080.
1081.
1081.
1081.
1085.
1083.
1084.
1087.
1087.
1087.
1088.
1088.
1088.
1090.
1090.
1090.
1093.
1091.
1092.
1093.
1094.
1094.
1094.
1094.
1096.
1097.
1096.
1098.
1096.
1096.
1095.
1097.
1098.
1098.
1099.
1100.
1100.
1099.
1098.
1097.
1098.
1098.
1098.
1101.
1100.
1099.
1099.
1099.
1098.
1097.
1098.
1096.
1098.
1095.
1093.
1093.
1094.
1092.
1089.
1091.
1090.
1087.
1085.
1085.
1085.
1083.
1081.
1080.
1079.
1074.
1074.
1070.
1070.
1067.
1064.
1063.
1063.
1060.
1056.
1053.
1050.
1046.
1042.
1039.
1037.
1033.
1028.
1024.
1022.
1019.
1015.
1011.
1007.
1006.
1003.
1001.
994.
992.
988.
984.
979.
975.
970.
966.
961.
955.
950.
945.
942.
937.
932.
927.
923.
918.
912.
904.
900.
896.
888.
883.
877.
870.
863.
858.
851.
843.
837.
832.
827.
820.
813.
805.
796.
791.
785.
776.
771.
765.
758.
751.
743.
734.
728.
723.
714.
706.
699.
691.
684.
676.
668.
661.
655.
645.
640.
632.
626.
618.
611.
603.
594.
584.
573.
567.
559.
552.
544.
535.
529.
521.
512.
503.
497.
489.
479.
472.
465.
457.
451.
440.
434.
427.
420.
412.
404.
396.
389.
380.
372.
366.
357.
351.
344.
335.
327.
320.
312.
304.
297.
290.
281.
274.
267.
258.
253.
243.
236.
228.
221.
214.
206.
200.
193.
184.
178.
171.
164.
158.
150.
143.
136.
130.
123.
117.
109.
104.
96.
90.
83.
74.
67.
60.
55.
46.
39.
32.
24.
19.
12.
4.
1.
-8.
-16.
-21.
-29.
-32.
-39.
-46.
-53.
-60.
-64.
-67.
-75.
-83.
-89.
-92.
-100.
-106.
-113.
-120.
-125.
-131.
-139.
-144.
-149.
-155.
-161.
-167.
-172.
-178.
-184.
-190.
-195.
-201.
-208.
-213.
-217.
-226.
-231.
-236.
-242.
-248.
-256.
-261.
-265.
-272.
-278.
-285.
-289.
-297.
-302.
-307.
-312.
-319.
-325.
-331.
-335.
-342.
-350.
-354.
-360.
-365.
-371.
-379.
-380.
-386.
-389.
-395.
-396.
-401.
-405.
-411.
-416.
-422.
-428.
-430.
-436.
-442.
-443.
-450.
-454.
-459.
-464.
-471.
-475.
-481.
-484.
-489.
-492.
-495.
-502.
-508.
-511.
-514.
-518.
-523.
-528.
-531.
-536.
-539.
-545.
-546.
-552.
-557.
-560.
-565.
-569.
-573.
-576.
-581.
-583.
-587.
-592.
-598.
-601.
-603.
-607.
-612.
-617.
-619.
-622.
-626.
-629.
-633.
-635.
-639.
-643.
-647.
-650.
-656.
-657.
-659.
-663.
-667.
-671.
-673.
-677.
-681.
-684.
-689.
-691.
-695.
-699.
-704.
-705.
-710.
-715.
-718.
-719.
-725.
-730.
-732.
-735.
-737.
-739.
-742.
-746.
-749.
-753.
-757.
-759.
-760.
-765.
-767.
-769.
-772.
-776.
-777.
-782.
-785.
-789.
-792.
-793.
-796.
-799.
-802.
-807.
-811.
-813.
-816.
-819.
-821.
-825.
-829.
-831.
-837.
-838.
-842.
-845.
-848.
-852.
-855.
-857.
-862.
-864.
-868.
-870.
-874.
-876.
-880.
-883.
-887.
-888.
-893.
-897.
-900.
-904.
-908.
-910.
-914.
-917.
-923.
-925.
-928.
-934.
-937.
-940.
-944.
-949.
-953.
-955.
-960.
-962.
-966.
-969.
-973.
-977.
-979.
-984.
-987.
-993.
-996.
-999.
-1003.
-1005.
-1008.
-1014.
-1017.
-1020.
-1024.
-1027.
-1029.
-1032.
-1033.
-1035.
-1037.
-1039.
-1044.
-1044.
-1045.
-1048.
-1052.
-1053.
-1055.
-1060.
-1061.
-1062.
-1064.
-1067.
-1069.
-1069.
-1072.
-1073.
-1074.
-1077.
-1077.
-1080.
-1080.
-1083.
-1085.
-1086.
-1085.
-1087.
-1089.
-1091.
-1090.
-1090.
-1092.
-1094.
-1095.
-1092.
-1095.
-1097.
-1097.
-1096.
-1097.
-1099.
-1098.
-1099.
-1101.
-1098.
-1099.
-1099.
-1100.
-1100.
-1099.
-1099.
-1101.
-1099.
-1100.
-1099.
-1101.
-1100.
-1099.
-1098.
-1099.
-1099.
-1098.
-1096.
-1098.
-1098.
-1095.
-1093.
-1094.
-1094.
-1093.
-1092.
-1091.
-1091.
-1089.
-1089.
-1089.
-1087.
-1084.
-1082.
-1083.
-1082.
-1081.
-1079.
-1078.
-1075.
-1076.
-1072.
-1073.
-1071.
-1072.
-1067.
-1065.
-1065.
-1063.
-1060.
-1061.
-1059.
-1055.
-1052.
-1052.
-1049.
-1049.
-1045.
-1045.
-1043.
-1041.
-1038.
-1034.
-1035.
-1032.
-1026.
-1028.
-1026.
-1023.
-1018.
-1017.
-1013.
-1012.
-1008.
-1007.
-1001.
-998.
-994.
-992.
-991.
-987.
-984.
-979.
-975.
-973.
-968.
-965.
-961.
-956.
-953.
-950.
-944.
-940.
-935.
-931.
-925.
-919.
-916.
-911.
-905.
-900.
-892.
-889.
-883.
-877.
-870.
-866.
-860.
-853.
-846.
-841.
-833.
-826.
-820.
-813.
-807.
-800.
-794.
-787.
-779.
-770.
-763.
-755.
-747.
-742.
-733.
-726.
-718.
-712.
-702.
-694.
-686.
-679.
-668.
-661.
-654.
-644.
-635.
-629.
-620.
-611.
-603.
-595.
-586.
-577.
-569.
-561.
-552.
-543.
-534.
-525.
-516.
-508.
-498.
-488.
-479.
-470.
-461.
-452.
-445.
-435.
-425.
-414.
-405.
-397.
-388.
-377.
-369.
-361.
-348.
-338.
-331.
-320.
-308.
-300.
-292.
-283.
-272.
-264.
-254.
-245.
-235.
-225.
-216.
-206.
-195.
-187.
-177.
-170.
-160.
-149.
-139.
-131.
-119.
-110.
-100.
-90.
-80.
-71.
-61.
-54.
-43.
-34.
-26.
-16.
-6.
2.
12.
22.
31.
39.
50.
58.
68.
77.
86.
94.
104.
112.
118.
129.
139.
147.
155.
163.
172.
183.
190.
198.
207.
216.
225.
232.
242.
249.
256.
265.
272.
281.
289.
298.
307.
312.
323.
330.
337.
346.
354.
361.
369.
375.
384.
389.
398.
407.
413.
422.
430.
435.
445.
450.
457.
463.
470.
476.
484.
491.
496.
503.
511.
516.
523.
530.
539.
544.
548.
556.
565.
570.
577.
583.
589.
594.
600.
605.
612.
617.
622.
628.
632.
637.
642.
646.
650.
654.
656.
661.
667.
669.
674.
680.
684.
688.
692.
697.
704.
707.
711.
716.
722.
726.
729.
732.
735.
740.
745.
748.
751.
755.
757.
762.
766.
771.
774.
778.
781.
783.
788.
791.
793.
796.
798.
803.
806.
809.
810.
813.
815.
818.
821.
826.
829.
833.
833.
838.
840.
842.
846.
848.
854.
854.
856.
859.
862.
866.
867.
872.
875.
878.
881.
881.
883.
887.
888.
892.
895.
897.
901.
904.
910.
916.
919.
925.
933.
937.
940.
942.
943.
946.
948.
948.
953.
955.
957.
959.
962.
963.
966.
971.
975.
976.
979.
982.
984.
988.
992.
996.
999.
1001.
1004.
1006.
1012.
1014.
1017.
1020.
1024.
1024.
1027.
1033.
1037.
1039.
1041.
1046.
1048.
1049.
1054.
1058.
1064.
1065.
1068.
1073.
1075.
1078.
1081.
1085.
1087.
1090.
1094.
1100.
1103.
1104.
1109.
1112.
1116.
1118.
1124.
1125.
1129.
1132.
1137.
1140.
1143.
1145.
1149.
1152.
1152.
1158.
1161.
1166.
1171.
1170.
1175.
1178.
1185.
1184.
1189.
1190.
1193.
1196.
1200.
1204.
1204.
1204.
1208.
1211.
1211.
1211.
1213.
1213.
1217.
1218.
1222.
1225.
1228.
1230.
1234.
1237.
1240.
1243.
1242.
1245.
1248.
1252.
1253.
1253.
1256.
1259.
1259.
1263.
1263.
1267.
1269.
1270.
1272.
1273.
1275.
1276.
1277.
1278.
1281.
1283.
1283.
1283.
1287.
1286.
1288.
1289.
1290.
1291.
1293.
1295.
1293.
1295.
1297.
1296.
1298.
1297.
1298.
1298.
1299.
1301.
1299.
1298.
1300.
1299.
1299.
1300.
1298.
1297.
1298.
1296.
1295.
1296.
1295.
1294.
1292.
1294.
1292.